0.059069,-0.016296,0.00043171
0.056451,-0.016873,0.00028174
0.053834,-0.015614,0.00040922
0.070661,-0.0053977,0.00091535
0.061686,-0.008828,0.0013278
0.048972,-0.011629,0.001594
0.071783,-0.0082619,0.0020176
0.057199,-0.016067,0.0020251
0.05346,-0.0089367,0.0022988
0.063556,-0.013754,0.0020439
0.029902,-0.0067136,0.002325
0.047851,-0.015239,0.0027
0.057947,-0.013825,0.0020214
0.038876,-0.00611,0.0032286
0.054208,-0.026028,0.0020813
0.04112,0.010832,0.0035998
0.057947,-0.039514,0.0026587
0.065426,0.0027227,0.0023063
0.058695,-0.029673,0.0038959
0.073652,-0.0045391,0.0011516
0.044859,0.0085524,0.005763
0.057947,-0.077844,-0.00084301
0.037006,0.093171,0.0070865
0.058695,-0.25712,-0.0035761
0.039624,0.93086,0.024033
0.10955,3.0998,0.21785
0.2337,3.1242,0.41689
0.16527,2.8769,0.57336
0.44086,2.9171,0.73748
0.3556,2.9065,0.86845
0.14769,3.8898,0.97042
-0.26476,4.7309,0.9987
-1.4157,4.0254,1.01
-1.0702,2.9145,1.07
0.089732,2.4793,1.1419
0.68616,2.3369,1.208
0.95727,2.3009,1.2585
0.66036,2.2182,1.299
0.72917,2.1451,1.3304
0.79161,2.0989,1.3501
0.74188,2.0248,1.3605
0.79685,1.9379,1.3595
0.12114,1.8372,1.3501
-0.53624,1.7641,1.331
-0.87989,1.6624,1.3037
-0.95094,1.5635,1.2713
-0.40499,1.4526,1.2318
0.17611,1.334,1.185
0.49396,1.2255,1.1314
0.5407,1.1153,1.0722
0.10058,1.0021,1.0089
-0.50184,0.87956,0.94049
-0.76771,0.76708,0.86965
-0.70302,0.61149,0.78953
-0.41733,0.50531,0.70532
-0.087889,0.36462,0.62336
0.13909,0.20301,0.53194
0.28568,0.090191,0.44066
0.41917,-0.097117,0.34025
0.53921,-0.20104,0.2384
0.5852,-0.47877,0.12359
0.39487,-0.45705,0.011443
-0.0048746,-0.019929,-0.0080826
-0.45697,-0.024413,0.0051519
-0.97412,-0.049014,-0.00092924
-1.28,-0.0069498,0.0026512
-1.117,-0.038633,0.00065666
-0.49137,-0.0083894,0.0013728
0.25053,-0.031783,0.0014477
0.75497,-0.017814,0.00073164
1.0433,-0.017724,0.0016727
0.93857,-0.017481,0.00051794
0.58445,-0.011044,0.0012565
0.27521,-0.016761,0.00040172
0.054582,-0.01618,0.00053294
-0.086393,-0.017226,0.0004917
-0.26289,-0.011494,5.3046e-05
-0.28533,-0.013207,7.929e-05
-0.26775,-0.010226,-0.00027688
-0.21989,-0.016229,-0.00020565
0.083375,-0.015138,-0.00049058
0.37729,-0.0082469,-0.00056182
0.55005,-0.013211,-0.00064055
0.59492,-0.010515,-0.0011542
0.40571,-0.0098965,-0.0012554
0.054956,-0.0095816,-0.0011242
-0.23971,-0.008708,-0.0011392
-0.27187,-0.011778,-0.0012817
-0.020206,-0.0054801,-0.0011092
0.28418,-0.0091954,-0.00091049
0.49209,-0.011883,-0.0010642
0.5235,-0.0070922,-0.0011617
0.35747,-0.012858,-0.0011729
0.15704,-0.009649,-0.0011017
0.01644,-0.0066648,-0.00096673
-0.059844,-0.0071559,-0.0008505
-0.15221,-0.0057163,-0.00099672
-0.28234,-0.007006,-0.0011579
-0.38031,-0.0035457,-0.00093673
-0.42481,-0.0051577,-0.00075677
-0.36872,-0.0065561,-0.00091424
-0.093124,-0.0046928,-0.0010455
0.25576,-0.007812,-0.00089174
0.45769,-0.0075796,-0.00092924
0.55304,-0.0065636,-0.0011017
0.37729,-0.0060162,-0.00097798
0.019057,-0.0051952,-0.00094048
-0.23223,-0.0084981,-0.00081676
-0.33693,-0.0070847,-0.00072678
-0.29393,-0.0072497,-0.0011954
-0.24494,-0.011366,-0.0018103
-0.181,-0.0073584,-0.0022339
-0.08415,-0.007932,-0.0024926
0.052338,-0.0059,-0.0026838
0.21575,-0.0074146,-0.00301
0.31671,-0.0082544,-0.0034487
0.42815,-0.0043929,-0.00322
0.46816,-0.012322,-0.0040598
0.35186,-0.00085386,-0.0037036
0.14956,-0.017717,-0.0039323
-0.03292,-0.006946,-0.0044647
-0.10621,-0.011254,-0.0034862
-0.060591,-0.011025,-0.0055857
0.060191,0.0045972,-0.0025601
0.17873,-0.030591,-0.0050758
0.23781,0.022221,-0.0036061
0.19369,-0.046097,-0.0040373
0.12301,0.025903,-0.0055182
0.032145,-0.035438,-0.00044559
-0.034416,0.0033375,-0.010497
-0.039651,0.033063,0.0093585
-0.081906,-1.2513,-0.091955
-0.013849,-1.9186,-0.35841
-0.024319,-1.6945,-0.58099
0.038128,-1.9137,-0.77884
0.32643,-1.9488,-0.96367
0.436,-2.0516,-1.1157
0.6368,-2.1032,-1.2572
0.69252,-2.0907,-1.3681
0.43151,-2.1511,-1.4642
0.31073,-2.1235,-1.5451
0.099828,-2.1145,-1.6142
-0.080784,-2.0449,-1.6701
0.026536,-1.9863,-1.7124
0.11853,-1.9432,-1.7453
0.21911,-1.8739,-1.7668
0.36869,-1.7955,-1.7828
0.41244,-1.7148,-1.7896
0.40496,-1.6378,-1.7855
0.3283,-1.5585,-1.7719
0.23258,-1.4673,-1.7493
0.054956,-1.3618,-1.7191
-0.28608,-1.2799,-1.6826
-0.31936,-1.2022,-1.6412
-0.24457,-1.0988,-1.5918
-0.32871,-1.0008,-1.5338
-0.19745,-0.91349,-1.47
-0.10771,-0.81353,-1.4001
-0.010484,-0.72927,-1.3259
0.095341,-0.61615,-1.247
0.0074654,-0.49359,-1.157
-0.12117,-0.42296,-1.0666
-0.36311,-0.29568,-0.97288
-0.49548,-0.19477,-0.87183
-0.5325,-0.070593,-0.76837
-0.49473,0.050361,-0.65579
-0.33918,0.18168,-0.53943
-0.2498,0.34602,-0.40878
-0.094246,0.40805,-0.2823
-0.038529,0.68412,-0.14003
-0.075549,0.4746,-0.0092149
-0.044138,-0.036698,0.0063779
-0.047877,0.038751,-0.0076852
-0.057974,0.029985,-8.9423e-05
-0.11481,-0.0021435,-0.0046409
-0.17801,0.030128,-0.0017765
-0.1552,-0.0053227,-0.0029838
-0.011979,0.017692,-0.0026014
0.15554,-0.0045879,-0.001934
0.31073,0.0083687,-0.0027813
0.44572,0.0043985,-0.0014429
0.39524,-0.0016936,-0.0023502
0.31596,0.0032888,-0.0014466
0.24566,-7.032e-05,-0.0014804
0.12189,0.0017742,-0.0013941
0.081505,-0.0032382,-0.0011992
0.094967,0.00053702,-0.0012367
0.15517,-0.0027059,-0.00077177
0.21425,-0.0028671,-0.00047934
0.30886,-0.0047791,-0.0002019
0.42702,-0.0054651,-8.9423e-05
0.46367,-0.0016749,0.000248
0.51303,-0.0032682,0.00038297
0.45133,-0.00115,0.0004842
0.31858,-0.0017874,0.00069415
0.20154,-0.0058363,0.00042046
0.015318,-0.0032795,0.00051419
-0.086767,-0.0042842,0.00082537
-0.13164,-0.0081344,0.00071665
-0.12678,-0.005945,0.00062292
-0.063957,-0.0039918,0.00065666
-0.037033,-0.0047828,0.00066041
-0.026189,-0.004258,0.00036423
-0.035538,-0.0016374,0.00050669
-0.053861,-0.0029833,0.0014252
-0.11444,-0.0059263,0.0021788
-0.1623,0.00039456,0.0024825
-0.18511,-0.0023235,0.0030824
-0.22101,-0.010076,0.0032961
-0.20269,-0.00065517,0.0040459
-0.16791,-0.0060275,0.0044733
-0.11593,0.0022691,0.0046233
-0.044886,-0.0042692,0.0055531
0.028032,-0.003017,0.0049794
0.070287,0.0029664,0.0066553
0.058695,-0.017346,0.0053656
0.036259,0.015829,0.006854
0.014944,-0.023427,0.0064041
0.0040999,0.017018,0.0056356
0.0018563,-0.016157,0.0085262
0.041868,-0.005094,0.0039822
0.13386,0.016935,0.010997
0.22472,-0.055113,0.0024713
0.26922,0.095773,0.012455
0.32718,-0.19634,0.0016314
0.29652,0.71685,0.026155
0.34326,2.2206,0.31449
0.43637,2.0219,0.67617
0.30475,1.9694,0.97682
0.41655,2.0975,1.2875
0.55192,2.062,1.5562
0.51677,2.2508,1.8103
0.67906,2.3038,2.0485
0.93184,2.4467,2.2669
0.94455,2.5153,2.4723
1.1573,2.5685,2.6564
1.332,2.6101,2.8283
0.83574,2.6316,2.9814
0.87912,2.6589,3.1196
0.87687,2.6155,3.2395
0.918,2.5931,3.3424
0.49658,2.562,3.4331
-0.55905,2.517,3.5117
0.0067175,2.4693,3.5796
-0.016467,2.4061,3.6344
0.24305,2.336,3.6762
0.12413,2.27,3.7066
-1.7201,2.2045,3.7261
-1.308,2.1469,3.7355
-0.89971,2.0913,3.7358
-0.39153,2.0082,3.726
0.52986,1.9192,3.7073
-0.088263,1.8454,3.6817
0.17387,1.7785,3.648
0.12301,1.6996,3.6053
0.094593,1.6155,3.5543
0.61362,1.5202,3.495
0.18396,1.4263,3.4274
-0.070314,1.3716,3.354
-0.63683,1.2975,3.2748
-1.252,1.2046,3.1877
-1.271,1.1225,3.0931
-1.0657,1.0369,2.9933
-0.7004,0.95609,2.8882
-0.47417,0.87521,2.7774
-0.5082,0.7965,2.6641
-0.76397,0.69136,2.5446
-0.82343,0.59862,2.4162
-0.88139,0.53136,2.2879
-0.5426,0.41652,2.1556
-0.16081,0.32889,2.0149
-0.1021,0.23056,1.8723
0.28231,0.11095,1.7216
0.29016,-0.0020048,1.5642
0.29615,-0.13369,1.3981
0.42179,-0.2118,1.2305
0.38066,-0.37031,1.0576
0.40272,-0.44714,0.87945
0.19182,-0.57983,0.7033
-0.066948,-0.68257,0.51412
-0.46295,-0.75154,0.33789
-0.5785,-1.0109,0.13421
-0.28421,-0.45587,-0.015319
0.073278,0.04304,-0.011157
0.56501,-0.1196,-0.003055
0.89407,-0.035483,-0.010111
1.0612,-0.051372,-0.004371
0.95166,-0.048391,-0.0092899
0.7516,-0.027149,-0.0060393
0.57585,-0.051893,-0.0086713
0.36271,-0.019138,-0.0082026
0.26399,-0.041699,-0.0081239
0.073652,-0.022793,-0.0093236
-0.070688,-0.028034,-0.0084088
-0.26775,-0.026486,-0.0096948
-0.35974,-0.025624,-0.0092936
-0.23896,-0.027434,-0.0099797
-0.13949,-0.022883,-0.010051
0.035137,-0.027985,-0.010568
0.041868,-0.01955,-0.010898
-0.075923,-0.023584,-0.011172
-0.23634,-0.020217,-0.011884
-0.34778,-0.019621,-0.011547
-0.30702,-0.023149,-0.012278
-0.13949,-0.018208,-0.012968
0.13498,-0.015108,-0.012593
0.17873,-0.014594,-0.012675
0.082253,-0.01609,-0.012968
-0.074427,-0.013117,-0.012844
-0.20119,-0.013983,-0.012702
-0.22325,-0.017518,-0.013193
-0.26887,-0.015542,-0.013973
-0.2326,-0.012217,-0.014467
-0.23447,-0.016465,-0.015214
-0.20493,-0.012809,-0.015735
-0.14884,-0.013668,-0.015757
-0.049373,-0.020742,-0.016946
0.25426,-0.010444,-0.016882
0.52425,-0.017267,-0.017568
0.71608,-0.0070772,-0.018164
0.6813,-0.02057,-0.018037
0.42553,-0.010448,-0.0193
0.22846,-0.0069385,-0.01777
0.070287,-0.022557,-0.020571
-0.014971,0.0034463,-0.018449
-0.076297,-0.037444,-0.020402
-0.086767,0.022038,-0.019814
-0.090133,-0.044121,-0.018547
-0.083402,0.016519,-0.023289
-0.014597,-0.018126,-0.014689
-1.3407e-05,-0.041591,-0.028936
0.16003,0.11293,-0.0047984
0.23893,-1.2441,-0.10016
0.32793,-2.1816,-0.45228
0.35224,-1.783,-0.79887
0.10805,-1.8582,-1.1092
0.29241,-1.8042,-1.4193
0.4517,-1.7918,-1.6902
0.49359,-1.854,-1.9564
0.68729,-1.8314,-2.2019
0.56949,-1.8953,-2.437
0.47451,-1.8782,-2.6559
0.42777,-1.9146,-2.8575
0.29615,-1.9207,-3.0467
0.25053,-1.9282,-3.2179
0.2666,-1.9166,-3.3733
0.40945,-1.8956,-3.508
0.4016,-1.9053,-3.6284
0.37991,-1.8959,-3.7353
0.51453,-1.8849,-3.828
0.39898,-1.8616,-3.9069
0.44423,-1.836,-3.971
0.54743,-1.809,-4.0205
0.44796,-1.7879,-4.0567
0.48872,-1.7704,-4.0814
0.3814,-1.739,-4.0943
0.18808,-1.7042,-4.0955
0.1432,-1.67,-4.0862
0.038128,-1.6261,-4.0664
-0.16155,-1.5826,-4.037
-0.23223,-1.5407,-3.9998
-0.23186,-1.4837,-3.9531
-0.32534,-1.4235,-3.8953
-0.30627,-1.3681,-3.8287
-0.28458,-1.307,-3.7538
-0.32833,-1.2515,-3.672
-0.18623,-1.1972,-3.5853
-0.16941,-1.1208,-3.4922
-0.20643,-1.0482,-3.3909
-0.22101,-0.97775,-3.2837
-0.39078,-0.89415,-3.1696
-0.49922,-0.83548,-3.0509
-0.57401,-0.7575,-2.9296
-0.4809,-0.65414,-2.799
-0.3919,-0.58585,-2.663
-0.3661,-0.51676,-2.5266
-0.31375,-0.4126,-2.3847
-0.38854,-0.32354,-2.2357
-0.42219,-0.23463,-2.0839
-0.45285,-0.096142,-1.9222
-0.43341,-0.0038793,-1.7529
-0.39452,0.11761,-1.5798
-0.32908,0.21553,-1.3994
-0.17352,0.32711,-1.2195
-0.075549,0.45808,-1.0306
0.10245,0.52464,-0.84667
0.28792,0.69929,-0.65255
0.41431,0.70471,-0.45996
0.53135,0.95803,-0.26531
0.50592,0.85761,-0.05494
0.43525,0.066962,0.01166
0.33167,0.022323,-0.01443
0.18209,0.093153,-0.0045509
0.16115,-0.00060643,-0.0083038
0.18808,0.060341,-0.0068829
0.22098,0.0058644,-0.0056532
0.33653,0.036246,-0.0071678
0.39187,0.01445,-0.0043972
0.38888,0.013051,-0.0064293
0.35598,0.020156,-0.0042997
0.29054,0.0022091,-0.0050308
0.24716,0.014168,-0.004191
0.16826,0.003345,-0.0037299
0.086366,0.0085524,-0.0038573
-0.03105,0.0027527,-0.0029613
-0.086767,0.0027302,-0.002965
-0.073679,0.0043985,-0.0023839
-0.095368,-0.0011125,-0.0018553
-0.026937,-0.0011425,-0.0014391
-0.0030049,0.0010506,-0.0013754
-0.010858,0.0061943,-0.00070054
-0.062461,0.0035662,0.00012428
-0.17988,0.00015462,0.0009416
-0.21017,0.0021004,0.0017064
-0.2326,0.0014518,0.0022313
-0.1881,-0.0032532,0.0029174
-0.12491,0.00079195,0.0032323
-0.084897,0.0040086,0.0044321
-0.027311,-0.006125,0.0044546
-0.0015092,0.0043085,0.0050019
0.050094,-0.0054052,0.0057143
0.073652,0.0055007,0.0055643
0.073278,-0.0014724,0.0071052
0.064678,-0.004168,0.0056843
0.036633,0.011027,0.0084099
0.035511,-0.022624,0.0062467
0.028032,0.028047,0.0082187
0.061312,-0.035412,0.0085936
0.12189,0.028887,0.0064266
0.20304,-0.020352,0.01235
0.28418,-0.0083219,0.0027562
0.27707,0.050331,0.017963
0.31222,-0.16559,-0.0059006
0.25987,1.2084,0.0775
0.26137,2.3217,0.43636
0.3283,1.892,0.80306
0.21164,1.9526,1.13
0.35523,1.9359,1.4659
0.43787,1.92,1.7639
0.32157,1.9918,2.0571
0.41281,1.9555,2.3273
0.42927,2.0508,2.5874
0.39973,2.0531,2.8358
0.42478,2.1015,3.0669
0.4188,2.121,3.2848
0.39524,2.1621,3.4889
0.48424,2.2139,3.6862
0.57772,2.2209,3.8679
0.53135,2.2432,4.0359
0.57099,2.2409,4.1879
0.55342,2.2552,4.325
0.5852,2.2515,4.4484
0.62372,2.235,4.5535
0.47788,2.2364,4.6426
0.43263,2.2294,4.7172
0.33952,2.2312,4.7788
0.30138,2.2266,4.8287
0.34738,2.2085,4.865
0.34551,2.1777,4.8871
0.34625,2.1383,4.8962
0.32943,2.1007,4.8943
0.25202,2.0512,4.8817
0.072531,2.0143,4.8589
-0.0078661,1.9715,4.8266
-0.12827,1.9095,4.7845
-0.23709,1.8576,4.734
-0.26962,1.794,4.6765
-0.35862,1.7212,4.6109
-0.36423,1.6614,4.5362
-0.3747,1.5911,4.4534
-0.38143,1.5156,4.3625
-0.39788,1.4499,4.2653
-0.45248,1.3764,4.1635
-0.46669,1.2971,4.0547
-0.53736,1.2134,3.9386
-0.60729,1.1434,3.8167
-0.66039,1.0683,3.6914
-0.72433,0.97647,3.5605
-0.73742,0.91651,3.4262
-0.71162,0.82569,3.2902
-0.63272,0.71327,3.1442
-0.59121,0.65278,2.9943
-0.55868,0.56184,2.8442
-0.45697,0.46101,2.6867
-0.40013,0.37417,2.5249
-0.38293,0.26906,2.358
-0.30515,0.15313,2.1845
-0.21989,0.031016,2.0015
-0.17689,-0.053996,1.8166
-0.11818,-0.18838,1.6277
-0.089759,-0.27986,1.4326
-0.034042,-0.41298,1.2393
0.071035,-0.52895,1.037
0.15442,-0.60266,0.84027
0.21164,-0.77321,0.63145
0.24155,-0.78205,0.42969
0.28493,-1.0731,0.21842
0.30026,-0.82123,0.0071465
0.33765,-0.037999,-0.039692
0.34513,-0.088899,-0.015206
0.32045,-0.10701,-0.026664
0.3844,-0.035915,-0.020875
0.36532,-0.090316,-0.023975
0.32494,-0.032837,-0.023405
0.36271,-0.069333,-0.023023
0.32793,-0.040151,-0.025021
0.30587,-0.050311,-0.023136
0.28642,-0.048965,-0.025299
0.22734,-0.035671,-0.024384
0.18135,-0.047072,-0.025595
0.078888,-0.034869,-0.025535
0.013074,-0.041092,-0.026097
-0.025441,-0.033298,-0.026397
-0.086767,-0.036312,-0.026105
-0.11107,-0.034617,-0.027541
-0.085271,-0.03157,-0.027305
-0.035911,-0.036533,-0.027552
-0.049747,-0.031236,-0.028527
-0.047504,-0.035105,-0.029082
-0.0078661,-0.036046,-0.030274
-0.0037528,-0.030572,-0.031189
-0.030302,-0.03076,-0.031849
-0.054982,-0.024293,-0.03228
-0.062461,-0.02884,-0.032711
-0.099481,-0.030239,-0.033813
-0.092376,-0.028829,-0.03333
-0.067696,-0.029121,-0.034526
-0.042268,-0.01453,-0.034454
0.019431,-0.032492,-0.035118
0.059443,-0.011197,-0.035838
0.098332,-0.029095,-0.034908
0.13161,-0.018096,-0.037484
0.15592,-0.013717,-0.034537
0.1462,-0.041759,-0.038777
0.16415,0.013486,-0.035283
0.1533,-0.071272,-0.038083
0.14395,0.036591,-0.038353
0.14956,-0.085428,-0.034346
0.14246,0.038773,-0.045706
0.18509,-0.08094,-0.020601
0.066174,-1.6852,-0.19562
0.14657,-2.1582,-0.59364
0.14994,-1.8158,-0.93875
0.034015,-2.006,-1.2721
0.36869,-1.9236,-1.5951
0.34663,-1.9858,-1.8881
0.35074,-1.9972,-2.1742
0.58931,-2.0221,-2.4355
0.3571,-2.1004,-2.6927
0.33653,-2.0996,-2.9332
0.44572,-2.1448,-3.159
0.40085,-2.1625,-3.371
0.52013,-2.2212,-3.5725
0.60764,-2.243,-3.7648
0.59268,-2.254,-3.941
0.57735,-2.2715,-4.1039
0.58595,-2.2775,-4.2517
0.5336,-2.2797,-4.3853
0.49246,-2.2631,-4.5016
0.4876,-2.2519,-4.6006
0.48461,-2.241,-4.6854
0.48125,-2.2369,-4.7568
0.46666,-2.2286,-4.8168
0.55005,-2.2046,-4.8637
0.59044,-2.1824,-4.897
0.63306,-2.153,-4.917
0.64877,-2.1139,-4.9242
0.49097,-2.0779,-4.9205
0.29951,-2.0335,-4.9062
0.12226,-1.9823,-4.8815
-0.017215,-1.9297,-4.8472
-0.17763,-1.875,-4.8035
-0.29056,-1.832,-4.7516
-0.28383,-1.7816,-4.6923
-0.3145,-1.7116,-4.6244
-0.3403,-1.6413,-4.5472
-0.34105,-1.5673,-4.4612
-0.37133,-1.4947,-4.3683
-0.37806,-1.4287,-4.2692
-0.40611,-1.3642,-4.1651
-0.45809,-1.2882,-4.0565
-0.51156,-1.2031,-3.9402
-0.59308,-1.1312,-3.8178
-0.6301,-1.0441,-3.6903
-0.61439,-0.96752,-3.5566
-0.6129,-0.90981,-3.4222
-0.58074,-0.79974,-3.2824
-0.54821,-0.70663,-3.1331
-0.57139,-0.64547,-2.9836
-0.60916,-0.54347,-2.8307
-0.63085,-0.45024,-2.6711
-0.63758,-0.34966,-2.5073
-0.60018,-0.24261,-2.337
-0.48352,-0.11806,-2.1587
-0.41471,-0.015426,-1.9724
-0.32646,0.079619,-1.7856
-0.17016,0.213,-1.5907
-0.070688,0.29481,-1.3956
0.047851,0.44837,-1.1974
0.1376,0.51724,-0.99584
0.20827,0.66239,-0.79655
0.23669,0.7573,-0.5841
0.23594,0.83984,-0.3861
0.28119,1.0934,-0.15824
0.258,0.44804,0.0023138
0.31036,-0.061352,-0.0052033
0.37916,0.12019,-0.012563
0.39561,0.021989,-0.0049558
0.45582,0.044528,-0.010617
0.4446,0.037285,-0.0053195
0.4274,0.01373,-0.0086825
0.4173,0.036111,-0.0056644
0.37804,0.0044885,-0.0066392
0.34438,0.028505,-0.0062006
0.28194,0.0068129,-0.0049596
0.22173,0.014978,-0.0056419
0.17088,0.0099245,-0.004221
0.12226,0.0041136,-0.0047834
0.087488,0.0069253,-0.0033474
0.050842,0.00099815,-0.0037561
0.0044739,0.0095834,-0.0031225
-0.01871,0.00081445,-0.002129
-0.036659,0.0021004,-0.0026614
-0.080036,0.010847,-0.0010267
-0.081906,0.0073527,0.00054794
-0.059844,0.0046947,0.0011328
-0.065827,0.0075514,0.0022726
-0.052739,0.0019879,0.0030824
-0.029928,0.001703,0.0036073
-0.030302,-0.0019711,0.0041659
-0.018336,0.0041361,0.0043271
-0.034416,0.0029476,0.005733
-0.050495,-0.0060987,0.004957
-0.032172,0.0099658,0.0065803
-0.017962,-0.016472,0.0064904
-0.002257,0.013171,0.0062917
-0.0078661,-0.014028,0.008125
0.0074654,-0.00076014,0.0056993
0.040372,0.0050958,0.010434
0.085618,-0.028285,0.0055831
0.12638,0.043201,0.011162
0.14994,-0.07637,0.0068765
0.16938,0.095387,0.0085936
0.19817,-0.13617,0.01271
0.19593,0.29351,-0.00054682
0.14956,2.0225,0.23234
0.26436,2.1833,0.63593
0.26511,1.8978,0.97347
0.24342,2.062,1.317
0.44348,1.9498,1.637
0.35598,2.0528,1.9346
0.3283,2.0471,2.2223
0.50293,2.1023,2.4878
0.38103,2.1486,2.7481
0.41169,2.1692,2.989
0.56089,2.2368,3.2233
0.50144,2.2351,3.4432
0.62072,2.2769,3.6466
0.77105,2.3029,3.8394
0.74412,2.3417,4.0218
0.75048,2.3666,4.1945
0.76282,2.3681,4.3519
0.73178,2.3787,4.4956
0.72804,2.3825,4.6245
0.71346,2.3821,4.7375
0.70598,2.3642,4.8355
0.67981,2.3422,4.9168
0.66971,2.3326,4.9837
0.75123,2.318,5.0392
0.77965,2.3047,5.0826
0.79535,2.2869,5.1136
0.76843,2.245,5.1313
0.60577,2.1993,5.1358
0.3844,2.1551,5.1295
0.18696,2.1185,5.1122
0.032893,2.0776,5.085
-0.14099,2.0178,5.048
-0.2958,1.9688,5.0013
-0.36797,1.9165,4.9469
-0.47305,1.8513,4.8855
-0.55756,1.7881,4.816
-0.52016,1.7203,4.7378
-0.54708,1.6484,4.6521
-0.55868,1.5647,4.5582
-0.54783,1.4965,4.4568
-0.62412,1.4329,4.3511
-0.67123,1.3429,4.2396
-0.70713,1.264,4.1205
-0.71424,1.1945,3.9948
-0.72658,1.1156,3.8662
-0.75126,1.0283,3.7332
-0.76808,0.95402,3.5948
-0.81221,0.87974,3.4556
-0.86045,0.76945,3.3087
-0.88961,0.6902,3.1547
-0.87765,0.62471,3.002
-0.9012,0.51454,2.843
-0.85259,0.42843,2.6782
-0.75238,0.32943,2.5104
-0.6989,0.21524,2.335
-0.55569,0.10038,2.1521
-0.43191,-0.0017424,1.963
-0.3201,-0.1046,1.7737
-0.14323,-0.23576,1.5758
-0.029181,-0.3178,1.3781
0.051964,-0.47459,1.1774
0.12488,-0.54405,0.97205
0.14657,-0.68421,0.77023
0.13909,-0.78707,0.5552
0.17611,-0.86429,0.35516
0.22585,-1.1272,0.12659
0.28194,-0.50291,-0.038875
0.39038,0.029652,-0.034027
0.42291,-0.14919,-0.025258
0.44423,-0.056088,-0.03291
0.49172,-0.071976,-0.026607
0.47302,-0.070132,-0.03195
0.47227,-0.046089,-0.028493
0.4517,-0.071092,-0.031013
0.38776,-0.040492,-0.030199
0.35261,-0.062795,-0.03042
0.27483,-0.041201,-0.031732
0.17574,-0.048961,-0.030788
0.14507,-0.046738,-0.03231
0.1002,-0.041328,-0.03198
0.053834,-0.042689,-0.032733
0.016814,-0.036072,-0.03267
-0.053861,-0.041099,-0.033442
-0.10621,-0.032672,-0.033854
-0.13426,-0.037549,-0.033847
-0.08228,-0.04366,-0.035575
-0.052365,-0.037309,-0.036606
-0.051617,-0.038145,-0.037367
0.017936,-0.035686,-0.038758
0.036259,-0.029744,-0.039036
0.039624,-0.033624,-0.039677
0.021301,-0.027929,-0.040026
-0.026189,-0.038093,-0.040415
-0.028807,-0.026752,-0.041315
-0.063957,-0.028983,-0.04073
-0.098359,-0.032338,-0.042916
-0.10023,-0.015752,-0.041379
-0.12753,-0.043154,-0.043291
-0.10434,-0.0050303,-0.042826
-0.046008,-0.048732,-0.042534
0.038876,-0.0047603,-0.045177
0.12339,-0.033935,-0.040554
0.14732,-0.039139,-0.048244
0.20565,0.017468,-0.038818
0.20864,-0.11667,-0.050909
0.22585,0.16703,-0.03637
0.17013,-0.81888,-0.072928
0.19294,-2.1779,-0.39884
0.34214,-1.9426,-0.79224
0.18284,-1.9667,-1.1233
0.39113,-2.0521,-1.4662
0.63306,-1.9993,-1.7717
0.48648,-2.1067,-2.0672
0.76506,-2.0827,-2.3432
0.73889,-2.1773,-2.6047
0.48087,-2.1931,-2.8572
0.65999,-2.2513,-3.0926
0.66597,-2.2955,-3.3217
0.64765,-2.2998,-3.5328
0.81293,-2.3448,-3.7313
0.88734,-2.3714,-3.919
0.85743,-2.4095,-4.0971
0.88472,-2.4175,-4.2634
0.89557,-2.4257,-4.4144
0.83836,-2.4388,-4.5528
0.85855,-2.4301,-4.6773
0.8234,-2.4075,-4.7853
0.81068,-2.3857,-4.8766
0.76955,-2.3693,-4.9533
0.7703,-2.3537,-5.0172
0.86453,-2.3362,-5.0699
0.83798,-2.3131,-5.111
0.86565,-2.2775,-5.1388
0.81106,-2.2338,-5.1534
0.57062,-2.1955,-5.156
0.35672,-2.1518,-5.1479
0.15031,-2.1038,-5.1291
-0.090506,-2.059,-5.1004
-0.24233,-2.0063,-5.0624
-0.32721,-1.9494,-5.0149
-0.4521,-1.8982,-4.9586
-0.51343,-1.8459,-4.895
-0.52876,-1.7821,-4.8236
-0.53362,-1.7139,-4.7437
-0.52764,-1.6391,-4.6552
-0.56429,-1.5694,-4.5588
-0.57401,-1.5084,-4.4577
-0.60841,-1.4291,-4.3504
-0.69778,-1.3488,-4.2354
-0.77444,-1.2727,-4.1149
-0.83539,-1.1978,-3.9895
-0.85858,-1.1186,-3.8599
-0.87802,-1.0322,-3.7239
-0.89447,-0.96533,-3.5846
-0.92439,-0.87406,-3.4427
-0.97786,-0.77159,-3.2914
-1.0014,-0.70785,-3.1372
-1.0033,-0.61349,-2.9825
-0.96926,-0.51073,-2.82
-0.86157,-0.42714,-2.654
-0.74078,-0.31758,-2.4826
-0.63309,-0.20065,-2.3036
-0.47005,-0.078312,-2.1166
-0.32758,0.0062992,-1.9257
-0.21877,0.14065,-1.7322
-0.065079,0.24234,-1.5312
0.024667,0.34704,-1.3334
0.060939,0.49144,-1.1273
0.11067,0.55736,-0.92509
0.074026,0.7421,-0.71525
0.040746,0.75729,-0.50552
0.11441,1.0041,-0.29705
0.16489,0.94358,-0.069644
0.24043,0.10589,0.011897
0.38402,0.0073565,-0.015798
0.4603,0.10249,-0.0061181
0.53023,0.0025615,-0.0090012
0.59604,0.065579,-0.008765
0.57772,0.005362,-0.006658
0.55678,0.033307,-0.0085588
0.51677,0.019312,-0.0051658
0.42889,0.012969,-0.0075203
0.33466,0.019931,-0.0052483
0.2064,0.0052908,-0.005462
0.090106,0.01944,-0.0050683
0.038502,0.0047659,-0.0044422
0.020179,0.0092347,-0.0042173
0.011205,0.0020666,-0.0035686
-0.019458,0.0051258,-0.0035124
-0.063209,0.0024228,-0.0023127
-0.09275,-0.0035569,-0.0026239
-0.097237,0.0095159,-0.0020877
-0.056852,0.0085936,-0.00035936
-0.0074922,0.0046684,0.00063042
0.053086,0.0048296,0.001519
0.092349,0.0034837,0.0027599
0.084123,-0.0013975,0.0028987
0.085618,0.0025427,0.003551
0.054582,-0.0028896,0.0043533
0.0044739,0.0042185,0.004642
-0.025441,-0.00077888,0.0056768
-0.079288,-0.0035194,0.004882
-0.14548,0.0048184,0.0069478
-0.1881,-0.013987,0.0058755
-0.19072,0.019559,0.0073602
-0.1279,-0.019546,0.0077988
-0.058722,0.014787,0.0061942
0.026162,-0.0092516,0.010292
0.1533,-0.0072797,0.004957
0.20565,0.023151,0.012245
0.26473,-0.062784,0.0046795
0.27072,0.10511,0.012928
0.2494,-0.19446,0.0056281
0.23669,0.61836,0.019241
0.20154,2.2146,0.31023
0.36158,2.0687,0.70607
0.30026,1.9364,1.0348
0.29241,2.0733,1.3775
0.55715,1.9772,1.6867
0.41768,2.069,1.9807
0.4977,2.0764,2.2591
0.73777,2.168,2.5202
0.57996,2.1905,2.7733
0.6899,2.244,3.0085
0.82415,2.2872,3.237
0.7344,2.2864,3.4464
0.85631,2.3322,3.6434
0.96213,2.3556,3.8314
0.92474,2.3915,4.0088
0.94156,2.397,4.1739
0.921,2.4008,4.3233
0.86528,2.4035,4.4597
0.8664,2.3853,4.581
0.81629,2.3653,4.6864
0.81704,2.3424,4.7764
0.78376,2.3162,4.8508
0.73777,2.2989,4.9125
0.8047,2.2799,4.9637
0.78227,2.2471,5.0028
0.75983,2.2076,5.0289
0.73702,2.163,5.0422
0.59343,2.1169,5.0432
0.34999,2.0692,5.0334
0.12563,2.0281,5.0143
-0.12341,1.9734,4.9849
-0.38554,1.9179,4.9456
-0.50595,1.8738,4.8978
-0.61552,1.8151,4.8421
-0.67909,1.7561,4.7784
-0.69554,1.6863,4.7066
-0.72358,1.6147,4.6266
-0.70003,1.5429,4.5377
-0.68769,1.4689,4.4412
-0.66525,1.4102,4.3397
-0.62187,1.3378,4.233
-0.65067,1.2535,4.119
-0.77631,1.1729,3.9974
-0.86007,1.1036,3.8714
-0.88176,1.025,3.7416
-0.94196,0.94629,3.606
-0.95056,0.88104,3.4686
-0.93972,0.77768,3.3258
-0.98833,0.69227,3.1745
-1.0078,0.6306,3.0234
-0.99843,0.52405,2.8682
-0.95318,0.43595,2.7057
-0.83016,0.34078,2.5408
-0.68208,0.23101,2.3681
-0.54409,0.12191,2.1883
-0.39489,0.0099208,2.0016
-0.26065,-0.078957,1.8133
-0.14772,-0.21775,1.6186
-0.029555,-0.30092,1.4206
0.070287,-0.44061,1.2228
0.14395,-0.53545,1.0171
0.16901,-0.63585,0.81711
0.11479,-0.78672,0.60353
0.1002,-0.81077,0.40172
0.11179,-1.1107,0.18104
0.093845,-0.69531,-0.015525
0.21799,0.012301,-0.038016
0.31036,-0.11683,-0.018858
0.34251,-0.083336,-0.029974
0.44871,-0.048403,-0.023023
0.45245,-0.082354,-0.027571
0.4618,-0.03455,-0.025561
0.47713,-0.075624,-0.026604
0.45956,-0.040462,-0.027552
0.44909,-0.053434,-0.026319
0.34102,-0.045043,-0.028463
0.21425,-0.040698,-0.027376
0.10394,-0.044564,-0.028602
0.011953,-0.0384,-0.028489
-0.066948,-0.044384,-0.029007
-0.11668,-0.033781,-0.029082
-0.10808,-0.038831,-0.029595
-0.14398,-0.032867,-0.030416
-0.15333,-0.033005,-0.030023
-0.12192,-0.039757,-0.03129
-0.08415,-0.033879,-0.032535
0.011953,-0.033388,-0.033187
0.082253,-0.037534,-0.034409
0.13124,-0.030422,-0.035354
0.17275,-0.027678,-0.035365
0.16676,-0.030943,-0.036348
0.1361,-0.024593,-0.036591
0.088984,-0.033868,-0.037412
0.053834,-0.020682,-0.037675
0.0085872,-0.032473,-0.037442
-0.037407,-0.025856,-0.039249
-0.070314,-0.021526,-0.037487
-0.1107,-0.034614,-0.040438
-0.081158,-0.0039505,-0.038402
-0.042268,-0.055151,-0.040198
0.027658,0.007319,-0.040573
0.11254,-0.052631,-0.038237
0.14881,-0.0018399,-0.04424
0.20528,-0.017777,-0.034608
0.19705,-0.070762,-0.049957
0.24155,0.13303,-0.025659
0.18808,-1.1795,-0.1114
0.22024,-2.2277,-0.47815
0.32868,-1.8817,-0.85236
0.19107,-2.0181,-1.1827
0.45283,-2.0294,-1.5191
0.58445,-2.032,-1.8173
0.49845,-2.1087,-2.1093
0.83013,-2.1002,-2.3775
0.76581,-2.1969,-2.636
0.62708,-2.2048,-2.8817
0.80358,-2.2779,-3.1143
0.77142,-2.2906,-3.3371
0.80321,-2.3099,-3.5405
0.94007,-2.3603,-3.7357
0.94942,-2.3825,-3.9197
0.93034,-2.4101,-4.093
0.96587,-2.4067,-4.2524
0.92773,-2.4147,-4.3972
0.87874,-2.4139,-4.53
0.87463,-2.39,-4.6463
0.85182,-2.3702,-4.7452
0.86117,-2.3521,-4.8298
0.79087,-2.3306,-4.9013
0.79685,-2.3134,-4.9603
0.82489,-2.2895,-5.0082
0.76506,-2.2525,-5.0435
0.76544,-2.2121,-5.0652
0.67308,-2.1708,-5.0747
0.44759,-2.1285,-5.073
0.23519,-2.0842,-5.0605
0.03925,-2.0353,-5.0384
-0.19334,-1.983,-5.0066
-0.37844,-1.9282,-4.9653
-0.51979,-1.872,-4.9149
-0.66787,-1.8156,-4.8565
-0.77369,-1.7545,-4.7912
-0.78341,-1.6846,-4.7174
-0.76472,-1.6098,-4.6344
-0.75574,-1.5408,-4.5433
-0.69367,-1.4755,-4.4463
-0.68918,-1.4033,-4.3435
-0.6903,-1.3302,-4.2337
-0.67535,-1.2502,-4.1177
-0.74752,-1.1732,-3.9958
-0.79912,-1.1022,-3.8701
-0.8582,-1.0136,-3.7384
-0.92476,-0.94649,-3.6014
-0.95056,-0.87432,-3.4635
-0.9831,-0.76257,-3.3173
-0.96627,-0.69333,-3.1646
-0.90868,-0.61856,-3.013
-0.89036,-0.5094,-2.8546
-0.83464,-0.42686,-2.6904
-0.70152,-0.32082,-2.5223
-0.58784,-0.20849,-2.3463
-0.45697,-0.086931,-2.1621
-0.31001,0.00081445,-1.9724
-0.18736,0.11353,-1.7817
-0.056852,0.23702,-1.5823
0.057573,0.31423,-1.3854
0.14956,0.47469,-1.1825
0.22173,0.5338,-0.97866
0.24492,0.70148,-0.77428
0.19144,0.76002,-0.5597
0.18808,0.8978,-0.35804
0.20154,1.0752,-0.1252
0.15928,0.31025,0.0097259
0.22061,-0.050701,-0.009871
0.27745,0.12541,-0.0098298
0.30587,0.0032888,-0.0059606
0.36757,0.055273,-0.010028
0.40945,0.025011,-0.0051321
0.44871,0.021723,-0.00857
0.43226,0.031853,-0.0050758
0.40833,0.0060443,-0.0066805
0.3829,0.02579,-0.005537
0.27483,0.0045785,-0.0047946
0.15218,0.017685,-0.0050121
0.060191,0.0057781,-0.0039211
-0.027311,0.0093622,-0.0041123
-0.10172,0.0077426,-0.0031187
-0.13912,0.00357,-0.0033662
-0.14921,0.009291,-0.0022789
-0.15744,0.00012463,-0.0019715
-0.13912,0.0093172,-0.0017166
-0.080036,0.010536,0.00012803
-0.013475,0.0041698,0.0010353
0.021675,0.0064792,0.0018526
0.090854,0.0046197,0.0032661
0.17574,-2.9081e-05,0.0035135
0.17088,0.0058644,0.0041096
0.17312,-0.0010151,0.0043833
0.17088,-0.0011388,0.0052831
0.13797,-0.0073022,0.0060967
0.12451,0.0030226,0.0056093
0.067295,-0.0035756,0.0075776
0.027658,-0.0074146,0.0059355
-0.0074922,0.015642,0.0084474
-0.025815,-0.022171,0.0072702
-0.0059964,0.026386,0.0081812
0.019431,-0.031195,0.0096022
0.072905,0.020995,0.0062842
0.10282,-0.0064099,0.013243
0.16003,-0.026137,0.0033636
0.17649,0.073946,0.017532
0.20827,-0.19133,-0.0027063
0.17387,1.0479,0.059732
0.1892,2.328,0.40794
0.36532,1.9687,0.78886
0.27334,2.0057,1.1188
0.37729,2.0481,1.46
0.54369,2.0221,1.7626
0.37168,2.1163,2.058
0.5422,2.0968,2.3317
0.657,2.1943,2.5933
0.52387,2.2024,2.8437
0.69102,2.2677,3.078
0.7804,2.3061,3.3059
0.77105,2.312,3.5155
0.90791,2.347,3.7125
0.97933,2.3767,3.8986
0.94119,2.4096,4.0759
0.92661,2.4136,4.2411
0.93184,2.4205,4.3916
0.92137,2.4165,4.529
0.9109,2.4042,4.6515
0.87351,2.3829,4.7585
0.90043,2.3518,4.8496
0.84658,2.3307,4.9261
0.79461,2.315,4.99
0.84434,2.2839,5.0418
0.79423,2.255,5.0824
0.75198,2.2204,5.111
0.66896,2.1676,5.1256
0.4618,2.1261,5.128
0.22846,2.0808,5.1196
0.031023,2.0294,5.1011
-0.19035,1.9815,5.0728
-0.40349,1.9244,5.0348
-0.5052,1.8719,4.9882
-0.65029,1.8201,4.9338
-0.73256,1.758,4.8714
-0.74826,1.6937,4.8004
-0.80435,1.6213,4.721
-0.78865,1.5466,4.6338
-0.9214,1.4789,4.538
-0.94271,1.4129,4.4366
-0.72284,1.3413,4.3308
-0.66787,1.26,4.218
-0.68582,1.1783,4.0975
-0.76173,1.1114,3.9718
-0.86418,1.035,3.8424
-0.88737,0.94985,3.7073
-0.8956,0.88789,3.5695
-0.91841,0.79981,3.4288
-0.9472,0.69688,3.278
-0.95206,0.63547,3.1249
-0.98908,0.54974,2.9717
-0.9573,0.44887,2.8098
-0.78416,0.36746,2.6447
-0.58186,0.25572,2.474
-0.38779,0.15027,2.2945
-0.25392,0.035995,2.1089
-0.19371,-0.054157,1.9189
-0.14809,-0.1721,1.7262
-0.080784,-0.28218,1.5258
0.009709,-0.37712,1.3284
0.10805,-0.52482,1.1229
0.22547,-0.57886,0.9194
0.23819,-0.75791,0.71202
0.18845,-0.78859,0.49907
0.23071,-0.97738,0.29455
0.1993,-1.0461,0.061832
0.22659,-0.23486,-0.04785
0.32756,-0.0059075,-0.022217
0.27969,-0.14932,-0.027331
0.29278,-0.034329,-0.02756
0.2853,-0.093136,-0.02537
0.2049,-0.049557,-0.028853
0.24492,-0.061637,-0.0257
0.29502,-0.057681,-0.029209
0.35074,-0.042633,-0.027012
0.35411,-0.060208,-0.028594
0.23332,-0.040125,-0.028808
0.12039,-0.048193,-0.028992
0.016066,-0.038618,-0.029802
-0.086019,-0.043128,-0.029498
-0.15183,-0.03551,-0.03033
-0.1709,-0.036803,-0.030345
-0.16604,-0.038419,-0.031316
-0.16155,-0.0298,-0.031185
-0.12229,-0.039289,-0.031954
-0.06807,-0.039356,-0.033716
0.003352,-0.036946,-0.034199
0.11703,-0.038921,-0.035444
0.22958,-0.030985,-0.036479
0.26548,-0.031862,-0.03667
0.2509,-0.032555,-0.037521
0.21575,-0.030752,-0.037465
0.15816,-0.034842,-0.038826
0.15293,-0.018201,-0.038391
0.14021,-0.038618,-0.039006
0.12526,-0.022572,-0.040191
0.13909,-0.032765,-0.038747
0.099454,-0.027386,-0.041716
0.054582,-0.011913,-0.038815
0.031771,-0.049235,-0.042646
0.063182,0.011855,-0.039906
0.093845,-0.068415,-0.041488
0.13049,0.027118,-0.043381
0.12675,-0.072175,-0.037491
0.11217,0.0095609,-0.050943
0.12114,-0.017833,-0.023818
0.010083,-1.5821,-0.17871
0.20154,-2.1955,-0.57681
0.28642,-1.8614,-0.93266
0.18396,-2.0716,-1.2694
0.53921,-2.006,-1.5993
0.56576,-2.0696,-1.8956
0.54519,-2.1058,-2.1859
0.8062,-2.1266,-2.4513
0.6282,-2.2101,-2.7111
0.58782,-2.2161,-2.9541
0.7602,-2.2949,-3.1866
0.72917,-2.3022,-3.4088
0.7976,-2.328,-3.6133
0.94343,-2.3613,-3.8073
0.9655,-2.3903,-3.9905
0.94156,-2.4152,-4.1641
0.98756,-2.4156,-4.3239
0.93483,-2.4241,-4.47
0.88585,-2.4223,-4.6034
0.87912,-2.406,-4.7222
0.82901,-2.3768,-4.824
0.84359,-2.3533,-4.91
0.79087,-2.3328,-4.983
0.81592,-2.31,-5.0437
0.83649,-2.2862,-5.093
0.7718,-2.2503,-5.1307
0.73104,-2.2058,-5.1551
0.57323,-2.1621,-5.1665
0.36009,-2.1175,-5.1668
0.15629,-2.0715,-5.1562
-0.032546,-2.024,-5.1356
-0.24046,-1.9694,-5.1051
-0.37732,-1.9146,-5.0649
-0.56915,-1.8602,-5.0159
-0.71274,-1.803,-4.9586
-0.79201,-1.7458,-4.8942
-0.9113,-1.6789,-4.8221
-0.83427,-1.6048,-4.741
-0.9457,-1.531,-4.651
-0.88101,-1.4671,-4.5546
-0.7692,-1.4006,-4.4531
-0.91242,-1.3217,-4.3444
-0.73331,-1.2488,-4.2296
-0.70115,-1.1733,-4.1084
-0.73256,-1.1003,-3.9826
-0.72059,-1.0198,-3.8526
-0.85858,-0.94057,-3.7157
-0.87465,-0.87425,-3.5772
-0.92028,-0.77137,-3.433
-0.93411,-0.68777,-3.2796
-0.884,-0.63428,-3.127
-0.84624,-0.52625,-2.9705
-0.73779,-0.43454,-2.806
-0.64693,-0.34712,-2.6394
-0.55232,-0.23085,-2.4646
-0.41583,-0.12586,-2.2819
-0.28832,-0.016225,-2.0925
-0.17614,0.073538,-1.9007
-0.049747,0.20736,-1.7032
0.032145,0.28839,-1.5011
0.10805,0.41936,-1.3014
0.22659,0.5307,-1.0929
0.28044,0.61671,-0.89055
0.31821,0.78748,-0.67486
0.33466,0.78394,-0.46757
0.34438,1.083,-0.24999
0.31522,0.79361,-0.035448
0.27296,-0.0036956,0.0085487
0.27521,0.064533,-0.015975
0.21388,0.077036,-0.0036999
0.23856,0.01334,-0.009841
0.25277,0.06087,-0.0062718
0.24342,0.0035962,-0.0067554
0.31596,0.040468,-0.0069092
0.28605,0.010247,-0.0048059
0.29839,0.021329,-0.0065492
0.27932,0.0097108,-0.004041
0.17536,0.006318,-0.0050758
0.12563,0.014363,-0.0041685
0.019805,-0.0039168,-0.0038273
-0.077045,0.0090548,-0.0032575
-0.13501,0.0015155,-0.00295
-0.17576,0.0085449,-0.0025864
-0.19334,0.0065429,-0.0014954
-0.16829,0.0011968,-0.0017915
-0.079662,0.010907,-0.00054307
-0.015719,0.0066891,0.0009191
0.059443,0.0029626,0.0013952
0.13947,0.0077126,0.0028574
0.17873,0.0014555,0.0037985
0.2165,0.0011631,0.0036822
0.24903,0.0010431,0.0049157
0.26399,-0.0014275,0.0048707
0.25165,0.0064267,0.005853
0.22622,-0.0085768,0.0060292
0.17349,0.0061943,0.0063779
0.15181,-0.012659,0.0076189
0.14358,0.0025952,0.0063741
0.090106,0.0034762,0.0092985
0.080383,-0.016656,0.0063291
0.072157,0.028066,0.0098721
0.089732,-0.039086,0.0079675
0.068043,0.044678,0.0085786
0.045233,-0.04883,0.011503
0.09908,0.032381,0.0044808
0.071035,-0.012075,0.018964
0.093845,-0.053722,-0.0083638
0.067295,1.5374,0.12805
0.18209,2.3019,0.51601
0.33055,1.8846,0.8727
0.20004,2.0408,1.2075
0.40122,1.9924,1.5389
0.46217,2.0335,1.8353
0.32232,2.0827,2.1273
0.56688,2.0926,2.394
0.52986,2.1698,2.6537
0.46255,2.1774,2.8976
0.67345,2.2491,3.1309
0.69439,2.2477,3.3524
0.7531,2.2772,3.5553
0.91501,2.3152,3.7502
0.96662,2.3409,3.9342
0.94979,2.3636,4.1078
0.95502,2.3549,4.2672
0.91688,2.3549,4.4124
0.86304,2.3358,4.5439
0.83536,2.3148,4.6592
0.78339,2.3021,4.7596
0.76432,2.2769,4.845
0.70149,2.2474,4.9154
0.6985,2.2241,4.9746
0.75572,2.1999,5.0234
0.70748,2.1595,5.0587
0.67868,2.1115,5.081
0.56762,2.0632,5.0915
0.36607,2.0137,5.0897
0.18658,1.9748,5.0779
-0.023572,1.9211,5.0566
-0.18698,1.8652,5.0246
-0.42892,1.8195,4.9838
-0.49174,1.7568,4.9346
-0.63047,1.7029,4.8775
-0.69479,1.6444,4.8125
-0.71012,1.573,4.7386
-0.87428,1.5088,4.6565
-0.69741,1.4356,4.5661
-1.1057,1.3688,4.4687
-1.197,1.3058,4.3665
-5.608,1.227,4.258
-14.815,1.1446,4.1414
-19.559,1.0734,4.0192
-18.82,0.99853,3.8933
-14.877,0.91082,3.7619
-11.545,0.83718,3.6268
-9.8851,0.74249,3.4898
-10.786,0.62448,3.3449
-8.2465,0.54808,3.1949
7.6511,0.46912,3.0459
24.342,0.36542,2.8903
30.04,0.29263,2.7286
25.041,0.19585,2.5633
14.921,0.09418,2.3887
6.8057,-0.003287,2.2079
2.7608,-0.10558,2.0196
3.1175,-0.18613,1.8295
1.8401,-0.30871,1.6326
-1.9479,-0.38466,1.4331
-5.8888,-0.52526,1.2326
-10.24,-0.60159,1.0246
-8.7382,-0.70611,0.82244
-2.8004,-0.83533,0.60542
2.5215,-0.85585,0.4009
5.8551,-1.1384,0.175
3.6889,-0.65121,-0.018059
-0.36236,0.016958,-0.033472
-1.5548,-0.1288,-0.016488
2.1774,-0.073971,-0.027496
10.716,-0.054303,-0.020312
18.358,-0.078916,-0.025348
21.125,-0.037343,-0.022851
17.108,-0.070113,-0.024208
7.6485,-0.032199,-0.024808
-2.5514,-0.05051,-0.02393
-9.9883,-0.03912,-0.025794
-13.538,-0.039577,-0.024676
-15.726,-0.043214,-0.026116
-17.509,-0.033714,-0.025921
-18.148,-0.039124,-0.02648
-15.968,-0.038554,-0.026645
-8.9042,-0.038798,-0.02717
0.98419,-0.028645,-0.027661
10.835,-0.035371,-0.027522
15.824,-0.03885,-0.029228
14.627,-0.031903,-0.030458
9.1368,-0.032623,-0.03099
0.0026042,-0.035412,-0.032426
-6.8861,-0.02863,-0.033071
-9.2262,-0.031993,-0.033285
-8.6877,-0.026306,-0.034106
-6.5615,-0.027296,-0.034349
-5.5713,-0.033418,-0.035519
-5.5283,-0.02316,-0.034773
-4.7935,-0.035004,-0.036378
-1.909,-0.014988,-0.03613
1.8465,-0.037995,-0.036194
5.0777,-0.010729,-0.03793
6.9807,-0.026167,-0.035414
6.2885,-0.028979,-0.039996
5.6132,-0.0018061,-0.035017
5.768,-0.062578,-0.040805
6.7784,0.045551,-0.036404
9.3582,-0.11857,-0.038698
10.762,0.11289,-0.041881
9.3488,-0.32589,-0.030079
5.3626,-1.9366,-0.26847
-0.8956,-2.0664,-0.6744
-7.2324,-1.8562,-1.0126
-9.9404,-2.0283,-1.3549
-9.1454,-1.9266,-1.6729
-7.2017,-2.0216,-1.9697
-4.5108,-2.0029,-2.2552
-2.1087,-2.0571,-2.5191
0.20752,-2.0995,-2.7782
3.5101,-2.1236,-3.019
6.6639,-2.1731,-3.2536
8.4188,-2.1545,-3.4715
8.138,-2.1943,-3.6749
4.8679,-2.2135,-3.8702
-0.50857,-2.2363,-4.0539
-5.4685,-2.2453,-4.227
-8.7655,-2.2387,-4.3849
-9.2217,-2.2373,-4.5302
-7.2036,-2.2185,-4.6615
-5.0321,-2.191,-4.7764
-3.2196,-2.1598,-4.8751
-1.8551,-2.1328,-4.9589
-0.6372,-2.1104,-5.0306
1.2516,-2.0857,-5.0912
3.1972,-2.0502,-5.1398
4.8459,-2.0096,-5.175
5.7811,-1.9668,-5.1977
5.5373,-1.9237,-5.2087
4.4749,-1.881,-5.2078
3.5195,-1.8364,-5.1964
3.7513,-1.7846,-5.175
4.3788,-1.7257,-5.1433
4.5841,-1.6725,-5.1024
3.828,-1.6205,-5.0531
1.2011,-1.566,-4.9956
-1.9699,-1.5102,-4.93
-4.0468,-1.446,-4.8556
-4.8526,-1.3749,-4.7721
-4.5254,-1.3125,-4.6812
-3.1538,-1.2565,-4.5846
-1.4688,-1.1944,-4.4812
-0.19895,-1.1252,-4.3709
1.0089,-1.0487,-4.2537
2.057,-0.98483,-4.1311
2.5648,-0.91156,-4.0041
2.4231,-0.83348,-3.8703
1.0893,-0.77578,-3.7338
-1.1054,-0.68995,-3.5931
-3.5775,-0.60325,-3.4427
-5.6551,-0.549,-3.2898
-5.894,-0.46823,-3.1353
-4.8758,-0.37175,-2.9724
-3.2709,-0.29902,-2.8057
-0.98272,-0.19141,-2.634
0.47264,-0.090688,-2.4518
0.8047,0.0039599,-2.2647
0.75871,0.10128,-2.0713
0.25987,0.19161,-1.8757
-0.37433,0.31146,-1.6727
-0.76659,0.38207,-1.4695
-1.1491,0.53328,-1.2637
-1.4543,0.60133,-1.0523
-1.1502,0.72602,-0.84501
-0.21952,0.82881,-0.62302
1.0104,0.87791,-0.4164
2.1314,1.1486,-0.18203
2.5906,0.5364,-0.0019902
2.4224,-0.055991,-0.0011129
1.7897,0.1226,-0.012552
0.82265,0.034008,-0.003115
0.056451,0.043969,-0.0097998
-0.16604,0.045893,-0.0039923
0.29914,0.01325,-0.007389
1.2523,0.043032,-0.0048021
2.1486,-0.0013712,-0.0048959
2.7219,0.024613,-0.0050908
2.8217,0.0066629,-0.0033849
2.425,0.0079413,-0.0043297
1.5283,0.013284,-0.0027888
0.21724,0.0051333,-0.0031113
-1.0624,0.0083387,-0.0023202
-2.152,0.0031501,-0.002084
-2.6793,0.0056319,-0.0014954
-2.5327,0.0025202,-0.0010155
-2.1472,0.0080425,-0.00055057
-1.3211,0.012065,0.0012378
-0.27336,0.0042185,0.0021751
0.45956,0.0051483,0.0031049
0.8234,0.0075139,0.0045071
0.67495,0.001508,0.004747
-0.014223,0.0031613,0.0056168
-0.86718,-0.0039955,0.0061192
-1.5421,0.0038399,0.0065541
-1.8671,-0.0026309,0.0072514
-1.6394,0.00336,0.0068728
-0.94869,0.0027827,0.0088223
-0.11593,-0.0074259,0.0072289
0.52387,0.016114,0.0097334
0.94343,-0.022992,0.0086124
1.1928,0.022229,0.0090098
1.1973,-0.02562,0.011158
0.99092,0.014854,0.0073827
0.5766,-0.0038531,0.014634
0.20453,-0.037617,0.0048182
-0.052739,0.083086,0.018338
-0.086393,-0.19584,7.1791e-05
0.22846,0.93697,0.052999
0.87126,2.2734,0.39275
1.6999,1.9507,0.77632
2.1038,1.9486,1.106
2.1718,1.9928,1.4483
1.7328,1.9359,1.7526
0.73216,2.0289,2.0496
0.18808,1.9984,2.326
-0.18586,2.0772,2.5895
-0.56503,2.0824,2.8423
-0.41583,2.1364,3.0804
-0.10247,2.153,3.311
0.26698,2.1459,3.5216
0.69065,2.186,3.7225
0.9539,2.2048,3.9138
0.99354,2.2243,4.0947
0.79535,2.2168,4.2625
0.42141,2.2179,4.4157
-0.12416,2.2018,4.5561
-0.66824,2.1737,4.6801
-0.81819,2.16,4.7895
-0.48239,2.1282,4.8838
0.11591,2.0851,4.9629
0.83686,2.0699,5.0304
1.3873,2.0492,5.0867
1.5814,2.0088,5.1307
1.4774,1.9643,5.1617
1.1068,1.9031,5.179
0.44609,1.8648,5.1842
-0.24719,1.8184,5.1794
-0.6316,1.7591,5.164
-0.96216,1.7274,5.1391
-1.0878,1.6776,5.1045
-0.86306,1.6252,5.0604
-0.52054,1.5711,5.0086
0.022797,1.5107,4.9484
0.44348,1.4576,4.8794
0.52313,1.3801,4.802
0.32943,1.31,4.7156
-0.040025,1.2539,4.6219
-0.35189,1.1951,4.5232
-0.58111,1.136,4.4187
-0.68395,1.0567,4.3064
-0.60056,0.98042,4.1864
-0.31113,0.9213,4.0618
-0.08415,0.8475,3.9321
-0.064331,0.78033,3.7968
-0.044138,0.71921,3.6598
-0.22625,0.62495,3.5161
-0.59158,0.54821,3.3645
-0.97786,0.49548,3.212
-1.418,0.40485,3.0556
-1.6569,0.31847,2.8914
-1.5971,0.24068,2.7241
-1.3454,0.12571,2.5491
-0.92775,0.038166,2.3658
-0.3732,-0.06588,2.1772
0.11105,-0.15428,1.983
0.37168,-0.25369,1.7873
0.42403,-0.36177,1.5837
0.22472,-0.44339,1.3821
-0.063583,-0.58822,1.1732
-0.30029,-0.63429,0.96511
-0.53175,-0.80223,0.75425
-0.63085,-0.83821,0.53413
-0.49847,-0.98101,0.32702
-0.21166,-1.1075,0.088263
0.21575,-0.30619,-0.04151
0.62708,0.010052,-0.019098
0.80732,-0.15608,-0.021103
0.89968,-0.032046,-0.0236
0.88547,-0.086448,-0.019997
0.65924,-0.049119,-0.024253
0.40047,-0.049992,-0.020702
0.13722,-0.05656,-0.024414
-0.0067443,-0.035607,-0.022277
0.047477,-0.057055,-0.023702
0.089732,-0.036098,-0.024189
0.1189,-0.049411,-0.023773
0.1275,-0.040091,-0.02501
0.074026,-0.037024,-0.024755
-0.018336,-0.035345,-0.025561
-0.2341,-0.033778,-0.02573
-0.53923,-0.037395,-0.026442
-0.73106,-0.030317,-0.026322
-0.68619,-0.037725,-0.02747
-0.49586,-0.037088,-0.028999
-0.22026,-0.028717,-0.029352
0.18658,-0.038059,-0.030795
0.63606,-0.031873,-0.031871
0.99391,-0.027674,-0.032044
1.1618,-0.030122,-0.033007
1.0676,-0.022834,-0.033183
0.78227,-0.029856,-0.034184
0.46292,-0.015288,-0.033899
0.13386,-0.031749,-0.034589
-0.18474,-0.017844,-0.035785
-0.41957,-0.025189,-0.034443
-0.47305,-0.026703,-0.037469
-0.27935,-0.0096265,-0.034376
-0.060217,-0.047188,-0.037919
0.14021,0.011334,-0.035845
0.32083,-0.065153,-0.036651
0.42179,0.02762,-0.039351
0.40795,-0.06185,-0.032726
0.258,-0.0020123,-0.046909
0.12039,0.015087,-0.019394
-0.11107,-1.5178,-0.16186
-0.041894,-2.1937,-0.5548
0.10506,-1.831,-0.91246
0.00036053,-2.0145,-1.2487
0.32307,-1.9447,-1.5807
0.37953,-1.9847,-1.8783
0.22323,-2.0177,-2.1708
0.38888,-2.022,-2.4387
0.054582,-2.0942,-2.7004
-0.17651,-2.0935,-2.9464
-0.0048746,-2.1601,-3.1826
0.015692,-2.1507,-3.4067
0.258,-2.1757,-3.6131
0.69776,-2.2071,-3.8121
1.0795,-2.2207,-3.9998
1.3735,-2.2352,-4.1768
1.584,-2.2247,-4.3397
1.5496,-2.2277,-4.4887
1.3357,-2.2128,-4.6251
1.1188,-2.1829,-4.7453
0.82003,-2.1537,-4.849
0.53322,-2.126,-4.938
0.31073,-2.1032,-5.0138
0.32569,-2.0821,-5.0783
0.46292,-2.0508,-5.1312
0.61175,-2.008,-5.1714
0.75983,-1.965,-5.1985
0.75609,-1.9194,-5.2126
0.73029,-1.8719,-5.2156
0.60352,-1.8274,-5.208
0.34438,-1.7791,-5.1904
0.051216,-1.725,-5.1623
-0.22737,-1.6735,-5.1243
-0.40648,-1.6216,-5.078
-0.53661,-1.5686,-5.0238
-0.63122,-1.512,-4.9614
-0.68881,-1.4456,-4.89
-0.72807,-1.3804,-4.8096
-0.79351,-1.3177,-4.7209
-0.96103,-1.2572,-4.6259
-1.1488,-1.1936,-4.5254
-1.2729,-1.1241,-4.4176
-1.3331,-1.0525,-4.3027
-1.311,-0.99001,-4.1819
-1.2037,-0.92234,-4.0568
-1.0399,-0.83995,-3.9253
-0.80361,-0.78527,-3.7892
-0.51792,-0.71272,-3.6504
-0.34553,-0.61493,-3.5028
-0.27037,-0.55383,-3.3501
-0.27822,-0.48878,-3.1973
-0.36946,-0.38978,-3.0373
-0.43827,-0.31362,-2.8712
-0.53213,-0.22376,-2.702
-0.57962,-0.10704,-2.5222
-0.48314,-0.016468,-2.3359
-0.27037,0.087971,-2.1437
0.0059696,0.17132,-1.9477
0.26623,0.28812,-1.7474
0.49994,0.36679,-1.5425
0.6914,0.48658,-1.3396
0.81555,0.59789,-1.1276
0.81854,0.66583,-0.92104
0.6368,0.83407,-0.70216
0.45058,0.82303,-0.48935
0.32905,1.097,-0.2693
0.17499,0.85753,-0.044697
0.129,0.030702,0.011379
0.12787,0.058073,-0.015165
0.10768,0.089359,-0.0030175
0.14844,0.0099545,-0.0084276
0.10469,0.067161,-0.0055782
-0.023198,0.0058869,-0.0053195
-0.1208,0.040202,-0.0060244
-0.23223,0.013996,-0.0035499
-0.35002,0.022334,-0.0056532
-0.4349,0.021033,-0.0033362
-0.50333,0.0067229,-0.0039773
-0.4637,0.017985,-0.0026988
-0.34516,0.0071128,-0.0025826
-0.24195,0.0060143,-0.0023502
-0.14585,0.0030601,-0.0014691
-0.10771,0.005422,-0.0013154
-0.092002,-0.0034707,-0.00092174
-0.10883,0.0014255,-0.00070429
-0.15034,0.0056244,0.00064166
-0.14735,0.0038624,0.0016614
-0.10621,0.0012381,0.0027112
0.045607,0.0032363,0.0038772
0.23781,-0.0055139,0.0048145
0.42515,-0.010211,0.004957
0.63157,0.0040648,0.0059992
0.77067,-0.0095778,0.0063629
0.85855,0.0025727,0.0067303
0.84957,-0.0027809,0.0075514
0.71383,-0.00044897,0.0072927
0.55566,-0.0044492,0.0090173
0.4173,-0.010897,0.0076301
0.28493,0.01124,0.010033
0.20079,-0.021252,0.0084512
0.16714,0.026102,0.0099096
0.18658,-0.035334,0.010858
0.25726,0.022045,0.0079825
0.28904,-0.010166,0.014705
0.2494,-0.021533,0.0048407
0.12974,0.061593,0.019474
0.054208,-0.18143,-0.002084
-0.10546,1.0857,0.067246
-0.20306,2.28,0.41922
-0.11182,1.9011,0.79585
-0.23073,1.949,1.1245
-0.11294,1.9572,1.4632
0.068791,1.924,1.7651
-0.048625,2.0064,2.0599
0.08674,1.9766,2.3325
0.14358,2.0631,2.5943
0.043737,2.0653,2.8454
0.11292,2.1057,3.0818
0.10282,2.1071,3.3065
0.10095,2.1253,3.5132
0.25726,2.1674,3.7138
0.43301,2.1698,3.9035
0.54743,2.1784,4.0809
0.67607,2.1672,4.2443
0.81143,2.164,4.3929
0.87874,2.1389,4.5273
0.91539,2.1165,4.6457
0.90417,2.0904,4.7488
0.87238,2.0543,4.8365
0.82751,2.0329,4.9111
0.82415,1.9991,4.9737
0.8765,1.9667,5.0252
0.90417,1.9283,5.0644
0.92249,1.883,5.0894
0.92885,1.8402,5.1022
0.80919,1.7858,5.1041
0.5751,1.7424,5.0948
0.36645,1.7036,5.0758
0.10282,1.6474,5.0478
-0.16006,1.5965,5.01
-0.35675,1.5487,4.9639
-0.53288,1.4869,4.9097
-0.61215,1.4289,4.8463
-0.64281,1.3688,4.7738
-0.6731,1.3029,4.693
-0.70489,1.2412,4.604
-0.76098,1.175,4.5086
-0.83128,1.1131,4.408
-0.89747,1.0505,4.3003
-0.98721,0.97492,4.1845
-1.1009,0.90689,4.0627
-1.1671,0.83832,3.9365
-1.2022,0.77312,3.8046
-1.1817,0.71413,3.67
-1.0975,0.62188,3.5306
-1.0007,0.54252,3.3817
-0.88213,0.49308,3.2306
-0.74826,0.41079,3.0784
-0.61776,0.32034,2.9172
-0.54671,0.24693,2.7518
-0.42668,0.13926,2.5814
-0.27187,0.04184,2.4008
-0.18923,-0.053674,2.2153
-0.046756,-0.14301,2.0235
0.083749,-0.23213,1.8296
0.21762,-0.34878,1.6283
0.3829,-0.4212,1.4269
0.4876,-0.5687,1.2215
0.60502,-0.62224,1.0119
0.62372,-0.75724,0.80554
0.57136,-0.85064,0.5848
0.56314,-0.90486,0.3796
0.46292,-1.1579,0.14503
0.37467,-0.51996,-0.027095
0.39524,0.02702,-0.023304
0.36009,-0.15145,-0.013879
0.3313,-0.05487,-0.022232
0.3283,-0.071125,-0.015645
0.26399,-0.064572,-0.021246
0.23968,-0.035255,-0.017868
0.21762,-0.063935,-0.020365
0.11404,-0.029871,-0.019848
0.011579,-0.053767,-0.019881
-0.11743,-0.03359,-0.021171
-0.2513,-0.039697,-0.02032
-0.34665,-0.041246,-0.021846
-0.43976,-0.034816,-0.021516
-0.45061,-0.037253,-0.022063
-0.42294,-0.032166,-0.022326
-0.38629,-0.034344,-0.023053
-0.32197,-0.026921,-0.023316
-0.2857,-0.031056,-0.023608
-0.22924,-0.031854,-0.024669
-0.14473,-0.030445,-0.025677
-0.09275,-0.033624,-0.026768
-0.026563,-0.028923,-0.027994
0.069913,-0.022958,-0.028516
0.14582,-0.027914,-0.028692
0.25875,-0.024458,-0.030045
0.36981,-0.021837,-0.029682
0.42216,-0.029174,-0.030675
0.46442,-0.016892,-0.030859
0.48311,-0.03392,-0.031417
0.49732,-0.011509,-0.032257
0.47377,-0.026445,-0.031174
0.39748,-0.02364,-0.034079
0.34476,-0.007872,-0.03108
0.31409,-0.042625,-0.035185
0.3227,0.016485,-0.03234
0.29016,-0.065007,-0.033959
0.28306,0.034312,-0.035594
0.31335,-0.069663,-0.029907
0.28642,0.019395,-0.043025
0.26922,-0.023419,-0.01644
0.12226,-1.5958,-0.17393
0.16415,-2.176,-0.56951
0.1892,-1.818,-0.92131
0.022049,-2.0001,-1.2562
0.23557,-1.9192,-1.5837
0.23332,-1.9707,-1.8795
0.19144,-1.99,-2.1697
0.40683,-1.9994,-2.4348
0.20154,-2.0699,-2.6946
0.12039,-2.0708,-2.9396
0.22547,-2.119,-3.1734
0.17424,-2.1062,-3.3919
0.27034,-2.1456,-3.5963
0.37654,-2.1709,-3.7948
0.42815,-2.1754,-3.98
0.47489,-2.1819,-4.153
0.5149,-2.1724,-4.3111
0.54706,-2.1695,-4.4562
0.56127,-2.141,-4.5868
0.58408,-2.11,-4.6999
0.65139,-2.0831,-4.798
0.67457,-2.0543,-4.8819
0.62708,-2.0339,-4.9536
0.70149,-2.0059,-5.0143
0.73253,-1.967,-5.0623
0.72356,-1.9255,-5.0969
0.75198,-1.8788,-5.1191
0.65999,-1.8381,-5.1293
0.49882,-1.7949,-5.1287
0.3829,-1.742,-5.1177
0.27184,-1.6925,-5.0962
0.10619,-1.6438,-5.0648
0.0011084,-1.5904,-5.0247
-0.084523,-1.5432,-4.9759
-0.16268,-1.4897,-4.9193
-0.21877,-1.4235,-4.8544
-0.33095,-1.3593,-4.7796
-0.43303,-1.291,-4.6958
-0.54372,-1.2352,-4.605
-0.67385,-1.1779,-4.5091
-0.77668,-1.1037,-4.4061
-0.86792,-1.0348,-4.2955
-0.97263,-0.97297,-4.1788
-1.0276,-0.91057,-4.0577
-1.0298,-0.82927,-3.9303
-1.0388,-0.76579,-3.7967
-0.97711,-0.70559,-3.6616
-0.89036,-0.61039,-3.5188
-0.85297,-0.54245,-3.3677
-0.80548,-0.48638,-3.217
-0.74153,-0.38906,-3.0614
-0.67348,-0.30647,-2.8977
-0.57625,-0.23085,-2.7314
-0.46257,-0.11739,-2.5561
-0.35787,-0.025507,-2.3725
-0.26065,0.074584,-2.1831
-0.15071,0.15945,-1.9889
-0.011979,0.2702,-1.7919
0.087488,0.36118,-1.5876
0.15031,0.45611,-1.3867
0.24753,0.59271,-1.1769
0.34924,0.63504,-0.96967
0.38477,0.80953,-0.75625
0.40085,0.81477,-0.5382
0.45731,1.0151,-0.32785
0.46105,1.0307,-0.090021
0.50779,0.17777,0.014903
0.57922,-0.0043817,-0.01233
0.54781,0.12404,-0.0055295
0.52425,0.0069966,-0.0061368
0.48125,0.070707,-0.0072278
0.41394,0.015994,-0.0038423
0.31222,0.037915,-0.0068604
0.20752,0.026296,-0.0031637
0.16041,0.0092947,-0.005327
0.077018,0.024354,-0.0035049
-0.02058,0.0025352,-0.0036286
-0.11219,0.020238,-0.00319
-0.17277,0.0086199,-0.0022152
-0.18511,0.0074652,-0.0024064
-0.21391,0.0055007,-0.0013229
-0.23036,0.0046384,-0.0012854
-0.24644,0.0035475,-0.00067429
-0.25093,0.0017629,-0.00051683
-0.21166,0.011998,0.000263
-0.14959,0.0094784,0.0014777
-0.10135,0.003315,0.0025612
-0.071062,0.0074314,0.003731
0.017562,0.0063967,0.0049907
0.070661,0.0016355,0.0051819
0.093097,0.007319,0.0059242
0.13498,-0.0056039,0.0066103
0.14096,-0.0017911,0.0066291
0.18022,-0.0034707,0.0078851
0.21911,-0.00035524,0.0073564
0.23893,0.0054145,0.0090885
0.26735,-0.011089,0.0081475
0.27408,0.01854,0.0097971
0.32456,-0.02078,0.0095534
0.36757,0.014461,0.0087736
0.37355,-0.0191,0.012148
0.39636,0.0020629,0.0074839
0.37505,0.017018,0.014776
0.36645,-0.051702,0.0061005
0.27558,0.10023,0.016636
0.19107,-0.19988,0.0054144
0.14956,0.71755,0.030594
0.092349,2.2131,0.33809
0.22996,1.9901,0.73017
0.15854,1.8915,1.0586
0.12638,1.9867,1.4009
0.30886,1.9065,1.709
0.1447,1.9928,2.0051
0.17237,1.961,2.2837
0.28829,2.0372,2.5467
0.13647,2.0516,2.8018
0.23183,2.0856,3.0406
0.31409,2.1006,3.2702
0.30175,2.1003,3.4809
0.44385,2.1491,3.6834
0.53247,2.1543,3.8767
0.53958,2.1667,4.0576
0.54743,2.1575,4.2255
0.53696,2.1477,4.3782
0.49172,2.1362,4.5177
0.45731,2.1078,4.641
0.42179,2.0788,4.7486
0.42403,2.0448,4.8415
0.41207,2.0137,4.9198
0.43488,1.9918,4.9863
0.57361,1.9657,5.0424
0.65363,1.9226,5.0852
0.69888,1.8707,5.1146
0.70523,1.8292,5.1312
0.61287,1.7849,5.1358
0.46554,1.7406,5.1306
0.28493,1.6956,5.1155
0.093845,1.6313,5.09
-0.10098,1.5828,5.0549
-0.22886,1.533,5.0113
-0.30889,1.4761,4.9599
-0.38442,1.4252,4.9002
-0.39227,1.3663,4.8309
-0.42219,1.3046,4.7522
-0.46818,1.2304,4.6657
-0.51792,1.1748,4.5717
-0.59944,1.1198,4.472
-0.65665,1.0452,4.3667
-0.74752,0.97029,4.2529
-0.79164,0.89995,4.132
-0.82006,0.84232,4.0076
-0.85708,0.77618,3.877
-0.81071,0.71969,3.7426
-0.77631,0.64273,3.6052
-0.72059,0.55135,3.4585
-0.68993,0.49715,3.3073
-0.69329,0.42712,3.1561
-0.6458,0.33119,2.9973
-0.63459,0.25915,2.8324
-0.57737,0.1731,2.6647
-0.488,0.062362,2.4866
-0.41284,-0.031015,2.3018
-0.26401,-0.12933,2.111
-0.12566,-0.20764,1.9166
-0.0041267,-0.32126,1.7178
0.11479,-0.39959,1.5137
0.21351,-0.51888,1.3113
0.30362,-0.6246,1.0996
0.32083,-0.69067,0.89395
0.27147,-0.85417,0.67585
0.25127,-0.84585,0.46358
0.25165,-1.1175,0.2443
0.23819,-0.87803,0.01986
0.304,-0.053955,-0.036854
0.34962,-0.077049,-0.01046
0.34027,-0.11166,-0.022348
0.36046,-0.036177,-0.016751
0.32681,-0.093559,-0.019424
0.2853,-0.026523,-0.019398
0.258,-0.070593,-0.018494
0.21351,-0.045883,-0.021047
0.18359,-0.042862,-0.018891
0.12563,-0.048253,-0.021328
0.039998,-0.032113,-0.02038
-0.02058,-0.040616,-0.021167
-0.040399,-0.031626,-0.021572
-0.05573,-0.036275,-0.021775
-0.090133,-0.035555,-0.022356
-0.094994,-0.037317,-0.022689
-0.10733,-0.031896,-0.023244
-0.13388,-0.032507,-0.023154
-0.11519,-0.03524,-0.024298
-0.07854,-0.029001,-0.025569
-0.051243,-0.02902,-0.026589
-0.0033789,-0.03091,-0.027856
0.0744,-0.025815,-0.028673
0.12787,-0.025309,-0.028579
0.15816,-0.025387,-0.029738
0.17424,-0.018879,-0.029783
0.1963,-0.026028,-0.03057
0.21799,-0.017619,-0.031114
0.19481,-0.031941,-0.030908
0.16938,-0.023262,-0.032572
0.12526,-0.022204,-0.031001
0.092723,-0.031832,-0.033817
0.13124,-0.020907,-0.03162
0.12526,-0.057149,-0.033956
0.13498,0.018172,-0.033468
0.1619,-0.057603,-0.032261
0.16228,0.0088711,-0.037262
0.16975,-0.028495,-0.028418
0.12114,-0.044369,-0.043872
0.1346,0.10069,-0.017778
0.031771,-1.2969,-0.12063
0.058695,-2.2164,-0.4961
0.21612,-1.8357,-0.8643
0.073278,-1.9682,-1.1958
0.30886,-1.9381,-1.5306
0.47938,-1.9393,-1.8292
0.35149,-1.9907,-2.1229
0.62559,-1.9752,-2.3922
0.5422,-2.0556,-2.6535
0.36944,-2.0555,-2.9026
0.53921,-2.1047,-3.1391
0.47788,-2.0947,-3.3628
0.48648,-2.1208,-3.5695
0.60539,-2.1555,-3.7704
0.62072,-2.1578,-3.9593
0.59455,-2.1687,-4.1364
0.6024,-2.156,-4.299
0.59118,-2.1536,-4.4478
0.5235,-2.1313,-4.5831
0.51565,-2.0988,-4.7013
0.49209,-2.0708,-4.8037
0.47451,-2.0412,-4.8912
0.45133,-2.0203,-4.9661
0.50368,-1.9967,-5.0307
0.58819,-1.9599,-5.0831
0.59343,-1.9157,-5.122
0.61736,-1.8704,-5.1476
0.55192,-1.826,-5.1611
0.39711,-1.7824,-5.1638
0.21911,-1.7402,-5.156
0.045981,-1.6897,-5.1378
-0.10846,-1.6377,-5.1096
-0.24345,-1.5872,-5.0723
-0.32758,-1.5337,-5.0261
-0.402,-1.484,-4.9716
-0.42742,-1.4252,-4.9092
-0.4379,-1.3588,-4.8376
-0.46706,-1.2884,-4.7561
-0.48688,-1.2319,-4.6671
-0.53699,-1.1814,-4.5729
-0.58186,-1.1086,-4.4717
-0.62075,-1.0388,-4.363
-0.66936,-0.97031,-4.2477
-0.72097,-0.90709,-4.1272
-0.72845,-0.83944,-4.0016
-0.70825,-0.76968,-3.8688
-0.68619,-0.71118,-3.7338
-0.63982,-0.62123,-3.5939
-0.6129,-0.54328,-3.4445
-0.59084,-0.49205,-3.2934
-0.5669,-0.411,-3.14
-0.53213,-0.32213,-2.9779
-0.50707,-0.24763,-2.8116
-0.43042,-0.14096,-2.6398
-0.30776,-0.041621,-2.4575
-0.22924,0.054238,-2.2702
-0.10584,0.14532,-2.0762
-0.008614,0.22979,-1.8802
0.075148,0.34986,-1.6773
0.16377,0.41502,-1.4736
0.18509,0.56106,-1.2676
0.22472,0.62732,-1.056
0.21126,0.73945,-0.84805
0.15181,0.84249,-0.62527
0.15891,0.89248,-0.41795
0.15517,1.1567,-0.18304
0.17611,0.54196,-0.0018065
0.26436,-0.055754,-0.00017565
0.2767,0.12686,-0.011986
0.28755,0.038844,-0.0026464
0.30101,0.040093,-0.0093761
0.24604,0.039182,-0.0033549
0.24604,0.010577,-0.006643
0.22958,0.046485,-0.0041535
0.17723,0.0059543,-0.004101
0.15255,0.025558,-0.0044197
0.086366,0.0093922,-0.0027438
0.03065,0.012849,-0.0036549
0.019057,0.011214,-0.002084
0.00036053,0.0078626,-0.0022827
0.0018563,0.0051895,-0.0015778
-0.0015092,0.0010244,-0.0013379
-0.023945,0.010607,-0.0006368
-0.032546,-0.00076764,-0.00026938
-0.037781,0.004526,1.9303e-05
-0.010484,0.010749,0.0016239
0.053834,0.0076489,0.0024863
0.09908,0.0073002,0.0033148
0.13797,0.0091635,0.004912
0.19144,-0.00060268,0.0053544
0.215,-0.00096633,0.0054593
0.21911,0.0011594,0.0066741
0.20565,0.0004283,0.0065504
0.16788,0.0068016,0.0078663
0.1619,-0.0044454,0.0076001
0.1361,0.012024,0.0085224
0.093097,-0.010834,0.0091935
0.095715,0.0090698,0.0081775
0.093845,-0.00118,0.011091
0.10282,-0.0078195,0.0080538
0.13834,0.014768,0.012362
0.17424,-0.042715,0.0089761
0.15629,0.049015,0.011679
0.15592,-0.065281,0.011814
0.14246,0.058493,0.0078963
0.068417,-0.066709,0.019279
0.068791,0.066208,-0.0054695
0.010831,1.7292,0.17023
0.10656,2.2097,0.56775
0.20827,1.8219,0.91409
0.094219,1.987,1.2508
0.30362,1.9035,1.5773
0.32494,1.9573,1.8742
0.16602,1.9589,2.1643
0.3986,1.9761,2.4303
0.34251,2.0299,2.6913
0.27371,2.0393,2.9364
0.45956,2.0777,3.1702
0.43002,2.0638,3.3887
0.48424,2.1076,3.5939
0.63867,2.1021,3.7927
0.6742,2.1232,3.9787
0.65812,2.134,4.1523
0.66634,2.1147,4.3111
0.62521,2.1126,4.4562
0.55753,2.0726,4.5855
0.52836,2.0521,4.6995
0.47489,2.0263,4.7982
0.44946,1.994,4.8817
0.43039,1.9707,4.9531
0.46891,1.9367,5.0133
0.54481,1.9069,5.0617
0.53846,1.8567,5.0969
0.55155,1.802,5.1191
0.51453,1.7667,5.1292
0.33354,1.7135,5.128
0.19743,1.6702,5.117
0.03738,1.6289,5.0961
-0.16679,1.5666,5.0648
-0.28982,1.5224,5.025
-0.3762,1.4705,4.9772
-0.42518,1.4082,4.9198
-0.43752,1.3552,4.8542
-0.42331,1.2932,4.7798
-0.4622,1.2269,4.6962
-0.53063,1.1693,4.6053
-0.56578,1.1063,4.5086
-0.60542,1.0402,4.4059
-0.65515,0.97054,4.2955
-0.72508,0.89674,4.1771
-0.75986,0.8426,4.0546
-0.75163,0.77532,3.9266
-0.74714,0.71084,3.7935
-0.70414,0.64431,3.6583
-0.62,0.55371,3.5147
-0.56952,0.49018,3.364
-0.54447,0.43291,3.2133
-0.49997,0.34398,3.0574
-0.46482,0.25645,2.8937
-0.43154,0.1836,2.7275
-0.35002,0.075176,2.5522
-0.28308,-0.017008,2.3686
-0.20942,-0.10811,2.1808
-0.085645,-0.19415,1.9869
0.014196,-0.29405,1.7904
0.10731,-0.3898,1.5862
0.16302,-0.47479,1.3843
0.2064,-0.61403,1.175
0.25688,-0.65936,0.96658
0.19855,-0.82372,0.75485
0.16115,-0.84402,0.53527
0.18471,-1.003,0.32652
0.1361,-1.1005,0.086775
0.18583,-0.27926,-0.037611
0.27483,0.0046609,-0.013924
0.25165,-0.15109,-0.016751
0.28717,-0.028244,-0.01849
0.29166,-0.085312,-0.015588
0.22248,-0.043881,-0.019615
0.20715,-0.053662,-0.016143
0.16714,-0.051319,-0.019821
0.12077,-0.03314,-0.017699
0.091601,-0.054705,-0.019218
0.026536,-0.028653,-0.019488
-0.020954,-0.043982,-0.019184
-0.041894,-0.030981,-0.020477
-0.041894,-0.033823,-0.020192
-0.03479,-0.040777,-0.02104
-0.036285,-0.034093,-0.021295
-0.041147,-0.032462,-0.021827
-0.062087,-0.033481,-0.021898
-0.053861,-0.037343,-0.022686
-0.0033789,-0.0335,-0.023829
0.046355,-0.032248,-0.024755
0.072157,-0.028533,-0.025914
0.13535,-0.027734,-0.027008
0.1892,-0.022482,-0.02717
0.19593,-0.028443,-0.027998
0.22771,-0.030872,-0.028868
0.23445,-0.027472,-0.028771
0.22136,-0.021571,-0.030027
0.19668,-0.023085,-0.029348
0.14657,-0.026909,-0.031035
0.13311,-0.0075871,-0.030251
0.10731,-0.03395,-0.031226
0.084497,-0.0011275,-0.032197
0.10731,-0.037643,-0.030476
0.13161,-0.011437,-0.034514
0.15891,-0.010725,-0.029194
0.14769,-0.05424,-0.036468
0.16714,0.046222,-0.029457
0.11965,-0.12769,-0.035808
0.082627,0.15451,-0.032111
0.059817,-0.51449,-0.036351
-0.024693,-2.0669,-0.31187
0.14919,-1.9939,-0.71301
0.080009,-1.8544,-1.0444
0.079635,-1.9867,-1.3859
0.42029,-1.8906,-1.6977
0.32793,-1.9865,-1.9937
0.44834,-1.9502,-2.2752
0.60091,-2.0117,-2.5375
0.35785,-2.0369,-2.7941
0.4274,-2.0612,-3.0344
0.48237,-2.0831,-3.2654
0.43749,-2.0767,-3.4776
0.57024,-2.1254,-3.6813
0.65625,-2.1286,-3.8762
0.65924,-2.1388,-4.0578
0.64391,-2.1307,-4.227
0.63867,-2.1229,-4.3809
0.57847,-2.1131,-4.5223
0.5321,-2.0765,-4.6471
0.50219,-2.0511,-4.7554
0.46591,-2.0244,-4.8498
0.42927,-1.9943,-4.9299
0.40608,-1.9715,-4.9988
0.49059,-1.9398,-5.0565
0.5306,-1.8996,-5.1008
0.53659,-1.8538,-5.1322
0.55641,-1.8061,-5.1508
0.43787,-1.7652,-5.1579
0.28568,-1.7193,-5.1543
0.1548,-1.6671,-5.1402
-0.022824,-1.6175,-5.1157
-0.16492,-1.5685,-5.082
-0.28121,-1.5171,-5.0398
-0.35862,-1.4651,-4.9888
-0.40349,-1.4095,-4.9297
-0.44575,-1.347,-4.8621
-0.45435,-1.2792,-4.7849
-0.47828,-1.2198,-4.6985
-0.52764,-1.1671,-4.6067
-0.5785,-1.0978,-4.5089
-0.61514,-1.031,-4.403
-0.65403,-0.96764,-4.2902
-0.69554,-0.90039,-4.1715
-0.70003,-0.83421,-4.0483
-0.67572,-0.76442,-3.9184
-0.64169,-0.70926,-3.7844
-0.57363,-0.63038,-3.6476
-0.53026,-0.54087,-3.5007
-0.5254,-0.49194,-3.3494
-0.50446,-0.42513,-3.198
-0.49174,-0.32409,-3.0385
-0.47155,-0.25118,-2.8733
-0.42107,-0.16347,-2.7046
-0.31674,-0.05448,-2.5245
-0.23298,0.033686,-2.3383
-0.16305,0.13425,-2.1462
-0.035538,0.21482,-1.9503
0.059817,0.32577,-1.7498
0.13273,0.39352,-1.5444
0.18995,0.51795,-1.341
0.22809,0.62517,-1.1282
0.25464,0.68791,-0.92146
0.21126,0.85494,-0.70128
0.19967,0.83962,-0.48763
0.21164,1.1083,-0.26688
0.16265,0.85458,-0.042136
0.22061,0.025033,0.012047
0.28194,0.055749,-0.01443
0.25763,0.094405,-0.0020802
0.28044,0.0099545,-0.0079214
0.26735,0.058039,-0.0049408
0.24043,0.0068803,-0.0050008
0.21089,0.043141,-0.0053757
0.17798,0.01382,-0.00295
0.16826,0.022686,-0.005162
0.12264,0.021543,-0.0024401
0.066174,0.0062693,-0.0034712
0.013822,0.01773,-0.0022864
0.01457,0.0054632,-0.001844
0.030276,0.011342,-0.0017653
0.010831,0.0072065,-0.00094423
0.009335,0.002554,-0.00064055
-0.0078661,0.0034163,-0.00014941
-0.02058,0.0057781,-5.1931e-05
0.0026042,0.0060481,0.0013877
0.034389,0.007364,0.0025237
0.068791,0.0076039,0.0032886
0.11591,0.010566,0.004642
0.172,0.0026065,0.0057668
0.20117,0.0022653,0.005808
0.2064,0.0065879,0.0067153
0.21949,-0.0043667,0.0069553
0.2079,0.0086836,0.0078476
0.18247,-0.0055476,0.0082037
0.16302,0.0064155,0.00826
0.12152,-0.0030883,0.0098084
0.11516,0.00069448,0.0083612
0.099454,0.011848,0.011237
0.088236,-0.023847,0.0087624
0.10506,0.021929,0.011473
0.12563,-0.046854,0.010716
0.15405,0.027849,0.0096847
0.1432,-0.033313,0.014712
0.12675,0.0088936,0.0057968
0.072157,0.022585,0.021247
0.056451,-0.12434,-0.0047871
-0.017962,1.3377,0.10049
0.0018563,2.2787,0.47503
0.18621,1.8518,0.84014
0.1002,1.9593,1.1718
0.21425,1.9223,1.508
0.35672,1.924,1.8079
0.16115,1.9581,2.1023
0.33578,1.9403,2.3729
0.40833,2.0224,2.6357
0.27446,2.0106,2.8854
0.45918,2.0679,3.1223
0.47377,2.0562,3.3462
0.48274,2.0753,3.5536
0.63867,2.1068,3.7552
0.66148,2.1043,3.9447
0.66111,2.1188,4.1228
0.64802,2.1011,4.2862
0.62222,2.095,4.4353
0.56688,2.0732,4.5704
0.49583,2.0402,4.689
0.45619,2.0151,4.793
0.41244,1.9772,4.8817
0.37766,1.9457,4.9562
0.41207,1.9239,5.0201
0.48087,1.8918,5.0728
0.51752,1.8491,5.112
0.52948,1.8009,5.1384
0.49359,1.751,5.152
0.34513,1.7057,5.1543
0.17424,1.6629,5.1468
0.02504,1.6176,5.1286
-0.14585,1.5597,5.1001
-0.29094,1.5082,5.0627
-0.39377,1.4683,5.0171
-0.42892,1.4027,4.9632
-0.46444,1.342,4.9002
-0.47716,1.2919,4.8288
-0.44163,1.2228,4.7486
-0.47005,1.1621,4.6595
-0.50969,1.1074,4.5646
-0.54746,1.0517,4.4646
-0.59869,0.97559,4.3569
-0.6215,0.88922,4.2408
-0.6559,0.84119,4.119
-0.66301,0.77536,3.9927
-0.62898,0.70834,3.8607
-0.59458,0.65853,3.7264
-0.53512,0.56524,3.586
-0.49997,0.49076,3.4363
-0.50707,0.4352,3.2854
-0.48838,0.35288,3.1317
-0.46706,0.27406,2.9695
-0.46332,0.2048,2.8036
-0.40611,0.098795,2.6318
-0.3388,0.0064005,2.4494
-0.25953,-0.080157,2.2629
-0.13762,-0.1823,2.0697
-0.056478,-0.26315,1.8736
0.063556,-0.37671,1.671
0.1619,-0.445,1.467
0.18583,-0.58302,1.2608
0.22771,-0.64866,1.0482
0.19967,-0.757,0.8408
0.13947,-0.87379,0.61813
0.1275,-0.894,0.40996
0.098706,-1.1729,0.17728
0.12563,-0.62802,-0.015341
0.22585,0.027785,-0.02588
0.22734,-0.1351,-0.010145
0.22884,-0.067084,-0.020879
0.26324,-0.058529,-0.013669
0.21164,-0.078057,-0.019128
0.20154,-0.038265,-0.016323
0.19518,-0.068467,-0.017984
0.16115,-0.032166,-0.018247
0.15629,-0.052399,-0.017501
0.096837,-0.033793,-0.019645
0.048972,-0.037598,-0.018513
0.047103,-0.041392,-0.019769
0.049346,-0.028357,-0.019593
0.046355,-0.036964,-0.02026
0.025788,-0.033823,-0.020815
0.0070914,-0.030497,-0.021021
-0.023945,-0.029061,-0.021208
-0.030676,-0.033212,-0.021621
-0.0059964,-0.031918,-0.023001
0.05346,-0.027929,-0.024065
0.088236,-0.029796,-0.024961
0.10955,-0.031221,-0.026337
0.18359,-0.023078,-0.026735
0.1877,-0.032822,-0.027068
0.1963,-0.027918,-0.028306
0.23071,-0.020829,-0.028021
0.20154,-0.023865,-0.029419
0.18957,-0.013402,-0.029029
0.13909,-0.032469,-0.029985
0.094967,-0.0075308,-0.030446
0.095341,-0.029931,-0.029813
0.063556,-0.013016,-0.032062
0.067669,-0.018204,-0.029449
0.080383,-0.032735,-0.033873
0.1017,0.013441,-0.029408
0.090106,-0.067459,-0.033836
0.090854,0.049165,-0.031894
0.081131,-0.10234,-0.030581
0.049346,0.074854,-0.038938
0.063556,-0.18243,-0.018273
-0.042268,-1.8157,-0.2225
0.090854,-2.1091,-0.62629
0.15779,-1.8089,-0.9685
0.067295,-1.9884,-1.3074
0.4001,-1.8873,-1.6295
0.4188,-1.964,-1.9259
0.4274,-1.9498,-2.2142
0.68242,-1.9794,-2.4789
0.45357,-2.0287,-2.7391
0.42628,-2.039,-2.9831
0.53584,-2.0765,-3.2173
0.44796,-2.0552,-3.4346
0.5493,-2.1021,-3.6399
0.63007,-2.1157,-3.8386
0.63793,-2.1206,-4.0239
0.63306,-2.1195,-4.1974
0.64466,-2.1073,-4.3558
0.56837,-2.102,-4.5013
0.51527,-2.0707,-4.6319
0.51565,-2.0403,-4.745
0.43675,-2.007,-4.8433
0.42964,-1.9778,-4.9274
0.38664,-1.9623,-4.9997
0.43002,-1.93,-5.0617
0.4891,-1.8868,-5.1105
0.46704,-1.8445,-5.1457
0.49396,-1.7983,-5.1682
0.39487,-1.754,-5.1789
0.24866,-1.7084,-5.1788
0.10693,-1.6621,-5.1682
-0.087515,-1.6099,-5.1473
-0.21727,-1.5585,-5.1162
-0.30066,-1.5074,-5.0759
-0.35862,-1.4559,-5.0276
-0.3833,-1.4045,-4.9713
-0.39863,-1.3418,-4.9061
-0.40424,-1.277,-4.8312
-0.43191,-1.2128,-4.7475
-0.46744,-1.1595,-4.6574
-0.50333,-1.0992,-4.5615
-0.53699,-1.03,-4.4582
-0.57663,-0.96714,-4.3479
-0.61739,-0.90013,-4.2311
-0.62599,-0.84164,-4.1094
-0.61739,-0.76598,-3.9817
-0.59308,-0.70251,-3.8481
-0.55157,-0.64453,-3.7121
-0.49249,-0.54966,-3.5678
-0.47417,-0.4908,-3.417
-0.48202,-0.43491,-3.2657
-0.42967,-0.3352,-3.1088
-0.41434,-0.25996,-2.9443
-0.37582,-0.18601,-2.7769
-0.26214,-0.071568,-2.6002
-0.22325,0.015668,-2.4147
-0.13613,0.11332,-2.2247
-0.019458,0.19782,-2.0288
0.040746,0.29321,-1.8304
0.12675,0.38629,-1.6246
0.15854,0.46822,-1.4213
0.18696,0.61356,-1.2107
0.21089,0.65383,-1.001
0.16527,0.81202,-0.78729
0.12189,0.8339,-0.56517
0.10955,0.98455,-0.35604
0.11666,1.1,-0.1142
0.15816,0.27345,0.014281
0.22771,-0.033223,-0.0093161
0.24192,0.13875,-0.0063318
0.24641,0.0070378,-0.0038873
0.25239,0.064469,-0.0070704
0.22472,0.028231,-0.0026164
0.20042,0.022941,-0.0061068
0.16863,0.030083,-0.0024626
0.15031,0.012346,-0.0044385
0.13685,0.028996,-0.0026576
0.078514,0.0020066,-0.0023427
0.021301,0.01289,-0.0025714
0.036259,0.0065654,-0.0011579
0.048972,0.0065317,-0.0015553
0.036633,0.0075102,-0.00054682
0.049346,0.005497,-0.00028063
0.037006,0.0025277,0.00026675
0.0018563,0.0012268,0.00038672
-0.0033789,0.0086611,0.0011141
0.050094,0.0063442,0.0022576
0.10581,0.0082375,0.0034048
0.12301,0.0093697,0.004627
0.1619,0.007094,0.0056431
0.19892,-0.0017799,0.0060517
0.21238,0.0052533,0.0066253
0.19967,0.0033788,0.0075739
0.19107,-0.002271,0.0072177
0.17761,0.0027602,0.0086086
0.12152,-0.0034482,0.0083874
0.093471,0.0093022,0.0096209
0.072531,-0.013964,0.0095347
0.054582,0.010461,0.0095009
0.070661,-0.01366,0.011537
0.08861,0.0020441,0.0089086
0.10544,0.0088711,0.013483
0.13647,-0.031513,0.0087099
0.12488,0.043163,0.014015
0.12002,-0.072449,0.010836
0.098332,0.088504,0.011582
0.042242,-0.12971,0.016643
0.048225,0.2516,0.0012078
-0.019084,1.9304,0.22392
0.086366,2.1183,0.62527
0.16975,1.8256,0.96197
0.099828,1.9746,1.3012
0.31671,1.8641,1.6209
0.2666,1.9508,1.9175
0.17873,1.9255,2.2039
0.41655,1.9671,2.4682
0.32045,2.009,2.7278
0.32157,2.0096,2.9705
0.50106,2.0412,3.2025
0.45619,2.032,3.4175
0.55267,2.0774,3.6227
0.68766,2.0812,3.8203
0.67794,2.0862,4.0041
0.67158,2.0808,4.1755
0.66335,2.064,4.3317
0.58782,2.0464,4.474
0.5048,2.0135,4.5999
0.45432,1.9917,4.7105
0.40833,1.9539,4.806
0.35224,1.9261,4.8867
0.31634,1.9024,4.9564
0.39711,1.8705,5.0147
0.45881,1.8226,5.0602
0.45021,1.7485,5.0926
0.48498,1.7236,5.1117
0.42029,1.6916,5.1194
0.24866,1.6358,5.117
0.10693,1.5943,5.1038
-0.0662,1.5366,5.0804
-0.21353,1.4961,5.0478
-0.31076,1.4478,5.0064
-0.38405,1.3898,4.9565
-0.42593,1.3371,4.898
-0.44986,1.2771,4.8303
-0.4263,1.2155,4.7538
-0.46706,1.1472,4.6687
-0.51156,1.0927,4.5766
-0.50969,1.0383,4.4795
-0.5512,0.96677,4.3757
-0.57999,0.89245,4.263
-0.60056,0.83299,4.1443
-0.61327,0.77442,4.0211
-0.60093,0.70513,3.8913
-0.56242,0.65238,3.7587
-0.48426,0.57441,3.6219
-0.4349,0.48854,3.4752
-0.40611,0.43915,3.325
-0.39639,0.36572,3.1736
-0.402,0.27472,3.0145
-0.38068,0.20787,2.8498
-0.35226,0.11361,2.6811
-0.30178,0.0086799,2.5017
-0.24756,-0.072141,2.3166
-0.1724,-0.16877,2.1256
-0.065079,-0.24437,1.9305
0.022797,-0.35767,1.7309
0.089732,-0.42942,1.526
0.15405,-0.54346,1.3227
0.1978,-0.64996,1.1101
0.20191,-0.70737,0.9036
0.16078,-0.8695,0.68441
0.11329,-0.85648,0.47067
0.10207,-1.1222,0.25076
0.080757,-0.88777,0.024524
0.15405,-0.054667,-0.033663
0.19855,-0.074912,-0.0066242
0.18022,-0.11565,-0.018524
0.22398,-0.030771,-0.012953
0.16676,-0.088086,-0.015435
0.15368,-0.028889,-0.015611
0.16975,-0.063496,-0.01476
0.12301,-0.039675,-0.017366
0.11254,-0.045085,-0.015232
0.080383,-0.043308,-0.017557
0.066174,-0.030437,-0.016578
0.051216,-0.040275,-0.017658
0.033641,-0.028398,-0.017999
0.059069,-0.038464,-0.018033
0.079635,-0.032042,-0.018622
0.071409,-0.032282,-0.019008
0.046355,-0.027835,-0.019686
0.036633,-0.025976,-0.01951
0.026536,-0.030775,-0.020732
0.03065,-0.02935,-0.021718
0.074026,-0.030077,-0.022494
0.10768,-0.027311,-0.023825
0.16415,-0.02442,-0.024853
0.19294,-0.021203,-0.024924
0.17536,-0.029061,-0.026101
0.22734,-0.020412,-0.026529
0.22435,-0.025567,-0.02645
0.17574,-0.01916,-0.027762
0.15629,-0.01859,-0.027016
0.10581,-0.028544,-0.02898
0.093097,-0.011576,-0.027908
0.063182,-0.039101,-0.029273
0.05159,-0.0032832,-0.029209
0.059817,-0.040957,-0.029037
0.074774,-0.0029083,-0.031631
0.10506,-0.022549,-0.027068
0.072157,-0.028593,-0.034615
0.10469,0.031211,-0.025381
0.047103,-0.11102,-0.036756
0.031397,0.17476,-0.024013
-0.0015092,-0.77443,-0.054756
-0.077793,-2.1627,-0.37056
0.13797,-1.9109,-0.76214
0.057573,-1.8728,-1.0898
0.15966,-1.9502,-1.4303
0.49172,-1.877,-1.7362
0.3657,-1.9659,-2.0311
0.57996,-1.9221,-2.3084
0.66261,-1.9945,-2.5704
0.39075,-2.0036,-2.825
0.51079,-2.0283,-3.0634
0.51602,-2.0365,-3.2907
0.45993,-2.0468,-3.5012
0.59567,-2.0895,-3.7053
0.66934,-2.0835,-3.8981
0.65438,-2.0909,-4.0776
0.62035,-2.078,-4.2438
0.59717,-2.0694,-4.3955
0.52612,-2.0467,-4.5337
0.49583,-2.0095,-4.6547
0.43787,-1.9833,-4.76
0.39823,-1.9499,-4.8508
0.3814,-1.9266,-4.9287
0.37206,-1.9039,-4.9955
0.45544,-1.863,-5.0503
0.46068,-1.8218,-5.0916
0.48611,-1.7784,-5.1201
0.47526,-1.7298,-5.1363
0.31559,-1.6838,-5.1411
0.17162,-1.6392,-5.1357
0.014196,-1.589,-5.12
-0.13912,-1.5392,-5.0937
-0.26701,-1.4928,-5.0586
-0.36647,-1.4401,-5.0149
-0.39153,-1.3871,-4.9627
-0.42556,-1.3303,-4.9023
-0.44014,-1.2711,-4.8326
-0.42032,-1.2069,-4.7532
-0.44163,-1.1467,-4.6662
-0.47379,-1.0953,-4.5736
-0.49548,-1.0304,-4.4743
-0.51193,-0.95859,-4.3675
-0.53101,-0.89149,-4.2537
-0.55942,-0.83656,-4.1344
-0.54671,-0.76529,-4.0098
-0.52465,-0.69772,-3.8786
-0.51044,-0.64259,-3.7446
-0.43715,-0.55535,-3.6042
-0.3919,-0.48363,-3.4553
-0.39751,-0.43233,-3.3055
-0.38816,-0.35258,-3.152
-0.36872,-0.26423,-2.9896
-0.33955,-0.19548,-2.8239
-0.29767,-0.084168,-2.6514
-0.21989,0.0089498,-2.4676
-0.15258,0.085471,-2.2796
-0.065827,0.18717,-2.0851
0.044485,0.26925,-1.888
0.093471,0.37781,-1.6842
0.14994,0.44972,-1.4798
0.19481,0.58702,-1.2728
0.22585,0.64511,-1.0604
0.21687,0.76725,-0.85186
0.13348,0.86391,-0.62809
0.12226,0.89727,-0.41982
0.11292,1.1612,-0.1834
0.093845,0.54793,-0.00045309
0.15779,-0.056253,0.0010691
0.18434,0.12534,-0.010857
0.21425,0.03562,-0.0010942
0.22958,0.040213,-0.0080039
0.1907,0.049413,-0.0021665
0.20154,0.015248,-0.0055032
0.18995,0.045221,-0.0030025
0.16714,0.003495,-0.0031337
0.1432,0.029903,-0.003235
0.10955,0.014093,-0.0012517
0.082253,0.013584,-0.0024252
0.056077,0.016118,-0.00086175
0.090106,0.0048446,-0.0011429
0.086366,0.011728,-0.00028813
0.066922,0.006408,0.00022551
0.060939,0.0021603,0.00045421
0.041868,0.0012156,0.00086287
0.038128,0.0035737,0.001294
0.044859,0.0048521,0.0019464
0.093097,0.0036524,0.0021076
0.10656,0.0035775,0.0028424
0.15592,0.0036712,0.0034498
0.21201,-0.0031558,0.0033936
0.20154,0.00016587,0.0031011
0.20378,-0.00062892,0.0032811
0.19556,-0.008948,0.0033748
0.19144,-0.0051127,0.0030899
0.15442,-0.0045654,0.0035585
0.12339,-0.0037706,0.003551
0.094219,-0.0038568,0.0031011
0.059443,-0.0058026,0.003476
0.056825,-0.0041717,0.0035398
0.044111,-0.0055776,0.0034235
0.071409,-0.0070697,0.003491
0.099828,-0.0052927,0.003461
