0.059443,-0.023877,-0.00075303
0.054208,-0.026879,-0.00071178
0.043363,-0.015209,-0.00050933
0.030276,-0.013814,-8.5674e-05
0.046355,-0.009649,0.00017677
0.055703,-0.013259,0.00021051
0.047851,-0.025065,0.00045421
0.051216,-0.015048,0.00053669
0.032145,-0.023393,0.0010166
0.034015,-0.020742,0.00097534
0.050468,-0.011407,0.0013053
0.053086,-0.030242,0.0011403
0.047477,0.001658,0.0012115
0.035137,-0.039971,0.0017514
0.057573,-0.0024997,0.00099409
0.059817,-0.017552,0.0024263
0.040372,-0.038389,0.0010316
0.05346,0.0010956,0.0019614
0.050842,-0.065371,0.0014177
0.029154,0.073152,0.0012378
0.05346,-0.12192,0.00243
0.05159,0.083746,-0.00074553
0.047477,-0.14118,0.004957
0.061312,0.052345,-0.0066955
0.04972,2.3499,0.090802
0.11179,3.7018,0.31077
0.092349,4.678,0.39939
0.13161,4.7237,0.45069
0.22323,3.4413,0.58938
0.13423,2.9881,0.72184
0.23856,3.0273,0.84175
0.24305,2.767,0.93638
0.079261,2.4565,1.0314
0.11366,2.9597,1.1053
-0.0045007,2.8616,1.1517
-0.044512,3.0739,1.1862
-0.00824,2.7571,1.1975
-0.071062,2.2637,1.2329
0.0082132,3.1011,1.2346
-0.011605,2.86,1.2133
-0.18362,2.9422,1.1913
-0.33506,2.3909,1.155
-0.078166,1.4783,1.1566
0.36869,1.7008,1.1495
0.30624,1.4393,1.1284
0.096463,1.3919,1.1091
0.097958,1.2994,1.0746
0.036633,1.1576,1.036
0.059817,1.1205,0.98641
0.21388,0.95561,0.93292
0.1447,0.8959,0.87364
0.028032,0.76799,0.81056
-0.087889,0.65839,0.74428
-0.31786,0.52865,0.66776
-0.36124,0.42517,0.59429
-0.18698,0.28294,0.51419
-0.093124,0.16828,0.43025
-0.052365,0.017944,0.34187
-0.10098,-0.10618,0.24889
-0.20643,-0.3061,0.15281
-0.16941,-0.49449,0.037563
0.015692,-0.14304,-0.013103
0.24828,0.017085,0.001189
0.32606,-0.067185,-0.0017503
0.41207,-0.0064586,-0.0013454
0.34476,-0.039352,-0.00060306
0.16228,-0.019674,-0.001949
0.10506,-0.019408,-0.00019815
0.0089611,-0.020551,-0.001994
-0.030302,-0.0093191,-0.00078677
-0.04713,-0.026066,-0.0013829
-0.060217,-0.012881,-0.0011917
-0.12416,-0.014849,-0.0012442
-0.13912,-0.012738,-0.0017466
-0.09275,-0.015715,-0.0015553
0.03738,-0.013825,-0.001949
0.27034,-0.011853,-0.0020465
0.32195,-0.013327,-0.0024364
0.32494,-0.0097803,-0.0022489
0.26436,-0.012071,-0.0022714
0.14956,-0.010046,-0.0026614
0.071409,-0.010425,-0.0027888
0.078888,-0.0086368,-0.00301
0.13086,-0.010897,-0.0030963
0.084871,-0.01128,-0.0033662
0.081505,-0.0053564,-0.0031975
0.013074,-0.010586,-0.0029875
-0.05947,-0.0096303,-0.0032912
-0.081532,-0.0041905,-0.0028863
-0.09275,-0.0076508,-0.0030063
-0.019832,-0.0142,-0.0033025
0.022797,-0.012296,-0.002965
0.040372,-0.0071709,-0.0031075
-0.01871,-0.0061287,-0.00316
-0.017589,-0.0064211,-0.0028788
0.057947,-0.007812,-0.0026464
0.091975,-0.0077183,-0.0028938
0.19182,-0.0089667,-0.0030775
0.19182,-0.0058888,-0.0028151
0.10918,-0.0043442,-0.002905
-0.00038735,-0.00587,-0.0030288
-0.11444,-0.0076058,-0.0030363
-0.17202,-0.0068785,-0.00298
-0.14585,-0.0040968,-0.0030213
-0.00824,-0.005049,-0.0029725
0.017188,-0.0049853,-0.0028076
0.021675,-0.007767,-0.0030063
0.091601,-0.0044679,-0.0028301
0.099454,-0.0046966,-0.0028788
0.12189,-0.0090042,-0.0036699
0.19256,-0.0057051,-0.0040298
0.23557,-0.014399,-0.0041198
0.19518,-0.01399,-0.0046147
0.1275,-0.0046066,-0.0047496
0.072157,-0.012573,-0.0051958
-0.0067443,-0.0063799,-0.0052333
-0.0071182,-0.010845,-0.0050721
0.077766,-0.0083856,-0.0058706
0.11591,-0.0053527,-0.0050158
0.12264,-0.015865,-0.0061893
0.10918,0.0014218,-0.0052108
0.077018,-0.023367,-0.0059981
0.051964,0.0054632,-0.0063168
0.066174,-0.019595,-0.0046522
0.10619,-0.0065561,-0.0075428
0.094593,0.0010619,-0.0036736
0.087114,-0.036578,-0.0084801
0.072905,0.045409,-0.0026089
0.0022302,-0.088997,-0.0080452
0.003352,0.13302,-0.0033999
0.028032,-0.43228,-0.010561
0.045607,-1.8913,-0.20746
0.083749,-2.1219,-0.46054
0.075896,-2.1429,-0.6465
0.074774,-2.3285,-0.83386
0.1002,-2.3879,-0.98658
0.19219,-2.5864,-1.1189
0.28007,-2.5546,-1.2315
0.30362,-2.517,-1.32
0.29989,-2.4408,-1.3993
0.21724,-2.393,-1.4658
0.19406,-2.374,-1.5228
0.23258,-2.3038,-1.5639
0.19967,-2.2623,-1.5951
0.18658,-2.194,-1.6164
0.16564,-2.1481,-1.6286
0.081505,-2.0921,-1.6334
0.023545,-2.0166,-1.6276
-0.049373,-1.9338,-1.6122
-0.14248,-1.8433,-1.587
-0.11481,-1.7619,-1.5542
-0.054608,-1.6677,-1.5143
-0.067696,-1.5699,-1.4691
-0.056104,-1.456,-1.4187
-0.059096,-1.3267,-1.3598
-0.044138,-1.2186,-1.2958
0.0048478,-1.1023,-1.2266
-0.013101,-1.004,-1.1531
-0.021328,-0.892,-1.0781
-0.056852,-0.76014,-0.99626
-0.13912,-0.6449,-0.91029
-0.21353,-0.52339,-0.82162
-0.23335,-0.40682,-0.73148
-0.20568,-0.24939,-0.63319
-0.21765,-0.15283,-0.53371
-0.1623,0.027594,-0.43009
-0.082654,0.16952,-0.31434
-0.064331,0.33003,-0.20119
-0.034416,0.57197,-0.066975
-0.0059964,0.20844,0.0096472
0.045607,-0.048163,-0.0030063
0.10768,0.059565,-0.003295
0.14358,-0.0080107,-0.0016266
0.13797,0.021501,-0.0039473
0.12114,0.012609,-0.0013004
0.12077,0.0038324,-0.0034899
0.11404,0.014873,-0.0014091
0.14433,-0.0028933,-0.0026014
0.16041,0.012939,-0.0020127
0.15779,-0.0020948,-0.0017166
0.16265,0.0032888,-0.0021102
0.15255,0.0032213,-0.0012779
0.1634,0.0029401,-0.0015291
0.16415,0.0030938,-0.0011767
0.18883,-0.0026084,-0.0011879
0.22846,-0.00022403,-0.0008655
0.21762,-0.0038193,-0.00073053
0.21164,-0.0010113,-0.00079427
0.19518,0.0010394,-0.00038561
0.14919,-0.004183,-8.9423e-05
0.13049,-0.0025822,0.00017302
0.12226,-0.0024172,0.00032673
0.07627,-0.0032982,0.00015802
0.021301,1.9656e-05,0.00050669
-0.013849,-0.003077,0.00052169
-0.060965,-0.0039655,3.8049e-05
-0.096863,-0.0037069,0.00043546
-0.10696,-0.0061025,0.00057418
-0.089385,-0.0035831,0.00019176
-0.050495,-0.0018586,0.00028174
-0.057974,-0.0028408,0.00034173
-0.067696,-0.0035606,0.00015427
-0.056852,-0.0045991,0.00019176
-0.048251,-3.6579e-05,0.00058168
-0.048251,0.0004283,0.0011478
-0.056104,-0.0024172,0.0016089
-0.031424,0.0021866,0.0022013
-0.028059,-0.0045579,0.0028762
-0.033294,-0.002346,0.0029999
-0.03479,0.0032513,0.0040497
-0.013849,-0.0046104,0.0039072
0.031023,0.0067116,0.0042859
0.04972,-0.012847,0.0049532
0.11179,-0.0020948,0.0042671
0.15106,-0.0015587,0.0060105
0.1791,-0.01068,0.0043833
0.21425,0.014506,0.0065429
0.22697,-0.020349,0.0051482
0.30774,0.025892,0.0059992
0.44049,-0.031232,0.0070677
0.31896,0.019473,0.0041621
0.035137,-0.0073434,0.0099021
0.16115,-0.020607,0.00092285
0.18209,0.067648,0.013977
0.053834,-0.17829,-0.0061106
0.215,1.0505,0.056448
0.14844,2.3645,0.37478
0.14358,2.2081,0.7088
0.27446,2.4067,0.99055
0.27782,2.5557,1.2721
0.33877,2.6458,1.5111
0.44722,2.8355,1.7421
0.48985,2.902,1.9529
0.38327,3.0408,2.1485
0.40683,3.0947,2.3272
0.36383,3.1776,2.487
0.34027,3.2041,2.6353
0.39674,3.2362,2.7668
0.28792,3.2321,2.8836
0.24604,3.1921,2.9794
0.10805,3.2019,3.0625
-0.016841,3.186,3.1346
-0.094246,3.179,3.1938
-0.11444,3.1346,3.2405
-0.10546,3.0756,3.2719
-0.14174,3.0269,3.2906
-0.068444,2.9698,3.2974
-0.017962,2.9206,3.2942
0.10731,2.8591,3.2827
0.14769,2.78,3.2615
0.16639,2.6906,3.2313
0.22061,2.6123,3.1936
0.10992,2.5391,3.1501
0.0052217,2.4497,3.0998
-0.12715,2.3549,3.0408
-0.27149,2.2577,2.9745
-0.42967,2.1627,2.9008
-0.49174,2.0684,2.8209
-0.42369,1.973,2.7371
-0.40274,1.8579,2.6481
-0.32571,1.6505,2.5543
-0.23933,1.411,2.4592
-0.18025,1.236,2.3645
-0.097985,1.0855,2.2663
-0.019084,0.959,2.1663
0.12226,0.82959,2.0648
0.11179,0.70175,1.9568
-0.026189,0.60173,1.8463
-0.091254,0.50073,1.7342
-0.18362,0.38503,1.6169
-0.16716,0.285,1.4926
-0.091628,0.18831,1.3674
-0.1466,0.045818,1.233
-0.20942,-0.045081,1.0907
-0.22886,-0.17744,0.94267
-0.24046,-0.26673,0.78794
-0.1825,-0.38955,0.63441
-0.068818,-0.51102,0.46832
0.037006,-0.57931,0.31225
0.1174,-0.85964,0.13217
0.17462,-0.46632,-0.012784
0.215,0.040951,-0.016511
0.26399,-0.093563,-0.0056757
0.36719,-0.045051,-0.013256
0.38103,-0.036604,-0.0074078
0.29241,-0.054472,-0.011779
0.21986,-0.025886,-0.0092936
0.069913,-0.049838,-0.010999
-0.089011,-0.019569,-0.010932
-0.14061,-0.037294,-0.010478
-0.14959,-0.025121,-0.011914
-0.10659,-0.025699,-0.010958
-0.039651,-0.028357,-0.012091
0.014944,-0.021803,-0.011603
0.094967,-0.02595,-0.012132
0.15592,-0.019873,-0.012312
0.19144,-0.024409,-0.01239
0.22771,-0.021905,-0.012994
0.23407,-0.019048,-0.012837
0.17312,-0.020544,-0.013249
0.079261,-0.018647,-0.013856
-0.011979,-0.018204,-0.013946
-0.10172,-0.019108,-0.014243
-0.10285,-0.017679,-0.014617
-0.071436,-0.015186,-0.014381
-0.075175,-0.013844,-0.01428
-0.037407,-0.018167,-0.014512
-0.02245,-0.016787,-0.014569
-0.014971,-0.012225,-0.01434
0.02504,-0.01408,-0.014303
0.050094,-0.015318,-0.014767
0.11516,-0.016517,-0.015454
0.16115,-0.012704,-0.015993
0.18322,-0.015183,-0.016814
0.21463,-0.014444,-0.017294
0.19032,-0.014058,-0.017463
0.19855,-0.012513,-0.018494
0.21351,-0.0090117,-0.018183
0.17723,-0.017286,-0.01921
0.15218,-0.0055739,-0.019308
0.094593,-0.021383,-0.019578
0.01831,-0.0051727,-0.020309
-0.0074922,-0.017736,-0.019469
-0.0045007,-0.015591,-0.022082
0.03738,-0.00094009,-0.019169
0.11142,-0.031498,-0.022652
0.16489,0.022547,-0.020016
0.19967,-0.054146,-0.021602
0.21351,0.036348,-0.022881
0.18658,-0.05884,-0.017744
0.13273,0.020594,-0.029577
0.094967,-0.01675,-0.0050008
0.02878,-1.4937,-0.15215
0.023171,-2.0721,-0.52016
-0.013101,-1.726,-0.84717
-0.052739,-1.8689,-1.1546
0.17275,-1.8017,-1.4485
0.24267,-1.8728,-1.71
0.28418,-1.921,-1.9688
0.46367,-1.9319,-2.205
0.37467,-1.9769,-2.4321
0.30475,-1.9507,-2.6405
0.23706,-1.9759,-2.8363
0.20079,-1.9481,-3.0185
0.3743,-1.9367,-3.1836
0.43076,-1.9023,-3.3342
0.44123,-1.8712,-3.4661
0.46666,-1.8524,-3.5857
0.32643,-1.8186,-3.6925
0.19144,-1.7934,-3.7861
0.081879,-1.7536,-3.8652
-0.086393,-1.7129,-3.9291
0.14246,-1.6733,-3.9779
0.3728,-1.6382,-4.0137
0.20939,-1.6064,-4.0391
0.28455,-1.5612,-4.0537
0.1533,-1.5125,-4.0572
-0.37059,-1.4688,-4.0506
-0.30066,-1.4248,-4.035
0.36458,-1.3845,-4.0109
0.61848,-1.3338,-3.9773
0.36794,-1.2721,-3.9333
0.11965,-1.2127,-3.8791
-0.16754,-1.1585,-3.8167
-0.2169,-1.1034,-3.7478
0.065052,-1.0333,-3.6711
0.2079,-0.96735,-3.5858
0.08674,-0.90608,-3.4932
-0.19147,-0.84359,-3.3952
-0.61926,-0.7768,-3.2917
-1.0553,-0.7083,-3.1809
-0.87129,-0.65857,-3.067
-0.1638,-0.58372,-2.9487
0.11142,-0.50936,-2.8217
0.10955,-0.45277,-2.6925
-0.038529,-0.37278,-2.5597
-0.47529,-0.29679,-2.4199
-0.52839,-0.21769,-2.275
-0.26252,-0.13857,-2.1263
-0.048999,-0.022632,-1.9686
0.093845,0.062088,-1.8016
0.071035,0.15478,-1.6316
-0.17876,0.25608,-1.4533
-0.40274,0.32342,-1.2754
-0.27149,0.4552,-1.0887
-0.044512,0.52136,-0.90202
0.22098,0.68274,-0.7099
0.32868,0.70785,-0.5102
0.13236,0.87084,-0.31797
-0.15108,0.95444,-0.095401
-0.3833,0.20218,0.014517
-0.25691,-0.032154,-0.0094098
0.066174,0.11173,-0.0055557
0.44236,-0.0012962,-0.0046109
0.62446,0.054242,-0.0067292
0.51602,0.01412,-0.0031862
0.35111,0.025337,-0.0063018
0.091228,0.025007,-0.0027776
0.061686,0.0066404,-0.0048846
0.18209,0.025475,-0.0032087
0.17723,0.0047284,-0.0030813
0.11778,0.015837,-0.0031975
-0.077045,0.0029814,-0.0022339
-0.30739,0.0083012,-0.0025489
-0.35376,0.0064979,-0.0014391
-0.14772,-0.0025372,-0.0017278
0.11778,0.0053695,-0.000858
0.33429,0.0022803,-0.00016066
0.41356,0.0089685,0.00028924
0.21276,0.0086836,0.0017889
-0.040025,0.0023028,0.0028199
-0.15595,0.0071128,0.0039147
-0.12154,0.0036749,0.0045595
0.037006,0.0076751,0.0054743
0.16115,-0.0010451,0.0061154
0.14021,0.0049009,0.0059692
0.0127,0.0051258,0.0073677
-0.13089,-0.009664,0.0068353
-0.18923,0.0065167,0.0084287
-0.095368,-0.014043,0.0076414
0.095341,0.013501,0.0085337
0.17985,-0.013848,0.0098421
0.089732,0.010356,0.0077688
-0.01871,-0.0011725,0.012298
-0.074427,-0.018958,0.0070677
-0.056852,0.039695,0.01361
0.13386,-0.066701,0.0075851
0.3556,0.10116,0.012916
0.40384,-0.16078,0.011473
0.33279,0.42745,0.0098459
0.17088,2.0726,0.27205
0.083749,2.0671,0.67345
0.051964,1.8138,1.0099
0.12675,1.9259,1.3593
0.36308,1.8096,1.6793
0.32344,1.9097,1.9816
0.29278,1.8844,2.2736
0.34625,1.9319,2.5458
0.26212,1.9551,2.8125
0.41506,1.9674,3.0609
0.59343,2.0161,3.3014
0.68317,2.0339,3.5292
0.74973,2.0762,3.746
0.68168,2.0799,3.9486
0.52088,2.1235,4.1384
0.26586,2.1548,4.3218
0.23781,2.1667,4.493
0.43375,2.1818,4.6518
0.55304,2.1745,4.7968
0.57884,2.1753,4.9278
0.4704,2.166,5.047
0.2868,2.1305,5.1505
0.19705,2.0953,5.2369
0.29951,2.0692,5.3107
0.4532,2.0462,5.3732
0.53734,2.01,5.4246
0.49321,1.9696,5.4633
0.08674,1.9285,5.4878
-0.3216,1.8789,5.4988
-0.29131,1.8355,5.4975
-0.25504,1.7894,5.4858
-0.27374,1.744,5.4639
-0.14847,1.6904,5.4318
-0.21839,1.6336,5.3903
-0.37208,1.5915,5.3403
-0.36161,1.54,5.2833
-0.28832,1.4832,5.2188
-0.15258,1.4204,5.1448
0.031771,1.3545,5.062
0.11142,1.2955,4.9713
-0.038903,1.2333,4.873
-0.18137,1.1769,4.7695
-0.26027,1.1163,4.6603
-0.31749,1.0396,4.543
-0.24943,0.96894,4.4181
-0.24606,0.91293,4.2886
-0.27074,0.84965,4.1551
-0.39527,0.78829,4.016
-0.58784,0.72708,3.876
-0.61365,0.65003,3.7318
-0.5684,0.5865,3.5791
-0.40125,0.52264,3.4255
-0.19932,0.44973,3.2686
-0.083776,0.3736,3.1051
-0.071062,0.29577,2.9383
-0.070314,0.20636,2.7666
-0.043764,0.097749,2.5839
-0.032172,0.023545,2.3961
0.054956,-0.08178,2.2047
0.027284,-0.16634,2.007
-0.083776,-0.25395,1.8082
-0.23148,-0.35631,1.602
-0.38517,-0.4395,1.3962
-0.40723,-0.58188,1.1814
-0.33431,-0.63813,0.96741
-0.18025,-0.80616,0.74947
-0.10023,-0.83169,0.52424
-0.024693,-0.98559,0.30964
0.014944,-1.0766,0.064505
0.019431,-0.27279,-0.059911
0.089732,0.0029776,-0.035279
0.14433,-0.15099,-0.038305
0.261,-0.034194,-0.039527
0.22771,-0.093889,-0.036771
0.12488,-0.051724,-0.040562
0.085618,-0.06374,-0.036947
-0.04526,-0.065153,-0.040817
-0.070688,-0.04315,-0.038515
-0.00038735,-0.065393,-0.039782
0.043737,-0.041763,-0.039966
0.069539,-0.05472,-0.039913
0.069165,-0.042532,-0.040993
0.017562,-0.044016,-0.040442
-0.011232,-0.045849,-0.041705
0.075522,-0.041257,-0.041799
0.16751,-0.044672,-0.04271
0.24492,-0.040638,-0.04406
0.29241,-0.04537,-0.045121
0.29241,-0.038085,-0.046249
0.25277,-0.041238,-0.046778
0.21911,-0.044012,-0.048334
0.2236,-0.029099,-0.048544
0.17349,-0.042914,-0.049218
0.13722,-0.027577,-0.050369
0.072157,-0.032286,-0.049391
-0.04526,-0.032361,-0.05146
-0.096116,-0.020615,-0.050193
-0.099481,-0.044087,-0.052379
-0.042268,-0.0064886,-0.051164
0.042242,-0.051053,-0.051944
0.12937,-0.00094759,-0.053646
0.17349,-0.04273,-0.049905
0.15368,-0.021766,-0.057189
0.13984,0.0016692,-0.04728
0.10469,-0.096765,-0.061336
0.10544,0.14961,-0.041968
0.03738,-0.93656,-0.099806
0.019431,-2.0855,-0.44699
0.036633,-1.7823,-0.83487
-0.11967,-1.8447,-1.1715
0.058321,-1.8647,-1.5191
0.21388,-1.8124,-1.8275
0.1993,-1.8916,-2.1299
0.43712,-1.8542,-2.4133
0.35411,-1.9202,-2.6851
0.23519,-1.9105,-2.9463
0.2853,-1.9496,-3.192
0.23407,-1.9755,-3.4305
0.30549,-1.9953,-3.6554
0.4188,-2.0149,-3.87
0.52724,-2.0192,-4.0687
0.50406,-2.0595,-4.2593
0.48648,-2.0725,-4.442
0.44647,-2.081,-4.6126
0.3743,-2.0802,-4.7705
0.39337,-2.0812,-4.9143
0.30998,-2.0799,-5.045
0.3814,-2.0695,-5.1601
0.38626,-2.056,-5.2602
0.37542,-2.0322,-5.3449
0.47302,-2.0161,-5.4157
0.47152,-2.0017,-5.4761
0.56688,-1.979,-5.5243
0.59829,-1.9466,-5.5589
0.5594,-1.9097,-5.5795
0.41618,-1.8746,-5.5858
0.2509,-1.8371,-5.5803
0.10469,-1.7975,-5.5654
-0.06807,-1.7532,-5.5402
-0.058348,-1.7115,-5.5045
-0.097985,-1.6704,-5.4594
-0.10883,-1.6293,-5.4061
-0.077045,-1.5876,-5.3457
-0.15445,-1.5305,-5.2771
-0.17689,-1.4676,-5.1996
-0.18773,-1.4106,-5.1126
-0.16455,-1.3563,-5.0169
-0.17427,-1.3011,-4.9156
-0.20381,-1.2344,-4.808
-0.23784,-1.1637,-4.6918
-0.33394,-1.0998,-4.5693
-0.40162,-1.0369,-4.4414
-0.42219,-0.97155,-4.3092
-0.36722,-0.89945,-4.1715
-0.37844,-0.84464,-4.0297
-0.39938,-0.78004,-3.887
-0.40648,-0.68663,-3.7368
-0.50184,-0.62384,-3.5806
-0.51418,-0.56202,-3.4237
-0.45734,-0.47592,-3.2622
-0.38928,-0.39432,-3.095
-0.32048,-0.32042,-2.9248
-0.24644,-0.2122,-2.7479
-0.19184,-0.1088,-2.56
-0.18324,-0.025035,-2.3687
-0.16642,0.07864,-2.1713
-0.10958,0.15502,-1.9713
-0.057226,0.27074,-1.7663
-0.064705,0.34381,-1.5577
-0.063209,0.46848,-1.3482
-0.10621,0.57107,-1.1291
-0.14024,0.67371,-0.91643
-0.11406,0.82198,-0.68867
-0.053861,0.81986,-0.473
0.072157,1.1074,-0.24092
0.15405,0.72516,-0.025273
0.21986,-0.027536,0.0066328
0.24417,0.081819,-0.01572
0.25726,0.06806,-0.003175
0.29203,0.022431,-0.010141
0.22734,0.060716,-0.0056344
0.23744,0.0071503,-0.0071079
0.24978,0.046028,-0.0062755
0.1634,0.009917,-0.0049671
0.15106,0.026117,-0.0062605
0.12189,0.018982,-0.0037374
0.10132,0.012826,-0.0049896
0.12339,0.017411,-0.0034787
0.13161,0.0028314,-0.0038348
0.1447,0.016399,-0.003115
0.1189,0.0067229,-0.0019528
0.096089,0.004421,-0.0023427
0.082627,0.0062992,-0.0016753
0.06206,0.0042223,-0.0010042
0.084123,0.0070865,-0.00043435
0.13049,0.0099958,0.00049545
0.13947,0.0068766,0.0019801
0.14246,0.0049234,0.0029062
0.14395,0.0073152,0.0036635
0.08861,-0.00059143,0.0040272
0.042989,0.0035212,0.0049195
0.033267,-0.00082387,0.0053319
-0.013475,0.00011338,0.0055381
-0.057974,-0.0024772,0.0069365
-0.066948,-0.0022297,0.0061117
-0.067696,0.0067041,0.0078963
-0.027685,-0.012851,0.006974
0.028406,0.015132,0.0083687
0.098706,-0.015636,0.0087474
0.16452,0.013359,0.0073452
0.18546,-0.012663,0.011383
0.20266,-0.0087418,0.0061417
0.14021,0.021963,0.013449
0.12675,-0.06221,0.0059992
0.13124,0.09926,0.013685
0.058695,-0.18001,0.0072477
0.10282,0.56247,0.018975
0.093097,2.0885,0.30123
0.15928,1.9522,0.69098
0.2064,1.7584,1.0147
0.17462,1.8424,1.3508
0.31222,1.7486,1.6566
0.23258,1.836,1.9482
0.20939,1.7947,2.2246
0.27558,1.8553,2.4851
0.20528,1.8625,2.7401
0.26361,1.8584,2.9741
0.29764,1.8896,3.1984
0.32905,1.9099,3.4115
0.37542,1.9461,3.617
0.4805,1.9404,3.8092
0.49845,1.9503,3.9862
0.40234,1.9463,4.1497
0.39449,1.9468,4.2989
0.28642,1.9253,4.4333
0.23445,1.8858,4.5484
0.16938,1.88,4.6476
0.13947,1.8687,4.7341
0.19892,1.853,4.809
0.20864,1.8354,4.8722
0.32419,1.7926,4.9206
0.38888,1.7579,4.954
0.48162,1.7252,4.9736
0.47302,1.6855,4.981
0.3399,1.6601,4.9783
0.26212,1.6192,4.9651
0.08861,1.5725,4.9401
-0.023572,1.539,4.9056
-0.11556,1.4996,4.8638
-0.17315,1.4537,4.8139
-0.16604,1.4015,4.7549
-0.17352,1.3476,4.6865
-0.138,1.2897,4.6091
-0.13164,1.2325,4.5233
-0.1193,1.1832,4.4307
-0.1709,1.1233,4.3331
-0.21765,1.0544,4.2276
-0.24644,0.9833,4.1134
-0.33319,0.92347,3.9937
-0.36572,0.86024,3.8697
-0.39302,0.79267,3.7395
-0.36311,0.7373,3.6067
-0.34254,0.65726,3.4701
-0.33132,0.58405,3.3258
-0.30851,0.53037,3.1797
-0.35002,0.45259,3.032
-0.38218,0.36891,2.8765
-0.44911,0.30793,2.7176
-0.50483,0.20911,2.5547
-0.50408,0.10389,2.3815
-0.46968,0.018821,2.2024
-0.42443,-0.075167,2.0161
-0.34703,-0.15802,1.8274
-0.24569,-0.26595,1.6327
-0.16978,-0.33079,1.4364
-0.09275,-0.47176,1.2365
-0.068444,-0.55597,1.0282
-0.011605,-0.67407,0.82481
-1.3407e-05,-0.79595,0.60591
-0.048625,-0.82254,0.40053
-0.025815,-1.0997,0.17128
0.009709,-0.60018,-0.018891
0.10357,0.031545,-0.029667
0.15928,-0.12126,-0.013928
0.26174,-0.060898,-0.024474
0.38178,-0.049171,-0.017189
0.34887,-0.071354,-0.022513
0.37617,-0.033155,-0.019739
0.35336,-0.064808,-0.021343
0.28792,-0.030475,-0.021805
0.28867,-0.05048,-0.021032
0.21837,-0.03614,-0.022851
0.1806,-0.037609,-0.02167
0.16489,-0.041778,-0.023139
0.129,-0.034025,-0.022719
0.12077,-0.036552,-0.023248
0.12638,-0.031165,-0.023882
0.12825,-0.037167,-0.024133
0.10506,-0.029241,-0.024395
0.081131,-0.031356,-0.024714
0.054956,-0.02986,-0.025599
0.041868,-0.027059,-0.025846
0.046355,-0.035334,-0.027267
0.055703,-0.025875,-0.028534
0.061312,-0.027442,-0.028868
0.07627,-0.030464,-0.029712
0.075148,-0.024709,-0.029907
0.029154,-0.02655,-0.030968
-0.030302,-0.019108,-0.03105
-0.07181,-0.031258,-0.031605
-0.09088,-0.018744,-0.03234
-0.1279,-0.024611,-0.031905
-0.13351,-0.021275,-0.033686
-0.10172,-0.01549,-0.032194
-0.087889,-0.032177,-0.03481
-0.014597,0.00034582,-0.033063
0.081505,-0.044815,-0.034653
0.13872,0.0091672,-0.035369
0.16676,-0.04504,-0.032752
0.19219,-0.0037518,-0.038848
0.2049,-0.0081082,-0.029363
0.1533,-0.070383,-0.044022
0.19369,0.1344,-0.021306
0.15068,-1.0789,-0.09879
0.15106,-2.1156,-0.45409
0.24753,-1.7552,-0.82397
0.16938,-1.8243,-1.1473
0.39973,-1.8266,-1.4787
0.54556,-1.8037,-1.7735
0.49807,-1.8657,-2.0616
0.64316,-1.8406,-2.3276
0.51153,-1.9156,-2.5857
0.43488,-1.89,-2.8312
0.49097,-1.9211,-3.0585
0.44273,-1.9504,-3.2785
0.48648,-1.9815,-3.4875
0.55304,-2.006,-3.688
0.59829,-2.0006,-3.8721
0.55491,-2.0177,-4.0432
0.53547,-2.0138,-4.2007
0.42815,-2.0029,-4.3423
0.30101,-1.9858,-4.4687
0.27408,-1.9643,-4.578
0.1376,-1.9468,-4.6721
0.11965,-1.9375,-4.7534
0.12713,-1.9262,-4.8235
0.16415,-1.8997,-4.8809
0.26473,-1.8632,-4.9234
0.32008,-1.8249,-4.9512
0.3915,-1.7887,-4.9656
0.33877,-1.7567,-4.9688
0.25613,-1.7223,-4.9618
0.13124,-1.6804,-4.9444
-0.021702,-1.6359,-4.9161
-0.15744,-1.5941,-4.8784
-0.27037,-1.5551,-4.8336
-0.29879,-1.5056,-4.7808
-0.30552,-1.4476,-4.718
-0.23672,-1.3904,-4.6462
-0.17838,-1.3296,-4.5657
-0.14772,-1.2768,-4.478
-0.1208,-1.2179,-4.3846
-0.12379,-1.148,-4.2831
-0.13314,-1.0851,-4.174
-0.1881,-1.0203,-4.0585
-0.22213,-0.95838,-3.9381
-0.26663,-0.88737,-3.8129
-0.27261,-0.8255,-3.682
-0.26027,-0.76825,-3.5497
-0.28795,-0.67967,-3.4119
-0.26289,-0.60562,-3.2657
-0.28458,-0.54746,-3.1191
-0.3231,-0.45973,-2.9687
-0.36311,-0.37887,-2.8104
-0.41434,-0.30642,-2.6506
-0.45435,-0.20196,-2.4837
-0.46407,-0.10619,-2.3084
-0.41097,-0.0048653,-2.1258
-0.3489,0.073197,-1.9387
-0.24569,0.18334,-1.7484
-0.16642,0.27192,-1.5505
-0.076671,0.36117,-1.3546
-0.0033789,0.5011,-1.1487
0.029528,0.56394,-0.94551
0.048599,0.73683,-0.73403
-0.027685,0.75042,-0.52045
-0.056852,0.96294,-0.3116
-0.089385,0.94548,-0.077817
-0.10472,0.1275,0.01514
-0.049373,-0.011475,-0.012852
0.01457,0.11041,-0.004386
0.15816,0.00069073,-0.0063655
0.21463,0.061072,-0.0067067
0.25987,0.010963,-0.0040185
0.35411,0.032441,-0.006388
0.34364,0.022671,-0.00319
0.36046,0.010907,-0.005477
0.35448,0.023458,-0.0031712
0.2939,0.0054745,-0.0036211
0.24005,0.016838,-0.0031787
0.1978,0.0059393,-0.0023502
0.1634,0.0085562,-0.0025226
0.098706,0.0036225,-0.0015291
0.098706,0.0054632,-0.0013716
0.075896,0.0067229,-0.0008655
0.03925,0.0036337,-0.00077177
0.026162,0.0071465,0.00010553
-0.022076,0.0019954,0.00063042
-0.014971,0.0073602,0.0014177
0.011579,0.010273,0.0030186
0.035137,0.0037649,0.0036185
0.05346,0.0023365,0.0043046
0.067295,0.00047704,0.004912
0.092349,0.0069853,0.0055643
0.1088,-0.0020048,0.0061229
0.10768,0.00018836,0.0058493
0.071409,0.0057107,0.0075326
0.009335,-0.007887,0.0068278
-0.0576,0.0094859,0.0080275
-0.099855,-0.011441,0.0083462
-0.13052,0.012942,0.0078663
-0.13687,-0.0081382,0.010026
-0.10023,0.00030083,0.0074502
-0.0576,0.011698,0.011897
0.010457,-0.03004,0.0075776
0.047103,0.044337,0.012287
0.086366,-0.06606,0.0092647
0.14395,0.081163,0.0095084
0.1447,-0.11134,0.015537
0.18247,0.21004,-0.0011542
0.16415,1.848,0.21206
0.22248,2.0903,0.60684
0.30811,1.7489,0.93854
0.25015,1.8911,1.2709
0.38066,1.7921,1.5851
0.38552,1.8663,1.8756
0.33504,1.8582,2.1563
0.47564,1.8911,2.4151
0.44348,1.9352,2.6707
0.48012,1.9215,2.9066
0.55229,1.9639,3.1306
0.52462,1.9867,3.3441
0.56912,2.0319,3.549
0.63232,2.0334,3.7427
0.65101,2.0405,3.9201
0.61063,2.0488,4.0849
0.60577,2.0401,4.2349
0.522,2.0299,4.3695
0.42104,2.0065,4.4871
0.36607,1.9873,4.5883
0.27259,1.9759,4.6752
0.25389,1.9661,4.7507
0.2509,1.9401,4.8141
0.29502,1.9019,4.8631
0.34738,1.8715,4.8982
0.4001,1.836,4.9194
0.42815,1.7997,4.928
0.35224,1.7663,4.9259
0.28717,1.7203,4.9136
0.13984,1.6762,4.8903
-0.021328,1.6367,4.8567
-0.14959,1.5956,4.8154
-0.28533,1.5497,4.7661
-0.35189,1.4913,4.7081
-0.40125,1.438,4.6412
-0.40648,1.3822,4.5658
-0.38741,1.3157,4.4823
-0.3388,1.2663,4.3919
-0.3216,1.2038,4.2963
-0.33469,1.1292,4.1931
-0.31674,1.0611,4.0813
-0.34852,0.98697,3.9632
-0.35039,0.92538,3.8408
-0.35114,0.86034,3.7128
-0.33431,0.80332,3.5806
-0.34404,0.73325,3.4465
-0.36124,0.63864,3.3047
-0.31861,0.5765,3.1581
-0.38068,0.51285,3.0118
-0.42182,0.4234,2.8585
-0.45323,0.35074,2.7001
-0.52689,0.26163,2.539
-0.534,0.16308,2.3686
-0.50221,0.06382,2.1915
-0.47118,-0.03296,2.0073
-0.40237,-0.11109,1.8208
-0.28196,-0.22785,1.6283
-0.18773,-0.29704,1.4333
-0.086393,-0.43673,1.2359
-0.018336,-0.52814,1.0298
0.046355,-0.63416,0.82924
0.053834,-0.77323,0.61309
-0.002257,-0.79362,0.40905
0.010831,-1.0793,0.18437
-0.011979,-0.65031,-0.01254
0.017188,0.021771,-0.031492
0.050842,-0.11017,-0.013185
0.083749,-0.069922,-0.024373
0.17649,-0.04564,-0.017272
0.17574,-0.082237,-0.022299
0.2337,-0.032537,-0.019664
0.29652,-0.06449,-0.020909
0.29016,-0.032702,-0.02179
0.33466,-0.045898,-0.020579
0.30175,-0.041456,-0.022738
0.26399,-0.041017,-0.021452
0.25314,-0.042059,-0.022757
0.20042,-0.033991,-0.022674
0.15517,-0.035289,-0.023083
0.13199,-0.030752,-0.023488
0.11815,-0.034441,-0.02408
0.065426,-0.027194,-0.024422
0.025414,-0.030194,-0.024174
-0.0041267,-0.030509,-0.025243
-0.010858,-0.026276,-0.025677
0.0022302,-0.031824,-0.026491
0.0026042,-0.034561,-0.027852
0.025414,-0.028338,-0.028444
0.046355,-0.023937,-0.029082
0.059443,-0.028267,-0.029393
0.060565,-0.029984,-0.030293
0.069539,-0.018853,-0.030491
0.061686,-0.027663,-0.030731
0.035885,-0.018782,-0.03213
0.003352,-0.019378,-0.031324
-0.042268,-0.026812,-0.033135
-0.050495,-0.009964,-0.032044
-0.080784,-0.036061,-0.033562
-0.088263,0.0002296,-0.033543
-0.054234,-0.037523,-0.03273
-0.027311,-0.0047378,-0.035928
0.019431,-0.020116,-0.031155
0.056451,-0.036263,-0.038638
0.11105,0.029869,-0.030135
0.11516,-0.11322,-0.040018
0.16975,0.16142,-0.029404
0.17237,-0.67679,-0.053541
0.13573,-2.0493,-0.3565
0.26997,-1.8536,-0.74456
0.20079,-1.7936,-1.0668
0.32681,-1.8925,-1.401
0.56239,-1.8238,-1.7013
0.5048,-1.9179,-1.989
0.69215,-1.8871,-2.2596
0.6641,-1.9649,-2.5158
0.52013,-1.9707,-2.7649
0.63456,-1.982,-2.9933
0.59642,-2.021,-3.2131
0.58146,-2.0497,-3.4214
0.62633,-2.0886,-3.6221
0.67943,-2.0856,-3.8086
0.64802,-2.1028,-3.9801
0.62372,-2.0999,-4.1387
0.6039,-2.0922,-4.2814
0.48237,-2.0828,-4.4093
0.47339,-2.0609,-4.5206
0.36906,-2.0443,-4.6165
0.33803,-2.0303,-4.6989
0.36532,-2.0153,-4.7697
0.33915,-1.989,-4.8282
0.40197,-1.953,-4.8725
0.42216,-1.9145,-4.9027
0.4805,-1.8748,-4.9193
0.43824,-1.8388,-4.9244
0.3728,-1.8042,-4.9192
0.29016,-1.7618,-4.9036
0.10693,-1.7133,-4.8775
-0.044886,-1.6696,-4.8416
-0.21877,-1.6256,-4.7982
-0.31225,-1.5714,-4.7475
-0.38068,-1.5215,-4.6871
-0.42556,-1.4651,-4.6174
-0.43341,-1.3923,-4.539
-0.42556,-1.3339,-4.4529
-0.39452,-1.278,-4.3615
-0.43116,-1.2053,-4.2629
-0.38891,-1.1371,-4.1559
-0.38592,-1.0706,-4.0422
-0.42406,-1.0059,-3.9231
-0.39901,-0.93723,-3.8003
-0.41135,-0.86458,-3.6714
-0.41434,-0.80926,-3.5396
-0.43416,-0.72856,-3.4047
-0.40461,-0.64186,-3.2609
-0.42032,-0.58941,-3.1151
-0.47641,-0.50808,-2.9675
-0.48052,-0.41986,-2.8118
-0.54447,-0.34779,-2.6535
-0.58672,-0.24859,-2.4896
-0.57289,-0.15338,-2.3168
-0.52614,-0.042674,-2.1366
-0.4622,0.037255,-1.9511
-0.35675,0.13927,-1.7635
-0.25691,0.24107,-1.5673
-0.16455,0.32242,-1.3731
-0.048625,0.46908,-1.1702
0.0040999,0.52886,-0.96726
0.059069,0.70606,-0.76104
0.062808,0.73823,-0.5467
0.05159,0.89768,-0.3432
0.049346,1.01,-0.10798
0.022049,0.23662,0.014281
0.045607,-0.034587,-0.0094473
0.063182,0.11924,-0.0062943
0.15368,0.0032551,-0.0043372
0.20677,0.056881,-0.0073066
0.20042,0.018334,-0.0032425
0.27371,0.025719,-0.006493
0.27633,0.026754,-0.0027776
0.30288,0.0075852,-0.0047121
0.32718,0.027541,-0.0032237
0.28493,0.0057931,-0.0029013
0.27558,0.015436,-0.00295
0.23669,0.0077614,-0.0017765
0.20042,0.0086949,-0.0020877
0.16602,0.0077051,-0.0011954
0.1346,0.0079638,-0.00092924
0.089732,0.005332,-0.00030313
0.059443,0.00048453,-0.00035936
0.028032,0.0076489,0.00026675
-0.014223,0.0070153,0.0014927
0.0044739,0.0083462,0.0024225
-0.00076128,0.0063742,0.0035998
0.0059696,0.0050546,0.0049007
0.044111,0.00084819,0.0051819
0.061312,0.0046159,0.0053544
0.056451,0.0027377,0.0066178
0.057573,-0.0017799,0.0065316
0.05159,0.0051446,0.0076264
0.037006,-0.0069685,0.0074389
0.033641,0.0088823,0.0083125
-0.0037528,-0.0094391,0.0089723
-0.0097358,0.0079338,0.00823
-0.026563,-0.00036274,0.010727
-0.04339,-0.008097,0.0077501
-0.014223,0.021044,0.012065
0.0085872,-0.033853,0.0086536
0.043363,0.044029,0.011529
0.065052,-0.05788,0.011484
0.10955,0.05711,0.0076076
0.12974,-0.061685,0.018979
0.17013,0.053289,-0.0057469
0.17723,1.663,0.16715
0.2509,2.1704,0.55987
0.39524,1.7816,0.90324
0.33242,1.9253,1.2369
0.45283,1.8453,1.5595
0.50705,1.911,1.8528
0.41992,1.9291,2.1394
0.57361,1.9409,2.4015
0.56164,2.0099,2.6587
0.57623,2.0124,2.9006
0.66447,2.0542,3.1323
0.63493,2.0492,3.3489
0.65812,2.0964,3.5527
0.69551,2.1337,3.751
0.72393,2.1501,3.9359
0.68915,2.1644,4.1085
0.67607,2.162,4.2662
0.63045,2.1653,4.4105
0.5665,2.1553,4.5411
0.50592,2.1271,4.6542
0.42628,2.1048,4.7503
0.4532,2.0923,4.8328
0.43862,2.076,4.9029
0.4719,2.0619,4.9617
0.53135,2.0296,5.0081
0.54369,1.9829,5.0391
0.54257,1.943,5.0561
0.46816,1.9045,5.0612
0.37056,1.8683,5.055
0.18135,1.8271,5.0397
0.0052217,1.7776,5.014
-0.14959,1.7295,4.9774
-0.3115,1.6789,4.933
-0.40274,1.6316,4.881
-0.47641,1.5811,4.8212
-0.49174,1.5188,4.7524
-0.49062,1.4492,4.6742
-0.48389,1.3824,4.5877
-0.47978,1.3298,4.4938
-0.48539,1.2722,4.3949
-0.46669,1.2042,4.2901
-0.5052,1.1263,4.177
-0.53213,1.0506,4.0566
-0.53848,0.99556,3.932
-0.54148,0.9207,3.8026
-0.53848,0.84973,3.6682
-0.55195,0.79571,3.5331
-0.5598,0.70676,3.3922
-0.58822,0.63301,3.244
-0.60056,0.57661,3.0959
-0.61701,0.48125,2.9435
-0.66076,0.40443,2.7841
-0.69591,0.33022,2.623
-0.66899,0.21886,2.4546
-0.60542,0.1262,2.278
-0.53661,0.01815,2.0945
-0.4349,-0.064928,1.9066
-0.32347,-0.17235,1.716
-0.20643,-0.26339,1.5184
-0.1264,-0.35941,1.3224
-0.056478,-0.50009,1.1158
-0.0030049,-0.56519,0.91269
-0.013101,-0.74549,0.70126
-0.044512,-0.76278,0.48791
-0.041521,-0.9769,0.27903
-0.025815,-0.96204,0.046299
0.016066,-0.15762,-0.045578
0.097584,-0.021905,-0.017883
0.16676,-0.13239,-0.026112
0.26735,-0.024454,-0.024092
0.28867,-0.087284,-0.02369
0.30662,-0.035232,-0.025685
0.36757,-0.061303,-0.022974
0.31484,-0.051522,-0.02645
0.32008,-0.038172,-0.024155
0.32868,-0.054041,-0.026127
0.2494,-0.03347,-0.025632
0.21837,-0.045981,-0.026135
0.19256,-0.035855,-0.026847
0.15592,-0.036331,-0.026607
0.13199,-0.034812,-0.027537
0.11479,-0.033733,-0.027488
0.069913,-0.035139,-0.028313
0.026162,-0.031701,-0.028291
0.0074654,-0.033178,-0.028992
-0.0045007,-0.032158,-0.030266
0.01457,-0.030883,-0.030934
0.026162,-0.034437,-0.032085
0.060565,-0.033137,-0.033382
0.094219,-0.027967,-0.033532
0.096463,-0.03088,-0.034181
0.10058,-0.023884,-0.03484
0.087862,-0.036312,-0.034885
0.057947,-0.030801,-0.036138
0.021301,-0.020532,-0.035275
-0.025067,-0.030932,-0.037056
-0.056104,-0.011422,-0.036333
-0.051991,-0.039735,-0.03721
-0.05573,-0.0067511,-0.038271
-0.040025,-0.036477,-0.036168
0.023919,-0.018849,-0.04043
0.090854,-0.0093529,-0.03535
0.12301,-0.055781,-0.041934
0.17536,0.039782,-0.035407
0.18957,-0.12266,-0.041671
0.18135,0.13706,-0.038597
0.17686,-0.46522,-0.040191
0.15554,-1.9534,-0.3086
0.27595,-1.92,-0.70689
0.23407,-1.7954,-1.0358
0.33279,-1.9422,-1.3737
0.6297,-1.8555,-1.6819
0.56875,-1.9607,-1.9727
0.71982,-1.9388,-2.2498
0.79274,-2.0019,-2.508
0.63344,-2.0325,-2.7607
0.72019,-2.0549,-2.9966
0.67457,-2.088,-3.2233
0.65662,-2.0972,-3.433
0.69252,-2.1554,-3.6349
0.71271,-2.1704,-3.8277
0.72057,-2.1902,-4.0072
0.69028,-2.1943,-4.1738
0.6899,-2.2008,-4.3258
0.56463,-2.2008,-4.4652
0.54893,-2.1817,-4.588
0.48162,-2.1674,-4.6952
0.43226,-2.1397,-4.7865
0.46442,-2.1218,-4.8634
0.43375,-2.1099,-4.9297
0.50817,-2.084,-4.9842
0.48835,-2.0484,-5.0255
0.53434,-2.0047,-5.0526
0.53472,-1.9624,-5.0654
0.43301,-1.9247,-5.0663
0.31447,-1.887,-5.0579
0.11366,-1.8409,-5.0398
-0.031424,-1.7911,-5.0109
-0.25242,-1.7481,-4.9727
-0.37881,-1.7011,-4.9267
-0.45173,-1.649,-4.8731
-0.51941,-1.5926,-4.811
-0.52988,-1.5284,-4.7397
-0.57625,-1.4616,-4.6594
-0.52652,-1.3973,-4.5707
-0.52614,-1.3419,-4.4762
-0.51754,-1.2766,-4.3754
-0.46145,-1.1986,-4.2665
-0.48763,-1.1258,-4.1511
-0.52427,-1.0614,-4.03
-0.52914,-0.99479,-3.9054
-0.534,-0.91814,-3.7751
-0.57625,-0.85695,-3.6405
-0.5583,-0.78495,-3.5042
-0.58597,-0.69263,-3.3599
-0.64244,-0.6325,-3.2109
-0.63833,-0.56232,-3.0616
-0.6832,-0.46359,-2.9054
-0.70526,-0.39643,-2.7449
-0.67572,-0.30287,-2.5818
-0.62112,-0.1979,-2.4091
-0.56541,-0.099929,-2.2292
-0.47043,0.0019804,-2.0423
-0.35488,0.088747,-1.8536
-0.28458,0.20675,-1.6579
-0.15856,0.27409,-1.4604
-0.056852,0.41921,-1.2602
-0.020954,0.50631,-1.0522
0.029154,0.62759,-0.8488
0.029528,0.75759,-0.63005
0.023171,0.79019,-0.42561
0.020927,1.0753,-0.19693
0.017936,0.5757,-0.0071716
0.091975,-0.055196,0.0030036
0.15891,0.10095,-0.012495
0.22622,0.040329,-0.0015741
0.28007,0.030094,-0.0086338
0.28119,0.045911,-0.0032275
0.34401,0.0074314,-0.0059306
0.37879,0.041034,-0.0039211
0.36944,0.0021453,-0.0035462
0.37766,0.024444,-0.0044572
0.34588,0.0093172,-0.0024102
0.2868,0.0091822,-0.0035087
0.23071,0.014566,-0.0018478
0.18883,0.0056319,-0.0021252
0.13124,0.012485,-0.0016941
0.1189,0.0021528,-0.0011092
0.10581,0.0055232,-0.00060306
0.030276,0.002494,-0.00016066
0.011953,-0.0021585,-0.00011192
0.00073447,0.0059993,0.001264
-0.0048746,0.0074015,0.0022651
0.010831,0.0041998,0.0031236
0.029528,0.0060106,0.0043083
0.071409,0.00064949,0.0050769
0.081505,0.0011069,0.0052644
0.079261,0.0080688,0.0062917
0.080009,-0.0026159,0.0065803
0.055703,0.0058531,0.0071427
0.023545,-0.0033957,0.0078663
0.0044739,0.0042485,0.0074352
-0.023198,0.0026852,0.0094672
-0.046756,-0.0077183,0.0078663
-0.073305,0.015964,0.010123
-0.0662,-0.026092,0.0090623
-0.019084,0.021745,0.0098459
0.029902,-0.026171,0.011537
0.096837,0.01358,0.007915
0.1174,-0.0045354,0.015053
0.18172,-0.033032,0.0053056
0.20191,0.075937,0.018855
0.17275,-0.18429,8.0556e-06
0.19256,0.94966,0.055586
0.20304,2.2147,0.39318
0.35598,1.875,0.76976
0.35261,1.8695,1.0943
0.38178,1.9101,1.4306
0.53509,1.8706,1.7294
0.42254,1.9606,2.0201
0.53247,1.9355,2.2895
0.63381,2.012,2.5473
0.5766,2.0121,2.7958
0.67121,2.0509,3.0284
0.65288,2.0705,3.2503
0.6555,2.1023,3.4563
0.69252,2.1526,3.6571
0.73178,2.1599,3.846
0.73814,2.1746,4.0215
0.68542,2.1714,4.1832
0.66074,2.1785,4.3311
0.5781,2.1685,4.4656
0.53509,2.1497,4.5831
0.43189,2.1314,4.6849
0.4102,2.1007,4.7707
0.4274,2.086,4.8437
0.40347,2.0738,4.9071
0.47938,2.0374,4.9572
0.49658,1.993,4.9932
0.53135,1.952,5.0146
0.46517,1.9129,5.0226
0.35635,1.8725,5.0206
0.23744,1.8265,5.0085
0.035511,1.7831,4.9857
-0.14548,1.7383,4.9529
-0.35488,1.6872,4.9112
-0.4708,1.6384,4.862
-0.54634,1.5874,4.8055
-0.57887,1.5239,4.7401
-0.55756,1.4602,4.6651
-0.52951,1.398,4.5814
-0.50857,1.3326,4.4902
-0.53811,1.276,4.3934
-0.51493,1.2095,4.2906
-0.54035,1.1302,4.1809
-0.53624,1.0602,4.0631
-0.52577,0.99921,3.9399
-0.56728,0.92412,3.8127
-0.55905,0.85405,3.68
-0.60766,0.79987,3.5462
-0.5942,0.71271,3.4077
-0.58822,0.63418,3.2608
-0.63421,0.58304,3.1131
-0.63571,0.4941,2.963
-0.66039,0.40482,2.8053
-0.6731,0.3357,2.6452
-0.67535,0.23151,2.4796
-0.59046,0.1361,2.3049
-0.48389,0.034196,2.1235
-0.3904,-0.048579,1.9367
-0.24719,-0.14856,1.7481
-0.16866,-0.25212,1.5515
-0.10808,-0.33083,1.3562
-0.066574,-0.48114,1.1524
-0.02245,-0.54729,0.94827
-0.0045007,-0.71771,0.74063
-0.037033,-0.76262,0.52433
-0.019084,-0.91499,0.32021
-0.047504,-1.0427,0.084364
0.00036053,-0.28477,-0.04247
0.11179,0.016377,-0.019968
0.15442,-0.14133,-0.021928
0.25277,-0.029541,-0.024099
0.28979,-0.082417,-0.02056
0.30325,-0.04781,-0.024733
0.3571,-0.053962,-0.021332
0.32793,-0.059743,-0.024616
0.33354,-0.03825,-0.022858
0.34738,-0.055627,-0.02444
0.30699,-0.032803,-0.024485
0.27184,-0.04438,-0.024362
0.20977,-0.035292,-0.025546
0.14994,-0.035082,-0.02498
0.11105,-0.034546,-0.025715
0.073278,-0.033631,-0.025899
0.030276,-0.034539,-0.026731
0.016814,-0.028312,-0.026671
-0.0059964,-0.03407,-0.027091
-0.017215,-0.033751,-0.028201
0.033641,-0.031787,-0.029123
0.043363,-0.031971,-0.030158
0.072531,-0.030539,-0.031395
0.11329,-0.023415,-0.031901
0.12226,-0.029935,-0.031852
0.12152,-0.030516,-0.033303
0.077766,-0.022167,-0.033108
0.044485,-0.029365,-0.033986
0.023545,-0.01645,-0.034091
-0.029181,-0.030906,-0.034432
-0.081532,-0.017106,-0.035804
-0.083028,-0.028627,-0.034421
-0.086393,-0.024818,-0.037255
-0.066948,-0.0093041,-0.034391
-0.016467,-0.04781,-0.037769
0.040746,0.011964,-0.035838
0.10095,-0.065607,-0.036621
0.14694,0.026334,-0.039227
0.18172,-0.056703,-0.032711
0.16863,-0.0029908,-0.046665
0.18471,0.01899,-0.019473
0.13834,-1.4436,-0.15918
0.22098,-2.0952,-0.547
0.28829,-1.7484,-0.90025
0.2408,-1.9254,-1.2301
0.54556,-1.8714,-1.5556
0.60203,-1.9187,-1.8472
0.62035,-1.9577,-2.1334
0.82228,-1.9636,-2.3949
0.66148,-2.0356,-2.6508
0.70037,-2.0353,-2.8929
0.75459,-2.0803,-3.1219
0.68168,-2.0833,-3.3374
0.72767,-2.1346,-3.5407
0.72505,-2.1671,-3.7383
0.7602,-2.1781,-3.9218
0.73814,-2.191,-4.0928
0.71383,-2.1909,-4.2493
0.62147,-2.1949,-4.3927
0.56276,-2.1746,-4.5208
0.51228,-2.159,-4.6322
0.3915,-2.1376,-4.7287
0.40272,-2.1167,-4.8102
0.36458,-2.1052,-4.8804
0.42889,-2.0805,-4.9395
0.47601,-2.0466,-4.9852
0.46704,-2.0049,-5.017
0.50518,-1.9579,-5.0347
0.4259,-1.9159,-5.0394
0.32643,-1.8774,-5.0337
0.15629,-1.8347,-5.0188
-0.02245,-1.7848,-4.9932
-0.22587,-1.7368,-4.958
-0.39078,-1.6919,-4.9152
-0.48015,-1.6432,-4.8647
-0.56279,-1.5869,-4.8057
-0.55905,-1.5238,-4.7377
-0.54746,-1.4574,-4.6606
-0.51044,-1.3918,-4.5746
-0.51941,-1.3354,-4.4823
-0.51493,-1.2698,-4.3845
-0.47978,-1.1949,-4.2789
-0.5254,-1.1233,-4.1656
-0.52951,-1.0596,-4.046
-0.53624,-0.99679,-3.9232
-0.54222,-0.91682,-3.7951
-0.57625,-0.8585,-3.6617
-0.57625,-0.79194,-3.5273
-0.53699,-0.69497,-3.3859
-0.59719,-0.63038,-3.2379
-0.59682,-0.56685,-3.0899
-0.6028,-0.47493,-2.9365
-0.64842,-0.40276,-2.7768
-0.63795,-0.31244,-2.6149
-0.59383,-0.20793,-2.4446
-0.51904,-0.11655,-2.2667
-0.42294,-0.010313,-2.0816
-0.27037,0.069365,-1.8936
-0.1638,0.19079,-1.7002
-0.082654,0.26314,-1.5024
-0.017589,0.38292,-1.3051
-0.0011352,0.50195,-1.0971
0.068791,0.58656,-0.89508
0.045981,0.75353,-0.67915
-0.027311,0.75677,-0.47095
-0.012727,1.0389,-0.25225
-0.033668,0.77269,-0.034754
-0.0074922,-0.0019448,0.011117
0.080383,0.055809,-0.014003
0.19406,0.075652,-0.0016491
0.28044,0.010281,-0.0075915
0.27595,0.061511,-0.0039961
0.33317,0.0037687,-0.0046147
0.37243,0.041251,-0.0049221
0.35598,0.0094709,-0.0027326
0.34738,0.015443,-0.0044759
0.31409,0.01755,-0.0020765
0.26137,0.0084474,-0.0031862
0.21164,0.016845,-0.0018778
0.17013,0.0027452,-0.0017316
0.10319,0.0086649,-0.0014879
0.084871,0.0036562,-0.00076802
0.082253,0.0050658,-0.00058431
0.042242,0.0036862,0.00018052
0.022049,0.005407,0.00017302
0.015318,0.0098421,0.0015077
0.01644,0.0028539,0.0028387
0.022797,0.0064979,0.0034685
0.051964,0.0088786,0.0049532
0.1002,-0.00048646,0.0056131
0.13535,0.0037012,0.0059692
0.14844,-0.0031595,0.0069028
0.13834,0.00096066,0.006929
0.10619,0.0059243,0.0082337
0.070287,-0.0062374,0.0076189
0.030276,0.011664,0.0090735
-0.041147,-0.012532,0.0091748
-0.080036,0.013415,0.0089123
-0.081906,-0.0092891,0.011136
-0.083776,-0.0030395,0.008215
-0.047877,0.012658,0.012793
0.01831,-0.034284,0.0083724
0.07814,0.044101,0.013183
0.13909,-0.065603,0.010434
0.16751,0.08023,0.0103
0.17013,-0.10912,0.016936
0.20004,0.20277,-0.00083176
0.16676,1.8538,0.21157
0.26735,2.1162,0.6102
0.3657,1.7961,0.94744
0.30437,1.9527,1.2859
0.47377,1.8628,1.6045
0.47863,1.9498,1.8983
0.43263,1.948,2.1835
0.63232,1.9921,2.4458
0.60502,2.0359,2.7032
0.65064,2.0453,2.9431
0.74338,2.0972,3.1753
0.70823,2.0923,3.3925
0.73552,2.1412,3.596
0.76319,2.1667,3.7925
0.81405,2.1952,3.9779
0.78339,2.2038,4.152
0.75871,2.2007,4.3112
0.71795,2.2123,4.4577
0.63344,2.2021,4.5902
0.53659,2.1841,4.7068
0.45993,2.1529,4.807
0.46965,2.1354,4.8922
0.43002,2.1181,4.9648
0.47564,2.0971,5.0261
0.49994,2.0715,5.0762
0.50742,2.0233,5.1117
0.49919,1.9839,5.1328
0.39636,1.9426,5.1416
0.3111,1.8958,5.1385
0.12077,1.8541,5.1255
-0.073305,1.8034,5.1023
-0.26626,1.7466,5.069
-0.42107,1.6965,5.0267
-0.50969,1.6547,4.9764
-0.59495,1.6101,4.9193
-0.59158,1.5456,4.854
-0.59682,1.4729,4.7786
-0.55868,1.4114,4.6945
-0.55643,1.3486,4.6032
-0.55681,1.2879,4.5053
-0.50184,1.2258,4.4021
-0.54821,1.1522,4.2926
-0.53661,1.0775,4.1748
-0.53101,1.0116,4.0504
-0.56765,0.94305,3.9228
-0.58822,0.87436,3.7899
-0.60878,0.81563,3.6545
-0.59981,0.73895,3.5165
-0.63122,0.65205,3.3701
-0.64281,0.58602,3.2207
-0.65366,0.51829,3.0707
-0.67759,0.42816,2.913
-0.64805,0.36172,2.7516
-0.58635,0.26985,2.5871
-0.53475,0.16093,2.4124
-0.44687,0.071363,2.2314
-0.32347,-0.028462,2.0439
-0.24195,-0.11119,1.8544
-0.16529,-0.23238,1.6587
-0.10509,-0.29981,1.4596
-0.074053,-0.43027,1.2594
-0.052739,-0.53604,1.0496
-0.026937,-0.63957,0.84533
-0.066574,-0.78351,0.62629
-0.096863,-0.79566,0.41892
-0.046008,-1.0866,0.19383
-0.053861,-0.69975,-0.011382
0.021301,0.0058756,-0.038338
0.12376,-0.10733,-0.017639
0.1877,-0.080775,-0.029262
0.27109,-0.046978,-0.022082
0.25726,-0.080903,-0.026746
0.30213,-0.031821,-0.024845
0.32344,-0.075054,-0.025434
0.27595,-0.040687,-0.026701
0.29951,-0.053261,-0.025261
0.23482,-0.046701,-0.027376
0.17275,-0.040275,-0.026214
0.14994,-0.044972,-0.027638
0.09048,-0.033613,-0.027451
0.060939,-0.039926,-0.027661
0.036259,-0.036226,-0.028377
0.038128,-0.034914,-0.028636
0.020553,-0.030812,-0.029078
-0.002257,-0.039551,-0.029483
0.022423,-0.044432,-0.030986
0.035885,-0.032998,-0.031871
0.059817,-0.035139,-0.032741
0.11516,-0.036747,-0.034203
0.15667,-0.030647,-0.034226
0.16153,-0.037725,-0.034983
0.1432,-0.026954,-0.035781
0.12675,-0.028761,-0.035886
0.096463,-0.024398,-0.036835
0.044859,-0.025361,-0.036325
-0.00076128,-0.028375,-0.038275
-0.030302,-0.013342,-0.03688
-0.054234,-0.044151,-0.038462
-0.058722,-0.0063237,-0.038526
-0.035164,-0.043075,-0.037787
0.0078393,-0.0081307,-0.040989
0.06206,-0.02183,-0.03622
0.12114,-0.038674,-0.043685
0.19406,0.028527,-0.035013
0.18396,-0.11234,-0.045368
0.1963,0.16075,-0.034139
0.15143,-0.68856,-0.058783
0.13199,-2.0487,-0.36609
0.26361,-1.8625,-0.75913
0.17125,-1.8407,-1.0877
0.32943,-1.9388,-1.4279
0.568,-1.8752,-1.7325
0.52574,-1.981,-2.025
0.73291,-1.9508,-2.3004
0.7258,-2.0251,-2.5603
0.63344,-2.0375,-2.8122
0.75796,-2.0789,-3.0481
0.71309,-2.1078,-3.277
0.73627,-2.1097,-3.4872
0.7804,-2.1652,-3.6882
0.7875,-2.1874,-3.8809
0.78787,-2.2125,-4.0626
0.78264,-2.2139,-4.232
0.76693,-2.2192,-4.3864
0.63718,-2.2214,-4.5285
0.59455,-2.2036,-4.6552
0.51453,-2.1855,-4.7659
0.46404,-2.161,-4.8618
0.44572,-2.1404,-4.9429
0.43301,-2.1246,-5.0121
0.5048,-2.1025,-5.0705
0.50555,-2.0671,-5.1162
0.53921,-2.0214,-5.1479
0.47003,-1.9763,-5.1654
0.37804,-1.9329,-5.1704
0.28493,-1.8916,-5.1645
0.091601,-1.847,-5.1488
-0.097985,-1.7992,-5.1232
-0.27037,-1.752,-5.088
-0.38741,-1.7016,-5.0443
-0.52203,-1.6552,-4.9932
-0.55681,-1.5991,-4.9346
-0.55307,-1.5356,-4.867
-0.52614,-1.4729,-4.79
-0.49885,-1.4031,-4.7042
-0.54933,-1.3482,-4.6111
-0.49212,-1.2871,-4.513
-0.51642,-1.2102,-4.4079
-0.55419,-1.1387,-4.2946
-0.53699,-1.0715,-4.1746
-0.58336,-1.009,-4.0505
-0.58037,-0.9312,-3.9219
-0.60804,-0.86941,-3.7875
-0.61701,-0.81318,-3.6517
-0.63833,-0.72259,-3.5113
-0.65964,-0.64424,-3.3626
-0.64244,-0.58685,-3.2126
-0.68544,-0.50799,-3.0601
-0.69292,-0.42135,-2.8999
-0.65067,-0.35101,-2.7374
-0.57176,-0.24091,-2.5682
-0.48688,-0.13991,-2.3898
-0.36386,-0.041643,-2.2055
-0.25392,0.050369,-2.0146
-0.17988,0.14218,-1.8225
-0.08228,0.24514,-1.6227
-0.042642,0.32217,-1.4239
-0.025815,0.47464,-1.2176
-0.011232,0.54189,-1.009
0.0055957,0.70552,-0.79999
-0.035164,0.76516,-0.57936
-0.047504,0.87879,-0.37351
-0.019084,1.0635,-0.13471
-0.002257,0.33851,0.011518
0.11329,-0.054761,-0.0059494
0.19817,0.12058,-0.0078352
0.2767,0.010464,-0.0030063
0.31596,0.054009,-0.007644
0.30101,0.028145,-0.0025076
0.33167,0.022113,-0.0062456
0.29802,0.032239,-0.0025751
0.27932,-0.0015812,-0.0039248
0.27745,0.025704,-0.0029988
0.22211,0.00814,-0.0021702
0.17574,0.014959,-0.0028263
0.12488,0.0067116,-0.0013529
0.071783,0.0083087,-0.0017053
0.058321,0.0068953,-0.00094423
0.081879,0.00031583,-0.0006293
0.052712,0.0055494,-0.00010817
0.021301,-0.0025747,0.00023301
0.026162,0.0073977,0.0009341
0.024667,0.010378,0.0019651
0.053086,0.0042185,0.0029099
0.087114,0.0084737,0.0040684
0.13685,0.0047059,0.0053056
0.15854,-0.0040855,0.0056131
0.15854,0.0039561,0.0061754
0.15255,-0.00061768,0.0074464
0.1174,-0.00075639,0.006959
0.077018,0.0040573,0.0082525
0.016814,-0.0057613,0.0079525
-0.015719,0.01211,0.0089948
-0.051991,-0.011625,0.0094859
-0.073679,0.01169,0.0090173
-0.046756,-0.0063874,0.011271
-0.0074922,-0.0028746,0.0085487
0.041868,0.014907,0.012901
0.12638,-0.031026,0.0087924
0.1907,0.044637,0.013096
0.19443,-0.066199,0.010839
0.2251,0.07774,0.0099846
0.19518,-0.098875,0.017322
0.16153,0.16399,-0.0018103
0.12713,1.8001,0.20285
0.19892,2.1127,0.59971
0.32606,1.7795,0.93634
0.27857,1.9289,1.2718
0.41281,1.8431,1.5898
0.44348,1.9271,1.8815
0.41394,1.9236,2.1646
0.6196,1.963,2.425
0.61287,2.0117,2.6807
0.65064,2.0113,2.9201
0.72692,2.0512,3.1491
0.6899,2.055,3.3625
0.72206,2.111,3.5657
0.74973,2.1231,3.7621
0.80059,2.1447,3.9446
0.77105,2.1518,4.1148
0.72617,2.1447,4.2704
0.64466,2.1568,4.4127
0.55005,2.1303,4.5405
0.46479,2.1025,4.651
0.35186,2.083,4.7449
0.33541,2.0571,4.8255
0.30475,2.0394,4.8948
0.37542,2.0188,4.9531
0.43002,1.9758,4.9987
0.45395,1.9319,5.0288
0.49396,1.8899,5.0451
0.38626,1.8416,5.0498
0.2767,1.803,5.0436
0.12413,1.7597,5.0277
-0.053861,1.7014,5.0015
-0.24906,1.6556,4.9652
-0.42294,1.6104,4.9208
-0.51306,1.5577,4.8693
-0.59196,1.5079,4.8097
-0.58224,1.4416,4.7407
-0.54708,1.3776,4.6629
-0.5138,1.3161,4.5769
-0.47828,1.2516,4.4838
-0.47865,1.1971,4.3854
-0.488,1.1304,4.2812
-0.50483,1.051,4.1688
-0.51455,0.98005,4.0484
-0.54634,0.9178,3.9241
-0.57289,0.84713,3.7948
-0.58859,0.78531,3.6615
-0.58186,0.71689,3.5264
-0.56578,0.63514,3.3835
-0.58822,0.57792,3.236
-0.60467,0.51192,3.0882
-0.62299,0.42017,2.9345
-0.6387,0.34446,2.7752
-0.62898,0.26287,2.6137
-0.57924,0.16466,2.4433
-0.53063,0.073275,2.2651
-0.44126,-0.030932,2.0801
-0.30589,-0.10512,1.8918
-0.21802,-0.21608,1.6993
-0.10359,-0.29383,1.5007
-0.032546,-0.40104,1.3038
-0.0056225,-0.52789,1.0958
0.064678,-0.60411,0.8923
0.027658,-0.77833,0.67714
-0.045634,-0.77906,0.46586
-0.056478,-1.0331,0.25063
-0.07181,-0.87544,0.024516
-0.012353,-0.075733,-0.040329
0.049346,-0.054097,-0.012983
0.13273,-0.11522,-0.024069
0.26324,-0.030812,-0.019109
0.26623,-0.08617,-0.021062
0.29353,-0.030801,-0.021696
0.34364,-0.065547,-0.020271
0.31559,-0.046097,-0.022929
0.31671,-0.041969,-0.020762
0.28156,-0.046367,-0.023046
0.21051,-0.037362,-0.022168
0.16639,-0.046783,-0.023027
0.11292,-0.033373,-0.023338
0.070287,-0.03512,-0.023259
0.067669,-0.034775,-0.024065
0.060939,-0.035588,-0.024257
0.034763,-0.030381,-0.024751
0.028406,-0.033616,-0.024905
0.01457,-0.037984,-0.025974
0.013448,-0.034644,-0.026941
0.041494,-0.033118,-0.027743
0.071409,-0.037335,-0.028868
0.11965,-0.030786,-0.030086
0.15368,-0.021233,-0.030191
0.1705,-0.029837,-0.031035
0.15928,-0.020094,-0.031485
0.11516,-0.027903,-0.031369
0.070287,-0.021623,-0.032756
0.050468,-0.021593,-0.032104
0.0011084,-0.034415,-0.033892
-0.048999,-0.013079,-0.03273
-0.051243,-0.045602,-0.034098
-0.051991,-0.0072609,-0.034286
-0.013849,-0.037178,-0.033281
0.035885,-0.011606,-0.037041
0.10132,-0.016922,-0.031882
0.16938,-0.046356,-0.039343
0.21425,0.028148,-0.031245
0.22211,-0.11673,-0.040284
0.23856,0.15801,-0.031395
0.19556,-0.62397,-0.049233
0.16602,-2.0315,-0.34528
0.31185,-1.876,-0.73828
0.24753,-1.8106,-1.0646
0.34551,-1.9215,-1.4019
0.58894,-1.8524,-1.706
0.53135,-1.9528,-1.9973
0.72244,-1.9196,-2.2717
0.74936,-1.9912,-2.5293
0.63157,-2.0113,-2.781
0.75235,-2.0369,-3.0161
0.7172,-2.0568,-3.2408
0.72543,-2.0732,-3.4492
0.74375,-2.1299,-3.6513
0.77366,-2.1382,-3.8434
0.7804,-2.155,-4.0221
0.72655,-2.1566,-4.1877
0.69252,-2.1604,-4.3392
0.568,-2.1468,-4.477
0.51266,-2.123,-4.5973
0.37841,-2.1072,-4.7028
0.32681,-2.0817,-4.7936
0.31335,-2.0619,-4.8706
0.28343,-2.0436,-4.9367
0.36383,-2.0165,-4.9912
0.35448,-1.9751,-5.0323
0.42254,-1.9284,-5.0588
0.38589,-1.8859,-5.0717
0.29615,-1.8438,-5.0733
0.22958,-1.7992,-5.0648
0.059443,-1.7538,-5.0463
-0.12005,-1.7051,-5.0176
-0.31375,-1.6544,-4.9796
-0.41733,-1.6091,-4.9334
-0.49137,-1.5577,-4.8802
-0.51268,-1.4977,-4.8184
-0.5168,-1.4359,-4.7468
-0.51007,-1.3692,-4.6666
-0.47454,-1.3103,-4.5784
-0.48052,-1.2545,-4.4844
-0.44425,-1.1825,-4.3843
-0.47604,-1.111,-4.2758
-0.49511,-1.0449,-4.1605
-0.49773,-0.98398,-4.0404
-0.52951,-0.91406,-3.9156
-0.51493,-0.84184,-3.7845
-0.54372,-0.79365,-3.6513
-0.52353,-0.7136,-3.5155
-0.5153,-0.62223,-3.3703
-0.52502,-0.57006,-3.2214
-0.53587,-0.49705,-3.072
-0.58523,-0.40596,-2.9148
-0.59271,-0.33863,-2.7539
-0.59009,-0.24183,-2.5893
-0.51493,-0.14437,-2.4147
-0.44986,-0.047199,-2.2336
-0.37694,0.045087,-2.0453
-0.24831,0.12785,-1.8554
-0.14884,0.24642,-1.6584
-0.060217,0.3089,-1.4598
-0.036659,0.45002,-1.2576
0.022797,0.53159,-1.0483
0.081879,0.66571,-0.84308
0.020179,0.77479,-0.62266
-0.016841,0.81272,-0.41706
-0.027311,1.0889,-0.18471
-0.030302,0.529,-0.0016791
0.015318,-0.061382,0.0019426
0.080009,0.10897,-0.010977
0.20191,0.029749,-0.00099297
0.25015,0.033828,-0.0078877
0.24155,0.040378,-0.0022939
0.30624,0.0066442,-0.0053233
0.31297,0.036119,-0.0030475
0.31447,-0.0033844,-0.003115
0.32531,0.024553,-0.0035237
0.27521,0.01217,-0.0016603
0.22809,0.012703,-0.0024514
0.17013,0.012069,-0.0010342
0.13947,0.005167,-0.0015628
0.13124,0.012009,-0.00063305
0.10731,0.0078026,-0.00013816
0.094593,0.0032738,9.0537e-05
0.070287,-0.00014905,0.00043921
0.041494,0.0097596,0.0011965
0.020179,0.0073265,0.0024713
0.034015,0.0029851,0.0031574
0.057199,0.0037462,0.0042521
0.095341,0.0042298,0.0056093
0.14694,-0.0024697,0.0062654
0.1548,0.0049159,0.0063329
0.14358,0.0034912,0.0074239
0.12563,-0.0061812,0.0074089
0.097584,0.0028539,0.0085337
0.064678,-0.0046329,0.0084662
0.035885,0.0094934,0.009231
-0.019084,-0.009769,0.0098534
-0.046756,0.0097783,0.0091298
-0.057226,-0.0055214,0.011672
-0.065827,-0.0064436,0.0088936
-0.024693,0.01911,0.013141
0.051216,-0.037677,0.009351
0.11778,0.047523,0.012635
0.13498,-0.063009,0.012343
0.17836,0.058365,0.0089498
0.17237,-0.074106,0.019361
0.17536,0.084878,-0.0040223
0.16452,1.7084,0.17774
0.22734,2.1433,0.57287
0.37318,1.7707,0.91458
0.31447,1.9257,1.2495
0.42553,1.8453,1.5717
0.4719,1.9174,1.8647
0.39973,1.9225,2.151
0.57211,1.9454,2.4136
0.5852,1.9976,2.6711
0.64204,1.9907,2.9128
0.72655,2.0439,3.1445
0.6899,2.0419,3.361
0.7273,2.0879,3.5653
0.73253,2.1168,3.7633
0.77965,2.1296,3.9483
0.75721,2.137,4.1214
0.70823,2.1341,4.2798
0.66148,2.1338,4.4257
0.55715,2.1131,4.5566
0.48012,2.0941,4.6708
0.36906,2.0666,4.7695
0.33616,2.0388,4.853
0.30026,2.0249,4.9243
0.29577,2.0027,4.9851
0.3298,1.9611,5.0333
0.35785,1.9163,5.0668
0.38888,1.8705,5.0871
0.30849,1.8285,5.095
0.23258,1.7884,5.0914
0.077392,1.7354,5.0779
-0.079662,1.6863,5.0544
-0.22737,1.6365,5.0204
-0.43079,1.5887,4.9779
-0.50932,1.5515,4.9286
-0.56316,1.4953,4.8714
-0.58037,1.4302,4.8047
-0.55232,1.3706,4.7291
-0.50857,1.308,4.6453
-0.49997,1.2455,4.5536
-0.5138,1.1864,4.4562
-0.46557,1.1244,4.3534
-0.49361,1.0443,4.2429
-0.51306,0.9718,4.1239
-0.51867,0.91435,4.0003
-0.52801,0.844,3.8726
-0.52727,0.78734,3.7397
-0.54634,0.72615,3.605
-0.51455,0.63918,3.4639
-0.51567,0.57255,3.3163
-0.50707,0.51637,3.1684
-0.50558,0.43008,3.016
-0.5411,0.35157,2.8568
-0.5426,0.28866,2.6958
-0.52353,0.17344,2.5274
-0.46594,0.085073,2.3494
-0.38966,-0.0064961,2.1664
-0.30328,-0.10526,1.9776
-0.21391,-0.1898,1.7866
-0.11855,-0.28453,1.5879
-0.041894,-0.36081,1.3903
-0.0093619,-0.50943,1.1844
0.029154,-0.57257,0.97651
0.038128,-0.73507,0.76799
-0.021328,-0.7891,0.54855
-0.040773,-0.90718,0.34238
-0.051617,-1.0779,0.10381
-0.064705,-0.34306,-0.038162
0.020927,0.023192,-0.019825
0.11254,-0.14835,-0.018502
0.20603,-0.030763,-0.022633
0.2322,-0.078713,-0.018284
0.23183,-0.049089,-0.023027
0.29727,-0.044905,-0.019154
0.2853,-0.056827,-0.022577
0.26847,-0.032642,-0.021051
0.2494,-0.057052,-0.02194
0.20266,-0.032462,-0.022787
0.16676,-0.042985,-0.022408
0.11778,-0.03599,-0.023578
0.10506,-0.036964,-0.023004
0.087862,-0.036102,-0.02363
0.086366,-0.031086,-0.023889
0.082253,-0.033815,-0.024433
0.059069,-0.030509,-0.02471
0.055703,-0.037013,-0.025411
0.048225,-0.032109,-0.026424
0.0658,-0.029504,-0.02747
0.092723,-0.03293,-0.028654
0.13909,-0.029106,-0.029794
0.15517,-0.0234,-0.029989
0.15517,-0.031922,-0.030675
0.14956,-0.023442,-0.031444
0.12226,-0.026272,-0.031279
0.1174,-0.025819,-0.032557
0.065426,-0.021338,-0.031927
0.019805,-0.032822,-0.033656
0.0014823,-0.011925,-0.032771
-0.045634,-0.037564,-0.033573
-0.050869,-0.0062299,-0.034585
-0.032172,-0.035757,-0.032906
0.009709,-0.016386,-0.03697
0.10132,-0.0099677,-0.031957
0.13311,-0.051274,-0.038747
0.17611,0.036183,-0.031605
0.18509,-0.11951,-0.038503
0.18957,0.1483,-0.034214
0.17611,-0.50609,-0.039842
0.094593,-1.9814,-0.31537
0.23108,-1.91,-0.71281
0.21425,-1.792,-1.0417
0.29016,-1.925,-1.3803
0.5665,-1.8411,-1.688
0.52574,-1.9437,-1.9799
0.70374,-1.9129,-2.2571
0.74525,-1.9747,-2.5162
0.61138,-2.0002,-2.7701
0.74001,-2.0207,-3.0069
0.69962,-2.0463,-3.2348
0.7,-2.0536,-3.4454
0.72131,-2.1092,-3.6485
0.75572,-2.1208,-3.8432
0.78002,-2.1407,-4.0246
0.7086,-2.1387,-4.1933
0.69289,-2.1398,-4.347
0.56389,-2.1346,-4.4883
0.50555,-2.1072,-4.6129
0.4087,-2.0915,-4.722
0.33952,-2.0637,-4.8167
0.3197,-2.0411,-4.8967
0.27184,-2.0246,-4.9653
0.35934,-1.9937,-5.0224
0.34775,-1.9567,-5.0665
0.39,-1.9098,-5.0962
0.37654,-1.8641,-5.112
0.29615,-1.8286,-5.1165
0.21164,-1.7853,-5.1109
0.021301,-1.7372,-5.0952
-0.10172,-1.6921,-5.0695
-0.27486,-1.6424,-5.0345
-0.40274,-1.5913,-4.991
-0.4809,-1.5461,-4.9401
-0.53587,-1.4883,-4.8812
-0.52427,-1.4202,-4.8124
-0.50333,-1.3603,-4.7343
-0.48576,-1.2996,-4.6481
-0.51231,-1.2423,-4.5558
-0.45996,-1.1765,-4.4572
-0.46332,-1.1057,-4.3508
-0.48875,-1.0385,-4.2368
-0.47417,-0.97397,-4.1169
-0.5082,-0.91129,-3.9929
-0.49436,-0.83911,-3.8627
-0.51044,-0.78547,-3.7292
-0.47379,-0.7154,-3.5945
-0.46968,-0.62801,-3.4512
-0.50109,-0.56911,-3.3024
-0.47192,-0.50303,-3.1536
-0.51605,-0.41253,-2.9983
-0.51754,-0.34221,-2.837
-0.48725,-0.26114,-2.6734
-0.44126,-0.15376,-2.5004
-0.37993,-0.067642,-2.3198
-0.30328,0.034825,-2.1327
-0.20157,0.10533,-1.9419
-0.12341,0.21657,-1.7472
-0.033668,0.30246,-1.5463
-0.0052485,0.40524,-1.3465
0.02878,0.53343,-1.1358
0.084123,0.60715,-0.93016
0.056825,0.77843,-0.71263
-1.3407e-05,0.77384,-0.49856
-0.0067443,1.0269,-0.28206
0.0089611,0.86844,-0.0529
0.017562,0.051066,0.015155
0.066548,0.033592,-0.012739
0.15592,0.094075,-0.0013341
0.22846,0.0014818,-0.0059869
0.22771,0.061275,-0.0042023
0.23968,0.0020554,-0.0031075
0.28979,0.037918,-0.0045209
0.27782,0.016489,-0.0015928
0.27521,0.015754,-0.0039511
0.28381,0.022341,-0.0014504
0.21164,0.0024903,-0.0019977
0.16901,0.013831,-0.0011804
0.15255,0.0046684,-0.00068929
0.10581,0.0097708,-0.00079802
0.11179,0.0086461,0.00012053
0.11666,0.0040836,0.0004992
0.094967,0.0026215,0.00099409
0.087114,0.0053245,0.00098284
0.048972,0.0081813,0.0022013
0.056077,0.0055045,0.0032511
0.097211,0.0048634,0.0039822
0.11553,0.009992,0.0055043
0.16489,-0.00053145,0.0064341
0.17424,-0.00027277,0.0065504
0.16041,0.0062693,0.0078813
0.16115,-0.0071035,0.0079338
0.12413,0.0044997,0.0085412
0.093845,-0.0039505,0.0092235
0.083375,0.007229,0.0089048
0.03065,-0.00075264,0.010689
-0.015719,-0.0035756,0.0091223
-0.0037528,0.010779,0.011762
0.0026042,-0.02553,0.0099696
0.009709,0.02762,0.011724
0.071783,-0.032732,0.012238
0.12787,0.025221,0.0096922
0.15255,-0.017522,0.015965
0.1978,-0.012281,0.0065279
0.15368,0.047872,0.021382
0.14096,-0.1659,-0.0016753
0.12787,1.1245,0.077222
0.12376,2.2107,0.43327
0.3111,1.8206,0.80284
0.27446,1.8759,1.1298
0.32307,1.8672,1.4651
0.46367,1.8578,1.7626
0.33803,1.9275,2.0543
0.46816,1.8934,2.3236
0.56613,1.9765,2.5827
0.55155,1.9739,2.8309
0.65251,2.0173,3.0657
0.65064,2.0166,3.2891
0.67046,2.0424,3.4961
0.68691,2.0893,3.6979
0.73104,2.0888,3.888
0.74151,2.1043,4.0659
0.69925,2.0998,4.2297
0.66522,2.1069,4.3795
0.56463,2.0912,4.5164
0.48386,2.0569,4.6365
0.37168,2.0339,4.7409
0.33017,2.0076,4.8299
0.2868,1.9944,4.9058
0.27932,1.9676,4.9713
0.34887,1.9316,5.0249
0.36458,1.8973,5.0643
0.41543,1.8442,5.0889
0.36196,1.8023,5.1004
0.27969,1.7628,5.1016
0.16415,1.7167,5.0924
0.0026042,1.6715,5.0729
-0.13949,1.6173,5.0434
-0.32646,1.5677,5.0045
-0.42817,1.5198,4.9581
-0.4981,1.4721,4.9043
-0.53175,1.4132,4.8418
-0.50969,1.346,4.7695
-0.48389,1.2889,4.6884
-0.46332,1.2263,4.5994
-0.47491,1.1667,4.504
-0.4465,1.1113,4.4035
-0.45061,1.0376,4.2962
-0.49137,0.95899,4.1799
-0.52278,0.90138,4.0576
-0.51455,0.83802,3.9315
-0.50857,0.7719,3.7994
-0.52315,0.71708,3.6654
-0.48838,0.63138,3.5269
-0.50446,0.56166,3.3806
-0.49436,0.51648,3.2333
-0.48501,0.43308,3.0833
-0.53624,0.34903,2.9259
-0.53848,0.28931,2.7655
-0.50595,0.18666,2.6001
-0.46257,0.086566,2.4238
-0.40499,0.0048446,2.2423
-0.30739,-0.090673,2.0541
-0.21839,-0.16613,1.8633
-0.14398,-0.27488,1.6668
-0.047504,-0.34185,1.4677
-0.0048746,-0.47495,1.2659
0.011579,-0.56677,1.0546
0.048972,-0.6777,0.84912
0.0011084,-0.81157,0.62817
-0.025815,-0.81986,0.41992
-0.017962,-1.1033,0.19165
-0.038903,-0.66837,-0.010028
0.054582,0.019754,-0.03123
0.1174,-0.11262,-0.012102
0.18022,-0.074796,-0.023495
0.25352,-0.045152,-0.01638
0.22884,-0.074758,-0.02137
0.27072,-0.028327,-0.018906
0.29166,-0.067035,-0.020069
0.25165,-0.03269,-0.020976
0.24978,-0.047923,-0.0196
0.23557,-0.038749,-0.021808
0.18172,-0.036537,-0.020586
0.14582,-0.041819,-0.021962
0.1174,-0.031356,-0.021771
0.091601,-0.034797,-0.022266
0.087488,-0.031888,-0.022911
0.081879,-0.034021,-0.022851
0.080383,-0.027442,-0.023372
0.039998,-0.033215,-0.023795
0.02878,-0.033721,-0.024913
0.065052,-0.029826,-0.026097
0.078888,-0.033444,-0.0269
0.11927,-0.031689,-0.028137
0.14283,-0.022741,-0.028752
0.13535,-0.028945,-0.029112
0.13498,-0.02866,-0.0303
0.12526,-0.020727,-0.030004
0.10282,-0.028068,-0.03123
0.065426,-0.017278,-0.031024
0.025414,-0.031637,-0.031721
-0.01011,-0.012041,-0.032302
-0.019832,-0.029275,-0.031661
-0.019458,-0.02069,-0.034436
-0.012353,-0.011913,-0.031305
0.016066,-0.039161,-0.035534
0.080757,0.015691,-0.031927
0.13124,-0.068254,-0.034829
0.17237,0.03072,-0.035095
0.18322,-0.079141,-0.03096
0.16115,0.037322,-0.042582
0.19219,-0.075257,-0.017493
0.10469,-1.6096,-0.19109
0.17611,-2.0619,-0.58761
0.2595,-1.7346,-0.93305
0.21276,-1.9175,-1.2668
0.49059,-1.835,-1.5895
0.54182,-1.9003,-1.8822
0.57062,-1.9093,-2.1684
0.76282,-1.9229,-2.4306
0.62596,-1.9827,-2.6883
0.65625,-1.9795,-2.9306
0.71496,-2.0208,-3.1618
0.65513,-2.0165,-3.3785
0.69476,-2.0668,-3.584
0.72655,-2.091,-3.7837
0.7617,-2.1,-3.9697
0.7172,-2.1078,-4.1436
0.69065,-2.1047,-4.3029
0.58183,-2.1038,-4.4493
0.49545,-2.0782,-4.5798
0.42291,-2.0612,-4.6941
0.31185,-2.0348,-4.7942
0.32456,-2.0083,-4.8793
0.26137,-1.9952,-4.9528
0.29016,-1.9683,-5.0154
0.33204,-1.9338,-5.065
0.36719,-1.8885,-5.1006
0.37766,-1.8367,-5.1218
0.29764,-1.7934,-5.1301
0.25202,-1.7544,-5.128
0.091601,-1.7111,-5.116
-0.039277,-1.6639,-5.094
-0.20157,-1.6167,-5.0622
-0.34815,-1.5678,-5.0218
-0.41022,-1.5228,-4.9738
-0.47566,-1.4677,-4.918
-0.48314,-1.4056,-4.8525
-0.48314,-1.3422,-4.7779
-0.41583,-1.2753,-4.6945
-0.42967,-1.2214,-4.6039
-0.44463,-1.1613,-4.5079
-0.40761,-1.0948,-4.4047
-0.47005,-1.0257,-4.2936
-0.47678,-0.95927,-4.1754
-0.47192,-0.90043,-4.0528
-0.4708,-0.82708,-3.9253
-0.48763,-0.76961,-3.7925
-0.48539,-0.70958,-3.6586
-0.45285,-0.62487,-3.5175
-0.48763,-0.56174,-3.3692
-0.46744,-0.50286,-3.2211
-0.48165,-0.41605,-3.0685
-0.51754,-0.34012,-2.9083
-0.49922,-0.27264,-2.7458
-0.46145,-0.16315,-2.5763
-0.39863,-0.076141,-2.3967
-0.33506,0.02095,-2.2116
-0.22475,0.10414,-2.0207
-0.15146,0.18916,-1.8278
-0.081906,0.29723,-1.6272
-0.0018831,0.36502,-1.4277
0.021301,0.50752,-1.2201
0.050842,0.57488,-1.0109
0.051216,0.73361,-0.80024
0.028406,0.77988,-0.57843
0.010083,0.90016,-0.37107
-0.012353,1.071,-0.13043
0.0085872,0.32004,0.013374
0.072905,-0.053175,-0.0054357
0.15293,0.12792,-0.0066017
0.23744,0.0091635,-0.0021477
0.26212,0.055955,-0.0065342
0.25726,0.027961,-0.0013604
0.29016,0.019271,-0.0051995
0.28568,0.03138,-0.0016416
0.25127,0.0024003,-0.0030138
0.27334,0.025086,-0.0019115
0.24379,0.0038886,-0.0011317
0.16826,0.016017,-0.0016003
0.15554,0.0094709,-0.00021689
0.1346,0.0077014,-0.00083926
0.11217,0.010794,0.0002405
0.11067,0.0044435,0.00050669
0.10805,0.0057744,0.00080288
0.095341,0.0036562,0.0012565
0.060939,0.0094072,0.0020738
0.044485,0.0049346,0.0035548
0.06206,0.0029401,0.0043271
0.090854,0.01247,0.0053431
0.12713,0.0039186,0.0066291
0.1705,0.0013356,0.0069215
0.15779,0.0062843,0.0078663
0.13124,-0.004243,0.0079863
0.13236,0.0077726,0.0087924
0.071035,-0.0033282,0.0094185
0.030276,0.0056057,0.009381
0.019057,-0.0065486,0.011162
-0.019832,-0.014178,0.0091973
-0.031798,0.010461,0.012118
-0.02058,-0.023393,0.010225
0.0074654,0.027762,0.011687
0.038876,-0.031592,0.012699
0.095341,0.018727,0.010063
0.14507,-0.017544,0.016407
0.17275,-0.012232,0.0069065
0.16751,0.054084,0.021813
0.19032,-0.16753,-0.00083926
0.16826,1.1012,0.076037
0.14433,2.2126,0.43134
0.32419,1.8184,0.80245
0.3025,1.8617,1.1304
0.33354,1.8676,1.4671
0.47938,1.8501,1.7659
0.35897,1.9194,2.0591
0.48798,1.8859,2.3301
0.59006,1.9656,2.5911
0.55155,1.9564,2.8409
0.63867,1.9999,3.0775
0.63082,2.0071,3.3038
0.64503,2.0209,3.5122
0.64765,2.0659,3.7149
0.69776,2.0753,3.907
0.7157,2.0889,4.0878
0.65475,2.0853,4.2547
0.62259,2.0906,4.4075
0.52387,2.0737,4.5475
0.45021,2.0446,4.6713
0.347,2.0147,4.7793
0.29876,1.9858,4.8715
0.261,1.9724,4.9497
0.25651,1.9521,5.0178
0.32643,1.9225,5.0746
0.3111,1.8816,5.1171
0.36458,1.8329,5.1461
0.34812,1.7881,5.1617
0.26548,1.7433,5.1644
0.16714,1.6975,5.1577
-0.0067443,1.6495,5.1415
-0.14398,1.6026,5.1135
-0.30627,1.5563,5.0761
-0.42219,1.5045,5.0315
-0.46407,1.4572,4.9787
-0.48239,1.4044,4.9177
-0.47903,1.3411,4.8476
-0.4536,1.2766,4.7685
-0.42331,1.2145,4.681
-0.41808,1.1621,4.5867
-0.38854,1.1034,4.4873
-0.42406,1.0343,4.3815
-0.46033,0.96214,4.2672
-0.46744,0.90229,4.1459
-0.48539,0.8409,4.021
-0.48202,0.77005,3.89
-0.48389,0.72019,3.7558
-0.44051,0.64745,3.6196
-0.46669,0.56468,3.4747
-0.47716,0.50889,3.3261
-0.4465,0.4435,3.1767
-0.49137,0.36133,3.0206
-0.49324,0.2934,2.8593
-0.47978,0.21708,2.6958
-0.45846,0.10815,2.522
-0.40461,0.02161,2.3404
-0.32871,-0.079557,2.1536
-0.24569,-0.15184,1.9614
-0.16268,-0.24856,1.7668
-0.074801,-0.3382,1.5651
-0.03292,-0.42146,1.3645
-0.019832,-0.55791,1.1536
0.0014823,-0.6154,0.94536
-0.02058,-0.791,0.73027
-0.053861,-0.80457,0.51171
-0.042642,-0.99693,0.29934
-0.065079,-1.0027,0.060497
-0.01011,-0.18211,-0.041319
0.080383,-0.012487,-0.013695
0.11628,-0.1391,-0.020882
0.21724,-0.023873,-0.019563
0.2408,-0.085492,-0.018393
0.23931,-0.036248,-0.021373
0.28493,-0.057385,-0.018513
0.23519,-0.047934,-0.022176
0.2408,-0.0341,-0.019675
0.25277,-0.052178,-0.021535
0.1806,-0.031963,-0.021426
0.15966,-0.046089,-0.02158
0.13647,-0.031371,-0.022457
0.10918,-0.036739,-0.022078
0.11142,-0.04074,-0.023173
0.11217,-0.030449,-0.023342
0.08674,-0.030055,-0.02366
0.071783,-0.031393,-0.02384
0.062434,-0.034378,-0.025048
0.055703,-0.031318,-0.026367
0.087114,-0.030681,-0.026982
0.11628,-0.035851,-0.028583
0.15816,-0.027172,-0.029389
0.17237,-0.026775,-0.029479
0.15442,-0.027228,-0.030626
0.13535,-0.023404,-0.030371
0.1017,-0.027637,-0.031519
0.072157,-0.014388,-0.031342
0.034015,-0.034014,-0.032055
-0.0045007,-0.017743,-0.032778
-0.023198,-0.032987,-0.031781
-0.035538,-0.022137,-0.034402
-0.02245,-0.011943,-0.031526
-0.00038735,-0.039682,-0.03583
0.054208,0.012459,-0.032355
0.12226,-0.069491,-0.035005
0.172,0.035474,-0.035429
0.17499,-0.079932,-0.031286
0.17536,0.033086,-0.043021
0.19443,-0.06801,-0.017519
0.084871,-1.6026,-0.18913
0.18172,-2.0615,-0.58565
0.22809,-1.7356,-0.93264
0.18471,-1.9183,-1.2678
0.50331,-1.8301,-1.592
0.53584,-1.8931,-1.8858
0.56912,-1.9032,-2.1734
0.72543,-1.9149,-2.4374
0.58744,-1.9705,-2.6965
0.63867,-1.9698,-2.94
0.65625,-2.0159,-3.1742
0.62147,-2.0035,-3.3938
0.67495,-2.0476,-3.6
0.68055,-2.0745,-3.8009
0.71533,-2.0857,-3.989
0.67681,-2.0941,-4.1654
0.66261,-2.0876,-4.3272
0.56501,-2.0896,-4.4761
0.49022,-2.067,-4.61
0.43039,-2.0449,-4.7274
0.31746,-2.0213,-4.8306
0.30923,-1.9918,-4.9187
0.2408,-1.9755,-4.9941
0.28081,-1.9534,-5.0587
0.31858,-1.9173,-5.1105
0.35448,-1.8739,-5.149
0.37505,-1.8269,-5.1734
0.27633,-1.7843,-5.1847
0.24566,-1.741,-5.1854
0.10805,-1.7006,-5.1758
-0.043764,-1.6529,-5.1562
-0.18736,-1.6002,-5.1266
-0.32983,-1.5556,-5.0877
-0.41359,-1.5086,-5.0414
-0.46108,-1.4577,-4.9876
-0.44238,-1.3944,-4.9241
-0.45996,-1.3329,-4.8512
-0.42032,-1.2733,-4.7698
-0.41621,-1.2127,-4.6804
-0.41359,-1.1594,-4.5854
-0.38517,-1.0909,-4.4838
-0.44014,-1.0201,-4.374
-0.43902,-0.95499,-4.257
-0.44388,-0.8966,-4.1351
-0.43864,-0.83122,-4.0087
-0.46482,-0.76689,-3.8764
-0.45098,-0.71485,-3.7424
-0.40761,-0.63057,-3.6034
-0.44874,-0.5572,-3.4563
-0.4177,-0.50757,-3.3078
-0.45323,-0.43127,-3.1559
-0.49137,-0.34778,-2.9964
-0.47978,-0.2826,-2.8337
-0.4536,-0.18324,-2.6661
-0.3934,-0.086912,-2.4874
-0.34703,-0.0052327,-2.3034
-0.23036,0.095503,-2.1128
-0.16155,0.16531,-1.9194
-0.083028,0.27704,-1.7203
-0.010858,0.34733,-1.5176
0.0067175,0.47115,-1.3135
0.032893,0.5665,-1.1
0.028406,0.66993,-0.89235
0.015318,0.80743,-0.66938
-0.029555,0.8051,-0.45853
-0.016467,1.0967,-0.2298
-0.010484,0.6981,-0.019514
0.033641,-0.034006,0.0088973
0.12787,0.084005,-0.012308
0.18845,0.061785,8.3039e-05
0.25875,0.016725,-0.0071753
0.22996,0.054699,-0.0022677
0.26287,0.0069553,-0.0038686
0.28231,0.040753,-0.0031937
0.22136,0.0011144,-0.0017953
0.26511,0.019455,-0.0031562
0.22285,0.015623,-0.00084675
0.16938,0.009261,-0.0018778
0.1619,0.017051,-0.0004381
0.12563,-0.00095134,-0.00067429
0.12413,0.0067716,-0.0001794
0.12376,0.0075364,0.00062292
0.13909,0.0043798,0.00073539
0.09908,0.00067198,0.0012265
0.070287,0.0031838,0.0016539
0.090854,0.0040723,0.0027637
0.071783,0.0058006,0.0036447
0.087488,0.0073302,0.0047582
0.13498,0.0028502,0.0058755
0.16901,0.0033075,0.0066253
0.17836,0.0030714,0.0067416
0.15517,0.0061193,0.007915
0.13535,-0.0056039,0.0081512
0.11217,-2.5332e-05,0.0083312
0.061312,-0.0036094,0.0096884
0.036633,0.0014255,0.0089761
0.01644,0.0050471,0.010873
-0.017215,-0.012536,0.0096547
-0.020206,0.014052,0.011615
-0.0097358,-0.019854,0.011083
0.039624,0.020587,0.010959
0.091228,-0.022328,0.013648
0.13311,0.0040873,0.0091448
0.15629,0.0040648,0.016797
0.17462,-0.046179,0.0076226
0.15143,0.088811,0.019365
0.11927,-0.19346,0.0050094
0.1346,0.79624,0.041669
0.092723,2.1588,0.35979
0.21949,1.8698,0.74218
0.28044,1.8056,1.0653
0.28867,1.8706,1.4017
0.42927,1.8086,1.7032
0.34887,1.8894,1.9949
0.41581,1.8476,2.2671
0.51752,1.9246,2.526
0.48199,1.924,2.7782
0.57398,1.9407,3.0124
0.57174,1.9569,3.2356
0.55528,1.9796,3.4453
0.58071,2.0167,3.6497
0.63942,2.0091,3.8413
0.65924,2.0264,4.0187
0.60988,2.0174,4.1827
0.57174,2.0103,4.3326
0.46479,1.995,4.4683
0.39,1.9646,4.5863
0.27707,1.934,4.6893
0.215,1.906,4.7783
0.1993,1.8931,4.8544
0.18209,1.8693,4.9198
0.26062,1.8232,4.9719
0.28418,1.7805,5.0091
0.32494,1.7407,5.0331
0.31933,1.6885,5.0449
0.26511,1.6498,5.0457
0.1619,1.6096,5.0366
-0.0097358,1.5547,5.0171
-0.13089,1.5084,4.9869
-0.31337,1.4651,4.9487
-0.42032,1.4194,4.9028
-0.45809,1.3666,4.8484
-0.48277,1.3075,4.7851
-0.4263,1.2457,4.7119
-0.40723,1.1835,4.63
-0.37694,1.1247,4.541
-0.36199,1.0667,4.4463
-0.35525,1.0062,4.3458
-0.3661,0.93355,4.2367
-0.41209,0.86786,4.1198
-0.41247,0.8139,3.9983
-0.4278,0.74675,3.8708
-0.44163,0.69034,3.7397
-0.4435,0.62788,3.6073
-0.42556,0.54765,3.467
-0.41583,0.48759,3.321
-0.402,0.42835,3.1745
-0.39564,0.34915,3.0223
-0.42817,0.27775,2.8638
-0.42219,0.20755,2.703
-0.43229,0.10343,2.5334
-0.40873,0.024178,2.3552
-0.34516,-0.06939,2.1718
-0.28346,-0.15306,1.9821
-0.19147,-0.23726,1.7907
-0.12042,-0.33266,1.5913
-0.04339,-0.41019,1.3921
-0.0037528,-0.55214,1.1839
0.026162,-0.60879,0.97534
0.059443,-0.7725,0.76375
0.017936,-0.8083,0.54323
-0.01011,-0.94235,0.33563
-0.034416,-1.0635,0.096065
-0.014223,-0.29503,-0.03487
0.032519,0.017348,-0.012739
0.075522,-0.14229,-0.014288
0.20752,-0.028079,-0.016919
0.22211,-0.083385,-0.013324
0.21388,-0.043698,-0.017613
0.28156,-0.045771,-0.01419
0.25651,-0.054941,-0.017838
0.258,-0.027491,-0.015847
0.25688,-0.049359,-0.017313
0.21762,-0.030741,-0.017576
0.17275,-0.039664,-0.017111
0.13834,-0.03055,-0.018385
0.12152,-0.029305,-0.017977
0.10245,-0.033358,-0.019128
0.129,-0.028728,-0.019289
0.1103,-0.027269,-0.019664
0.098706,-0.026587,-0.01987
0.092723,-0.029474,-0.020286
0.056077,-0.029496,-0.021223
0.07627,-0.031142,-0.022337
0.083001,-0.030554,-0.023375
0.11217,-0.026467,-0.024343
0.12152,-0.024626,-0.025074
0.11516,-0.032859,-0.025231
0.13872,-0.025609,-0.026401
0.11366,-0.01952,-0.026259
0.093845,-0.031701,-0.027128
0.061686,-0.015145,-0.027365
0.022797,-0.029361,-0.027567
0.003726,-0.015445,-0.028894
-0.0093619,-0.021218,-0.027447
-0.011605,-0.024293,-0.030615
0.0022302,-0.0027396,-0.027878
0.023171,-0.046569,-0.030919
0.080009,0.016493,-0.029629
0.12937,-0.060092,-0.02925
0.14919,0.019038,-0.033315
0.1877,-0.038528,-0.025261
0.14246,-0.027404,-0.040007
0.14582,0.059636,-0.013343
0.072157,-1.3503,-0.13335
0.10245,-2.1141,-0.51235
0.23519,-1.7302,-0.86973
0.14844,-1.8727,-1.1979
0.39337,-1.8237,-1.526
0.5134,-1.8447,-1.8186
0.49732,-1.8827,-2.1065
0.70897,-1.8663,-2.3703
0.59754,-1.9381,-2.6285
0.59305,-1.9203,-2.8734
0.64802,-1.9519,-3.103
0.57772,-1.962,-3.3216
0.58632,-2.0028,-3.5298
0.60053,-2.0212,-3.7313
0.68841,-2.0182,-3.9175
0.61698,-2.0278,-4.0906
0.58557,-2.0205,-4.2501
0.53247,-2.0091,-4.3951
0.39599,-1.9816,-4.5241
0.33242,-1.9599,-4.6372
0.21313,-1.9355,-4.7356
0.22697,-1.9126,-4.8205
0.17649,-1.8959,-4.8941
0.19967,-1.8643,-4.9557
0.28381,-1.8205,-5.004
0.28156,-1.7757,-5.0375
0.33429,-1.7282,-5.0572
0.26436,-1.6874,-5.0651
0.21051,-1.6496,-5.0629
0.10805,-1.6041,-5.051
-0.035538,-1.557,-5.0287
-0.17389,-1.5116,-4.9973
-0.33843,-1.469,-4.9576
-0.39564,-1.4169,-4.9103
-0.42967,-1.3554,-4.8538
-0.43004,-1.2981,-4.7872
-0.42107,-1.2341,-4.7117
-0.38928,-1.174,-4.6271
-0.37133,-1.1236,-4.5367
-0.37582,-1.0606,-4.4403
-0.34516,-0.99216,-4.336
-0.37769,-0.92412,-4.2238
-0.39153,-0.87133,-4.1055
-0.3934,-0.81059,-3.9835
-0.39414,-0.73688,-3.8551
-0.40686,-0.69021,-3.7239
-0.3919,-0.61726,-3.5895
-0.34217,-0.53554,-3.4462
-0.39901,-0.48808,-3.2996
-0.37844,-0.42093,-3.1514
-0.36049,-0.33322,-2.9959
-0.44051,-0.27197,-2.8357
-0.4379,-0.18845,-2.6724
-0.38928,-0.083921,-2.4983
-0.34366,-0.0038118,-2.3173
-0.29991,0.095859,-2.1296
-0.20456,0.1672,-1.9381
-0.11556,0.27337,-1.7421
-0.033668,0.34283,-1.5407
0.031023,0.44567,-1.3397
0.020553,0.56134,-1.1279
0.076644,0.64215,-0.92159
0.073652,0.80923,-0.7021
0.0085872,0.79373,-0.48862
0.003352,1.0545,-0.26751
-0.018336,0.82598,-0.04127
0.011953,0.020182,0.014401
0.040372,0.049019,-0.012342
0.11067,0.084796,-4.8182e-05
0.21276,0.004211,-0.0058931
0.18546,0.060499,-0.0027776
0.21799,0.0051933,-0.0027588
0.26399,0.042713,-0.0036136
0.22435,0.01322,-0.00079802
0.23482,0.017273,-0.0029388
0.23744,0.016639,-0.00039311
0.20117,0.0072515,-0.0014166
0.1634,0.016553,-0.00039311
0.15031,-0.00012656,-2.1938e-05
0.1376,0.012395,-0.00014941
0.12413,0.0084774,0.00086661
0.13984,0.007229,0.0011141
0.12937,0.0049833,0.001594
0.097958,0.0035362,0.0018264
0.054208,0.0075177,0.00261
0.063556,0.0029289,0.0029324
0.093097,0.002374,0.0031649
0.091228,0.00016587,0.0039972
0.13947,-0.0022073,0.0040834
0.16265,-0.00097008,0.0038847
0.13498,-0.001465,0.0041696
0.12974,-0.0015849,0.0040534
0.13086,-0.00018654,0.0040084
0.0744,-0.000344,0.0042671
0.029902,-0.003077,0.0042259
0.024667,-0.0067735,0.0042296
-0.01871,-0.0076096,0.0043983
-0.027685,-0.0049253,0.0044621
-0.026937,-0.0041867,0.0043383
-0.0048746,-0.0046179,0.0041884
0.055329,-0.0074521,0.0043383
0.092349,-0.0080332,0.0043158
