0.072905,-0.0093641,0.00097534
0.04112,-0.0075721,0.00096034
0.069539,-0.0055739,0.0010503
0.070287,-0.0019261,0.001489
0.063556,-0.0011763,0.0020064
0.057573,-0.0041118,0.0019314
0.032145,-0.00076764,0.0023888
0.030276,-0.0075871,0.0025687
0.025788,-0.0011388,0.0026812
0.032893,-0.006916,0.0031049
0.050094,-0.0066948,0.0030749
0.050842,0.0012193,0.0036935
0.042989,-0.018283,0.0030261
0.038876,0.0098796,0.0040234
0.051216,-0.024645,0.0033561
0.056077,0.0079975,0.0037422
0.058695,-0.015861,0.0043009
0.074774,-0.020101,0.0028762
0.045981,-0.003062,0.0050282
0.058695,-0.051451,0.0020626
0.071783,0.066538,0.0061529
0.064678,-0.10858,0.001339
0.066548,0.11782,0.0055156
0.033641,-0.17133,0.0026925
0.063556,0.3363,0.0041359
0.016066,2.6933,0.16195
0.061312,3.045,0.38411
0.031397,3.2888,0.54006
-0.011979,3.6149,0.67418
0.23557,2.6443,0.80663
0.24043,2.5433,0.9481
0.32344,2.4983,1.0715
0.25165,2.687,1.1666
0.046355,2.8395,1.2383
0.21388,2.4721,1.3022
0.082253,2.3672,1.3657
0.11254,2.2549,1.4136
0.17611,2.1883,1.453
0.030276,2.1077,1.4824
0.126,2.0317,1.5034
0.023919,1.9831,1.5178
0.060939,1.8816,1.5218
0.1346,1.8129,1.5154
0.0744,1.7196,1.4991
0.059069,1.6394,1.476
-0.099855,1.5502,1.445
-0.13276,1.45,1.4049
-0.15819,1.3593,1.3564
-0.099481,1.263,1.3001
0.0085872,1.1555,1.2386
0.03065,1.0426,1.1706
0.08861,0.9526,1.0986
0.011579,0.83248,1.0226
-0.050121,0.70793,0.94131
-0.10546,0.57938,0.85492
-0.14847,0.47247,0.76689
-0.18362,0.32953,0.67621
-0.25242,0.19097,0.57675
-0.25167,0.074119,0.47893
-0.25093,-0.12561,0.36944
-0.16604,-0.21736,0.2589
-0.085645,-0.48761,0.13773
0.0067175,-0.4737,0.016913
0.15031,-0.017882,-0.0068004
0.17349,-0.017931,0.0078288
0.12002,-0.052924,0.0010128
0.083749,-0.0077445,0.0048182
0.028032,-0.042498,0.0029099
-0.017589,-0.0036619,0.0034348
0.026162,-0.025991,0.0040159
0.022049,-0.018838,0.0026437
0.031023,-0.016476,0.003626
0.091228,-0.014568,0.0026137
0.096837,-0.011842,0.0032811
0.10731,-0.019198,0.0025612
0.14021,-0.007887,0.0025237
0.18658,-0.01233,0.002565
0.16115,-0.010185,0.0020738
0.15368,-0.0085356,0.0019801
0.17387,-0.009038,0.0017402
0.12413,-0.0071222,0.0017289
0.12974,-0.0092179,0.0015377
0.16115,-0.0082357,0.001189
0.1892,-0.0072384,0.0010391
0.1993,-0.0086668,0.00099409
0.19443,-0.0047416,0.0007279
0.14844,-0.0047078,0.00091535
0.044859,-0.0079058,0.00081413
0.032145,-0.0036581,0.00067916
0.0044739,-0.0035269,0.0010728
-0.014971,-0.006856,0.00065666
-0.0015092,-0.0055851,0.00059293
-0.032172,-0.0066348,0.0010128
-0.0037528,-0.0088243,0.00076539
0.0022302,-0.0043779,0.00064541
0.01644,-0.0073172,0.00081413
0.053834,-0.010099,0.0010128
0.084871,-0.0030545,0.00084412
0.10394,-0.0028258,0.0007054
0.037006,-0.0028783,0.00095285
-0.012353,-0.0025147,0.00085537
-0.055356,-0.0021023,0.0009191
-0.097237,-0.0015137,0.0010391
-0.079288,-0.0028971,0.00081788
-0.052365,-0.0045804,0.00095659
-0.018336,-0.0059225,0.0011403
-0.0041267,-0.0017649,0.00083662
-0.0045007,-0.0017311,0.0007129
0.03738,-0.0039056,0.00098659
0.086366,-0.0059563,0.00079163
0.11179,-0.0079582,0.00022926
0.10394,-0.0031633,-0.00012317
0.10619,-0.0051727,-0.00061056
0.11105,-0.006886,-0.0010642
0.078514,-0.0081082,-0.0010567
0.076644,-0.011921,-0.0016228
0.081879,-0.0033245,-0.0013979
0.11329,-0.010882,-0.0017915
0.14134,-0.0011613,-0.0021552
0.12638,-0.0062037,-0.0015666
0.11666,-0.0055814,-0.0029163
0.081505,-8.9065e-05,-0.0014541
0.076644,-0.019273,-0.0031225
0.074026,0.013445,-0.0017915
0.05159,-0.026032,-0.0022002
0.064304,0.015807,-0.0031825
0.059069,-0.019978,-0.00080926
0.07814,-0.00060643,-0.0053945
0.077018,0.015938,0.0021901
0.046729,-0.06254,-0.0080227
0.083001,0.14278,0.0074389
0.047477,-0.83359,-0.039204
0.057947,-1.9109,-0.28259
0.077766,-1.7611,-0.52668
0.024293,-1.8922,-0.72055
0.10693,-1.9931,-0.91385
0.10506,-2.0326,-1.07
0.17275,-2.1328,-1.2144
0.31896,-2.0851,-1.3338
0.26287,-2.1212,-1.4328
0.30549,-2.1068,-1.5184
0.31185,-2.1162,-1.5906
0.22398,-2.087,-1.6515
0.25426,-2.0436,-1.6958
0.20939,-2.0132,-1.731
0.17312,-1.9621,-1.755
0.15592,-1.9343,-1.7705
0.084497,-1.8867,-1.7778
0.057199,-1.8219,-1.7739
0.0055957,-1.7484,-1.76
-0.02245,-1.6671,-1.7361
0.00036053,-1.5896,-1.7036
-0.011605,-1.5107,-1.6646
-0.030302,-1.4152,-1.6191
0.003352,-1.3146,-1.5652
-0.022824,-1.2147,-1.5025
-0.053861,-1.1185,-1.435
-0.040773,-1.0093,-1.3622
-0.037033,-0.91625,-1.2843
-0.01871,-0.80651,-1.2041
-0.04339,-0.67732,-1.1142
-0.051243,-0.58743,-1.0224
-0.10696,-0.45941,-0.92798
-0.19371,-0.34856,-0.82837
-0.20493,-0.21567,-0.72453
-0.22438,-0.105,-0.61441
-0.20792,0.057961,-0.50144
-0.17539,0.22558,-0.37425
-0.15931,0.32417,-0.25222
-0.10659,0.61618,-0.11111
-0.070314,0.3667,0.0016914
0.0048478,-0.052586,0.0036972
0.057947,0.04954,-0.0051695
0.053834,0.017944,0.0009116
0.12301,0.0079338,-0.0036361
0.10058,0.025202,-0.00044934
0.044111,-0.0027396,-0.0022864
0.069165,0.016395,-0.0010155
0.041868,-0.0046704,-0.0012704
0.071035,0.010472,-0.0014616
0.091601,3.0903e-05,-0.0004306
0.095341,0.0048596,-0.0013042
0.16826,0.0045597,-0.00022814
0.18658,-0.0044979,-0.00044934
0.22285,0.0053433,-8.9423e-05
0.22547,0.0026102,-7.0677e-05
0.20304,-0.002226,0.00014303
0.24566,-0.0068748,0.00055168
0.22173,-0.00133,0.00042421
0.22136,-0.0017836,0.00088536
0.22211,-4.7826e-05,0.0011178
0.17836,0.0018267,0.001219
0.18434,-0.0044567,0.0013278
0.16714,-0.0019373,0.001444
0.1634,0.0010544,0.0016539
0.13311,-0.0054464,0.0014852
0.061312,-0.0019748,0.0013877
0.026162,-0.00058393,0.0016577
-0.016093,-0.010159,0.0015115
-0.0576,-0.0047191,0.001354
-0.045634,-0.0059638,0.0015115
-0.031798,-0.009799,0.0015227
-0.050869,-0.0042542,0.001294
-0.037781,-0.0028296,0.0011853
-0.033668,0.00045454,0.0018826
-0.038529,0.0008032,0.0027449
-0.056104,-0.0016599,0.0031049
-0.061713,-0.001435,0.0037422
-0.051243,-0.0031183,0.0042334
-0.095368,0.0016317,0.0046908
-0.10359,-0.0027734,0.0054181
-0.10584,-0.0015624,0.0051819
-0.10958,0.0055869,0.0062242
-0.053861,-0.0082357,0.0056918
-0.0067443,0.0090735,0.0066028
0.03065,-0.010478,0.006914
0.063182,0.0091485,0.0061117
0.093471,-0.0030658,0.0085187
0.11591,-0.0075308,0.0054481
0.12937,0.017156,0.0091335
0.14171,-0.034239,0.0055981
0.13535,0.044835,0.0088973
0.16602,-0.066435,0.0079638
0.15106,0.069219,0.0050394
0.1432,-0.074766,0.014262
0.15592,0.091878,-0.0074565
0.15106,1.7791,0.16615
0.29951,2.3162,0.5322
0.23781,2.0958,0.83956
0.24342,2.3687,1.1353
0.41431,2.3689,1.4091
0.31447,2.564,1.6493
0.47003,2.6988,1.8823
0.50892,2.8303,2.0902
0.3986,2.9512,2.2866
0.51415,3.0005,2.461
0.43525,3.1104,2.6212
0.46853,3.117,2.7647
0.4805,3.1527,2.8918
0.35448,3.142,3.0047
0.30624,3.1121,3.0993
0.16115,3.1004,3.1804
0.11441,3.0728,3.2473
0.1189,3.0655,3.3033
0.056825,3.0197,3.3469
0.0078393,2.9812,3.3764
-0.016093,2.9339,3.3932
-0.068444,2.8579,3.3988
-0.12267,2.8101,3.3948
-0.063583,2.7538,3.3823
-0.037033,2.6907,3.3611
-0.012353,2.6231,3.3302
0.019805,2.5553,3.2919
-0.010484,2.49,3.2476
-0.033668,2.4005,3.1956
-0.14024,2.3156,3.1356
-0.20381,2.2285,3.0677
-0.23073,2.1349,2.9919
-0.32609,2.0461,2.9107
-0.39003,1.942,2.8233
-0.44762,1.8415,2.7285
-0.41695,1.7355,2.6275
-0.42369,1.6182,2.5212
-0.38667,1.5095,2.4109
-0.26439,1.4009,2.2962
-0.26813,1.2927,2.1791
-0.17352,1.1714,2.0602
-0.17389,1.0368,1.9343
-0.25878,0.9371,1.8061
-0.19596,0.81241,1.6791
-0.22924,0.66243,1.544
-0.21391,0.55016,1.4072
-0.15146,0.38778,1.2662
-0.13538,0.25461,1.1189
-0.077793,0.085936,0.96611
-0.055356,-0.04336,0.80694
-0.0048746,-0.18852,0.65109
0.025788,-0.37394,0.48244
0.078514,-0.45924,0.32366
0.17462,-0.78913,0.14631
0.16938,-0.52146,-0.0030063
0.22996,0.028426,-0.012458
0.26623,-0.077101,0.00054794
0.26773,-0.051241,-0.0079364
0.39038,-0.027862,-0.0023277
0.36794,-0.052984,-0.0063093
0.38103,-0.015295,-0.0040673
0.39524,-0.048676,-0.005462
0.24379,-0.019404,-0.0057994
0.215,-0.0326,-0.0050758
0.15368,-0.024236,-0.0067142
0.095341,-0.024424,-0.0057507
0.11105,-0.028761,-0.0070741
0.075148,-0.017282,-0.0067442
0.079261,-0.022801,-0.0070404
0.046355,-0.017994,-0.0074565
0.03738,-0.019453,-0.0075728
0.0658,-0.017803,-0.0080189
0.047851,-0.017038,-0.0081576
0.054582,-0.018808,-0.0086263
0.016814,-0.022546,-0.0088287
-0.028059,-0.017574,-0.0091961
-0.092376,-0.013814,-0.0093311
-0.15744,-0.018399,-0.0093986
-0.15744,-0.014313,-0.0096498
-0.15482,-0.011928,-0.0095261
-0.12154,-0.013649,-0.0095261
-0.13538,-0.013327,-0.0095973
-0.14286,-0.010987,-0.0095373
-0.13127,-0.010579,-0.0095336
-0.11444,-0.012869,-0.0096273
-0.044512,-0.016082,-0.010276
-0.030302,-0.015902,-0.011089
0.039998,-0.013612,-0.011322
0.080757,-0.014676,-0.011914
0.062808,-0.011936,-0.012372
0.11516,-0.015359,-0.013092
0.1275,-0.0090604,-0.013414
0.15255,-0.014755,-0.013466
0.17349,-0.01158,-0.014606
0.15779,-0.010448,-0.013763
0.14171,-0.01961,-0.015416
0.11853,-7.4069e-05,-0.014591
0.10058,-0.029826,-0.015543
0.11217,0.0059318,-0.015948
0.11142,-0.026336,-0.014321
0.12114,-0.0051465,-0.017827
0.14358,-0.0053489,-0.0129
0.12488,-0.042588,-0.019458
0.16153,0.048056,-0.012315
0.14545,-0.11646,-0.019311
0.1634,0.16068,-0.013905
0.11292,-0.54487,-0.022191
0.077766,-2.1111,-0.2859
0.14358,-2.124,-0.65409
-0.0089879,-2.0737,-0.9529
0.16153,-2.2442,-1.2551
0.29016,-2.2242,-1.52
0.20191,-2.407,-1.7674
0.436,-2.4529,-2.0005
0.31746,-2.5803,-2.2133
0.19518,-2.648,-2.415
0.3313,-2.7111,-2.5927
0.21687,-2.7927,-2.7571
0.28867,-2.8325,-2.904
0.3369,-2.8836,-3.0354
0.31335,-2.89,-3.1477
0.34775,-2.9147,-3.2414
0.20977,-2.9282,-3.3222
0.17873,-2.9341,-3.3894
0.12638,-2.9262,-3.443
0.056451,-2.9044,-3.4823
0.050842,-2.8788,-3.5079
0.017936,-2.8424,-3.5202
-0.036659,-2.8185,-3.5215
0.010457,-2.7854,-3.5134
0.11628,-2.7351,-3.4951
0.12189,-2.6836,-3.4673
0.16751,-2.6276,-3.4314
0.17125,-2.5669,-3.3876
0.12825,-2.5012,-3.3371
0.020179,-2.4237,-3.2794
-0.084897,-2.338,-3.2125
-0.11519,-2.2467,-3.1379
-0.18885,-2.1559,-3.0556
-0.18399,-2.0699,-2.9677
-0.21989,-1.9731,-2.8757
-0.25504,-1.8621,-2.777
-0.21017,-1.7502,-2.6711
-0.23372,-1.6469,-2.5613
-0.19147,-1.5294,-2.4473
-0.19222,-1.4214,-2.329
-0.21503,-1.3123,-2.2094
-0.18773,-1.1148,-2.0863
-0.2083,-0.85723,-1.9614
-0.18362,-0.6489,-1.8404
-0.17165,-0.49539,-1.7206
-0.1092,-0.34879,-1.5937
0.031771,-0.24084,-1.4642
0.064304,-0.092127,-1.3291
0.015692,0.022427,-1.1836
-0.002631,0.14097,-1.035
-0.01011,0.25972,-0.87634
-0.028807,0.3415,-0.71994
-0.002257,0.51168,-0.55178
0.04972,0.538,-0.38739
0.098706,0.80142,-0.21554
0.13161,0.68235,-0.03616
0.20229,0.0092647,0.0097746
0.28044,0.013921,-0.011869
0.30923,0.062861,-0.0024664
0.4001,-0.0098102,-0.0070029
0.36944,0.045296,-0.0048621
0.25763,-0.0015249,-0.0047646
0.21874,0.024501,-0.0056457
0.12563,0.0085337,-0.0034224
0.10469,0.010701,-0.0050458
0.091601,0.01451,-0.0031675
0.085245,-0.00010406,-0.0037449
0.12787,0.0047434,-0.002935
0.085992,-0.002256,-0.0028975
0.10095,0.0067491,-0.0028301
0.062808,0.0022878,-0.002054
0.0089611,0.0020479,-0.0023577
0.01831,0.006243,-0.0017953
-0.03479,-0.0029121,-0.0014204
-0.057226,-0.0010863,-0.0012479
-0.087515,0.0059656,-0.00055057
-0.086767,-1.7834e-05,-0.00020565
-0.066948,0.0029139,-1.8189e-05
-0.045634,0.0056957,0.0012528
0.010083,4.6602e-06,0.0020476
0.0059696,0.0022353,0.0023175
-0.00076128,6.0895e-05,0.0032548
-0.042268,-9.2814e-05,0.0036747
-0.13052,0.001628,0.0044433
-0.14099,-0.0074034,0.0044208
-0.12379,0.00333,0.0054406
-0.089385,-0.0063574,0.0060442
-0.039651,0.0047284,0.005703
0.025414,-0.0040443,0.0076039
0.094593,-0.010406,0.0056206
0.12488,0.012193,0.0085524
0.18509,-0.022152,0.0069553
0.17013,0.027125,0.0083837
0.16078,-0.037152,0.0092685
0.16714,0.025742,0.0065504
0.10918,-0.013983,0.01304
0.11366,-0.017473,0.0032398
0.07627,0.060735,0.018207
0.10282,-0.17874,-0.0044122
0.12189,1.1544,0.071898
0.17985,2.3383,0.42971
0.3111,1.9415,0.80602
0.21612,2.0226,1.1391
0.35373,2.0528,1.4792
0.4259,2.0443,1.7793
0.23781,2.1269,2.0742
0.40608,2.1091,2.3474
0.36345,2.1925,2.6107
0.32868,2.1673,2.8626
0.60951,2.2047,3.0995
0.31409,2.2076,3.3306
0.24604,2.1969,3.5468
0.63568,2.2003,3.7514
0.64877,2.2118,3.944
0.72244,2.2407,4.1295
0.61063,2.2296,4.3036
0.46479,2.2295,4.464
0.25165,2.2166,4.6115
-0.053487,2.2028,4.7445
0.23183,2.1926,4.8645
0.32905,2.1601,4.9694
0.22323,2.1298,5.0588
0.099828,2.1018,5.1347
0.13012,2.0527,5.1974
0.51939,2.0259,5.2481
0.57361,2.006,5.2877
0.70411,1.9591,5.3142
0.71832,1.9183,5.3275
0.31821,1.874,5.3289
0.11441,1.8288,5.3197
-0.049747,1.7879,5.3006
-0.14024,1.7417,5.2715
-0.20119,1.6977,5.2329
-0.23522,1.6565,5.1861
-0.22961,1.6128,5.1317
-0.34217,1.563,5.0697
-0.30851,1.508,4.999
-0.25616,1.4447,4.9189
-0.23672,1.3835,4.83
-0.23746,1.3232,4.7344
-0.28159,1.2512,4.6322
-0.38554,1.1862,4.5217
-0.445,1.1158,4.4035
-0.42369,1.0427,4.2781
-0.52353,0.98012,4.1484
-0.45323,0.89859,4.0137
-0.2958,0.83986,3.8743
-0.23073,0.77751,3.7344
-0.18736,0.67769,3.587
-0.21241,0.60886,3.4323
-0.37844,0.54808,3.2778
-0.54596,0.45775,3.1186
-0.51081,0.36835,2.9513
-0.48202,0.29116,2.7821
-0.44612,0.18143,2.6056
-0.30477,0.087597,2.42
-0.14136,-0.010234,2.2311
-0.0576,-0.10897,2.0363
0.065052,-0.21032,1.8389
0.24005,-0.32801,1.6333
0.30325,-0.40779,1.4282
0.33429,-0.55954,1.217
0.21799,-0.61695,1.0033
0.065426,-0.75985,0.79064
-0.063583,-0.82314,0.56696
-0.19222,-0.92201,0.35833
-0.11406,-1.1126,0.11757
0.040372,-0.39519,-0.035849
0.17237,0.031125,-0.021411
0.22211,-0.1478,-0.017707
0.25838,-0.034674,-0.023274
0.27296,-0.072156,-0.018209
0.19256,-0.05166,-0.023237
0.2408,-0.037302,-0.019521
0.19817,-0.056294,-0.023087
0.078514,-0.027288,-0.021756
0.066922,-0.048241,-0.022363
-0.033294,-0.027573,-0.023274
-0.076671,-0.034617,-0.022626
-0.038529,-0.029429,-0.023968
-0.013101,-0.027356,-0.023552
0.0082132,-0.028885,-0.024538
-0.026937,-0.024458,-0.024871
-0.1021,-0.027333,-0.025329
-0.17913,-0.027622,-0.025857
-0.22363,-0.029871,-0.027331
-0.25541,-0.025477,-0.028591
-0.17726,-0.02785,-0.029397
-0.03292,-0.025702,-0.030713
0.032519,-0.0255,-0.031342
0.11217,-0.020532,-0.032272
0.15181,-0.022602,-0.032104
0.14096,-0.028409,-0.03333
0.13161,-0.012292,-0.033176
0.064304,-0.031056,-0.033982
0.022423,-0.0081269,-0.034994
-0.040773,-0.026362,-0.033892
-0.12042,-0.018774,-0.036543
-0.12566,-0.01047,-0.033794
-0.099481,-0.042813,-0.03796
0.010083,0.019245,-0.034477
0.11067,-0.068932,-0.037187
0.22958,0.038327,-0.037993
0.27595,-0.073667,-0.033067
0.23033,0.033033,-0.045338
0.24679,-0.054967,-0.019563
0.080757,-1.6696,-0.18979
0.11404,-2.1846,-0.59096
0.14208,-1.8,-0.94533
0.060939,-1.9595,-1.2902
0.37804,-1.8548,-1.6244
0.38888,-1.9085,-1.9262
0.38926,-1.9216,-2.2237
0.56538,-1.9297,-2.4973
0.32943,-1.9928,-2.7656
0.28418,-1.9895,-3.0163
0.3197,-2.0589,-3.2571
0.23332,-2.0668,-3.488
0.34139,-2.0884,-3.7032
0.40421,-2.106,-3.906
0.45058,-2.1378,-4.0973
0.45432,-2.1657,-4.2816
0.46143,-2.1654,-4.4523
0.53995,-2.1734,-4.609
0.50144,-2.1694,-4.7516
0.47526,-2.1681,-4.8802
0.4547,-2.158,-4.9956
0.35485,-2.1363,-5.0948
0.34177,-2.1175,-5.1778
0.39599,-2.1032,-5.2472
0.45544,-2.0925,-5.305
0.57099,-2.069,-5.3508
0.5751,-2.0348,-5.3828
0.51565,-1.9993,-5.4009
0.43675,-1.9658,-5.4062
0.29241,-1.9398,-5.4005
0.24604,-1.9057,-5.3843
0.14283,-1.8616,-5.3585
0.009335,-1.8204,-5.323
-0.014597,-1.7815,-5.2779
-0.099481,-1.7403,-5.2245
-0.19857,-1.6955,-5.1641
-0.25317,-1.6454,-5.0961
-0.22101,-1.5905,-5.0183
-0.17689,-1.5293,-4.9317
-0.23223,-1.4614,-4.8366
-0.27112,-1.3918,-4.7351
-0.36161,-1.3172,-4.6287
-0.46407,-1.2428,-4.5147
-0.44799,-1.1615,-4.3926
-0.43229,-1.0902,-4.2642
-0.43902,-1.0239,-4.132
-0.42443,-0.94427,-3.9938
-0.42144,-0.88597,-3.8525
-0.45061,-0.80432,-3.7088
-0.47604,-0.70558,-3.5562
-0.4364,-0.6403,-3.3988
-0.42481,-0.5716,-3.2419
-0.41808,-0.47532,-3.0793
-0.35451,-0.38957,-2.91
-0.36049,-0.30238,-2.7382
-0.3575,-0.18676,-2.5574
-0.29393,-0.085289,-2.3693
-0.20904,0.019979,-2.1759
-0.10247,0.10665,-1.9794
-0.028433,0.22921,-1.7785
0.031397,0.31461,-1.5719
0.059443,0.43305,-1.367
0.04112,0.55662,-1.1515
0.059069,0.62431,-0.9423
0.089358,0.79831,-0.72176
0.087114,0.79275,-0.50527
0.14694,1.0528,-0.28613
0.18583,0.87715,-0.056739
0.20827,0.052551,0.0087624
0.23931,0.039737,-0.018906
0.2251,0.09478,-0.0071379
0.31783,0.010449,-0.011959
0.34476,0.069845,-0.0096985
0.3025,0.0077839,-0.0089562
0.30512,0.040625,-0.010321
0.23632,0.017884,-0.0073328
0.19593,0.019593,-0.0094361
0.1548,0.021224,-0.0069204
0.12077,0.0088561,-0.0078315
0.13498,0.022068,-0.0068904
0.13722,0.0073152,-0.0062643
0.14021,0.01298,-0.0063055
0.075148,0.010153,-0.0054657
0.015692,0.0090023,-0.0051733
0.0063435,0.0056469,-0.0045622
-0.02058,0.0097896,-0.0043785
-0.014597,0.013932,-0.0027663
-0.012353,0.0047434,-0.0014916
-1.3407e-05,0.0072665,-0.00082051
0.00073447,0.011488,0.00083662
-1.3407e-05,0.0048409,0.0013053
0.029154,0.0023066,0.0018189
-0.00824,-0.0026984,0.0025462
0.017188,0.00817,0.0028724
0.015318,0.0008032,0.0040459
-0.059096,-0.0045804,0.0032398
-0.058722,0.0078026,0.0051782
-0.087141,-0.01053,0.0042109
-0.071062,0.019102,0.0053919
-0.014223,-0.0185,0.0061229
0.017188,0.014142,0.0044883
0.070661,-0.0059413,0.0084887
0.10432,-0.011524,0.0033786
0.12339,0.028703,0.010626
0.14096,-0.063301,0.0030411
0.1088,0.10577,0.010776
0.10992,-0.17977,0.0054368
0.10656,0.54731,0.013535
0.074774,2.1359,0.29585
0.17349,2.0184,0.69451
0.096837,1.8415,1.0275
0.12039,1.9513,1.3742
0.31933,1.8454,1.6882
0.1907,1.95,1.9858
0.24604,1.9095,2.2696
0.27147,1.9747,2.5361
0.14844,2.0027,2.7952
0.30475,2.0312,3.0364
0.31671,2.0759,3.2709
0.37729,2.0624,3.4869
0.51266,2.1087,3.6912
0.55902,2.1368,3.8868
0.64054,2.1621,4.0718
0.58819,2.1709,4.2449
0.56912,2.1722,4.4026
0.57847,2.1703,4.5467
0.54481,2.1611,4.6751
0.47975,2.1524,4.7888
0.4173,2.1278,4.8874
0.37916,2.1073,4.9698
0.38851,2.0984,5.0385
0.49658,2.0872,5.0951
0.56202,2.0656,5.1396
0.59081,2.0327,5.171
0.55603,1.9957,5.1891
0.51415,1.9558,5.1938
0.36158,1.9223,5.1872
0.16863,1.8892,5.1713
0.11067,1.8495,5.1453
-0.015345,1.7998,5.1092
-0.0576,1.7509,5.0642
-0.10846,1.717,5.012
-0.19558,1.6644,4.9523
-0.17427,1.6073,4.8845
-0.21465,1.552,4.8081
-0.21839,1.4775,4.7221
-0.25055,1.4157,4.6287
-0.3661,1.3544,4.5295
-0.45323,1.2739,4.4224
-0.52876,1.1936,4.3078
-0.58934,1.1226,4.1859
-0.60878,1.0618,4.0586
-0.59121,0.98368,3.9278
-0.5669,0.91014,3.7907
-0.51904,0.85393,3.6517
-0.50371,0.75784,3.5088
-0.52203,0.66635,3.3562
-0.52128,0.61115,3.2026
-0.52689,0.52398,3.0474
-0.53923,0.43061,2.8838
-0.51829,0.35835,2.7178
-0.47903,0.24574,2.5461
-0.43565,0.1437,2.3657
-0.33918,0.040277,2.18
-0.24719,-0.056114,1.9886
-0.16492,-0.16292,1.795
-0.064705,-0.27653,1.5932
-0.016093,-0.3651,1.3926
0.019805,-0.51653,1.1844
0.04972,-0.57149,0.97506
0.010831,-0.7301,0.76488
0.018684,-0.78013,0.54572
0.097958,-0.91969,0.33938
0.13086,-1.0751,0.10128
0.23931,-0.31943,-0.035189
0.34513,0.026881,-0.015251
0.34139,-0.14262,-0.015352
0.40085,-0.027824,-0.018876
0.39075,-0.076389,-0.014887
0.30549,-0.043634,-0.019593
0.31484,-0.040728,-0.015926
0.31671,-0.048556,-0.019619
0.26399,-0.023532,-0.01786
0.21575,-0.044762,-0.018873
0.19182,-0.02316,-0.01954
0.16527,-0.037137,-0.019086
0.14358,-0.030242,-0.020384
0.17387,-0.031798,-0.020226
0.14994,-0.030655,-0.020942
0.090854,-0.023142,-0.021051
0.077392,-0.025504,-0.021917
0.017936,-0.020068,-0.021748
-0.025815,-0.027277,-0.022423
-0.002257,-0.026302,-0.024238
0.02878,-0.022216,-0.024988
0.043737,-0.028225,-0.026082
0.031771,-0.022763,-0.02732
0.035511,-0.018272,-0.027451
0.024667,-0.022913,-0.028268
-0.023198,-0.017035,-0.028459
-0.088263,-0.025462,-0.02925
-0.12827,-0.012761,-0.029813
-0.14398,-0.02433,-0.029408
-0.16529,-0.017964,-0.031245
-0.1552,-0.010054,-0.0297
-0.1724,-0.030681,-0.032542
-0.11257,0.0060031,-0.030799
-0.038529,-0.043536,-0.03204
0.024667,0.010333,-0.032797
0.1017,-0.040893,-0.030315
0.094967,-0.0010751,-0.03694
0.14283,-0.006886,-0.027188
0.088236,-0.074173,-0.041934
0.069165,0.15233,-0.019199
0.019805,-1.1221,-0.095603
0.029154,-2.2421,-0.45442
0.17574,-1.8653,-0.83144
0.03738,-1.9298,-1.164
0.28493,-1.9338,-1.5042
0.51714,-1.9181,-1.8054
0.42515,-1.9939,-2.1013
0.65288,-1.9682,-2.3742
0.51714,-2.054,-2.6364
0.39935,-2.0577,-2.8867
0.53958,-2.1196,-3.1232
0.44348,-2.1329,-3.3507
0.55865,-2.1503,-3.5592
0.65625,-2.198,-3.7597
0.70972,-2.2181,-3.9501
0.77853,-2.242,-4.1297
0.71271,-2.24,-4.295
0.69177,-2.2496,-4.4459
0.6454,-2.2482,-4.5837
0.56688,-2.238,-4.7063
0.48461,-2.2233,-4.8133
0.49957,-2.2023,-4.9044
0.50256,-2.1868,-4.9813
0.57361,-2.1718,-5.0452
0.68953,-2.1557,-5.0983
0.71234,-2.1247,-5.1388
0.74824,-2.0857,-5.1643
0.71832,-2.0538,-5.1766
0.62895,-2.0169,-5.1774
0.40347,-1.9784,-5.1672
0.21463,-1.9392,-5.1472
0.041868,-1.8925,-5.1179
-0.16679,-1.8496,-5.0791
-0.21802,-1.8062,-5.0315
-0.29767,-1.7627,-4.9768
-0.31861,-1.7107,-4.9149
-0.30029,-1.6432,-4.8436
-0.36199,-1.579,-4.7635
-0.38891,-1.5102,-4.6752
-0.44089,-1.4483,-4.579
-0.49099,-1.3877,-4.4774
-0.50333,-1.3094,-4.3691
-0.56803,-1.2301,-4.2527
-0.63197,-1.153,-4.1294
-0.60542,-1.0827,-4.0015
-0.61365,-1.0037,-3.869
-0.6028,-0.93496,-3.7313
-0.53886,-0.86913,-3.5922
-0.56429,-0.76392,-3.4463
-0.60093,-0.68353,-3.2921
-0.62561,-0.62517,-3.139
-0.66787,-0.52293,-2.9819
-0.69816,-0.43371,-2.8171
-0.65179,-0.34688,-2.6495
-0.55681,-0.23693,-2.4746
-0.47791,-0.12617,-2.2923
-0.34217,-0.019674,-2.1026
-0.24195,0.061159,-1.9115
-0.13201,0.1949,-1.7153
0.0078393,0.27149,-1.5139
0.057947,0.39916,-1.3138
0.12675,0.51741,-1.1035
0.126,0.5993,-0.89909
0.12862,0.7628,-0.68168
0.12787,0.77033,-0.47257
0.10805,1.0568,-0.25258
0.2322,0.76557,-0.037191
0.25576,-0.0034144,0.0061042
0.30849,0.064173,-0.018228
0.40833,0.076466,-0.0059756
0.42366,0.011623,-0.012102
0.46105,0.057316,-0.0084313
0.38477,0.0058081,-0.0090312
0.39337,0.04079,-0.0090649
0.38926,0.015267,-0.0070854
0.28829,0.013775,-0.008825
0.2868,-0.0022672,-0.0063918
0.18396,0.005242,-0.0072616
0.12563,0.017674,-0.0061406
0.12638,0.0044547,-0.0059719
0.077766,0.0098083,-0.0055445
0.068043,0.004421,-0.0051171
0.025788,0.011765,-0.0047121
-0.0059964,0.0027564,-0.004026
-0.054982,0.001688,-0.0041085
-0.10584,0.0089161,-0.002965
-0.077045,0.0085449,-0.0020315
-0.03105,0.0085412,-0.00097048
0.0014823,0.0085637,0.00021426
0.026162,0.0064942,0.0011665
0.036633,0.00040955,0.0014102
0.010457,0.0075552,0.0021676
-0.027311,0.00054827,0.0028312
-0.062461,0.0059506,0.0028462
-0.10359,0.0022541,0.0042634
-0.15408,-0.0021323,0.0036035
-0.20755,0.010067,0.0054069
-0.22886,-0.01104,0.004612
-0.23597,0.013404,0.0055006
-0.17838,-0.025725,0.0064941
-0.065827,0.012718,0.0045895
0.011953,-0.0049628,0.0086761
0.07627,-0.012806,0.003701
0.10058,0.031676,0.010547
0.16452,-0.070649,0.003566
0.18845,0.10299,0.010371
0.16938,-0.17999,0.0062429
0.17237,0.50334,0.010959
0.14956,2.1111,0.28542
0.30512,2.0372,0.6829
0.258,1.8498,1.0132
0.24903,1.9778,1.3548
0.46853,1.8914,1.6646
0.31559,2.0041,1.9586
0.3728,1.9816,2.2386
0.47302,2.0336,2.4996
0.3485,2.0648,2.7537
0.51677,2.1091,2.9902
0.54481,2.1418,3.2175
0.55977,2.1411,3.4266
0.68429,2.2027,3.6272
0.73104,2.2235,3.8191
0.83387,2.2423,3.9978
0.79685,2.2437,4.1638
0.74786,2.2413,4.3138
0.72244,2.2372,4.4501
0.66373,2.2212,4.5703
0.58931,2.2082,4.6755
0.54108,2.1832,4.7657
0.54519,2.1544,4.8403
0.56987,2.1448,4.9028
0.66709,2.127,4.9545
0.68878,2.0879,4.9936
0.72244,2.0548,5.0191
0.7243,2.0113,5.0315
0.63531,1.9648,5.0315
0.45956,1.928,5.0213
0.22697,1.8863,5.0015
0.0744,1.8418,4.9712
-0.17053,1.7961,4.932
-0.31524,1.7449,4.8854
-0.35451,1.6934,4.8312
-0.42443,1.6459,4.7694
-0.41396,1.5831,4.699
-0.4622,1.5105,4.6194
-0.46257,1.4491,4.531
-0.46482,1.3867,4.4366
-0.52689,1.3138,4.3353
-0.52614,1.2342,4.2254
-0.60168,1.1563,4.1083
-0.67983,1.0938,3.9851
-0.68956,1.0211,3.8585
-0.71573,0.93923,3.7262
-0.70003,0.88218,3.59
-0.65366,0.80048,3.4521
-0.6372,0.6981,3.3052
-0.6559,0.63679,3.1535
-0.68843,0.56069,3.0023
-0.69217,0.46305,2.8439
-0.70863,0.38655,2.6812
-0.69666,0.2824,2.5139
-0.61327,0.18309,2.3386
-0.53624,0.070081,2.1571
-0.41845,-0.027191,1.9689
-0.28271,-0.129,1.779
-0.17016,-0.25044,1.5807
-0.060217,-0.32928,1.3834
0.049346,-0.47928,1.1798
0.11329,-0.54236,0.97317
0.073652,-0.69675,0.76693
0.095341,-0.76341,0.5504
0.093471,-0.88459,0.34746
0.022797,-1.071,0.11306
0.080757,-0.35799,-0.030986
0.16489,0.03481,-0.014595
0.26922,-0.13813,-0.012473
0.3915,-0.02959,-0.017362
0.42964,-0.069963,-0.012717
0.43974,-0.045235,-0.017534
0.43039,-0.036496,-0.01377
0.44535,-0.052459,-0.017276
0.41992,-0.023734,-0.01578
0.3384,-0.042914,-0.01638
0.30624,-0.028522,-0.017321
0.215,-0.034179,-0.016934
0.12002,-0.026193,-0.01798
0.089732,-0.030685,-0.017733
0.065426,-0.02445,-0.018633
0.03925,-0.023738,-0.018483
-0.0093619,-0.029316,-0.019461
-0.040025,-0.017698,-0.019589
-0.039651,-0.022594,-0.019818
-0.051991,-0.02337,-0.021115
-0.04339,-0.024893,-0.021842
-0.013849,-0.022662,-0.022986
0.0074654,-0.022257,-0.024047
0.036633,-0.021286,-0.02489
0.037006,-0.018043,-0.025138
0.019431,-0.024641,-0.026067
0.014944,-0.019929,-0.026251
-0.023945,-0.026557,-0.026802
-0.084897,-0.011838,-0.02732
-0.1365,-0.022366,-0.026982
-0.17651,-0.018144,-0.028883
-0.1896,-0.0083144,-0.027095
-0.21615,-0.033725,-0.029854
-0.17389,0.0042898,-0.028373
-0.11107,-0.042153,-0.029382
-0.053487,0.013089,-0.030765
0.055703,-0.035922,-0.027593
0.1174,-0.0072797,-0.034248
0.17349,0.0057744,-0.024541
0.1432,-0.085162,-0.038976
0.17723,0.16045,-0.017733
0.13049,-1.047,-0.084476
0.10282,-2.2376,-0.43453
0.25576,-1.8808,-0.81204
0.129,-1.9263,-1.1405
0.34326,-1.9592,-1.4783
0.55117,-1.9378,-1.7776
0.46778,-2.0225,-2.0695
0.75684,-1.9997,-2.3392
0.67308,-2.0921,-2.5978
0.57024,-2.1044,-2.8461
0.73851,-2.1537,-3.0791
0.65924,-2.1679,-3.3003
0.73253,-2.1985,-3.5045
0.79274,-2.2504,-3.7032
0.84808,-2.2613,-3.8901
0.91053,-2.2805,-4.064
0.83686,-2.2802,-4.224
0.82564,-2.2847,-4.369
0.78301,-2.2737,-4.5003
0.69626,-2.2582,-4.6153
0.61511,-2.2373,-4.7148
0.61773,-2.2122,-4.7983
0.6125,-2.203,-4.869
0.63905,-2.1836,-4.9292
0.68467,-2.1527,-4.9766
0.7101,-2.1175,-5.0106
0.7258,-2.0763,-5.0317
0.64877,-2.0367,-5.0398
0.57211,-1.9953,-5.0366
0.3556,-1.953,-5.0232
0.13573,-1.9099,-5.0003
-0.065453,-1.8612,-4.9677
-0.30103,-1.8136,-4.9257
-0.40761,-1.7702,-4.8767
-0.5411,-1.7185,-4.8209
-0.61178,-1.6563,-4.7564
-0.61402,-1.5921,-4.6828
-0.62786,-1.5215,-4.6006
-0.58822,-1.4573,-4.51
-0.59121,-1.3946,-4.4131
-0.5942,-1.3191,-4.3101
-0.56653,-1.2429,-4.1996
-0.6028,-1.163,-4.0817
-0.65366,-1.0963,-3.9582
-0.64468,-1.0256,-3.8304
-0.68619,-0.94523,-3.6969
-0.73742,-0.88222,-3.5607
-0.72284,-0.7879,-3.4202
-0.72508,-0.69498,-3.2704
-0.72919,-0.63982,-3.1193
-0.72732,-0.54783,-2.9667
-0.71349,-0.45554,-2.806
-0.70264,-0.37231,-2.642
-0.63758,-0.26502,-2.4722
-0.51829,-0.15844,-2.2948
-0.42032,-0.041733,-2.1089
-0.32235,0.037941,-1.9199
-0.17315,0.16751,-1.7275
-0.048625,0.25909,-1.5276
-0.032172,0.3654,-1.3301
0.10768,0.49647,-1.1227
0.21837,0.55657,-0.92025
0.16302,0.73567,-0.70803
0.15779,0.74764,-0.49798
0.14956,1.001,-0.28642
0.14694,0.87484,-0.060436
0.14732,0.06424,0.010281
0.16415,0.02546,-0.017388
0.23819,0.094528,-0.0066055
0.29054,0.0038287,-0.010662
0.32045,0.064623,-0.0091999
0.34588,0.0082637,-0.0079439
0.36981,0.037933,-0.0093536
0.40945,0.015751,-0.0063393
0.41057,0.016482,-0.0084163
0.35336,0.020268,-0.0060543
0.30026,0.0052533,-0.0067629
0.22734,0.01758,-0.0059381
0.10843,0.0060143,-0.0054882
0.0040999,0.0096546,-0.0054582
-0.043016,0.0033938,-0.0048134
-0.037781,0.008976,-0.0045697
-0.049747,0.0063967,-0.0036249
-0.065827,0.0030264,-0.0039061
-0.083402,0.0079413,-0.0028151
-0.089759,0.0048221,-0.0010455
-0.024319,0.0049234,-0.00031437
0.020553,0.0077839,0.00099409
0.064304,0.0047434,0.0020926
0.074026,0.0031876,0.0020176
0.053834,0.0021528,0.0031049
0.043363,0.0020216,0.0032023
-0.02058,0.0093884,0.0041321
-0.026189,-0.0094466,0.0043308
-0.023198,0.005422,0.0046045
-0.069566,-0.008903,0.0058193
-0.075923,0.0037499,0.0045708
-0.099855,0.0071315,0.0075739
-0.14099,-0.014283,0.004717
-0.11743,0.026754,0.0080388
-0.021702,-0.040605,0.0061904
0.0055957,0.044757,0.0067341
0.01457,-0.044897,0.010105
0.11927,0.032868,0.0025725
0.12825,-0.0048353,0.017247
0.13872,-0.068104,-0.010077
0.12974,1.4948,0.12328
0.25053,2.2678,0.51146
0.36757,1.847,0.87013
0.22098,1.9956,1.2071
0.40982,1.943,1.5408
0.43263,1.9915,1.8375
0.33204,2.0436,2.1305
0.54369,2.0467,2.3988
0.46479,2.1262,2.6603
0.55267,2.1258,2.9051
0.69476,2.206,3.1387
0.65774,2.2052,3.3619
0.78114,2.2271,3.5665
0.79423,2.2757,3.7626
0.88659,2.3008,3.9482
0.92997,2.329,4.125
0.84808,2.3282,4.2871
0.86752,2.3361,4.4349
0.84284,2.3285,4.5696
0.77217,2.3135,4.6877
0.74001,2.2939,4.7917
0.75983,2.2639,4.8803
0.72692,2.2531,4.9535
0.78227,2.2316,5.0149
0.80096,2.2026,5.0643
0.77142,2.1736,5.1022
0.7688,2.1274,5.1273
0.65213,2.0825,5.1385
0.54182,2.0415,5.1376
0.30961,2.0045,5.1265
0.085618,1.9605,5.1058
-0.12379,1.9072,5.0748
-0.35301,1.8604,5.0347
-0.46257,1.8108,4.9869
-0.62262,1.7569,4.9315
-0.67759,1.6958,4.8692
-0.69292,1.6295,4.7989
-0.70937,1.5658,4.7199
-0.65216,1.4991,4.6319
-0.68956,1.4366,4.5373
-0.67422,1.3642,4.4367
-0.66151,1.283,4.3276
-0.71012,1.2034,4.2106
-0.69591,1.1295,4.0876
-0.72471,1.0631,3.9607
-0.78042,0.98051,3.8287
-0.79388,0.91448,3.6916
-0.82978,0.84456,3.5535
-0.87989,0.74354,3.4088
-0.90307,0.67038,3.256
-0.88326,0.60322,3.1036
-0.84624,0.50625,2.9472
-0.81707,0.42458,2.7841
-0.70489,0.33432,2.618
-0.60355,0.22668,2.4438
-0.47342,0.12524,2.2636
-0.30889,0.013599,2.0761
-0.21391,-0.076089,1.8853
-0.0059964,-0.20423,1.69
0.068791,-0.28474,1.4896
0.065426,-0.41277,1.2896
0.15442,-0.52795,1.0796
0.13647,-0.60405,0.87547
0.13647,-0.77105,0.65898
0.10245,-0.77933,0.4497
0.083375,-1.0579,0.23106
0.11105,-0.79886,0.014307
0.11441,-0.026647,-0.033851
0.1993,-0.077619,-0.0089862
0.2494,-0.097432,-0.02062
0.29876,-0.026403,-0.01503
0.34962,-0.078196,-0.018194
0.35074,-0.024979,-0.017606
0.37804,-0.060377,-0.017238
0.35373,-0.028612,-0.019334
0.33578,-0.036634,-0.017452
0.27558,-0.036574,-0.019799
0.14021,-0.025249,-0.018832
0.079635,-0.034749,-0.019825
0.041494,-0.024461,-0.019941
-0.04339,-0.030673,-0.020297
-0.09275,-0.024244,-0.020916
-0.10322,-0.028859,-0.021175
-0.15595,-0.024023,-0.021913
-0.15595,-0.021691,-0.02179
-0.099107,-0.02995,-0.023192
-0.036285,-0.024255,-0.024463
0.041868,-0.024671,-0.025093
0.089358,-0.026235,-0.026664
0.13573,-0.01946,-0.027342
0.14844,-0.023667,-0.027826
0.13348,-0.017507,-0.028523
0.12825,-0.022133,-0.028339
0.068417,-0.020971,-0.029787
0.021675,-0.010268,-0.02928
-0.012353,-0.028334,-0.030739
-0.059096,-0.0047078,-0.030334
-0.054234,-0.03091,-0.030375
-0.074801,-0.0055251,-0.032362
-0.078914,-0.01967,-0.029798
-0.028433,-0.024488,-0.034413
0.035885,0.0069066,-0.029337
0.080757,-0.061727,-0.03514
0.12413,0.053274,-0.031005
0.13498,-0.10801,-0.03276
0.17162,0.11383,-0.036794
0.16078,-0.29683,-0.023604
0.026536,-1.9422,-0.25733
0.18509,-2.1009,-0.66208
0.15293,-1.8497,-1.0008
0.13797,-2.0246,-1.3439
0.51266,-1.9322,-1.662
0.43039,-2.0383,-1.9573
0.5407,-2.03,-2.2422
0.70336,-2.0851,-2.5049
0.49097,-2.1342,-2.7621
0.65662,-2.159,-3.001
0.67495,-2.2252,-3.2327
0.66896,-2.2213,-3.4489
0.8234,-2.2665,-3.6509
0.83387,-2.2964,-3.8437
0.93558,-2.3279,-4.0263
0.89033,-2.3416,-4.1986
0.86378,-2.3432,-4.3554
0.87388,-2.3489,-4.4994
0.80807,-2.339,-4.629
0.75422,-2.3295,-4.7436
0.69327,-2.3044,-4.8428
0.68616,-2.2765,-4.926
0.68654,-2.2578,-4.9952
0.76394,-2.2398,-5.0531
0.79012,-2.2138,-5.1005
0.78189,-2.1732,-5.1348
0.7688,-2.1306,-5.1552
0.66747,-2.0891,-5.1631
0.46554,-2.0449,-5.1596
0.22211,-2.003,-5.146
0.049346,-1.9579,-5.1232
-0.18362,-1.9066,-5.0904
-0.35675,-1.8567,-5.048
-0.46482,-1.809,-4.9984
-0.58747,-1.7554,-4.9421
-0.60355,-1.6939,-4.878
-0.64842,-1.6289,-4.805
-0.69404,-1.5608,-4.7236
-0.69143,-1.49,-4.6334
-0.70601,-1.4227,-4.5362
-0.73031,-1.3568,-4.4333
-0.77407,-1.2819,-4.3236
-0.8137,-1.2007,-4.2063
-0.80735,-1.1307,-4.0819
-0.80361,-1.0582,-3.9539
-0.83128,-0.97409,-3.8206
-0.80847,-0.9111,-3.6829
-0.80847,-0.82982,-3.543
-0.82492,-0.72899,-3.3943
-0.83016,-0.67429,-3.2412
-0.79613,-0.59834,-3.0888
-0.77182,-0.48744,-2.929
-0.75612,-0.41557,-2.7644
-0.61178,-0.31672,-2.5962
-0.54671,-0.2072,-2.4188
-0.38068,-0.096015,-2.2347
-0.17202,0.004421,-2.0441
-0.13164,0.099031,-1.8522
0.030276,0.23118,-1.6522
0.10619,0.29925,-1.4521
0.14694,0.44715,-1.2489
0.20939,0.52635,-1.0395
0.16377,0.65831,-0.83407
0.15667,0.76546,-0.6145
0.1174,0.82948,-0.41011
0.13124,1.0918,-0.1771
0.15667,0.48964,-0.0026126
0.20266,-0.060774,-0.0046447
0.30699,0.11725,-0.014685
0.33653,0.025547,-0.0056757
0.35186,0.038649,-0.012248
0.33728,0.04238,-0.006493
0.35859,0.012901,-0.0099047
0.34064,0.03995,-0.0072241
0.261,0.0053058,-0.0075765
0.22809,0.027916,-0.0076627
0.18471,0.010911,-0.0058369
0.12488,0.014525,-0.0067554
0.050842,0.013224,-0.005297
0.0052217,0.0087061,-0.005537
-0.054982,0.010303,-0.0048771
-0.079662,0.007064,-0.0047046
-0.089759,0.0060406,-0.0040185
-0.13538,-0.0015399,-0.0036549
-0.11556,0.0078626,-0.0034337
-0.092002,0.0075627,-0.0019565
-0.062835,0.0049346,-0.001008
0.014944,0.0076864,0.00012803
0.081879,0.0088111,0.0016164
0.1346,0.0012231,0.0018864
0.14134,0.0033075,0.00234
0.11703,-0.002211,0.0033298
0.14657,0.00039456,0.0031274
0.082253,0.0070565,0.0046533
0.023171,-0.0060612,0.0042109
0.050468,0.013542,0.0054031
-0.011979,-0.013387,0.0055681
-0.045634,0.0076676,0.0052269
-0.028807,-0.0070697,0.0074464
0.015692,-0.00065142,0.0045895
0.05159,0.0079676,0.0091598
0.088236,-0.036331,0.004852
0.14545,0.045161,0.0096097
0.17237,-0.065247,0.0067303
0.15966,0.08237,0.0067416
0.12563,-0.11412,0.013355
0.11591,0.21188,-0.0044535
0.037006,1.884,0.2106
0.17499,2.1413,0.61299
0.22435,1.8383,0.95279
0.14694,2.0084,1.2937
0.39412,1.9145,1.6134
0.31933,2.016,1.9079
0.32382,2.0202,2.1942
0.52986,2.0609,2.457
0.43525,2.1101,2.7143
0.58931,2.1322,2.9537
0.66298,2.1952,3.1846
0.62858,2.1845,3.3991
0.75871,2.2357,3.5995
0.78114,2.269,3.7936
0.87051,2.2883,3.9759
0.89931,2.3047,4.1472
0.8421,2.3026,4.3031
0.81106,2.3051,4.4458
0.76731,2.2876,4.5737
0.70374,2.2599,4.685
0.63306,2.2433,4.7822
0.63568,2.2174,4.8633
0.64727,2.1955,4.9309
0.69551,2.1802,4.988
0.72991,2.1467,5.0328
0.7258,2.1113,5.0659
0.7086,2.0611,5.0857
0.64204,2.0135,5.0916
0.46143,1.9787,5.0872
0.2079,1.9248,5.0729
0.029902,1.8768,5.0482
-0.21166,1.832,5.0146
-0.42406,1.7736,4.9722
-0.51455,1.7289,4.9214
-0.60168,1.6815,4.8644
-0.61776,1.62,4.7996
-0.63533,1.5527,4.7256
-0.64057,1.478,4.6425
-0.64319,1.4205,4.5518
-0.7019,1.3574,4.4557
-0.71311,1.2771,4.351
-0.73555,1.2017,4.2382
-0.81034,1.1244,4.119
-0.82006,1.0635,3.9947
-0.8395,0.98127,3.8663
-0.8926,0.89675,3.7316
-0.85409,0.84994,3.5946
-0.81595,0.76162,3.4538
-0.77818,0.66758,3.3039
-0.7894,0.6119,3.1518
-0.76173,0.52728,2.9986
-0.72097,0.43069,2.8383
-0.75312,0.34841,2.674
-0.55868,0.24516,2.5036
-0.44612,0.14428,2.3262
-0.38667,0.030949,2.1415
-0.17838,-0.055769,1.9511
-0.085645,-0.16707,1.7594
0.038876,-0.27219,1.5592
0.08861,-0.3636,1.3606
0.12226,-0.50903,1.1533
0.18135,-0.56124,0.94754
0.090854,-0.73543,0.73754
0.087488,-0.7672,0.52094
0.093097,-0.94029,0.31487
0.056451,-1.0204,0.079565
0.13386,-0.23366,-0.035594
0.21949,0.0076414,-0.010647
0.24753,-0.13592,-0.015225
0.32157,-0.020832,-0.016001
0.39449,-0.07517,-0.01368
0.35747,-0.03458,-0.017489
0.31858,-0.047278,-0.014359
0.30998,-0.042378,-0.017984
0.3126,-0.026752,-0.015735
0.26249,-0.044151,-0.017358
0.17013,-0.024986,-0.017448
0.10357,-0.037804,-0.017617
-0.0089879,-0.023607,-0.018644
-0.062835,-0.028323,-0.018224
-0.068818,-0.02568,-0.019098
-0.073305,-0.023505,-0.018936
-0.062835,-0.026167,-0.019964
-0.1208,-0.019082,-0.020069
-0.13351,-0.025601,-0.020564
-0.061339,-0.025972,-0.022195
-0.016841,-0.021942,-0.022836
0.044111,-0.025065,-0.023829
0.11105,-0.025024,-0.025111
0.13947,-0.017417,-0.025276
0.16115,-0.023112,-0.026161
0.12675,-0.018354,-0.0266
0.10731,-0.023123,-0.027008
0.10768,-0.014849,-0.028231
0.051964,-0.018137,-0.027376
0.00073447,-0.024416,-0.029232
-0.0063704,-0.0032157,-0.028051
-0.038155,-0.035161,-0.029798
-0.057226,0.0013243,-0.029629
-0.0030049,-0.036473,-0.028808
0.059069,-0.004213,-0.032044
0.11142,-0.018583,-0.027248
0.13984,-0.03413,-0.034934
0.20042,0.033926,-0.026079
0.1533,-0.11266,-0.036475
0.14096,0.17875,-0.025306
0.10469,-0.72091,-0.051134
0.017562,-2.1703,-0.36012
0.19518,-1.9594,-0.75342
0.089358,-1.8987,-1.0839
0.1907,-1.9958,-1.4265
0.5164,-1.9317,-1.7324
0.42029,-2.0394,-2.0262
0.64166,-2.0119,-2.3026
0.69476,-2.0971,-2.5629
0.5407,-2.1148,-2.8149
0.7157,-2.1644,-3.0503
0.66672,-2.1993,-3.2778
0.67681,-2.2026,-3.4865
0.79274,-2.2585,-3.6861
0.82901,-2.2768,-3.8764
0.87986,-2.3047,-4.0555
0.82527,-2.3075,-4.2222
0.77591,-2.3076,-4.3733
0.74375,-2.3078,-4.5121
0.68579,-2.291,-4.6359
0.59642,-2.2714,-4.7439
0.58857,-2.2429,-4.8362
0.55379,-2.2152,-4.9124
0.56875,-2.1997,-4.9767
0.64727,-2.1792,-5.0313
0.63979,-2.1404,-5.0729
0.70037,-2.0979,-5.1008
0.62147,-2.0551,-5.1163
0.51976,-2.0116,-5.1197
0.3915,-1.9701,-5.1125
0.15031,-1.9279,-5.0961
0.014944,-1.8764,-5.0698
-0.21204,-1.8217,-5.0328
-0.41695,-1.7747,-4.9882
-0.50857,-1.7252,-4.9369
-0.60168,-1.6684,-4.8777
-0.59196,-1.6058,-4.8101
-0.64132,-1.5392,-4.7339
-0.6746,-1.4683,-4.6489
-0.65291,-1.4006,-4.5555
-1.888,-1.3365,-4.4566
-5.2232,-1.2649,-4.3514
-9.7931,-1.1801,-4.2385
-13.375,-1.098,-4.118
-14.047,-1.0322,-3.9932
-13.799,-0.94882,-3.8643
-13.464,-0.87173,-3.7295
-11.548,-0.79674,-3.5936
-9.065,-0.68339,-3.4515
-6.416,-0.59556,-3.3017
-3.4515,-0.52464,-3.1528
2.5562,-0.41951,-2.9996
14.151,-0.33147,-2.8395
23.683,-0.2488,-2.6771
23.288,-0.14396,-2.5057
16.542,-0.050318,-2.3269
10.06,0.051872,-2.1415
6.3472,0.12957,-1.9513
5.0209,0.24816,-1.7572
3.033,0.33297,-1.5558
-1.4142,0.4327,-1.3572
-6.3181,0.5592,-1.1483
-9.6514,0.61132,-0.943
-9.1308,0.77888,-0.72852
-4.4876,0.78114,-0.51489
1.2998,1.016,-0.30192
5.3525,0.92232,-0.069288
5.2497,0.09457,0.011522
2.9021,0.013651,-0.016769
2.0017,0.10514,-0.0066655
3.1224,0.0086274,-0.0098897
7.7521,0.068034,-0.0088925
13.81,0.011893,-0.0073028
15.793,0.041071,-0.0092561
13.504,0.015492,-0.0056082
7.34,0.012166,-0.0080002
-0.77519,0.02765,-0.0059756
-6.4284,0.0023628,-0.0064705
-10.026,0.020399,-0.0057957
-12.335,0.0076601,-0.0050496
-14.154,0.0081138,-0.0049896
-16.065,0.010472,-0.0042922
-15.112,0.0016092,-0.004026
-10.467,0.0026477,-0.0031787
-2.6075,0.0070903,-0.0032237
6.2578,0.013096,-0.0019228
11.871,0.009306,-0.00037061
12.648,0.0040198,0.00034923
8.8507,0.0082862,0.0016089
2.6621,0.0019204,0.0023475
-3.0177,0.0065354,0.0029024
-6.3342,0.00073197,0.003641
-7.3472,0.0010694,0.0036485
-7.3363,0.0019017,0.0050507
-6.9253,-0.011629,0.0045258
-6.4213,0.010251,0.0060142
-5.0968,-0.016247,0.0058418
-2.4074,0.011769,0.0057105
1.2351,-0.01242,0.0079825
4.847,-0.0066948,0.0052231
6.99,0.01208,0.0097971
7.1534,-0.028495,0.0050432
6.0365,0.047077,0.010258
5.6233,-0.068145,0.006989
6.6423,0.086063,0.0075326
8.0053,-0.12203,0.013381
8.586,0.22825,-0.0031637
7.2787,1.9005,0.21824
4.3852,2.1148,0.62193
0.12451,1.8156,0.96251
-4.4869,1.973,1.3067
-7.232,1.8663,1.6282
-7.9855,1.9682,1.9259
-7.0024,1.9502,2.2156
-4.9416,1.9801,2.4825
-3.0764,2.0284,2.7444
-0.6817,2.0362,2.9878
2.5252,2.0882,3.2238
5.4307,2.076,3.4451
7.2742,2.1082,3.6513
7.0035,2.1333,3.8491
4.5422,2.1554,4.037
0.74001,2.1582,4.2148
-3.4653,2.1565,4.3774
-6.6165,2.1574,4.5275
-8.0517,2.1328,4.6629
-7.7663,2.1214,4.7825
-6.2231,2.0934,4.8881
-4.4873,2.0457,4.9778
-2.6782,2.0282,5.0536
-0.82193,2.0088,5.1174
1.0365,1.9755,5.169
3.1785,1.9396,5.2089
5.0152,1.8909,5.2358
6.072,1.8422,5.2489
5.9295,1.8025,5.2513
5.0811,1.7627,5.2437
4.3781,1.7118,5.2253
3.7296,1.6689,5.1976
3.5416,1.6224,5.161
3.2891,1.565,5.1154
2.3087,1.5213,5.0629
0.64989,1.4677,5.0028
-1.6214,1.405,4.9338
-3.4421,1.3482,4.8557
-4.2999,1.2889,4.77
-4.2756,1.2318,4.6784
-3.2492,1.156,4.5786
-1.8596,1.089,4.4697
-0.48277,1.0135,4.3537
0.92399,0.92579,4.2312
1.9706,0.88006,4.1043
2.5502,0.81555,3.9714
2.502,0.75524,3.8347
1.5997,0.69055,3.6955
-0.053861,0.59556,3.5477
-2.1752,0.53374,3.3945
-4.1287,0.47624,3.2407
-5.2707,0.38137,3.0817
-5.1024,0.29323,2.9154
-3.957,0.22036,2.7458
-2.5204,0.11241,2.5681
-1.0474,0.025813,2.3827
0.00073447,-0.071249,2.1921
0.52425,-0.15433,1.9968
0.65176,-0.25974,1.7989
0.50406,-0.36246,1.5925
0.29128,-0.45543,1.3876
-0.026563,-0.58932,1.1743
-0.29056,-0.63513,0.9634
-0.40723,-0.80693,0.74609
-0.17726,-0.81358,0.52505
0.46367,-0.99637,0.31277
1.2071,-1.0281,0.072018
1.7418,-0.20141,-0.036636
1.7081,-0.008753,-0.0096985
1.2927,-0.14065,-0.016192
0.68392,-0.021129,-0.015828
0.035885,-0.082631,-0.013965
-0.21802,-0.033598,-0.017452
0.12675,-0.051754,-0.014539
0.88959,-0.047128,-0.018025
1.7332,-0.034464,-0.015888
2.3962,-0.045321,-0.017834
2.5532,-0.0231,-0.017752
2.3524,-0.037662,-0.017962
1.8386,-0.025151,-0.018918
0.78974,-0.027618,-0.018393
-0.45285,-0.02583,-0.019435
-1.6207,-0.022707,-0.019773
-2.4482,-0.021099,-0.020196
-2.7096,-0.021507,-0.020571
-2.4904,-0.028855,-0.022105
-1.8813,-0.022388,-0.023158
-1.0014,-0.023715,-0.023675
-0.015719,-0.024623,-0.025565
0.59717,-0.019434,-0.026037
0.68878,-0.028604,-0.026566
0.4446,-0.016281,-0.027027
-0.098359,-0.021976,-0.027331
-0.58859,-0.018321,-0.028564
-0.92289,-0.013379,-0.027762
-1.0613,-0.028705,-0.029798
-0.87316,-0.010811,-0.028486
-0.48763,-0.03097,-0.030135
0.010831,0.00022585,-0.030236
0.35111,-0.036728,-0.029644
0.53247,0.0037312,-0.032718
0.61885,-0.018407,-0.028122
0.53397,-0.031993,-0.035579
0.41281,0.035976,-0.026379
0.11927,-0.11513,-0.037555
0.019057,0.17349,-0.025385
0.11553,-0.74682,-0.054017
0.38776,-2.1733,-0.36773
1.1237,-1.9348,-0.76115
1.4793,-1.875,-1.0936
1.879,-1.9551,-1.4395
2.2305,-1.8792,-1.7479
1.7089,-1.9764,-2.0451
1.1854,-1.9397,-2.3253
0.44684,-2.015,-2.5905
-0.37993,-2.0203,-2.8467
-0.5957,-2.0652,-3.0858
-0.67198,-2.0985,-3.3191
-0.56578,-2.0921,-3.5348
-0.21091,-2.133,-3.7386
0.27109,-2.1481,-3.9333
0.72767,-2.1717,-4.1182
0.92324,-2.1712,-4.2914
0.9296,-2.169,-4.4502
0.74375,-2.1635,-4.5959
0.45283,-2.1486,-4.7269
0.083749,-2.1267,-4.8434
-0.21952,-2.0946,-4.9439
-0.26252,-2.0671,-5.0289
0.043737,-2.0445,-5.1011
0.56127,-2.0233,-5.1626
0.98644,-1.9874,-5.2123
1.1813,-1.9414,-5.248
1.0541,-1.8981,-5.2706
0.81854,-1.8551,-5.2808
0.37953,-1.8136,-5.2796
-0.15819,-1.7703,-5.2689
-0.51044,-1.7222,-5.2482
-0.78715,-1.6739,-5.2168
-0.79351,-1.6277,-5.1771
-0.65665,-1.581,-5.1298
-0.42406,-1.5319,-5.075
-0.029555,-1.4732,-5.0121
0.28605,-1.4109,-4.9399
0.46217,-1.3481,-4.8593
0.34999,-1.2829,-4.7701
0.026536,-1.2286,-4.6742
-0.32871,-1.1648,-4.5729
-0.65254,-1.0876,-4.4632
-0.76771,-1.0167,-4.3449
-0.71461,-0.95446,-4.2209
-0.5426,-0.88307,-4.0927
-0.30328,-0.81385,-3.9581
-0.13351,-0.7607,-3.8209
-0.096116,-0.67461,-3.6797
-0.26813,-0.59285,-3.5289
-0.41733,-0.53898,-3.3757
-0.59495,-0.46237,-3.2208
-0.95206,-0.37312,-3.059
-1.1514,-0.29828,-2.8921
-1.203,-0.20064,-2.7206
-1.1009,-0.096105,-2.5389
-0.74901,-0.0092741,-2.352
-0.30029,0.09181,-2.1583
0.10693,0.16973,-1.9612
0.37916,0.28513,-1.76
0.52761,0.35949,-1.554
0.47003,0.4848,-1.3489
0.19817,0.59135,-1.1335
-0.083402,0.66407,-0.92396
-0.26738,0.81845,-0.70154
-0.35189,0.81285,-0.48702
-0.29019,1.0922,-0.26192
-0.1208,0.8002,-0.039474
0.10955,0.0073827,0.0075101
0.42254,0.065117,-0.017992
0.61848,0.084519,-0.0053458
0.7187,0.018435,-0.011472
0.68093,0.068143,-0.0078539
0.43525,0.0086086,-0.0083076
0.24753,0.038987,-0.0085888
-0.0093619,0.014288,-0.0062381
-0.19857,0.023443,-0.0082626
-0.2427,0.020905,-0.0058069
-0.24233,0.011732,-0.0065192
-0.077419,0.015218,-0.0054695
-0.089011,0.0075964,-0.0053645
-0.1709,0.010809,-0.0051358
-0.17876,0.0045934,-0.0043372
-0.29281,0.010596,-0.0038498
-0.37956,0.001673,-0.0033399
-0.49773,0.0060593,-0.0033587
-0.53961,0.010588,-0.0020765
-0.34703,0.0077914,-0.00095923
-0.0576,0.0098158,-0.00024314
0.29989,0.0019691,0.0012078
0.66709,-0.0017611,0.0023588
0.93334,-0.00012281,0.0022613
1.0795,0.0014668,0.0034048
1.0489,-0.0057838,0.0036672
0.78713,0.006393,0.0041209
0.43226,-0.0016337,0.0050469
0.11105,0.0039486,0.0045258
-0.10397,0.0010394,0.0065129
-0.21615,-0.0080632,0.0049645
-0.27261,0.015147,0.0073977
-0.12528,-0.022654,0.0061529
0.11179,0.028081,0.0067903
0.3298,-0.024008,0.0088186
0.49583,0.017959,0.0050544
0.49545,-0.0034632,0.012084
0.46741,-0.034089,0.0024413
0.27521,0.078524,0.016159
0.045233,-0.18687,-0.0026389
-0.20082,0.95882,0.052433
-0.39826,2.2294,0.3921
-0.26027,1.8783,0.77264
-0.32235,1.8731,1.1002
-0.26663,1.9129,1.4399
-0.11257,1.8645,1.7419
-0.28533,1.9446,2.0357
-0.20643,1.9108,2.3088
-0.22812,1.9815,2.5699
-0.3029,1.9904,2.8216
-0.10883,2.0206,3.0565
0.0014823,2.0228,3.2799
0.27782,2.0569,3.4876
0.68242,2.0937,3.69
1.0212,2.0904,3.8806
1.2983,2.1037,4.0578
1.4266,2.0928,4.2215
1.4217,2.0915,4.3707
1.2463,2.0661,4.5053
0.93521,2.0418,4.6237
0.61773,2.02,4.7277
0.42366,1.9796,4.8162
0.29839,1.96,4.8906
0.32232,1.9377,4.954
0.525,1.9027,5.0057
0.75759,1.8606,5.0442
1.0104,1.809,5.0689
1.1117,1.7697,5.0809
1.0526,1.7255,5.0822
0.86977,1.6784,5.0734
0.59567,1.6387,5.0548
0.28268,1.5888,5.0267
-0.13725,1.5359,4.9891
-0.43266,1.4935,4.9442
-0.60991,1.4492,4.8922
-0.73218,1.3879,4.8312
-0.76434,1.3258,4.7606
-0.87428,1.2656,4.6812
-0.89447,1.2086,4.595
-0.93598,1.1396,4.5017
-1.0859,1.0636,4.3992
-1.1443,1.0044,4.2893
-1.246,0.93085,4.1722
-1.2265,0.86237,4.0498
-1.0665,0.80111,3.9222
-0.93224,0.74067,3.7895
-0.73817,0.6775,3.6547
-0.5052,0.59005,3.513
-0.32721,0.52499,3.364
-0.32384,0.4695,3.2142
-0.3044,0.38368,3.0607
-0.35451,0.30103,2.899
-0.52876,0.2285,2.7341
-0.53138,0.12715,2.5627
-0.50782,0.036018,2.3823
-0.41621,-0.061914,2.1965
-0.1997,-0.14353,2.0051
0.095341,-0.2401,1.8116
0.42478,-0.34626,1.6093
0.62932,-0.42874,1.4075
0.80358,-0.57165,1.1984
0.87388,-0.61641,0.98854
0.80358,-0.77201,0.77671
0.65737,-0.80935,0.5555
0.43114,-0.93536,0.34812
0.25015,-1.0805,0.10794
0.16153,-0.31717,-0.02982
0.13498,0.021839,-0.0095448
0.096463,-0.14951,-0.0098035
0.10357,-0.026692,-0.013534
0.12713,-0.075066,-0.0095936
0.077018,-0.044061,-0.014029
0.020179,-0.039128,-0.010381
-0.08228,-0.048837,-0.014048
-0.22363,-0.022943,-0.012222
-0.34703,-0.042097,-0.013448
-0.41733,-0.022561,-0.013901
-0.43939,-0.036271,-0.013586
-0.45584,-0.027847,-0.015079
-0.41995,-0.024491,-0.014565
-0.34217,-0.026088,-0.015319
-0.27,-0.024416,-0.015787
-0.25392,-0.023153,-0.016425
-0.29692,-0.019239,-0.01626
-0.29131,-0.024499,-0.017054
-0.27299,-0.024326,-0.018014
-0.21989,-0.028113,-0.018854
-0.089011,-0.02379,-0.020297
0.048972,-0.021646,-0.021261
0.25838,-0.016735,-0.021846
0.49583,-0.018763,-0.022127
0.63793,-0.022857,-0.023297
0.70411,-0.014661,-0.023169
0.74001,-0.021039,-0.024275
0.72991,-0.0097878,-0.02426
0.60913,-0.024645,-0.024553
0.43862,-0.007992,-0.025932
0.32382,-0.02117,-0.024688
0.23931,-0.01973,-0.027455
0.20752,0.00069823,-0.024658
0.21089,-0.038145,-0.028193
0.23145,0.024962,-0.025947
0.26735,-0.057816,-0.027143
0.32681,0.032021,-0.029363
0.30587,-0.053561,-0.022888
0.15891,0.00805,-0.036805
0.081505,0.016703,-0.0099422
-0.11631,-1.5307,-0.15407
-0.14735,-2.1951,-0.54398
-0.14323,-1.7881,-0.89837
-0.32908,-1.9333,-1.2319
-0.044512,-1.8645,-1.5606
0.071783,-1.9063,-1.8556
0.015318,-1.9297,-2.1458
0.17649,-1.9254,-2.4114
0.019057,-1.9987,-2.6709
-0.044512,-1.9936,-2.9165
0.029154,-2.0349,-3.1487
0.017936,-2.0343,-3.3666
0.092349,-2.078,-3.573
0.2165,-2.1005,-3.7735
0.44385,-2.1011,-3.9594
0.58707,-2.106,-4.1328
0.68317,-2.0966,-4.2913
0.78077,-2.092,-4.4361
0.80582,-2.0662,-4.5668
0.81068,-2.0396,-4.6803
0.7617,-2.0115,-4.7784
0.69776,-1.9848,-4.8625
0.63232,-1.9668,-4.9345
0.70561,-1.9395,-4.9955
0.78488,-1.8967,-5.0434
0.85107,-1.8527,-5.0769
0.89033,-1.8093,-5.0974
0.85668,-1.7675,-5.1062
0.84359,-1.727,-5.105
0.63643,-1.6816,-5.0939
0.43712,-1.6321,-5.0719
0.22061,-1.5848,-5.0408
-0.029181,-1.5403,-5.0017
-0.17016,-1.4932,-4.9545
-0.36498,-1.4409,-4.8997
-0.48688,-1.3796,-4.8356
-0.56503,-1.3163,-4.7623
-0.60505,-1.2524,-4.6801
-0.62299,-1.195,-4.5899
-0.71984,-1.1413,-4.4944
-0.81557,-1.0693,-4.3914
-0.88774,-0.99199,-4.2794
-0.97038,-0.93194,-4.1608
-1.0313,-0.86932,-4.0382
-1.0426,-0.79251,-3.909
-1.0489,-0.73962,-3.7754
-0.92551,-0.67346,-3.6393
-0.82118,-0.57867,-3.4943
-0.75126,-0.51861,-3.344
-0.60056,-0.45666,-3.1932
-0.56466,-0.36577,-3.0365
-0.50782,-0.29441,-2.8733
-0.46781,-0.20492,-2.7064
-0.42967,-0.10167,-2.5304
-0.32721,-0.014965,-2.3474
-0.26027,0.092182,-2.1576
-0.078914,0.1616,-1.9638
0.067295,0.27428,-1.7666
0.19967,0.35138,-1.5629
0.40907,0.4587,-1.3612
0.56239,0.58764,-1.1494
0.66896,0.64148,-0.94189
0.64989,0.80976,-0.72374
0.58258,0.79633,-0.50853
0.52836,1.0414,-0.29043
0.43675,0.89474,-0.059345
0.3743,0.065365,0.010959
0.31297,0.036261,-0.017193
0.25426,0.10365,-0.0058856
0.27483,0.010322,-0.010073
0.25015,0.067854,-0.0085738
0.17611,0.010314,-0.0074153
0.16938,0.042586,-0.0087425
0.12376,0.01653,-0.0057582
0.071409,0.016793,-0.0079927
0.016066,0.022784,-0.0055182
-0.10995,0.0092797,-0.0061106
-0.17277,0.020028,-0.0054207
-0.20792,0.0061118,-0.0049483
-0.25803,0.0122,-0.0047909
-0.26364,0.0076114,-0.0039173
-0.26364,0.0066667,-0.0036361
-0.25803,0.0045035,-0.0030813
-0.27037,0.0046084,-0.0030588
-0.30926,0.0057406,-0.0020802
-0.29318,0.002539,-0.0012029
-0.26663,0.0022841,-5.9429e-05
-0.21129,0.002509,0.0010503
-0.078166,0.0039261,0.0019614
0.020927,-0.0015662,0.0024938
0.11853,0.0057069,0.0028162
0.22921,0.0030901,0.0040459
0.34251,-0.0031033,0.0036822
0.4603,0.001688,0.0050132
0.4805,-0.0095703,0.0050582
0.46629,0.0060931,0.0054406
0.46704,-0.013244,0.0064716
0.38701,0.007334,0.0055493
0.28755,-0.0055064,0.0081587
0.23968,-0.011081,0.0053581
0.17873,0.023361,0.0092872
0.18995,-0.038408,0.0060892
0.18546,0.045473,0.0085524
0.18583,-0.061824,0.0093397
0.22248,0.054815,0.0047732
0.16377,-0.049374,0.016718
0.20079,0.034031,-0.0089075
0.14694,1.6476,0.15738
0.18097,2.1732,0.55163
0.23258,1.7701,0.89878
0.074774,1.9282,1.2329
0.23931,1.8482,1.5583
0.18022,1.8975,1.8531
0.01457,1.9125,2.1413
0.16228,1.9169,2.4056
0.06206,1.9739,2.6651
0.050094,1.973,2.9084
0.10282,2.0137,3.1381
0.041494,2.0087,3.3539
0.10843,2.0535,3.5596
0.21687,2.0719,3.7583
0.37318,2.0691,3.9418
0.45245,2.0689,4.1128
0.53173,2.055,4.2691
0.61661,2.0436,4.4101
0.63232,2.0221,4.5358
0.64017,1.9941,4.647
0.61661,1.961,4.7422
0.62147,1.9323,4.8226
0.59193,1.9058,4.8914
0.59492,1.8831,4.9488
0.58071,1.8477,4.9944
0.56501,1.7982,5.0256
0.5852,1.7564,5.0439
0.55902,1.7138,5.051
0.50331,1.6696,5.0471
0.35635,1.6272,5.0334
0.2509,1.5761,5.01
0.12638,1.5313,4.9767
0.0055957,1.4883,4.9359
-0.064331,1.437,4.8882
-0.18436,1.3809,4.8317
-0.20157,1.3216,4.7662
-0.28533,1.2608,4.691
-0.4349,1.188,4.6076
-0.51642,1.1281,4.518
-0.66076,1.0705,4.4195
-0.76846,1.0004,4.3127
-0.85259,0.93349,4.1989
-0.98497,0.87058,4.0789
-1.0126,0.80494,3.9543
-0.98721,0.73938,3.8237
-0.98347,0.68471,3.6907
-0.87054,0.60155,3.553
-0.73667,0.52284,3.4062
-0.63533,0.47442,3.2571
-0.56616,0.39529,3.1062
-0.48052,0.3045,2.9468
-0.3661,0.24209,2.7831
-0.39901,0.14784,2.615
-0.35488,0.049788,2.4369
-0.2341,-0.03867,2.2534
-0.20082,-0.13099,2.0636
-0.11182,-0.21447,1.8713
-0.048625,-0.33294,1.671
0.027284,-0.40243,1.4683
0.13124,-0.54145,1.2632
0.21164,-0.61086,1.0511
0.30213,-0.71692,0.84362
0.32157,-0.82502,0.62154
0.37019,-0.85252,0.41422
0.44236,-1.1264,0.18139
0.45619,-0.5947,-0.0093761
0.48311,0.032467,-0.018951
0.50032,-0.12477,-0.0040635
0.52051,-0.057723,-0.014385
0.47526,-0.049329,-0.0074603
0.32157,-0.067328,-0.012908
0.24566,-0.028319,-0.0099722
0.20191,-0.058446,-0.012046
0.084497,-0.034134,-0.012338
-0.00076128,-0.04748,-0.011693
-0.094994,-0.024439,-0.013496
-0.16866,-0.029882,-0.012383
-0.15969,-0.027701,-0.013841
-0.19596,-0.021365,-0.013673
-0.20643,-0.025819,-0.014389
-0.17726,-0.022077,-0.014621
-0.16604,-0.027243,-0.01515
-0.12005,-0.018144,-0.015555
-0.14024,-0.024735,-0.015675
-0.13613,-0.023772,-0.016687
-0.059844,-0.022572,-0.017388
-0.031424,-0.027082,-0.018734
0.0040999,-0.019318,-0.019821
0.0026042,-0.023854,-0.02068
0.016814,-0.020634,-0.020969
0.065052,-0.019258,-0.021538
0.075896,-0.015156,-0.022363
0.088984,-0.02108,-0.022363
0.10058,-0.019052,-0.02351
0.18658,-0.012551,-0.022929
0.24903,-0.023445,-0.024564
0.26174,-8.9065e-05,-0.023915
0.31148,-0.031791,-0.024729
0.35074,0.00087818,-0.025692
0.37766,-0.022748,-0.023732
0.36383,-0.010714,-0.028092
0.33466,0.0037537,-0.023004
0.26174,-0.048766,-0.029498
0.22024,0.05047,-0.023196
0.129,-0.11118,-0.029029
0.061686,0.15338,-0.026431
-1.3407e-05,-0.46705,-0.027365
-0.14996,-2.0453,-0.29339
0.0078393,-2.002,-0.69255
-0.037033,-1.8009,-1.0231
-0.035911,-1.9301,-1.3625
0.31335,-1.8341,-1.673
0.24604,-1.9283,-1.966
0.33541,-1.8914,-2.2458
0.44871,-1.9508,-2.5064
0.25277,-1.9782,-2.7624
0.32756,-1.9829,-2.9995
0.3556,-2.0147,-3.2251
0.34551,-2.0277,-3.4372
0.43749,-2.0742,-3.6422
0.47414,-2.0712,-3.8361
0.52537,-2.0759,-4.0153
0.49994,-2.0699,-4.1816
0.47339,-2.0626,-4.333
0.4603,-2.048,-4.471
0.42628,-2.0167,-4.5924
0.40347,-1.9911,-4.6974
0.44011,-1.9633,-4.7886
0.48985,-1.9394,-4.8663
0.52948,-1.9156,-4.9327
0.63045,-1.8814,-4.9871
0.6813,-1.8341,-5.0271
0.73478,-1.7899,-5.0533
0.73141,-1.7517,-5.068
0.61661,-1.7109,-5.0723
0.44572,-1.6683,-5.0659
0.25539,-1.6218,-5.0495
0.062434,-1.574,-5.0232
-0.14323,-1.5251,-4.9879
-0.26252,-1.4814,-4.9451
-0.35825,-1.4336,-4.895
-0.38891,-1.37,-4.8356
-0.4177,-1.3098,-4.7664
-0.48464,-1.2489,-4.6888
-0.47342,-1.1895,-4.6029
-0.53736,-1.1358,-4.5108
-0.5942,-1.0652,-4.4117
-0.60168,-0.98977,-4.3035
-0.6731,-0.92419,-4.1875
-0.72807,-0.86643,-4.0671
-0.72658,-0.79884,-3.941
-0.74153,-0.73517,-3.809
-0.72508,-0.67397,-3.6754
-0.62673,-0.58368,-3.5346
-0.5942,-0.51784,-3.3855
-0.54746,-0.46987,-3.2362
-0.51455,-0.38021,-3.0832
-0.48464,-0.29667,-2.9224
-0.37246,-0.22951,-2.7576
-0.34815,-0.12574,-2.5854
-0.25579,-0.031611,-2.4047
-0.12042,0.067749,-2.2177
-0.0063704,0.14909,-2.025
0.15143,0.2485,-1.8304
0.19593,0.3481,-1.6272
0.27072,0.42376,-1.4262
0.34588,0.57243,-1.2173
0.35037,0.61428,-1.0072
0.35897,0.7682,-0.79556
0.26287,0.81115,-0.57394
0.23183,0.93989,-0.36525
0.22659,1.0707,-0.12463
0.19256,0.29215,0.010228
0.24604,-0.042419,-0.011221
0.25464,0.13053,-0.010145
0.30811,0.0095946,-0.0068417
0.31896,0.057691,-0.010606
0.20752,0.026983,-0.0059119
0.20977,0.02705,-0.0094811
0.19331,0.034934,-0.0056757
0.11628,0.0083087,-0.0073703
0.096089,0.028707,-0.0060468
0.0070914,0.0090135,-0.0054807
-0.068818,0.018476,-0.0057132
-0.092376,0.0067079,-0.0043747
-0.14323,0.0073527,-0.0048846
-0.15146,0.011064,-0.0039961
-0.13351,0.0066404,-0.0035424
-0.13164,0.0066104,-0.0029275
-0.13575,0.0047022,-0.0029013
-0.13874,0.011548,-0.002144
-0.10584,0.0081175,-0.00078302
-0.015345,0.0065879,0.00018052
0.059443,0.0094859,0.001309
0.13535,0.002539,0.0027337
0.16676,-0.002331,0.0029137
0.15629,0.0056432,0.0034723
0.20004,-0.0013637,0.0041921
0.20004,0.0068204,0.0042971
0.16415,0.0017217,0.0056131
0.14844,-4.4077e-05,0.0049757
0.17798,0.0089198,0.0067716
0.17499,-0.011865,0.0058343
0.12189,0.019335,0.0072439
0.16377,-0.019606,0.0075401
0.17237,0.014356,0.0062767
0.15966,-0.010879,0.0099171
0.18808,-0.0076321,0.0049157
0.15143,0.024006,0.01244
0.18322,-0.057029,0.0042371
0.10843,0.1009,0.013246
0.029902,-0.18616,0.0052681
0.02878,0.61452,0.020666
-0.056478,2.1319,0.31405
0.098706,1.9682,0.70949
0.04112,1.8298,1.0405
0.015692,1.9296,1.384
0.22884,1.8449,1.6939
0.072157,1.9377,1.9907
0.16078,1.9,2.2713
0.2666,1.9655,2.535
0.19892,1.9761,2.7918
0.36383,2.0071,3.0316
0.37131,2.0307,3.2624
0.40459,2.0156,3.4749
0.50106,2.0726,3.6795
0.55155,2.0823,3.8751
0.62147,2.08,4.0585
0.59829,2.0841,4.229
0.55641,2.0813,4.3847
0.49545,2.0629,4.5272
0.47638,2.0368,4.653
0.43301,2.0106,4.7648
0.42889,1.9754,4.8612
0.45582,1.9538,4.9421
0.47564,1.9313,5.0117
0.60502,1.8945,5.0694
0.66522,1.8612,5.1148
0.70075,1.8114,5.1473
0.70598,1.7659,5.1661
0.63082,1.7308,5.1733
0.44834,1.684,5.1699
0.22323,1.6403,5.1569
0.052712,1.5934,5.1337
-0.19596,1.5425,5.1005
-0.33581,1.4976,5.0596
-0.39414,1.4536,5.0117
-0.47379,1.4001,4.9554
-0.47305,1.3402,4.8905
-0.50333,1.2796,4.8164
-0.51343,1.2159,4.7335
-0.52764,1.1522,4.6441
-0.56017,1.0869,4.5468
-0.5512,1.022,4.441
-0.61552,0.9514,4.3275
-0.65403,0.88581,4.2068
-0.64693,0.82689,4.0817
-0.67235,0.75687,3.9509
-0.65291,0.70385,3.8164
-0.5785,0.63329,3.6796
-0.55195,0.54471,3.5336
-0.5512,0.49093,3.3825
-0.51829,0.425,3.231
-0.55419,0.33405,3.0731
-0.50894,0.26584,2.9086
-0.43116,0.18804,2.7418
-0.39302,0.079367,2.5654
-0.25766,0.00045829,2.3815
-0.13837,-0.098763,2.1934
0.0059696,-0.18278,1.9992
0.13311,-0.28503,1.802
0.20416,-0.37803,1.5964
0.27969,-0.46789,1.3924
0.30026,-0.60714,1.1794
0.28306,-0.64745,0.96794
0.18322,-0.80746,0.75157
0.10805,-0.8186,0.53079
0.11441,-0.99791,0.31861
0.072905,-1.0323,0.077755
0.094593,-0.21105,-0.033442
0.1432,-0.0038493,-0.0070254
0.19032,-0.13832,-0.012765
0.24978,-0.020285,-0.012732
0.21238,-0.081525,-0.011078
0.16602,-0.035352,-0.014516
0.1978,-0.048485,-0.011371
0.21164,-0.040897,-0.015161
0.13573,-0.02788,-0.012792
0.11366,-0.044114,-0.014445
0.039624,-0.021477,-0.014587
-0.039651,-0.036196,-0.014719
-0.011232,-0.025455,-0.015802
-0.080784,-0.027937,-0.015375
-0.10434,-0.027607,-0.016267
-0.093872,-0.021616,-0.016601
-0.15221,-0.020559,-0.016964
-0.16006,-0.02135,-0.017107
-0.17165,-0.025571,-0.018172
-0.11332,-0.024045,-0.019604
-0.0030049,-0.022797,-0.020477
0.057199,-0.022786,-0.021583
0.16676,-0.019217,-0.022686
0.21724,-0.019434,-0.022802
0.19892,-0.020173,-0.023743
0.24342,-0.012521,-0.023735
0.23519,-0.023892,-0.024706
0.20603,-0.012528,-0.02543
0.17948,-0.023532,-0.025209
0.12039,-0.012922,-0.027053
0.10058,-0.01029,-0.025333
0.05159,-0.028124,-0.028253
0.075148,0.0037499,-0.026176
0.1017,-0.04225,-0.028051
0.097211,0.021322,-0.028403
0.1432,-0.04399,-0.026255
0.13947,0.0078101,-0.032171
0.16041,-0.0091617,-0.022712
0.089358,-0.058967,-0.038008
0.083001,0.13595,-0.013815
0.01831,-1.1978,-0.10147
0.0022302,-2.2228,-0.46672
0.14769,-1.8213,-0.83904
-0.013101,-1.9037,-1.1712
0.19892,-1.8866,-1.509
0.38851,-1.8769,-1.8089
0.2509,-1.936,-2.104
0.46591,-1.9069,-2.3761
0.36233,-1.9837,-2.6387
0.25501,-1.9806,-2.8897
0.39973,-2.0278,-3.1271
0.34289,-2.024,-3.3526
0.43824,-2.0475,-3.5614
0.52612,-2.0852,-3.7647
0.60464,-2.0883,-3.9565
0.6828,-2.098,-4.1364
0.61511,-2.0853,-4.302
0.5938,-2.0832,-4.4535
0.54743,-2.0665,-4.592
0.49732,-2.0437,-4.7142
0.44871,-2.0143,-4.8208
0.41768,-1.9799,-4.9122
0.41319,-1.9587,-4.9901
0.45133,-1.9368,-5.0571
0.52687,-1.9016,-5.1125
0.5751,-1.8557,-5.1536
0.61586,-1.8129,-5.1813
0.60016,-1.7712,-5.1969
0.50032,-1.727,-5.2011
0.31335,-1.6882,-5.1952
0.17013,-1.6417,-5.179
0.024293,-1.5895,-5.1533
-0.14996,-1.5442,-5.1185
-0.24307,-1.4987,-5.075
-0.31749,-1.4519,-5.0248
-0.34665,-1.3939,-4.9662
-0.38293,-1.3315,-4.8977
-0.4379,-1.2714,-4.8203
-0.47267,-1.2085,-4.7344
-0.5583,-1.1537,-4.642
-0.61178,-1.0891,-4.5432
-0.61365,-1.0153,-4.4359
-0.68058,-0.94856,-4.3206
-0.71498,-0.88877,-4.2
-0.67048,-0.82155,-4.0743
-0.66226,-0.75612,-3.942
-0.61402,-0.70441,-3.8073
-0.53699,-0.61607,-3.6675
-0.51493,-0.53686,-3.5185
-0.48314,-0.49044,-3.3671
-0.44463,-0.41302,-3.2141
-0.4809,-0.32479,-3.0538
-0.4622,-0.25558,-2.8876
-0.3732,-0.16321,-2.7178
-0.34591,-0.059125,-2.5376
-0.24831,0.02675,-2.3512
-0.10621,0.11757,-2.159
0.01831,0.1956,-1.963
0.13236,0.31607,-1.7622
0.18097,0.38524,-1.5566
0.25501,0.50641,-1.3517
0.28642,0.60927,-1.1367
0.24866,0.67404,-0.92805
0.21201,0.83344,-0.70579
0.16788,0.81774,-0.49056
0.16975,1.0879,-0.26688
0.18733,0.81503,-0.042286
0.21537,0.012478,0.0087099
0.23819,0.063344,-0.017302
0.2767,0.084983,-0.0046784
0.28044,0.013486,-0.01076
0.19593,0.067835,-0.0075165
0.14208,0.0095984,-0.0077902
0.13199,0.045578,-0.0080901
0.11404,0.014386,-0.0054845
0.064304,0.021779,-0.007644
0.045607,0.022259,-0.0052258
0.0089611,0.010974,-0.0059119
-0.0078661,0.020647,-0.0047646
0.0044739,0.0054595,-0.0046634
-0.050121,0.010731,-0.0044872
-0.027685,0.0091372,-0.0035612
-0.02245,0.0087661,-0.0033587
-0.088263,0.002329,-0.0029613
-0.12827,0.0038024,-0.0027213
-0.15333,0.011394,-0.0016903
-0.063209,0.0059731,-0.00055807
0.022423,0.0033263,0.00057418
0.080009,0.0081175,0.0018414
0.16714,0.0029776,0.0028124
0.16863,0.0040198,0.0027899
0.1877,0.0073002,0.0041659
0.2322,-0.0055514,0.0043009
0.21388,0.0087736,0.0046308
0.18658,-0.00099633,0.005838
0.16975,0.005197,0.0052869
0.15928,0.0026027,0.0070415
0.12413,-0.0067098,0.0055193
0.077392,0.013782,0.0079563
0.11441,-0.022561,0.0064866
0.1376,0.027702,0.0074689
0.13161,-0.029961,0.009141
0.15068,0.01881,0.0057743
0.10693,-0.014688,0.01265
0.087114,-0.037478,0.0028912
0.0089611,0.069553,0.016947
-0.021702,-0.18155,-0.0031862
-0.035164,1.0131,0.05908
-0.048251,2.2254,0.4049
0.1103,1.8511,0.78386
0.044485,1.8682,1.1124
0.13685,1.8833,1.4512
0.27969,1.8452,1.7526
0.12002,1.9209,2.0474
0.28007,1.8769,2.3213
0.29615,1.9589,2.5832
0.20304,1.9556,2.8355
0.36869,1.9864,3.0719
0.33765,1.9964,3.2966
0.39113,2.0158,3.5058
0.51453,2.0487,3.7095
0.57323,2.0472,3.9014
0.65887,2.0619,4.08
0.59978,2.0487,4.2445
0.56426,2.0363,4.3946
0.55865,2.0154,4.5304
0.47638,1.9883,4.6505
0.4087,1.9594,4.7553
0.40945,1.9294,4.8444
0.40421,1.9054,4.9209
0.44834,1.8741,4.9858
0.53135,1.8398,5.038
0.55416,1.8019,5.078
0.59081,1.7544,5.1047
0.58707,1.7102,5.1177
0.48012,1.6665,5.1208
0.29091,1.62,5.1143
0.11516,1.5747,5.0965
-0.076297,1.5279,5.0691
-0.25317,1.4869,5.0337
-0.32235,1.4402,4.9903
-0.3848,1.3853,4.9391
-0.40237,1.334,4.8795
-0.41434,1.2715,4.8107
-0.45397,1.2071,4.732
-0.4637,1.1548,4.6461
-0.51156,1.0855,4.5533
-0.5684,1.0124,4.4517
-0.59009,0.94896,4.3424
-0.65291,0.88489,4.2256
-0.70339,0.82763,4.104
-0.65403,0.75604,3.9769
-0.64393,0.70178,3.8441
-0.60617,0.64146,3.7102
-0.49847,0.54636,3.569
-0.4551,0.48682,3.4199
-0.45846,0.43347,3.27
-0.42742,0.35491,3.116
-0.40274,0.26964,2.9543
-0.44126,0.20035,2.7893
-0.34478,0.1026,2.6173
-0.2685,-0.0055101,2.4357
-0.26289,-0.089094,2.2504
-0.11219,-0.16578,2.0581
0.017188,-0.25294,1.8628
0.10656,-0.35942,1.6602
0.15816,-0.43283,1.4565
0.20977,-0.57713,1.2477
0.2408,-0.62839,1.0343
0.15143,-0.75415,0.82401
0.11553,-0.83733,0.59989
0.11553,-0.89374,0.39124
0.084497,-1.1282,0.1532
0.10432,-0.48654,-0.019533
0.17836,0.0416,-0.014891
0.19518,-0.14039,-0.0058369
0.22921,-0.046037,-0.014168
0.27707,-0.059421,-0.0076665
0.19817,-0.055316,-0.013361
0.16489,-0.031809,-0.0096648
0.15143,-0.057573,-0.012717
0.12451,-0.022178,-0.012102
0.10768,-0.043116,-0.011884
0.04112,-0.026385,-0.013549
0.0055957,-0.03293,-0.012567
-0.02058,-0.027569,-0.014134
-0.0018831,-0.022857,-0.013639
0.011953,-0.029976,-0.014426
-0.002257,-0.022909,-0.015067
0.035137,-0.021863,-0.01536
0.015692,-0.018883,-0.015596
-0.023945,-0.024379,-0.01608
-0.030676,-0.025699,-0.017223
0.01644,-0.025946,-0.018235
0.10132,-0.023944,-0.019161
0.11703,-0.021751,-0.020444
0.15854,-0.014669,-0.021246
0.20341,-0.016772,-0.021291
0.17013,-0.018051,-0.022491
0.17088,-0.011898,-0.022344
0.16676,-0.021368,-0.023398
0.12039,-0.011741,-0.023567
0.093471,-0.023513,-0.024107
0.068417,-0.0036356,-0.025018
0.038502,-0.020405,-0.023874
0.029154,-0.016397,-0.026697
0.066174,-0.00026527,-0.023732
0.092723,-0.036964,-0.027747
0.12376,0.021078,-0.025093
0.10394,-0.059608,-0.026738
0.091975,0.03974,-0.028594
0.078888,-0.062608,-0.022607
-0.022076,0.022154,-0.035736
0.003726,-0.0068448,-0.0092299
-0.10883,-1.5831,-0.16283
-0.09088,-2.176,-0.55578
0.02878,-1.7723,-0.90819
-0.08228,-1.9274,-1.2432
0.22061,-1.8459,-1.5717
0.34999,-1.888,-1.8674
0.32419,-1.9028,-2.1574
0.568,-1.9017,-2.4234
0.41618,-1.9708,-2.6842
0.38888,-1.9636,-2.9304
0.4962,-2.0009,-3.1635
0.44236,-1.9964,-3.3824
0.54444,-2.0409,-3.59
0.58333,-2.059,-3.7915
0.6555,-2.0576,-3.9787
0.6727,-2.0626,-4.1533
0.57436,-2.0488,-4.3135
0.51789,-2.041,-4.4602
0.45956,-2.0164,-4.5919
0.40234,-1.9878,-4.7073
0.35972,-1.9557,-4.807
0.37392,-1.9274,-4.8918
0.35859,-1.91,-4.9652
0.43824,-1.8829,-5.028
0.51565,-1.8403,-5.0775
0.53995,-1.7952,-5.1125
0.55753,-1.7517,-5.135
0.50779,-1.7067,-5.1458
0.41543,-1.6639,-5.1453
0.20154,-1.6232,-5.1353
0.040746,-1.5752,-5.116
-0.1466,-1.5248,-5.0862
-0.31412,-1.4825,-5.0479
-0.35825,-1.441,-5.0028
-0.44612,-1.3863,-4.9495
-0.44388,-1.3248,-4.8867
-0.44425,-1.2638,-4.8148
-0.46631,-1.2001,-4.7337
-0.45472,-1.1435,-4.6453
-0.50558,-1.0845,-4.5506
-0.50296,-1.0162,-4.4479
-0.48987,-0.94477,-4.3371
-0.53774,-0.88124,-4.2192
-0.54297,-0.81992,-4.0967
-0.51119,-0.74927,-3.9681
-0.51007,-0.6992,-3.8345
-0.46257,-0.62869,-3.6986
-0.41808,-0.54035,-3.5538
-0.43116,-0.48779,-3.4038
-0.39601,-0.42894,-3.2536
-0.39377,-0.33568,-3.0969
-0.3848,-0.25938,-2.9331
-0.39901,-0.19363,-2.7664
-0.36685,-0.07817,-2.5908
-0.18436,0.0082787,-2.4069
-0.13613,0.09998,-2.2175
-0.0576,0.18537,-2.0226
0.086366,0.2802,-1.8249
0.15106,0.37168,-1.6196
0.22547,0.45804,-1.4166
0.23632,0.59616,-1.2046
0.26885,0.6394,-0.99381
0.19817,0.80688,-0.77783
0.085245,0.81376,-0.55621
0.13273,0.98545,-0.34408
0.068791,1.0392,-0.102
0.056077,0.19445,0.012811
0.14769,-0.020427,-0.013684
0.14844,0.13082,-0.0081726
0.20042,0.0010881,-0.007599
0.21687,0.069568,-0.0096048
0.18097,0.019241,-0.0056719
0.18733,0.032216,-0.00887
0.17873,0.027702,-0.0051133
0.15181,0.0073677,-0.0072766
0.15891,0.029389,-0.0054957
0.12638,0.0066741,-0.0053158
0.075896,0.020081,-0.0051695
0.071035,0.0064005,-0.0040448
0.034389,0.0067304,-0.0043972
0.041494,0.010134,-0.0033737
0.031023,0.0089011,-0.0031412
-0.0059964,0.0051521,-0.0026314
-0.014971,0.00053327,-0.0025826
-0.068444,0.010614,-0.0016978
-0.047877,0.0064455,-0.00054682
0.010083,0.0062318,0.00039797
0.071409,0.0093284,0.0016127
0.16115,0.0068429,0.0026775
0.1806,0.0020141,0.0032248
0.19182,0.0031238,0.003566
0.1978,0.0010356,0.0045558
0.17312,0.0015792,0.0044621
0.16078,0.0078476,0.0058155
0.14059,-0.0053789,0.0055343
0.094219,0.0087661,0.0062767
0.049346,-0.0096153,0.0069365
0.023919,0.010311,0.0061979
0.0040999,-0.0019861,0.0089048
0.01831,-0.0058513,0.0061679
0.050842,0.017306,0.01018
0.09048,-0.033939,0.0064416
0.069539,0.046057,0.0099059
0.04112,-0.062649,0.0093735
0.013448,0.066088,0.0061904
-0.060591,-0.075504,0.016669
-0.038155,0.093482,-0.0067854
-0.078914,1.7294,0.17637
0.030276,2.1462,0.57473
0.12114,1.765,0.91936
0.02691,1.9176,1.2553
0.2494,1.8233,1.5792
0.22098,1.8915,1.8747
0.15667,1.885,2.1634
0.33728,1.8949,2.428
0.25202,1.9575,2.6881
0.33279,1.9403,2.9319
0.40234,1.978,3.1625
0.39412,1.9767,3.3793
0.52126,2.0192,3.5862
0.57959,2.036,3.7861
0.69327,2.0241,3.971
0.66821,2.0283,4.143
0.59455,2.0124,4.3004
0.57623,1.9905,4.4431
0.49732,1.9713,4.5707
0.42328,1.938,4.6832
0.35411,1.9079,4.7797
0.36645,1.8883,4.8622
0.36345,1.8605,4.9333
0.42553,1.825,4.9921
0.49321,1.7886,5.0384
0.49097,1.7446,5.0713
0.51415,1.6947,5.0911
0.45245,1.6558,5.0991
0.31933,1.6157,5.0971
0.14545,1.5646,5.0853
-0.012727,1.5149,5.0625
-0.19446,1.4735,5.0306
-0.32908,1.4293,4.9914
-0.36348,1.3794,4.9439
-0.41808,1.3277,4.8883
-0.41359,1.2693,4.8246
-0.40274,1.2009,4.7507
-0.43191,1.1415,4.6681
-0.44837,1.089,4.5793
-0.4794,1.0187,4.4824
-0.50146,0.94872,4.3766
-0.53475,0.8852,4.2635
-0.58298,0.82364,4.1448
-0.57289,0.75813,4.0207
-0.53362,0.69559,3.8901
-0.50184,0.64279,3.7571
-0.44463,0.56594,3.6198
-0.37582,0.4887,3.473
-0.34553,0.43662,3.3235
-0.34291,0.36867,3.172
-0.33282,0.27664,3.0135
-0.36872,0.21177,2.8498
-0.34105,0.12613,2.6814
-0.30664,0.025273,2.503
-0.25654,-0.050453,2.3192
-0.070314,-0.15344,2.1288
-0.011232,-0.22918,1.9347
0.050468,-0.33844,1.7357
0.15368,-0.41658,1.531
0.18583,-0.53241,1.3261
0.24604,-0.62767,1.1113
0.20304,-0.69417,0.90279
0.14283,-0.84606,0.68083
0.10992,-0.83302,0.46672
0.067669,-1.0982,0.24297
0.066174,-0.81155,0.021532
0.08674,-0.022921,-0.026412
0.13947,-0.079609,-0.0011242
0.18396,-0.10171,-0.013275
0.20191,-0.030179,-0.0073853
0.15517,-0.081049,-0.01088
0.13834,-0.021245,-0.010111
0.15928,-0.057816,-0.009931
0.11815,-0.045568,-0.012113
0.075522,-0.043679,-0.01016
0.05159,-0.031082,-0.012777
0.060939,-0.02487,-0.011731
0.043737,-0.033073,-0.012829
0.017188,-0.02508,-0.012934
0.014196,-0.027573,-0.013174
-1.3407e-05,-0.020934,-0.01398
0.00036053,-0.022606,-0.014119
-0.010858,-0.020611,-0.014599
-0.024319,-0.023539,-0.01473
-0.022076,-0.022253,-0.015866
-0.0067443,-0.02126,-0.016732
0.017936,-0.023734,-0.017733
0.05346,-0.020971,-0.01909
0.14021,-0.017788,-0.020027
0.20191,-0.015205,-0.020054
0.18396,-0.024356,-0.020864
0.20117,-0.014961,-0.021557
0.17312,-0.016506,-0.021508
0.12039,-0.014024,-0.022903
0.14283,-0.009844,-0.022341
0.094967,-0.022317,-0.024028
0.048972,-0.0015324,-0.023016
0.031771,-0.028274,-0.023964
0.034763,0.0039974,-0.024931
0.049346,-0.027933,-0.023286
0.050094,-0.0068223,-0.027293
0.11553,-0.00059143,-0.02215
0.10095,-0.045392,-0.029243
0.092723,0.050414,-0.022101
0.028406,-0.11311,-0.029025
-0.029555,0.15798,-0.024703
-0.04339,-0.52832,-0.030701
-0.16829,-2.0737,-0.30719
-0.0089879,-1.9735,-0.70513
-0.024693,-1.7994,-1.0352
-0.008614,-1.918,-1.3763
0.35859,-1.8179,-1.6867
0.29839,-1.9089,-1.9807
0.42553,-1.8688,-2.2607
0.55416,-1.9268,-2.5227
0.32718,-1.9487,-2.7796
0.47264,-1.9566,-3.0183
0.49209,-1.9801,-3.2456
0.45133,-1.9906,-3.4583
0.60726,-2.0355,-3.6646
0.6469,-2.0305,-3.8601
0.71047,-2.036,-4.0411
0.65887,-2.0279,-4.2093
0.59492,-2.0144,-4.3621
0.57585,-1.9962,-4.5012
0.48311,-1.9678,-4.6241
0.37953,-1.9418,-4.7314
0.34027,-1.9104,-4.8239
0.36458,-1.8842,-4.9032
0.38253,-1.8607,-4.9711
0.46367,-1.8232,-5.0271
0.53098,-1.7753,-5.069
0.54519,-1.7349,-5.0971
0.51153,-1.6922,-5.1138
0.46255,-1.6502,-5.1192
0.30624,-1.6123,-5.1144
0.12152,-1.5631,-5.1001
-0.0097358,-1.5118,-5.0755
-0.22924,-1.469,-5.0417
-0.31562,-1.4265,-5.0007
-0.37395,-1.3739,-4.952
-0.44986,-1.3153,-4.8934
-0.41583,-1.2575,-4.8258
-0.42817,-1.194,-4.7493
-0.43715,-1.136,-4.6643
-0.45921,-1.0805,-4.5731
-0.51231,-1.0145,-4.4744
-0.53175,-0.94511,-4.3676
-0.54447,-0.87735,-4.2526
-0.55531,-0.82094,-4.1324
-0.51792,-0.75226,-4.0073
-0.46856,-0.68992,-3.8756
-0.43827,-0.64162,-3.7422
-0.3661,-0.55356,-3.6017
-0.30702,-0.47985,-3.4529
-0.30253,-0.43129,-3.3036
-0.30328,-0.34804,-3.1504
-0.29468,-0.26932,-2.989
-0.32684,-0.20518,-2.8241
-0.28308,-0.098024,-2.6527
-0.22064,-0.011081,-2.4706
-0.22026,0.074003,-2.284
-0.043764,0.1667,-2.091
0.071035,0.2497,-1.8952
0.098332,0.36231,-1.6922
0.20004,0.42582,-1.4881
0.21837,0.56462,-1.2802
0.27483,0.62669,-1.0666
0.23893,0.74877,-0.85598
0.14021,0.83809,-0.63095
0.14769,0.88041,-0.42218
0.085992,1.135,-0.18402
0.078888,0.51727,-0.0025039
0.11404,-0.057258,-0.0022002
0.11105,0.12286,-0.013605
0.18995,0.03583,-0.0044272
0.20117,0.043801,-0.010857
0.12152,0.041945,-0.005192
0.12825,0.010359,-0.0085175
0.15255,0.040573,-0.0055932
0.12114,0.0064342,-0.0061068
0.085992,0.031294,-0.0063093
0.059069,0.012331,-0.0045059
0.091975,0.017299,-0.0054995
0.093097,0.015623,-0.0037224
0.058695,0.0093584,-0.004116
0.073278,0.01418,-0.0034862
0.056825,0.0058269,-0.0029125
0.055703,0.00814,-0.0024177
0.020927,0.0027564,-0.0021065
-0.012353,0.0066029,-0.0016828
0.010831,0.0041436,-0.001068
0.020553,0.00040206,-0.00091424
0.058695,0.0032326,-0.00019815
0.077766,0.0012231,0.000263
0.13049,0.0017817,0.00024425
0.20902,-4.0328e-05,0.00035298
0.20677,-0.00010781,0.00058543
0.19668,0.00076946,0.00045796
0.17686,-0.00053145,0.00052919
0.13423,-0.0005202,0.00049545
0.11404,-0.0023797,0.00024425
0.098706,-0.002196,0.00035673
0.053834,-0.0034032,0.00045046
0.024667,-0.0055889,0.00054419
0.06206,-0.0040705,0.00054794
0.071409,-0.0044154,0.00054044
