0.081879,-0.0081344,0.00018427
0.099828,-0.0099152,3.43e-05
0.086366,-0.0084793,-0.00011192
0.075522,-0.0035232,0.0004992
0.084497,-0.006005,0.0012078
0.060191,-0.0069085,0.0011628
0.053834,-0.0049628,0.0017514
0.067669,-0.0067323,0.0018639
0.056451,-0.0039993,0.0021413
0.057573,-0.01215,0.0023925
0.053834,-0.0039168,0.0022388
0.053834,-0.0055476,0.0029512
0.064304,-0.0083706,0.0021638
0.064304,0.00078071,0.0034723
0.083375,-0.020626,0.002475
0.088984,0.0079263,0.0031574
0.087114,-0.018141,0.0034685
0.081505,-0.0014949,0.0020476
0.063556,-0.0094541,0.0048145
0.061312,-0.01429,0.00090411
0.071035,0.018851,0.0060517
0.071035,-0.063395,5.5726e-07
0.050842,0.076934,0.0056093
0.074774,-0.17491,0.00076164
0.05159,0.53832,0.0083462
0.086366,2.8228,0.18826
0.047103,3.4912,0.39476
-0.08415,2.8039,0.5474
0.29727,2.6098,0.72762
0.47564,2.6315,0.87637
0.36944,2.5938,1.0125
0.62559,2.5055,1.1336
0.4259,2.4232,1.2322
0.32531,2.343,1.3226
0.41431,2.2902,1.397
0.12451,2.1995,1.4646
0.13086,2.1055,1.5172
0.10656,2.0399,1.5589
0.12189,1.9283,1.5922
-0.025067,1.8263,1.6183
-0.17651,1.7363,1.6385
0.003726,1.6414,1.6485
0.017936,1.5625,1.6488
0.18621,1.4708,1.6395
0.064678,1.3777,1.622
-0.12753,1.3023,1.5969
-0.16679,1.2094,1.5644
-0.16604,1.1089,1.5237
-0.065827,1.007,1.4739
-0.088263,0.9142,1.417
0.11404,0.82485,1.3556
0.11179,0.72865,1.2882
0.013822,0.64838,1.2175
-0.0576,0.52715,1.1396
-0.22325,0.44156,1.0538
-0.25654,0.35694,0.96904
-0.42668,0.23019,0.87647
-0.44126,0.14078,0.78035
-0.47267,0.010513,0.6782
-0.56391,-0.077949,0.57236
-0.39302,-0.24822,0.45843
-0.26214,-0.34161,0.33377
-0.025441,-0.49435,0.21263
0.15592,-0.6645,0.068153
0.26623,-0.1932,-0.01019
0.34289,0.036149,0.0046308
0.21575,-0.07685,0.0036972
0.19256,-0.0022485,0.0024338
0.11067,-0.036245,0.004612
0.034763,-0.016026,0.0019464
0.10282,-0.019434,0.0043571
0.095341,-0.025492,0.0022801
0.10506,-0.0065374,0.003671
0.15629,-0.022317,0.0027187
0.18471,-0.0070285,0.0025425
0.23407,-0.016345,0.0028987
0.27408,-0.012659,0.0020214
0.30736,-0.011662,0.0023775
0.28343,-0.011718,0.0019014
0.20154,-0.0075496,0.0019914
0.18845,-0.010703,0.0016989
0.14507,-0.0076846,0.0014402
0.1462,-0.0092292,0.001354
0.24118,-0.007857,0.0010803
0.29241,-0.0073471,0.00079163
0.29989,-0.011227,0.00040172
0.23632,-0.0087568,0.00056293
0.14021,-0.0071372,0.00042421
0.0026042,-0.0071072,0.00015427
-0.10883,-0.004108,0.0004917
-0.13837,-0.005885,0.00031174
-0.181,-0.0080482,0.00024425
-0.17913,-0.0064361,0.00050295
-0.15856,-0.0049328,0.00037547
-0.14099,-0.0048091,0.00044296
-0.06807,-0.0057276,0.00055918
-0.0074922,-0.0049028,0.00051419
0.073278,-0.0040068,0.00044296
0.098706,-0.003227,0.00041671
0.0658,-0.0035756,0.00053669
0.040746,-0.004213,0.00052919
-0.085645,-0.0025634,0.00044296
-0.12304,-0.0032345,0.00038672
-0.091254,-0.0040293,0.0004692
-0.079662,-0.0018286,0.00061167
0.019431,-0.002181,0.00059293
0.074026,-0.0052964,0.00047295
0.13722,-0.0028671,0.00040547
0.18658,-0.0020348,0.00056668
0.19892,-0.0057313,0.00036798
0.2408,-0.0053264,-0.00029938
0.21874,-0.0033582,-0.00068179
0.25389,-0.0050715,-0.0011954
0.23706,-0.0038868,-0.0016041
0.18583,-0.0035082,-0.0016341
0.22024,-0.0056863,-0.0023127
0.20827,-0.0031033,-0.0020352
0.23519,-0.010369,-0.0025489
0.23706,0.0010244,-0.0026651
0.23557,-0.0085093,-0.0024439
0.22248,-0.0029758,-0.0038011
0.14881,-0.001405,-0.0022639
0.1002,-0.014204,-0.0043972
0.027284,0.012455,-0.0026014
-0.002257,-0.025069,-0.0034899
0.016066,0.020122,-0.0035836
0.028032,-0.029001,-0.002114
0.044111,0.014108,-0.0060281
0.027658,-0.0025184,0.0011703
0.02691,-0.04243,-0.009811
0.022797,0.11621,0.0086536
-0.035911,-0.95693,-0.057632
0.026162,-1.8004,-0.32063
-0.014597,-1.4393,-0.57142
-0.10023,-1.4339,-0.78382
0.045607,-1.405,-0.99592
0.087862,-1.4006,-1.1753
0.17536,-1.4465,-1.3463
0.29502,-1.3939,-1.4894
0.31447,-1.4316,-1.6129
0.36682,-1.4283,-1.7204
0.3743,-1.4639,-1.8123
0.40646,-1.4683,-1.8912
0.37654,-1.4677,-1.9531
0.37542,-1.4635,-2.003
0.35747,-1.4488,-2.0395
0.25613,-1.4398,-2.0677
0.22585,-1.3962,-2.086
0.14433,-1.3466,-2.0928
0.16452,-1.2866,-2.0891
0.13124,-1.2219,-2.0741
0.083749,-1.1638,-2.051
0.11105,-1.0936,-2.0202
0.014196,-1.0131,-1.9798
0.067669,-0.93465,-1.9308
0.045981,-0.85878,-1.8742
-0.0018831,-0.79228,-1.8121
-0.0011352,-0.71075,-1.7429
-0.054982,-0.64144,-1.6673
-0.023945,-0.55939,-1.5882
-0.10546,-0.46266,-1.4994
-0.15221,-0.39612,-1.4063
-0.18137,-0.30336,-1.3103
-0.25354,-0.21929,-1.2083
-0.29767,-0.11465,-1.0999
-0.37732,-0.034228,-0.98748
-0.40424,0.091998,-0.87094
-0.42144,0.21203,-0.7407
-0.41733,0.30204,-0.60987
-0.36909,0.45508,-0.46575
-0.29617,0.48279,-0.3243
-0.21353,0.73295,-0.17145
-0.12416,0.56407,-0.020369
-0.0015092,-0.0089667,0.0080088
0.059443,0.035212,-0.0097848
0.10095,0.045405,-0.0012629
0.14956,-0.00028776,-0.0060956
0.12937,0.036602,-0.0033774
0.13311,-0.0079695,-0.0041235
0.15442,0.025562,-0.0041085
0.16153,0.0020329,-0.0027363
0.20042,0.0080163,-0.0042885
0.21874,0.0078776,-0.0024364
0.24043,0.00060825,-0.00322
0.30886,0.0084887,-0.0026126
0.35598,-6.6571e-05,-0.0027326
0.36308,0.0066254,-0.0025301
0.36233,-0.00043022,-0.0020465
0.35186,0.0033675,-0.0022077
0.33578,0.002419,-0.0015816
0.3283,-0.0044304,-0.0015403
0.30736,0.0023665,-0.0012367
0.27408,-0.0026384,-0.00082801
0.27446,-0.0028708,-0.00070804
0.25239,0.0025652,-0.00019815
0.18209,-0.0036506,-0.0001869
0.12974,-0.0019036,-0.00047934
0.077392,-0.0010188,-0.00017565
-0.012353,-0.0037556,-8.1924e-05
-0.091254,-0.0046516,-0.00035936
-0.13725,-0.0064286,-0.00032562
-0.18885,-0.0048766,-2.1938e-05
-0.20418,-0.0056526,-0.00011567
-0.1997,-0.0056001,-0.00024314
-0.18773,-0.0028671,0.00018052
-0.16155,4.9648e-05,0.00087036
-0.12827,-0.0024697,0.001474
-0.090133,-0.0051465,0.0019839
-0.09462,-0.0028371,0.0026887
-0.11743,-0.0026384,0.0028424
-0.14697,-0.004303,0.0036597
-0.12603,-0.010103,0.0038472
-0.1178,0.0025727,0.0042034
-0.11556,-0.0081457,0.0051782
-0.017589,-0.0020386,0.0045933
0.03065,0.0014518,0.0062504
0.092349,-0.011576,0.0047395
0.17574,0.013152,0.0066441
0.2049,-0.024188,0.0058605
0.22884,0.020144,0.0060217
0.25987,-0.024881,0.0079338
0.28268,0.0094597,0.0040684
0.26548,0.0037499,0.010828
0.27483,-0.039855,0.0016727
0.26212,0.082262,0.013734
0.29989,-0.18889,-0.0019528
0.29278,0.85371,0.040282
0.33578,2.1749,0.34743
0.42702,1.8734,0.70255
0.27894,1.824,1.0037
0.40795,1.864,1.312
0.50032,1.8192,1.5811
0.38626,1.943,1.8438
0.54855,1.9472,2.0888
0.56052,2.0454,2.3173
0.58632,2.0767,2.5314
0.70823,2.1497,2.7245
0.68766,2.1932,2.9058
0.75946,2.1969,3.0678
0.77815,2.204,3.2148
0.74338,2.1688,3.3416
0.63456,2.1556,3.4524
0.59305,2.1347,3.5529
0.5867,2.1,3.6402
0.33466,2.0515,3.7144
0.31372,1.9833,3.7744
0.057947,1.9102,3.8206
-0.39901,1.8653,3.8552
-0.35152,1.8197,3.8796
-0.27598,1.7616,3.8935
-0.32235,1.7025,3.8963
-0.4521,1.6503,3.8891
-0.2958,1.6167,3.8732
-0.025067,1.5668,3.8491
-0.14473,1.5022,3.817
-0.068444,1.4364,3.7756
0.054582,1.3627,3.7245
0.022423,1.2989,3.664
-0.029181,1.239,3.5959
-0.30141,1.1686,3.5221
-0.49548,1.0928,3.4407
-0.54933,1.0135,3.3497
-0.56429,0.94686,3.2512
-0.52091,0.87675,3.1477
-0.51231,0.80562,3.0381
-0.47641,0.75156,2.9248
-0.56503,0.66987,2.8079
-0.62038,0.58172,2.6824
-0.49586,0.51796,2.5529
-0.46108,0.44433,2.4221
-0.38517,0.34482,2.2847
-0.33731,0.26833,2.1411
-0.30814,0.1835,1.9959
-0.2584,0.061121,1.8413
-0.18025,-0.030621,1.6794
0.037006,-0.15941,1.5114
0.14807,-0.24147,1.3372
0.2337,-0.36293,1.1621
0.22323,-0.46802,0.97824
0.092723,-0.55297,0.79849
-0.050869,-0.70668,0.60439
-0.16043,-0.71365,0.41715
-0.086393,-0.99061,0.21724
-0.053487,-0.72256,0.021048
0.086366,-0.010957,-0.016912
0.27633,-0.073468,0.0051369
0.31036,-0.078987,-0.0058556
0.42964,-0.02403,0.00019926
0.50293,-0.067796,-0.0033062
0.50256,-0.014444,-0.0025376
0.50966,-0.049951,-0.0024814
0.436,-0.018849,-0.0040335
0.28904,-0.030359,-0.0025151
0.097958,-0.031491,-0.0047721
-0.032172,-0.018058,-0.0034937
-0.07854,-0.026726,-0.0045509
-0.096489,-0.017342,-0.0045209
-0.04526,-0.021578,-0.0048659
0.0014823,-0.017158,-0.0055894
-0.019458,-0.021155,-0.0055595
-0.047504,-0.021743,-0.0062306
-0.083402,-0.0172,-0.0065755
-0.097985,-0.0139,-0.0069916
-0.069566,-0.013016,-0.0069429
-0.010484,-0.014928,-0.007554
0.025414,-0.012543,-0.0081464
-0.0018831,-0.012225,-0.0080976
-0.0048746,-0.011527,-0.0081951
0.014944,-0.0090979,-0.0082739
0.037754,-0.012247,-0.0082326
0.080757,-0.011823,-0.0081651
0.068791,-0.011212,-0.0086825
0.037006,-0.016202,-0.0095186
-0.02245,-0.012686,-0.009991
-0.075923,-0.011392,-0.010587
-0.067322,-0.0091992,-0.011089
-0.039277,-0.010309,-0.011382
0.094593,-0.009829,-0.012334
0.25389,-0.0074184,-0.012173
0.33952,-0.013927,-0.013118
0.38963,-0.0009101,-0.013144
0.39262,-0.022699,-0.013459
0.36271,-0.0037181,-0.014824
0.33504,-0.0082207,-0.013444
0.28642,-0.016836,-0.016083
0.18359,0.0086574,-0.013538
0.083001,-0.034198,-0.016545
0.017936,0.023024,-0.014891
-0.073305,-0.046742,-0.01488
-0.086767,0.029194,-0.018074
-0.045634,-0.036413,-0.010966
-0.031798,-0.0070697,-0.024395
0.054208,0.064495,0.00089661
0.0089611,-1.3783,-0.11807
0.047851,-2.149,-0.47709
0.063556,-1.7254,-0.81387
-0.033294,-1.7834,-1.1236
0.23781,-1.6951,-1.4263
0.36345,-1.7144,-1.6947
0.39973,-1.7563,-1.9619
0.49022,-1.7347,-2.2073
0.41356,-1.7819,-2.4421
0.37318,-1.7584,-2.6586
0.30961,-1.7962,-2.8598
0.3743,-1.7923,-3.0478
0.35972,-1.8025,-3.2179
0.34625,-1.7906,-3.3726
0.42104,-1.7676,-3.5061
0.3399,-1.7687,-3.6255
0.32008,-1.753,-3.7318
0.28979,-1.7384,-3.8245
0.34588,-1.7066,-3.9029
0.38776,-1.6739,-3.9656
0.43338,-1.6419,-4.0138
0.4016,-1.61,-4.0489
0.27072,-1.5829,-4.073
0.35448,-1.5515,-4.0865
0.14208,-1.5142,-4.0887
0.14732,-1.472,-4.0802
0.39786,-1.4352,-4.0631
0.2079,-1.3979,-4.0381
-0.04339,-1.3491,-4.004
-0.28009,-1.2959,-3.9593
-0.29842,-1.2381,-3.9047
-0.23522,-1.1827,-3.8415
-0.14884,-1.1288,-3.7713
0.057573,-1.0661,-3.6928
-0.029181,-1.0038,-3.6051
-0.10659,-0.94106,-3.5099
-0.17763,-0.88346,-3.4089
-0.24307,-0.81449,-3.3024
-0.15445,-0.74539,-3.1889
-0.20568,-0.69467,-3.0722
-0.26027,-0.60736,-2.9498
-0.44276,-0.53245,-2.8187
-0.57363,-0.47664,-2.6865
-0.54148,-0.39229,-2.55
-0.49997,-0.31044,-2.4072
-0.34478,-0.2316,-2.2597
-0.27374,-0.14484,-2.1086
-0.25018,-0.023078,-1.9475
-0.35675,0.062212,-1.7789
-0.40237,0.17584,-1.6063
-0.29692,0.27124,-1.4251
-0.22026,0.37016,-1.245
0.031023,0.49355,-1.0556
0.20603,0.55012,-0.86901
0.26586,0.71487,-0.67287
0.29839,0.71946,-0.47618
0.30063,0.95002,-0.27863
0.33092,0.87427,-0.062472
0.32195,0.090442,0.012062
0.41319,0.016774,-0.014839
0.3384,0.099009,-0.0054507
0.2236,0.0024378,-0.0084801
0.19705,0.0631,-0.0078127
0.072531,0.007184,-0.006283
0.17649,0.034147,-0.0080826
0.27558,0.01833,-0.0050833
0.36458,0.013527,-0.0072803
0.45507,0.023046,-0.0049746
0.35523,0.0069741,-0.0056794
0.29054,0.01854,-0.0050571
0.15143,0.0049234,-0.0044235
0.07814,0.0096996,-0.0046222
0.065426,0.0047434,-0.0036286
0.022797,0.0029214,-0.0038198
-0.00038735,0.0079751,-0.0029913
-0.077793,0.0044622,-0.0025526
-0.093124,0.0037724,-0.0024027
-0.12042,0.0043685,-0.0018215
-0.080036,0.0044247,-0.0013229
-0.012727,0.0039524,-0.00092549
-0.01871,0.0061568,-0.00021689
-0.016841,0.0051521,0.00063417
-0.085271,0.0020216,0.0010053
-0.13874,0.0044585,0.0018339
-0.16866,0.0018717,0.0025125
-0.10733,0.0041773,0.0029249
-0.002257,-0.0005127,0.0036073
0.051964,0.0020741,0.0034685
0.13012,0.002449,0.0048932
0.085618,-0.013166,0.0042746
0.054208,0.0075289,0.0054781
0.066548,-0.013301,0.0059317
0.051964,0.01121,0.0053356
0.11591,-0.0074371,0.0076863
0.13722,-0.0093341,0.0048632
0.11479,0.011975,0.009276
0.10918,-0.031217,0.0051444
0.10581,0.044344,0.0092423
0.14919,-0.067076,0.0072814
0.2079,0.078055,0.0060105
0.28119,-0.099993,0.013966
0.28605,0.15908,-0.0060019
0.19593,1.8218,0.19332
0.23856,2.1262,0.5856
0.17349,1.7561,0.91843
0.10207,1.8955,1.2513
0.27147,1.783,1.5682
0.27483,1.8502,1.8591
0.25651,1.8388,2.1429
0.35859,1.8684,2.4046
0.36495,1.9076,2.6607
0.32382,1.8907,2.8947
0.35747,1.9545,3.1189
0.40608,1.9755,3.3338
0.44236,2.0107,3.5369
0.50032,2.0069,3.7273
0.37766,2.0137,3.9
0.28418,2.0208,4.0609
0.36981,2.0169,4.207
0.4431,2.0021,4.3369
0.41655,1.9646,4.449
0.30699,1.9562,4.5445
0.34551,1.9447,4.6282
0.30026,1.9263,4.6999
0.30362,1.9085,4.7585
0.28717,1.8723,4.8041
0.20453,1.827,4.8346
0.26885,1.7948,4.8519
0.14807,1.7625,4.8591
0.3384,1.7118,4.8556
0.3283,1.6622,4.8407
0.034763,1.6159,4.8154
0.079261,1.5747,4.7817
0.022423,1.5332,4.7404
-0.069192,1.4787,4.6913
-0.22101,1.42,4.6335
-0.2341,1.3619,4.5662
-0.25541,1.2986,4.4895
-0.33618,1.2375,4.405
-0.26962,1.1855,4.315
-0.27561,1.1221,4.2178
-0.23111,1.0405,4.112
-0.17352,0.96963,3.9984
-0.19147,0.91696,3.8797
-0.36049,0.84661,3.7566
-0.43004,0.77917,3.6273
-0.44276,0.72451,3.4959
-0.54933,0.6359,3.3591
-0.49997,0.55923,3.2133
-0.45547,0.51116,3.067
-0.4177,0.41881,2.9177
-0.33843,0.3347,2.7604
-0.22251,0.26555,2.6008
-0.12453,0.16266,2.4347
-0.14772,0.063565,2.261
-0.11818,-0.046044,2.0789
-0.11145,-0.12278,1.8926
-0.14548,-0.24078,1.703
-0.11893,-0.33079,1.5063
-0.096116,-0.43761,1.3115
-0.049747,-0.56773,1.106
0.028032,-0.62173,0.90446
0.129,-0.79198,0.69282
0.18322,-0.78819,0.48188
0.21837,-1.0239,0.27105
0.23519,-0.9239,0.043135
0.21238,-0.1071,-0.03303
0.19593,-0.041913,-0.0052483
0.094593,-0.11996,-0.015394
0.092723,-0.02394,-0.011599
0.13124,-0.083291,-0.012612
0.094593,-0.02412,-0.014183
0.2165,-0.055042,-0.012248
0.25651,-0.035708,-0.015259
0.24903,-0.030051,-0.013084
0.29802,-0.041163,-0.015259
0.23145,-0.028735,-0.014565
0.18583,-0.037343,-0.015345
0.11853,-0.023993,-0.015825
0.019805,-0.028484,-0.015772
-0.046008,-0.023445,-0.016511
-0.070688,-0.025402,-0.016552
-0.051991,-0.022613,-0.017377
-0.026189,-0.018294,-0.017159
0.057199,-0.023404,-0.017868
0.11666,-0.021222,-0.018532
0.11628,-0.021725,-0.018577
0.10132,-0.026242,-0.020005
0.069165,-0.021762,-0.021313
0.036259,-0.017458,-0.021512
-0.01871,-0.017627,-0.022213
-0.041147,-0.01561,-0.022671
-0.033668,-0.019704,-0.023548
-0.0097358,-0.012003,-0.023878
0.029902,-0.0215,-0.024107
0.071035,-0.014583,-0.025355
0.12002,-0.01071,-0.024369
0.12264,-0.021683,-0.026472
0.15928,-0.0056863,-0.025509
0.12114,-0.030846,-0.026562
0.048972,0.0075027,-0.026888
0.051216,-0.031018,-0.025891
0.026536,-0.0026684,-0.029558
0.05346,-0.0071747,-0.02459
0.065052,-0.036792,-0.0318
0.099828,0.044528,-0.023732
0.11067,-0.10951,-0.032595
0.13311,0.16895,-0.024467
0.11778,-0.62119,-0.040674
0.054582,-2.1018,-0.33111
0.13872,-1.9291,-0.7202
0.003352,-1.7791,-1.043
0.068043,-1.8664,-1.3784
0.32045,-1.7738,-1.6828
0.25053,-1.8551,-1.974
0.40347,-1.8205,-2.2496
0.46741,-1.8876,-2.5101
0.28381,-1.8788,-2.761
0.32569,-1.8952,-2.9901
0.31783,-1.9479,-3.2133
0.28007,-1.9628,-3.4253
0.41655,-1.9903,-3.627
0.4805,-1.9785,-3.8129
0.36794,-1.9906,-3.9838
0.36869,-1.9853,-4.1414
0.37841,-1.9776,-4.2828
0.32307,-1.9629,-4.4099
0.41581,-1.9312,-4.5186
0.40721,-1.9191,-4.6115
0.39748,-1.9092,-4.6927
0.41992,-1.8912,-4.7617
0.38402,-1.869,-4.8178
0.43338,-1.8356,-4.8595
0.45395,-1.7978,-4.8861
0.47676,-1.7704,-4.8998
0.48386,-1.7452,-4.9033
0.39113,-1.7125,-4.8959
0.23258,-1.6754,-4.8779
0.087488,-1.6332,-4.85
-0.0011352,-1.5953,-4.8123
-0.085645,-1.5609,-4.7674
-0.1178,-1.5099,-4.7145
-0.14099,-1.455,-4.6519
-0.19409,-1.3993,-4.5799
-0.21391,-1.339,-4.4992
-0.22886,-1.2866,-4.4116
-0.22363,-1.2207,-4.317
-0.22101,-1.1493,-4.2143
-0.21615,-1.0839,-4.104
-0.21652,-1.0191,-3.9878
-0.30776,-0.95659,-3.8676
-0.38704,-0.87848,-3.7413
-0.43079,-0.81656,-3.61
-0.46594,-0.75016,-3.4763
-0.42929,-0.65188,-3.3345
-0.37208,-0.59036,-3.1868
-0.34179,-0.52701,-3.0398
-0.36348,-0.42816,-2.8861
-0.37096,-0.35709,-2.7268
-0.33357,-0.26595,-2.5647
-0.3489,-0.16601,-2.3945
-0.28009,-0.058083,-2.217
-0.18923,0.045191,-2.0309
-0.16903,0.12509,-1.8436
-0.083402,0.25482,-1.6491
-0.063583,0.32689,-1.4522
-0.008614,0.46772,-1.2542
0.091975,0.55019,-1.0487
0.13386,0.66262,-0.8472
0.19443,0.785,-0.63023
0.19032,0.81005,-0.42722
0.19406,1.0959,-0.20013
0.16938,0.59127,-0.011112
0.16265,-0.048706,-0.00054307
0.20154,0.10689,-0.016042
0.17237,0.042054,-0.0052558
0.22398,0.031335,-0.012244
0.25464,0.049915,-0.0067217
0.25352,0.010851,-0.0093536
0.28493,0.042751,-0.0075428
0.2408,0.0037387,-0.0070179
0.25239,0.026506,-0.0077977
0.25165,0.012624,-0.0059344
0.21238,0.01229,-0.0069204
0.19855,0.014899,-0.0054207
0.12301,0.0069253,-0.0056044
0.067295,0.01175,-0.0049071
0.028032,0.0046384,-0.0045509
0.012327,0.010266,-0.0041048
0.021675,0.0045372,-0.0036399
0.0085872,0.0051258,-0.0034899
0.033641,0.010401,-0.0022527
0.047851,0.0079638,-0.0012479
0.0078393,0.0041061,-0.00029938
-0.0041267,0.0054595,0.0009341
0.013822,0.0041586,0.0017552
0.015318,0.0012081,0.0018264
0.0052217,0.0049459,0.0030936
-0.017215,0.00067198,0.0031948
-0.01011,0.0063967,0.0038997
0.0029781,-0.005244,0.0044058
-0.0045007,0.0092197,0.0043608
0.033641,-0.0031932,0.005913
0.069913,-0.0049328,0.0042746
0.080009,0.011267,0.0072402
0.083001,-0.021695,0.0050844
0.046355,0.026236,0.0075514
0.066548,-0.033519,0.0072739
0.090854,0.029397,0.0055156
0.065426,-0.029646,0.010922
0.075896,0.0051895,0.0019539
0.083001,0.034743,0.01719
0.12077,-0.13704,-0.0082701
0.10319,1.2692,0.089099
0.17312,2.2636,0.4581
0.27296,1.8341,0.82434
0.16714,1.9009,1.1562
0.28418,1.8628,1.493
0.33616,1.856,1.7927
0.17536,1.912,2.0885
0.26735,1.89,2.361
0.25763,1.9624,2.6247
0.17499,1.9647,2.8748
0.25352,2.0231,3.1124
0.347,2.0196,3.3389
0.43712,2.0482,3.5475
0.54594,2.0964,3.75
0.62783,2.116,3.9413
0.52836,2.1269,4.1208
0.52088,2.1215,4.2852
0.52275,2.1367,4.4355
0.43749,2.129,4.5724
0.47414,2.1202,4.6936
0.41805,2.0992,4.798
0.37841,2.0742,4.8844
0.41057,2.0653,4.9578
0.48498,2.0571,5.021
0.60165,2.0468,5.0723
0.66747,2.019,5.1101
0.69252,1.9778,5.1328
0.62633,1.9405,5.1416
0.45507,1.9121,5.139
0.23669,1.8755,5.1267
0.085245,1.8304,5.1041
-0.014223,1.7862,5.0704
-0.10808,1.741,5.028
-0.16268,1.6942,4.9778
-0.20493,1.6493,4.9205
-0.22699,1.5945,4.8558
-0.22699,1.5299,4.7815
-0.22999,1.4678,4.6981
-0.25541,1.397,4.6064
-0.30216,1.3356,4.5085
-0.33506,1.273,4.4051
-0.4263,1.1993,4.2938
-0.52727,1.127,4.1746
-0.55569,1.0611,4.0496
-0.54933,0.99405,3.9211
-0.52128,0.91645,3.7869
-0.48763,0.85487,3.6491
-0.44612,0.77357,3.5087
-0.46744,0.68165,3.36
-0.52689,0.62365,3.208
-0.53138,0.54495,3.0561
-0.56167,0.44536,2.8967
-0.58448,0.37605,2.7329
-0.51642,0.27762,2.5661
-0.46444,0.16851,2.3905
-0.40237,0.065526,2.208
-0.28869,-0.036552,2.0181
-0.20643,-0.13011,1.8268
-0.10546,-0.2523,1.6288
0.015318,-0.32879,1.4299
0.081131,-0.48157,1.2279
0.084871,-0.55563,1.0191
0.071409,-0.67862,0.81441
0.044485,-0.79363,0.59479
0.018684,-0.83926,0.39023
0.029154,-1.1148,0.15938
0.097958,-0.55847,-0.021853
0.21874,0.033956,-0.025415
0.26623,-0.13396,-0.012987
0.29428,-0.055364,-0.022438
0.35373,-0.05911,-0.015566
0.34438,-0.067717,-0.021145
0.33765,-0.029714,-0.017834
0.34289,-0.061453,-0.020192
0.2954,-0.025181,-0.020005
0.2681,-0.047165,-0.01966
0.21425,-0.031322,-0.021415
0.12264,-0.032256,-0.020204
0.11329,-0.03488,-0.021778
0.11254,-0.027224,-0.021355
0.091975,-0.030838,-0.02206
0.081505,-0.026846,-0.022457
0.04972,-0.028761,-0.022929
0.015692,-0.023307,-0.023301
-0.023572,-0.027993,-0.023492
-0.037033,-0.030449,-0.024931
-0.021702,-0.026032,-0.025786
-0.008614,-0.027517,-0.026634
0.010457,-0.028863,-0.028178
0.022797,-0.020165,-0.028647
0.031771,-0.024079,-0.028752
0.027284,-0.021803,-0.029937
0.020927,-0.01853,-0.029798
0.035511,-0.022756,-0.030874
0.029902,-0.012322,-0.030656
-0.025067,-0.028941,-0.031714
-0.045634,-0.0073359,-0.031957
-0.035164,-0.026816,-0.0315
-0.03292,-0.012322,-0.034057
0.0070914,-0.01447,-0.030915
0.056077,-0.033099,-0.035399
0.11853,0.01235,-0.031526
0.14096,-0.065434,-0.035538
0.18247,0.04782,-0.034128
0.17462,-0.089878,-0.031864
0.13348,0.06971,-0.041075
0.15517,-0.14691,-0.019154
0.068417,-1.7646,-0.21428
0.16826,-2.1205,-0.61469
0.13086,-1.7943,-0.95783
0.050842,-1.9591,-1.2965
0.40347,-1.8625,-1.6189
0.36757,-1.9389,-1.9141
0.39561,-1.9438,-2.2019
0.57249,-1.9778,-2.466
0.31185,-2.0363,-2.7252
0.37841,-2.0494,-2.9674
0.45208,-2.103,-3.2
0.4173,-2.0969,-3.4171
0.56239,-2.1488,-3.621
0.62745,-2.1793,-3.8183
0.65887,-2.2006,-4.0033
0.59193,-2.2103,-4.176
0.63306,-2.209,-4.3332
0.5766,-2.2178,-4.4774
0.50966,-2.2092,-4.6072
0.54369,-2.2006,-4.7214
0.44086,-2.1754,-4.8194
0.4704,-2.153,-4.9001
0.49919,-2.1488,-4.9678
0.5837,-2.1396,-5.0254
0.72991,-2.1161,-5.0712
0.75272,-2.0797,-5.1031
0.75198,-2.0388,-5.1208
0.6641,-2.0032,-5.1254
0.48536,-1.9711,-5.1191
0.29652,-1.9311,-5.1031
0.15592,-1.8852,-5.0766
0.019057,-1.8426,-5.0406
-0.13089,-1.7938,-4.9956
-0.21877,-1.7493,-4.943
-0.28421,-1.7041,-4.8837
-0.31076,-1.6367,-4.8157
-0.3029,-1.5752,-4.7382
-0.33132,-1.512,-4.6528
-0.39227,-1.4432,-4.5598
-0.43453,-1.3787,-4.4608
-0.46706,-1.3019,-4.3541
-0.53437,-1.2271,-4.2398
-0.56503,-1.1559,-4.1195
-0.56653,-1.0914,-3.9947
-0.56952,-1.0147,-3.8657
-0.55793,-0.93824,-3.7306
-0.53475,-0.87795,-3.5934
-0.54073,-0.78184,-3.4513
-0.60692,-0.69601,-3.3002
-0.6372,-0.63885,-3.1486
-0.6458,-0.54442,-2.9947
-0.69479,-0.46025,-2.8329
-0.69404,-0.38073,-2.6692
-0.62225,-0.26854,-2.4996
-0.59196,-0.1669,-2.3222
-0.49698,-0.049269,-2.1369
-0.33319,0.035504,-1.9465
-0.23073,0.1572,-1.7535
-0.080036,0.2573,-1.5532
0.024667,0.35715,-1.3557
0.057199,0.50038,-1.1492
0.11703,0.55894,-0.94525
0.10918,0.74087,-0.73341
0.093097,0.75482,-0.52038
0.13124,0.97462,-0.311
0.1619,0.95141,-0.078679
0.22547,0.12953,0.011271
0.31372,0.003375,-0.016736
0.3642,0.1113,-0.0080714
0.41132,0.0019579,-0.010043
0.44497,0.066947,-0.0098897
0.44909,0.0093247,-0.007614
0.4446,0.034589,-0.010163
0.40907,0.024193,-0.006568
0.35672,0.013287,-0.0087013
0.28717,0.024441,-0.0066055
0.20154,-0.0015587,-0.0070404
0.15181,0.015128,-0.0064255
0.12862,0.0088148,-0.0057207
0.10843,0.010592,-0.0057807
0.075522,0.0095421,-0.0049109
0.048225,0.0083012,-0.0049858
0.0055957,0.0050396,-0.0040073
-0.059096,-0.0010188,-0.0040148
-0.06807,0.0046609,-0.0033999
-0.05947,0.0082562,-0.0020802
-0.060217,0.0069141,-0.0010117
-0.029555,0.0079038,2.3052e-05
-0.0018831,0.0069741,0.0012903
0.0127,-0.0040668,0.0015527
0.02878,0.0048259,0.0017964
0.037754,9.1119e-07,0.0029586
0.013448,-0.0016412,0.0028649
-0.013101,0.0041511,0.0040796
-0.029928,-0.0081082,0.0035435
-0.08041,0.0056919,0.004897
-0.094994,-0.013915,0.0049082
-0.10359,0.015679,0.0049345
-0.099107,-0.0091954,0.007004
-0.030676,0.0014968,0.0041509
0.022423,0.011897,0.0088223
0.10619,-0.027453,0.0041134
0.16003,0.045195,0.0092985
0.19443,-0.070019,0.0061192
0.2049,0.087713,0.0066666
0.1791,-0.1206,0.01199
0.19182,0.23933,-0.0035387
0.15891,1.9113,0.21718
0.26997,2.1298,0.61627
0.27034,1.821,0.95189
0.21089,1.973,1.2901
0.41955,1.8749,1.6076
0.32943,1.9657,1.9015
0.29203,1.9581,2.1861
0.4719,2.0038,2.4484
0.36532,2.0609,2.705
0.38776,2.0793,2.9443
0.49658,2.1257,3.1739
0.50181,2.1254,3.3866
0.59193,2.1856,3.5884
0.69738,2.2111,3.783
0.70486,2.2248,3.9644
0.66971,2.2366,4.1333
0.69925,2.2342,4.2869
0.62895,2.2345,4.4272
0.5923,2.2222,4.553
0.60502,2.2,4.6624
0.522,2.1797,4.7542
0.52275,2.158,4.8316
0.56613,2.1431,4.8976
0.62633,2.1376,4.9525
0.72879,2.1003,4.9953
0.76506,2.0532,5.0226
0.75609,2.018,5.0361
0.67681,1.98,5.0384
0.48386,1.9445,5.0299
0.28867,1.9019,5.0116
0.090854,1.852,4.9829
-0.1178,1.8048,4.9438
-0.27673,1.7603,4.8971
-0.35451,1.7128,4.8434
-0.41135,1.6556,4.7821
-0.44612,1.593,4.7121
-0.42929,1.5304,4.6329
-0.4278,1.4628,4.5454
-0.43191,1.3973,4.451
-0.45285,1.3376,4.3508
-0.45958,1.2605,4.2438
-0.51754,1.1747,4.1287
-0.60766,1.1107,4.0065
-0.61701,1.0481,3.8808
-0.65478,0.96551,3.7504
-0.67422,0.89858,3.6144
-0.64543,0.82716,3.4769
-0.66936,0.72535,3.3322
-0.7535,0.66001,3.1816
-0.798,0.59413,3.0323
-0.78491,0.49169,2.8771
-0.83128,0.41827,2.7157
-0.79725,0.32145,2.5523
-0.69591,0.21784,2.3812
-0.65179,0.11492,2.2028
-0.5325,0.0040798,2.0165
-0.3833,-0.081743,1.8284
-0.24195,-0.21061,1.6341
-0.094994,-0.28799,1.4371
0.010457,-0.43266,1.2392
0.08861,-0.52588,1.0326
0.1088,-0.6342,0.83093
0.083001,-0.77787,0.61446
0.0658,-0.79569,0.41049
0.039998,-1.0901,0.18672
0.064304,-0.65828,-0.0094361
0.16751,0.02107,-0.028741
0.21051,-0.11768,-0.01034
0.26773,-0.073742,-0.021715
0.36906,-0.043892,-0.014715
0.38813,-0.072115,-0.019499
0.42104,-0.027183,-0.017163
0.46105,-0.062206,-0.018483
0.43862,-0.025526,-0.019319
0.40721,-0.050311,-0.018078
0.33504,-0.036841,-0.02011
0.25202,-0.029073,-0.018963
0.18434,-0.036634,-0.020342
0.10656,-0.028672,-0.020204
0.0658,-0.03344,-0.020826
0.021301,-0.02445,-0.021287
-0.01871,-0.029129,-0.021692
-0.034416,-0.024176,-0.022138
-0.069192,-0.0252,-0.021977
-0.072557,-0.030673,-0.023169
-0.044512,-0.025983,-0.02414
-0.020206,-0.02505,-0.025048
0.01457,-0.027948,-0.026184
0.066548,-0.02367,-0.027226
0.084497,-0.019288,-0.027323
0.06206,-0.02535,-0.028077
0.060191,-0.017604,-0.028628
0.040372,-0.026606,-0.028906
0.0082132,-0.017867,-0.029997
-0.014223,-0.017053,-0.029299
-0.060217,-0.024765,-0.031061
-0.10359,-0.0097765,-0.029877
-0.13164,-0.033481,-0.031834
-0.10359,0.0061793,-0.031489
-0.065079,-0.03741,-0.030945
-0.0011352,-0.0011988,-0.033929
0.084497,-0.019149,-0.029408
0.13199,-0.032529,-0.03697
0.20752,0.028696,-0.027635
0.19256,-0.10717,-0.038856
0.23071,0.17442,-0.026187
0.20677,-0.75568,-0.056706
0.16115,-2.1553,-0.37079
0.29615,-1.9281,-0.75957
0.15442,-1.8832,-1.0865
0.2868,-1.9708,-1.4261
0.53771,-1.9079,-1.729
0.41917,-2.011,-2.0214
0.62596,-1.9873,-2.2955
0.63306,-2.0722,-2.5542
0.46292,-2.094,-2.8046
0.58483,-2.1367,-3.0383
0.56837,-2.1647,-3.2623
0.61511,-2.1841,-3.4686
0.70149,-2.2413,-3.668
0.75422,-2.2568,-3.8574
0.75609,-2.2783,-4.0336
0.71122,-2.2794,-4.1962
0.74487,-2.2858,-4.3441
0.65176,-2.2826,-4.4786
0.6484,-2.2691,-4.5976
0.63793,-2.2516,-4.7016
0.57548,-2.2204,-4.7882
0.60577,-2.2029,-4.8602
0.6024,-2.1916,-4.9218
0.70449,-2.1707,-4.9722
0.77815,-2.1351,-5.0098
0.79984,-2.09,-5.0331
0.7774,-2.0532,-5.0428
0.60539,-2.0134,-5.0411
0.4446,-1.9675,-5.0295
0.21537,-1.9271,-5.0081
-0.018336,-1.878,-4.9771
-0.19932,-1.8282,-4.9363
-0.37507,-1.7863,-4.8877
-0.445,-1.7354,-4.833
-0.53063,-1.6735,-4.7698
-0.54671,-1.611,-4.6973
-0.53437,-1.547,-4.6163
-0.55942,-1.4802,-4.5271
-0.52166,-1.4167,-4.4316
-0.5239,-1.3423,-4.3294
-0.52577,-1.262,-4.2189
-0.59046,-1.1911,-4.1017
-0.666,-1.1238,-3.9796
-0.66787,-1.0525,-3.8537
-0.71498,-0.97316,-3.7221
-0.72471,-0.90615,-3.5865
-0.7105,-0.82704,-3.4486
-0.75574,-0.72706,-3.3018
-0.82081,-0.66157,-3.1505
-0.84025,-0.58598,-2.9997
-0.85184,-0.48822,-2.8415
-0.87839,-0.41171,-2.6794
-0.77631,-0.31117,-2.5138
-0.67422,-0.20833,-2.3404
-0.61327,-0.090856,-2.159
-0.42967,0.0004058,-1.971
-0.29056,0.10937,-1.7812
-0.17988,0.22879,-1.5831
-0.012727,0.31234,-1.3871
0.094219,0.46373,-1.1841
0.16751,0.52259,-0.97991
0.16564,0.69115,-0.77427
0.11179,0.74605,-0.55907
0.094593,0.89439,-0.35591
0.059443,1.0443,-0.12145
0.097958,0.2853,0.0095572
0.16452,-0.04321,-0.011663
0.18696,0.12375,-0.0107
0.30101,0.0038999,-0.007524
0.38739,0.054373,-0.011194
0.40721,0.021711,-0.0065905
0.46068,0.018637,-0.009946
0.49807,0.030814,-0.0062568
0.48162,0.0079076,-0.0081351
0.436,0.027061,-0.0069317
0.36607,0.0059843,-0.0060618
0.2509,0.015833,-0.0063205
0.17162,0.010427,-0.0054282
0.1189,0.0070715,-0.0056082
0.046729,0.0056244,-0.0047796
-0.00076128,0.0075514,-0.0046672
-0.044886,0.0087961,-0.0036849
-0.074053,0.0014255,-0.0038723
-0.09462,0.0067079,-0.0034224
-0.10322,0.0062543,-0.0020127
-0.063957,0.0044847,-0.0011954
-0.033668,0.0069478,-8.5674e-05
0.034389,0.0042185,0.0011441
0.095715,-0.0011613,0.0017777
0.084123,0.0033638,0.0018714
0.085618,0.0023103,0.0030899
0.080009,-0.0022747,0.0030711
0.058695,0.0080913,0.0038884
0.029154,-0.0072197,0.0043158
-0.011232,0.0042973,0.0044021
-0.047504,-0.0088018,0.0058643
-0.078166,-0.0015212,0.0043608
-0.10285,0.0096171,0.0072589
-0.10397,-0.01943,0.0047882
-0.069566,0.024216,0.0075514
0.0059696,-0.040935,0.0067678
0.080009,0.036175,0.0057443
0.1376,-0.034617,0.010483
0.19855,0.0098646,0.0019989
0.19705,0.018858,0.016999
0.23108,-0.11771,-0.0091624
0.20528,1.3361,0.099196
0.25165,2.2619,0.47324
0.36271,1.8487,0.83472
0.22697,1.9538,1.1641
0.37841,1.9338,1.4964
0.44273,1.9494,1.7918
0.25576,2.0022,2.0823
0.48611,2.008,2.3489
0.49209,2.0933,2.6066
0.42328,2.1016,2.851
0.60277,2.1586,3.0824
0.60464,2.1594,3.3007
0.65999,2.2068,3.5031
0.76656,2.2536,3.7001
0.82265,2.2686,3.8847
0.79834,2.2865,4.0572
0.79199,2.2821,4.2151
0.79573,2.2895,4.3587
0.70561,2.2791,4.4895
0.69888,2.2547,4.6033
0.64653,2.2256,4.7001
0.62035,2.2024,4.7815
0.64914,2.1903,4.8506
0.6454,2.1775,4.9093
0.74487,2.1419,4.9559
0.77105,2.0955,4.9885
0.73253,2.0587,5.007
0.70673,2.0124,5.0134
0.56127,1.9718,5.0088
0.35298,1.9374,4.9942
0.12189,1.8841,4.9696
-0.092002,1.8337,4.9342
-0.30515,1.7895,4.8906
-0.46744,1.7379,4.8402
-0.55531,1.6838,4.7824
-0.62786,1.6225,4.7164
-0.63197,1.5572,4.6417
-0.63047,1.4921,4.5591
-0.60093,1.4309,4.4688
-0.59084,1.3651,4.3726
-0.59719,1.287,4.2695
-0.60131,1.2097,4.1578
-0.67161,1.1336,4.0387
-0.72022,1.0662,3.9149
-0.76846,0.98997,3.7872
-0.81183,0.91582,3.6534
-0.81482,0.85619,3.5176
-0.79351,0.75701,3.3774
-0.82903,0.66927,3.2281
-0.87652,0.61765,3.0786
-0.82567,0.52079,2.9269
-0.8395,0.43131,2.7669
-0.84997,0.3577,2.6049
-0.75051,0.25442,2.4374
-0.68769,0.15069,2.2622
-0.57737,0.032201,2.0788
-0.40312,-0.046487,1.8911
-0.25541,-0.16708,1.7005
-0.1107,-0.26504,1.5031
0.034015,-0.37158,1.3077
0.14433,-0.50988,1.1023
0.1791,-0.57416,0.90051
0.17873,-0.75169,0.68938
0.14283,-0.75953,0.47875
0.10058,-1.0021,0.26928
0.056451,-0.93052,0.04183
0.10058,-0.11631,-0.037529
0.16041,-0.036916,-0.0098035
0.16377,-0.12475,-0.019386
0.31783,-0.022156,-0.016245
0.37019,-0.083178,-0.016747
0.3915,-0.031281,-0.018472
0.50592,-0.058435,-0.016526
0.47339,-0.037279,-0.019518
0.43712,-0.033174,-0.017189
0.37318,-0.043105,-0.019326
0.29203,-0.027198,-0.018835
0.20565,-0.039034,-0.019435
0.080757,-0.026426,-0.019945
0.035137,-0.032316,-0.019968
-0.01871,-0.026205,-0.020571
-0.052365,-0.02797,-0.020732
-0.080784,-0.025567,-0.0217
-0.1107,-0.021413,-0.02161
-0.1021,-0.031232,-0.022243
-0.092376,-0.027925,-0.023166
-0.065827,-0.026553,-0.024343
-0.051991,-0.027404,-0.025438
0.020179,-0.027618,-0.026375
0.073652,-0.022861,-0.026776
0.087488,-0.024173,-0.027031
0.11815,-0.018662,-0.028088
0.10282,-0.020094,-0.027934
0.1017,-0.025935,-0.029254
0.080757,-0.013188,-0.028887
0.013822,-0.028345,-0.029903
-0.028059,-0.0073247,-0.030169
-0.062087,-0.029927,-0.029802
-0.07181,-0.010736,-0.032254
-0.051617,-0.015336,-0.02925
-0.030302,-0.031877,-0.033689
0.053086,0.014922,-0.029397
0.11965,-0.062694,-0.033633
0.18209,0.047797,-0.03177
0.20304,-0.097226,-0.030503
0.2337,0.07855,-0.038661
0.26698,-0.17802,-0.018175
0.15068,-1.8028,-0.22113
0.28156,-2.116,-0.62112
0.26287,-1.8186,-0.96063
0.18022,-1.9973,-1.2979
0.51976,-1.9086,-1.6164
0.48199,-1.9995,-1.908
0.5164,-2.0057,-2.1922
0.73926,-2.0486,-2.4527
0.5321,-2.1122,-2.7081
0.56538,-2.1298,-2.9462
0.6742,-2.1822,-3.1742
0.64615,-2.1835,-3.3863
0.73403,-2.2423,-3.5865
0.79535,-2.2712,-3.7801
0.83013,-2.2912,-3.9606
0.77703,-2.2995,-4.1287
0.81891,-2.2999,-4.2812
0.78114,-2.3057,-4.4211
0.67569,-2.2889,-4.5462
0.70374,-2.2737,-4.6555
0.63493,-2.2437,-4.7489
0.63793,-2.2198,-4.826
0.657,-2.2124,-4.8918
0.68504,-2.1908,-4.9475
0.77553,-2.1565,-4.9909
0.73216,-2.1139,-5.0204
0.71757,-2.0657,-5.0354
0.63306,-2.0243,-5.0378
0.40795,-1.9844,-5.0303
0.22921,-1.9405,-5.0129
0.017562,-1.8927,-4.9857
-0.18848,-1.8388,-4.949
-0.3646,-1.7901,-4.9033
-0.46594,-1.7442,-4.8508
-0.51567,-1.6861,-4.7913
-0.58934,-1.6206,-4.7232
-0.59495,-1.5564,-4.6461
-0.61888,-1.4941,-4.5611
-0.64244,-1.4289,-4.4694
-0.63346,-1.3547,-4.3709
-0.64244,-1.276,-4.2644
-0.66824,-1.2015,-4.1503
-0.72695,-1.137,-4.0306
-0.73031,-1.0679,-3.9071
-0.7191,-0.98568,-3.7784
-0.76247,-0.91715,-3.6441
-0.75948,-0.84765,-3.508
-0.7636,-0.75259,-3.3656
-0.8238,-0.67473,-3.2153
-0.82679,-0.6103,-3.0657
-0.82193,-0.51317,-2.9116
-0.83203,-0.43169,-2.7507
-0.77407,-0.34625,-2.5877
-0.6574,-0.24287,-2.4176
-0.55082,-0.13355,-2.2402
-0.43453,-0.025871,-2.0539
-0.27074,0.058347,-1.8655
-0.15183,0.19426,-1.6709
-0.012353,0.27212,-1.4731
0.10058,0.41058,-1.2757
0.12563,0.51005,-1.0689
0.17349,0.60685,-0.86776
0.14358,0.75624,-0.65181
0.11703,0.7744,-0.44702
0.1361,1.0755,-0.22469
0.11479,0.67749,-0.022288
0.16302,-0.035967,0.003536
0.21463,0.087113,-0.016694
0.28044,0.059906,-0.0048134
0.36046,0.022169,-0.011622
0.36046,0.055569,-0.0068454
0.39262,0.0071353,-0.0087238
0.42067,0.040651,-0.0076927
0.40347,0.0057669,-0.006478
0.37654,0.024973,-0.0076327
0.29989,0.015106,-0.0052858
0.23407,0.011334,-0.0065492
0.15554,0.014832,-0.0051208
0.07627,0.0042523,-0.0051883
0.029528,0.0119,-0.0047309
-0.035911,0.0052308,-0.0043185
-0.07854,0.0088111,-0.0038498
-0.11369,0.002614,-0.003145
-0.12453,0.0055494,-0.0034524
-0.11332,0.011582,-0.0018815
-0.080784,0.0051558,-0.00037061
-0.035164,0.0057256,0.00014303
0.0059696,0.0090885,0.001564
0.084871,0.0020179,0.0022538
0.10357,0.0023365,0.0025387
0.11105,0.00018086,0.0035998
0.13947,0.0027227,0.0035548
0.11553,0.0028239,0.0048295
0.10432,-0.0071222,0.0043458
0.068043,0.011608,0.0056618
0.017936,-0.011524,0.005763
-0.00076128,0.006273,0.0052869
-0.022076,-0.015839,0.0077576
-0.013475,-0.00090635,0.0048932
0.0055957,0.0094709,0.009231
0.060939,-0.03608,0.0050769
0.10918,0.047081,0.0097409
0.14358,-0.068512,0.0071727
0.17312,0.080211,0.006914
0.17836,-0.10799,0.013827
0.20977,0.19516,-0.0047909
0.1619,1.8692,0.20611
0.29128,2.1572,0.60709
0.33055,1.8371,0.94659
0.22659,2.0014,1.2865
0.46816,1.9139,1.6067
0.39561,2.0083,1.9015
0.3212,2.0176,2.1882
0.54444,2.0629,2.4515
0.45956,2.1168,2.7093
0.52088,2.1375,2.9488
0.6282,2.2037,3.1806
0.62372,2.1999,3.3974
0.71832,2.2395,3.5988
0.79685,2.2695,3.7926
0.85182,2.303,3.9757
0.80246,2.3221,4.1484
0.84509,2.3142,4.306
0.80395,2.3187,4.4505
0.7157,2.3133,4.5817
0.75646,2.2962,4.6966
0.68018,2.2737,4.7963
0.68542,2.2429,4.8813
0.69888,2.2174,4.951
0.72879,2.2002,5.0094
0.80881,2.1742,5.0574
0.76806,2.1355,5.0924
0.73029,2.0917,5.1144
0.6039,2.0482,5.1228
0.42441,2.0044,5.1189
0.22809,1.9599,5.1057
-0.002631,1.9106,5.0829
-0.19932,1.8558,5.0487
-0.40686,1.8031,5.0055
-0.51156,1.7558,4.9553
-0.56279,1.7017,4.8978
-0.6028,1.6425,4.8328
-0.61327,1.5811,4.7593
-0.61402,1.5088,4.6771
-0.61552,1.4392,4.5865
-0.6746,1.3802,4.4894
-0.67796,1.3106,4.3869
-0.7191,1.2299,4.2761
-0.78715,1.1487,4.1576
-0.79239,1.0827,4.0336
-0.83464,1.0205,3.906
-0.85596,0.93782,3.773
-0.85783,0.87017,3.6361
-0.8253,0.79477,3.4971
-0.83988,0.70039,3.3498
-0.86755,0.63968,3.1984
-0.82791,0.56858,3.0472
-0.85184,0.46646,2.889
-0.80996,0.3956,2.7263
-0.70152,0.29827,2.5605
-0.60953,0.18954,2.3863
-0.4435,0.089861,2.2057
-0.28084,-0.01579,2.0175
-0.16941,-0.10463,1.8279
-0.062461,-0.2317,1.6312
0.012327,-0.31084,1.4328
0.068791,-0.4581,1.2323
0.094593,-0.54163,1.0243
0.068417,-0.65448,0.82083
0.057573,-0.78233,0.60258
0.067295,-0.81992,0.39828
0.062808,-1.1044,0.17018
0.096463,-0.5992,-0.017437
0.22585,0.031391,-0.027293
0.31222,-0.12755,-0.012135
0.34139,-0.063234,-0.022416
0.41431,-0.051473,-0.015558
0.41468,-0.068992,-0.02086
0.39487,-0.027303,-0.01792
0.37841,-0.063226,-0.019671
0.29166,-0.029084,-0.01993
0.26249,-0.048451,-0.019255
0.20341,-0.036447,-0.021212
0.099828,-0.035285,-0.020151
0.056825,-0.036811,-0.021463
0.0052217,-0.028795,-0.02125
-0.034416,-0.031206,-0.021973
-0.060591,-0.028214,-0.022239
-0.07854,-0.031498,-0.022742
-0.094994,-0.023655,-0.023147
-0.10733,-0.030212,-0.023379
-0.064705,-0.032323,-0.025044
-0.047877,-0.023982,-0.025981
-0.0056225,-0.031086,-0.026825
0.095715,-0.02878,-0.028204
0.13086,-0.020667,-0.028666
0.15181,-0.028761,-0.029393
0.15405,-0.01874,-0.0297
0.13498,-0.02499,-0.030038
0.11815,-0.018617,-0.031106
0.071409,-0.017837,-0.030371
0.026536,-0.025582,-0.0324
0.0052217,-0.0072984,-0.03108
0.0074654,-0.034089,-0.032733
-0.0048746,0.0028277,-0.0327
-0.0018831,-0.036215,-0.031729
0.067669,-0.0046141,-0.035073
0.12488,-0.020195,-0.030199
0.15966,-0.036728,-0.037915
0.22734,0.031046,-0.029183
0.19892,-0.11763,-0.039384
0.21537,0.17045,-0.028894
0.15966,-0.69529,-0.05215
0.083001,-2.1338,-0.35776
0.26399,-1.9508,-0.75102
0.11217,-1.8938,-1.081
0.2049,-1.9912,-1.4234
0.56762,-1.9227,-1.7289
0.42179,-2.0347,-2.023
0.6297,-2.0137,-2.3001
0.72393,-2.0962,-2.561
0.50219,-2.1168,-2.8136
0.657,-2.1665,-3.0489
0.64204,-2.209,-3.2779
0.68205,-2.2115,-3.4885
0.77254,-2.2605,-3.6879
0.80283,-2.2865,-3.8784
0.84658,-2.3183,-4.0589
0.76319,-2.3198,-4.227
0.82452,-2.3239,-4.3797
0.74001,-2.3269,-4.52
0.6899,-2.3137,-4.646
0.69589,-2.2997,-4.7571
0.60502,-2.2698,-4.8526
0.66373,-2.2413,-4.9317
0.66859,-2.2243,-4.9978
0.743,-2.2054,-5.0535
0.78114,-2.1753,-5.098
0.73403,-2.1322,-5.1292
0.70149,-2.0839,-5.1461
0.54369,-2.0416,-5.1504
0.37804,-2.0003,-5.1446
0.14507,-1.9525,-5.1284
-0.072931,-1.9061,-5.1026
-0.23821,-1.8546,-5.0674
-0.4106,-1.8004,-5.0225
-0.48165,-1.7545,-4.9702
-0.54634,-1.7007,-4.9118
-0.57102,-1.639,-4.8449
-0.56279,-1.5735,-4.7692
-0.59345,-1.504,-4.6848
-0.6286,-1.4435,-4.5929
-0.66899,-1.3732,-4.4954
-0.66787,-1.2923,-4.3895
-0.72471,-1.225,-4.2761
-0.79762,-1.1536,-4.157
-0.77556,-1.0838,-4.0329
-0.83689,-1.0093,-3.9049
-0.83539,-0.9306,-3.7705
-0.80398,-0.87021,-3.6332
-0.92215,-0.78212,-3.4926
-0.9012,-0.69265,-3.3428
-0.81445,-0.63711,-3.1909
-0.78416,-0.54836,-3.038
-0.75275,-0.45262,-2.8771
-0.70377,-0.38092,-2.7132
-0.59607,-0.27826,-2.5445
-0.49062,-0.17532,-2.3674
-0.33731,-0.059833,-2.183
-0.18736,0.030402,-1.9923
-0.084523,0.13787,-1.8
0.011953,0.24917,-1.5994
0.03065,0.33729,-1.4012
0.049346,0.49064,-1.1954
0.10319,0.53964,-0.98906
0.11254,0.71202,-0.78089
0.1189,0.76213,-0.56297
0.129,0.90551,-0.35811
0.11516,1.0521,-0.1214
0.12563,0.28514,0.010195
0.21051,-0.036529,-0.011607
0.30998,0.12449,-0.010355
0.38253,0.0047134,-0.0071678
0.44759,0.060476,-0.01076
0.43413,0.022971,-0.0061856
0.42104,0.025862,-0.0097585
0.3986,0.031931,-0.0060281
0.31073,0.0052533,-0.007824
0.28231,0.029134,-0.006553
0.16826,0.0077539,-0.0058481
0.058321,0.014528,-0.0060244
0.026162,0.0063067,-0.0046896
-0.084897,0.0098421,-0.0051358
-0.09462,0.0048034,-0.004416
-0.085271,0.0032513,-0.0040373
-0.074053,0.009291,-0.0033624
-0.041521,0.0030189,-0.0033399
-0.038903,0.012114,-0.0022564
0.032893,0.0094747,-0.00072678
0.044859,0.0039299,-0.00017565
0.096837,0.010521,0.0010128
0.15368,0.0027714,0.0021301
0.15667,-0.0012438,0.0024263
0.18135,0.0010356,0.0033973
0.14582,-0.0018998,0.0035135
0.1361,0.0095009,0.004687
0.099454,-0.006781,0.0049382
0.04972,0.0082862,0.0050769
0.029528,-0.002406,0.0066366
0.01644,-0.0036731,0.0050169
0.024293,0.0066517,0.0079863
0.020553,-0.018257,0.0055081
0.043737,0.027226,0.0082337
0.10843,-0.03578,0.0074164
0.14769,0.03781,0.0067416
0.19219,-0.034816,0.011454
0.25539,0.013812,0.0027787
0.21201,0.018555,0.017963
0.24155,-0.11639,-0.008555
0.17649,1.3491,0.10131
0.14657,2.2647,0.47764
0.3111,1.8548,0.84122
0.15629,1.9746,1.1742
0.27483,1.9369,1.5091
0.39786,1.9596,1.8064
0.21126,2.023,2.0994
0.4517,2.0174,2.3681
0.46704,2.1034,2.6287
0.44049,2.1035,2.8747
0.65849,2.177,3.1081
0.66934,2.1861,3.3321
0.74375,2.2048,3.5378
0.81816,2.2492,3.7346
0.8836,2.2711,3.9214
0.83013,2.2944,4.0988
0.78451,2.2953,4.2623
0.8234,2.3013,4.4116
0.71383,2.2946,4.5482
0.70149,2.279,4.6696
0.63456,2.2552,4.7754
0.59156,2.2269,4.8657
0.6282,2.201,4.9411
0.62932,2.1751,5.0042
0.74487,2.1571,5.0566
0.73478,2.1178,5.097
0.70037,2.0688,5.1239
0.657,2.0298,5.1375
0.46554,1.9786,5.1385
0.28493,1.9377,5.1285
0.083749,1.8928,5.1095
-0.10958,1.8364,5.0807
-0.30216,1.7868,5.0415
-0.4521,1.7367,4.994
-0.52241,1.6878,4.9404
-0.59682,1.629,4.8793
-0.61851,1.5672,4.8092
-0.61626,1.5013,4.731
-0.67235,1.4317,4.644
-0.67609,1.3729,4.5497
-0.71984,1.3031,4.4502
-0.89859,1.2263,4.3431
-0.97824,1.1499,4.2277
-0.91953,1.0756,4.105
-0.77145,1.0087,3.9787
-0.6488,0.93347,3.8481
-0.64805,0.87308,3.7121
-0.6488,0.80677,3.5748
-0.67609,0.70958,3.4307
-0.7176,0.63633,3.2791
-0.69442,0.57651,3.128
-0.71835,0.48115,2.9729
-0.76472,0.39847,2.8104
-0.74527,0.32204,2.6466
-0.69404,0.21235,2.4755
-0.57251,0.11403,2.2962
-0.34404,0.0057331,2.1099
-0.11818,-0.08049,1.9195
0.016814,-0.20029,1.7256
0.075148,-0.29112,1.525
0.035137,-0.39766,1.327
-0.019084,-0.53599,1.1185
-0.0041267,-0.59571,0.91371
0.032519,-0.77183,0.70034
0.083749,-0.78005,0.4868
0.15143,-1.0131,0.27484
0.20341,-0.94556,0.043956
0.28119,-0.12819,-0.038507
0.38701,-0.03602,-0.01052
0.40721,-0.12628,-0.020121
0.42291,-0.023288,-0.017174
0.40459,-0.083385,-0.017508
0.29278,-0.029905,-0.019458
0.23071,-0.058157,-0.017287
0.10955,-0.03954,-0.020204
0.04972,-0.035131,-0.017943
0.096463,-0.045973,-0.020342
0.075896,-0.026565,-0.019746
0.14807,-0.039439,-0.020215
0.1806,-0.028,-0.020946
0.11516,-0.030021,-0.020841
0.074026,-0.027108,-0.021696
-0.015345,-0.027434,-0.021681
-0.06807,-0.025927,-0.022341
-0.094994,-0.025549,-0.022487
-0.11743,-0.03079,-0.023492
-0.082654,-0.028079,-0.025033
-0.040399,-0.025837,-0.025711
0.019805,-0.029935,-0.026997
0.079635,-0.025968,-0.027904
0.15143,-0.023307,-0.028283
0.20864,-0.02105,-0.029018
0.21313,-0.021818,-0.028988
0.19705,-0.022467,-0.030356
0.12974,-0.017061,-0.029528
0.065426,-0.031824,-0.030938
0.020553,-0.008813,-0.031387
0.017562,-0.034764,-0.030915
0.088984,-0.010024,-0.033266
0.13049,-0.015704,-0.030251
0.16265,-0.03043,-0.034844
0.20864,0.013839,-0.03057
0.1892,-0.065356,-0.035077
0.21238,0.048517,-0.032752
0.18396,-0.09934,-0.031897
0.13984,0.083709,-0.039493
0.13535,-0.19569,-0.02023
-0.0093619,-1.8237,-0.22884
0.11292,-2.1077,-0.63115
0.13498,-1.8232,-0.97241
0.095341,-2.0042,-1.313
0.52051,-1.9071,-1.6334
0.54257,-2.003,-1.9279
0.61362,-2.0082,-2.215
0.83574,-2.0501,-2.4786
0.5594,-2.1051,-2.7365
0.57922,-2.1232,-2.9764
0.62484,-2.191,-3.2088
0.58483,-2.1848,-3.4264
0.70075,-2.2271,-3.6287
0.74076,-2.2584,-3.8235
0.81368,-2.2858,-4.0077
0.74188,-2.2979,-4.1814
0.81143,-2.295,-4.3399
0.79872,-2.3029,-4.4856
0.69888,-2.2896,-4.6177
0.75534,-2.2759,-4.7344
0.62895,-2.2503,-4.8365
0.63344,-2.214,-4.9213
0.59904,-2.1962,-4.9916
0.60988,-2.1805,-5.0521
0.7258,-2.1523,-5.1019
0.68654,-2.1133,-5.1389
0.71346,-2.0641,-5.1618
0.58258,-2.0169,-5.1711
0.40982,-1.9744,-5.1692
0.2165,-1.9293,-5.1571
-0.017589,-1.8799,-5.1351
-0.1638,-1.8287,-5.1035
-0.3833,-1.7794,-5.0625
-0.48277,-1.7301,-5.0134
-0.54596,-1.681,-4.9577
-0.60093,-1.6226,-4.8951
-0.59644,-1.5535,-4.8232
-0.61514,-1.4882,-4.7422
-0.5871,-1.4197,-4.6532
-0.60018,-1.352,-4.5564
-0.60093,-1.2888,-4.4537
-0.6574,-1.2194,-4.3456
-0.7606,-1.1392,-4.2295
-0.76808,-1.0657,-4.1059
-0.79688,-0.9995,-3.9789
-0.81482,-0.92276,-3.8466
-0.77594,-0.86389,-3.7103
-0.75163,-0.78857,-3.5721
-0.75799,-0.6876,-3.4251
-0.74714,-0.62592,-3.2729
-0.70339,-0.5594,-3.1215
-0.69143,-0.45726,-2.9633
-0.64992,-0.38406,-2.7994
-0.53475,-0.29609,-2.6333
-0.47678,-0.1868,-2.4586
-0.39826,-0.085162,-2.2767
-0.24307,0.019777,-2.0871
-0.13987,0.10608,-1.8952
-0.028433,0.2296,-1.6972
0.067295,0.30524,-1.4961
0.13834,0.44528,-1.2948
0.19593,0.53968,-1.0849
0.17574,0.63832,-0.88078
0.16527,0.78725,-0.66118
0.13124,0.79493,-0.45375
0.10768,1.0923,-0.22901
0.14881,0.69721,-0.022982
0.18509,-0.027948,0.0043158
0.25838,0.088954,-0.016335
0.30774,0.061935,-0.0042697
0.37019,0.023192,-0.011352
0.39711,0.054137,-0.0063918
0.35373,0.0026852,-0.0081501
0.37953,0.044873,-0.007434
0.3126,0.0079863,-0.0058369
0.24005,0.021363,-0.0072578
0.17723,0.014753,-0.0051695
0.06206,0.010899,-0.0060843
0.03738,0.015154,-0.0047609
-0.014971,0.0047097,-0.0048734
-0.017589,0.012283,-0.004371
-0.0048746,0.0060218,-0.0038461
-0.010484,0.0070416,-0.0033962
0.015318,0.0010656,-0.0028376
-0.029928,0.0064192,-0.0026614
0.017562,0.012155,-0.0010717
0.05346,0.0049871,-2.5687e-05
0.056077,0.0077051,0.00074289
0.13049,0.0084699,0.0023175
0.14096,0.0010469,0.0027524
0.1806,0.0064417,0.0032511
0.19369,-0.00059518,0.0041321
0.17686,0.0046084,0.0041396
0.1791,0.0032888,0.0055756
0.14208,-0.0044079,0.004822
0.126,0.010228,0.0063067
0.089732,-0.01841,0.0059542
0.054208,0.014146,0.0062542
0.044859,-0.013837,0.007915
0.033267,0.0051033,0.0057555
0.055329,0.0031538,0.010142
0.11404,-0.023205,0.0051369
0.15031,0.040127,0.011244
0.2165,-0.070196,0.0058867
0.215,0.094532,0.0096922
0.17536,-0.15296,0.010798
0.18396,0.36386,0.003596
0.10693,2.0138,0.25156
0.2408,2.0806,0.65258
0.22958,1.84,0.98663
0.13834,1.9903,1.328
0.39113,1.8926,1.6428
0.27296,1.9972,1.9377
0.28455,1.9861,2.2214
0.52761,2.0439,2.4844
0.44535,2.0796,2.7409
0.55828,2.1068,2.9795
0.64765,2.1619,3.2108
0.6742,2.1539,3.4249
0.74749,2.1955,3.6265
0.78526,2.2223,3.8201
0.85668,2.2518,4.0027
0.78563,2.2574,4.1743
0.80732,2.2542,4.3305
0.75347,2.2555,4.4741
0.66634,2.2402,4.6038
0.68654,2.2182,4.7173
0.58707,2.1876,4.8156
0.5938,2.1606,4.8984
0.55603,2.1386,4.9672
0.58557,2.1151,5.0254
0.67495,2.0832,5.0724
0.60726,2.0416,5.106
0.62484,1.9934,5.1264
0.52313,1.9454,5.1335
0.35485,1.9045,5.1295
0.17499,1.8621,5.1164
-0.050869,1.8063,5.0928
-0.21241,1.751,5.0588
-0.40611,1.7004,5.0164
-0.50296,1.6505,4.9662
-0.56578,1.6025,4.9088
-0.61626,1.54,4.844
-0.62599,1.4752,4.7701
-0.62187,1.4099,4.6873
-0.61065,1.3433,4.5969
-0.66151,1.2862,4.5007
-0.65216,1.2142,4.3977
-0.68208,1.1337,4.2863
-0.73293,1.0602,4.1671
-0.71723,0.99697,4.043
-0.75649,0.92762,3.9153
-0.75574,0.85621,3.7816
-0.71648,0.79689,3.6452
-0.7176,0.70719,3.5045
-0.72583,0.62372,3.3554
-0.6989,0.5717,3.2046
-0.67011,0.48533,3.0523
-0.67722,0.39548,2.892
-0.62075,0.33045,2.7287
-0.5254,0.22745,2.5613
-0.45397,0.12777,2.3846
-0.32497,0.022169,2.2014
-0.19857,-0.071313,2.0112
-0.10546,-0.16425,1.8193
0.023545,-0.28443,1.6199
0.10432,-0.35568,1.4206
0.13647,-0.5101,1.2164
0.17312,-0.57265,1.007
0.18696,-0.70854,0.80044
0.15442,-0.80287,0.57967
0.11254,-0.86908,0.37468
0.10432,-1.1127,0.14069
0.13236,-0.47882,-0.0266
0.20752,0.036842,-0.020207
0.24005,-0.14001,-0.011956
0.27558,-0.045606,-0.019773
0.33915,-0.067253,-0.013586
0.30774,-0.057873,-0.019154
0.31709,-0.034902,-0.015427
0.32793,-0.059185,-0.018382
0.2666,-0.024274,-0.017632
0.23482,-0.04979,-0.017744
0.13797,-0.028398,-0.019214
0.066922,-0.03596,-0.018254
0.036633,-0.034659,-0.019784
-0.026189,-0.02661,-0.019323
-0.03292,-0.029747,-0.020099
-0.041521,-0.025852,-0.02038
-0.045634,-0.027108,-0.020834
-0.047504,-0.022186,-0.0211
-0.041147,-0.030587,-0.021475
0.003352,-0.029388,-0.023229
0.031771,-0.024604,-0.024122
0.084497,-0.030733,-0.025021
0.13236,-0.025185,-0.026476
0.16714,-0.01925,-0.026592
0.19817,-0.025342,-0.027357
0.19182,-0.016195,-0.027661
0.19705,-0.02412,-0.028163
0.1907,-0.015434,-0.02901
0.16863,-0.020356,-0.028411
0.12638,-0.023558,-0.030488
0.093097,-0.010493,-0.028913
0.080757,-0.033358,-0.031091
0.057199,0.0036899,-0.030128
0.058695,-0.041189,-0.030668
0.093097,0.0055569,-0.032895
0.1275,-0.031465,-0.028759
0.1619,-0.018624,-0.036224
0.22472,0.017734,-0.026375
0.18733,-0.099494,-0.039546
0.19369,0.1723,-0.022356
0.14433,-0.9055,-0.070566
0.075896,-2.1891,-0.40502
0.23183,-1.8885,-0.78968
0.10805,-1.9052,-1.1192
0.23594,-1.9541,-1.46
0.51789,-1.9083,-1.7621
0.39,-2.0049,-2.0564
0.63344,-1.979,-2.331
0.66261,-2.0653,-2.5922
0.49284,-2.0741,-2.8431
0.64241,-2.1293,-3.0789
0.62858,-2.151,-3.3066
0.70897,-2.1586,-3.5155
0.77105,-2.2081,-3.7156
0.8219,-2.2262,-3.9064
0.81704,-2.2496,-4.0868
0.74749,-2.245,-4.2537
0.80433,-2.249,-4.406
0.65737,-2.2441,-4.5461
0.65139,-2.227,-4.6711
0.63381,-2.2056,-4.7814
0.51602,-2.1677,-4.8752
0.54444,-2.1408,-4.953
0.49508,-2.1258,-5.0193
0.57548,-2.1028,-5.0755
0.63007,-2.0628,-5.1194
0.6024,-2.0185,-5.1496
0.568,-1.9737,-5.1662
0.3915,-1.9265,-5.1706
0.24753,-1.8849,-5.1649
0.06393,-1.8384,-5.1492
-0.12753,-1.7861,-5.1232
-0.29393,-1.738,-5.0878
-0.42219,-1.6891,-5.044
-0.46145,-1.6381,-4.9925
-0.54447,-1.585,-4.9341
-0.56242,-1.5203,-4.8674
-0.56017,-1.4539,-4.791
-0.56503,-1.3906,-4.7064
-0.57438,-1.3234,-4.6138
-0.60878,-1.2607,-4.5145
-0.6129,-1.1975,-4.41
-0.6832,-1.1202,-4.2984
-0.7019,-1.0432,-4.1785
-0.67385,-0.98218,-4.0536
-0.67909,-0.90789,-3.9244
-0.6559,-0.84136,-3.7897
-0.61178,-0.78172,-3.6536
-0.59233,-0.68638,-3.5109
-0.62599,-0.61495,-3.3599
-0.60131,-0.55938,-3.2092
-0.58934,-0.46351,-3.0549
-0.61178,-0.38365,-2.8923
-0.52652,-0.3143,-2.7279
-0.43191,-0.20222,-2.5569
-0.37133,-0.10366,-2.377
-0.2442,0.0033825,-2.1906
-0.10808,0.088736,-1.9983
-0.00038735,0.19597,-1.8038
0.10544,0.30072,-1.6013
0.15293,0.3831,-1.4011
0.18733,0.52912,-1.1931
0.21276,0.5849,-0.98575
0.16751,0.75623,-0.77394
0.1346,0.78297,-0.55529
0.13386,0.9477,-0.34743
0.12264,1.0445,-0.1081
0.13573,0.24084,0.012399
0.20117,-0.027929,-0.012529
0.25239,0.12253,-0.0085325
0.28044,0.0042335,-0.0069167
0.31222,0.065391,-0.0092861
0.28268,0.021558,-0.0053795
0.27894,0.029367,-0.0088025
0.26025,0.030443,-0.0049071
0.19705,0.00817,-0.0070966
0.17723,0.028745,-0.0054132
0.096089,0.006363,-0.0049896
0.059069,0.018514,-0.005177
0.041494,0.0082487,-0.0040298
-0.011232,0.0060443,-0.0043785
0.003726,0.0094297,-0.0034599
-0.016841,0.0079301,-0.0029425
-0.01011,0.0068429,-0.0023389
-0.0011352,0.0029889,-0.0023614
-0.016093,0.01232,-0.0012142
0.051964,0.0084137,0.00029674
0.081879,0.00097565,0.0009341
0.126,0.0093959,0.00231
0.18995,-7.4069e-05,0.0033711
0.21986,-7.7818e-05,0.003446
0.24679,0.0054407,0.0045408
0.22435,0.00033082,0.0046083
0.23594,0.0082075,0.0057705
0.23445,-0.0072872,0.0056918
0.17387,0.0088261,0.005973
0.14171,-0.010852,0.0074614
0.11703,-0.0017949,0.0059767
0.084123,0.0033713,0.0089686
0.085618,-0.017222,0.006018
0.094219,0.024373,0.009291
0.12862,-0.040586,0.0078738
0.15592,0.042755,0.0083574
0.16676,-0.045647,0.011319
0.19443,0.030203,0.0041434
0.14059,-0.0083669,0.018619
0.1447,-0.061929,-0.0084801
0.079261,1.4805,0.12471
0.126,2.2374,0.51056
0.27184,1.82,0.86774
0.10058,1.9587,1.2024
0.28717,1.8992,1.5342
0.37093,1.9323,1.8311
0.19406,1.9777,2.1238
0.47713,1.9835,2.3921
0.4517,2.0588,2.6534
0.4345,2.0571,2.8991
0.59567,2.1233,3.134
0.56837,2.1207,3.3574
0.69402,2.1464,3.5632
0.74712,2.1854,3.7618
0.82452,2.2035,3.9499
0.78526,2.2169,4.1276
0.74599,2.2069,4.2908
0.77703,2.2114,4.4404
0.63568,2.1956,4.5772
0.66335,2.1703,4.6978
0.57548,2.1493,4.8034
0.51677,2.1174,4.8939
0.54444,2.0888,4.9689
0.48835,2.064,5.0325
0.59567,2.0339,5.0853
0.59941,1.9959,5.1252
0.59118,1.9532,5.1521
0.52612,1.9067,5.1654
0.35037,1.8539,5.1666
0.20677,1.8132,5.1582
-0.0097358,1.769,5.14
-0.15258,1.7161,5.1109
-0.31225,1.6677,5.0723
-0.45098,1.6175,5.0261
-0.48539,1.5697,4.9725
-0.52241,1.5107,4.9117
-0.54335,1.4477,4.8421
-0.55045,1.3841,4.7634
-0.5325,1.3193,4.676
-0.58485,1.2623,4.5825
-0.6215,1.1938,4.4832
-0.64244,1.1161,4.3752
-0.71311,1.0364,4.2591
-0.72022,0.97545,4.1369
-0.71611,0.91659,4.0111
-0.71237,0.83828,3.88
-0.67946,0.78171,3.7442
-0.61065,0.7097,3.6062
-0.60654,0.62155,3.4601
-0.63496,0.56221,3.3092
-0.58971,0.4954,3.1583
-0.58635,0.40293,3.0012
-0.57625,0.32668,2.838
-0.48314,0.24803,2.6726
-0.39153,0.14151,2.4983
-0.32048,0.046969,2.3169
-0.19409,-0.056163,2.1287
-0.092002,-0.13475,1.9361
0.0011084,-0.2504,1.7398
0.10843,-0.33778,1.5375
0.1462,-0.44892,1.3369
0.17387,-0.57588,1.1256
0.16041,-0.63019,0.91902
0.13423,-0.80487,0.70204
0.097211,-0.79933,0.48702
0.071409,-1.038,0.27297
0.10132,-0.9341,0.041211
0.14807,-0.10548,-0.036179
0.23893,-0.042925,-0.0080152
0.27932,-0.12266,-0.018314
0.29577,-0.025024,-0.014602
0.2868,-0.088322,-0.015652
0.24679,-0.027835,-0.016998
0.27745,-0.05671,-0.015064
0.22585,-0.03762,-0.01807
0.18022,-0.035382,-0.015851
0.16415,-0.043937,-0.018187
0.048599,-0.025249,-0.017549
0.024667,-0.03828,-0.018445
0.026536,-0.024308,-0.018764
0.022423,-0.030186,-0.018595
0.036633,-0.031899,-0.019596
0.0014823,-0.028585,-0.019656
0.014196,-0.022594,-0.020312
0.0011084,-0.025001,-0.020474
0.026536,-0.033227,-0.021838
0.080009,-0.026583,-0.022881
0.079635,-0.027269,-0.023608
0.15966,-0.029954,-0.025224
0.19593,-0.02027,-0.025584
0.21126,-0.022906,-0.026161
0.23669,-0.017271,-0.02711
0.21276,-0.020412,-0.02708
0.21949,-0.021338,-0.028291
0.19481,-0.01251,-0.027627
0.15068,-0.028529,-0.029153
0.13685,-0.0041492,-0.028838
0.10581,-0.032822,-0.029029
0.071035,-0.0069872,-0.030821
0.08674,-0.020229,-0.028268
0.10619,-0.024345,-0.032996
0.12787,0.0086161,-0.027916
0.1533,-0.059061,-0.033551
0.20042,0.052888,-0.029483
0.18209,-0.10582,-0.03135
0.13647,0.1164,-0.035287
0.11591,-0.29957,-0.022517
-0.002631,-1.9192,-0.25555
0.1361,-2.0613,-0.65875
0.13199,-1.8135,-0.99604
0.069165,-1.9761,-1.3377
0.44385,-1.872,-1.6551
0.4173,-1.9679,-1.9503
0.49321,-1.9572,-2.2358
0.71271,-2.0075,-2.4995
0.48685,-2.049,-2.7577
0.57585,-2.0691,-2.9982
0.63942,-2.1216,-3.2314
0.61586,-2.1114,-3.4483
0.72393,-2.1565,-3.6517
0.75796,-2.179,-3.8481
0.80807,-2.2009,-4.0337
0.70523,-2.2043,-4.2077
0.73403,-2.1987,-4.3662
0.69589,-2.1997,-4.5122
0.5953,-2.1806,-4.6443
0.62334,-2.1611,-4.7611
0.50518,-2.1299,-4.8625
0.50406,-2.097,-4.9478
0.49097,-2.0761,-5.0197
0.50032,-2.0569,-5.0813
0.60128,-2.0236,-5.1321
0.59081,-1.9778,-5.169
0.57024,-1.9293,-5.1914
0.44535,-1.8829,-5.2009
0.30138,-1.8432,-5.1997
0.14059,-1.7991,-5.1889
-0.048251,-1.7487,-5.1682
-0.18137,-1.699,-5.1375
-0.33805,-1.6493,-5.098
-0.41209,-1.6028,-5.0508
-0.46071,-1.5526,-4.9966
-0.50894,-1.4898,-4.9341
-0.51567,-1.4256,-4.8621
-0.51044,-1.3609,-4.7814
-0.53961,-1.2938,-4.6922
-0.59196,-1.2366,-4.5957
-0.58485,-1.1759,-4.4941
-0.64992,-1.1021,-4.3859
-0.68469,-1.0259,-4.2695
-0.65927,-0.96245,-4.1469
-0.67647,-0.89565,-4.0201
-0.66375,-0.82522,-3.8871
-0.61701,-0.76903,-3.7516
-0.57513,-0.68336,-3.6123
-0.60131,-0.59773,-3.4633
-0.58635,-0.54606,-3.3119
-0.54596,-0.46968,-3.1598
-0.5497,-0.3783,-2.9997
-0.50259,-0.31373,-2.8355
-0.40873,-0.2177,-2.6679
-0.32609,-0.11534,-2.4899
-0.22849,-0.022819,-2.3053
-0.093872,0.083308,-2.1136
-0.0063704,0.16315,-1.9191
0.080383,0.28162,-1.7189
0.1533,0.3528,-1.5158
0.16788,0.48759,-1.3126
0.16938,0.5823,-1.1
0.16115,0.67315,-0.89301
0.13834,0.81539,-0.67095
0.10357,0.8185,-0.46082
0.11703,1.1085,-0.23364
0.129,0.71055,-0.023672
0.18658,-0.02313,0.0056431
0.26922,0.090911,-0.015978
0.2509,0.066497,-0.0034974
0.28867,0.024849,-0.010355
0.28979,0.057278,-0.0057882
0.24118,0.006453,-0.0076102
0.26137,0.045188,-0.0067329
0.2049,0.009216,-0.0052258
0.17686,0.025892,-0.0067329
0.13086,0.01581,-0.004356
0.052712,0.0080275,-0.0053158
0.061312,0.014937,-0.0038198
0.034763,0.0056057,-0.0040785
0.033267,0.013107,-0.0036099
0.048972,0.00805,-0.0027888
0.04112,0.0090323,-0.0026838
0.040746,0.0047059,-0.0021927
0.023171,0.0048896,-0.0018665
0.04972,0.0072215,-0.00044559
0.080383,0.0079376,0.00061542
0.10805,0.0075064,0.0014102
0.16751,0.0075664,0.0028424
0.20266,-0.00048271,0.0036372
0.23108,0.0017929,0.003776
0.23482,0.0052795,0.0049495
0.23931,-0.0048016,0.0048857
0.22585,0.0036449,0.0058155
0.17948,-0.0051127,0.0060555
0.15143,0.011252,0.0063704
0.10132,-0.0078458,0.0074502
0.085618,-3.283e-05,0.0061417
0.067669,0.0057219,0.009261
0.069539,-0.016382,0.0065916
0.10058,0.027631,0.0097334
0.13311,-0.03867,0.0078813
0.17873,0.041255,0.0083724
0.17574,-0.042333,0.011754
0.16863,0.027481,0.0042709
0.11067,-0.0038531,0.018975
0.097211,-0.071763,-0.0081089
0.025414,1.4481,0.12138
0.063556,2.2159,0.50508
0.22809,1.7967,0.86184
0.096837,1.9317,1.1942
0.26025,1.8708,1.5245
0.36084,1.9026,1.8208
0.20154,1.9437,2.1127
0.45133,1.9393,2.3796
0.45245,2.0155,2.6397
0.41207,2.0119,2.8854
0.56351,2.0637,3.1193
0.55865,2.0568,3.3392
0.61661,2.092,3.5443
0.67083,2.1255,3.7443
0.76095,2.1303,3.9316
0.72842,2.1381,4.1068
0.69514,2.1286,4.2672
0.69252,2.1267,4.4145
0.57884,2.1031,4.5472
0.57099,2.0772,4.6635
0.48685,2.0459,4.7653
0.43936,2.0107,4.8504
0.44946,1.9942,4.9227
0.4532,1.9707,4.985
0.54369,1.9305,5.0356
0.56239,1.8856,5.0726
0.55454,1.8385,5.0948
0.48349,1.7956,5.1047
0.35186,1.7513,5.104
0.18696,1.7087,5.0933
-0.0041267,1.6578,5.073
-0.15034,1.6004,5.0417
-0.33357,1.5577,5.0018
-0.40873,1.5154,4.9551
-0.45659,1.4621,4.9011
-0.53699,1.402,4.8382
-0.50146,1.3382,4.7658
-0.49586,1.2727,4.6849
-0.51493,1.2163,4.5964
-0.54335,1.1521,4.5022
-0.55082,1.0805,4.4005
-0.58523,1.0091,4.2898
-0.67834,0.93767,4.1716
-0.66861,0.88499,4.0493
-0.6559,0.81498,3.9226
-0.64319,0.75003,3.7896
-0.58373,0.69064,3.6543
-0.54708,0.60051,3.5128
-0.53325,0.53612,3.3639
-0.52315,0.48082,3.2145
-0.47678,0.39354,3.0616
-0.48352,0.31702,2.901
-0.49286,0.24823,2.7377
-0.39751,0.14213,2.5686
-0.33469,0.054253,2.3902
-0.28047,-0.047975,2.2053
-0.15669,-0.13763,2.0136
-0.042268,-0.22341,1.8202
0.048225,-0.33441,1.6188
0.129,-0.41064,1.4182
0.18022,-0.55883,1.2113
0.20304,-0.6105,1.0014
0.19219,-0.75642,0.79162
0.14208,-0.82079,0.56969
0.11516,-0.9135,0.36304
0.099454,-1.1089,0.12479
0.12675,-0.39856,-0.028208
0.19032,0.030983,-0.013819
0.20229,-0.1464,-0.01001
0.25501,-0.033253,-0.015735
0.27483,-0.070754,-0.010478
0.23108,-0.050712,-0.015866
0.24342,-0.035795,-0.012038
0.23669,-0.054142,-0.015154
0.19892,-0.02427,-0.013928
0.17349,-0.046918,-0.014674
0.11927,-0.026745,-0.015577
0.046729,-0.034464,-0.014944
0.024667,-0.028038,-0.016372
0.05159,-0.024791,-0.015922
0.034763,-0.031401,-0.016683
0.010831,-0.026325,-0.017171
0.03738,-0.022797,-0.017733
0.027284,-0.021642,-0.017594
0.013822,-0.025837,-0.018333
0.05159,-0.025312,-0.019536
0.074026,-0.024761,-0.020522
0.079261,-0.023584,-0.021617
0.13124,-0.022898,-0.022701
0.17686,-0.015119,-0.023293
0.18733,-0.021159,-0.023563
0.20229,-0.016483,-0.024496
0.20229,-0.016566,-0.024384
0.20079,-0.021297,-0.025719
0.17686,-0.011137,-0.02537
0.14246,-0.025642,-0.026465
0.12787,-0.0028783,-0.026427
0.088984,-0.029418,-0.026495
0.077018,-0.0043292,-0.028343
0.084871,-0.016045,-0.025621
0.10357,-0.02541,-0.030229
0.16751,0.012748,-0.025606
0.1634,-0.058499,-0.030855
0.18509,0.051797,-0.027233
0.17125,-0.10256,-0.028501
0.13423,0.1079,-0.033498
0.13685,-0.26474,-0.018415
-0.016467,-1.8853,-0.24289
0.095341,-2.0636,-0.64402
0.13236,-1.7895,-0.98076
0.065426,-1.9504,-1.3201
0.41207,-1.8459,-1.6374
0.40122,-1.9327,-1.9316
0.45507,-1.9203,-2.2162
0.67382,-1.9641,-2.4789
0.46666,-2.0096,-2.7369
0.51191,-2.0186,-2.9776
0.57062,-2.0554,-3.2079
0.54893,-2.0531,-3.422
0.65662,-2.1058,-3.6266
0.68467,-2.1206,-3.8243
0.73926,-2.13,-4.0082
0.67644,-2.127,-4.1793
0.66485,-2.1194,-4.3355
0.61848,-2.1149,-4.4789
0.51789,-2.0924,-4.6079
0.52163,-2.0645,-4.7211
0.43824,-2.0265,-4.8175
0.42179,-2.0014,-4.8985
0.40122,-1.9849,-4.9687
0.43787,-1.9565,-5.0286
0.53621,-1.9167,-5.0755
0.5235,-1.8709,-5.1086
0.5164,-1.8216,-5.1275
0.42067,-1.778,-5.1341
0.28455,-1.7383,-5.1313
0.12264,-1.6906,-5.1182
-0.050869,-1.6407,-5.0948
-0.17128,-1.5938,-5.0621
-0.32721,-1.5457,-5.0208
-0.38405,-1.4997,-4.9723
-0.40536,-1.4461,-4.9161
-0.46744,-1.3816,-4.8505
-0.47043,-1.3199,-4.7761
-0.45248,-1.255,-4.693
-0.47566,-1.193,-4.6016
-0.51792,-1.1386,-4.5046
-0.52951,-1.0752,-4.402
-0.57513,-0.99809,-4.2911
-0.61888,-0.93035,-4.172
-0.59831,-0.87389,-4.0489
-0.58298,-0.80182,-3.9204
-0.57737,-0.74234,-3.7871
-0.51007,-0.67383,-3.6519
-0.4551,-0.58133,-3.508
-0.48127,-0.52362,-3.3577
-0.46893,-0.46522,-3.2079
-0.43677,-0.37187,-3.0519
-0.44463,-0.30035,-2.8891
-0.41508,-0.22617,-2.7247
-0.33057,-0.11706,-2.5512
-0.26102,-0.030696,-2.3697
-0.17651,0.071382,-2.1819
-0.05573,0.15226,-1.9888
0.034763,0.25911,-1.7926
0.11516,0.34759,-1.5892
0.1705,0.44014,-1.3883
0.19556,0.57931,-1.1778
0.20827,0.62698,-0.97002
0.18135,0.79841,-0.75477
0.13311,0.80287,-0.53643
0.11404,1.0059,-0.32373
0.10432,0.9999,-0.085113
0.12675,0.15812,0.013981
0.18621,-1.0336e-05,-0.014051
0.20827,0.12081,-0.0059681
0.24492,0.0063405,-0.0072203
0.25763,0.070156,-0.0080601
0.23445,0.013614,-0.0051133
0.23856,0.034282,-0.0078389
0.21089,0.025404,-0.0040748
0.1963,0.013542,-0.0064218
0.17013,0.024756,-0.0045584
0.10207,0.0023628,-0.0046409
0.080383,0.019934,-0.0042697
0.077018,0.0091522,-0.0033512
0.0658,0.011612,-0.0036286
0.065426,0.0093022,-0.0026276
0.081505,0.0060781,-0.0023352
0.085992,0.0058569,-0.0018178
0.058321,0.001448,-0.0016416
0.04112,0.008095,-0.00058431
0.080757,0.0081887,0.00061167
0.094219,0.0046384,0.0014215
0.10058,0.0087099,0.0030261
0.17761,0.0037424,0.0040946
0.20079,0.0017367,0.0039672
0.19967,0.0051858,0.0050769
0.21164,-0.00082762,0.0052606
0.2049,0.0057856,0.0061754
0.19556,-0.00608,0.0065803
0.16041,0.0077689,0.0065091
0.1462,-0.0053339,0.0079525
0.12039,0.00027084,0.0066628
0.072905,0.0086761,0.0094597
0.094219,-0.01958,0.006854
0.097211,0.028921,0.0098084
0.11441,-0.035082,0.009096
0.15517,0.03634,0.0082075
0.14507,-0.033905,0.012946
0.16975,0.013197,0.0042484
0.13872,0.020763,0.019579
0.12189,-0.11782,-0.006703
0.058695,1.3267,0.10128
0.078514,2.2344,0.47641
0.23706,1.8111,0.84008
0.11591,1.9161,1.1719
0.24342,1.8765,1.5067
0.35747,1.8831,1.8052
0.15966,1.9343,2.0998
0.37579,1.9219,2.3704
0.41618,1.995,2.6325
0.33728,1.9933,2.8814
0.50892,2.0497,3.1182
0.53023,2.0338,3.343
0.60203,2.0572,3.5506
0.66747,2.0964,3.7524
0.70561,2.1043,3.9433
0.68803,2.1179,4.1224
0.65101,2.1027,4.2869
0.65587,2.0999,4.4379
0.55528,2.0829,4.5756
0.54407,2.0572,4.697
0.46891,2.0266,4.8036
0.40982,1.9919,4.8948
0.42665,1.9683,4.9712
0.40945,1.9468,5.0364
0.49845,1.9163,5.0906
0.51752,1.8706,5.1314
0.52799,1.8241,5.159
0.46965,1.7744,5.1731
0.31484,1.7253,5.1754
0.18434,1.6929,5.1684
0.0044739,1.647,5.1514
-0.1279,1.5864,5.1234
-0.27523,1.5397,5.0859
-0.37133,1.4969,5.041
-0.41733,1.4473,4.9889
-0.46183,1.3928,4.9285
-0.45771,1.3313,4.8592
-0.46407,1.2647,4.7806
-0.44313,1.2071,4.6935
-0.51193,1.1501,4.6007
-0.52727,1.0808,4.501
-0.52091,1.0115,4.3926
-0.61851,0.94156,4.2766
-0.59906,0.88336,4.1552
-0.59233,0.81924,4.0302
-0.58074,0.74765,3.8983
-0.51829,0.69783,3.7637
-0.48838,0.61534,3.6255
-0.47604,0.52826,3.4776
-0.48127,0.4839,3.3277
-0.4349,0.4169,3.1765
-0.45098,0.32525,3.0177
-0.46332,0.25958,2.8535
-0.37358,0.17275,2.6865
-0.313,0.067599,2.5094
-0.2599,-0.015385,2.3254
-0.15482,-0.1189,2.1357
-0.040399,-0.19127,1.9417
0.029902,-0.29953,1.7436
0.10992,-0.38106,1.5399
0.15816,-0.49701,1.3367
0.13722,-0.61418,1.1235
0.13199,-0.67052,0.91552
0.092723,-0.83452,0.69562
0.03925,-0.823,0.48017
0.045981,-1.0763,0.26091
0.065426,-0.89086,0.031966
0.13722,-0.070387,-0.032801
0.21201,-0.061194,-0.005207
0.20004,-0.11235,-0.016522
0.24005,-0.027899,-0.011577
0.25838,-0.084176,-0.013864
0.20416,-0.023888,-0.014464
0.23594,-0.060077,-0.013032
0.18733,-0.033538,-0.015798
0.13872,-0.035592,-0.013688
0.13947,-0.041553,-0.016083
0.04972,-0.024709,-0.01515
0.06393,-0.035266,-0.016185
0.063556,-0.026864,-0.01659
0.042989,-0.033613,-0.016492
0.084123,-0.026823,-0.017384
0.057573,-0.025399,-0.017557
0.046355,-0.021653,-0.018007
0.031023,-0.022977,-0.018142
0.043363,-0.029613,-0.019578
0.074026,-0.022767,-0.020852
0.080383,-0.023772,-0.021583
0.1361,-0.026261,-0.023031
0.18733,-0.016498,-0.023525
0.21911,-0.021155,-0.023923
0.21238,-0.020098,-0.025089
0.21238,-0.018279,-0.024815
0.22173,-0.018812,-0.026135
0.18808,-0.012794,-0.025644
0.15517,-0.02914,-0.02678
0.11479,-0.0046366,-0.027087
0.084497,-0.030329,-0.026634
0.072905,-0.006841,-0.029097
0.077018,-0.011801,-0.026094
0.085245,-0.028687,-0.030679
0.12713,0.016849,-0.026352
0.12675,-0.060351,-0.030559
0.13535,0.052026,-0.028591
0.15143,-0.093619,-0.027683
0.10469,0.087814,-0.035388
0.098706,-0.19031,-0.015723
-0.018336,-1.815,-0.2221
0.072905,-2.0903,-0.62371
0.10581,-1.7816,-0.96488
0.0040999,-1.9469,-1.3048
0.38739,-1.8398,-1.626
0.42104,-1.9206,-1.9212
0.41618,-1.9154,-2.2091
0.66373,-1.9477,-2.4741
0.44871,-1.9959,-2.734
0.479,-2.0035,-2.9773
0.57211,-2.0483,-3.2114
0.53098,-2.0356,-3.4293
0.63344,-2.0816,-3.6354
0.68055,-2.101,-3.8349
0.73814,-2.1128,-4.0221
0.64727,-2.113,-4.1976
0.66821,-2.1028,-4.3575
0.62895,-2.1005,-4.5049
0.50368,-2.0769,-4.6378
0.53734,-2.0544,-4.7552
0.42366,-2.0177,-4.8572
0.42702,-1.983,-4.9423
0.42441,-1.9692,-5.0155
0.42815,-1.945,-5.0793
0.53621,-1.9054,-5.1305
0.52836,-1.8612,-5.1675
0.55304,-1.8105,-5.1902
0.43675,-1.7667,-5.2004
0.26885,-1.729,-5.2006
0.10768,-1.6819,-5.1909
-0.064331,-1.6336,-5.1706
-0.16081,-1.5861,-5.1407
-0.3231,-1.5378,-5.1022
-0.37507,-1.4924,-5.0561
-0.40798,-1.4402,-5.0024
-0.4521,-1.3808,-4.9396
-0.43565,-1.3197,-4.8676
-0.43453,-1.2545,-4.7868
-0.42817,-1.1923,-4.6975
-0.4895,-1.1368,-4.602
-0.49586,-1.0752,-4.5009
-0.53213,-1.0009,-4.392
-0.59831,-0.92999,-4.2744
-0.56167,-0.8741,-4.1517
-0.54821,-0.80574,-4.0247
-0.54222,-0.74487,-3.8919
-0.48501,-0.6875,-3.757
-0.42593,-0.59863,-3.6156
-0.46631,-0.52914,-3.466
-0.4637,-0.47556,-3.3159
-0.41172,-0.39996,-3.1625
-0.43528,-0.31461,-3.0008
-0.39489,-0.24508,-2.836
-0.32571,-0.14973,-2.6661
-0.27635,-0.0503,-2.4851
-0.17165,0.040588,-2.2988
-0.040773,0.13378,-2.1056
0.046355,0.21525,-1.9097
0.10992,0.33017,-1.7076
0.16602,0.39604,-1.5038
0.17761,0.53914,-1.2977
0.17873,0.61188,-1.0839
0.15554,0.71859,-0.87493
0.10805,0.83678,-0.65022
0.080757,0.85064,-0.44016
0.079635,1.1359,-0.20624
0.098706,0.6156,-0.010283
0.13872,-0.048298,0.0020289
0.19855,0.11285,-0.014231
0.23632,0.048569,-0.0030175
0.2666,0.033633,-0.010066
0.23445,0.053387,-0.0046559
0.20154,0.011207,-0.0073741
0.215,0.046624,-0.0054695
0.15891,0.0087174,-0.0050496
0.15667,0.028996,-0.0057619
0.12638,0.014648,-0.0035949
0.062808,0.013655,-0.0047946
0.07814,0.016302,-0.00319
0.0744,0.0075739,-0.0033699
0.096837,0.012388,-0.0029725
0.074026,0.0059431,-0.0023764
0.06393,0.0070453,-0.001934
0.067669,0.004286,-0.0015853
0.023919,0.010704,-0.0010042
0.081505,0.010592,0.00046545
0.096463,0.0056357,0.0010953
0.11105,0.0074165,0.0022501
0.19369,0.0059281,0.0040984
0.21986,0.0022091,0.0041284
0.25613,0.0066329,0.0046945
0.261,-0.00042648,0.0056655
0.25053,0.0047622,0.0056693
0.22996,0.00035332,0.0069815
0.172,-0.0022223,0.0061904
0.13199,0.0096171,0.0079413
0.096837,-0.01438,0.0073864
0.075896,0.017644,0.0082037
0.079261,-0.015468,0.0089723
0.086366,0.012133,0.0071615
0.098332,-0.0019336,0.011589
0.14507,-0.013087,0.0064604
0.15405,0.034825,0.013363
0.17873,-0.065416,0.0065091
0.14881,0.10131,0.012748
0.083749,-0.16928,0.010041
0.0744,0.47439,0.011874
-0.0097358,2.0618,0.28057
0.1361,2.0051,0.67914
0.14844,1.808,1.0104
0.07627,1.9291,1.3523
0.34027,1.8268,1.6648
0.22622,1.9245,1.961
0.22098,1.8923,2.2439
0.41992,1.9498,2.5074
0.30549,1.9708,2.765
0.41394,1.9916,3.0056
0.48199,2.0256,3.2376
0.49433,2.0142,3.4517
0.60876,2.0609,3.657
0.64802,2.0738,3.8544
0.68205,2.0832,4.039
0.62895,2.0765,4.2111
0.6368,2.0706,4.3681
0.58146,2.0587,4.5126
0.51565,2.0263,4.6415
0.48125,2.0033,4.7548
0.38626,1.9709,4.8529
0.39898,1.9394,4.9351
0.37318,1.9198,5.006
0.41805,1.8921,5.0665
0.5149,1.8532,5.1144
0.52126,1.8046,5.1485
0.50256,1.7527,5.1683
0.38888,1.71,5.1763
0.24155,1.6717,5.1738
0.077766,1.6263,5.1615
-0.064705,1.5744,5.1387
-0.22026,1.5256,5.1056
-0.36535,1.48,5.0647
-0.39377,1.435,5.0163
-0.44425,1.3835,4.9603
-0.43453,1.3223,4.896
-0.41284,1.2556,4.8216
-0.42929,1.1948,4.7383
-0.42069,1.143,4.6485
-0.47828,1.0778,4.552
-0.50184,1.0077,4.4473
-0.57251,0.93932,4.3347
-0.61739,0.87701,4.2153
-0.56578,0.8182,4.0918
-0.57064,0.74348,3.9625
-0.52876,0.69122,3.8286
-0.46631,0.62705,3.6928
-0.42668,0.53626,3.5482
-0.43079,0.48186,3.3983
-0.43416,0.42486,3.2486
-0.40088,0.33977,3.0932
-0.41995,0.26675,2.9303
-0.3848,0.19691,2.7654
-0.313,0.091154,2.5928
-0.27635,0.0027864,2.4101
-0.17801,-0.092363,2.2228
-0.040399,-0.17342,2.0289
0.045233,-0.26501,1.833
0.10731,-0.37158,1.6294
0.15517,-0.44552,1.4262
0.16602,-0.59473,1.2164
0.14881,-0.64126,1.0045
0.11254,-0.78771,0.7916
0.059817,-0.8364,0.568
0.018684,-0.94163,0.35907
0.028032,-1.1141,0.11756
0.075148,-0.36588,-0.029427
0.15143,0.028797,-0.011832
0.20154,-0.1475,-0.010141
0.22398,-0.029669,-0.014846
0.24492,-0.073525,-0.0099572
0.21687,-0.046551,-0.015112
0.20154,-0.038561,-0.011356
0.18209,-0.051799,-0.014854
0.14657,-0.023873,-0.013253
0.1361,-0.047285,-0.014194
0.074774,-0.025234,-0.015004
0.049346,-0.036544,-0.014351
0.075896,-0.027832,-0.015911
0.066548,-0.024188,-0.015431
0.080757,-0.028398,-0.016353
0.097958,-0.02358,-0.016709
0.075148,-0.024848,-0.016949
0.045233,-0.022193,-0.017189
0.040372,-0.025061,-0.018003
0.074026,-0.024345,-0.019476
0.10768,-0.024034,-0.020264
0.14021,-0.026418,-0.0214
0.18621,-0.02099,-0.022678
0.23557,-0.01699,-0.022738
0.24791,-0.0218,-0.023829
0.22659,-0.014302,-0.023998
0.23445,-0.021402,-0.024519
0.20939,-0.01167,-0.025231
0.15966,-0.020589,-0.024841
0.12189,-0.015835,-0.026975
0.084497,-0.0076358,-0.025318
0.061312,-0.028941,-0.027665
0.059817,0.0051446,-0.026251
0.084871,-0.041947,-0.027466
0.11516,0.014281,-0.028647
0.13423,-0.037392,-0.02561
0.1432,-0.0038718,-0.032302
0.1634,0.0075289,-0.022468
0.10955,-0.079909,-0.037135
0.11815,0.16308,-0.016027
0.037006,-1.0426,-0.08196
-0.046756,-2.1977,-0.43104
0.12002,-1.8335,-0.80914
0.0127,-1.8799,-1.1394
0.16377,-1.8867,-1.4786
0.45918,-1.8508,-1.7797
0.35074,-1.9254,-2.0748
0.5665,-1.8929,-2.3484
0.5493,-1.9712,-2.6108
0.36719,-1.9683,-2.8626
0.525,-2.0115,-3.0996
0.48125,-2.0144,-3.3264
0.53846,-2.0321,-3.5362
0.63531,-2.0756,-3.7404
0.64989,-2.0787,-3.9341
0.65513,-2.088,-4.1154
0.61661,-2.0754,-4.2827
0.63531,-2.0718,-4.4361
0.52687,-2.0563,-4.5765
0.50592,-2.0322,-4.7014
0.44011,-1.9992,-4.8103
0.35934,-1.9619,-4.9025
0.4016,-1.9418,-4.9812
0.36794,-1.9217,-5.05
0.46928,-1.8902,-5.1078
0.51041,-1.8445,-5.1521
0.50181,-1.7932,-5.1813
0.47863,-1.7489,-5.1967
0.32456,-1.7093,-5.2015
0.1963,-1.6662,-5.1968
0.0029781,-1.6178,-5.1812
-0.10808,-1.5688,-5.1558
-0.23597,-1.5216,-5.1212
-0.3747,-1.4767,-5.0785
-0.37283,-1.4302,-5.0287
-0.41396,-1.373,-4.9707
-0.41209,-1.3107,-4.9031
-0.40686,-1.2495,-4.8265
-0.41434,-1.1872,-4.7412
-0.44014,-1.1308,-4.6489
-0.48277,-1.0738,-4.5508
-0.48875,-1.0051,-4.4458
-0.54559,-0.9307,-4.3324
-0.5411,-0.87188,-4.2121
-0.51867,-0.81045,-4.0874
-0.52652,-0.74106,-3.9569
-0.47005,-0.68713,-3.8227
-0.41845,-0.60799,-3.6839
-0.39826,-0.53099,-3.5364
-0.40499,-0.48001,-3.3862
-0.40013,-0.40944,-3.2349
-0.38779,-0.32409,-3.0766
-0.40125,-0.258,-2.9125
-0.34217,-0.17846,-2.746
-0.27822,-0.0681,-2.5693
-0.20979,0.014236,-2.385
-0.08041,0.11448,-2.1944
0.010083,0.1931,-1.9982
0.097211,0.29644,-1.7994
0.15816,0.38188,-1.5942
0.18808,0.47905,-1.391
0.18957,0.6058,-1.1775
0.16788,0.65751,-0.96795
0.14134,0.8298,-0.74894
0.071035,0.81852,-0.5291
0.06206,1.0379,-0.3129
0.066548,0.97415,-0.074615
0.10058,0.12145,0.014266
0.18097,0.013587,-0.014531
0.1806,0.11402,-0.0050383
0.22472,0.0069928,-0.0074153
0.25539,0.072087,-0.0071866
0.1877,0.013002,-0.0052708
0.18546,0.039628,-0.0074265
0.16901,0.021888,-0.0038386
0.1361,0.011379,-0.0062905
0.13086,0.025487,-0.0039173
0.058321,0.0087024,-0.0043447
0.056451,0.020471,-0.0037261
0.086366,0.006348,-0.002935
0.064304,0.012579,-0.0032537
0.088984,0.011777,-0.0020465
0.087114,0.0074689,-0.0018703
0.068791,0.0076676,-0.0015628
0.055703,0.0065654,-0.0012067
0.042616,0.0079113,-0.00044934
0.082253,0.0043723,-0.0001719
0.1002,0.0036674,0.00022926
0.14283,0.0027827,0.0009191
0.20939,-0.0016149,0.0010691
0.22585,-0.0020948,0.00096409
0.23183,0.00041705,0.0011216
0.23407,-0.00072265,0.001339
0.23594,-0.003047,0.0012565
0.20378,-0.0027659,0.0011703
0.15928,-0.0014275,0.0010803
0.11067,-0.0029196,0.0011103
0.0744,-0.0038456,0.0011778
0.068417,-0.004048,0.0011928
0.042242,-0.0042655,0.0011366
0.077392,-0.0024434,0.0010841
