0.096463,-0.017597,-0.00047559
0.08861,-0.016855,-0.00042685
0.084497,-0.016491,-0.00022814
0.080757,-0.015246,0.00029674
0.070287,-0.013863,0.00059293
0.071035,-0.01107,0.00098284
0.0744,-0.013484,0.0014327
0.081505,-0.012652,0.0013278
0.075522,-0.014834,0.0018227
0.070287,-0.018186,0.0017139
0.10469,-0.0065973,0.002385
0.083749,-0.024915,0.0021038
0.059443,-0.0053002,0.0021001
0.083375,-0.023828,0.0028087
0.085245,-0.010867,0.0019126
0.10207,-0.012266,0.0033448
0.088236,-0.034385,0.0015902
0.073278,0.021981,0.0039447
0.088236,-0.061063,0.0018676
0.083375,0.040082,0.0027562
0.07814,-0.077352,0.0036785
0.062434,0.021749,-0.00015691
0.082627,-0.038528,0.0077313
0.06206,-0.082099,-0.0089599
0.066548,1.8875,0.085493
0.17611,2.8196,0.31934
0.33952,2.37,0.51625
0.49433,2.6211,0.6944
0.57024,2.5158,0.85808
0.72244,2.5197,0.9943
0.60165,2.5173,1.1217
0.46741,2.4381,1.2234
0.60689,2.4299,1.3137
0.40795,2.2825,1.3915
0.22771,2.2229,1.4592
0.11853,2.1286,1.515
-0.0089879,2.0687,1.5579
0.090106,2.022,1.5921
0.09048,1.9765,1.6158
0.10469,1.8969,1.6313
0.025414,1.7657,1.6376
-0.1092,1.6526,1.6361
-0.12042,1.5391,1.6267
-0.20269,1.4504,1.6084
-0.18063,1.3618,1.5814
-0.21129,1.264,1.5481
-0.24532,1.1634,1.5081
-0.1896,1.0501,1.4576
-0.18736,0.95154,1.3997
-0.08041,0.85169,1.3377
-0.019832,0.73507,1.2685
-0.069566,0.63106,1.1939
-0.14361,0.52262,1.1138
-0.31113,0.44249,1.0312
-0.49773,0.32849,0.9465
-0.55344,0.22083,0.85394
-0.53512,0.1207,0.76011
-0.5497,-0.026613,0.65678
-0.4708,-0.11917,0.54946
-0.34703,-0.29082,0.43136
-0.26925,-0.35558,0.30898
-0.1178,-0.56718,0.18505
0.04972,-0.6374,0.043127
0.13386,-0.093177,-0.011112
0.13909,0.019117,0.0068353
0.17948,-0.069922,0.0016689
0.16639,0.0022316,0.003446
0.069165,-0.045118,0.0033636
0.12301,-0.008022,0.0021263
0.16153,-0.022654,0.0039034
0.19705,-0.021222,0.0017964
0.31335,-0.012555,0.0033111
0.34738,-0.020757,0.0021001
0.35411,-0.0085318,0.002535
0.34738,-0.021548,0.0021413
0.32569,-0.011479,0.0016015
0.29615,-0.014868,0.0018489
0.29951,-0.013743,0.001384
0.2853,-0.0099565,0.001414
0.25165,-0.015363,0.00089286
0.28268,-0.0093529,0.0010428
0.3025,-0.010035,0.00081038
0.35037,-0.011636,0.00044671
0.37505,-0.0086143,0.00043171
0.35149,-0.0083969,2.3052e-05
0.31821,-0.011149,-2.5687e-05
0.21837,-0.0094166,-3.6934e-05
0.126,-0.0052814,-0.00020565
0.020927,-0.010305,-0.00010817
-0.11257,-0.0062149,5.5726e-07
-0.19072,-0.0054427,-0.00011192
-0.20044,-0.0091729,-0.00022439
-0.16754,-0.0036994,-0.00013441
-0.18175,-0.0089442,-2.1938e-05
-0.14809,-0.0062674,6.8042e-05
-0.088637,-0.0068373,-5.1931e-05
-0.10472,-0.012585,-0.00013816
-0.069566,-0.0047041,-4.4433e-05
-0.053113,-0.0032795,-6.9411e-06
-0.077793,-0.004198,0.00010178
-0.079288,-0.0048278,2.6801e-05
-0.091628,-0.005019,-1.4439e-05
-0.096116,-0.0050153,1.1805e-05
-0.054608,-0.003988,0.00011303
0.0063435,-0.0011425,0.00028549
0.069165,-0.0050115,0.00028924
0.14844,-0.006946,0.00036048
0.17723,-0.003077,0.00015052
0.18583,-0.0048766,2.3052e-05
0.20603,-0.010646,-0.00034812
0.18883,-0.0084606,-0.001053
0.19743,-0.0073696,-0.0013117
0.22248,-0.0081044,-0.0017765
0.20042,-0.007842,-0.0018328
0.19443,-0.013994,-0.0022827
0.23145,-0.0051802,-0.0026801
0.25314,-0.010226,-0.0025714
0.26287,-0.0083969,-0.0035049
0.28717,-0.0016674,-0.0028188
0.27221,-0.012757,-0.0037599
0.23931,0.006333,-0.0030775
0.215,-0.021308,-0.0035237
0.13872,0.0048184,-0.0041348
0.089732,-0.010714,-0.0024514
0.072531,-0.0069647,-0.0054395
0.042242,0.0059993,-0.0014504
0.077766,-0.037755,-0.0060693
0.10469,0.047501,-0.0013154
0.084871,-0.08572,-0.0048096
0.072157,0.12062,-0.0034487
0.045607,-0.34337,-0.0017728
0.0085872,-1.6492,-0.18643
0.034763,-1.6396,-0.46061
0.032519,-1.4148,-0.67691
-0.013101,-1.4892,-0.89517
0.129,-1.3946,-1.0846
0.25539,-1.4664,-1.2539
0.28044,-1.4239,-1.4067
0.42777,-1.4454,-1.5338
0.48349,-1.4711,-1.6492
0.47601,-1.4813,-1.7454
0.52013,-1.5116,-1.8281
0.49059,-1.5108,-1.8935
0.5048,-1.5269,-1.9458
0.49359,-1.5128,-1.986
0.42179,-1.5054,-2.014
0.3556,-1.4809,-2.0317
0.31783,-1.4437,-2.0367
0.28381,-1.4002,-2.0309
0.16153,-1.35,-2.0144
0.10805,-1.2996,-1.9891
0.042616,-1.2312,-1.9536
-0.070688,-1.161,-1.9093
-0.12977,-1.0804,-1.8604
-0.16941,-0.98432,-1.804
-0.1709,-0.89009,-1.7377
-0.15595,-0.80943,-1.6646
-0.14735,-0.71933,-1.5865
-0.17315,-0.61239,-1.4999
-0.1638,-0.54334,-1.4096
-0.16978,-0.44885,-1.3178
-0.2169,-0.35877,-1.2204
-0.26476,-0.26045,-1.1201
-0.35787,-0.14295,-1.0121
-0.40499,-0.041197,-0.90077
-0.45846,0.11553,-0.77733
-0.5052,0.19296,-0.6487
-0.47417,0.35404,-0.51468
-0.45771,0.43325,-0.37241
-0.39265,0.59759,-0.23466
-0.28982,0.74491,-0.07264
-0.22251,0.17544,0.010693
-0.15632,-0.056077,-0.0070929
-0.093124,0.072983,-0.0049109
-0.029555,-0.015527,-0.0038423
0.023171,0.031118,-0.0060431
0.075148,0.0049571,-0.00322
0.10282,0.0032625,-0.0055932
0.11628,0.0095721,-0.00328
0.19219,-0.0027021,-0.0047984
0.22659,0.015154,-0.0034449
0.23183,-0.004944,-0.0034862
0.29914,0.003315,-0.0036474
0.30849,-0.0016149,-0.0028826
0.31148,4.6602e-06,-0.0033175
0.36158,0.0020066,-0.0026051
0.36158,0.0006195,-0.0028113
0.36383,0.0015305,-0.0022602
0.38888,-0.0060425,-0.0020202
0.3915,-0.0054876,-0.0018628
0.41169,-0.0026909,-0.0013754
0.43637,-0.00095884,-0.0012592
0.42478,-0.0043404,-0.00076052
0.41581,-0.0038681,-0.00072303
0.39038,-0.00060268,-0.0008805
0.31821,-0.00068141,-0.00059181
0.23482,-0.0060013,-0.00057681
0.1346,-0.0085543,-0.00067804
0.0059696,-0.0015662,-0.00067804
-0.08228,-0.0040593,-0.00054307
-0.12379,-0.0074184,-0.0006518
-0.17801,-0.005154,-0.00089549
-0.20306,-0.0043704,-0.00057307
-0.19783,-0.0019036,-0.00051308
-0.19035,-0.0016374,6.4293e-05
-0.16417,-0.0044042,0.00094535
-0.12566,-0.0052477,0.001204
-0.13276,-0.0050078,0.0020701
-0.15819,-0.003182,0.0022351
-0.14174,0.00026709,0.0029699
-0.17763,-0.010658,0.0033298
-0.18511,-0.0019711,0.0034198
-0.16193,-0.0084044,0.0042559
-0.16455,-0.0048016,0.003776
-0.10359,-0.00040773,0.0056093
-0.060217,-0.015546,0.0042259
0.01644,0.012418,0.0060405
0.10132,-0.023558,0.0053056
0.12152,0.019668,0.0050807
0.15891,-0.025181,0.0074764
0.20565,0.0027677,0.0032211
0.22884,0.0078851,0.0099246
0.24791,-0.04988,0.0010916
0.28941,0.088871,0.012245
0.3025,-0.19866,-0.0014579
0.3399,0.8257,0.033747
0.40384,2.2537,0.33247
0.49172,1.9549,0.68766
0.55005,1.8885,0.98307
0.60016,1.9872,1.2894
0.80508,1.9572,1.5622
0.83836,2.0949,1.8246
0.8578,2.1127,2.0662
1.0799,2.2479,2.2891
1.0923,2.3134,2.4978
1.194,2.4051,2.6851
1.3103,2.4734,2.8595
1.2258,2.4836,3.0122
1.1136,2.4791,3.1488
0.9625,2.4475,3.2691
0.82489,2.4554,3.3763
0.51864,2.3996,3.4705
0.37467,2.3492,3.5499
-0.29842,2.3337,3.617
-1.4281,2.2616,3.6702
-1.0268,2.1878,3.7124
-0.2068,2.1282,3.743
-0.77631,2.0694,3.7617
-1.1364,2.0221,3.7697
-0.38255,1.9584,3.7679
-0.0059964,1.8851,3.7586
-0.054982,1.8108,3.7414
0.21388,1.7474,3.7153
0.19967,1.6774,3.6797
-0.31562,1.595,3.6355
-0.79987,1.5134,3.5833
-0.79089,1.4266,3.5223
-0.54073,1.3635,3.4532
-0.58336,1.302,3.378
-0.52465,1.2135,3.296
-0.47491,1.1293,3.2052
-0.62337,1.0453,3.1069
-0.58859,0.9575,3.0025
-0.5755,0.87632,2.8926
-0.65441,0.77741,2.7773
-0.65366,0.69243,2.6564
-0.58261,0.62665,2.5328
-0.61888,0.54874,2.4069
-0.42069,0.45537,2.2769
0.12264,0.357,2.1408
0.41992,0.27321,2.0011
0.63643,0.1427,1.8534
0.75385,0.048967,1.6964
0.48947,-0.064831,1.5363
0.17237,-0.1876,1.3672
-0.037033,-0.27324,1.1972
-0.24307,-0.41292,1.0185
-0.43079,-0.47331,0.83978
-0.31637,-0.64818,0.65479
-0.092002,-0.68393,0.46489
0.0044739,-0.87134,0.28282
0.29465,-0.95709,0.073563
0.67345,-0.19437,-0.024238
0.78301,0.022705,-0.00057307
0.71982,-0.1195,-0.0054207
0.72767,-0.0072609,-0.0054132
0.4704,-0.064463,-0.0037074
0.011953,-0.027318,-0.0069204
-0.14248,-0.041894,-0.0043185
-0.18549,-0.036597,-0.007434
-0.21129,-0.020045,-0.005267
-0.1264,-0.035075,-0.0068829
0.050094,-0.015381,-0.0068042
0.11441,-0.030025,-0.0069691
0.056077,-0.017518,-0.0078427
0.096089,-0.023712,-0.0074565
-0.010484,-0.024218,-0.0083563
-0.19371,-0.018186,-0.0083188
-0.22101,-0.021095,-0.0090462
-0.20157,-0.01657,-0.0092711
-0.23335,-0.019708,-0.0095111
-0.16118,-0.018425,-0.0099422
0.0658,-0.01714,-0.010208
0.14881,-0.018047,-0.010718
0.23594,-0.015385,-0.010853
0.33578,-0.013091,-0.010992
0.25838,-0.013473,-0.011022
0.10506,-0.013256,-0.010883
-0.092376,-0.012794,-0.010868
-0.22438,-0.012791,-0.010981
-0.2771,-0.012536,-0.011378
-0.19633,-0.014676,-0.012173
-0.06994,-0.013713,-0.012792
0.092723,-0.014084,-0.013264
0.33765,-0.012791,-0.013961
0.44871,-0.01579,-0.014183
0.5149,-0.015449,-0.015082
0.50929,-0.0097765,-0.015071
0.42216,-0.018306,-0.015753
0.29914,-0.002361,-0.016053
0.11366,-0.018081,-0.016301
-0.043764,-0.0073134,-0.017561
-0.20718,-0.009859,-0.016113
-0.23933,-0.0191,-0.018749
-0.11219,0.005497,-0.01629
-0.0056225,-0.038037,-0.018813
0.11329,0.022034,-0.017744
0.22771,-0.047109,-0.017212
0.25202,0.02759,-0.020987
0.19817,-0.028803,-0.013478
0.12451,-0.027123,-0.027473
0.10581,0.087357,-0.0026501
0.0127,-1.3574,-0.11067
0.00073447,-2.2176,-0.46533
0.14208,-1.7622,-0.80288
0.12339,-1.8263,-1.1066
0.26997,-1.7831,-1.4111
0.53771,-1.7904,-1.6854
0.59904,-1.8206,-1.9548
0.71234,-1.7889,-2.1989
0.66859,-1.8483,-2.4322
0.46367,-1.8373,-2.6506
0.38552,-1.8718,-2.8546
0.22809,-1.8509,-3.0423
0.12787,-1.8513,-3.2093
0.24641,-1.85,-3.3627
0.31372,-1.8384,-3.4985
0.4087,-1.8376,-3.6203
0.61325,-1.8139,-3.7265
0.65849,-1.8005,-3.817
0.50592,-1.7783,-3.893
0.37617,-1.7691,-3.9552
0.30736,-1.7475,-4.0045
0.19593,-1.7074,-4.0394
0.038502,-1.6852,-4.061
-0.069192,-1.6636,-4.0718
0.031397,-1.6374,-4.0719
0.10544,-1.6082,-4.0617
0.10581,-1.5721,-4.0422
0.34775,-1.5274,-4.0126
0.42104,-1.4813,-3.9735
0.21949,-1.4364,-3.925
0.072157,-1.3785,-3.8667
-0.17502,-1.3188,-3.8002
-0.42256,-1.2583,-3.7245
-0.49586,-1.1998,-3.6401
-0.47454,-1.1447,-3.5511
-0.49286,-1.069,-3.4549
-0.44724,-0.99117,-3.3495
-0.20867,-0.92072,-3.2375
-0.081158,-0.83954,-3.1199
-0.060217,-0.7574,-2.9961
-0.027311,-0.69065,-2.8672
-0.086767,-0.62072,-2.737
-0.23111,-0.53793,-2.6031
-0.40536,-0.46176,-2.4644
-0.49137,-0.36191,-2.3215
-0.53998,-0.27124,-2.1725
-0.54148,-0.15852,-2.0167
-0.4278,-0.042599,-1.8506
-0.3115,0.048172,-1.6818
-0.19521,0.17763,-1.505
-0.11033,0.25718,-1.3254
-0.051243,0.40189,-1.1416
-0.026189,0.47159,-0.95134
-0.052365,0.59775,-0.76336
-0.048625,0.70541,-0.56307
0.00073447,0.77261,-0.37647
0.10619,1.0538,-0.16219
0.18322,0.47928,-0.0015778
0.304,-0.077105,-0.0035761
0.44273,0.10121,-0.013283
0.50854,0.019398,-0.0052408
0.54668,0.031819,-0.011074
0.48386,0.035032,-0.0058594
0.40459,0.0046122,-0.0088512
0.24492,0.035635,-0.0062793
0.074774,-0.0022822,-0.0067854
0.044111,0.021614,-0.0067779
-0.0041267,0.0052645,-0.0054432
0.018684,0.0084812,-0.0062793
0.13872,0.0095384,-0.0047721
0.24641,0.0050433,-0.0052933
0.30923,0.010809,-0.0043897
0.33429,0.00016212,-0.0039623
0.35934,0.00342,-0.0036324
0.28642,0.0022428,-0.0032275
0.16452,0.0027377,-0.002965
0.091601,0.0040161,-0.0024889
-0.010484,0.0010619,-0.0022977
-0.11294,-0.0021698,-0.0016978
-0.14286,0.0015568,-0.0010305
-0.138,0.0077539,-0.00021315
-0.12865,0.00048828,0.00032673
-0.10098,-0.0024135,0.00098659
-0.08041,-0.0021023,0.0018564
-0.081158,-0.00038524,0.0019351
-0.10883,0.0058231,0.0030299
-0.16118,-0.0035606,0.0032848
-0.17726,0.0071165,0.0037572
-0.16305,-0.0057538,0.0046495
-0.13201,-0.0023685,0.0042521
-0.073305,0.00017711,0.0060742
0.017188,-0.0074259,0.0044508
0.091228,0.014941,0.0069178
0.13311,-0.025522,0.0056318
0.1877,0.026334,0.0062917
0.1791,-0.027056,0.0080388
0.14507,0.015233,0.0045858
0.10992,-0.0026759,0.011563
0.079261,-0.030696,0.0017739
0.047477,0.074869,0.015387
0.055329,-0.19518,-0.0038873
0.15667,1.0255,0.053512
0.25389,2.3401,0.39197
0.44609,1.9411,0.76522
0.53846,1.9301,1.0882
0.62185,1.9617,1.4261
0.7976,1.8971,1.7258
0.68242,1.975,2.0171
0.64989,1.9314,2.2875
0.6125,2.0127,2.5443
0.42403,2.012,2.7895
0.45544,2.0632,3.0179
0.4446,2.1078,3.2397
0.44497,2.1324,3.4469
0.52799,2.1733,3.6434
0.62297,2.1784,3.8246
0.68355,2.2033,3.9914
0.63269,2.2187,4.1451
0.66261,2.2188,4.282
0.57136,2.2174,4.4006
0.46741,2.2282,4.5026
0.42964,2.2345,4.5903
0.29615,2.2403,4.6639
0.2236,2.2367,4.7228
0.16676,2.2279,4.7672
0.14283,2.2219,4.7987
0.11703,2.1967,4.8164
0.080757,2.1684,4.822
0.0022302,2.1307,4.8166
-0.11481,2.0844,4.7994
-0.20904,2.0396,4.7725
-0.36199,1.9824,4.7375
-0.46071,1.9348,4.6943
-0.53101,1.8807,4.6426
-0.5082,1.8163,4.5832
-0.39639,1.7548,4.5152
-0.32459,1.6771,4.4388
-0.24158,1.6037,4.3549
-0.2442,1.5321,4.2633
-0.25915,1.4617,4.1654
-0.27897,1.3883,4.0614
-0.32571,1.2995,3.9499
-0.4005,1.2202,3.8312
-0.51792,1.1405,3.7069
-0.54185,1.0513,3.5773
-0.60168,0.96284,3.442
-0.61589,0.87535,3.3025
-0.50857,0.79491,3.1596
-0.40237,0.72377,3.0151
-0.29094,0.63545,2.868
-0.23746,0.54257,2.7156
-0.17576,0.44936,2.56
-0.15632,0.33445,2.3971
-0.16604,0.22901,2.2275
-0.10995,0.1005,2.0514
-0.1092,0.0072665,1.8689
-0.095368,-0.11,1.6841
-0.057974,-0.22321,1.4918
-0.055356,-0.31817,1.3005
-0.040773,-0.46784,1.0993
-1.3407e-05,-0.5261,0.90009
0.036633,-0.70473,0.69626
0.080383,-0.74687,0.48849
0.15405,-0.9582,0.28783
0.15517,-1.0249,0.061532
0.1907,-0.21253,-0.039639
0.26212,0.0068691,-0.013961
0.28455,-0.13508,-0.019956
0.35111,-0.022714,-0.019701
0.38963,-0.084468,-0.018104
0.41244,-0.03933,-0.021182
0.39038,-0.052894,-0.018393
0.32494,-0.053265,-0.021816
0.2696,-0.038854,-0.019705
0.17462,-0.048433,-0.021328
0.13535,-0.032739,-0.021268
0.1088,-0.050165,-0.021441
0.057573,-0.031892,-0.022311
0.023919,-0.035476,-0.022127
0.0070914,-0.034194,-0.023008
0.040372,-0.030134,-0.022903
0.059817,-0.032938,-0.023428
0.10095,-0.027731,-0.023679
0.17948,-0.030494,-0.024182
0.19107,-0.029504,-0.024635
0.16452,-0.029204,-0.024931
0.13498,-0.03097,-0.025917
0.09048,-0.029601,-0.027091
0.034015,-0.024784,-0.027582
-0.017962,-0.02995,-0.028009
-0.069566,-0.024454,-0.028894
-0.11631,-0.024649,-0.029367
-0.13276,-0.028034,-0.030161
-0.14024,-0.021275,-0.029967
-0.12566,-0.031626,-0.030975
-0.069566,-0.014849,-0.030953
-0.010858,-0.029691,-0.031395
0.022423,-0.019636,-0.032621
0.078514,-0.025279,-0.031282
0.12974,-0.024071,-0.034154
0.14096,-0.010478,-0.031425
0.1634,-0.045834,-0.034945
0.17162,0.015803,-0.032718
0.15106,-0.063444,-0.033513
0.14657,0.031185,-0.036003
0.14171,-0.063061,-0.029502
0.10656,0.0022466,-0.043216
0.080009,0.016515,-0.016305
0.017562,-1.5432,-0.15895
0.06393,-2.2173,-0.54782
0.11179,-1.8333,-0.8991
0.09908,-2.0112,-1.2277
0.35411,-1.9489,-1.5529
0.44946,-1.9856,-1.8443
0.47638,-2.012,-2.129
0.69252,-2.0194,-2.3882
0.6211,-2.0941,-2.6407
0.56127,-2.0943,-2.8769
0.58894,-2.1679,-3.1014
0.49471,-2.1852,-3.3168
0.48274,-2.2273,-3.518
0.50443,-2.2522,-3.7078
0.5149,-2.2681,-3.882
0.48685,-2.2963,-4.0448
0.49172,-2.2899,-4.1913
0.50592,-2.286,-4.3195
0.44684,-2.2811,-4.4316
0.45058,-2.2816,-4.529
0.44535,-2.2773,-4.6128
0.43824,-2.2624,-4.6826
0.44722,-2.2459,-4.7384
0.42889,-2.2269,-4.7802
0.40945,-2.2024,-4.809
0.35336,-2.1742,-4.8257
0.29016,-2.1364,-4.8301
0.19556,-2.0948,-4.8223
0.062808,-2.0589,-4.8042
-0.091254,-2.0156,-4.7764
-0.20418,-1.9668,-4.7397
-0.28495,-1.9172,-4.6954
-0.35675,-1.8638,-4.6425
-0.33693,-1.8039,-4.5805
-0.30851,-1.7381,-4.5104
-0.26514,-1.6692,-4.4324
-0.21091,-1.5943,-4.3465
-0.1896,-1.5193,-4.2528
-0.18212,-1.4481,-4.1519
-0.21652,-1.3787,-4.0464
-0.24195,-1.2971,-3.9352
-0.30103,-1.2083,-3.8157
-0.38741,-1.1278,-3.6904
-0.46407,-1.0379,-3.5592
-0.52801,-0.95167,-3.4221
-0.54708,-0.87425,-3.2813
-0.57999,-0.79481,-3.1372
-0.57775,-0.71824,-2.9918
-0.5497,-0.62374,-2.8422
-0.52652,-0.53981,-2.6882
-0.47342,-0.43437,-2.5306
-0.43864,-0.31583,-2.3644
-0.356,-0.20767,-2.1922
-0.24233,-0.08491,-2.0114
-0.16679,0.0065279,-1.8277
-0.094246,0.13846,-1.6385
-0.033668,0.22538,-1.4452
0.0070914,0.36149,-1.2508
0.034015,0.46265,-1.0473
0.064304,0.56212,-0.85013
0.052338,0.72279,-0.63892
0.05346,0.74521,-0.43889
0.088236,1.0716,-0.22343
0.081879,0.71268,-0.024354
0.14507,-0.040897,0.0034273
0.21089,0.067727,-0.017159
0.27147,0.054961,-0.0053083
0.37355,0.0087324,-0.011877
0.40309,0.050744,-0.0074903
0.43862,-0.00068141,-0.0089937
0.44871,0.038721,-0.0081164
0.41468,0.0049159,-0.0067179
0.38926,0.016114,-0.0079927
0.3227,0.0087736,-0.0057732
0.26885,0.0012268,-0.0068454
0.21463,0.012204,-0.005522
0.15068,0.0038174,-0.0057094
0.099454,0.0040836,-0.0049558
0.059443,-0.0017461,-0.0045434
0.070661,0.0057294,-0.0046822
0.052712,0.0060518,-0.0036024
0.037006,0.0045447,-0.0036699
0.0658,0.0056807,-0.0029425
0.061686,0.0045297,-0.0017091
0.073278,0.0041211,-0.0006593
0.081879,0.00091942,0.00051419
0.071409,-0.0014162,0.0015002
0.06206,-0.0011125,0.0017027
0.042616,0.0046047,0.0024225
0.003352,-0.0028783,0.0031386
-0.053861,0.0033413,0.0033186
-0.094994,-3.6579e-05,0.0045258
-0.13239,-0.0022073,0.0039484
-0.13613,0.0087661,0.0058343
-0.11967,-0.012206,0.0048745
-0.1006,0.017636,0.0058155
-0.059844,-0.022673,0.0066028
-0.017215,0.012256,0.0051707
0.033641,-0.0072572,0.0090435
0.083001,-0.014774,0.0038135
0.11067,0.032426,0.011143
0.15854,-0.066484,0.0036185
0.19032,0.10567,0.010967
0.16751,-0.18964,0.0059767
0.17723,0.55699,0.013419
0.17574,2.2328,0.29404
0.25613,2.136,0.69153
0.29615,1.9523,1.0217
0.27259,2.0922,1.3656
0.46255,1.994,1.678
0.47264,2.1024,1.9746
0.45133,2.0837,2.2558
0.57735,2.1622,2.517
0.53285,2.1952,2.7711
0.62297,2.226,3.0059
0.73291,2.2791,3.232
0.74898,2.3004,3.4431
0.80171,2.363,3.6446
0.81966,2.3874,3.8358
0.86079,2.4224,4.0139
0.8133,2.444,4.18
0.82003,2.4592,4.3314
0.80695,2.4722,4.4704
0.72879,2.4645,4.5946
0.7445,2.4466,4.7002
0.67906,2.442,4.7899
0.65326,2.435,4.8674
0.63531,2.4166,4.9314
0.59717,2.3981,4.9823
0.53397,2.3602,5.0206
0.40721,2.3281,5.0452
0.30774,2.293,5.0575
0.14171,2.2408,5.0587
-0.0056225,2.1936,5.0484
-0.13912,2.1466,5.0274
-0.25728,2.1016,4.9964
-0.35114,2.054,4.9572
-0.44911,1.9978,4.9101
-0.46108,1.9409,4.8547
-0.44762,1.8754,4.7916
-0.42556,1.8053,4.7207
-0.42556,1.7346,4.6414
-0.38966,1.6591,4.554
-0.37171,1.5896,4.4594
-0.43004,1.5149,4.3582
-0.43902,1.4325,4.2508
-0.47978,1.3528,4.1369
-0.53213,1.2686,4.016
-0.59458,1.1854,3.8886
-0.67647,1.1071,3.7566
-0.75686,1.0138,3.6199
-0.83277,0.92186,3.4772
-0.8425,0.85127,3.3312
-0.86456,0.7715,3.1834
-0.83539,0.69105,3.0334
-0.74041,0.59754,2.8793
-0.67011,0.50043,2.7207
-0.56915,0.39863,2.5571
-0.42219,0.2838,2.3849
-0.30702,0.17751,2.2082
-0.22699,0.060626,2.0237
-0.14473,-0.029346,1.8363
-0.12117,-0.15985,1.6449
-0.11332,-0.25347,1.4478
-0.10696,-0.38184,1.25
-0.12566,-0.48897,1.043
-0.11818,-0.57909,0.84256
-0.10322,-0.75746,0.62889
-0.04526,-0.7787,0.42364
0.033641,-1.0894,0.20821
0.080383,-0.81394,-0.0011954
0.1892,-0.021132,-0.042024
0.29689,-0.082983,-0.018408
0.36345,-0.10306,-0.030259
0.4431,-0.038854,-0.023848
0.44273,-0.093556,-0.027391
0.45058,-0.037069,-0.026671
0.46591,-0.074402,-0.026476
0.41132,-0.046221,-0.028426
0.37355,-0.05262,-0.026697
0.30699,-0.048639,-0.028909
0.23183,-0.038524,-0.027946
0.16975,-0.047004,-0.028924
0.081879,-0.03548,-0.029025
0.04112,-0.04552,-0.029543
0.0127,-0.038565,-0.030045
-0.025815,-0.039607,-0.030012
0.003726,-0.037853,-0.030619
0.038128,-0.0335,-0.030836
0.056077,-0.038929,-0.031672
0.12264,-0.036424,-0.032625
0.17349,-0.034333,-0.033866
0.16938,-0.035573,-0.035133
0.17125,-0.03028,-0.035905
0.14507,-0.033365,-0.035909
0.052712,-0.035435,-0.036917
-0.015719,-0.02316,-0.037199
-0.09275,-0.031779,-0.038008
-0.17576,-0.022493,-0.038492
-0.19708,-0.032162,-0.037975
-0.20643,-0.023742,-0.039838
-0.1911,-0.021743,-0.03802
-0.13314,-0.039435,-0.041008
-0.053861,-0.0027021,-0.039411
0.0052217,-0.050476,-0.040438
0.0744,0.0073865,-0.041326
0.12787,-0.052778,-0.038635
0.16302,-0.0071634,-0.045124
0.17387,-0.012078,-0.03511
0.15218,-0.082114,-0.050388
0.16377,0.14767,-0.027477
0.075522,-1.1231,-0.1031
0.10095,-2.2308,-0.46512
0.17574,-1.9037,-0.84337
0.15741,-2.0437,-1.1741
0.37131,-2.0669,-1.5143
0.49172,-2.0531,-1.8144
0.5852,-2.1351,-2.1074
0.79236,-2.1208,-2.3767
0.78002,-2.2194,-2.6351
0.80021,-2.2256,-2.8813
0.86378,-2.2884,-3.1113
0.86266,-2.3184,-3.3325
0.91053,-2.3568,-3.5381
0.96998,-2.4062,-3.7365
1.0092,-2.4249,-3.9219
0.99504,-2.4605,-4.0956
0.97783,-2.4696,-4.2565
0.96063,-2.4893,-4.4038
0.90342,-2.4914,-4.539
0.83873,-2.4688,-4.6564
0.8047,-2.4553,-4.7563
0.78301,-2.4466,-4.8429
0.77292,-2.4338,-4.9174
0.79311,-2.4132,-4.9787
0.79236,-2.3844,-5.0268
0.75422,-2.3526,-5.0616
0.67532,-2.3181,-5.084
0.55304,-2.2783,-5.0949
0.35934,-2.2344,-5.0936
0.13573,-2.1869,-5.0808
-0.040025,-2.1387,-5.0575
-0.26327,-2.0875,-5.0245
-0.45584,-2.0377,-4.9836
-0.54073,-1.987,-4.9351
-0.6114,-1.9265,-4.878
-0.62112,-1.861,-4.8126
-0.60991,-1.796,-4.7392
-0.58784,-1.7276,-4.6582
-0.56915,-1.6498,-4.569
-0.58597,-1.5728,-4.4721
-0.58448,-1.5001,-4.3685
-0.61252,-1.4296,-4.2592
-0.65328,-1.3479,-4.1447
-0.6989,-1.2603,-4.0229
-0.74976,-1.1804,-3.8945
-0.80323,-1.0884,-3.7607
-0.86568,-0.9986,-3.621
-0.91317,-0.9178,-3.4769
-0.97188,-0.83743,-3.3303
-0.99469,-0.76218,-3.1812
-0.95804,-0.67389,-3.0297
-0.91467,-0.58549,-2.8734
-0.84287,-0.49647,-2.7134
-0.72583,-0.37142,-2.5467
-0.5841,-0.26842,-2.3715
-0.42705,-0.15199,-2.1911
-0.30029,-0.041516,-2.0034
-0.19147,0.059884,-1.8138
-0.09275,0.1915,-1.6171
-0.047877,0.26851,-1.4197
-0.022076,0.41817,-1.2172
-1.3407e-05,0.48665,-1.0112
0.020179,0.63737,-0.80758
0.032145,0.7419,-0.59121
0.071035,0.84441,-0.39065
0.12226,1.1142,-0.16021
0.16751,0.45226,0.0013015
0.28044,-0.076359,-0.0066242
0.38402,0.10437,-0.013864
0.48311,0.011413,-0.0064105
0.55865,0.039545,-0.012049
0.55715,0.032389,-0.0064105
0.5493,0.011405,-0.0097998
0.50966,0.031804,-0.0068829
0.46517,-0.0028296,-0.0078015
0.41281,0.027391,-0.0073666
0.32157,0.0067491,-0.0058819
0.23145,0.010768,-0.0068454
0.14059,0.0092047,-0.0052783
0.052712,0.0064267,-0.0055145
-0.0041267,0.0072965,-0.0046184
-0.025815,0.0012343,-0.0044385
-0.040399,0.0090473,-0.004176
-0.03479,0.0030564,-0.0035012
-0.031424,0.0055419,-0.0031038
-0.0059964,0.0096434,-0.0020802
0.047477,0.0084662,-0.00085425
0.070661,0.0075364,2.6801e-05
0.10955,0.0056132,0.0012753
0.12451,-0.0016749,0.0020139
0.09908,0.0037649,0.00237
0.041868,0.0027264,0.0034723
-0.035538,-0.00031775,0.0030749
-0.10958,0.0072365,0.0043646
-0.19147,-0.010268,0.0043046
-0.23186,0.0088261,0.0050507
-0.24307,-0.0085506,0.0058455
-0.22101,0.0060293,0.004972
-0.18212,-0.00051645,0.0075326
-0.13239,-0.0087343,0.0046308
-0.051243,0.019046,0.0090735
0.051216,-0.036976,0.0054331
0.14208,0.048487,0.0081175
0.1907,-0.064696,0.0084812
0.22809,0.061728,0.0044246
0.21911,-0.06323,0.015987
0.19967,0.056049,-0.0092936
0.15854,1.7775,0.16494
0.21313,2.3156,0.56221
0.34214,1.9182,0.90896
0.33803,2.0992,1.2466
0.47377,2.0271,1.5733
0.56837,2.0992,1.8696
0.55005,2.1199,2.1586
0.6985,2.1487,2.4216
0.73552,2.2238,2.6789
0.78488,2.2339,2.9184
0.90716,2.3005,3.1464
0.921,2.3137,3.3615
0.9625,2.3729,3.5643
1.001,2.4015,3.7591
1.035,2.4258,3.9403
1.0276,2.4518,4.1109
1.0081,2.4534,4.2674
0.99616,2.4698,4.4109
0.8851,2.4631,4.5413
0.83985,2.442,4.6542
0.81704,2.419,4.7499
0.74375,2.4047,4.8325
0.72842,2.3887,4.9028
0.72879,2.3613,4.9593
0.71496,2.3338,5.0029
0.657,2.29,5.0344
0.58707,2.2512,5.0532
0.47863,2.2153,5.0603
0.29428,2.1586,5.0562
0.10095,2.1069,5.0403
-0.17651,2.0613,5.0143
-0.45173,2.0132,4.9797
-0.63608,1.9548,4.9369
-0.7894,1.896,4.8858
-0.82193,1.8365,4.827
-0.77444,1.7701,4.7604
-0.72695,1.7033,4.6853
-0.63982,1.6347,4.6019
-0.57775,1.5626,4.5116
-0.5411,1.4797,4.414
-0.48239,1.4123,4.3092
-0.50072,1.3391,4.1991
-0.56541,1.2389,4.082
-0.66188,1.1627,3.9563
-0.7965,1.0916,3.8262
-0.88513,0.99623,3.6921
-0.9745,0.91047,3.5515
-0.99656,0.84282,3.4068
-0.97188,0.76604,3.2604
-0.9629,0.68315,3.1115
-0.92514,0.59652,2.9594
-0.89821,0.50803,2.8024
-0.82567,0.41396,2.641
-0.73144,0.29489,2.4721
-0.60056,0.19739,2.2969
-0.42593,0.079499,2.1151
-0.28832,-0.015336,1.9271
-0.13613,-0.12601,1.7382
-0.020954,-0.25041,1.5403
0.062434,-0.3345,1.3431
0.11067,-0.47965,1.1377
0.11366,-0.53306,0.93307
0.095341,-0.70824,0.72605
0.021675,-0.76594,0.51197
0.010083,-0.94016,0.30988
-0.034042,-1.0839,0.077575
-0.035911,-0.28834,-0.044206
0.12675,0.017869,-0.021437
0.27334,-0.15227,-0.024092
0.43899,-0.028818,-0.025854
0.55117,-0.087396,-0.023008
0.59978,-0.050918,-0.026922
0.64129,-0.056036,-0.023503
0.60203,-0.061472,-0.027132
0.5407,-0.037943,-0.025153
0.46778,-0.060774,-0.026645
0.35224,-0.034666,-0.02666
0.20378,-0.049947,-0.026562
0.068417,-0.045096,-0.027796
-0.011232,-0.040683,-0.027383
-0.070314,-0.039885,-0.028471
-0.077419,-0.035094,-0.028321
-0.05573,-0.039146,-0.028917
-0.059096,-0.034794,-0.029198
-0.015345,-0.033253,-0.029663
0.0085872,-0.035652,-0.030866
0.031771,-0.033556,-0.031785
0.079261,-0.033661,-0.032932
0.093845,-0.03933,-0.034079
0.13498,-0.033227,-0.034346
0.13722,-0.031067,-0.035073
0.093845,-0.025421,-0.035804
0.021301,-0.031866,-0.035898
-0.06807,-0.025125,-0.03694
-0.13127,-0.022302,-0.0361
-0.20755,-0.037272,-0.038038
-0.22812,-0.012644,-0.037232
-0.23522,-0.037752,-0.038207
-0.24681,-0.0051315,-0.039204
-0.20157,-0.035094,-0.037184
-0.12977,-0.020769,-0.041364
-0.026563,-0.018362,-0.036096
0.07814,-0.058315,-0.043317
0.18097,0.043062,-0.036291
0.23781,-0.12379,-0.042597
0.27109,0.15053,-0.039306
0.20304,-0.51624,-0.042541
0.17574,-2.0749,-0.31874
0.28081,-2.0354,-0.72282
0.21762,-1.9447,-1.0557
0.31933,-2.1089,-1.399
0.4977,-2.0204,-1.7111
0.53659,-2.1357,-2.0053
0.75085,-2.1155,-2.285
0.86229,-2.1925,-2.5445
0.88285,-2.2258,-2.797
0.98382,-2.2582,-3.0302
1.0152,-2.313,-3.2558
1.0309,-2.3309,-3.4663
1.0478,-2.388,-3.6672
1.0665,-2.4044,-3.8578
1.0713,-2.4369,-4.0358
1.0291,-2.4484,-4.2021
0.98344,-2.4607,-4.3542
0.92324,-2.4751,-4.4955
0.83761,-2.4485,-4.6209
0.78675,-2.425,-4.7275
0.7703,-2.4145,-4.8195
0.71047,-2.4009,-4.8993
0.6828,-2.3781,-4.9664
0.67457,-2.3488,-5.0201
0.60502,-2.3169,-5.0606
0.56576,-2.281,-5.0887
0.48985,-2.2381,-5.1043
0.36757,-2.1943,-5.1086
0.21463,-2.1482,-5.1017
0.012327,-2.0943,-5.0832
-0.16081,-2.045,-5.0547
-0.38928,-1.9963,-5.0182
-0.61701,-1.9398,-4.9737
-0.80473,-1.88,-4.9205
-0.9371,-1.8179,-4.8593
-0.89971,-1.7544,-4.7903
-0.79201,-1.6845,-4.7135
-0.72658,-1.6086,-4.6287
-0.65067,-1.5355,-4.5358
-0.55494,-1.4644,-4.4363
-0.49586,-1.3902,-4.3303
-0.42705,-1.3149,-4.2184
-0.42892,-1.2345,-4.1003
-0.50408,-1.1474,-3.9751
-0.60991,-1.0612,-3.8433
-0.76472,-0.97918,-3.7059
-0.86381,-0.89882,-3.5639
-0.92551,-0.82379,-3.4186
-0.90681,-0.74685,-3.2708
-0.8496,-0.66255,-3.1205
-0.82604,-0.57746,-2.966
-0.77257,-0.491,-2.807
-0.74116,-0.38615,-2.6433
-0.66974,-0.28063,-2.471
-0.51343,-0.17544,-2.293
-0.33693,-0.046446,-2.107
-0.20119,0.039512,-1.9172
-0.087515,0.16828,-1.7239
0.022049,0.26099,-1.5238
0.094967,0.36891,-1.3248
0.172,0.49659,-1.1157
0.2079,0.56581,-0.91196
0.19144,0.74296,-0.69821
0.1548,0.76117,-0.48907
0.10357,1.0507,-0.27587
0.009335,0.89021,-0.053249
-0.027685,0.039695,0.0097784
0.076644,0.021329,-0.017167
0.18696,0.091615,-0.0058144
0.3399,-0.0024359,-0.010366
0.47676,0.059479,-0.0084651
0.54257,0.001478,-0.0076102
0.6125,0.033701,-0.0086263
0.58894,0.013662,-0.0059569
0.53285,0.014716,-0.0079289
0.4633,0.018705,-0.005507
0.35373,0.0026102,-0.0063655
0.22809,0.012913,-0.005342
0.064678,0.0047247,-0.0049633
-0.040025,0.014386,-0.0048096
-0.10322,0.0047209,-0.0039398
-0.12154,0.0053882,-0.0041573
-0.091254,0.0078476,-0.003235
-0.048625,-0.00028026,-0.0028226
-0.0059964,0.0069028,-0.0020577
0.010083,0.0092085,-0.00067429
0.03925,0.0027527,0.00019926
0.060939,0.0079488,0.0012828
0.096837,0.0048071,0.0025312
0.12974,-0.00046397,0.002625
0.11778,0.0041886,0.0036372
0.091975,-0.0015624,0.003611
0.041494,0.0087548,0.0043533
-0.026189,-0.0050827,0.0050694
-0.11033,0.0065617,0.0047508
-0.17277,0.0013206,0.0066628
-0.17315,-0.0029571,0.0049607
-0.20007,0.015541,0.0077463
-0.21802,-0.020532,0.005763
-0.17464,0.026345,0.0075926
-0.13388,-0.035671,0.0080388
-0.046382,0.02714,0.005973
0.045607,-0.023408,0.011938
0.13161,-0.0013112,0.0022538
0.19331,0.048461,0.017592
0.23071,-0.16575,-0.0066355
0.22472,1.2509,0.080128
0.23445,2.3797,0.44521
0.38103,1.9612,0.81602
0.35523,2.0424,1.1465
0.40945,2.049,1.4853
0.56426,2.0451,1.786
0.49471,2.1189,2.0802
0.62185,2.1075,2.3499
0.7187,2.2031,2.61
0.71832,2.2056,2.8567
0.88809,2.2679,3.087
0.96213,2.2906,3.3079
1.013,2.3252,3.514
1.044,2.3698,3.7129
1.0575,2.384,3.899
1.047,2.4105,4.0738
0.96325,2.4074,4.2357
0.95465,2.4243,4.3839
0.87351,2.4265,4.5204
0.79236,2.3903,4.6398
0.7531,2.372,4.7421
0.68616,2.3645,4.8301
0.65812,2.3422,4.905
0.6211,2.3181,4.9677
0.59754,2.2881,5.0173
0.5336,2.2449,5.0537
0.47601,2.2005,5.0777
0.41169,2.1657,5.0896
0.26922,2.124,5.0907
0.10955,2.0685,5.0807
-0.057226,2.02,5.0598
-0.22213,1.9688,5.0296
-0.43565,1.913,4.9905
-0.61851,1.8599,4.9432
-0.76584,1.7968,4.8882
-0.89522,1.7331,4.8249
-0.92738,1.6693,4.7527
-0.88812,1.6023,4.6726
-0.82791,1.5282,4.5856
-0.78977,1.4508,4.491
-0.67572,1.3841,4.3888
-0.63421,1.3144,4.2818
-0.6402,1.2254,4.1684
-0.55494,1.134,4.0458
-0.55606,1.0667,3.9176
-0.5957,0.99439,3.7859
-0.65403,0.90212,3.6476
-0.70937,0.82647,3.5041
-0.75911,0.74949,3.3586
-0.7722,0.66431,3.2102
-0.71461,0.59186,3.0592
-0.6918,0.50151,2.9038
-0.65179,0.41592,2.7431
-0.60318,0.31025,2.5772
-0.55382,0.20138,2.4026
-0.47753,0.10252,2.2224
-0.37956,-0.015168,2.0355
-0.23784,-0.097143,1.8465
-0.1264,-0.23085,1.6515
-0.015719,-0.31438,1.4521
0.072157,-0.43607,1.2513
0.12002,-0.5367,1.0417
0.17798,-0.63086,0.83813
0.17761,-0.78287,0.62088
0.21837,-0.81064,0.41589
0.23931,-1.1262,0.19427
0.17088,-0.74582,-0.0090049
0.20677,0.0083162,-0.036955
0.23669,-0.1013,-0.016327
0.25053,-0.08779,-0.027878
0.34476,-0.044706,-0.0208
0.37243,-0.085417,-0.025516
0.4001,-0.034306,-0.02387
0.45843,-0.071969,-0.024354
0.40758,-0.037658,-0.025674
0.36794,-0.055994,-0.024403
0.35074,-0.049329,-0.026536
0.26025,-0.040833,-0.025381
0.19032,-0.048819,-0.026716
0.11105,-0.034947,-0.02651
0.025414,-0.041433,-0.027132
-0.025067,-0.035828,-0.027552
-0.066948,-0.035371,-0.027485
-0.071436,-0.033144,-0.028351
-0.06807,-0.03413,-0.028703
-0.052365,-0.03497,-0.029757
-0.014597,-0.033519,-0.030754
-0.0037528,-0.037943,-0.031777
0.0078393,-0.035131,-0.033075
0.035511,-0.029425,-0.033569
0.063182,-0.031648,-0.034053
0.064678,-0.026508,-0.035095
0.02691,-0.026576,-0.034653
0.0127,-0.029463,-0.035939
0.010083,-0.019378,-0.035632
-0.044138,-0.036312,-0.036528
-0.075549,-0.013788,-0.037394
-0.071436,-0.033954,-0.03625
-0.083776,-0.01955,-0.039084
-0.060591,-0.015906,-0.036156
-0.038903,-0.044537,-0.040288
-0.014223,0.012631,-0.036708
0.021301,-0.07048,-0.039669
0.068791,0.039759,-0.039793
0.10282,-0.088206,-0.035826
0.13386,0.039958,-0.047254
0.15966,-0.089762,-0.021962
0.13498,-1.7061,-0.201
0.28007,-2.1749,-0.60372
0.32419,-1.876,-0.95234
0.32531,-2.0951,-1.291
0.56613,-2.0096,-1.6174
0.62185,-2.0884,-1.9125
0.743,-2.1067,-2.2011
0.918,-2.1339,-2.4642
0.86378,-2.206,-2.7215
0.89557,-2.2134,-2.9608
0.91688,-2.2799,-3.1897
0.91015,-2.29,-3.4066
0.93595,-2.3378,-3.6105
0.94867,-2.3652,-3.8063
0.96213,-2.387,-3.9886
0.89819,-2.405,-4.16
0.86715,-2.4106,-4.3177
0.82714,-2.4259,-4.4634
0.74712,-2.4102,-4.596
0.71832,-2.3804,-4.7101
0.68392,-2.3629,-4.8074
0.64204,-2.3518,-4.893
0.63568,-2.327,-4.9664
0.63867,-2.299,-5.0259
0.58744,-2.265,-5.0725
0.53173,-2.2251,-5.1063
0.45843,-2.1859,-5.128
0.34663,-2.1438,-5.138
0.21276,-2.0965,-5.1367
0.020927,-2.0421,-5.124
-0.14735,-1.9944,-5.1006
-0.33469,-1.9472,-5.0689
-0.50034,-1.8919,-5.0288
-0.6114,-1.8337,-4.9801
-0.74041,-1.7726,-4.9234
-0.77967,-1.7096,-4.8578
-0.81408,-1.6435,-4.784
-0.80548,-1.5705,-4.7027
-0.78192,-1.4979,-4.613
-0.73592,-1.4297,-4.5163
-0.64543,-1.356,-4.4131
-0.80248,-1.2835,-4.3035
-0.798,-1.2066,-4.1885
-0.56653,-1.1261,-4.0665
-0.48539,-1.0479,-3.9376
-0.46332,-0.96046,-3.8032
-0.53288,-0.87724,-3.6632
-0.60355,-0.80456,-3.5188
-0.60804,-0.72902,-3.3721
-0.5957,-0.652,-3.2227
-0.5785,-0.57062,-3.07
-0.57401,-0.48226,-2.9122
-0.57812,-0.39495,-2.7499
-0.59009,-0.2788,-2.58
-0.54783,-0.1768,-2.4021
-0.42107,-0.071856,-2.2189
-0.25055,0.027792,-2.0282
-0.11967,0.12746,-1.8367
-0.039277,0.25159,-1.6371
-0.0041267,0.32811,-1.4368
0.009335,0.47972,-1.2313
0.044485,0.53335,-1.022
0.10469,0.67486,-0.81559
0.20416,0.77943,-0.59605
0.28867,0.8779,-0.39178
0.30923,1.1264,-0.15831
0.30849,0.43936,0.0026325
0.34625,-0.074406,-0.006643
0.39075,0.11837,-0.013283
0.42328,0.015649,-0.0056832
0.43749,0.039542,-0.011446
0.39935,0.031414,-0.0059456
0.36009,0.013936,-0.0093799
0.31185,0.032752,-0.0062568
0.23557,-0.00139,-0.0070441
0.22173,0.028055,-0.0068267
0.25015,0.0073115,-0.005507
0.25464,0.015012,-0.0060918
0.25314,0.010832,-0.0047159
0.19593,0.0087399,-0.0051395
0.1017,0.0076189,-0.0039923
0.030276,-0.00070015,-0.0038461
-0.022076,0.0067079,-0.0035612
-0.04526,0.004376,-0.0029763
-0.063583,0.0085824,-0.0024252
-0.067322,0.0082637,-0.0011879
-0.056852,0.0086311,-3.3185e-05
-0.049747,0.0055982,0.0010016
-0.013849,0.0042673,0.0021563
0.022423,0.0010131,0.0028462
0.058321,0.0030226,0.0033336
0.05346,-0.0047078,0.0039072
0.038876,-0.0007189,0.0039859
0.028406,0.0046347,0.0052644
-0.051617,-0.0041455,0.004687
-0.075549,0.0097971,0.0062879
-0.070314,-0.015156,0.0057143
-0.064705,0.012789,0.006093
-0.013849,-0.016397,0.0077538
0.020179,0.0019654,0.0055306
0.02878,0.0047472,0.010007
0.050094,-0.021755,0.004852
0.081505,0.039264,0.011263
0.079635,-0.072951,0.0061642
0.084497,0.099537,0.0095197
0.09908,-0.1555,0.010847
0.080757,0.36632,0.0029999
0.058695,2.0923,0.25029
0.2337,2.1768,0.65147
0.36383,1.9152,0.98479
0.38365,2.0805,1.3274
0.62297,1.9829,1.6445
0.66934,2.0864,1.94
0.66934,2.0679,2.223
0.80545,2.1315,2.485
0.72954,2.1735,2.7412
0.75085,2.1878,2.9774
0.8305,2.2462,3.2046
0.83163,2.2595,3.4181
0.85219,2.3104,3.6218
0.85182,2.3198,3.8157
0.90118,2.3413,3.9964
0.87164,2.3546,4.1664
0.86004,2.3595,4.3218
0.84621,2.369,4.4646
0.72318,2.3518,4.5935
0.69776,2.3113,4.7041
0.65176,2.2888,4.7986
0.57174,2.2801,4.8816
0.53921,2.2433,4.9512
0.54294,2.2152,5.0075
0.54108,2.1815,5.052
0.49433,2.1371,5.0826
0.44198,2.099,5.1009
0.31185,2.0563,5.1086
0.15068,2.0028,5.1046
-0.045634,1.9475,5.0894
-0.23971,1.9041,5.0646
-0.4263,1.8515,5.0307
-0.63459,1.8,4.9883
-0.70713,1.7436,4.9384
-0.75499,1.6747,4.8802
-0.79239,1.6146,4.8127
-0.75911,1.5538,4.7372
-0.72284,1.4838,4.6545
-0.69516,1.407,4.5635
-0.65067,1.3384,4.4644
-0.58485,1.277,4.3601
-0.58074,1.1992,4.2501
-0.58298,1.1089,4.1305
-0.59233,1.0346,4.0046
-0.60579,0.96354,3.8752
-0.62337,0.88058,3.7396
-0.63907,0.80293,3.5984
-0.61851,0.72743,3.4542
-0.63496,0.6534,3.307
-0.62075,0.58549,3.1573
-0.59345,0.50056,3.0039
-0.58111,0.4097,2.8447
-0.53325,0.32261,2.6815
-0.46033,0.20917,2.5096
-0.38405,0.10926,2.3305
-0.3115,0.0019616,2.1462
-0.22699,-0.088693,1.9559
-0.15557,-0.20036,1.7634
-0.063209,-0.30645,1.5627
0.037006,-0.39046,1.3627
0.099454,-0.52994,1.1543
0.14657,-0.58118,0.94663
0.17275,-0.75301,0.73588
0.1978,-0.79237,0.5192
0.22921,-0.97827,0.3131
0.2165,-1.0899,0.077121
0.2165,-0.27236,-0.042196
0.28979,0.015312,-0.018333
0.32868,-0.14528,-0.021865
0.36196,-0.028345,-0.023169
0.39187,-0.087587,-0.020507
0.36906,-0.04976,-0.024339
0.40534,-0.058896,-0.021047
0.40571,-0.058712,-0.024684
0.34924,-0.032233,-0.022577
0.32905,-0.055676,-0.024185
0.28306,-0.03768,-0.024332
0.20565,-0.045557,-0.024219
0.11404,-0.034985,-0.025393
0.045233,-0.037789,-0.024991
-0.008614,-0.033444,-0.026041
-0.030302,-0.029388,-0.025891
-0.028807,-0.037328,-0.026364
-0.065827,-0.029504,-0.026866
-0.061713,-0.032552,-0.027518
-0.028059,-0.036057,-0.028801
-0.01871,-0.032608,-0.029835
0.0018563,-0.033534,-0.031084
0.028032,-0.026876,-0.032107
0.03925,-0.0246,-0.032152
0.029528,-0.029579,-0.033266
0.019805,-0.02156,-0.033457
0.013448,-0.032274,-0.033821
0.0014823,-0.019498,-0.034732
-0.021702,-0.023333,-0.033971
-0.038903,-0.027768,-0.036183
-0.022824,-0.0157,-0.034657
-0.032172,-0.037283,-0.036681
-0.038903,0.0018642,-0.035916
-0.034042,-0.046554,-0.036093
-0.0011352,-0.0019898,-0.038308
0.054956,-0.037302,-0.034312
0.084123,-0.025316,-0.041529
0.12339,0.010269,-0.031796
0.11516,-0.10555,-0.045188
0.14059,0.17166,-0.027987
0.10656,-0.91708,-0.075493
0.16115,-2.2175,-0.41238
0.33429,-1.9334,-0.80105
0.29989,-1.9846,-1.1311
0.47077,-2.0497,-1.4728
0.64578,-2.0037,-1.7768
0.66111,-2.0975,-2.0717
0.8593,-2.0648,-2.345
0.87725,-2.1557,-2.6045
0.84397,-2.1626,-2.8545
0.89893,-2.2083,-3.0873
0.8507,-2.2408,-3.3115
0.8406,-2.265,-3.5209
0.85593,-2.3119,-3.7227
0.87313,-2.3189,-3.9122
0.84583,-2.3424,-4.0899
0.79573,-2.3455,-4.255
0.76581,-2.3582,-4.4071
0.68467,-2.3546,-4.5482
0.6024,-2.3175,-4.6712
0.56015,-2.2963,-4.7762
0.53135,-2.2834,-4.8685
0.47601,-2.2601,-4.9488
0.4977,-2.2305,-5.0152
0.51976,-2.1969,-5.0688
0.45507,-2.1582,-5.1097
0.42366,-2.1179,-5.1371
0.33728,-2.0784,-5.1534
0.21014,-2.0288,-5.1588
0.069913,-1.9769,-5.1517
-0.10584,-1.9297,-5.1338
-0.28944,-1.8786,-5.1069
-0.4637,-1.8259,-5.0715
-0.57737,-1.7745,-5.0276
-0.65852,-1.7188,-4.9755
-0.69217,-1.6546,-4.915
-0.70227,-1.5944,-4.8462
-0.69778,-1.528,-4.7694
-0.68432,-1.4543,-4.6842
-0.70451,-1.3874,-4.5919
-0.68694,-1.3125,-4.4925
-0.6488,-1.2432,-4.3855
-0.60766,-1.177,-4.2735
-0.58635,-1.0934,-4.155
-0.59458,-1.0093,-4.0281
-0.58037,-0.93233,-3.8957
-0.58111,-0.85627,-3.7582
-0.56316,-0.78083,-3.6154
-0.53848,-0.71241,-3.4696
-0.54073,-0.64052,-3.3214
-0.51268,-0.5611,-3.1703
-0.48539,-0.47169,-3.0144
-0.46557,-0.38935,-2.8531
-0.41359,-0.29011,-2.6865
-0.3403,-0.17593,-2.5107
-0.26364,-0.082931,-2.3293
-0.17352,0.033288,-2.1409
-0.096489,0.11297,-1.9483
-0.040025,0.2293,-1.7521
0.019805,0.32159,-1.5491
0.052712,0.42973,-1.3472
0.10469,0.54665,-1.1348
0.15143,0.6049,-0.92844
0.15405,0.78798,-0.71101
0.19817,0.79706,-0.49716
0.24454,1.0654,-0.2816
0.23519,0.90516,-0.054921
0.28568,0.044719,0.010663
0.36981,0.020804,-0.017009
0.40534,0.090566,-0.0051321
0.47825,-0.004303,-0.0099235
0.48424,0.063123,-0.0080339
0.41693,0.001658,-0.0070629
0.41132,0.039635,-0.0083151
0.37318,0.015499,-0.0053945
0.32344,0.010667,-0.007554
0.28755,0.023084,-0.0051395
0.19855,0.010007,-0.0057844
0.13236,0.016523,-0.0046597
0.088236,0.004331,-0.004401
0.038502,0.013898,-0.004356
-0.010858,0.0050883,-0.0033812
-0.023945,0.0067566,-0.0035761
-0.00038735,0.0071015,-0.0026876
-0.031798,0.002554,-0.0022827
-0.033668,0.0066779,-0.0013604
-0.0052485,0.0040461,-3.6934e-05
-0.013849,0.0094897,0.0006979
0.031397,0.01115,0.0020251
0.063182,-0.0028071,0.0030824
0.048599,0.0015343,0.0033711
0.041868,0.0020404,0.0045633
0.011953,-0.0044829,0.0043196
-0.012727,0.0090435,0.0052831
-0.038155,-0.0061962,0.0054781
-0.052365,0.011645,0.005868
-0.043764,-0.004884,0.007109
-0.049373,0.0021004,0.0057555
-0.029555,0.008335,0.0088636
0.0082132,-0.014167,0.0060105
0.017188,0.024516,0.0093585
0.05346,-0.039315,0.0074202
0.11067,0.048839,0.0081287
0.15667,-0.046667,0.011319
0.18247,0.031804,0.0039297
0.14283,-0.0097315,0.018551
0.15517,-0.062195,-0.0086825
0.11628,1.5556,0.12662
0.16714,2.338,0.51413
0.3814,1.8965,0.87013
0.35149,2.0536,1.2055
0.47451,1.9921,1.5394
0.62072,2.0186,1.8374
0.53434,2.0625,2.1299
0.67457,2.0599,2.3975
0.70299,2.1366,2.6585
0.69663,2.1318,2.9028
0.79947,2.1865,3.1338
0.76768,2.197,3.3543
0.79087,2.2427,3.5613
0.78451,2.2654,3.7611
0.80021,2.2752,3.9476
0.80059,2.2961,4.1234
0.72767,2.2832,4.2853
0.73141,2.295,4.4343
0.61025,2.2885,4.5707
0.51004,2.2552,4.689
0.49471,2.231,4.7912
0.4345,2.2071,4.88
0.41618,2.1812,4.9556
0.41281,2.1545,5.0191
0.43114,2.1112,5.0695
0.41768,2.0692,5.1062
0.36607,2.0361,5.1313
0.30736,1.9853,5.1448
0.18434,1.9347,5.146
0.022423,1.8923,5.1364
-0.11743,1.8387,5.1169
-0.28084,1.7885,5.0876
-0.47267,1.7427,5.0498
-0.56952,1.6882,5.0041
-0.61028,1.6285,4.9499
-0.63234,1.5684,4.8872
-0.60878,1.5063,4.8162
-0.577,1.4401,4.7371
-0.55756,1.369,4.6499
-0.55157,1.2987,4.5546
-0.53624,1.2355,4.4533
-0.55718,1.1568,4.3458
-0.57176,1.0743,4.2294
-0.57924,1.0082,4.1058
-0.62,0.93261,3.9777
-0.62561,0.85456,3.844
-0.61739,0.78325,3.705
-0.61103,0.71004,3.5615
-0.59196,0.6384,3.415
-0.55157,0.56826,3.2659
-0.51268,0.48832,3.1134
-0.48651,0.40153,2.9559
-0.47379,0.323,2.7933
-0.44201,0.21003,2.6248
-0.36161,0.11351,2.4466
-0.27673,0.029483,2.2645
-0.16567,-0.085319,2.0754
-0.080036,-0.16981,1.8827
-0.017589,-0.29127,1.6846
0.037754,-0.36536,1.4818
0.069165,-0.49318,1.2778
0.11927,-0.58008,1.0647
0.10918,-0.66626,0.8582
0.071035,-0.82393,0.63782
0.10619,-0.83731,0.42831
0.13909,-1.1432,0.20376
0.12974,-0.76126,-0.0038498
0.21837,0.0098945,-0.034619
0.33055,-0.09684,-0.012934
0.38028,-0.086328,-0.024954
0.45357,-0.039004,-0.018299
0.47564,-0.079561,-0.022539
0.46853,-0.032143,-0.020841
0.44834,-0.070312,-0.021546
0.37804,-0.029886,-0.022899
0.34102,-0.050644,-0.021388
0.30736,-0.04249,-0.023608
0.23258,-0.033159,-0.022449
0.1548,-0.04231,-0.023912
0.088236,-0.027719,-0.023792
0.044485,-0.040098,-0.024163
0.017562,-0.032184,-0.024744
0.010457,-0.032364,-0.024871
0.011953,-0.034381,-0.025659
0.010083,-0.029894,-0.025955
-0.00038735,-0.033137,-0.02693
-0.00824,-0.030614,-0.028234
0.0070914,-0.032409,-0.029273
0.021675,-0.034089,-0.030484
0.046355,-0.023202,-0.031099
0.06206,-0.028447,-0.031511
0.040746,-0.024056,-0.032152
0.011579,-0.029605,-0.03201
-0.0015092,-0.029616,-0.033626
-0.030676,-0.015048,-0.032996
-0.088263,-0.035858,-0.034361
-0.10434,-0.01077,-0.034323
-0.095368,-0.033695,-0.034166
-0.08228,-0.011224,-0.036048
-0.060217,-0.026156,-0.033536
-0.035911,-0.026471,-0.038012
0.034389,0.0062955,-0.033135
0.078888,-0.065427,-0.038803
0.12039,0.041971,-0.034526
0.16003,-0.1205,-0.036655
0.17723,0.11258,-0.040243
0.14919,-0.31993,-0.027844
0.10656,-1.9566,-0.26498
0.26773,-2.0908,-0.6716
0.30101,-1.8762,-1.009
0.32606,-2.0635,-1.3511
0.58408,-1.9618,-1.6708
0.62147,-2.0582,-1.9677
0.75908,-2.0325,-2.2529
0.90342,-2.084,-2.5152
0.79647,-2.1274,-2.7727
0.84696,-2.1347,-3.0116
0.83536,-2.1891,-3.2408
0.78376,-2.1955,-3.4567
0.80881,-2.2448,-3.6629
0.78713,-2.2567,-3.8596
0.79274,-2.2728,-4.0428
0.73814,-2.2808,-4.2147
0.67756,-2.2827,-4.373
0.62708,-2.2864,-4.5202
0.54033,-2.2523,-4.6513
0.47377,-2.223,-4.7635
0.42515,-2.2076,-4.8618
0.37729,-2.1872,-4.9484
0.34177,-2.1582,-5.0218
0.33653,-2.1264,-5.0814
0.35373,-2.0891,-5.1284
0.36046,-2.0449,-5.1627
0.30886,-2.0061,-5.1849
0.24716,-1.9609,-5.196
0.12114,-1.9105,-5.1949
-0.032172,-1.8628,-5.1828
-0.16567,-1.8132,-5.1611
-0.34366,-1.7637,-5.1302
-0.42294,-1.7115,-5.0908
-0.48389,-1.6604,-5.0433
-0.55157,-1.6009,-4.9872
-0.52689,-1.5369,-4.9222
-0.52502,-1.4746,-4.8491
-0.52241,-1.4037,-4.7675
-0.52614,-1.3399,-4.6779
-0.52652,-1.27,-4.5813
-0.51904,-1.1992,-4.4769
-0.54297,-1.1421,-4.3678
-0.55157,-1.0647,-4.2533
-0.58149,-0.98058,-4.1294
-0.59009,-0.90933,-3.9994
-0.58971,-0.82944,-3.8646
-0.57401,-0.74821,-3.7233
-0.5239,-0.68543,-3.5783
-0.51717,-0.6185,-3.4317
-0.48838,-0.5429,-3.2815
-0.43752,-0.46681,-3.1272
-0.41247,-0.38022,-2.9674
-0.39265,-0.28983,-2.8023
-0.31637,-0.17938,-2.6291
-0.21652,-0.089454,-2.4472
-0.15146,0.01581,-2.261
-0.065079,0.11435,-2.0679
0.0070914,0.20284,-1.873
0.048972,0.31739,-1.6705
0.077766,0.38087,-1.4671
0.11404,0.52628,-1.2584
0.1462,0.58436,-1.046
0.13498,0.72603,-0.83583
0.11853,0.81729,-0.6116
0.14732,0.89175,-0.40482
0.18957,1.1553,-0.16783
0.18995,0.47218,0.0014365
0.27633,-0.078215,-0.0053682
0.38552,0.11825,-0.013286
0.42964,0.016279,-0.0049408
0.49994,0.033978,-0.011206
0.47564,0.030919,-0.0054507
0.43226,0.012414,-0.0087875
0.42141,0.039455,-0.0058294
0.35523,0.0048559,-0.0063093
0.32307,0.027856,-0.0060581
0.25763,0.0036375,-0.0047309
0.18322,0.015349,-0.0054695
0.13797,0.010337,-0.0039323
0.092349,0.0088336,-0.0043672
0.089732,0.01187,-0.0034637
0.068791,-0.0035044,-0.0033662
0.059443,0.0094522,-0.0027701
0.030276,0.0076039,-0.0019678
-0.01871,0.0046047,-0.001859
-0.00076128,0.0089985,-0.00071928
-0.0045007,0.011807,0.00058168
-0.0048746,0.0058756,0.0016015
0.038502,0.0076826,0.0027374
0.059069,0.0011594,0.0033148
0.059817,-0.0018436,0.003701
0.027284,0.0056694,0.0048707
0.0082132,0.00071697,0.0046083
-0.01011,0.0077014,0.005703
-0.06807,-0.0070997,0.0056356
-0.09088,0.0069141,0.0062617
-0.084897,-0.0086368,0.0073264
-0.077045,0.0028052,0.0063254
-0.082654,-0.0043892,0.0091673
-0.058722,-0.015036,0.0061229
-1.3407e-05,0.024549,0.010101
0.061312,-0.044286,0.0072552
0.11217,0.043906,0.0090136
0.12862,-0.057115,0.010794
0.14657,0.047441,0.0050207
0.12152,-0.041463,0.018207
0.13086,-0.0078458,-0.0086038
0.11927,1.6619,0.14692
0.19369,2.2934,0.53958
0.39225,1.8683,0.88898
0.36869,2.0293,1.224
0.50779,1.9495,1.5527
0.62222,1.9935,1.8493
0.522,2.0046,2.1405
0.66522,2.0186,2.4053
0.66148,2.085,2.6643
0.65213,2.0702,2.9058
0.75983,2.1284,3.1353
0.69589,2.1299,3.3546
0.70486,2.1792,3.5619
0.69962,2.1983,3.7612
0.71421,2.2008,3.9464
0.73141,2.2068,4.1199
0.64914,2.1897,4.2791
0.63493,2.1981,4.4258
0.52687,2.162,4.5569
0.41768,2.1295,4.6693
0.38926,2.1233,4.7677
0.30811,2.0875,4.853
0.2767,2.0584,4.9256
0.29689,2.0306,4.9855
0.31073,1.9891,5.0324
0.30699,1.9477,5.0666
0.28343,1.9004,5.0881
0.23295,1.8587,5.098
0.1432,1.8071,5.097
0.017936,1.7597,5.0846
-0.12042,1.716,5.0623
-0.25803,1.6562,5.0316
-0.39938,1.6076,4.9927
-0.45323,1.5628,4.9455
-0.45136,1.5033,4.8893
-0.46968,1.4315,4.8242
-0.44051,1.38,4.7509
-0.39078,1.3084,4.6693
-0.38293,1.2185,4.5794
-0.40648,1.1786,4.4829
-0.40088,1.1178,4.3805
-0.4435,1.0275,4.2696
-0.51156,0.95599,4.1509
-0.5082,0.8937,4.0268
-0.53848,0.82191,3.8969
-0.54933,0.73953,3.7616
-0.53138,0.66984,3.6211
-0.50595,0.61138,3.4767
-0.46257,0.54223,3.3302
-0.46071,0.46382,3.1805
-0.41471,0.38713,3.026
-0.37433,0.30526,2.866
-0.37881,0.2078,2.7005
-0.33581,0.10515,2.5254
-0.27561,0.026195,2.3445
-0.20867,-0.087377,2.1578
-0.13351,-0.17426,1.9649
-0.062835,-0.27194,1.7699
-0.0074922,-0.37103,1.5667
0.03925,-0.45726,1.3646
0.066548,-0.58327,1.1532
0.0744,-0.63091,0.94451
0.073652,-0.80437,0.73002
0.060939,-0.82369,0.51131
0.091975,-1.0274,0.30062
0.088984,-1.0545,0.064445
0.12002,-0.20211,-0.038957
0.22323,0.0024753,-0.011974
0.26735,-0.13276,-0.01873
0.35972,-0.022287,-0.017898
0.41394,-0.091704,-0.016567
0.40945,-0.035562,-0.019889
0.42254,-0.051267,-0.016983
0.37579,-0.048324,-0.020406
0.3556,-0.034741,-0.01819
0.32157,-0.050633,-0.020196
0.25613,-0.028529,-0.019975
0.21313,-0.044462,-0.020162
0.16115,-0.033118,-0.021242
0.12413,-0.032792,-0.020995
0.099454,-0.030002,-0.022015
0.091601,-0.03097,-0.02194
0.073278,-0.032447,-0.022389
0.067669,-0.026325,-0.022851
0.047851,-0.028904,-0.02351
0.033641,-0.02995,-0.024455
0.07627,-0.030539,-0.025696
0.042242,-0.027663,-0.026843
0.033641,-0.027007,-0.027751
0.058695,-0.022002,-0.027931
0.03065,-0.025905,-0.028493
0.022797,-0.02021,-0.029367
-0.0067443,-0.027033,-0.029352
-0.037781,-0.027697,-0.030694
-0.064331,-0.01675,-0.030034
-0.083776,-0.031869,-0.031526
-0.087889,-0.0058963,-0.031136
-0.11294,-0.034617,-0.031639
-0.087889,-0.0065411,-0.033045
-0.055356,-0.023209,-0.03063
-0.029928,-0.02872,-0.035264
0.032145,-0.0072422,-0.030285
0.067669,-0.057198,-0.03649
0.12787,0.047636,-0.031061
0.1447,-0.11782,-0.034728
0.16714,0.13724,-0.035751
0.14956,-0.3915,-0.029097
0.081879,-2.0145,-0.28045
0.25389,-2.0616,-0.68444
0.28418,-1.866,-1.0181
0.30175,-2.0353,-1.3594
0.56052,-1.925,-1.6755
0.59044,-2.0154,-1.9705
0.69813,-1.9905,-2.2526
0.84658,-2.0462,-2.5141
0.76918,-2.0725,-2.7702
0.80695,-2.0819,-3.0063
0.79947,-2.1324,-3.2343
0.74412,-2.1412,-3.4498
0.76693,-2.1827,-3.6555
0.74375,-2.1832,-3.8509
0.74936,-2.1953,-4.0321
0.70336,-2.1996,-4.2018
0.64503,-2.1994,-4.3586
0.59118,-2.1838,-4.5021
0.47227,-2.1454,-4.6271
0.40459,-2.1245,-4.7355
0.35373,-2.1055,-4.8313
0.30213,-2.0766,-4.9139
0.28829,-2.0436,-4.983
0.28867,-2.01,-5.0395
0.28119,-1.9704,-5.0829
0.26436,-1.9319,-5.114
0.23968,-1.8896,-5.1336
0.18247,-1.8379,-5.1409
0.063182,-1.7879,-5.1365
-0.04713,-1.7442,-5.1217
-0.14884,-1.6971,-5.0975
-0.30664,-1.6473,-5.0648
-0.39489,-1.5977,-5.0237
-0.43154,-1.539,-4.974
-0.45098,-1.4811,-4.9156
-0.44238,-1.4238,-4.8487
-0.43416,-1.3593,-4.7732
-0.40835,-1.294,-4.6896
-0.44201,-1.2218,-4.5978
-0.42144,-1.155,-4.4979
-0.38816,-1.0997,-4.3932
-0.44089,-1.0264,-4.2828
-0.44911,-0.94635,-4.1632
-0.45584,-0.8767,-4.037
-0.48202,-0.80194,-3.9055
-0.50146,-0.72632,-3.7674
-0.46594,-0.66048,-3.6247
-0.43416,-0.59572,-3.48
-0.42369,-0.52391,-3.3325
-0.37133,-0.4524,-3.1807
-0.38293,-0.36648,-3.0236
-0.37769,-0.2823,-2.8612
-0.31973,-0.18483,-2.6927
-0.26813,-0.085664,-2.5141
-0.19895,0.0023778,-2.3307
-0.12827,0.11321,-2.1402
-0.037407,0.19233,-1.9457
0.019057,0.3058,-1.7467
0.039998,0.381,-1.542
0.078514,0.49731,-1.3369
0.078514,0.58673,-1.123
0.096837,0.66538,-0.91491
0.099828,0.82859,-0.69277
0.084123,0.81901,-0.4804
0.13834,1.1256,-0.25706
0.10955,0.82124,-0.036805
0.1346,-0.013769,0.0083724
0.25314,0.055134,-0.016436
0.29727,0.077261,-0.0038198
0.36271,0.0056507,-0.01004
0.38626,0.059269,-0.0062793
0.38178,0.00056326,-0.0069654
0.36532,0.03733,-0.0070591
0.31671,0.0085412,-0.0049633
0.31297,0.017561,-0.0068192
0.27595,0.014266,-0.0041198
0.23033,0.0044435,-0.0051508
0.19817,0.015683,-0.0038536
0.1533,0.0021154,-0.0036961
0.1376,0.0079938,-0.0034749
0.10768,0.0042298,-0.0026614
0.10544,0.0049721,-0.0026276
0.11479,0.0045147,-0.0018328
0.069913,0.0063517,-0.0016041
0.050094,0.0063405,-0.00085425
0.053086,0.0058306,0.00067166
0.05346,0.0086799,0.0017327
0.069165,0.0070228,0.0025987
0.093097,0.0027827,0.0036223
0.096463,0.0026102,0.0039447
0.079635,0.0043348,0.0052194
0.057573,-0.00018279,0.0049645
0.026162,0.0096621,0.005883
-0.010858,-0.0053714,0.0066028
-0.050121,0.0038999,0.0060817
-0.064705,-0.0074521,0.0079675
-0.063209,-0.0024022,0.0064641
-0.053861,0.015582,0.0091935
-0.028059,-0.023202,0.0070715
-0.02245,0.02558,0.009366
0.0070914,-0.034629,0.009261
0.053086,0.031099,0.0077463
0.074026,-0.028743,0.013085
0.11853,-0.002211,0.0039447
0.11815,0.029401,0.019301
0.11965,-0.14474,-0.0062793
0.10544,1.2999,0.090884
0.14134,2.3365,0.46105
0.30886,1.8984,0.82829
0.30886,1.9815,1.1597
0.40646,1.9569,1.4968
0.55678,1.9511,1.7976
0.46517,2.007,2.0929
0.56576,1.9699,2.3631
0.63045,2.0514,2.6247
0.58744,2.0399,2.8723
0.68878,2.0768,3.1049
0.68168,2.0913,3.3283
0.7,2.1273,3.538
0.71757,2.1603,3.7411
0.70112,2.1566,3.9307
0.71645,2.1668,4.1084
0.64802,2.1619,4.2729
0.62297,2.1609,4.4245
0.54332,2.135,4.5619
0.44834,2.0989,4.6808
0.38066,2.0777,4.7843
0.30849,2.05,4.8747
0.29764,2.0155,4.9523
0.26735,1.9849,5.0167
0.29016,1.951,5.068
0.2767,1.917,5.1073
0.24679,1.866,5.1337
0.23819,1.8088,5.1479
0.13685,1.7731,5.1512
0.019805,1.7221,5.1434
-0.099481,1.669,5.1246
-0.20568,1.6318,5.0972
-0.33805,1.581,5.0615
-0.42892,1.5186,5.0167
-0.44201,1.4689,4.9636
-0.45921,1.4176,4.9021
-0.44163,1.3481,4.8321
-0.41434,1.2864,4.753
-0.40798,1.2195,4.666
-0.41434,1.1538,4.5723
-0.38367,1.0969,4.4713
-0.4106,1.0262,4.3633
-0.47043,0.95049,4.2475
-0.46145,0.87374,4.1246
-0.48763,0.8048,3.9961
-0.50745,0.73977,3.8625
-0.49548,0.66218,3.7231
-0.45173,0.58679,3.5787
-0.41284,0.52334,3.4326
-0.42069,0.46164,3.2832
-0.37657,0.38998,3.1297
-0.34516,0.30468,2.9714
-0.35039,0.22595,2.8068
-0.29468,0.1215,2.6346
-0.23933,0.031099,2.4546
-0.18773,-0.0595,2.2699
-0.10247,-0.16257,2.077
-0.032546,-0.23543,1.8828
0.026162,-0.35628,1.6816
0.062434,-0.42607,1.4766
0.088236,-0.55262,1.2691
0.10506,-0.6247,1.0545
0.082253,-0.73291,0.84516
0.044485,-0.85355,0.62028
0.066174,-0.87984,0.4111
0.083749,-1.1762,0.17947
0.06393,-0.6483,-0.014512
0.16863,0.035976,-0.026802
0.24903,-0.12429,-0.010925
0.29615,-0.063852,-0.021692
0.38402,-0.04862,-0.01437
0.35523,-0.071459,-0.019949
0.34177,-0.032717,-0.017186
0.34214,-0.067714,-0.01882
0.28007,-0.027446,-0.019319
0.2782,-0.049014,-0.01849
0.24791,-0.034295,-0.02032
0.18696,-0.03539,-0.019349
0.16415,-0.03903,-0.0208
0.12563,-0.030614,-0.020522
0.096837,-0.036777,-0.021347
0.068417,-0.029545,-0.021606
0.073278,-0.034003,-0.021846
0.078514,-0.027434,-0.022536
0.048972,-0.026118,-0.022757
0.044859,-0.030021,-0.023743
0.053086,-0.030329,-0.024928
0.063182,-0.029796,-0.02618
0.072905,-0.029736,-0.027458
0.09048,-0.022467,-0.027859
0.083375,-0.031596,-0.028204
0.058695,-0.033017,-0.02916
0.039624,-0.021938,-0.029022
0.0052217,-0.02676,-0.030443
-0.033294,-0.016094,-0.029877
-0.050495,-0.031022,-0.030971
-0.037407,-0.0082732,-0.031567
-0.046756,-0.028297,-0.03087
-0.049373,-0.015797,-0.033446
-0.029555,-0.014185,-0.030266
-0.015719,-0.03476,-0.034747
0.050468,0.014461,-0.030938
0.096463,-0.067732,-0.034503
0.1361,0.042916,-0.033318
0.15181,-0.09585,-0.031151
0.12787,0.069811,-0.040659
0.12451,-0.14991,-0.018127
0.062434,-1.7986,-0.21286
0.17611,-2.1468,-0.61602
0.24155,-1.8317,-0.95989
0.23332,-2.0275,-1.2991
0.4891,-1.9199,-1.6239
0.522,-1.9868,-1.9201
0.59791,-1.9797,-2.2085
0.81966,-2.0019,-2.4727
0.72468,-2.0552,-2.732
0.72169,-2.0492,-2.973
0.75347,-2.1009,-3.2037
0.68392,-2.1091,-3.4232
0.71196,-2.1446,-3.6319
0.69215,-2.1505,-3.8314
0.67943,-2.16,-4.0164
0.67719,-2.1651,-4.19
0.61399,-2.1632,-4.3507
0.55603,-2.1558,-4.4991
0.46442,-2.1163,-4.63
0.37729,-2.0908,-4.7434
0.35523,-2.0736,-4.8438
0.3126,-2.0462,-4.9314
0.2595,-2.0162,-5.0057
0.28605,-1.9816,-5.0666
0.31036,-1.9423,-5.1144
0.29914,-1.9032,-5.1496
0.27259,-1.8596,-5.1732
0.21201,-1.8136,-5.185
0.12189,-1.7644,-5.185
-0.0063704,-1.7133,-5.1741
-0.10546,-1.6654,-5.1532
-0.22625,-1.6214,-5.1237
-0.35114,-1.5735,-5.086
-0.40873,-1.5164,-5.0394
-0.43752,-1.4594,-4.9838
-0.41359,-1.403,-4.9194
-0.40274,-1.3429,-4.8472
-0.38891,-1.2756,-4.7663
-0.38106,-1.2049,-4.6773
-0.39826,-1.1408,-4.5806
-0.38106,-1.0839,-4.4776
-0.39751,-1.0147,-4.3692
-0.42107,-0.93681,-4.2524
-0.42219,-0.86964,-4.1284
-0.44051,-0.79497,-3.9986
-0.44014,-0.71908,-3.8619
-0.41471,-0.65216,-3.7204
-0.40387,-0.59006,-3.5764
-0.39826,-0.52363,-3.4296
-0.36759,-0.44929,-3.2786
-0.35114,-0.37536,-3.123
-0.35152,-0.2927,-2.9619
-0.31263,-0.19837,-2.7951
-0.2685,-0.092667,-2.6188
-0.21353,-0.01372,-2.4354
-0.12229,0.089512,-2.2473
-0.037781,0.17454,-2.0521
0.031023,0.26665,-1.8553
0.078888,0.38166,-1.6503
0.10768,0.44909,-1.4453
0.11404,0.58478,-1.2333
0.11067,0.63142,-1.0204
0.10132,0.77756,-0.8054
0.077392,0.83204,-0.58141
0.097958,0.9736,-0.37096
0.10581,1.1259,-0.12867
0.11105,0.31739,0.010378
0.20079,-0.065738,-0.0096086
0.26548,0.12628,-0.0095861
0.32569,0.00034957,-0.0056419
0.37318,0.044292,-0.0095186
0.32905,0.023481,-0.0047871
0.32905,0.020887,-0.0082926
0.33728,0.032617,-0.004371
0.29652,0.0043273,-0.0059906
0.27857,0.024163,-0.0049034
0.24566,0.0055644,-0.0041948
0.20416,0.017621,-0.0044834
0.15442,0.011293,-0.0032237
0.12787,0.0093247,-0.0036061
0.12526,0.0031276,-0.0025301
0.099454,0.004406,-0.0025076
0.096837,0.0099358,-0.0017803
0.08861,0.0021566,-0.0012179
0.057199,0.0083762,-0.00094798
0.047851,0.0093884,0.00038297
0.059443,0.0082975,0.0017777
0.069913,0.0055607,0.00249
0.094967,0.0036412,0.0036972
0.11666,9.4636e-05,0.0044021
0.097958,0.0070978,0.0048107
0.075896,0.00094941,0.0054631
0.054208,0.0021191,0.005688
0.032893,0.00056326,0.007019
0.019057,-0.0046479,0.0062692
-0.024693,0.010071,0.008005
-0.039277,-0.014298,0.0073039
-0.031798,0.011375,0.0081587
-0.025815,-0.018144,0.009366
0.0059696,0.0080575,0.0073902
0.020927,0.00035332,0.011544
0.069539,-0.014909,0.0064679
0.099454,0.028557,0.013344
0.13012,-0.062971,0.0067153
0.1376,0.095323,0.012714
0.099454,-0.17498,0.010022
0.10282,0.48289,0.011439
0.054956,2.1219,0.27964
0.21537,2.09,0.67858
0.3399,1.8667,1.009
0.29951,2.0043,1.3512
0.48349,1.9001,1.6661
0.46853,1.9836,1.9635
0.4446,1.9463,2.2461
0.5751,2.0052,2.5086
0.51602,2.028,2.7654
0.58595,2.0229,3.003
0.64952,2.0725,3.2319
0.6196,2.0752,3.4477
0.65662,2.1154,3.6552
0.6484,2.1197,3.8517
0.68355,2.123,4.0345
0.64727,2.1248,4.2055
0.59978,2.1177,4.3623
0.55454,2.1076,4.5067
0.41805,2.0595,4.6331
0.36084,2.0354,4.7424
0.30437,2.0215,4.8392
0.24866,1.9869,4.9224
0.23033,1.9578,4.9928
0.27109,1.9095,5.0509
0.2853,1.8597,5.0952
0.25987,1.8267,5.1265
0.26885,1.7812,5.1464
0.17798,1.7291,5.1548
0.10619,1.6904,5.152
-0.0074922,1.6474,5.1384
-0.15744,1.5938,5.1154
-0.2614,1.5479,5.0838
-0.3919,1.4983,5.0435
-0.41097,1.4387,4.9949
-0.4177,1.3728,4.9376
-0.41621,1.3113,4.8711
-0.36423,1.2696,4.7959
-0.34291,1.2127,4.7131
-0.33955,1.1409,4.6224
-0.36423,1.0784,4.5245
-0.35638,1.0101,4.42
-0.38143,0.93896,4.308
-0.42443,0.86762,4.1878
-0.42144,0.79704,4.0614
-0.44126,0.72927,3.9304
-0.43976,0.65332,3.793
-0.41882,0.58503,3.6503
-0.39938,0.52903,3.5055
-0.37806,0.46419,3.3577
-0.35152,0.39313,3.206
-0.3145,0.30802,3.0496
-0.33244,0.22656,2.8869
-0.31674,0.13327,2.7178
-0.23821,0.033896,2.5397
-0.18736,-0.041073,2.356
-0.12192,-0.14814,2.1657
-0.023198,-0.22271,1.9712
0.03738,-0.33053,1.7738
0.067295,-0.4182,1.5679
0.10731,-0.50857,1.3631
0.097958,-0.62331,1.1486
0.087488,-0.6702,0.93799
0.066922,-0.84626,0.71753
0.038876,-0.84236,0.49886
0.077392,-1.0879,0.28319
0.072157,-1.0075,0.047015
0.10768,-0.12152,-0.037255
0.19668,-0.023697,-0.0089862
0.2494,-0.12688,-0.018895
0.33803,-0.023243,-0.015457
0.34214,-0.088952,-0.01623
0.30662,-0.028353,-0.01801
0.33504,-0.06323,-0.015708
0.30213,-0.041587,-0.019128
0.26698,-0.032316,-0.016672
0.25239,-0.04697,-0.018985
0.20677,-0.029792,-0.018479
0.17536,-0.041917,-0.019105
0.12825,-0.028387,-0.01963
0.11292,-0.03933,-0.019641
0.10245,-0.02896,-0.020564
0.080009,-0.025215,-0.020219
0.089732,-0.033227,-0.021103
0.059069,-0.027082,-0.021478
0.049346,-0.030842,-0.022202
0.055703,-0.030471,-0.023492
0.053834,-0.026557,-0.024541
0.077018,-0.031416,-0.025786
0.10731,-0.024341,-0.026776
0.13086,-0.019569,-0.026731
0.095715,-0.026047,-0.027818
0.075148,-0.014538,-0.027893
0.06393,-0.025852,-0.028336
0.0022302,-0.01669,-0.029442
-0.019832,-0.024236,-0.028831
-0.016841,-0.022392,-0.030551
-0.033294,-0.015794,-0.02928
-0.050869,-0.037369,-0.03171
-0.035538,0.0049121,-0.03024
0.003726,-0.049467,-0.031391
0.050094,0.0059206,-0.032497
0.091228,-0.0393,-0.029385
0.12488,-0.011632,-0.036303
0.14994,0.001583,-0.026345
0.13273,-0.092915,-0.04109
0.14507,0.1641,-0.020095
0.071409,-1.0514,-0.084329
0.077018,-2.243,-0.43488
0.23893,-1.8795,-0.81556
0.19593,-1.9459,-1.1454
0.32756,-1.9663,-1.4862
0.52612,-1.9207,-1.789
0.50592,-1.9881,-2.0842
0.70075,-1.95,-2.3574
0.75011,-2.0293,-2.6192
0.64166,-2.0148,-2.8696
0.69439,-2.0554,-3.1038
0.64092,-2.0773,-3.3302
0.63755,-2.0965,-3.5429
0.66485,-2.1215,-3.7481
0.64802,-2.1189,-3.9398
0.66335,-2.1315,-4.119
0.60427,-2.1236,-4.2859
0.56052,-2.1228,-4.44
0.46928,-2.0928,-4.5794
0.34401,-2.0552,-4.7001
0.30475,-2.0384,-4.806
0.27932,-2.0167,-4.8999
0.24192,-1.9848,-4.9808
0.25277,-1.9503,-5.0482
0.27221,-1.9118,-5.1022
0.26623,-1.8718,-5.1433
0.27408,-1.8316,-5.1723
0.24753,-1.7847,-5.1894
0.17275,-1.7394,-5.1947
0.0658,-1.6902,-5.1886
-0.028807,-1.6387,-5.1721
-0.1552,-1.5952,-5.1468
-0.29617,-1.5452,-5.1132
-0.3403,-1.4917,-5.0704
-0.36685,-1.439,-5.0186
-0.37806,-1.379,-4.9584
-0.35189,-1.318,-4.8897
-0.33992,-1.2575,-4.8124
-0.33768,-1.1917,-4.7263
-0.3388,-1.1276,-4.6327
-0.34067,-1.0702,-4.5327
-0.35413,-1.0024,-4.4267
-0.37283,-0.93061,-4.3133
-0.38592,-0.86216,-4.192
-0.38068,-0.78475,-4.0641
-0.37844,-0.71537,-3.93
-0.37844,-0.64628,-3.7903
-0.35189,-0.58225,-3.6474
-0.33656,-0.52779,-3.5019
-0.31898,-0.45106,-3.3523
-0.29505,-0.37712,-3.1985
-0.29131,-0.29658,-3.0398
-0.27224,-0.21327,-2.8744
-0.2412,-0.11264,-2.7015
-0.19857,-0.017394,-2.5198
-0.12416,0.065481,-2.3335
-0.05573,0.16983,-2.1395
0.012327,0.2445,-1.9434
0.08674,0.36446,-1.7414
0.12039,0.4297,-1.5347
0.11628,0.54262,-1.3269
0.11666,0.62514,-1.1104
0.11516,0.70902,-0.89955
0.077018,0.85735,-0.67393
0.070661,0.8739,-0.46028
0.11441,1.1663,-0.22916
0.10095,0.71911,-0.020747
0.13124,-0.053475,0.0056056
0.22472,0.078948,-0.01512
0.27147,0.05868,-0.0028563
0.33728,0.01199,-0.009721
0.33466,0.049218,-0.0048059
0.29689,0.0035925,-0.006613
0.3126,0.040936,-0.0057582
0.28268,0.00342,-0.0044422
0.26623,0.018603,-0.0056344
0.24155,0.011739,-0.0034524
0.21276,0.012721,-0.0044722
0.19705,0.015604,-0.0030925
0.15405,0.0046272,-0.0031637
0.1361,0.011822,-0.0023802
0.11927,-0.0035569,-0.0020352
0.10394,0.00077696,-0.0018665
0.087114,0.0068616,-0.00090299
0.059817,-4.7826e-05,-0.00080551
0.052338,0.0032663,1.9303e-05
0.066548,0.0094184,0.001354
0.066922,0.0041098,0.0024788
0.096837,0.0063667,0.003566
0.13834,0.0024078,0.0045933
0.11666,0.00031208,0.0047208
0.11254,0.0055382,0.0056618
0.091228,0.00046579,0.0058005
0.047103,0.0027339,0.006809
0.030276,-0.013049,0.007214
-1.3407e-05,0.0096921,0.006809
-0.025815,0.0004358,0.0088411
-0.029555,-0.011782,0.0073302
-0.0097358,0.0034088,0.010187
0.0067175,-0.024068,0.0082525
0.011579,0.024572,0.010067
0.066548,-0.034479,0.01015
0.12189,0.027564,0.0081063
0.11666,-0.032327,0.014067
0.13498,-0.007872,0.0045333
0.1189,0.040569,0.019886
0.1017,-0.15959,-0.004371
0.074026,1.227,0.082505
0.089732,2.3024,0.44656
0.2853,1.8765,0.81589
0.28755,1.9469,1.1448
0.35111,1.933,1.4831
0.50181,1.9115,1.7844
0.39748,1.9619,2.0789
0.50592,1.9213,2.3494
0.53621,2.0003,2.6112
0.44796,1.9795,2.8595
0.57473,2.016,3.0922
0.56949,2.0382,3.3166
0.56762,2.072,3.5287
0.58109,2.0903,3.7332
0.5867,2.0828,3.923
0.62446,2.0947,4.101
0.56912,2.0701,4.2659
0.54108,2.0701,4.4171
0.42478,2.0403,4.553
0.3212,1.9985,4.6702
0.29315,1.9829,4.7734
0.24267,1.9495,4.8645
0.20004,1.9166,4.9414
0.22061,1.8869,5.0053
0.28568,1.8498,5.0571
0.25389,1.8024,5.0952
0.27595,1.7593,5.1212
0.24566,1.7127,5.1361
0.15106,1.6635,5.1385
0.082627,1.6209,5.1299
-0.077045,1.5595,5.1122
-0.17502,1.5155,5.0853
-0.27523,1.4808,5.0495
-0.36797,1.4247,5.0056
-0.36722,1.3638,4.9525
-0.36273,1.3002,4.8899
-0.32384,1.2462,4.8187
-0.30178,1.1867,4.7395
-0.30552,1.121,4.6524
-0.30178,1.0628,4.5576
-0.31898,1.0003,4.4563
-0.34217,0.92902,4.3481
-0.36236,0.85311,4.2312
-0.37507,0.79232,4.1077
-0.39227,0.72785,3.9795
-0.39639,0.64691,3.845
-0.3661,0.58121,3.7047
-0.34628,0.52108,3.5612
-0.32871,0.45541,3.4151
-0.30328,0.38993,3.2654
-0.30178,0.31439,3.1111
-0.28944,0.23253,2.9505
-0.27523,0.14927,2.7841
-0.27,0.047381,2.6089
-0.21578,-0.03996,2.4263
-0.15034,-0.13375,2.2392
-0.07854,-0.20841,2.0453
0.010457,-0.30132,1.8496
0.044111,-0.41343,1.6449
0.090106,-0.47365,1.4399
0.10843,-0.60985,1.229
0.083375,-0.65419,1.0155
0.084871,-0.79667,0.80228
0.02878,-0.85954,0.57701
0.045981,-0.96394,0.3676
0.069913,-1.1732,0.12617
0.054582,-0.41967,-0.029637
0.16153,0.045383,-0.015813
0.21463,-0.14482,-0.011734
0.27296,-0.030838,-0.017489
0.33279,-0.069405,-0.01224
0.30662,-0.052388,-0.017512
0.30811,-0.03593,-0.013586
0.27932,-0.053865,-0.017129
0.258,-0.023599,-0.015877
0.23482,-0.050247,-0.016623
0.19331,-0.028769,-0.017617
0.18471,-0.035423,-0.016848
0.16003,-0.029275,-0.018325
0.14433,-0.028229,-0.017812
0.13012,-0.033718,-0.01891
0.10768,-0.028499,-0.018805
0.091975,-0.033601,-0.019191
0.083001,-0.025781,-0.019758
0.075896,-0.023843,-0.02002
0.045981,-0.032162,-0.021257
0.066922,-0.032267,-0.022682
0.069539,-0.024323,-0.023698
0.05159,-0.025357,-0.024478
0.10544,-0.02385,-0.02525
0.10656,-0.025095,-0.025655
0.081505,-0.020083,-0.026604
0.058321,-0.019775,-0.02642
0.028406,-0.028012,-0.027593
0.017562,-0.014864,-0.027477
-0.016841,-0.03157,-0.028114
-0.035164,-0.0095028,-0.028801
-0.042642,-0.026801,-0.028047
-0.014597,-0.017121,-0.030758
0.017188,-0.011179,-0.027856
0.015692,-0.041549,-0.031879
0.068791,0.013955,-0.028411
0.1103,-0.064362,-0.031447
0.16003,0.043756,-0.031545
0.15592,-0.084037,-0.027871
0.10731,0.044082,-0.038897
0.12376,-0.093226,-0.014096
0.023919,-1.7216,-0.19177
0.10731,-2.1701,-0.59127
0.21986,-1.813,-0.93825
0.17649,-1.9939,-1.2746
0.42478,-1.892,-1.6006
0.4977,-1.9486,-1.897
0.52013,-1.9434,-2.186
0.71944,-1.9554,-2.4509
0.63344,-2.0054,-2.7103
0.60988,-1.9865,-2.952
0.6454,-2.0462,-3.1833
0.5852,-2.0488,-3.4045
0.60689,-2.0792,-3.6143
0.61025,-2.0855,-3.8146
0.62297,-2.0841,-4.0007
0.60614,-2.0917,-4.1748
0.54631,-2.0823,-4.3359
0.48162,-2.0616,-4.4833
0.37916,-2.0242,-4.6122
0.30138,-2.0041,-4.7251
0.25165,-1.9828,-4.8262
0.22734,-1.9507,-4.9141
0.21537,-1.9161,-4.9878
0.23856,-1.8804,-5.0483
0.26399,-1.8441,-5.096
0.26062,-1.801,-5.1311
0.25763,-1.7551,-5.1543
0.21949,-1.7103,-5.1656
0.14732,-1.659,-5.1651
0.032519,-1.6121,-5.1536
-0.08415,-1.569,-5.1334
-0.20904,-1.5191,-5.1047
-0.33618,-1.4719,-5.0666
-0.36909,-1.4189,-5.0197
-0.35862,-1.3605,-4.9645
-0.36161,-1.3033,-4.9006
-0.35264,-1.2388,-4.8278
-0.3388,-1.1763,-4.7461
-0.3201,-1.1169,-4.6565
-0.32272,-1.0541,-4.5598
-0.3403,-0.99055,-4.4562
-0.33394,-0.92223,-4.3464
-0.34217,-0.85088,-4.2292
-0.34329,-0.77821,-4.1045
-0.33506,-0.70461,-3.9735
-0.33132,-0.64079,-3.8369
-0.32758,-0.58116,-3.6955
-0.31973,-0.5193,-3.5512
-0.26775,-0.45287,-3.4043
-0.25392,-0.38153,-3.2526
-0.25803,-0.29977,-3.0962
-0.23821,-0.2172,-2.9335
-0.25167,-0.1243,-2.7636
-0.21839,-0.023978,-2.5844
-0.15707,0.055895,-2.4001
-0.092376,0.15835,-2.2092
0.0029781,0.22779,-2.0131
0.05346,0.33417,-1.8141
0.096089,0.4219,-1.6069
0.13161,0.50374,-1.4014
0.10432,0.62243,-1.1862
0.10506,0.67002,-0.97447
0.10656,0.83795,-0.75418
0.071409,0.83597,-0.5326
0.10581,1.0701,-0.31596
0.10132,1.0128,-0.077408
0.095341,0.12605,0.014274
0.19406,-0.005169,-0.014111
0.23332,0.10513,-0.0049146
0.28493,-0.0098515,-0.0070891
0.33616,0.062673,-0.0071716
0.29502,0.0075214,-0.0047684
0.2853,0.031942,-0.0070179
0.26997,0.021651,-0.0036211
0.22958,0.0033188,-0.0060431
0.20902,0.024441,-0.0035124
0.20677,0.0049646,-0.0039023
0.18621,0.0071615,-0.0035162
0.13311,0.0018004,-0.0025639
0.12264,0.0086986,-0.0026351
0.12825,0.0080613,-0.0017016
0.11965,0.0048371,-0.0018253
0.09048,0.0051183,-0.00091049
0.057947,0.0020254,-0.00051308
0.035511,0.0048671,-8.1924e-05
0.015318,0.0039974,0.0013578
0.050094,0.0047284,0.0026437
0.077392,0.0095234,0.003476
0.097211,0.00028958,0.0046795
0.10955,-0.0015062,0.004732
0.10955,0.0088111,0.0055943
0.11404,-0.0031183,0.0064829
0.085992,0.0016655,0.0063929
0.059817,-0.0049703,0.0075439
0.019431,0.00088193,0.0068578
0.0070914,0.010438,0.0088711
0.011579,-0.014167,0.0078851
-0.0015092,0.020808,0.009321
0.016814,-0.018834,0.0096172
0.035137,0.019001,0.0084474
0.057947,-0.012982,0.012069
0.098706,-0.0086368,0.006974
0.11366,0.026671,0.014487
0.12675,-0.060291,0.0063029
0.10581,0.10215,0.015665
0.075148,-0.19656,0.007124
0.081879,0.65944,0.024985
0.060565,2.2176,0.32179
0.19256,2.0143,0.71533
0.27782,1.8745,1.0436
0.27894,1.9663,1.3865
0.45582,1.8779,1.6968
0.4173,1.9534,1.9935
0.40795,1.9055,2.273
0.51677,1.9811,2.5357
0.41094,1.955,2.7904
0.48199,1.9888,3.0266
0.54182,2.0338,3.2557
0.49359,2.0237,3.4713
0.55005,2.063,3.679
0.5493,2.0567,3.8742
0.59044,2.071,4.0565
0.54855,2.0541,4.2266
0.49321,2.0424,4.3826
0.45843,2.0247,4.525
0.33504,1.9731,4.6484
0.28418,1.9508,4.7562
0.22622,1.9398,4.8517
0.21575,1.9072,4.9339
0.23033,1.857,5.0029
0.25053,1.8234,5.059
0.2681,1.7879,5.102
0.24492,1.7455,5.1322
0.261,1.7021,5.1512
0.19406,1.6494,5.1581
0.093471,1.5944,5.1533
-0.027311,1.5448,5.1386
-0.16193,1.5121,5.1148
-0.26401,1.4639,5.0821
-0.35899,1.4155,5.0414
-0.37358,1.3632,4.9923
-0.36124,1.3,4.9333
-0.3201,1.2439,4.8655
-0.28795,1.1733,4.7899
-0.28682,1.1074,4.7057
-0.29468,1.0481,4.6133
-0.30702,0.99467,4.5144
-0.30066,0.92665,4.4093
-0.33843,0.84759,4.2952
-0.36161,0.79226,4.1736
-0.37208,0.72034,4.0469
-0.3646,0.64203,3.914
-0.34778,0.58028,3.7755
-0.34217,0.51788,3.6331
-0.29617,0.45938,3.4881
-0.28533,0.3959,3.3395
-0.28346,0.32422,3.1867
-0.27074,0.24495,3.0281
-0.28009,0.16756,2.8634
-0.25654,0.066066,2.6919
-0.21204,-0.023033,2.5105
-0.15669,-0.10121,2.3252
-0.095742,-0.20487,2.1332
-0.017962,-0.27427,1.9377
0.072157,-0.38973,1.7363
0.10245,-0.45734,1.5294
0.094593,-0.56635,1.3222
0.085245,-0.65232,1.1053
0.079635,-0.72375,0.89476
0.029902,-0.87513,0.67033
0.020553,-0.87077,0.45579
0.069165,-1.1699,0.22875
0.032145,-0.8232,0.010408
0.10282,-0.0056226,-0.029922
0.20191,-0.087722,-0.0059644
0.23332,-0.091576,-0.018314
0.32681,-0.030209,-0.011791
0.30923,-0.078316,-0.015847
0.26548,-0.023175,-0.014629
0.2666,-0.066833,-0.014726
0.2165,-0.03085,-0.016694
0.19331,-0.041137,-0.014827
0.1907,-0.041711,-0.017201
0.16938,-0.029931,-0.016177
0.14694,-0.039206,-0.017572
0.13086,-0.030599,-0.017531
0.12002,-0.03443,-0.017823
0.13273,-0.029354,-0.018648
0.126,-0.031764,-0.018569
0.085618,-0.02857,-0.019278
0.073278,-0.024334,-0.019675
0.06206,-0.026437,-0.020436
0.066174,-0.030584,-0.021786
0.062808,-0.027378,-0.022948
0.056451,-0.024698,-0.023679
0.10245,-0.021473,-0.024766
0.11179,-0.026212,-0.025025
0.088236,-0.02803,-0.025899
0.061686,-0.014586,-0.026022
0.043737,-0.026565,-0.026705
0.022797,-0.016656,-0.027256
-0.030302,-0.027697,-0.027061
-0.047504,-0.014924,-0.028819
-0.035164,-0.016573,-0.027252
-0.023945,-0.030857,-0.029967
0.0063435,0.0049271,-0.027856
0.03065,-0.049329,-0.029925
0.072157,0.019515,-0.030233
0.10469,-0.049295,-0.028354
0.11516,0.0058194,-0.033873
0.13199,-0.014009,-0.024534
0.091228,-0.065468,-0.039857
0.095715,0.12608,-0.01515
0.035511,-1.2433,-0.10644
0.053086,-2.2513,-0.47516
0.20677,-1.8401,-0.84623
0.15854,-1.948,-1.1761
0.33017,-1.9254,-1.513
0.5048,-1.9049,-1.8135
0.46816,-1.9524,-2.1076
0.6454,-1.9214,-2.3777
0.64204,-1.9948,-2.639
0.5579,-1.9733,-2.8874
0.6039,-2.0193,-3.1212
0.52948,-2.0328,-3.3467
0.53098,-2.0536,-3.5593
0.56127,-2.0724,-3.7642
0.56576,-2.0652,-3.9546
0.56426,-2.072,-4.1332
0.49508,-2.0631,-4.299
0.46928,-2.0576,-4.4521
0.37579,-2.0162,-4.5889
0.27782,-1.9797,-4.7061
0.24417,-1.9674,-4.8108
0.20004,-1.9382,-4.9035
0.20677,-1.9023,-4.982
0.22921,-1.8686,-5.0477
0.27072,-1.8301,-5.1003
0.2868,-1.7874,-5.1399
0.27221,-1.7452,-5.1673
0.25539,-1.7041,-5.183
0.17761,-1.6523,-5.187
0.059069,-1.6012,-5.1795
-0.059844,-1.5596,-5.1625
-0.1623,-1.5139,-5.1368
-0.27822,-1.4614,-5.1017
-0.33843,-1.4101,-5.0576
-0.33506,-1.3577,-5.0053
-0.33618,-1.2957,-4.9446
-0.30926,-1.2392,-4.8751
-0.28383,-1.1797,-4.7965
-0.29355,-1.1121,-4.71
-0.30589,-1.0528,-4.6163
-0.29468,-0.99182,-4.5148
-0.31674,-0.92864,-4.4073
-0.35563,-0.86029,-4.293
-0.35339,-0.7834,-4.1697
-0.33805,-0.71011,-4.04
-0.33618,-0.64317,-3.9054
-0.30664,-0.57822,-3.7655
-0.26327,-0.52228,-3.622
-0.28421,-0.46463,-3.4759
-0.26775,-0.39116,-3.3256
-0.22699,-0.31514,-3.1708
-0.24158,-0.23373,-3.0099
-0.23821,-0.1512,-2.8428
-0.21652,-0.049595,-2.6674
-0.1638,0.037319,-2.4834
-0.10172,0.12513,-2.2949
-0.036285,0.21024,-2.0994
0.070661,0.29816,-1.9022
0.12226,0.40419,-1.6968
0.14919,0.46206,-1.4904
0.15554,0.60462,-1.2788
0.10319,0.64984,-1.0625
0.092349,0.78056,-0.84877
0.054208,0.86935,-0.62031
0.065052,0.93132,-0.40908
0.10319,1.1824,-0.16856
0.062434,0.48519,0.0033261
0.13909,-0.07607,-0.003205
0.22061,0.12158,-0.011206
0.25277,0.018075,-0.0029913
0.32344,0.036426,-0.0093311
0.30437,0.031418,-0.0033587
0.25913,0.0099245,-0.0072203
0.25464,0.038027,-0.0041123
0.22472,-0.0018436,-0.0045734
0.20042,0.024006,-0.0045697
0.20752,0.0078101,-0.0030138
0.18621,0.01382,-0.0037074
0.14545,0.011349,-0.0022827
0.14433,0.0059843,-0.0026501
0.1275,0.0038661,-0.0016078
0.098332,-0.00037024,-0.0015816
0.10058,0.011345,-0.0011017
0.072905,0.00037956,-0.00030687
0.034389,-0.0050453,-0.00027688
0.043363,0.00056701,0.00038297
0.045981,0.00068698,0.00093785
0.037006,0.0058381,0.0014515
0.09908,0.0045897,0.0018414
0.13199,-0.0022372,0.0017289
0.11965,0.00051827,0.0019051
0.11927,0.0013468,0.0020064
0.072905,-0.0010338,0.0020514
0.043363,-0.0091054,0.0021263
0.0063435,-0.0069722,0.0017214
-0.021328,-0.0027621,0.0020289
-0.018336,-0.010759,0.0021938
-0.027311,-0.010275,0.0019989
-0.0033789,-0.0081007,0.0020851
0.013448,-0.0062187,0.0020701
0.053086,-0.0039393,0.0022201
0.1017,-0.0074521,0.0022126
