0.0658,-0.010343,-0.0006593
0.056451,-0.011962,-0.00071928
0.059069,-0.0066386,-0.00028063
0.043737,-0.0027921,0.00022176
0.038876,-0.0051315,0.00040922
0.052338,-0.0067661,0.00080288
0.053834,-0.0090042,0.00099784
0.060191,-0.0054389,0.00099409
0.065426,-0.005975,0.0016727
0.053086,-0.0093829,0.0013653
0.070287,-0.0019073,0.0018864
0.077766,-0.014324,0.0017964
0.057947,-0.0007264,0.0020514
0.060565,-0.016787,0.002625
0.034389,-0.0076096,0.0016052
0.04112,0.0027264,0.0034385
0.05346,-0.031637,0.0010803
0.04972,0.011428,0.0033823
0.065052,-0.0384,0.0016015
0.032519,0.024658,0.0023813
0.044485,-0.047776,0.0032998
0.067295,0.0089048,-0.0010755
0.060565,-0.0015024,0.0081925
0.046355,-0.10127,-0.010572
0.065426,1.6981,0.083952
0.12152,3.3094,0.3092
0.074774,3.1007,0.47607
0.15255,2.8789,0.63556
0.30849,2.7258,0.79305
0.26735,2.6711,0.92185
0.31447,2.5891,1.0487
0.34999,2.4428,1.1528
0.21837,2.3762,1.2456
0.20266,2.2737,1.3261
0.17088,2.2203,1.3962
0.05159,2.1396,1.4532
0.035511,2.0808,1.4968
0.048225,2.0034,1.5335
0.011953,1.9325,1.5594
-0.024319,1.8853,1.5774
0.0127,1.8206,1.5855
0.031771,1.756,1.5826
-0.002257,1.6717,1.5702
0.016814,1.6068,1.5486
-0.032172,1.5327,1.5203
-0.068444,1.4336,1.4842
-0.026563,1.3459,1.439
-0.031798,1.2439,1.3857
-0.013101,1.1455,1.3267
0.018684,1.0425,1.2617
0.022423,0.94454,1.1904
-0.010484,0.84203,1.1157
-0.07181,0.71198,1.034
-0.13426,0.60411,0.94798
-0.18287,0.48201,0.85886
-0.23784,0.36688,0.76726
-0.28196,0.2202,0.66892
-0.2685,0.11783,0.5659
-0.26887,-0.042948,0.46055
-0.21839,-0.20181,0.34133
-0.098733,-0.308,0.2273
-0.02245,-0.59089,0.093621
0.066174,-0.33146,-0.0042847
0.16415,0.039632,-0.00044559
0.16826,-0.060932,0.0051707
0.172,-0.021027,0.00045796
0.16265,-0.022276,0.0046533
0.068417,-0.03091,0.0013503
0.072531,-0.0083781,0.0033936
0.095715,-0.02899,0.0019914
0.071783,-0.007096,0.0024
0.10581,-0.022527,0.0025275
0.10992,-0.015006,0.0016502
0.12114,-0.015685,0.00231
0.17125,-0.014017,0.0013952
0.17723,-0.0097015,0.0015715
0.17873,-0.01519,0.0011628
0.22061,-0.0079657,0.0010391
0.20304,-0.011595,0.0010653
0.15629,-0.010916,0.00071665
0.17948,-0.0087418,0.00062667
0.17462,-0.012716,0.00040547
0.18359,-0.0091167,0.00012053
0.20565,-0.0094803,-0.00010442
0.1791,-0.010106,-0.00026188
0.14919,-0.0066686,-0.00026563
0.072905,-0.011179,-0.00037811
0.027658,-0.0067735,-0.00034062
-0.021702,-0.004093,-0.0001794
-0.064331,-0.0089555,-0.00037436
-0.046756,-0.0062299,-0.0004156
-0.06807,-0.0049178,-0.00025064
-0.056852,-0.0055101,-0.00029188
-0.059844,-0.0087643,-0.0004231
-0.035164,-0.0081419,-0.00027313
0.003726,-0.0038381,-0.00014566
0.0018563,-0.0075833,-0.00036686
0.0658,-0.0054014,-0.00039685
0.063182,-0.0028596,-0.00011567
0.0022302,-0.0079957,-0.00017565
-0.035164,-0.0054389,-0.00035186
-0.049373,-0.0026646,-0.0001944
-0.042642,-0.0057201,-0.00011942
-0.014223,-0.0040443,-0.00010067
0.034763,-0.0021248,-3.6934e-05
0.053834,-0.0054576,-0.00011567
0.090106,-0.0033919,-0.00028438
0.12526,-0.0019261,-0.00017565
0.14395,-0.0040218,-0.00013441
0.14358,-0.0053977,-0.00058806
0.13909,-0.0084306,-0.0011429
0.1462,-0.0092704,-0.0015291
0.13012,-0.008813,-0.0019977
0.12077,-0.0049403,-0.0021065
0.12189,-0.009949,-0.0025189
0.13834,-0.005049,-0.0029163
0.14881,-0.0067023,-0.0027738
0.18434,-0.0078645,-0.0035537
0.20191,-0.0058625,-0.002935
0.13386,-0.015374,-0.0038798
0.093471,0.0035887,-0.0031525
0.07627,-0.022669,-0.0036549
0.049346,0.0066404,-0.004251
0.047851,-0.012866,-0.0021515
0.042616,-0.0085656,-0.005357
0.016066,0.0090773,-0.0015628
0.031771,-0.038202,-0.0060468
0.027284,0.050279,-0.0013117
0.0040999,-0.088315,-0.0045397
0.14096,0.1209,-0.0035986
0.19967,-0.33442,-0.0014429
0.018684,-1.6771,-0.18493
-0.061713,-1.7514,-0.4556
-0.034042,-1.6371,-0.66199
-0.014971,-1.7909,-0.86746
0.07814,-1.7517,-1.0438
0.17387,-1.8821,-1.1995
0.23968,-1.8765,-1.3378
0.23594,-1.9174,-1.4476
0.26062,-1.9546,-1.5447
0.28568,-1.9736,-1.6241
0.2423,-1.9919,-1.6919
0.26698,-1.966,-1.7433
0.18322,-1.9639,-1.7821
0.12002,-1.9325,-1.81
0.12039,-1.9143,-1.8277
0.037754,-1.8783,-1.8369
0.1017,-1.8222,-1.8345
0.13984,-1.7669,-1.8221
0.10656,-1.7012,-1.8002
0.11105,-1.631,-1.7689
0.029154,-1.5615,-1.7302
-0.014971,-1.4873,-1.6845
-0.039277,-1.4002,-1.6316
-0.026563,-1.2994,-1.5702
-0.025441,-1.2082,-1.5018
-0.0037528,-1.1069,-1.4289
0.034389,-1.0005,-1.3493
-0.011979,-0.90418,-1.2676
0.028406,-0.76102,-1.1785
-0.035538,-0.66441,-1.0836
-0.088263,-0.54621,-0.9892
-0.098359,-0.4156,-0.88814
-0.16791,-0.30063,-0.78383
-0.18623,-0.15064,-0.67224
-0.23111,-0.044215,-0.55935
-0.1982,0.16377,-0.43343
-0.18698,0.25448,-0.3059
-0.12902,0.49223,-0.1761
-0.026189,0.57501,-0.034563
0.042989,0.061586,0.010097
0.10357,-0.01949,-0.0082626
0.082627,0.058092,-0.0019715
0.12226,-0.010684,-0.004431
0.05346,0.033603,-0.0037449
0.021675,-0.0014762,-0.0032275
0.092349,0.015987,-0.0041648
0.055703,0.0060406,-0.0024551
0.10693,0.0016655,-0.0039961
0.12039,0.010809,-0.0023952
0.098706,-0.0014575,-0.0031
0.13647,0.0060181,-0.0025489
0.17424,-0.0010451,-0.0020277
0.2079,0.004271,-0.0022714
0.20341,0.001388,-0.0017616
0.21949,0.00076196,-0.0019303
0.18621,0.0021978,-0.0015478
0.16639,0.00020336,-0.0013904
0.18883,-0.0021773,-0.0010942
0.18022,-0.0019936,-0.00073428
0.20715,0.0015155,-0.0006593
0.21463,-0.0037481,-0.00034437
0.19032,-0.0045279,-0.00022814
0.12563,-0.0018436,-0.00011192
0.071035,-0.0035981,-0.00010442
0.03738,-0.0042992,-0.00035561
-0.02058,-0.0026684,-0.00022064
-0.037033,-0.0027396,-0.00022814
-0.079288,-0.0027921,-0.00029938
-0.10135,-0.0022635,-0.00029188
-0.086767,-0.0037406,-0.00036686
-0.098733,-0.004899,-0.00036311
-0.060965,-0.0057388,-0.00038936
-0.025441,-0.0038418,-0.00025439
-0.010858,6.8393e-05,0.00027425
-0.028059,0.00025959,0.00099034
-0.072557,-0.00060643,0.001249
-0.08041,0.00093441,0.0018302
-0.098733,-0.0037144,0.0021376
-0.092376,-0.00022403,0.0025425
-0.073679,-0.0042655,0.003476
-0.050869,-0.0024622,0.0030636
-0.013101,0.0041961,0.0042709
0.0063435,-0.0068035,0.003746
0.056451,0.0088823,0.0045183
0.082253,-0.011141,0.0046608
0.10731,0.0096546,0.0042071
0.13909,-0.01164,0.0062204
0.13909,-0.0018998,0.0034835
0.15629,0.012444,0.0072215
0.16415,-0.031247,0.0031499
0.18434,0.044749,0.0072739
0.18808,-0.069397,0.0046945
0.20042,0.082363,0.0041996
0.21837,-0.10522,0.010292
0.18209,0.19097,-0.0064293
0.21874,1.9016,0.18674
0.28493,2.3032,0.55097
0.26174,2.1034,0.85154
0.26174,2.3666,1.1413
0.34476,2.3761,1.4058
0.347,2.5755,1.6444
0.34551,2.6941,1.8731
0.42628,2.8212,2.0761
0.45582,2.9416,2.2664
0.51864,3.0282,2.4332
0.54743,3.1371,2.5858
0.48162,3.1725,2.719
0.41955,3.2296,2.8356
0.3313,3.24,2.9365
0.2681,3.2517,3.0192
0.14807,3.2335,3.0911
0.071783,3.1997,3.1485
0.059817,3.1753,3.1948
-0.099855,3.1163,3.2297
-0.10285,3.0716,3.2499
-0.0089879,3.012,3.2585
-0.038903,2.9396,3.2579
-0.013475,2.8774,3.2479
0.020927,2.8038,3.2288
-0.060217,2.7344,3.202
-0.13089,2.6524,3.167
-0.12528,2.5673,3.1255
-0.18848,2.4903,3.0784
-0.21054,2.3984,3.0227
-0.23559,2.3046,2.9587
-0.30889,2.2133,2.8879
-0.29991,2.1251,2.8111
-0.32235,2.0151,2.7292
-0.33768,1.8978,2.64
-0.32085,1.7995,2.5438
-0.30253,1.6925,2.4426
-0.29468,1.5815,2.337
-0.26401,1.4622,2.2269
-0.22438,1.3448,2.1126
-0.21054,1.2297,1.9976
-0.096116,1.0888,1.8769
-0.052739,0.97839,1.7511
-0.059096,0.85318,1.6272
-0.0097358,0.70616,1.4968
-0.040025,0.58636,1.3635
-0.090133,0.42384,1.2255
-0.12753,0.29589,1.0829
-0.13239,0.11892,0.93391
-0.13687,-0.013421,0.7784
-0.1107,-0.16496,0.62583
-0.034042,-0.34121,0.4616
0.020553,-0.4382,0.30772
0.10992,-0.76635,0.1338
0.22173,-0.47425,-0.0049296
0.29727,0.039665,-0.0087537
0.33466,-0.075797,0.0016802
0.38327,-0.041928,-0.0057657
0.33279,-0.025792,-0.00044934
0.20677,-0.050764,-0.0045659
0.1877,-0.015216,-0.0021177
0.1103,-0.040185,-0.0037111
0.044111,-0.013687,-0.0039511
0.0744,-0.032199,-0.0033999
0.036633,-0.022381,-0.0046784
0.032145,-0.019839,-0.0042173
0.082253,-0.023014,-0.0052895
0.065426,-0.013844,-0.0047871
0.042616,-0.020529,-0.0054657
0.056077,-0.016622,-0.0055557
0.033267,-0.019614,-0.0057319
0.034763,-0.017481,-0.0063093
0.033267,-0.018673,-0.006418
0.013074,-0.016247,-0.0067704
0.025414,-0.011707,-0.0068079
0.0048478,-0.017308,-0.007659
0.0022302,-0.012266,-0.0079064
0.009709,-0.010039,-0.007479
0.0052217,-0.013334,-0.0079364
-0.020206,-0.008738,-0.0080227
-0.079662,-0.0099677,-0.0076365
-0.10359,-0.011606,-0.0077265
-0.12379,-0.009724,-0.0079364
-0.11519,-0.0088543,-0.0077452
-0.054234,-0.0076396,-0.0075503
0.00036053,-0.0093829,-0.0079252
0.058321,-0.011482,-0.0086563
0.1002,-0.0097915,-0.0091737
0.12376,-0.011516,-0.0096798
0.16489,-0.011467,-0.010366
0.1548,-0.0083856,-0.010576
0.12189,-0.01504,-0.011461
0.10731,-0.0066048,-0.011644
0.044111,-0.014943,-0.011836
-0.0030049,-0.009889,-0.012878
-0.0093619,-0.0089067,-0.012117
0.011953,-0.016851,-0.013845
0.045981,0.00074322,-0.012612
0.086366,-0.029219,-0.014119
0.13273,0.010344,-0.014063
0.13685,-0.027476,-0.01326
0.13909,0.003495,-0.016271
0.12114,-0.0063349,-0.011637
0.10619,-0.030306,-0.01846
0.087114,0.041502,-0.010291
0.050468,-0.10791,-0.019574
0.051216,0.17817,-0.010028
0.010457,-0.6806,-0.03114
0.015692,-2.1977,-0.31129
0.074026,-2.1192,-0.67132
0.1002,-2.0965,-0.96503
0.18845,-2.2391,-1.2596
0.31896,-2.2497,-1.5163
0.36757,-2.4298,-1.7619
0.38028,-2.4,-1.9914
0.41655,-2.3472,-2.2056
0.34476,-2.2105,-2.4151
0.36121,-2.1405,-2.6087
0.44684,-2.0962,-2.7935
0.45245,-2.0301,-2.9629
0.55416,-1.9695,-3.1198
0.40758,-1.8904,-3.2598
-0.0045007,-1.8679,-3.3854
-0.10322,-1.8356,-3.4995
0.27371,-1.8042,-3.5987
0.48798,-1.7682,-3.6848
0.32868,-1.7132,-3.7563
0.25987,-1.6676,-3.8132
-0.051243,-1.629,-3.8576
-0.31524,-1.5934,-3.8909
0.18284,-1.5573,-3.9132
0.6368,-1.5124,-3.924
0.60577,-1.4711,-3.924
0.5867,-1.4321,-3.915
0.10469,-1.3854,-3.8974
-0.46557,-1.3384,-3.8704
-0.13874,-1.2881,-3.8337
0.3814,-1.2345,-3.787
0.42441,-1.1766,-3.7303
0.19967,-1.1235,-3.6655
-0.11145,-1.0721,-3.594
-0.5153,-1.0061,-3.5152
-0.54073,-0.93769,-3.4272
-0.20718,-0.87576,-3.3311
0.0074654,-0.80714,-3.2296
0.13984,-0.73723,-3.1206
-0.10696,-0.6798,-3.0072
-0.45098,-0.59829,-2.8888
-0.50296,-0.52119,-2.7619
-0.41546,-0.4671,-2.6323
-0.096116,-0.38916,-2.4994
0.11105,-0.2959,-2.3594
0.0744,-0.21787,-2.2132
-0.087889,-0.12853,-2.0635
-0.39078,-0.0096153,-1.9034
-0.59906,0.070389,-1.7367
-0.52801,0.18471,-1.5649
-0.23298,0.26794,-1.3861
-0.091628,0.37269,-1.2066
-0.027311,0.46699,-1.0174
0.011579,0.54147,-0.8323
-0.18287,0.70797,-0.63533
-0.19184,0.70833,-0.44381
0.013822,0.97748,-0.24321
0.1462,0.77019,-0.038725
0.33317,0.014007,0.010206
0.36981,0.038841,-0.014115
0.14358,0.072484,-0.0028975
-0.012353,0.0030189,-0.0081051
-0.058348,0.054905,-0.0054957
0.036633,-0.0009026,-0.0054357
0.24155,0.033641,-0.0059906
0.35972,0.0093359,-0.0038611
0.36495,0.015484,-0.0056794
0.20304,0.017329,-0.0033587
-0.0048746,0.0059693,-0.0042285
-0.065453,0.014828,-0.0031675
0.017562,0.003345,-0.0030025
0.13573,0.010746,-0.0029163
0.22809,0.0050996,-0.0022452
0.23781,0.0049271,-0.0022977
0.066922,0.0064829,-0.0014054
-0.080784,0.0010094,-0.0010605
-0.05573,0.0013281,-0.00074553
0.043363,0.0081663,0.00021426
0.18509,0.0072328,0.0015827
0.23482,0.0031726,0.0024863
0.089732,0.0031126,0.0036485
-0.11107,0.00068698,0.0040684
-0.23896,0.0053245,0.004627
-0.26588,-0.0048878,0.0054593
-0.16529,0.002614,0.0055006
-0.002631,0.0029439,0.0069778
0.068791,-0.0048953,0.0061942
0.036259,0.01211,0.0078438
-0.054982,-0.01375,0.0075214
-0.16268,0.016677,0.007945
-0.12865,-0.014084,0.0094597
0.020179,0.0080725,0.0070565
0.10469,0.0032775,0.011376
0.12264,-0.023007,0.0063104
0.045233,0.043167,0.01277
-0.068444,-0.069877,0.0072927
-0.099481,0.10269,0.011267
-0.016841,-0.15664,0.011893
0.15106,0.37648,0.0056768
0.2666,2.0695,0.257
0.39337,2.1175,0.65995
0.347,1.8382,0.99888
0.22809,1.9508,1.3481
0.37392,1.8452,1.6693
0.37804,1.9611,1.9709
0.46068,1.9259,2.2631
0.66485,1.9708,2.5349
0.56762,2.0081,2.8009
0.53771,2.0287,3.0479
0.51527,2.0934,3.287
0.49471,2.102,3.5122
0.60053,2.1396,3.7226
0.6813,2.1651,3.9199
0.81442,2.213,4.1071
0.76506,2.2428,4.2855
0.60203,2.2522,4.4493
0.49433,2.256,4.5993
0.42927,2.2605,4.7349
0.55753,2.2649,4.8558
0.5766,2.2489,4.9628
0.45245,2.2257,5.0555
0.37579,2.2064,5.1329
0.24679,2.188,5.1975
0.15966,2.1639,5.2493
0.091228,2.1375,5.2888
0.15181,2.0929,5.3167
0.27782,2.0427,5.331
0.06206,2.0003,5.3331
-0.17128,1.9589,5.3245
-0.38854,1.9153,5.3058
-0.7105,1.8624,5.2775
-0.60953,1.8214,5.2396
-0.35488,1.7824,5.1921
-0.22737,1.7289,5.1366
-0.14323,1.6727,5.0747
-0.19558,1.6174,5.0042
-0.17502,1.5569,4.9245
-0.1451,1.4899,4.8367
-0.042642,1.4346,4.7419
0.022423,1.3652,4.6417
-0.1193,1.287,4.5337
-0.28458,1.2175,4.4177
-0.54297,1.1386,4.2956
-0.65216,1.0754,4.1679
-0.61365,0.99994,4.0351
-0.48539,0.9217,3.8962
-0.33693,0.86714,3.7554
-0.36124,0.78024,3.6112
-0.37694,0.68785,3.4577
-0.45884,0.62342,3.3015
-0.48426,0.54511,3.1445
-0.36498,0.44695,2.9799
-0.21952,0.36643,2.8101
-0.072557,0.26205,2.6361
0.022423,0.15513,2.4534
0.0744,0.057267,2.2659
0.021675,-0.043863,2.0727
0.031023,-0.13425,1.8778
0.082253,-0.26271,1.6756
0.071035,-0.33461,1.471
0.058695,-0.4757,1.2636
-0.049373,-0.55528,1.0489
-0.20082,-0.67099,0.83966
-0.32721,-0.80887,0.61576
-0.30328,-0.8309,0.40766
-0.17016,-1.1263,0.17726
-0.002257,-0.64032,-0.017381
0.22921,0.030038,-0.031219
0.29689,-0.11857,-0.01473
0.304,-0.064475,-0.025617
0.29652,-0.051863,-0.018543
0.19406,-0.073011,-0.023769
0.21201,-0.030482,-0.021126
0.19331,-0.071669,-0.022948
0.10693,-0.034108,-0.023514
0.079635,-0.051102,-0.022543
-0.046008,-0.041328,-0.02462
-0.12566,-0.040935,-0.023507
-0.063583,-0.041081,-0.024695
0.00036053,-0.030745,-0.024422
0.061312,-0.036766,-0.02519
0.10731,-0.031922,-0.025719
0.082627,-0.034595,-0.026052
0.039624,-0.031108,-0.026589
0.023171,-0.033347,-0.027627
0.032893,-0.030673,-0.029355
0.12152,-0.028124,-0.029899
0.21351,-0.032511,-0.031189
0.22024,-0.030853,-0.032081
0.17462,-0.028053,-0.032861
0.10506,-0.022898,-0.033037
-0.013101,-0.033099,-0.033798
-0.063957,-0.017301,-0.034668
-0.05573,-0.022388,-0.033896
-0.13874,-0.025567,-0.036149
-0.14772,-0.010729,-0.034634
-0.12753,-0.037988,-0.036764
-0.14809,-0.0055364,-0.035991
-0.095742,-0.04438,-0.0364
-0.0048746,0.0043085,-0.038327
0.1103,-0.036046,-0.034368
0.17275,-0.021455,-0.041979
0.20042,0.015143,-0.032164
0.15741,-0.10106,-0.045454
0.069165,0.16953,-0.027635
-0.038529,-0.91018,-0.077022
-0.081532,-2.1836,-0.41648
0.015692,-1.8751,-0.80689
-0.057226,-1.8948,-1.1423
0.090106,-1.9367,-1.4901
0.3313,-1.8793,-1.799
0.28642,-1.9678,-2.1002
0.47414,-1.9276,-2.3821
0.50443,-2.0085,-2.6516
0.3829,-2.0101,-2.9113
0.49658,-2.0573,-3.1538
0.49172,-2.0985,-3.39
0.47676,-2.1075,-3.6107
0.53322,-2.1341,-3.8183
0.58819,-2.1529,-4.0129
0.61175,-2.1937,-4.1994
0.62147,-2.2018,-4.3753
0.68055,-2.2104,-4.5368
0.58707,-2.2134,-4.6848
0.49545,-2.2094,-4.8175
0.4704,-2.2114,-4.9363
0.41543,-2.1963,-5.0411
0.42067,-2.1753,-5.1301
0.46143,-2.1639,-5.2046
0.53921,-2.152,-5.2675
0.55566,-2.1325,-5.318
0.56912,-2.1071,-5.3552
0.54556,-2.0722,-5.3794
0.43562,-2.0362,-5.3903
0.34027,-2.0033,-5.3889
0.21949,-1.9646,-5.3767
0.078514,-1.9273,-5.3544
-0.076297,-1.8853,-5.322
-0.14809,-1.8435,-5.2803
-0.20269,-1.8061,-5.2306
-0.2326,-1.7579,-5.1728
-0.18025,-1.7091,-5.1069
-0.14435,-1.6569,-5.0321
-0.10359,-1.5947,-4.9485
-0.1451,-1.527,-4.8563
-0.19521,-1.4681,-4.7564
-0.24532,-1.4134,-4.6518
-0.33918,-1.3414,-4.5413
-0.37021,-1.262,-4.4229
-0.42705,-1.186,-4.2973
-0.47641,-1.1192,-4.1668
-0.52427,-1.0408,-4.0321
-0.57251,-0.96571,-3.8912
-0.57176,-0.89577,-3.7486
-0.577,-0.79463,-3.6006
-0.53512,-0.71133,-3.4442
-0.5153,-0.64731,-3.2868
-0.51343,-0.55131,-3.1267
-0.46183,-0.45768,-2.959
-0.4005,-0.3718,-2.7879
-0.33918,-0.25324,-2.6096
-0.25616,-0.15677,-2.4233
-0.13613,-0.050656,-2.2327
-0.0576,0.042893,-2.0372
-0.013849,0.14766,-1.8396
-0.0056225,0.25837,-1.6343
-0.014971,0.3408,-1.4307
-0.014597,0.48892,-1.2195
-0.047877,0.543,-1.0077
-0.053487,0.71574,-0.79414
-0.050121,0.77584,-0.57237
-0.0078661,0.92517,-0.36337
0.048225,1.0654,-0.12249
0.13049,0.2839,0.010397
0.27072,-0.047109,-0.011626
0.32008,0.12366,-0.010051
0.42029,0.0025277,-0.0068454
0.45432,0.056637,-0.01034
0.35111,0.022922,-0.0056569
0.36906,0.023556,-0.0092861
0.29951,0.032928,-0.005297
0.1978,0.007259,-0.0070554
0.19182,0.028887,-0.0057957
0.13199,0.0069328,-0.0051433
0.10319,0.016665,-0.0053345
0.09908,0.0077314,-0.0039623
0.066548,0.010045,-0.0043597
0.045607,0.0076601,-0.0034937
0.055703,0.0011331,-0.0033062
0.048225,0.0074727,-0.0024139
0.026536,0.0044997,-0.0021665
0.021301,0.0095346,-0.0017241
-0.0048746,0.011822,-0.00025814
0.012327,0.0067379,0.00065291
0.04112,0.0024903,0.0016314
0.033641,0.0009869,0.0030636
0.042989,0.0012606,0.0032886
0.035885,0.0067791,0.0039859
-0.010484,-0.0035419,0.0046908
-0.081532,0.0056807,0.0048445
-0.13127,0.0013281,0.0062767
-0.15333,-0.0035419,0.0054968
-0.16679,0.010922,0.0072477
-0.13687,-0.010852,0.0063929
-0.1092,0.016099,0.0074614
-0.051617,-0.020086,0.0080988
0.046355,0.01421,0.0067341
0.096089,-0.0057576,0.010832
0.17349,-0.010463,0.0054293
0.20042,0.032239,0.012609
0.18696,-0.06296,0.0051932
0.17574,0.10266,0.012609
0.10768,-0.17922,0.0073939
0.08674,0.54174,0.015365
0.042242,2.1369,0.29558
0.15517,2.0332,0.69174
0.22248,1.8428,1.022
0.19481,1.9577,1.3653
0.40309,1.8522,1.6767
0.32569,1.9542,1.9731
0.28455,1.93,2.2549
0.42702,1.9761,2.5187
0.32195,2.0082,2.7763
0.39973,2.0379,3.0169
0.4805,2.073,3.2484
0.44236,2.0744,3.4609
0.48947,2.0983,3.6643
0.53846,2.1379,3.859
0.58557,2.1709,4.041
0.56837,2.1593,4.2101
0.61212,2.1709,4.363
0.54781,2.164,4.5017
0.43263,2.1521,4.6237
0.44236,2.1497,4.7322
0.39337,2.1269,4.826
0.42366,2.1084,4.9042
0.50966,2.1085,4.971
0.58483,2.0864,5.0252
0.62147,2.0482,5.0664
0.65176,2.0188,5.0941
0.62446,1.9806,5.1076
0.50779,1.9524,5.1095
0.40534,1.9168,5.1004
0.21276,1.8737,5.0807
0.071035,1.8345,5.0519
-0.099481,1.7861,5.0135
-0.22737,1.7431,4.9662
-0.22325,1.7018,4.9123
-0.26887,1.647,4.8505
-0.24532,1.5853,4.7782
-0.23971,1.5217,4.6975
-0.24457,1.458,4.6093
-0.29954,1.4006,4.5147
-0.36946,1.3277,4.4137
-0.37881,1.2527,4.3039
-0.46257,1.1835,4.1877
-0.49212,1.1072,4.065
-0.5067,1.0322,3.9374
-0.54372,0.95094,3.8048
-0.56578,0.89191,3.6674
-0.54783,0.81918,3.5286
-0.51418,0.71531,3.3821
-0.58897,0.65017,3.2291
-0.61514,0.58181,3.0769
-0.60018,0.47497,2.9186
-0.62299,0.39435,2.7537
-0.60355,0.29965,2.5852
-0.52764,0.19104,2.4086
-0.42331,0.088294,2.2256
-0.32796,-0.0098327,2.0359
-0.19745,-0.095378,1.8456
-0.10546,-0.22412,1.6484
-0.049747,-0.29626,1.4481
-1.3407e-05,-0.43602,1.2459
0.010457,-0.52077,1.0357
0.023545,-0.63615,0.83057
0.018684,-0.77601,0.61155
0.058321,-0.80496,0.40712
0.077766,-1.1002,0.18006
0.1361,-0.62562,-0.011704
0.2767,0.035028,-0.025168
0.32606,-0.11286,-0.0088512
0.43525,-0.060692,-0.019653
0.49246,-0.045621,-0.012454
0.42254,-0.067582,-0.017857
0.44572,-0.026028,-0.015446
0.4102,-0.061985,-0.016961
0.3369,-0.026291,-0.017561
0.31073,-0.045512,-0.016691
0.25464,-0.032739,-0.018494
0.22398,-0.032544,-0.017452
0.19817,-0.034666,-0.01903
0.17312,-0.027558,-0.018768
0.15854,-0.031326,-0.019368
0.11553,-0.024255,-0.019679
0.072905,-0.029519,-0.020027
0.040746,-0.023974,-0.020567
0.003726,-0.027682,-0.020635
-0.030302,-0.031435,-0.021872
-0.059096,-0.026561,-0.022952
-0.0662,-0.024428,-0.023874
-0.065453,-0.026478,-0.025006
-0.071062,-0.020761,-0.025981
-0.073679,-0.019951,-0.025887
-0.10285,-0.024229,-0.026873
-0.14473,-0.015138,-0.027282
-0.16866,-0.025957,-0.02777
-0.20344,-0.015093,-0.028411
-0.22999,-0.024866,-0.028197
-0.22961,-0.01874,-0.030049
-0.22475,-0.019783,-0.028463
-0.16642,-0.041257,-0.03114
-0.086019,0.0047547,-0.029352
-0.037033,-0.043173,-0.03063
0.051216,0.0083387,-0.031826
0.13834,-0.04309,-0.029022
0.16714,-0.0046404,-0.03535
0.20453,-0.0051877,-0.025528
0.1907,-0.08046,-0.040543
0.16153,0.15337,-0.018393
0.10432,-1.0778,-0.090122
0.11067,-2.2069,-0.44507
0.20528,-1.8556,-0.82251
0.12787,-1.9246,-1.153
0.3283,-1.9359,-1.4912
0.56538,-1.9168,-1.7906
0.5063,-1.9966,-2.0841
0.69476,-1.9672,-2.3556
0.70561,-2.0502,-2.6163
0.59044,-2.0568,-2.866
0.68729,-2.1104,-3.1015
0.64353,-2.1231,-3.326
0.63793,-2.1496,-3.5325
0.68055,-2.2015,-3.7329
0.69701,-2.2161,-3.9219
0.71159,-2.2378,-4.0986
0.64914,-2.236,-4.2606
0.63568,-2.2427,-4.4078
0.55117,-2.239,-4.5412
0.46816,-2.2268,-4.6584
0.46666,-2.2143,-4.7604
0.44161,-2.1954,-4.8471
0.48237,-2.1858,-4.9205
0.55977,-2.174,-4.9823
0.64279,-2.1498,-5.032
0.67382,-2.1177,-5.0686
0.68841,-2.0811,-5.0912
0.68055,-2.0435,-5.1004
0.57136,-2.0057,-5.0981
0.38963,-1.9656,-5.0858
0.19967,-1.9206,-5.0633
0.021675,-1.876,-5.0304
-0.18362,-1.8339,-4.9892
-0.28907,-1.7879,-4.9401
-0.35899,-1.7374,-4.8834
-0.4177,-1.6821,-4.8191
-0.40536,-1.6203,-4.7456
-0.40611,-1.5524,-4.6632
-0.42069,-1.4839,-4.5724
-0.45472,-1.4222,-4.4753
-0.44089,-1.3542,-4.3732
-0.44575,-1.2762,-4.2632
-0.47678,-1.1963,-4.1454
-0.47753,-1.1247,-4.022
-0.48912,-1.0494,-3.8944
-0.49511,-0.96875,-3.7606
-0.51193,-0.90834,-3.6235
-0.4966,-0.82588,-3.4843
-0.52727,-0.72578,-3.3352
-0.58149,-0.66,-3.1821
-0.58336,-0.57993,-3.0292
-0.65553,-0.48139,-2.8688
-0.69666,-0.39726,-2.704
-0.64132,-0.29447,-2.5335
-0.56541,-0.1917,-2.3556
-0.45547,-0.070019,-2.1702
-0.31375,0.017138,-1.9793
-0.17763,0.1209,-1.7873
-0.085645,0.23439,-1.5865
0.0063435,0.31401,-1.3881
0.069165,0.45928,-1.1819
0.084123,0.51792,-0.9754
0.094593,0.68917,-0.7665
0.089358,0.73946,-0.55067
0.10619,0.91083,-0.34556
0.10544,1.0328,-0.11005
0.14507,0.24849,0.011694
0.23931,-0.039889,-0.011787
0.304,0.11907,-0.0085325
0.40571,-0.0015624,-0.0065905
0.42441,0.055213,-0.0092449
0.41693,0.018112,-0.0051021
0.44123,0.024276,-0.008525
0.38066,0.029296,-0.0047796
0.3485,0.0041473,-0.0066655
0.304,0.024853,-0.0053158
0.25239,0.0073527,-0.0048884
0.22285,0.013587,-0.0047196
0.17125,0.004391,-0.0037224
0.13348,0.0084249,-0.0039211
0.10768,0.0069253,-0.0029275
0.091975,0.0085637,-0.0029988
0.035511,0.0079451,-0.002099
-0.0097358,-0.0013187,-0.002039
-0.053861,0.0086761,-0.0016003
-0.09088,0.0085711,-0.00034437
-0.086393,0.0067941,0.00064541
-0.10322,0.0073602,0.0017514
-0.076297,0.0065954,0.0029362
-0.045634,0.0031988,0.0036635
-0.051243,0.0020404,0.0035098
-0.074427,0.0046459,0.0047995
-0.11444,-0.0023985,0.0049045
-0.15931,0.0022578,0.005688
-0.2154,-0.0061737,0.0061567
-0.22849,0.0082862,0.0060892
-0.25317,-0.0061512,0.0075439
-0.27336,0.00039831,0.0060892
-0.23073,0.0098533,0.0091448
-0.14996,-0.020536,0.0066028
-0.064705,0.02687,0.0093135
0.021301,-0.036612,0.0086011
0.12638,0.036929,0.0075701
0.16938,-0.032855,0.012437
0.19855,0.013092,0.0038435
0.19743,0.020617,0.0189
0.20565,-0.11861,-0.0073703
0.21164,1.3524,0.10155
0.23519,2.2831,0.47675
0.37916,1.8528,0.83899
0.34177,1.9606,1.1699
0.43263,1.9305,1.504
0.57024,1.9469,1.8009
0.4618,2.007,2.0925
0.60016,1.9949,2.3603
0.65587,2.0731,2.6199
0.59941,2.0776,2.866
0.70075,2.1337,3.0987
0.68766,2.1372,3.3187
0.67831,2.1756,3.5226
0.73403,2.2137,3.7207
0.80059,2.234,3.9064
0.78488,2.252,4.08
0.74824,2.2475,4.2385
0.7516,2.2559,4.3822
0.63793,2.2391,4.5111
0.55865,2.2302,4.6236
0.50518,2.2133,4.7224
0.48648,2.183,4.8058
0.51191,2.1703,4.8749
0.53098,2.1582,4.9332
0.59604,2.1277,4.9798
0.61773,2.0889,5.0126
0.63718,2.0524,5.0322
0.59118,2.0136,5.0392
0.50106,1.9738,5.0347
0.33354,1.9318,5.02
0.10992,1.8883,4.9954
-0.05947,1.8373,4.961
-0.2614,1.7864,4.9172
-0.37657,1.744,4.8665
-0.44986,1.6958,4.809
-0.47903,1.6317,4.7421
-0.45285,1.5644,4.6662
-0.45659,1.5094,4.5827
-0.44163,1.4486,4.4919
-0.45734,1.3748,4.3949
-0.45584,1.3018,4.2901
-0.47342,1.2275,4.1773
-0.51493,1.1505,4.0578
-0.53362,1.0807,3.9328
-0.56129,1.0025,3.8031
-0.5699,0.92788,3.6678
-0.60168,0.86569,3.531
-0.61552,0.76908,3.3898
-0.62673,0.67916,3.239
-0.65179,0.62062,3.0875
-0.6458,0.52512,2.9337
-0.68021,0.43426,2.7716
-0.68918,0.34925,2.6067
-0.64992,0.24152,2.4352
-0.60355,0.13834,2.2567
-0.48277,0.027477,2.0705
-0.32684,-0.051829,1.8821
-0.21615,-0.17855,1.6892
-0.11481,-0.26461,1.4895
-0.022824,-0.37821,1.2908
0.0044739,-0.49593,1.082
0.032519,-0.57471,0.87833
0.053834,-0.75418,0.66322
0.033267,-0.75996,0.45551
0.0089611,-1.0391,0.24081
0.025788,-0.83756,0.021633
0.10544,-0.044777,-0.032471
0.14807,-0.065798,-0.0067817
0.26174,-0.10252,-0.018569
0.39599,-0.023078,-0.012885
0.38365,-0.080078,-0.015686
0.42964,-0.023678,-0.015742
0.45657,-0.058304,-0.014906
0.39748,-0.031543,-0.017287
0.37916,-0.03762,-0.015416
0.31709,-0.040665,-0.017763
0.23744,-0.028019,-0.016683
0.17873,-0.036833,-0.01786
0.13423,-0.025485,-0.018018
0.093097,-0.031461,-0.018273
0.060939,-0.026984,-0.019011
0.063556,-0.031712,-0.018869
0.032145,-0.025624,-0.019776
0.0029781,-0.021248,-0.019851
-0.0074922,-0.029331,-0.020586
-0.03292,-0.028207,-0.021625
-0.041894,-0.025237,-0.022689
-0.040025,-0.023775,-0.023645
-0.0048746,-0.025444,-0.024643
0.013448,-0.020026,-0.025059
-0.028433,-0.023487,-0.025426
-0.047504,-0.019486,-0.026454
-0.075175,-0.018924,-0.026352
-0.13164,-0.023464,-0.027788
-0.17016,-0.013012,-0.027252
-0.21802,-0.02842,-0.028441
-0.24494,-0.0053452,-0.028594
-0.24307,-0.028473,-0.028077
-0.20942,-0.009739,-0.030484
-0.15632,-0.015962,-0.027533
-0.10808,-0.030452,-0.032055
0.011579,0.014356,-0.02762
0.096837,-0.064655,-0.03228
0.14919,0.047463,-0.030004
0.19369,-0.095715,-0.029074
0.19892,0.085272,-0.036696
0.21837,-0.19385,-0.017201
0.15741,-1.8191,-0.2255
0.23445,-2.1079,-0.62774
0.27221,-1.8216,-0.96831
0.26847,-2.0062,-1.3065
0.5493,-1.9166,-1.6253
0.62484,-2.009,-1.9185
0.72655,-2.0087,-2.2029
0.91277,-2.0443,-2.4639
0.79947,-2.1032,-2.7201
0.83686,-2.1223,-2.9598
0.87014,-2.1729,-3.189
0.80283,-2.173,-3.4015
0.82976,-2.2324,-3.6029
0.83237,-2.2588,-3.7972
0.8664,-2.2767,-3.9775
0.82228,-2.2872,-4.1454
0.79423,-2.2864,-4.2978
0.75684,-2.2893,-4.4364
0.64316,-2.2765,-4.5601
0.60427,-2.2644,-4.6681
0.56351,-2.2424,-4.7614
0.56089,-2.2232,-4.8401
0.56463,-2.2097,-4.9065
0.59118,-2.1883,-4.9612
0.62783,-2.1571,-5.0035
0.6125,-2.1168,-5.0321
0.5953,-2.0763,-5.0471
0.54257,-2.0388,-5.0507
0.42515,-1.997,-5.0434
0.20752,-1.9521,-5.0255
0.011579,-1.9063,-4.998
-0.17763,-1.8592,-4.9612
-0.37208,-1.8116,-4.916
-0.51231,-1.7608,-4.8632
-0.63907,-1.7044,-4.8027
-0.67235,-1.6399,-4.7339
-0.68058,-1.5701,-4.6564
-0.62187,-1.5018,-4.5704
-0.51979,-1.4414,-4.4772
-0.49885,-1.3759,-4.379
-0.43715,-1.3005,-4.2735
-0.41508,-1.2256,-4.1601
-0.45285,-1.1485,-4.0405
-0.45659,-1.078,-3.9163
-0.48987,-0.99953,-3.7864
-0.56167,-0.92394,-3.6506
-0.63272,-0.85734,-3.5137
-0.69105,-0.75818,-3.3697
-0.75612,-0.67938,-3.2179
-0.74789,-0.61556,-3.067
-0.68582,-0.51164,-2.9108
-0.666,-0.42384,-2.7476
-0.63496,-0.33034,-2.5804
-0.58373,-0.23075,-2.406
-0.52876,-0.11711,-2.2249
-0.43004,-0.01477,-2.0362
-0.27523,0.071899,-1.8471
-0.13874,0.20177,-1.6503
-0.0059964,0.27108,-1.4512
0.083749,0.41262,-1.2499
0.1017,0.48653,-1.0416
0.15667,0.61313,-0.83803
0.15517,0.74823,-0.6206
0.15816,0.79851,-0.41769
0.13797,1.0881,-0.18904
0.065052,0.55138,-0.0062043
0.10619,-0.065281,-0.00057307
0.096089,0.10404,-0.014126
0.16826,0.032955,-0.0039061
0.28007,0.027005,-0.010546
0.27446,0.03983,-0.0052183
0.39487,0.0027827,-0.0081651
0.45881,0.038241,-0.0057282
0.44684,0.0055682,-0.0054995
0.44011,0.023009,-0.0058219
0.36794,0.0048559,-0.0039848
0.29128,0.011027,-0.0050458
0.19369,0.013006,-0.0036136
0.14134,0.0066067,-0.0039548
0.066548,0.010547,-0.003145
-0.0059964,0.004391,-0.0027513
-0.019084,0.011567,-0.0020052
-0.04526,0.0030639,-0.0015141
-0.026189,0.0045785,-0.0016228
0.00073447,0.011023,-0.00025814
0.01831,0.0067154,0.0010466
0.034389,0.0065992,0.0019651
0.043737,0.0084924,0.0031424
0.050094,0.00052202,0.0039259
0.029902,0.0047097,0.0043121
0.022797,0.0032063,0.0051219
0.0127,0.0027902,0.0051857
-0.026189,0.0035625,0.0064304
-0.067322,-0.011092,0.0058305
-0.11481,0.011105,0.0069928
-0.15295,-0.010103,0.0075064
-0.17726,0.010015,0.0069628
-0.19857,-0.0052515,0.0093735
-0.17763,-0.0070697,0.0062842
-0.14024,0.015912,0.010896
-0.084523,-0.034929,0.0068878
-0.020206,0.046489,0.010674
0.048599,-0.067586,0.0095572
0.13012,0.069534,0.0072102
0.16078,-0.086181,0.016692
0.21463,0.12233,-0.0057807
0.22697,1.8061,0.18707
0.3111,2.1985,0.58707
0.40197,1.8379,0.93057
0.3399,2.0164,1.2704
0.48162,1.9305,1.5945
0.50779,2.014,1.8902
0.44273,2.0249,2.1785
0.60053,2.0564,2.4434
0.61025,2.1148,2.7031
0.67569,2.1253,2.9445
0.78787,2.1957,3.1772
0.78301,2.1909,3.3951
0.83574,2.237,3.5975
0.86191,2.2716,3.7925
0.91464,2.2998,3.9761
0.89669,2.3166,4.1493
0.86154,2.3047,4.3074
0.87463,2.3164,4.4515
0.76843,2.3126,4.5809
0.7086,2.2927,4.6941
0.67831,2.2697,4.7936
0.66111,2.2508,4.8785
0.66821,2.235,4.9486
0.66747,2.2045,5.0075
0.66747,2.1773,5.0548
0.64615,2.1552,5.0894
0.60726,2.113,5.111
0.50256,2.0655,5.1194
0.38477,2.0252,5.116
0.16938,1.9839,5.1022
-0.010484,1.9331,5.0791
-0.18549,1.8819,5.0458
-0.40873,1.8384,5.0032
-0.47043,1.7925,4.9536
-0.56803,1.735,4.8966
-0.62187,1.6703,4.8311
-0.64992,1.6038,4.757
-0.66861,1.5348,4.6751
-0.62673,1.4704,4.5851
-0.67273,1.4013,4.4875
-0.6043,1.3412,4.3845
-0.58186,1.2706,4.276
-0.60766,1.1736,4.159
-0.55232,1.1032,4.034
-0.59607,1.0326,3.9052
-0.63272,0.95866,3.7713
-0.65141,0.88783,3.634
-0.67385,0.7867,3.4951
-0.73854,0.70124,3.3472
-0.80398,0.64419,3.194
-0.76958,0.56712,3.0412
-0.77369,0.46939,2.881
-0.75799,0.38989,2.716
-0.65291,0.2883,2.5468
-0.54297,0.18308,2.3689
-0.44313,0.077354,2.1851
-0.32534,-0.014167,1.9958
-0.19072,-0.1138,1.8053
-0.1178,-0.2366,1.6062
-0.050869,-0.30706,1.4071
0.009335,-0.45635,1.2025
0.039998,-0.52031,0.99334
0.085618,-0.66926,0.78632
0.089732,-0.76552,0.56772
0.08861,-0.85592,0.36454
0.077766,-1.0965,0.13099
0.11292,-0.44103,-0.028579
0.18359,0.044479,-0.01891
0.22996,-0.13619,-0.012567
0.33728,-0.039457,-0.0196
0.36271,-0.065273,-0.013781
0.35485,-0.051975,-0.019011
0.39748,-0.039217,-0.015555
0.37804,-0.061648,-0.018524
0.36794,-0.024431,-0.017636
0.36832,-0.051428,-0.018018
0.3212,-0.029493,-0.019094
0.25202,-0.035888,-0.018528
0.18509,-0.033358,-0.019975
0.10506,-0.028432,-0.019533
0.054208,-0.035525,-0.020245
0.02878,-0.030853,-0.020447
-0.020206,-0.030715,-0.021306
-0.041894,-0.022448,-0.021388
-0.049747,-0.028428,-0.021651
-0.044138,-0.031757,-0.023349
-0.025815,-0.023678,-0.024242
0.00073447,-0.029084,-0.0251
0.050094,-0.028829,-0.026664
0.059443,-0.019659,-0.026881
0.047851,-0.029935,-0.027458
0.012327,-0.023168,-0.028223
-0.053487,-0.027431,-0.028324
-0.094246,-0.021788,-0.029625
-0.15595,-0.01681,-0.028891
-0.18736,-0.027622,-0.03075
-0.15445,-0.0066536,-0.029607
-0.18212,-0.033781,-0.030821
-0.16604,-0.0019748,-0.031552
-0.11369,-0.036379,-0.03003
-0.081532,-0.007872,-0.033791
0.016066,-0.011591,-0.028654
0.069913,-0.044312,-0.036096
0.13498,0.042462,-0.028231
0.15891,-0.11743,-0.036434
0.14994,0.16379,-0.029445
0.14059,-0.59566,-0.0425
0.1275,-2.0969,-0.33374
0.27745,-1.976,-0.73268
0.27932,-1.887,-1.0646
0.36944,-2.0128,-1.4076
0.63082,-1.9376,-1.7162
0.62858,-2.0551,-2.0112
0.76619,-2.0257,-2.2906
0.86603,-2.0972,-2.552
0.76843,-2.1232,-2.8063
0.84808,-2.1677,-3.043
0.8421,-2.2156,-3.2733
0.81667,-2.2159,-3.4851
0.89071,-2.2681,-3.6851
0.91726,-2.2954,-3.8764
0.9367,-2.3271,-4.0569
0.91464,-2.3335,-4.2254
0.90679,-2.3378,-4.3782
0.8406,-2.3434,-4.5183
0.71346,-2.3289,-4.6436
0.67569,-2.3116,-4.7528
0.64615,-2.2936,-4.8471
0.60689,-2.2728,-4.9272
0.62372,-2.2538,-4.9945
0.64615,-2.2354,-5.0504
0.63531,-2.2035,-5.0941
0.60876,-2.1639,-5.1248
0.53958,-2.1212,-5.1421
0.44423,-2.0783,-5.1472
0.27334,-2.0353,-5.1417
0.034389,-1.9871,-5.1255
-0.13314,-1.9417,-5.0993
-0.3201,-1.8945,-5.0639
-0.48426,-1.841,-5.0198
-0.53661,-1.7939,-4.9679
-0.57737,-1.7401,-4.9088
-0.5871,-1.6745,-4.8418
-0.5755,-1.6098,-4.7657
-0.57176,-1.5368,-4.6807
-0.58897,-1.4702,-4.5881
-0.60729,-1.4091,-4.4903
-0.62561,-1.332,-4.3859
-0.64057,-1.2555,-4.2734
-0.64506,-1.1784,-4.1545
-0.65627,-1.1081,-4.03
-0.63982,-1.0318,-3.9008
-0.66787,-0.95093,-3.7658
-0.67834,-0.89021,-3.6281
-0.67759,-0.79723,-3.4864
-0.70638,-0.70385,-3.3356
-0.68469,-0.64694,-3.1829
-0.6989,-0.55439,-3.0286
-0.69816,-0.45846,-2.8664
-0.63982,-0.3762,-2.7001
-0.57027,-0.2666,-2.5277
-0.47903,-0.16654,-2.3477
-0.32945,-0.051241,-2.1604
-0.17277,0.031125,-1.9692
-0.095368,0.1435,-1.776
-0.0048746,0.24335,-1.5742
0.024667,0.32957,-1.3749
0.003726,0.47541,-1.1667
0.035511,0.5258,-0.96031
0.026536,0.71199,-0.74895
0.03925,0.752,-0.53391
0.079261,0.94717,-0.32594
0.079261,0.99488,-0.091055
0.14507,0.1752,0.013126
0.25613,-0.023385,-0.013429
0.34775,0.11601,-0.0069879
0.43824,-0.009008,-0.0073703
0.44946,0.059153,-0.00854
0.40982,0.01003,-0.0051883
0.38963,0.02182,-0.0078052
0.32344,0.025232,-0.004311
0.27707,0.0084924,-0.0065155
0.25464,0.025048,-0.0045847
0.19219,0.004571,-0.0046597
0.15928,0.015406,-0.0043822
0.13086,0.0078213,-0.0034112
0.080009,0.0081513,-0.0033399
0.050842,0.0061193,-0.0025601
0.027284,0.0080913,-0.0025001
0.0011084,0.0064455,-0.0015029
-0.012353,0.0036712,-0.0015366
-0.023945,0.010378,-0.00068554
-0.026189,0.0075889,0.00086661
-0.011979,0.0065129,0.001594
0.039624,0.0095009,0.0026812
0.10693,0.0057856,0.0040309
0.10132,0.0020254,0.0040459
0.072531,0.0060931,0.004897
0.045981,0.00052952,0.0053844
-0.028433,0.0078926,0.0060255
-0.1092,-0.0035119,0.0067528
-0.17464,0.0062018,0.0063741
-0.1911,0.00056326,0.008005
-0.18848,-0.0076658,0.0063816
-0.20568,0.0098983,0.0092123
-0.14585,-0.024221,0.0078963
-0.065827,0.029573,0.0090998
-0.013475,-0.028975,0.0099808
0.063556,0.024032,0.0073377
0.1376,-0.010106,0.013876
0.18658,-0.018939,0.0040759
0.15442,0.060203,0.018848
0.13647,-0.18016,-0.0033175
0.11927,1.0938,0.068479
0.13535,2.2844,0.42248
0.29016,1.9083,0.79842
0.30811,1.9556,1.1295
0.41431,1.9674,1.4696
0.58408,1.957,1.7702
0.51901,2.0459,2.0652
0.6297,2.0197,2.3378
0.72991,2.1078,2.5998
0.70748,2.1046,2.8494
0.82489,2.1672,3.0841
0.83536,2.1961,3.3104
0.80732,2.2083,3.5176
0.84023,2.2414,3.7155
0.89706,2.2765,3.9035
0.9124,2.3111,4.0816
0.85556,2.3011,4.2463
0.88173,2.3117,4.3964
0.78937,2.303,4.5325
0.66447,2.291,4.6524
0.62297,2.2776,4.7588
0.5407,2.2465,4.8494
0.52238,2.226,4.9251
0.53734,2.2062,4.9894
0.56015,2.1775,5.0421
0.55117,2.1441,5.0827
0.53023,2.1083,5.1104
0.48648,2.064,5.1249
0.3844,2.0164,5.1274
0.21537,1.9693,5.1188
-0.0059964,1.9222,5.1007
-0.1825,1.8738,5.0727
-0.39751,1.8249,5.0345
-0.53699,1.7792,4.989
-0.60318,1.7283,4.9366
-0.65927,1.6696,4.8761
-0.62561,1.607,4.8069
-0.60953,1.539,4.7291
-0.58635,1.4703,4.6431
-0.57588,1.4041,4.5488
-0.58747,1.3373,4.4486
-0.58523,1.2709,4.3436
-0.59009,1.1879,4.2306
-0.60579,1.106,4.1087
-0.61178,1.0438,3.9819
-0.62711,0.96495,3.8503
-0.69143,0.89667,3.7138
-0.69442,0.83675,3.5765
-0.70713,0.733,3.4329
-0.72732,0.64642,3.2808
-0.68881,0.59053,3.1285
-0.68731,0.49484,2.9723
-0.68395,0.40924,2.8088
-0.62898,0.32448,2.6424
-0.52577,0.21186,2.4682
-0.42481,0.11492,2.2871
-0.31113,0.0089386,2.0992
-0.18736,-0.073903,1.9082
-0.11033,-0.19855,1.7125
-0.04339,-0.28114,1.5108
-0.00076128,-0.39366,1.3105
0.019805,-0.51592,1.0994
0.035511,-0.58029,0.89357
0.02691,-0.76037,0.6775
0.034389,-0.77378,0.46689
0.050468,-1.0415,0.25139
0.060939,-0.87291,0.027437
0.14096,-0.064103,-0.034383
0.23594,-0.051675,-0.007554
0.31522,-0.10784,-0.018745
0.40945,-0.025185,-0.013988
0.41394,-0.08259,-0.01632
0.39075,-0.024825,-0.016739
0.393,-0.060418,-0.015626
0.35485,-0.035795,-0.018269
0.30961,-0.036634,-0.016128
0.27595,-0.042393,-0.018468
0.22173,-0.026842,-0.017572
0.15218,-0.03777,-0.018453
0.10693,-0.026553,-0.01879
0.047477,-0.031135,-0.019011
0.011205,-0.030434,-0.019776
0.013822,-0.03338,-0.02002
-0.0030049,-0.026317,-0.020669
-0.00824,-0.023063,-0.02047
0.0040999,-0.030838,-0.021835
0.016066,-0.029661,-0.023282
0.028406,-0.027828,-0.023942
0.061312,-0.028233,-0.025216
0.07627,-0.021597,-0.026049
0.089732,-0.022433,-0.026304
0.071035,-0.021248,-0.027278
-0.013101,-0.019603,-0.027113
-0.043016,-0.024424,-0.028343
-0.097611,-0.011482,-0.028246
-0.16342,-0.028379,-0.028778
-0.14884,-0.011497,-0.029644
-0.17838,-0.027131,-0.028718
-0.18549,-0.017784,-0.031455
-0.13127,-0.0095328,-0.028411
-0.091254,-0.040256,-0.032505
-0.0052485,0.01358,-0.029468
0.069165,-0.067125,-0.031669
0.1346,0.040153,-0.032565
0.15517,-0.072929,-0.027785
0.15554,0.031121,-0.040168
0.19032,-0.04537,-0.01383
0.095715,-1.628,-0.17981
0.17686,-2.1648,-0.57777
0.27147,-1.8225,-0.92921
0.24192,-2.0124,-1.2674
0.52163,-1.9372,-1.5948
0.62708,-2.0101,-1.8906
0.68168,-2.0336,-2.1806
0.90417,-2.0474,-2.4459
0.82452,-2.1177,-2.7058
0.83761,-2.1249,-2.9486
0.9109,-2.197,-3.1822
0.85668,-2.1965,-3.4027
0.88734,-2.2307,-3.606
0.89146,-2.27,-3.8018
0.92212,-2.2986,-3.9869
0.90679,-2.3155,-4.1613
0.86416,-2.313,-4.3209
0.82789,-2.3218,-4.4671
0.70561,-2.3136,-4.5996
0.63119,-2.2979,-4.7169
0.57323,-2.2761,-4.8186
0.50293,-2.2509,-4.9049
0.479,-2.2309,-4.9778
0.50368,-2.2126,-5.039
0.51266,-2.1846,-5.089
0.50406,-2.1443,-5.1258
0.49882,-2.1007,-5.1493
0.42029,-2.0581,-5.1604
0.29278,-2.0155,-5.1599
0.1088,-1.971,-5.1494
-0.061339,-1.924,-5.129
-0.23335,-1.8715,-5.0983
-0.42331,-1.8184,-5.0581
-0.52465,-1.7707,-5.0098
-0.61252,-1.72,-4.9552
-0.63571,-1.6612,-4.8924
-0.65627,-1.5978,-4.8207
-0.66226,-1.53,-4.7411
-0.61626,-1.461,-4.6525
-0.62561,-1.398,-4.5576
-0.59532,-1.3268,-4.4572
-0.56765,-1.2502,-4.3484
-0.56803,-1.1773,-4.2329
-0.57064,-1.1043,-4.1112
-0.56541,-1.0321,-3.9845
-0.58074,-0.95515,-3.8522
-0.62262,-0.89164,-3.7151
-0.63047,-0.81762,-3.576
-0.66562,-0.71746,-3.429
-0.66413,-0.64558,-3.2757
-0.63683,-0.57788,-3.123
-0.63384,-0.47585,-2.9641
-0.57214,-0.39465,-2.7987
-0.48277,-0.30224,-2.63
-0.40013,-0.19341,-2.4531
-0.30776,-0.089166,-2.2692
-0.20344,0.0091935,-2.0787
-0.13089,0.093475,-1.887
-0.070314,0.22433,-1.6878
0.00036053,0.29219,-1.4858
0.027284,0.42704,-1.2829
0.065052,0.51315,-1.0715
0.088236,0.61845,-0.86579
0.085992,0.76982,-0.64553
0.13049,0.79156,-0.43897
0.14171,1.0891,-0.21231
0.14582,0.63983,-0.014846
0.19256,-0.05154,0.003461
0.2322,0.090318,-0.014644
0.30662,0.045814,-0.003025
0.35336,0.023312,-0.010032
0.32195,0.045087,-0.0048246
0.33279,0.0031876,-0.0070029
0.34551,0.042387,-0.0055407
0.31821,9.0887e-05,-0.0045772
0.33055,0.025191,-0.0056419
0.28381,0.0097896,-0.0034749
0.19518,0.0060781,-0.0044197
0.15143,0.015181,-0.0031562
0.075896,0.006393,-0.003265
0.026162,0.012733,-0.0024701
0.015692,0.0047884,-0.0021477
0.0063435,0.010918,-0.0015066
0.0018563,0.0032813,-0.00088425
-0.029928,0.0050021,-0.00080551
-0.0033789,0.012744,0.00079913
0.023919,0.0018754,0.0017814
0.039998,0.0045447,0.002475
0.098706,0.0080463,0.0039109
0.10132,-0.00049396,0.0046195
0.081131,0.0080613,0.0050132
0.038128,0.00037581,0.0058343
-0.0093619,0.0044585,0.0059917
-0.063957,0.0058119,0.0071915
-0.10883,-0.010684,0.0066778
-0.10696,0.0084174,0.008155
-0.11444,-0.010631,0.0077238
-0.10808,0.015188,0.0080875
-0.12753,-0.010688,0.0098646
-0.086393,0.0031763,0.0074202
-0.023572,0.001643,0.01187
0.014196,-0.023472,0.0070302
0.084497,0.042391,0.012958
0.11404,-0.069356,0.0080425
0.14246,0.095976,0.011046
0.14208,-0.14614,0.013209
0.14283,0.32896,0.0034273
0.126,2.0055,0.24518
0.24716,2.1144,0.64673
0.37206,1.856,0.98258
0.34027,2.0121,1.3258
0.5149,1.9142,1.6423
0.5164,2.0243,1.938
0.4805,2.0034,2.2234
0.65812,2.0561,2.4873
0.63306,2.0944,2.7454
0.70636,2.1091,2.985
0.81031,2.1743,3.2176
0.79498,2.1757,3.4332
0.81517,2.2135,3.6349
0.84322,2.237,3.8285
0.90604,2.2756,4.0112
0.86752,2.278,4.1834
0.82938,2.2748,4.3401
0.75235,2.2862,4.4836
0.6196,2.2649,4.612
0.55902,2.2489,4.725
0.49134,2.2285,4.8243
0.45806,2.1974,4.9073
0.4517,2.1746,4.9775
0.50331,2.1556,5.0367
0.53285,2.1217,5.0835
0.55416,2.0818,5.1181
0.51939,2.04,5.1392
0.43338,1.9947,5.147
0.29577,1.9504,5.1441
0.10207,1.9031,5.1311
-0.078914,1.8529,5.1081
-0.32871,1.8029,5.0753
-0.40387,1.7559,5.0335
-0.61552,1.7052,4.9843
-0.56242,1.6513,4.9277
-0.72134,1.5898,4.8629
-0.58859,1.5222,4.7893
-1.0986,1.4561,4.7075
-6.4093,1.3885,4.6176
-13.404,1.3256,4.521
-18.626,1.2545,4.4197
-19.842,1.1728,4.3116
-17.92,1.0872,4.1951
-15.31,1.0022,4.0723
-12.192,0.91305,3.946
-11.202,0.81865,3.8143
-1.3189,0.74202,3.6806
18.025,0.64957,3.5445
30.284,0.55558,3.3989
31.148,0.50132,3.2493
22.966,0.42847,3.0986
13.036,0.33632,2.9401
5.5208,0.26477,2.7764
0.92698,0.16838,2.6078
-1.3253,0.074126,2.4299
-3.9985,-0.020311,2.247
-5.9557,-0.11057,2.0573
-7.9305,-0.19618,1.8653
-7.0001,-0.31394,1.6662
-2.6116,-0.37206,1.4644
0.52799,-0.52051,1.2594
3.1665,-0.58614,1.0466
2.0813,-0.68582,0.83923
-2.5536,-0.81852,0.61713
-3.5169,-0.8445,0.40957
-0.089385,-1.1245,0.17884
6.7081,-0.61386,-0.012229
16.525,0.032351,-0.023192
22.588,-0.12428,-0.007674
21.269,-0.061993,-0.018423
15.502,-0.048328,-0.011479
4.9165,-0.063575,-0.016946
-5.7927,-0.027161,-0.013976
-12.533,-0.066462,-0.01572
-18.076,-0.023655,-0.016162
-20.935,-0.042044,-0.015367
-20.603,-0.032252,-0.017407
-17.912,-0.03296,-0.016275
-10.684,-0.035817,-0.017703
0.32868,-0.025774,-0.017647
10.447,-0.036147,-0.018104
16.001,-0.032012,-0.018468
16.181,-0.029129,-0.018978
10.65,-0.025815,-0.019323
1.4086,-0.027835,-0.01993
-6.4131,-0.028117,-0.021561
-10.267,-0.023933,-0.022367
-10.703,-0.028833,-0.023342
-8.1526,-0.029253,-0.024613
-5.0351,-0.025402,-0.024853
-3.8991,-0.027434,-0.025647
-3.1198,-0.020292,-0.02603
-1.2953,-0.030194,-0.02666
0.68803,-0.016727,-0.027477
2.2582,-0.020806,-0.026881
3.3101,-0.020855,-0.028969
3.2117,-0.007947,-0.027327
2.9365,-0.036136,-0.029588
4.7411,0.003555,-0.028883
7.5805,-0.040661,-0.028876
10.61,0.0059056,-0.031372
12.437,-0.030227,-0.027121
10.909,-0.02427,-0.034537
7.1661,0.024504,-0.02483
0.83686,-0.10115,-0.037615
-6.0234,0.17586,-0.021613
-10.026,-0.86069,-0.064811
-11.044,-2.1762,-0.39556
-8.9334,-1.8901,-0.78419
-5.4689,-1.8899,-1.1157
-2.0163,-1.9453,-1.4597
1.6831,-1.8875,-1.7654
5.7564,-1.9758,-2.0627
8.3455,-1.9344,-2.3405
8.9977,-2.0086,-2.6052
8.0561,-2.0091,-2.8607
3.7162,-2.0565,-3.1002
-1.3892,-2.0798,-3.3328
-5.5115,-2.0793,-3.5461
-8.3429,-2.1243,-3.7503
-8.488,-2.1402,-3.9448
-6.956,-2.1636,-4.1286
-4.583,-2.1587,-4.3003
-2.8973,-2.1552,-4.4566
-1.7613,-2.1458,-4.5999
-0.63384,-2.1188,-4.7272
0.33466,-2.105,-4.8394
1.4539,-2.0857,-4.9391
2.1546,-2.0532,-5.0247
3.1515,-2.0282,-5.0959
3.5819,-2.0003,-5.1555
3.6014,-1.9651,-5.2031
4.3388,-1.9247,-5.2377
4.933,-1.8794,-5.2598
5.2258,-1.8336,-5.2689
5.025,-1.7855,-5.2661
3.991,-1.7448,-5.254
1.0967,-1.6982,-5.2323
-1.8675,-1.6461,-5.2005
-3.3311,-1.6008,-5.16
-4.3355,-1.5552,-5.1121
-3.6231,-1.5041,-5.0563
-2.0335,-1.4414,-4.9914
-0.50707,-1.3807,-4.9179
1.3753,-1.3184,-4.8358
2.453,-1.2565,-4.7457
2.8744,-1.1974,-4.6499
2.8535,-1.1261,-4.5468
2.1112,-1.0579,-4.4358
0.38963,-0.99194,-4.3183
-1.6008,-0.92865,-4.1951
-3.008,-0.85883,-4.0671
-4.2738,-0.78877,-3.9326
-4.279,-0.73275,-3.7955
-2.9605,-0.64615,-3.6527
-1.4868,-0.56589,-3.5009
0.10394,-0.51931,-3.3476
1.0481,-0.43279,-3.1919
0.80321,-0.33812,-3.0279
-0.16903,-0.27353,-2.8593
-1.2849,-0.1622,-2.6851
-2.256,-0.067226,-2.5004
-2.597,0.015601,-2.3117
-2.5394,0.11755,-2.1171
-2.4213,0.197,-1.9199
-1.5429,0.30959,-1.716
-0.47529,0.37534,-1.5101
0.47863,0.50867,-1.3019
1.5881,0.57919,-1.0863
1.9486,0.69262,-0.87526
1.5081,0.81371,-0.64933
0.82976,0.84371,-0.439
0.047851,1.1351,-0.20386
-0.5426,0.60676,-0.0088512
-0.35301,-0.053756,0.0022051
0.61362,0.10659,-0.0135
1.7624,0.038068,-0.0025001
2.7537,0.027118,-0.0095036
3.07,0.050789,-0.0039173
2.6377,0.0045972,-0.0068004
1.9748,0.043456,-0.0048546
1.0964,0.0063742,-0.004281
0.0063435,0.022994,-0.0049821
-0.85745,0.013482,-0.00289
-1.3608,0.0095721,-0.0037449
-1.421,0.010198,-0.0022115
-0.88251,0.0020104,-0.0024964
-0.13538,0.011139,-0.0018065
0.71421,0.0085412,-0.0011279
1.4853,0.0036037,-0.00083551
1.6483,0.0013955,-0.00070804
1.1775,0.0081063,-0.00011567
0.14433,0.0073077,0.0012078
-1.028,0.0069853,0.0023363
-1.8589,0.0080238,0.0035248
-2.3068,0.0078776,0.0046833
-2.3016,0.0013918,0.0053131
-1.8375,0.0050058,0.0056768
-1.0908,0.0031426,0.0067341
-0.28608,-0.0015474,0.0065841
0.30774,-0.00089885,0.0079113
0.57361,-0.0053527,0.0076114
0.63606,0.014562,0.0085299
0.39487,-0.013357,0.0089386
-0.13762,0.011098,0.0086161
-0.71536,-0.0053077,0.010847
-1.1222,-0.0044904,0.0080575
-1.0489,0.010416,0.012395
-0.53101,-0.031483,0.0083275
0.19481,0.046826,0.012811
0.85705,-0.071384,0.010356
1.3035,0.079409,0.0098871
1.5802,-0.10181,0.017299
1.5156,0.17534,-0.0022077
1.0317,1.8448,0.20512
0.56576,2.139,0.60546
0.28493,1.8024,0.94529
0.091975,1.9545,1.2847
0.31522,1.8514,1.6062
0.62596,1.9335,1.9029
0.90753,1.9135,2.1912
1.4669,1.9387,2.4562
1.6936,1.9904,2.7167
1.6027,1.9929,2.9603
1.3106,2.0323,3.1943
0.60277,2.0193,3.4117
-0.029181,2.0672,3.6171
-0.46332,2.0894,3.8162
-0.67235,2.1024,4.0022
-0.55681,2.0989,4.1761
-0.095742,2.0818,4.3344
0.68542,2.0752,4.4788
1.3114,2.055,4.6074
1.5915,2.0369,4.7204
1.4628,2.0061,4.82
1.0044,1.9762,4.9042
0.34139,1.9515,4.9759
-0.46519,1.9193,5.037
-1.1787,1.8876,5.0849
-1.6637,1.8529,5.1199
-1.7299,1.797,5.1421
-1.4288,1.742,5.1511
-0.96216,1.7122,5.1498
-0.45846,1.6654,5.1384
0.020927,1.6091,5.1159
0.36308,1.5707,5.0844
0.38776,1.5274,5.0451
0.17349,1.4801,4.9976
-0.058348,1.4264,4.9427
-0.12042,1.363,4.879
-0.036285,1.3044,4.8057
0.22136,1.2415,4.7239
0.59642,1.1799,4.6347
0.95652,1.1265,4.5393
1.2422,1.0589,4.4371
1.2269,0.98338,4.3265
0.95428,0.91483,4.2079
0.4891,0.84866,4.0837
-0.08415,0.77991,3.9542
-0.61589,0.7254,3.8204
-1.0792,0.66028,3.6848
-1.2621,0.57118,3.5414
-1.1039,0.50869,3.391
-0.69255,0.45097,3.24
-0.22999,0.36215,3.084
0.10581,0.28153,2.9203
0.30175,0.2045,2.7528
0.23669,0.098094,2.5771
-0.12603,0.013681,2.3937
-0.68619,-0.082391,2.2055
-1.2273,-0.16339,2.0114
-1.5694,-0.2637,1.8154
-1.7044,-0.35896,1.6112
-1.6188,-0.4316,1.4075
-1.3454,-0.57205,1.1954
-0.9199,-0.61267,0.98383
-0.40761,-0.77934,0.7694
0.046355,-0.8154,0.54724
0.29428,-0.96316,0.33752
0.2868,-1.0763,0.09632
0.23108,-0.27692,-0.031245
0.17424,0.017779,-0.007674
0.091228,-0.1452,-0.010493
0.15891,-0.019929,-0.012784
0.30774,-0.074439,-0.0093799
0.55491,-0.041201,-0.013875
0.921,-0.048609,-0.010336
1.1053,-0.048133,-0.013976
1.102,-0.028619,-0.012105
0.99878,-0.047432,-0.013466
0.7516,-0.023438,-0.013969
0.47302,-0.043758,-0.013819
0.17462,-0.03088,-0.014992
-0.11033,-0.027813,-0.014524
-0.1537,-0.030509,-0.015371
0.098706,-0.023712,-0.015772
0.45806,-0.026651,-0.01629
0.81592,-0.025076,-0.016361
1.1132,-0.028522,-0.017156
1.2254,-0.02631,-0.018569
1.1117,-0.025507,-0.01954
0.70673,-0.029256,-0.020402
0.12077,-0.021256,-0.02179
-0.39452,-0.015857,-0.022078
-0.81296,-0.023907,-0.022727
-1.1102,-0.014365,-0.023469
-1.2351,-0.022782,-0.02363
-1.1783,-0.019217,-0.02465
-0.93336,-0.016244,-0.023975
-0.60841,-0.023847,-0.025989
-0.35974,-0.0068335,-0.024815
-0.26738,-0.032638,-0.026394
-0.23073,0.001463,-0.026461
-0.25392,-0.036271,-0.025494
-0.39826,-0.0057988,-0.029025
-0.50259,-0.019389,-0.023994
-0.49361,-0.034644,-0.031492
-0.31375,0.034608,-0.023004
-0.057974,-0.11755,-0.032876
0.20079,0.17518,-0.022873
0.35523,-0.67724,-0.044412
0.36682,-2.1279,-0.34689
0.50518,-1.9324,-0.74061
0.40197,-1.8489,-1.0708
0.30512,-1.9381,-1.4137
0.48723,-1.8554,-1.7215
0.47339,-1.95,-2.0167
0.74412,-1.9063,-2.2951
1.1338,-1.972,-2.5585
1.348,-1.9842,-2.8148
1.7392,-2.0125,-3.0544
1.9725,-2.0309,-3.284
1.9946,-2.0364,-3.4959
1.8046,-2.0863,-3.7012
1.3966,-2.0909,-3.8967
0.98457,-2.1039,-4.0791
0.51565,-2.0963,-4.2484
0.13311,-2.0925,-4.4028
-0.13314,-2.0752,-4.5433
-0.28308,-2.0515,-4.6671
-0.18661,-2.038,-4.7777
0.0059696,-2.003,-4.8735
0.15704,-1.9762,-4.9541
0.2696,-1.9567,-5.0234
0.30886,-1.9254,-5.0811
0.25987,-1.8867,-5.1261
0.15629,-1.8455,-5.1577
-0.069192,-1.7983,-5.1763
-0.28047,-1.7524,-5.1825
-0.40499,-1.7157,-5.1783
-0.49062,-1.6682,-5.1647
-0.488,-1.6168,-5.1404
-0.54708,-1.5715,-5.1069
-0.54746,-1.5243,-5.0654
-0.47342,-1.4754,-5.016
-0.48052,-1.4205,-4.9584
-0.51007,-1.3642,-4.8921
-0.55045,-1.2999,-4.817
-0.48651,-1.2365,-4.7332
-0.3489,-1.1859,-4.6427
-0.17128,-1.1204,-4.5457
0.011579,-1.0485,-4.4405
0.19518,-0.97979,-4.3276
0.37841,-0.91631,-4.2083
0.42216,-0.85385,-4.0843
0.36832,-0.77964,-3.9535
0.16639,-0.72352,-3.8188
-0.064705,-0.65149,-3.681
-0.26887,-0.56402,-3.5341
-0.50072,-0.51093,-3.3827
-0.61664,-0.44427,-3.2305
-0.67535,-0.34847,-3.0715
-0.58186,-0.27796,-2.9063
-0.36049,-0.1906,-2.7376
-0.16417,-0.079947,-2.5587
0.022797,0.0016205,-2.3728
0.13199,0.099526,-2.1815
0.21014,0.1758,-1.9854
0.17275,0.28416,-1.7856
0.003352,0.35998,-1.5798
-0.14735,0.46137,-1.3755
-0.28869,0.57156,-1.1608
-0.37096,0.62661,-0.95098
-0.41621,0.80633,-0.73101
-0.40387,0.79932,-0.51365
-0.31861,1.0547,-0.29517
-0.22363,0.91913,-0.061272
-0.071436,0.068195,0.013932
0.015318,0.024778,-0.014261
0.045981,0.098697,-0.0034374
0.10245,0.002359,-0.0071866
0.07627,0.066767,-0.0056194
0.059817,0.0059881,-0.004386
0.11591,0.034867,-0.0061818
0.15629,0.014588,-0.0028413
0.24866,0.017573,-0.0049446
0.36383,0.021299,-0.0026763
0.35523,0.0014518,-0.0032762
0.30961,0.018296,-0.0023914
0.26885,0.0059168,-0.0018515
0.18284,0.0082712,-0.0019528
0.13535,0.0075027,-0.00094048
0.096089,0.0066517,-0.00057681
0.070661,0.0029926,-0.00013441
0.13498,0.0069703,-2.9436e-05
0.25838,0.0095609,0.0013877
0.39524,0.0055832,0.002685
0.49022,0.0073302,0.0033073
0.56089,0.0068016,0.004792
0.58483,0.00082944,0.0057555
0.4805,0.002494,0.0058193
0.26473,0.0016805,0.0070265
0.035511,-0.00067766,0.0070227
-0.1537,0.0069891,0.0082225
-0.30477,-0.0063912,0.00832
-0.38442,0.0084137,0.0087249
-0.37507,-0.0090492,0.0094185
-0.28458,0.0057594,0.0087661
-0.18212,-0.00058768,0.011466
-0.081158,-0.010789,0.0083537
-0.014597,0.015765,0.012399
0.0063435,-0.040009,0.0093585
0.0026042,0.043324,0.011945
-0.041521,-0.061389,0.012575
-0.070314,0.056105,0.008215
-0.14024,-0.056047,0.020096
-0.16305,0.035699,-0.0055107
-0.13052,1.6721,0.1635
0.019057,2.1949,0.55996
0.21762,1.7915,0.90926
0.19369,1.9506,1.2473
0.34326,1.8596,1.5754
0.42553,1.9156,1.8735
0.28605,1.926,2.1657
0.39636,1.9289,2.4338
0.41431,1.9796,2.6968
0.47152,1.9767,2.9434
0.68691,2.0311,3.1806
0.72505,2.013,3.4031
0.79236,2.0482,3.6101
0.89819,2.0659,3.8111
0.94755,2.0813,4.0007
0.90903,2.0985,4.1787
0.79274,2.0788,4.3414
0.6454,2.0719,4.4908
0.45881,2.0538,4.6261
0.37766,2.0358,4.7452
0.33167,2.0023,4.8492
0.32419,1.9648,4.9386
0.3986,1.9504,5.0145
0.48835,1.923,5.0791
0.5665,1.8852,5.1325
0.57361,1.8501,5.1722
0.52163,1.8035,5.1986
0.40907,1.7599,5.2125
0.26623,1.7168,5.2153
0.043363,1.6681,5.2077
-0.15782,1.6237,5.1891
-0.33244,1.5773,5.1611
-0.49249,1.5248,5.124
-0.50184,1.4785,5.0785
-0.52128,1.4295,5.0263
-0.49436,1.3703,4.9656
-0.44014,1.3161,4.895
-0.40835,1.2539,4.8165
-0.37694,1.1936,4.7299
-0.43378,1.136,4.6365
-0.46519,1.0698,4.5369
-0.48987,1.007,4.4294
-0.49473,0.93039,4.3135
-0.49959,0.8625,4.191
-0.49623,0.79998,4.0633
-0.46295,0.73435,3.9296
-0.45397,0.67922,3.7938
-0.40835,0.59593,3.6534
-0.44575,0.52336,3.5041
-0.4723,0.46866,3.352
-0.42518,0.39085,3.198
-0.42593,0.30447,3.0367
-0.39452,0.23145,2.8693
-0.33768,0.14299,2.6979
-0.19147,0.043294,2.517
-0.014597,-0.042993,2.3304
0.11553,-0.13602,2.1378
0.23183,-0.20993,1.9419
0.26698,-0.32517,1.7402
0.28343,-0.39552,1.5334
0.23258,-0.5108,1.326
0.12039,-0.60354,1.1088
-0.0071182,-0.68222,0.89823
-0.1208,-0.8392,0.67395
-0.12229,-0.82818,0.46011
-0.11406,-1.1126,0.23462
-0.083776,-0.80144,0.01493
0.045233,-0.010429,-0.027725
0.15891,-0.08632,-0.0032912
0.24155,-0.095198,-0.015776
0.32083,-0.028462,-0.0092449
0.27969,-0.07796,-0.013017
0.22659,-0.025616,-0.012255
0.22734,-0.064478,-0.012195
0.16078,-0.028383,-0.014059
0.12713,-0.038359,-0.012304
0.10955,-0.03623,-0.014737
0.073652,-0.026306,-0.01359
0.08674,-0.035791,-0.01491
0.055329,-0.022437,-0.015161
-0.0045007,-0.030051,-0.015397
-0.046382,-0.025365,-0.016091
-0.07854,-0.026595,-0.016177
-0.081532,-0.0243,-0.016668
-0.083776,-0.024259,-0.017193
-0.050869,-0.026677,-0.018644
0.027284,-0.023198,-0.019544
0.14844,-0.02887,-0.02038
0.25913,-0.027513,-0.021996
0.31596,-0.018189,-0.022404
0.3657,-0.024795,-0.023008
0.30998,-0.022392,-0.023833
0.20453,-0.02568,-0.023739
0.10095,-0.017192,-0.024976
-0.057974,-0.013923,-0.024268
-0.16716,-0.025459,-0.026026
-0.20344,-0.0010601,-0.025441
-0.19035,-0.034325,-0.026364
-0.1552,-0.003092,-0.027323
-0.086767,-0.029193,-0.025378
0.024293,-0.015265,-0.02976
0.11927,-0.0036956,-0.024459
0.17873,-0.049257,-0.031455
0.21687,0.048776,-0.024725
0.17424,-0.11873,-0.030626
0.12937,0.14888,-0.028103
0.10207,-0.48021,-0.029502
-0.0048746,-2.0406,-0.29906
0.088984,-1.9915,-0.70027
0.11927,-1.8179,-1.0341
0.14807,-1.9499,-1.3784
0.44123,-1.8491,-1.6919
0.40758,-1.9437,-1.9887
0.4517,-1.9084,-2.2727
0.58857,-1.9585,-2.5375
0.43675,-1.9784,-2.7967
0.48835,-2.0024,-3.0391
0.53472,-2.033,-3.2733
0.54294,-2.024,-3.4895
0.66971,-2.0707,-3.6956
0.77591,-2.0841,-3.8934
0.85855,-2.1014,-4.0793
0.82489,-2.0942,-4.2535
0.80096,-2.0884,-4.4119
0.69626,-2.079,-4.5571
0.48685,-2.0536,-4.6867
0.3384,-2.0405,-4.8017
0.23033,-2.008,-4.903
0.18583,-1.9754,-4.9886
0.1806,-1.9568,-5.0612
0.25613,-1.9275,-5.123
0.33877,-1.889,-5.1718
0.42852,-1.8501,-5.2078
0.50667,-1.8066,-5.2307
0.49658,-1.7594,-5.2408
0.42964,-1.7171,-5.2405
0.2666,-1.6758,-5.2299
0.12713,-1.6249,-5.2093
-0.071436,-1.5766,-5.1793
-0.28234,-1.53,-5.1403
-0.39227,-1.4809,-5.0932
-0.4895,-1.4338,-5.038
-0.50483,-1.3725,-4.9743
-0.52876,-1.3121,-4.9018
-0.54297,-1.2548,-4.8205
-0.57625,-1.194,-4.7319
-0.60804,-1.1352,-4.6376
-0.57176,-1.0664,-4.5354
-0.58149,-0.99508,-4.4249
-0.55569,-0.93216,-4.3073
-0.50558,-0.87462,-4.1847
-0.42107,-0.79928,-4.0569
-0.3403,-0.73573,-3.9224
-0.28458,-0.6775,-3.7859
-0.2341,-0.58703,-3.6423
-0.25167,-0.52046,-3.4906
-0.2326,-0.46316,-3.3384
-0.2872,-0.37992,-3.1821
-0.39938,-0.29658,-3.018
-0.4364,-0.22162,-2.8502
-0.44163,-0.12061,-2.6747
-0.38442,-0.030947,-2.4902
-0.2943,0.059546,-2.302
-0.15108,0.15257,-2.1067
0.0063435,0.23104,-1.9091
0.1376,0.34085,-1.7045
0.26473,0.40535,-1.4984
0.30213,0.53991,-1.2883
0.29802,0.5976,-1.0719
0.27296,0.71706,-0.85969
0.20266,0.82639,-0.63333
0.16788,0.87283,-0.42307
0.12039,1.1346,-0.18495
0.080757,0.53551,-0.0015891
0.13348,-0.062874,4.1798e-05
0.17387,0.11547,-0.011903
0.20453,0.033067,-0.0021365
0.24866,0.033682,-0.008615
0.2165,0.041971,-0.00301
0.20715,0.012875,-0.0064143
0.20902,0.040865,-0.0035012
0.15704,-0.0001303,-0.0036511
0.17649,0.024433,-0.0039286
0.17798,0.0086611,-0.0020165
0.16078,0.014352,-0.003085
0.20191,0.013381,-0.0013791
0.16751,0.0020366,-0.0018065
0.12675,0.012598,-0.0010905
0.12862,0.0086386,-0.00048309
0.069539,0.0071315,-0.00027688
-0.029555,0.004391,0.00028924
-0.10434,0.0086311,0.00088911
-0.1365,0.010671,0.0018376
-0.15258,0.00817,0.0029736
-0.10659,0.0037274,0.0039447
-0.020954,0.0064155,0.0049944
0.048225,0.0042635,0.005943
0.13984,0.00028209,0.0061005
0.16564,0.0017142,0.0074052
0.15068,1.9656e-05,0.0074389
0.12713,0.0045522,0.0082525
0.06206,-0.0069835,0.0084474
0.03925,0.0085149,0.0085562
-0.014223,-0.0094616,0.010011
-0.067322,0.0019916,0.0087474
-0.055356,0.003405,0.011585
-0.023572,-0.019082,0.0089686
0.016814,0.028302,0.012099
0.049346,-0.036649,0.010539
0.10394,0.043336,0.010723
0.12526,-0.047675,0.014356
0.12077,0.020309,0.0067078
0.093845,0.00354,0.021371
0.077392,-0.080625,-0.0057919
0.057947,1.4335,0.11934
0.1088,2.2301,0.50155
0.28642,1.7951,0.85937
0.2767,1.9161,1.191
0.3556,1.8568,1.5234
0.43151,1.8783,1.8209
0.2868,1.906,2.1132
0.38701,1.8846,2.3816
0.38215,1.9586,2.6434
0.31559,1.938,2.892
0.4274,1.9785,3.1264
0.40384,1.9833,3.3471
0.43076,2.0126,3.5551
0.49022,2.0353,3.7571
0.56276,2.0378,3.9453
0.61736,2.0457,4.1207
0.5852,2.0281,4.2814
0.57174,2.0135,4.4276
0.43263,1.9919,4.5581
0.33653,1.9659,4.6737
0.27521,1.935,4.7746
0.21051,1.9107,4.8605
0.23258,1.887,4.9348
0.23819,1.8534,4.997
0.29876,1.816,5.0469
0.34513,1.7761,5.0832
0.36121,1.7314,5.1057
0.35785,1.6852,5.1173
0.31671,1.6448,5.1177
0.20977,1.5976,5.1073
0.068043,1.5428,5.0874
-0.059844,1.5002,5.0576
-0.24158,1.4619,5.0192
-0.30103,1.4119,4.9741
-0.28383,1.3558,4.9205
-0.30702,1.2989,4.8565
-0.30141,1.24,4.7839
-0.27748,1.1762,4.7032
-0.27336,1.1156,4.6152
-0.33282,1.0576,4.5209
-0.35937,0.99595,4.4193
-0.37956,0.92877,4.3095
-0.4177,0.86101,4.1917
-0.45173,0.79509,4.0691
-0.45397,0.72855,3.9405
-0.4106,0.67831,3.8075
-0.41434,0.60357,3.6726
-0.35413,0.5201,3.5287
-0.30178,0.46542,3.3785
-0.33955,0.3951,3.2281
-0.33992,0.31348,3.0717
-0.34478,0.23853,2.9075
-0.39377,0.15737,2.7403
-0.43565,0.058823,2.564
-0.39863,-0.023273,2.3801
-0.32497,-0.1153,2.1917
-0.21391,-0.18976,1.9983
-0.083402,-0.29233,1.8017
0.00036053,-0.38035,1.5966
0.092723,-0.46519,1.3928
0.15405,-0.59107,1.179
0.1791,-0.63537,0.96727
0.15741,-0.80929,0.74981
0.12974,-0.81698,0.52953
0.13049,-1.0091,0.31708
0.087862,-1.0308,0.076337
0.13722,-0.19513,-0.030143
0.21014,-0.0028633,-0.0029125
0.22136,-0.13192,-0.009811
0.31185,-0.015696,-0.0090237
0.33653,-0.08061,-0.007794
0.2954,-0.030434,-0.011243
0.30662,-0.046127,-0.0080864
0.25987,-0.041519,-0.011914
0.22771,-0.026692,-0.0095823
0.22734,-0.045954,-0.011307
0.17275,-0.028334,-0.011434
0.15704,-0.036919,-0.011656
0.15928,-0.029189,-0.01254
0.14694,-0.032113,-0.012312
0.12114,-0.02469,-0.013208
0.058695,-0.022823,-0.013245
0.021675,-0.027029,-0.013928
-0.023198,-0.023712,-0.014115
-0.075549,-0.022531,-0.014831
-0.12229,-0.024191,-0.015832
-0.16642,-0.028225,-0.016769
-0.16417,-0.0267,-0.018067
-0.13613,-0.023382,-0.019154
-0.076297,-0.015771,-0.019461
-0.04339,-0.023847,-0.020106
-0.037781,-0.018482,-0.020901
-0.011605,-0.01525,-0.020702
-0.017589,-0.019873,-0.02218
-0.031798,-0.010414,-0.021737
-0.038903,-0.025789,-0.023098
-0.046382,-0.0031333,-0.022978
-0.050869,-0.028788,-0.022862
-0.046756,-0.0063462,-0.024935
-0.0071182,-0.013619,-0.022202
0.028032,-0.024979,-0.026896
0.077766,0.01214,-0.02215
0.11179,-0.061862,-0.027207
0.13086,0.047823,-0.023998
0.13535,-0.10285,-0.024519
0.10955,0.099927,-0.030274
0.12526,-0.24404,-0.01395
0.048599,-1.8691,-0.23351
0.15031,-2.0737,-0.63533
0.28044,-1.7776,-0.97356
0.24529,-1.9365,-1.3125
0.53547,-1.8297,-1.6312
0.62446,-1.9101,-1.9261
0.59791,-1.8874,-2.2116
0.75385,-1.9134,-2.475
0.58333,-1.9574,-2.7348
0.51565,-1.9572,-2.9775
0.53434,-1.9883,-3.2087
0.41917,-1.9876,-3.4247
0.43189,-2.0359,-3.6318
0.4547,-2.0417,-3.8308
0.49957,-2.0436,-4.015
0.49919,-2.0394,-4.1864
0.4891,-2.0296,-4.3425
0.48311,-2.0153,-4.4843
0.36757,-1.9891,-4.6108
0.28007,-1.972,-4.7232
0.22958,-1.9394,-4.8213
0.23183,-1.913,-4.9045
0.23183,-1.8895,-4.9756
0.24903,-1.8546,-5.035
0.29689,-1.8169,-5.0814
0.30138,-1.772,-5.1142
0.29914,-1.7266,-5.1338
0.25875,-1.6873,-5.142
0.18883,-1.6456,-5.1399
0.059817,-1.5987,-5.1277
-0.03105,-1.5501,-5.1055
-0.13837,-1.503,-5.0737
-0.26214,-1.4575,-5.0336
-0.26887,-1.4084,-4.9856
-0.29094,-1.3555,-4.9289
-0.24793,-1.295,-4.8633
-0.1997,-1.2306,-4.7884
-0.18661,-1.1752,-4.7052
-0.20007,-1.1218,-4.6163
-0.27074,-1.0564,-4.5201
-0.28121,-0.98482,-4.4152
-0.33618,-0.92107,-4.3033
-0.40312,-0.86473,-4.1853
-0.44425,-0.79489,-4.0623
-0.45248,-0.72578,-3.9324
-0.44313,-0.67688,-3.7987
-0.43229,-0.59739,-3.6613
-0.35787,-0.51304,-3.5144
-0.35077,-0.46174,-3.3639
-0.31936,-0.38878,-3.212
-0.26551,-0.30127,-3.0525
-0.30066,-0.2328,-2.8869
-0.30066,-0.13778,-2.7169
-0.27486,-0.040338,-2.5366
-0.23148,0.040389,-2.3507
-0.16829,0.13668,-2.1591
-0.092376,0.20235,-1.9642
-0.031424,0.31612,-1.7643
0.0040999,0.38453,-1.5587
0.046729,0.49189,-1.3538
0.038128,0.59645,-1.1383
0.035511,0.66,-0.92852
0.01831,0.82531,-0.70605
0.023919,0.81261,-0.49038
0.069165,1.0864,-0.26695
0.051964,0.83936,-0.041431
0.12077,0.015252,0.012264
0.19331,0.05146,-0.013969
0.26287,0.084665,-0.0017278
0.36981,0.0063855,-0.0074415
0.3384,0.060889,-0.0042173
0.3298,0.0017554,-0.0041873
0.33578,0.041727,-0.0046447
0.26174,0.010854,-0.0023877
0.21051,0.017216,-0.0044947
0.16564,0.020084,-0.0016603
0.13012,0.0058306,-0.0026089
0.11142,0.019503,-0.0015778
0.1103,0.0052345,-0.0011167
0.1017,0.0069028,-0.00099297
0.10095,0.0067116,-0.00013441
0.10469,0.0071353,6.0544e-05
0.073652,0.003495,0.00064916
0.054208,0.0046309,0.00084787
0.013074,0.0046459,0.0016802
0.0052217,0.0040124,0.002715
0.034389,0.0087773,0.0037872
0.020179,0.0047509,0.0048557
0.017936,-0.00084262,0.0059355
0.022423,-0.003017,0.0061867
0.010831,0.0037087,0.0069178
-0.025815,0.00070198,0.0079075
-0.062835,0.0024978,0.0074764
-0.10733,0.0012756,0.0090398
-0.13987,-0.0054764,0.0086311
-0.12902,0.0099245,0.0098271
-0.13052,-0.013893,0.0099021
-0.11219,0.012485,0.0097334
-0.072931,-0.010995,0.011694
-0.0052485,0.0023815,0.0091448
0.06206,0.0073302,0.013741
0.10319,-0.034531,0.0090848
0.126,0.03802,0.014266
0.1376,-0.070533,0.010734
0.1361,0.084931,0.011728
0.078888,-0.12358,0.017033
0.087114,0.24323,0.0015527
0.044111,1.8934,0.22389
0.12077,2.088,0.62392
0.27072,1.7741,0.95897
0.21837,1.9235,1.2971
0.393,1.818,1.6153
0.40646,1.8958,1.9101
0.32681,1.8671,2.1952
0.51826,1.8949,2.4586
0.4603,1.9393,2.7184
0.49471,1.927,2.96
0.59193,1.956,3.1894
0.51378,1.9635,3.4046
0.53883,2.0109,3.6118
0.5594,2.009,3.8099
0.60614,2.0074,3.9924
0.57623,2.0053,4.162
0.52612,1.9823,4.3159
0.46554,1.9678,4.4556
0.30774,1.9452,4.5798
0.24679,1.9177,4.6883
0.17574,1.8929,4.7826
0.15816,1.8581,4.8636
0.16863,1.8319,4.9332
0.21238,1.8093,4.991
0.29802,1.7581,5.0347
0.30362,1.7143,5.0649
0.33653,1.6742,5.0831
0.30998,1.6246,5.0896
0.22958,1.5822,5.0856
0.10506,1.5337,5.0716
-0.026189,1.4862,5.0474
-0.18586,1.4452,5.0143
-0.34254,1.4053,4.9737
-0.3575,1.3563,4.9255
-0.38554,1.2926,4.8677
-0.36909,1.2364,4.8001
-0.32833,1.1796,4.7246
-0.30926,1.1167,4.641
-0.32497,1.0578,4.5505
-0.36386,0.99939,4.4532
-0.35114,0.93055,4.3478
-0.39527,0.85363,4.2336
-0.39901,0.79953,4.1135
-0.4005,0.73654,3.9886
-0.39639,0.67308,3.8575
-0.35937,0.62297,3.7249
-0.36049,0.53587,3.5859
-0.31337,0.46469,3.4379
-0.31562,0.41249,3.2887
-0.33618,0.33215,3.1359
-0.33731,0.24926,2.9747
-0.36199,0.18106,2.8093
-0.36872,0.085471,2.638
-0.34703,-0.0070547,2.4566
-0.27149,-0.092716,2.2706
-0.19147,-0.17547,2.0788
-0.075175,-0.25382,1.8844
0.003352,-0.3666,1.6823
0.045607,-0.42682,1.4784
0.10544,-0.5563,1.27
0.08861,-0.61726,1.0549
0.082253,-0.73616,0.8441
0.061686,-0.84101,0.6193
0.055703,-0.87819,0.41066
0.019431,-1.1453,0.17442
-0.0074922,-0.56662,-0.010756
0.11591,0.043055,-0.014276
0.14881,-0.12891,-0.0016191
0.22098,-0.054318,-0.011498
0.29764,-0.050581,-0.0045059
0.2509,-0.061415,-0.010201
0.28904,-0.026463,-0.0070029
0.25576,-0.055391,-0.0093386
0.21238,-0.022583,-0.0094286
0.22323,-0.043533,-0.0090199
0.17611,-0.028372,-0.010786
0.15554,-0.032267,-0.0097398
0.13909,-0.031854,-0.011119
0.12339,-0.021706,-0.010917
0.11778,-0.028844,-0.011727
0.090106,-0.025271,-0.012053
0.063556,-0.023535,-0.01254
0.036633,-0.02322,-0.012799
0.01644,-0.025219,-0.013163
-0.0097358,-0.023134,-0.014306
-0.032172,-0.023423,-0.014929
-0.020206,-0.020371,-0.016301
-0.013101,-0.021485,-0.017347
0.020179,-0.017758,-0.018052
0.039624,-0.020694,-0.018303
0.011205,-0.027449,-0.019278
0.010831,-0.010395,-0.019799
-0.012353,-0.026295,-0.019938
-0.060217,-0.015565,-0.021156
-0.086393,-0.012015,-0.02038
-0.10135,-0.022898,-0.022273
-0.094994,-0.0035906,-0.021317
-0.071062,-0.032406,-0.022794
-0.038529,0.0079301,-0.022539
-0.00038735,-0.034314,-0.022195
0.060191,-0.00097383,-0.025273
0.11815,-0.019179,-0.02062
0.11965,-0.03335,-0.028129
0.13834,0.035133,-0.019154
0.1103,-0.10636,-0.029858
0.094593,0.17709,-0.018003
0.082253,-0.74195,-0.046257
0.013074,-2.1502,-0.35667
0.16602,-1.9024,-0.74715
0.18546,-1.8245,-1.0745
0.23557,-1.9007,-1.4143
0.522,-1.8251,-1.7194
0.4962,-1.9091,-2.0132
0.61025,-1.8585,-2.2891
0.70598,-1.929,-2.5507
0.53173,-1.934,-2.8061
0.59717,-1.9447,-3.0428
0.57548,-1.9649,-3.2688
0.50555,-1.9833,-3.4809
0.54294,-2.0212,-3.6866
0.57024,-2.0129,-3.8801
0.61474,-2.0162,-4.0587
0.53547,-2.0046,-4.2239
0.49882,-1.9903,-4.3739
0.39561,-1.9704,-4.5092
0.23968,-1.9514,-4.6296
0.18209,-1.925,-4.7361
0.12002,-1.8884,-4.8271
0.14582,-1.8667,-4.9045
0.16153,-1.8414,-4.9709
0.21463,-1.8032,-5.0249
0.28755,-1.76,-5.0651
0.29091,-1.7132,-5.0916
0.29315,-1.6699,-5.106
0.25389,-1.6283,-5.1097
0.15293,-1.5865,-5.1032
0.020179,-1.5432,-5.0865
-0.10359,-1.4935,-5.0602
-0.26925,-1.447,-5.0249
-0.35077,-1.4012,-4.982
-0.36348,-1.3505,-4.9313
-0.37096,-1.295,-4.871
-0.33244,-1.2297,-4.8015
-0.31898,-1.1729,-4.723
-0.28159,-1.123,-4.6376
-0.30403,-1.0552,-4.5461
-0.3115,-0.98766,-4.4456
-0.30253,-0.9238,-4.3374
-0.35638,-0.86475,-4.2227
-0.33581,-0.80031,-4.1028
-0.31936,-0.7252,-3.9759
-0.30589,-0.67631,-3.8439
-0.30739,-0.60997,-3.7094
-0.29355,-0.5251,-3.5667
-0.26327,-0.46436,-3.4181
-0.30216,-0.4043,-3.2682
-0.28047,-0.32346,-3.1131
-0.28383,-0.24127,-2.9501
-0.31263,-0.16535,-2.783
-0.29019,-0.062735,-2.6078
-0.25878,0.016575,-2.4242
-0.18362,0.11134,-2.2358
-0.093498,0.19278,-2.0414
-0.0033789,0.28099,-1.8447
0.054956,0.37375,-1.6398
0.12077,0.44001,-1.4361
0.14096,0.57485,-1.2242
0.13161,0.61404,-1.0117
0.12226,0.7809,-0.79724
0.080009,0.82551,-0.5734
0.11591,0.95686,-0.36323
0.071783,1.0851,-0.12078
0.051964,0.28774,0.014015
0.1189,-0.042078,-0.0080864
0.13161,0.1273,-0.006598
0.23071,-2.5332e-05,-0.00322
0.23781,0.056285,-0.0071341
0.21687,0.022855,-0.0022864
0.25875,0.023421,-0.0056944
0.20079,0.029427,-0.0019153
0.19256,0.0057969,-0.0036286
0.1963,0.029843,-0.0023577
0.18509,0.0027977,-0.0017953
0.18808,0.015211,-0.0019828
0.18883,0.0080238,-0.00082801
0.17761,0.010536,-0.0013754
0.12675,0.012763,-0.0001794
0.13273,0.0020591,5.6795e-05
0.099454,0.0070978,0.00054794
0.079261,0.0025052,0.00097909
0.066174,0.0025427,0.0016427
-0.01011,0.0049571,0.0026737
0.0059696,0.0033075,0.0036447
0.0127,0.0058869,0.004792
0.010457,0.0067229,0.0059805
0.056825,-0.0043367,0.0065204
0.088236,0.0010844,0.0067491
0.066548,0.0025915,0.008095
0.031023,-0.0078308,0.0078401
0.017562,0.0079676,0.0089423
-0.019458,-0.0045016,0.009246
-0.040773,0.0079676,0.009381
-0.061339,-0.0050228,0.010742
-0.052739,2.7154e-05,0.0093997
-0.030302,0.0050921,0.012335
-0.029555,-0.016097,0.0095984
-0.002257,0.024115,0.012879
0.040746,-0.037969,0.011218
0.054582,0.042537,0.011406
0.038128,-0.044309,0.014825
0.053086,0.027444,0.0075589
0.014196,-0.0043779,0.021963
0.015692,-0.070792,-0.0050683
0.0052217,1.4495,0.12408
0.050468,2.2097,0.50753
0.24305,1.7748,0.86445
0.21874,1.9012,1.1966
0.34326,1.8384,1.528
0.46217,1.8572,1.825
0.31559,1.883,2.1169
0.42478,1.8555,2.3847
0.45021,1.9236,2.647
0.41319,1.9119,2.8952
0.5164,1.9465,3.128
0.48125,1.9487,3.3486
0.46891,1.9793,3.5578
0.50106,2.0023,3.7609
0.55828,1.9998,3.9491
0.56688,1.9955,4.1245
0.53247,1.9764,4.285
0.52537,1.9634,4.4302
0.37729,1.9437,4.5608
0.28829,1.91,4.6755
0.24753,1.8761,4.775
0.19855,1.8499,4.8613
0.22659,1.8253,4.9358
0.24566,1.8058,4.9987
0.2954,1.7641,5.0486
0.32419,1.7129,5.0839
0.32569,1.6719,5.1066
0.29128,1.6264,5.1179
0.20977,1.5856,5.1179
0.064304,1.5422,5.1082
-0.076671,1.4912,5.0882
-0.18399,1.4475,5.058
-0.33394,1.4074,5.0207
-0.37657,1.3561,4.9757
-0.36423,1.2977,4.9213
-0.33581,1.2495,4.8579
-0.30589,1.1842,4.7861
-0.29954,1.1182,4.7056
-0.25242,1.0759,4.6176
-0.27523,1.013,4.5235
-0.30066,0.94223,4.4215
-0.32871,0.87535,4.3102
-0.37993,0.8109,4.192
-0.38442,0.74686,4.0693
-0.39414,0.68382,3.9398
-0.38031,0.63761,3.8073
-0.35899,0.56306,3.6715
-0.32197,0.48018,3.5258
-0.29804,0.42477,3.3767
-0.30664,0.35811,3.2261
-0.29019,0.27366,3.0682
-0.29617,0.20545,2.9039
-0.29804,0.12361,2.7364
-0.27972,0.018446,2.5584
-0.22138,-0.054765,2.3737
-0.14398,-0.15134,2.1848
-0.077045,-0.22659,1.9903
0.021301,-0.32447,1.7918
0.083001,-0.40572,1.5862
0.10394,-0.49419,1.3814
0.10282,-0.61247,1.1659
0.087114,-0.66007,0.95421
0.036259,-0.83199,0.73427
0.011579,-0.82958,0.51474
0.027658,-1.0491,0.29818
-1.3407e-05,-0.98435,0.060088
0.066548,-0.13276,-0.028564
0.13984,-0.019093,-0.00036311
0.18247,-0.12479,-0.0096311
0.28194,-0.019659,-0.0069504
0.25726,-0.080217,-0.0072841
0.24454,-0.023963,-0.0092074
0.27969,-0.052661,-0.0068867
0.215,-0.039461,-0.010373
0.18434,-0.03076,-0.0079814
0.17798,-0.041111,-0.010231
0.14507,-0.025908,-0.0096873
0.12526,-0.038663,-0.010235
0.12264,-0.024671,-0.011044
0.11965,-0.0264,-0.010827
0.11142,-0.026373,-0.011727
0.091228,-0.02815,-0.011869
0.06393,-0.023614,-0.012458
0.065426,-0.025192,-0.012608
0.042242,-0.027599,-0.01356
0.023171,-0.024581,-0.014464
0.05159,-0.026493,-0.015566
0.068417,-0.021398,-0.016803
0.075522,-0.020682,-0.017707
0.080383,-0.016334,-0.018153
0.067669,-0.021114,-0.018719
0.04112,-0.016319,-0.019589
0.010083,-0.017125,-0.019446
-0.029181,-0.018197,-0.020864
-0.073679,-0.0079545,-0.020177
-0.10472,-0.02583,-0.021418
-0.10172,-0.0022635,-0.021673
-0.09275,-0.028195,-0.021557
-0.08041,-0.0056226,-0.023368
-0.035164,-0.015737,-0.020811
0.013448,-0.023044,-0.025385
0.063556,0.012489,-0.020515
0.080757,-0.058247,-0.025734
0.1017,0.054684,-0.022352
0.08861,-0.10305,-0.02336
0.051216,0.10587,-0.028354
0.064304,-0.2678,-0.013545
-0.029928,-1.8917,-0.23748
0.06393,-2.0596,-0.63942
0.16901,-1.7702,-0.97666
0.14732,-1.9246,-1.3153
0.43338,-1.8164,-1.6338
0.48723,-1.8953,-1.9288
0.50779,-1.863,-2.2137
0.6813,-1.8939,-2.4773
0.55042,-1.9355,-2.7374
0.54294,-1.9282,-2.9802
0.57623,-1.957,-3.2104
0.52126,-1.9585,-3.4261
0.52238,-2.0052,-3.6341
0.55379,-2.0065,-3.8332
0.63157,-2.0069,-4.0174
0.59305,-2.0022,-4.1888
0.56576,-1.9895,-4.3449
0.48274,-1.9735,-4.4866
0.32157,-1.9453,-4.6128
0.25838,-1.9245,-4.7244
0.18883,-1.8916,-4.8219
0.18247,-1.8612,-4.9045
0.20977,-1.8388,-4.9749
0.23931,-1.8096,-5.0343
0.28493,-1.7663,-5.0804
0.31783,-1.7193,-5.1127
0.32681,-1.6776,-5.1324
0.29091,-1.6328,-5.1403
0.22547,-1.5888,-5.1376
0.059817,-1.5446,-5.1248
-0.04526,-1.4954,-5.1023
-0.1724,-1.4516,-5.0705
-0.3231,-1.4106,-5.0306
-0.31337,-1.3572,-4.9829
-0.33768,-1.2988,-4.9264
-0.31524,-1.2415,-4.8605
-0.28645,-1.1782,-4.7855
-0.29954,-1.1262,-4.7027
-0.27785,-1.072,-4.6139
-0.30365,-1.0034,-4.5165
-0.32796,-0.94302,-4.4106
-0.36572,-0.87851,-4.2985
-0.3762,-0.81359,-4.1809
-0.3474,-0.74399,-4.0571
-0.3388,-0.68217,-3.9265
-0.33394,-0.63155,-3.7932
-0.28645,-0.54664,-3.6546
-0.23597,-0.47444,-3.5067
-0.24382,-0.42876,-3.3565
-0.23971,-0.35283,-3.2038
-0.24345,-0.25919,-3.0431
-0.25915,-0.19552,-2.877
-0.2599,-0.10517,-2.7059
-0.22812,-0.0044754,-2.5246
-0.17315,0.070025,-2.3381
-0.11219,0.16664,-2.1456
0.0059696,0.24103,-1.95
0.068417,0.34519,-1.7481
0.099454,0.40744,-1.5422
0.14358,0.52833,-1.3355
0.12825,0.6073,-1.119
0.10992,0.68096,-0.90913
0.067669,0.8433,-0.68438
0.060565,0.83874,-0.4704
0.063556,1.1194,-0.24215
0.053834,0.75431,-0.025921
0.11591,-0.021042,0.0098009
0.14059,0.075577,-0.013155
0.21164,0.064086,-0.00049808
0.30624,0.015301,-0.007419
0.26436,0.058223,-0.0028226
0.25202,-8.5316e-05,-0.0040185
0.23781,0.040764,-0.0035836
0.16153,0.0079001,-0.001859
0.16041,0.023927,-0.0033474
0.17349,0.015177,-0.00078302
0.13161,0.0080763,-0.0021327
0.11591,0.01752,-0.00059181
0.13685,0.0027527,-0.00038936
0.11965,0.013595,-0.00025814
0.10619,0.007139,0.00050669
0.099454,0.0062168,0.00075414
0.068791,0.0038249,0.0013353
0.050094,0.0050883,0.0016689
0.026536,0.0089948,0.002415
0.012327,0.00053327,0.0026212
0.017188,0.0010169,0.0030824
0.035885,0.0010994,0.003746
0.050842,-0.0033657,0.0037572
0.068791,-0.0013337,0.003626
0.056451,-0.00095134,0.0039072
0.0085872,-0.005855,0.0040122
-0.012353,-0.0092404,0.0037235
-0.051617,-0.00040398,0.0038734
-0.074053,-0.0038756,0.0039859
-0.086393,-0.0083556,0.003821
-0.090133,-0.0015924,0.0039822
-0.054982,-0.010358,0.0039672
-0.017962,-0.0065973,0.0038322
0.037754,-0.0027659,0.0040272
