0.037006,-0.008858,0.00087411
0.044111,-0.010481,0.00090036
0.051964,-0.0066573,0.0011516
0.03738,-0.0044417,0.0016015
0.037006,-0.0069722,0.0018901
0.035511,-0.0017836,0.0021938
0.047851,-0.003182,0.00264
0.056451,-0.004228,0.0025612
0.035511,-0.0022822,0.0030074
0.046355,-0.0082394,0.0028912
0.05346,0.0032213,0.0033261
0.042242,-0.012052,0.0033111
0.044111,0.0030151,0.0032886
0.048599,-0.0069685,0.0040684
0.042242,-0.012397,0.0027637
0.047477,0.0054295,0.0048107
0.05159,-0.025586,0.0028162
0.044485,0.019856,0.0042934
0.051964,-0.038756,0.003776
0.035137,0.02588,0.0031349
0.03925,-0.030936,0.005838
0.042989,-0.0018024,-0.00035186
0.056825,0.029082,0.0098609
0.058321,-0.14146,-0.0085738
0.029902,1.1799,0.0656
0.12077,2.349,0.31283
0.071783,2.6686,0.51805
0.035137,3.1617,0.66697
0.21986,2.8072,0.81733
0.23108,2.5951,0.95191
0.3025,2.6072,1.0794
0.37168,2.4683,1.1827
0.21837,2.4663,1.2716
0.23071,2.3523,1.3482
0.19705,2.2781,1.4157
0.12376,2.152,1.4732
0.1189,2.0944,1.5168
0.063556,2.0449,1.5516
0.054956,1.9556,1.5763
-0.020954,1.9167,1.5935
-0.027685,1.8332,1.6023
-0.017962,1.7671,1.6001
0.035885,1.6907,1.5873
0.078888,1.5973,1.5658
-0.015345,1.519,1.5371
-0.034416,1.4406,1.5017
-0.076671,1.3598,1.4592
-0.07854,1.2556,1.4083
-0.05947,1.1651,1.3497
-0.008614,1.0761,1.2868
0.036259,0.96887,1.2179
-0.020206,0.88379,1.1454
-0.053113,0.75996,1.0687
-0.12416,0.64976,0.98487
-0.18362,0.54098,0.89963
-0.24307,0.42103,0.81114
-0.27785,0.31543,0.71922
-0.27785,0.18203,0.6196
-0.30178,0.085216,0.52058
-0.29056,-0.10364,0.41122
-0.23896,-0.20039,0.29485
-0.11182,-0.39628,0.17765
-0.0074922,-0.54678,0.043596
0.11815,-0.12765,-0.010257
0.19668,0.012658,0.0066366
0.16714,-0.072231,0.002415
0.18883,-0.0074671,0.0032923
0.10992,-0.039742,0.0038472
0.044485,-0.014583,0.0027412
0.052338,-0.024967,0.0040759
0.01457,-0.026805,0.0023475
0.043363,-0.015764,0.0036747
0.070287,-0.017361,0.0024788
0.089358,-0.0142,0.0028799
0.11329,-0.025875,0.0026325
0.14283,-0.010395,0.0023025
0.20229,-0.025264,0.0022201
0.20528,-0.018995,0.0017889
0.20042,-0.010106,0.0020701
0.19406,-0.016127,0.001459
0.16938,-0.0068935,0.0015002
0.14246,-0.017481,0.0012528
0.15442,-0.019588,0.00085162
0.19593,-0.010605,0.0010241
0.19443,-0.010249,0.00064916
0.1877,-0.013113,0.00055168
0.13012,-0.011745,0.00070165
0.067295,-0.007872,0.00034173
0.036633,-0.0073209,0.00069415
-0.026563,-0.0075084,0.00090786
-0.06807,-0.0090867,0.00043546
-0.09088,-0.010151,0.00045796
-0.097985,-0.0076546,0.00067166
-0.074427,-0.0055551,0.00061167
-0.062461,-0.0082994,0.00050295
-0.029555,-0.0074296,0.00075789
0.016066,-0.0065411,0.00062667
0.027284,-0.008993,0.00048045
0.040372,-0.0071372,0.00072415
0.017562,-0.0057388,0.00054419
-0.041147,-0.010125,0.0006979
-0.079288,-0.010283,0.00080663
-0.099855,-0.0049478,0.00061917
-0.11219,-0.0062074,0.00073914
-0.097985,-0.0030733,0.00082162
-0.031424,-0.0028933,0.00070915
0.024667,-0.0070547,0.00063417
0.071035,-0.0030883,0.00073164
0.09908,-0.0089217,0.0007279
0.11516,-0.010541,0.00034548
0.16041,-0.0057913,-0.00033687
0.16564,-0.0088205,-0.00051683
0.1705,-0.0059863,-0.00093673
0.14881,-0.0053527,-0.0012854
0.12413,-0.013008,-0.0014579
0.14807,-0.0053489,-0.001859
0.13423,-0.0065449,-0.0016416
0.14769,-0.007947,-0.0025526
0.17387,-0.0033245,-0.0018703
0.16228,-0.014601,-0.0025864
0.15704,0.0047172,-0.0023689
0.13797,-0.027727,-0.0023239
0.10394,-0.0056638,-0.0038086
0.071035,-0.0018324,-0.0012217
0.057573,-0.021129,-0.0043522
0.043363,0.0064492,-0.00088425
0.046355,-0.045497,-0.0043597
0.060939,0.045435,-0.0017278
0.033267,-0.071856,-0.0017316
0.042989,0.078082,-0.0053907
0.01831,-0.17693,0.0065166
-0.0093619,-1.4725,-0.1506
-0.011232,-1.7185,-0.4262
-0.039277,-1.5372,-0.63973
0.034763,-1.6881,-0.84589
0.056825,-1.6532,-1.0293
0.1103,-1.7719,-1.1888
0.23183,-1.7878,-1.3337
0.20939,-1.8174,-1.4485
0.24978,-1.8636,-1.5491
0.25389,-1.8785,-1.6315
0.21089,-1.9102,-1.7024
0.25688,-1.891,-1.7571
0.19967,-1.8913,-1.7976
0.16302,-1.8704,-1.8277
0.14769,-1.8588,-1.847
0.12638,-1.8285,-1.8578
0.074026,-1.7813,-1.8575
-0.062835,-1.7372,-1.8464
-0.050869,-1.6724,-1.824
0.0022302,-1.6128,-1.7931
-0.0056225,-1.5511,-1.7559
0.019057,-1.4705,-1.7105
0.054582,-1.3845,-1.6564
0.056825,-1.3008,-1.5957
0.077766,-1.2096,-1.5291
0.093097,-1.1151,-1.4579
0.069539,-1.0143,-1.381
0.048972,-0.92254,-1.3007
-0.019458,-0.80583,-1.2172
-0.10098,-0.69627,-1.1256
-0.17427,-0.6131,-1.0344
-0.20979,-0.47109,-0.9383
-0.23709,-0.37211,-0.83637
-0.24943,-0.24333,-0.73179
-0.22138,-0.12219,-0.62067
-0.22587,0.026296,-0.50603
-0.20044,0.18942,-0.37766
-0.14174,0.28058,-0.25585
-0.10397,0.57175,-0.11511
-0.04713,0.37394,2.3052e-05
0.010457,-0.038059,0.003581
0.038502,0.044674,-0.0059494
0.098706,0.020639,0.00033048
0.10095,0.0074839,-0.0042023
0.051216,0.026124,-0.0011092
0.081879,-0.0016449,-0.0030288
0.069913,0.019608,-0.0016641
0.032519,-0.0057501,-0.0018853
0.054208,0.0098833,-0.0022339
0.02691,0.002509,-0.001023
0.034015,-0.0095253,-0.0019828
0.09048,-0.0062599,-0.001023
0.11591,-0.0054764,-0.0013266
0.18097,-0.0037256,-0.00071553
0.23744,-0.011587,-0.00055057
0.28007,-0.0040668,-0.00041185
0.28867,-0.0040405,5.5726e-07
0.26698,-0.0042617,-0.00028813
0.26137,-6.6571e-05,0.00028924
0.22547,-0.0049253,0.00054419
0.20902,-0.0060725,0.00057043
0.172,-0.0055064,0.00080663
0.12152,-0.0043179,0.0010878
0.07814,-0.0059825,0.0012153
0.020927,-0.010316,0.00088536
-0.0030049,-0.0045616,0.00090786
-0.043016,-0.0030733,0.0012453
-0.047504,-0.0064961,0.0011216
-0.038903,-0.0023572,0.00080663
-0.087141,-0.0031782,0.0010653
-0.083776,-0.0088093,0.0011066
-0.072557,-0.0076321,0.00072415
-0.07181,-0.0044567,0.0010353
-0.040399,-0.004959,0.0013128
-0.024319,-0.0066498,0.0017027
-0.010858,-0.006841,0.0024488
-0.033294,-0.0015212,0.0029849
-0.081158,-0.0035869,0.003716
-0.10883,-0.0081832,0.0036785
-0.12154,-0.002226,0.0044508
-0.10883,-0.013548,0.0047545
-0.078914,-0.0040743,0.0048145
-0.043016,-0.0052252,0.005883
-0.016841,-0.0059713,0.0050657
0.022049,0.0047659,0.0066853
0.074026,-0.011137,0.0053394
0.11254,0.0096284,0.0067903
0.15255,-0.020911,0.0065129
0.19144,0.018424,0.0057068
0.20864,-0.016427,0.0084924
0.20565,-0.0007189,0.0039972
0.19892,0.013535,0.010562
0.172,-0.049437,0.0024413
0.18995,0.085823,0.011874
0.1806,-0.18476,0.00090411
0.1447,0.68001,0.026605
0.21799,2.1219,0.30762
0.22435,2.043,0.65762
0.23594,2.0511,0.94079
0.30774,2.2207,1.2263
0.30101,2.2785,1.478
0.34214,2.4908,1.7167
0.40758,2.5641,1.9355
0.42441,2.7279,2.134
0.49845,2.8169,2.3155
0.51004,2.9271,2.475
0.4704,3.0123,2.6224
0.479,3.0288,2.7495
0.37206,3.0693,2.8592
0.22996,3.0801,2.9508
0.12713,3.1053,3.0293
0.034015,3.0874,3.0956
-0.050495,3.0724,3.1473
-0.071062,3.0728,3.1855
-0.044138,3.0163,3.209
-0.034042,2.9309,3.2209
-0.043764,2.8698,3.2229
-0.014597,2.8283,3.2153
0.065052,2.7582,3.199
0.0059696,2.6851,3.1738
-0.0097358,2.6249,3.1402
-0.029928,2.5528,3.1001
-0.12603,2.47,3.0538
-0.13388,2.3843,2.9993
-0.16679,2.3005,2.9362
-0.20344,2.1996,2.8655
-0.26663,2.0983,2.7888
-0.31674,2.0111,2.7077
-0.36386,1.9069,2.6219
-0.40686,1.7965,2.529
-0.41322,1.6839,2.4294
-0.43677,1.5702,2.3262
-0.3833,1.4686,2.219
-0.31225,1.3613,2.1083
-0.22924,1.2554,1.9967
-0.12379,1.1222,1.8809
-0.054982,0.99397,1.759
-0.015719,0.90029,1.6392
-0.028059,0.75428,1.5151
-0.052739,0.64267,1.3858
-0.12453,0.50661,1.2559
-0.20306,0.34828,1.1188
-0.23821,0.21595,0.97759
-0.25205,0.05501,0.82673
-0.23073,-0.055342,0.67815
-0.18511,-0.25358,0.52104
-0.076297,-0.34099,0.36424
0.017936,-0.58697,0.20705
0.12974,-0.678,0.035925
0.24566,-0.12616,-0.021943
0.27334,-0.01627,-0.00040435
0.31185,-0.095123,-0.0077077
0.28867,-0.022242,-0.0051395
0.23407,-0.069809,-0.0054807
0.23183,-0.025537,-0.0065755
0.20154,-0.041954,-0.0050046
0.15704,-0.032582,-0.0071791
0.18135,-0.029665,-0.0055295
0.16863,-0.042318,-0.0072841
0.10693,-0.021912,-0.0069579
0.12974,-0.029459,-0.0073141
0.097958,-0.024015,-0.0076028
0.048599,-0.027805,-0.0075765
0.059817,-0.027093,-0.0081314
0.042242,-0.033174,-0.0082326
0.031397,-0.026864,-0.0087987
0.044485,-0.01735,-0.0087163
0.081505,-0.021218,-0.0090912
0.093097,-0.020311,-0.0092824
0.11142,-0.026043,-0.009751
0.13386,-0.017721,-0.010223
0.061312,-0.014928,-0.0097435
-0.008614,-0.022501,-0.010036
-0.071436,-0.016345,-0.01043
-0.12753,-0.023655,-0.010182
-0.17502,-0.023063,-0.010092
-0.21877,-0.012772,-0.010212
-0.17202,-0.015254,-0.010062
-0.14622,-0.014478,-0.009796
-0.09462,-0.020941,-0.010115
-0.0041267,-0.020109,-0.010396
0.042242,-0.017233,-0.010857
0.099828,-0.019985,-0.011547
0.14283,-0.017698,-0.01221
0.16863,-0.018212,-0.012563
0.14283,-0.016978,-0.012814
0.12039,-0.017353,-0.014014
0.11217,-0.014242,-0.013583
0.079635,-0.018092,-0.014471
0.097584,-0.0123,-0.014797
0.11404,-0.025046,-0.01455
0.13161,-0.011801,-0.016177
0.14507,-0.013394,-0.01452
0.13348,-0.025916,-0.016871
0.1361,-0.0029458,-0.014625
0.1361,-0.039619,-0.016664
0.12339,0.013764,-0.015873
0.10768,-0.045771,-0.015165
0.12638,0.015113,-0.01924
0.10095,-0.022658,-0.011011
0.10058,-0.037159,-0.024928
0.1189,0.093584,-0.0011017
0.064678,-1.1961,-0.098636
0.079635,-2.1433,-0.44183
0.065052,-1.9012,-0.77204
0.070287,-2.0544,-1.0589
0.16788,-2.1026,-1.3393
0.20752,-2.2164,-1.5862
0.25202,-2.3524,-1.8283
0.25426,-2.4053,-2.0439
0.18957,-2.5354,-2.2447
0.20528,-2.5783,-2.4273
0.23033,-2.6754,-2.5913
0.2337,-2.7195,-2.7409
0.25987,-2.7742,-2.8703
0.2939,-2.7968,-2.9828
0.30662,-2.8328,-3.0776
0.24454,-2.8388,-3.1588
0.19892,-2.5635,-3.2331
0.20977,-2.3115,-3.3063
0.18583,-2.1967,-3.3697
0.126,-2.1003,-3.4198
0.14881,-2.0464,-3.4588
0.18247,-1.953,-3.487
0.20827,-1.8534,-3.5069
0.22771,-1.77,-3.5173
0.09048,-1.6876,-3.5183
0.023545,-1.627,-3.5113
0.21724,-1.5517,-3.4968
0.25688,-1.4662,-3.4744
-0.19783,-1.3899,-3.443
-0.23036,-1.319,-3.4019
0.20117,-1.2439,-3.3519
-0.028433,-1.1746,-3.2955
-0.10808,-1.0927,-3.2327
0.060939,-1.0039,-3.1615
-0.16829,-0.93765,-3.0824
-0.095368,-0.86556,-2.9971
-0.063957,-0.79148,-2.9068
-0.21353,-0.72548,-2.8095
-0.19147,-0.66341,-2.7079
-0.17389,-0.58963,-2.6029
-0.28533,-0.50684,-2.4898
-0.37844,-0.44698,-2.372
-0.26701,-0.38341,-2.2534
-0.30365,-0.29325,-2.1268
-0.24569,-0.22774,-1.9938
-0.21952,-0.13778,-1.858
-0.35638,-0.037512,-1.712
-0.32347,0.046886,-1.5601
-0.33057,0.15145,-1.3989
-0.23335,0.21959,-1.2349
-0.10621,0.34924,-1.0644
-0.0037528,0.4138,-0.88929
0.088236,0.53807,-0.71451
0.10656,0.61492,-0.52556
0.13984,0.68961,-0.34827
0.16751,0.91477,-0.1409
0.21126,0.37904,0.0050619
0.1533,-0.054528,-0.0024926
0.11815,0.09319,-0.0090012
0.16228,0.015166,-0.0023989
0.13236,0.031759,-0.007719
0.0744,0.018015,-0.0030813
0.15181,0.0038774,-0.0062605
0.26735,0.027429,-0.00325
0.26511,0.0018604,-0.0041498
0.33055,0.022038,-0.0039736
0.32083,0.001418,-0.0028001
0.22734,0.0093734,-0.0036549
0.18808,0.0075177,-0.0022602
0.14919,0.0045597,-0.0026351
0.13236,0.0069891,-0.0019865
0.052712,0.00031583,-0.0016116
0.080009,0.0034575,-0.0013866
0.074774,0.00025959,-0.0011242
-0.040025,0.0022691,-0.00035936
0.00036053,-0.00098133,9.4286e-05
0.0082132,0.0020704,0.00079163
-0.031424,0.004226,0.002415
-0.0089879,0.0032438,0.0031086
-0.0056225,0.0017592,0.0038172
-0.095742,0.00090067,0.0043196
-0.15221,0.0022053,0.0052606
-0.11967,-0.008843,0.0053469
-0.13538,0.0023478,0.0060555
-0.094994,-0.0092629,0.006794
-0.02245,-0.00012656,0.0065429
-0.031424,-0.00088011,0.0083312
-0.03479,-0.008097,0.0067491
-0.03479,0.011132,0.0095309
-0.072557,-0.028537,0.0077613
-0.053487,0.023815,0.0090623
0.0074654,-0.030017,0.010165
0.01457,0.019252,0.007109
0.037006,-0.0091054,0.013951
0.10469,-0.021695,0.0042559
0.12039,0.066887,0.018889
0.14994,-0.17556,-0.0026539
0.21463,1.0363,0.067178
0.28007,2.1889,0.41855
0.35747,1.7722,0.79476
0.30325,1.7935,1.1277
0.34663,1.8059,1.472
0.37392,1.762,1.7774
0.27034,1.8484,2.0782
0.44049,1.8235,2.3594
0.48498,1.9097,2.6295
0.45544,1.907,2.8877
0.5665,1.9634,3.1302
0.59941,2.0032,3.3656
0.66634,2.02,3.5869
0.70075,2.0592,3.7965
0.76955,2.0867,3.9911
0.76245,2.1401,4.1777
0.76693,2.1579,4.355
0.76693,2.1671,4.5189
0.60951,2.1765,4.6697
0.60651,2.1641,4.8053
0.54369,2.1661,4.929
0.4102,2.159,5.0397
0.33952,2.1123,5.1328
0.20079,2.0967,5.2104
0.11703,2.0759,5.2764
0.0059696,2.026,5.3309
-0.066948,2.0108,5.3734
-0.14996,1.9773,5.4034
-0.28645,1.9161,5.4196
-0.18661,1.8708,5.4224
-0.4364,1.8348,5.4147
-0.65515,1.7921,5.397
-0.11818,1.7462,5.3687
-0.049373,1.704,5.3308
-0.22587,1.6518,5.2837
-0.0037528,1.6063,5.2285
-0.10696,1.5606,5.1672
-0.1911,1.4983,5.0981
-0.18025,1.4356,5.0193
-0.3919,1.3737,4.9325
-0.46033,1.3132,4.8379
-0.35264,1.2469,4.7374
-0.46744,1.1884,4.6314
-0.60766,1.1351,4.5182
-0.488,1.0615,4.3969
-0.45996,1.0018,4.2695
-0.34815,0.93954,4.1383
-0.25691,0.86715,4.0018
-0.31823,0.82035,3.8628
-0.27561,0.74365,3.7213
-0.29393,0.66232,3.5714
-0.23036,0.60703,3.4181
-0.11631,0.52962,3.2642
-0.0074922,0.44717,3.1044
0.080009,0.37688,2.9383
0.076644,0.29926,2.7699
0.014944,0.18854,2.5926
-0.13089,0.10125,2.4069
-0.16118,0.0078926,2.2187
-0.20605,-0.08325,2.0236
-0.24943,-0.17056,1.8266
-0.23485,-0.27425,1.6228
-0.26214,-0.35373,1.4192
-0.23933,-0.49512,1.2083
-0.13239,-0.55408,0.9949
0.04112,-0.70795,0.78141
0.12339,-0.77152,0.55626
0.23669,-0.87387,0.34607
0.28979,-1.0619,0.10368
0.22098,-0.38598,-0.047291
0.15255,0.019196,-0.031001
0.023171,-0.14498,-0.028039
0.010083,-0.045385,-0.033232
-0.051243,-0.082691,-0.028073
-0.097237,-0.061745,-0.03315
-0.025441,-0.051289,-0.029228
-0.095368,-0.073124,-0.032531
-0.09275,-0.042558,-0.031193
-0.025815,-0.058656,-0.031901
-0.0067443,-0.041287,-0.032696
0.059069,-0.049628,-0.032145
0.11965,-0.043743,-0.033408
0.096089,-0.040218,-0.03273
0.063182,-0.041189,-0.033881
0.10394,-0.035603,-0.034109
0.072531,-0.04411,-0.034657
0.090854,-0.041654,-0.036059
0.16115,-0.040312,-0.037187
0.1533,-0.039709,-0.038537
0.16602,-0.032091,-0.039182
0.12563,-0.039679,-0.039969
0.045233,-0.031926,-0.041604
0.009709,-0.025699,-0.041105
0.031771,-0.035622,-0.042373
0.036259,-0.018849,-0.042594
0.037754,-0.041099,-0.042909
0.095341,-0.024668,-0.043985
0.093471,-0.029628,-0.043021
0.11927,-0.024713,-0.045713
0.18471,-0.013867,-0.042766
0.20004,-0.044204,-0.046639
0.22921,0.0083912,-0.043591
0.1907,-0.067189,-0.04584
0.11553,0.028373,-0.047108
0.032893,-0.069539,-0.041761
-0.042642,0.016928,-0.054913
-0.076671,-0.03368,-0.028321
-0.15333,-1.4738,-0.18998
-0.072183,-1.9762,-0.58836
-0.044512,-1.6489,-0.9436
-0.018336,-1.8146,-1.2859
0.27221,-1.7225,-1.6194
0.29278,-1.7652,-1.9213
0.39075,-1.7879,-2.2202
0.52537,-1.7955,-2.4959
0.29166,-1.8509,-2.7659
0.34401,-1.8443,-3.0196
0.33204,-1.903,-3.2629
0.20042,-1.9196,-3.4963
0.31447,-1.9522,-3.7163
0.35822,-1.9664,-3.9239
0.37879,-1.9966,-4.1177
0.39113,-2.0399,-4.3052
0.40945,-2.0538,-4.482
0.35859,-2.0642,-4.6457
0.3556,-2.0686,-4.7954
0.34738,-2.0735,-4.9312
0.32681,-2.0677,-5.0521
0.4517,-2.0575,-5.1578
0.45918,-2.042,-5.2487
0.50592,-2.0278,-5.3246
0.58632,-2.0181,-5.3881
0.61063,-1.999,-5.4403
0.63606,-1.978,-5.4805
0.62559,-1.9475,-5.5069
0.55715,-1.9046,-5.5186
0.38365,-1.8681,-5.5174
0.19256,-1.8335,-5.5056
-0.0030049,-1.7961,-5.4842
-0.09462,-1.7572,-5.4525
-0.1294,-1.7127,-5.4107
-0.181,-1.6707,-5.3602
-0.18923,-1.631,-5.3022
-0.24046,-1.5789,-5.2367
-0.2599,-1.5201,-5.1625
-0.26813,-1.4623,-5.0792
-0.30477,-1.4034,-4.9872
-0.30477,-1.3514,-4.8889
-0.30253,-1.2937,-4.7853
-0.33918,-1.2261,-4.6735
-0.40461,-1.1631,-4.5543
-0.39975,-1.0965,-4.4292
-0.41284,-1.0365,-4.2998
-0.41359,-0.96604,-4.1659
-0.356,-0.89577,-4.0261
-0.38367,-0.84496,-3.8851
-0.38143,-0.75833,-3.7396
-0.39452,-0.68467,-3.5862
-0.48688,-0.6335,-3.4317
-0.47978,-0.54658,-3.2745
-0.41434,-0.46805,-3.1103
-0.40312,-0.39834,-2.9421
-0.37545,-0.29571,-2.7695
-0.29842,-0.19247,-2.5863
-0.25429,-0.10788,-2.3981
-0.2068,-0.004213,-2.2046
-0.13538,0.073579,-2.0063
-0.055356,0.17346,-1.8053
-0.0011352,0.25115,-1.5981
0.0044739,0.35645,-1.3922
0.029528,0.48612,-1.1757
0.055329,0.56542,-0.96383
0.054208,0.73423,-0.74205
0.065052,0.73962,-0.52192
0.12152,0.97384,-0.30251
0.17088,0.87145,-0.066453
0.22136,0.090914,0.012238
0.24342,0.021959,-0.016518
0.22996,0.10156,-0.0057394
0.26399,0.006153,-0.0093536
0.22585,0.058662,-0.0081501
0.21724,0.0098721,-0.0066017
0.25987,0.037221,-0.0085738
0.20304,0.019132,-0.0051096
0.20042,0.014101,-0.007509
0.19593,0.018165,-0.0050196
0.16564,0.0050321,-0.0054582
0.16639,0.013145,-0.0048734
0.15181,-0.00059143,-0.0043447
0.14171,0.010806,-0.0044122
0.10095,0.0075252,-0.0032012
0.057573,0.0048109,-0.0032162
0.010457,0.0050808,-0.0027588
-0.027311,0.0076639,-0.002204
-0.030302,0.010089,-0.00083551
-0.01011,0.0041623,0.00043921
0.011953,0.0077501,0.0011178
0.01831,0.0075702,0.0027075
0.048599,-0.00040023,0.0032548
0.060565,0.0044435,0.003686
0.051964,-0.0036431,0.0046795
0.052338,0.0015005,0.004582
0.037006,0.0022841,0.0058155
0.031771,-0.0051165,0.0052381
0.010831,0.012125,0.006974
-0.01011,-0.017379,0.0063291
0.0048478,0.0054482,0.006929
0.010457,-0.014058,0.0083462
0.043363,0.005527,0.0061454
0.097211,-0.0030058,0.010584
0.14059,-0.016011,0.0056468
0.16041,0.03255,0.012035
0.1548,-0.06416,0.006078
0.16377,0.093141,0.011151
0.16452,-0.1548,0.0099246
0.15854,0.40191,0.00808
0.1432,1.9417,0.26514
0.24454,1.9313,0.66004
0.27595,1.6861,0.99015
0.215,1.7934,1.3311
0.35448,1.6867,1.6444
0.2494,1.769,1.9406
0.19668,1.7484,2.2248
0.30587,1.7999,2.4898
0.17798,1.8232,2.7488
0.24978,1.8427,2.9911
0.26361,1.8768,3.2255
0.24192,1.8652,3.4422
0.35037,1.918,3.6493
0.3844,1.9487,3.8489
0.43824,1.9668,4.0357
0.44161,1.9674,4.2098
0.45021,1.9713,4.3681
0.36869,1.968,4.5125
0.3227,1.9574,4.6427
0.27707,1.9525,4.7571
0.19144,1.9283,4.8532
0.2322,1.9213,4.9347
0.21201,1.9176,5.0049
0.26847,1.8957,5.063
0.34064,1.8661,5.1083
0.38851,1.8313,5.1391
0.41917,1.8009,5.1558
0.32083,1.7653,5.1606
0.23819,1.7309,5.1543
0.10731,1.6997,5.1378
-0.0033789,1.6564,5.1107
-0.10172,1.6154,5.0733
-0.20082,1.5756,5.0281
-0.18586,1.5361,4.9756
-0.18436,1.4894,4.9151
-0.15819,1.4286,4.8454
-0.12902,1.3727,4.7664
-0.11967,1.3169,4.679
-0.11967,1.267,4.5846
-0.17053,1.21,4.4846
-0.1967,1.1464,4.378
-0.26177,1.0763,4.2633
-0.31412,1.005,4.1415
-0.32945,0.95292,4.0161
-0.36872,0.88161,3.8856
-0.36498,0.82692,3.7505
-0.33618,0.76129,3.6136
-0.32085,0.66297,3.4694
-0.35301,0.60728,3.3201
-0.39078,0.55612,3.1709
-0.43378,0.46359,3.0167
-0.4794,0.37934,2.8557
-0.48501,0.31746,2.6926
-0.48464,0.2054,2.5212
-0.4435,0.11232,2.3413
-0.38255,0.026191,2.1572
-0.3145,-0.06119,1.9668
-0.24943,-0.15768,1.7737
-0.18436,-0.25266,1.5735
-0.096116,-0.33155,1.3745
-0.09088,-0.47614,1.1664
-0.083402,-0.53579,0.95879
-0.05947,-0.69877,0.7479
-0.11294,-0.73579,0.52925
-0.093124,-0.89106,0.32106
-0.037033,-1.0125,0.081886
0.034015,-0.26911,-0.04133
0.15442,0.0084137,-0.017246
0.23519,-0.14423,-0.020511
0.31821,-0.030119,-0.022213
0.33055,-0.082039,-0.019041
0.31933,-0.047593,-0.023154
0.34214,-0.05223,-0.019589
0.29465,-0.056077,-0.023402
0.26137,-0.033159,-0.021475
0.23071,-0.053066,-0.022614
0.18284,-0.033028,-0.022817
0.17275,-0.041159,-0.022622
0.16901,-0.035408,-0.023747
0.15667,-0.034333,-0.023413
0.16003,-0.034374,-0.024414
0.15255,-0.031948,-0.024538
0.10955,-0.029736,-0.024984
0.11254,-0.026846,-0.025111
0.07627,-0.032402,-0.02606
0.035885,-0.031686,-0.027425
0.048225,-0.028042,-0.028077
0.031771,-0.034126,-0.029209
0.052338,-0.029313,-0.030319
0.052712,-0.024349,-0.030506
0.036259,-0.028027,-0.031354
0.019431,-0.023415,-0.031661
-0.027311,-0.040387,-0.032351
-0.060591,-0.022088,-0.033011
-0.1021,-0.03121,-0.032568
-0.1451,-0.032777,-0.034511
-0.15557,-0.014335,-0.033011
-0.14024,-0.036196,-0.035515
-0.10172,0.0021416,-0.034139
-0.035164,-0.044039,-0.034825
0.034763,0.0025015,-0.036678
0.089358,-0.036469,-0.033266
0.14246,-0.018703,-0.039887
0.16826,0.0045747,-0.030173
0.14657,-0.089312,-0.044375
0.16228,0.14501,-0.024931
0.091601,-0.90836,-0.082819
0.059069,-2.0204,-0.42422
0.15068,-1.7098,-0.80322
0.11591,-1.7472,-1.1304
0.32083,-1.7766,-1.4684
0.50069,-1.7373,-1.7695
0.47676,-1.8165,-2.0639
0.67607,-1.7869,-2.3376
0.57922,-1.8571,-2.5995
0.44796,-1.8621,-2.8518
0.54706,-1.9038,-3.0893
0.4805,-1.9171,-3.3165
0.50256,-1.9409,-3.5265
0.57062,-1.991,-3.7305
0.611,-2.0086,-3.924
0.59567,-2.0309,-4.1053
0.58595,-2.0317,-4.2726
0.54182,-2.0411,-4.4254
0.44385,-2.0375,-4.5643
0.42141,-2.0276,-4.6866
0.29091,-2.0205,-4.794
0.25053,-2.0006,-4.8849
0.23445,-1.9887,-4.9615
0.24866,-1.9832,-5.0268
0.35448,-1.965,-5.0798
0.39075,-1.9363,-5.1198
0.45731,-1.9026,-5.1454
0.42328,-1.8674,-5.1572
0.33017,-1.8356,-5.1572
0.1907,-1.8062,-5.1468
-0.0033789,-1.7669,-5.1264
-0.16193,-1.7222,-5.0952
-0.28645,-1.6856,-5.0546
-0.33843,-1.6453,-5.0061
-0.39003,-1.5984,-4.9499
-0.36348,-1.5438,-4.8856
-0.28308,-1.4875,-4.8115
-0.22026,-1.4333,-4.729
-0.15669,-1.3717,-4.6389
-0.13949,-1.3123,-4.5416
-0.14174,-1.256,-4.4387
-0.21129,-1.1931,-4.3302
-0.27523,-1.1172,-4.2136
-0.31113,-1.0528,-4.0898
-0.35563,-0.98816,-3.962
-0.37769,-0.91694,-3.8288
-0.37395,-0.86695,-3.6935
-0.35002,-0.78735,-3.5558
-0.39751,-0.70086,-3.4091
-0.42518,-0.64766,-3.2594
-0.41995,-0.57443,-3.1096
-0.46631,-0.48276,-2.9522
-0.50894,-0.41164,-2.7898
-0.49099,-0.31801,-2.6245
-0.4637,-0.21473,-2.4499
-0.4465,-0.12536,-2.2684
-0.3474,-0.028758,-2.0804
-0.25953,0.055299,-1.8901
-0.16791,0.17437,-1.6931
-0.058722,0.24381,-1.4929
-0.0048746,0.36508,-1.2913
0.031023,0.46504,-1.0808
0.0074654,0.57897,-0.87627
-0.07181,0.71848,-0.65673
-0.12042,0.73299,-0.44926
-0.10359,1.0169,-0.22315
-0.083402,0.646,-0.01942
-0.015345,-0.032432,0.0049682
0.10357,0.071022,-0.01524
0.21313,0.053825,-0.0031975
0.29577,0.022746,-0.0099572
0.32756,0.052768,-0.0050346
0.3728,0.0040498,-0.0071116
0.38888,0.033892,-0.0060319
0.3571,0.0019092,-0.0048096
0.31821,0.01689,-0.0062755
0.22061,0.010881,-0.0038461
0.14545,0.009216,-0.0049483
0.12675,0.0088786,-0.0036474
0.089732,-0.0016524,-0.0035799
0.085618,0.0099545,-0.00313
0.11179,0.0034088,-0.0026801
0.09908,0.004241,-0.0022189
0.080009,0.00030083,-0.0016378
0.068791,0.0030639,-0.0015291
0.050468,0.0020629,-0.00053932
0.04972,-0.0050678,0.00014303
0.057199,0.0063892,0.001519
0.08861,0.0035962,0.0025537
0.10245,-0.00127,0.0032136
0.095715,-0.0010526,0.0036785
0.11553,-0.0025334,0.0042184
0.11105,-0.0025184,0.0052306
0.065052,0.0013018,0.0049007
0.0078393,0.00087443,0.0063629
-0.060217,-0.0073134,0.0059992
-0.13912,0.007124,0.0069965
-0.18025,-0.021912,0.0073264
-0.19708,0.0042335,0.0066628
-0.1967,-0.0017349,0.0095159
-0.12678,-0.0052552,0.0064416
-0.052365,0.0061268,0.010663
0.032893,-0.040387,0.0069553
0.12189,0.044524,0.010678
0.14769,-0.063294,0.009366
0.1791,0.063873,0.0071352
0.16415,-0.078578,0.016429
0.16302,0.1118,-0.0053045
0.14994,1.6768,0.18448
0.16975,2.0401,0.57708
0.2408,1.67,0.91377
0.21089,1.8098,1.2464
0.35598,1.7284,1.565
0.37056,1.7937,1.8566
0.35111,1.8002,2.1409
0.50106,1.8218,2.4017
0.4259,1.8881,2.6587
0.50667,1.8793,2.8985
0.56613,1.911,3.1254
0.52836,1.9414,3.3395
0.60128,1.9841,3.5446
0.62072,2.0031,3.7414
0.654,2.0235,3.9224
0.60764,2.0281,4.0902
0.60128,2.0314,4.2429
0.54706,2.028,4.3814
0.45731,2.0131,4.5043
0.39524,1.9907,4.6092
0.28044,1.9702,4.6983
0.261,1.9644,4.7751
0.23744,1.9528,4.8404
0.29465,1.9338,4.8926
0.38253,1.8948,4.9303
0.42254,1.8594,4.9539
0.45208,1.8298,4.9646
0.39,1.8001,4.9641
0.32157,1.7661,4.9539
0.16863,1.7159,4.9329
-0.013475,1.6765,4.9014
-0.15669,1.6364,4.8612
-0.29243,1.593,4.8137
-0.37358,1.5495,4.7587
-0.43154,1.4926,4.6946
-0.41022,1.4293,4.6214
-0.36685,1.3645,4.5392
-0.33207,1.3082,4.4495
-0.3145,1.2574,4.3546
-0.3115,1.198,4.2534
-0.31749,1.1218,4.1441
-0.36535,1.05,4.0266
-0.39639,0.99533,3.9049
-0.445,0.92472,3.7791
-0.4435,0.85469,3.6473
-0.42967,0.79645,3.5139
-0.44463,0.71723,3.3752
-0.44051,0.64603,3.2289
-0.46931,0.59263,3.0825
-0.49399,0.50529,2.9329
-0.52128,0.42414,2.7755
-0.53961,0.35207,2.6163
-0.54297,0.24616,2.4504
-0.4966,0.15916,2.2761
-0.45547,0.054819,2.0954
-0.40574,-0.028492,1.9097
-0.26962,-0.13259,1.7205
-0.20755,-0.22747,1.5238
-0.092376,-0.31288,1.3292
0.009709,-0.44961,1.1244
0.019057,-0.51546,0.92159
0.059443,-0.68687,0.71237
-0.0015092,-0.7107,0.49931
-0.021328,-0.90653,0.29216
-0.0048746,-0.93186,0.059792
-0.002257,-0.17961,-0.038548
0.049346,-0.01372,-0.011442
0.094593,-0.13015,-0.018494
0.20528,-0.027322,-0.017144
0.23893,-0.083966,-0.016248
0.26548,-0.039034,-0.019038
0.35897,-0.0531,-0.016083
0.33167,-0.048508,-0.019698
0.33354,-0.03762,-0.017456
0.32606,-0.048358,-0.019191
0.23856,-0.033924,-0.018914
0.21051,-0.045313,-0.019116
0.16564,-0.029489,-0.020054
0.12226,-0.032364,-0.019889
0.11965,-0.031603,-0.020597
0.094593,-0.028698,-0.020736
0.064304,-0.033182,-0.021542
0.04112,-0.032252,-0.021456
0.028406,-0.029646,-0.022
0.0052217,-0.025579,-0.022907
0.0055957,-0.032953,-0.023773
0.019805,-0.029864,-0.025055
0.016814,-0.02562,-0.025854
0.027284,-0.028806,-0.026585
0.026162,-0.023693,-0.026716
0.03065,-0.033309,-0.027582
0.03065,-0.020851,-0.028054
0.01457,-0.022617,-0.028077
-0.013475,-0.027731,-0.02958
-0.056852,-0.019284,-0.028763
-0.095368,-0.026673,-0.03054
-0.12379,-0.012187,-0.029764
-0.14809,-0.034782,-0.030806
-0.13538,-0.0017836,-0.031208
-0.091254,-0.0408,-0.029862
-0.046008,-0.01865,-0.033821
0.024667,-0.0097953,-0.028688
0.068417,-0.042862,-0.035774
0.12638,0.037045,-0.028156
0.14694,-0.10917,-0.036063
0.17536,0.14428,-0.029899
0.18957,-0.53414,-0.040753
0.15554,-1.9203,-0.32297
0.26473,-1.8086,-0.71465
0.21425,-1.6995,-1.039
0.30138,-1.8218,-1.3742
0.56538,-1.7484,-1.6787
0.5422,-1.8419,-1.9689
0.71645,-1.8147,-2.2437
0.74824,-1.8879,-2.5012
0.57959,-1.9151,-2.7533
0.68729,-1.9297,-2.9867
0.63755,-1.9682,-3.2092
0.61661,-1.9936,-3.4179
0.69215,-2.0447,-3.6203
0.68579,-2.0514,-3.8109
0.64241,-2.0678,-3.9862
0.60016,-2.0752,-4.1484
0.57959,-2.074,-4.2949
0.44647,-2.0681,-4.4268
0.44011,-2.0548,-4.5424
0.37542,-2.0399,-4.6421
0.29091,-2.0245,-4.7273
0.32793,-2.0142,-4.7998
0.33092,-1.9979,-4.8604
0.40459,-1.9716,-4.9079
0.4345,-1.9372,-4.9414
0.48386,-1.9044,-4.9615
0.45694,-1.8699,-4.9687
0.34962,-1.834,-4.9653
0.27595,-1.7989,-4.952
0.10731,-1.7521,-4.9281
-0.06807,-1.7074,-4.8942
-0.20643,-1.6671,-4.8518
-0.30477,-1.6219,-4.8019
-0.38966,-1.5707,-4.7438
-0.42929,-1.5117,-4.6762
-0.42144,-1.4526,-4.5995
-0.43528,-1.3937,-4.5149
-0.41845,-1.336,-4.4232
-0.4005,-1.2788,-4.3253
-0.36834,-1.2157,-4.2225
-0.36834,-1.1418,-4.112
-0.40387,-1.0727,-3.9933
-0.40125,-1.0068,-3.8702
-0.40125,-0.93678,-3.7417
-0.42518,-0.88434,-3.6098
-0.46407,-0.81446,-3.4765
-0.45547,-0.72279,-3.3355
-0.47491,-0.6608,-3.1889
-0.52241,-0.59689,-3.0432
-0.53961,-0.50459,-2.8907
-0.57663,-0.4311,-2.7316
-0.59233,-0.33831,-2.5704
-0.58448,-0.24549,-2.4005
-0.52465,-0.15334,-2.2235
-0.46071,-0.046228,-2.0391
-0.36872,0.029033,-1.8531
-0.25467,0.15271,-1.6604
-0.19857,0.22559,-1.464
-0.10098,0.35235,-1.2666
-0.041894,0.45323,-1.0602
0.0055957,0.55619,-0.85858
0.033641,0.70117,-0.64244
-0.019832,0.72442,-0.4384
-0.013101,0.99918,-0.2149
-0.0041267,0.61654,-0.016578
0.011205,-0.03539,0.0047995
0.054582,0.086401,-0.01416
0.11217,0.053113,-0.0026688
0.1619,0.017516,-0.0095336
0.17088,0.052247,-0.0044122
0.24417,0.0040423,-0.0066167
0.29839,0.036261,-0.0055482
0.31372,0.0054332,-0.004446
0.3399,0.016886,-0.0055782
0.31409,0.01006,-0.0033887
0.27296,0.010588,-0.0044797
0.2494,0.00814,-0.0031337
0.22734,-0.0069048,-0.003265
0.20565,0.0083425,-0.0026389
0.17499,0.0048784,-0.0020615
0.1447,0.0091897,-0.0014504
0.12301,0.0028876,-0.0011092
0.07627,-0.0013487,-0.0014729
0.064304,0.0075739,-0.00012691
0.063556,0.0013018,0.00098284
0.056077,-0.001465,0.0019351
0.0744,0.0013468,0.0030449
0.06206,0.00063449,0.0040422
0.064678,-0.0021135,0.0040572
0.063556,0.0020441,0.0049307
0.045233,-0.0040668,0.0057293
0.027658,0.002659,0.0056693
0.0022302,0.0007957,0.006824
-0.023945,-0.00084262,0.0062992
-0.063583,0.0056282,0.0081362
-0.093124,-0.0094991,0.0071165
-0.12117,0.010922,0.0085861
-0.11855,-0.023899,0.0087399
-0.10509,0.012496,0.0078738
-0.084897,-0.020412,0.011237
-0.023945,-0.0021923,0.0065204
-0.013849,0.019533,0.01388
0.035137,-0.057906,0.0053619
0.0658,0.093505,0.014975
0.087862,-0.18288,0.0055456
0.16602,0.62565,0.025562
0.17013,2.0538,0.32108
0.30362,1.8637,0.70866
0.32382,1.7391,1.0338
0.33504,1.8304,1.3716
0.50368,1.7633,1.6761
0.4087,1.8635,1.9685
0.50443,1.8351,2.2438
0.62372,1.9086,2.5031
0.56089,1.9281,2.7553
0.69252,1.9662,2.9909
0.69102,1.9963,3.2167
0.67382,2.0077,3.4254
0.73851,2.0705,3.6278
0.74525,2.0844,3.8203
0.70935,2.1013,3.9993
0.66896,2.1104,4.1652
0.66298,2.121,4.3152
0.57136,2.1209,4.452
0.53584,2.1078,4.5734
0.48087,2.09,4.6776
0.40982,2.0735,4.7659
0.42216,2.061,4.8412
0.44834,2.0446,4.9044
0.49732,2.026,4.956
0.50555,1.9875,4.994
0.5407,1.9463,5.0169
0.4977,1.9151,5.0274
0.39187,1.8795,5.0269
0.29054,1.8384,5.0156
0.075522,1.7946,4.9944
-0.10808,1.7518,4.9635
-0.24008,1.7108,4.9229
-0.38031,1.6538,4.8749
-0.4895,1.6083,4.8199
-0.52652,1.5615,4.756
-0.51642,1.4897,4.6826
-0.49735,1.4377,4.6005
-0.47604,1.3733,4.5104
-0.48613,1.3107,4.4145
-0.46295,1.2613,4.3135
-0.4708,1.1891,4.2047
-0.50633,1.1168,4.0879
-0.51792,1.0514,3.9657
-0.53848,0.98379,3.84
-0.52914,0.91709,3.7084
-0.54783,0.85847,3.5741
-0.56503,0.7756,3.437
-0.56391,0.68988,3.2913
-0.59794,0.63977,3.1434
-0.62711,0.56049,2.9952
-0.63309,0.4642,2.839
-0.65328,0.40721,2.6791
-0.64693,0.29755,2.5149
-0.57176,0.18775,2.3412
-0.51941,0.11008,2.1621
-0.43378,0.017531,1.9761
-0.32085,-0.078972,1.7879
-0.2427,-0.18642,1.5923
-0.13276,-0.25415,1.3967
-0.081906,-0.40093,1.1959
-0.049373,-0.47454,0.99002
-0.008614,-0.61606,0.78688
-0.060217,-0.72097,0.56967
-0.068444,-0.79279,0.36715
-0.0576,-1.0302,0.13525
-0.051617,-0.45323,-0.029385
0.02878,0.027196,-0.022738
0.096837,-0.13897,-0.014636
0.19182,-0.046202,-0.022217
0.24267,-0.063642,-0.016256
0.26436,-0.060272,-0.021392
0.33728,-0.038359,-0.017838
0.34326,-0.061127,-0.020804
0.33354,-0.032484,-0.019986
0.31297,-0.05623,-0.020155
0.25688,-0.034719,-0.021388
0.20042,-0.045745,-0.020582
0.17237,-0.042142,-0.021861
0.15143,-0.035491,-0.021497
0.10207,-0.037879,-0.022397
0.10693,-0.027502,-0.022281
0.094219,-0.036338,-0.023207
0.052338,-0.029099,-0.023559
0.045607,-0.028503,-0.023499
0.025788,-0.034887,-0.024808
0.038128,-0.030891,-0.025599
0.054956,-0.029039,-0.026634
0.054582,-0.033384,-0.02783
0.074026,-0.02571,-0.028557
0.080009,-0.024488,-0.028576
0.062808,-0.02914,-0.029697
0.060191,-0.018887,-0.029817
0.04972,-0.026801,-0.030495
0.020179,-0.01588,-0.031016
-0.0041267,-0.02661,-0.030885
-0.054234,-0.017548,-0.032617
-0.076671,-0.021695,-0.031054
-0.089011,-0.034797,-0.033738
-0.091254,-0.0023422,-0.031545
-0.052365,-0.047938,-0.033817
0.003352,0.0094634,-0.033836
0.046355,-0.051919,-0.032122
0.073652,0.0020366,-0.037349
0.1275,-0.024139,-0.028208
0.14881,-0.057693,-0.043314
0.18172,0.1005,-0.018397
0.13049,-1.1473,-0.11316
0.15779,-2.0382,-0.47962
0.24866,-1.6937,-0.84466
0.1907,-1.8117,-1.1712
0.44123,-1.8068,-1.5025
0.57249,-1.8171,-1.7974
0.57286,-1.8787,-2.0867
0.82714,-1.8706,-2.3526
0.70336,-1.9547,-2.6102
0.66148,-1.9637,-2.8558
0.789,-2.0101,-3.0876
0.68878,-2.0191,-3.3071
0.70636,-2.0672,-3.5115
0.73926,-2.112,-3.7104
0.74001,-2.1261,-3.8973
0.68504,-2.1461,-4.0717
0.67158,-2.1498,-4.2315
0.62446,-2.1607,-4.3773
0.52537,-2.1479,-4.5083
0.53584,-2.1376,-4.623
0.44796,-2.1234,-4.7228
0.43562,-2.1016,-4.8066
0.48125,-2.0935,-4.8771
0.50144,-2.0767,-4.9365
0.5321,-2.0478,-4.9839
0.5508,-2.018,-5.0178
0.56725,-1.9769,-5.0372
0.48162,-1.9364,-5.0437
0.37692,-1.9024,-5.0399
0.24866,-1.8628,-5.0258
0.060939,-1.8208,-5.0015
-0.13725,-1.7735,-4.9675
-0.30103,-1.7302,-4.9246
-0.43416,-1.6858,-4.8746
-0.54372,-1.6311,-4.8167
-0.56765,-1.5721,-4.7497
-0.59345,-1.5083,-4.6736
-0.61926,-1.4497,-4.5892
-0.5841,-1.3849,-4.4972
-0.55793,-1.3227,-4.3989
-0.54484,-1.2679,-4.2958
-0.5239,-1.1915,-4.1862
-0.53138,-1.1133,-4.0679
-0.54335,-1.048,-3.944
-0.53325,-0.98145,-3.8158
-0.56877,-0.91984,-3.683
-0.57999,-0.86103,-3.5493
-0.59607,-0.77634,-3.4108
-0.66151,-0.6911,-3.2638
-0.66637,-0.63558,-3.1164
-0.67572,-0.54899,-2.9661
-0.70863,-0.46139,-2.8075
-0.67647,-0.39147,-2.6467
-0.60878,-0.28483,-2.4792
-0.55307,-0.18983,-2.3037
-0.46071,-0.091501,-2.1212
-0.32983,-0.010703,-1.9342
-0.23073,0.1025,-1.7438
-0.13463,0.19717,-1.5452
-0.046008,0.28788,-1.3488
-0.02058,0.42258,-1.1425
0.039624,0.49357,-0.93904
0.066174,0.66781,-0.72802
0.013822,0.68724,-0.5156
0.040746,0.9035,-0.30722
0.05159,0.8928,-0.075965
0.054956,0.1256,0.014289
0.11965,-0.0035344,-0.013429
0.18135,0.10047,-0.0051021
0.2423,0.0035062,-0.0069279
0.261,0.056821,-0.0070891
0.30662,0.00089692,-0.0048734
0.34289,0.029701,-0.0070741
0.3227,0.021415,-0.0036249
0.35037,0.008005,-0.0057844
0.35224,0.015889,-0.0038461
0.2939,0.0024153,-0.004086
0.24118,0.016849,-0.0033587
0.20453,0.0052195,-0.002905
0.16639,0.0069028,-0.00295
0.13909,0.0024753,-0.0021327
0.10731,0.0081775,-0.002039
0.050842,0.0058681,-0.0010155
0.0070914,0.0026177,-0.0011017
-0.019458,0.010978,4.9296e-05
0.0089611,0.0049496,0.0018826
0.028032,0.0016992,0.0023625
0.018684,0.0089985,0.003521
0.073278,0.0016317,0.0046233
0.078888,-0.0056563,0.0044808
0.051964,-0.0014237,0.0055531
0.062808,0.0020516,0.005853
0.05159,0.0043873,0.006944
0.036633,-0.010414,0.0068278
0.013448,0.0092497,0.0073002
-0.034416,-0.010118,0.0083162
-0.072183,0.00083319,0.0073789
-0.093124,-0.00037399,0.010033
-0.098359,-0.012674,0.0072777
-0.075923,0.01914,0.011166
-0.026189,-0.039221,0.0081662
0.029902,0.040344,0.010258
0.082253,-0.054004,0.01178
0.12675,0.044937,0.0062729
0.14134,-0.036207,0.018964
0.1963,0.0036712,-0.0071041
0.19406,1.5394,0.14961
0.26062,2.1106,0.53979
0.39,1.7106,0.88792
0.33578,1.863,1.2224
0.4603,1.7919,1.5494
0.50144,1.8426,1.8442
0.44011,1.8844,2.1343
0.63007,1.9033,2.4004
0.61736,1.9658,2.66
0.62596,1.9722,2.903
0.71832,2.0431,3.1369
0.69402,2.0389,3.3585
0.72617,2.0767,3.5638
0.72767,2.1311,3.7617
0.72804,2.1415,3.9491
0.70486,2.1471,4.1263
0.69028,2.1753,4.2883
0.64802,2.1897,4.4368
0.59193,2.1854,4.5725
0.55603,2.179,4.693
0.48723,2.1478,4.797
0.48798,2.1264,4.8845
0.48835,2.1132,4.958
0.52275,2.1042,5.0199
0.55267,2.0824,5.0708
0.57136,2.0432,5.1086
0.5665,2.0039,5.1315
0.45918,1.9594,5.1409
0.35598,1.9245,5.1393
0.19369,1.8892,5.1275
0.0029781,1.8414,5.1059
-0.20119,1.7952,5.0744
-0.37993,1.7412,5.0329
-0.48539,1.6939,4.9834
-0.59046,1.6579,4.927
-0.61739,1.5972,4.8632
-0.61701,1.5347,4.7902
-0.58747,1.4717,4.7081
-0.56765,1.4018,4.6183
-0.59046,1.3517,4.5217
-0.53175,1.2853,4.4201
-0.51979,1.2129,4.3121
-0.57775,1.1421,4.1958
-0.57214,1.0688,4.073
-0.56055,1.0102,3.9466
-0.60878,0.93182,3.8148
-0.64655,0.86983,3.6793
-0.63907,0.80425,3.5423
-0.67535,0.71085,3.3973
-0.72059,0.65349,3.2474
-0.70601,0.59316,3.0984
-0.72097,0.49537,2.9436
-0.72433,0.41802,2.7824
-0.64319,0.33887,2.6199
-0.57962,0.23884,2.4484
-0.50894,0.14795,2.2693
-0.38517,0.039617,2.0845
-0.30178,-0.036634,1.8953
-0.20755,-0.15022,1.7016
-0.099855,-0.23324,1.5026
-0.064705,-0.33739,1.3044
-0.034042,-0.46615,1.0956
-0.0015092,-0.54192,0.89215
-0.039277,-0.71445,0.67691
-0.051243,-0.71877,0.46554
-0.0056225,-0.97118,0.25091
-0.0067443,-0.846,0.024944
0.075896,-0.078758,-0.040835
0.17574,-0.05469,-0.013534
0.2049,-0.11605,-0.02459
0.29989,-0.034295,-0.019874
0.32008,-0.093762,-0.021632
0.31783,-0.030771,-0.02221
0.36607,-0.065907,-0.020965
0.33504,-0.051514,-0.023803
0.3283,-0.046217,-0.021463
0.29353,-0.054652,-0.023724
0.20191,-0.040623,-0.022881
0.17499,-0.045205,-0.023769
0.13311,-0.031288,-0.024197
0.093471,-0.036919,-0.02402
0.071035,-0.033335,-0.024714
0.04112,-0.034509,-0.025003
0.013822,-0.032259,-0.025629
-0.026563,-0.031584,-0.025662
-0.027311,-0.035221,-0.027158
-0.0052485,-0.029984,-0.028437
0.03065,-0.035611,-0.028891
0.073652,-0.03314,-0.030364
0.088236,-0.026452,-0.031099
0.10058,-0.033853,-0.0315
0.10095,-0.023468,-0.032055
0.078888,-0.025923,-0.032141
0.060939,-0.026167,-0.033375
0.032893,-0.021668,-0.032737
-0.031424,-0.029204,-0.03466
-0.065079,-0.011374,-0.034072
-0.079662,-0.042378,-0.034567
-0.089385,-0.0084044,-0.035796
-0.08415,-0.028769,-0.033693
-0.048625,-0.019775,-0.038038
0.050094,-0.0034032,-0.032771
0.094219,-0.054266,-0.039388
0.15181,0.037442,-0.033532
0.16938,-0.1134,-0.038207
0.1907,0.12405,-0.037679
0.20154,-0.39757,-0.034079
0.14732,-1.8486,-0.2909
0.2853,-1.8663,-0.6912
0.24604,-1.7173,-1.0231
0.33092,-1.8693,-1.3629
0.59417,-1.7899,-1.675
0.53098,-1.8917,-1.9686
0.72617,-1.8784,-2.2504
0.78077,-1.9417,-2.5124
0.6125,-1.973,-2.7681
0.7359,-2.004,-3.006
0.70748,-2.0586,-3.2376
0.67981,-2.0575,-3.4524
0.72169,-2.1067,-3.6549
0.74637,-2.1341,-3.8492
0.72206,-2.1693,-4.0331
0.67906,-2.1815,-4.2059
0.69028,-2.1846,-4.3633
0.5867,-2.1977,-4.508
0.57697,-2.187,-4.638
0.49919,-2.1785,-4.7529
0.42478,-2.1607,-4.8524
0.43936,-2.1367,-4.936
0.44796,-2.1245,-5.0069
0.52948,-2.1051,-5.0662
0.52537,-2.0776,-5.1132
0.55491,-2.0432,-5.1473
0.51453,-2.0022,-5.1676
0.42328,-1.962,-5.1745
0.31372,-1.9236,-5.1703
0.10245,-1.883,-5.1561
-0.074427,-1.8387,-5.1318
-0.26813,-1.7916,-5.0977
-0.3934,-1.7436,-5.054
-0.48464,-1.7,-5.0034
-0.53998,-1.647,-4.9454
-0.52614,-1.5904,-4.8785
-0.53886,-1.5316,-4.8031
-0.53624,-1.4648,-4.7189
-0.5325,-1.4014,-4.627
-0.50296,-1.3395,-4.5287
-0.51792,-1.2804,-4.4247
-0.54634,-1.2127,-4.3154
-0.56279,-1.1382,-4.1978
-0.57812,-1.0717,-4.0731
-0.57102,-1.0003,-3.945
-0.62412,-0.93451,-3.8116
-0.60579,-0.87965,-3.6763
-0.61178,-0.8006,-3.5385
-0.66824,-0.70948,-3.3916
-0.65852,-0.65209,-3.2415
-0.6989,-0.58348,-3.0911
-0.71872,-0.48304,-2.9325
-0.66375,-0.42096,-2.7695
-0.59458,-0.32866,-2.6036
-0.53923,-0.21704,-2.4275
-0.41396,-0.12797,-2.2457
-0.29206,-0.038801,-2.058
-0.24307,0.050515,-1.8677
-0.12566,0.17407,-1.6701
-0.065079,0.23647,-1.471
-0.051617,0.3756,-1.2687
-0.029181,0.46452,-1.0584
-0.026937,0.58698,-0.85316
-0.037407,0.71076,-0.63269
-0.072183,0.73368,-0.42683
-0.035538,1.021,-0.19699
-0.0048746,0.55854,-0.0075503
0.097211,-0.052043,0.0020401
0.21051,0.094326,-0.012915
0.25314,0.039534,-0.002084
0.34999,0.022881,-0.0094248
0.33728,0.041255,-0.0037749
0.3556,0.0074427,-0.0064293
0.36794,0.03294,-0.0048209
0.31783,0.0024115,-0.0043035
0.33429,0.023848,-0.0048921
0.22622,0.010026,-0.002935
0.15704,0.0094484,-0.0038723
0.15143,0.014202,-0.0025526
0.10282,0.0061118,-0.0026201
0.10095,0.0074727,-0.0019828
0.10282,0.0027827,-0.0017016
0.082627,0.0019429,-0.0011092
0.038876,0.0031801,-0.00078677
0.028406,-0.0012438,-0.00051308
0.03738,0.00087818,0.00075414
0.038876,0.0090398,0.0019051
0.088236,0.0023628,0.0029249
0.13161,0.0044022,0.0041846
0.13647,-0.0018286,0.004822
0.13797,0.00037206,0.0049832
0.11179,0.0020816,0.0062129
0.081879,0.00010588,0.0058905
0.050468,0.0033938,0.0071315
-0.0067443,-0.013814,0.0070827
-0.049747,0.0081475,0.0076938
-0.083776,-0.0085806,0.0086086
-0.12229,0.0057856,0.0076189
-0.13426,-0.00081637,0.010479
-0.080784,-0.012817,0.0075101
-0.020206,0.013475,0.011507
0.045981,-0.038168,0.0083425
0.12488,0.042222,0.010697
0.16115,-0.061427,0.011514
0.18434,0.053128,0.007049
0.16751,-0.04835,0.018956
0.16564,0.032119,-0.006478
0.13498,1.5773,0.15901
0.17873,2.084,0.54929
0.2868,1.7024,0.89341
0.26399,1.8401,1.2265
0.393,1.7674,1.5499
0.41543,1.8373,1.8429
0.41057,1.8598,2.1301
0.59268,1.8818,2.3931
0.55865,1.947,2.6504
0.63531,1.9534,2.8925
0.72842,2.0106,3.1241
0.68766,2.0054,3.3409
0.72094,2.0543,3.545
0.73515,2.0985,3.743
0.7445,2.1173,3.9284
0.70897,2.1256,4.1014
0.70673,2.1272,4.2589
0.61998,2.1318,4.4035
0.54407,2.1144,4.5336
0.49433,2.1001,4.6466
0.38589,2.085,4.7446
0.39599,2.0668,4.827
0.3814,2.042,4.8968
0.40945,2.0275,4.9566
0.44983,1.9989,5.0029
0.48012,1.95,5.035
0.50966,1.9172,5.0538
0.41543,1.8741,5.0594
0.3212,1.8335,5.0546
0.16415,1.7988,5.0405
-0.05947,1.7526,5.0159
-0.24345,1.7049,4.981
-0.38854,1.6602,4.9382
-0.50707,1.6078,4.8878
-0.60131,1.5618,4.8299
-0.59906,1.5094,4.7636
-0.55456,1.4057,4.6869
-0.50072,1.3518,4.6019
-0.47267,1.3274,4.5098
-0.48875,1.2602,4.4122
-0.47828,1.1961,4.3086
-0.48688,1.1204,4.1969
-0.51119,1.0515,4.0785
-0.54671,0.98944,3.9556
-0.56279,0.92167,3.8283
-0.58747,0.85884,3.6956
-0.62786,0.79163,3.5611
-0.61851,0.70802,3.4209
-0.65291,0.63819,3.2735
-0.67235,0.58792,3.1263
-0.63459,0.50135,2.9754
-0.64468,0.42067,2.8167
-0.65927,0.34642,2.6559
-0.59271,0.24239,2.4878
-0.5153,0.15638,2.3111
-0.45547,0.052738,2.1287
-0.32497,-0.02673,1.9408
-0.21278,-0.12928,1.7506
-0.14024,-0.22555,1.5527
-0.04713,-0.3009,1.3565
-0.0059964,-0.44584,1.1512
0.015318,-0.51031,0.94646
0.012327,-0.6796,0.73758
-0.053113,-0.71611,0.52116
-0.07181,-0.87981,0.31505
-0.061713,-0.97769,0.079089
-0.020206,-0.24478,-0.038687
0.059443,0.0051146,-0.013999
0.11927,-0.13536,-0.017969
0.23295,-0.028443,-0.019098
0.27969,-0.078672,-0.01632
0.28941,-0.041437,-0.019968
0.36009,-0.049741,-0.016713
0.34962,-0.051443,-0.020301
0.33242,-0.031866,-0.018082
0.29502,-0.051289,-0.019889
0.21463,-0.03551,-0.020099
0.17424,-0.042063,-0.020012
0.12152,-0.032942,-0.0211
0.085618,-0.031532,-0.020549
0.075896,-0.031517,-0.021471
0.072905,-0.035611,-0.021572
0.062434,-0.035244,-0.022348
0.039998,-0.02887,-0.022277
0.010083,-0.0304,-0.022674
0.018684,-0.032559,-0.024335
0.066174,-0.029388,-0.025141
0.075896,-0.031911,-0.026131
0.093845,-0.034749,-0.02765
0.11105,-0.025106,-0.027578
0.1174,-0.032713,-0.028024
0.094593,-0.023622,-0.029085
0.072905,-0.022857,-0.028962
0.075148,-0.02159,-0.030188
0.009335,-0.01931,-0.029644
-0.060217,-0.032511,-0.031275
-0.089011,-0.0077146,-0.030559
-0.12977,-0.035577,-0.031215
-0.13276,-0.0055589,-0.032546
-0.10023,-0.028589,-0.030409
-0.040399,-0.019055,-0.034653
0.034763,-0.0040555,-0.029663
0.083749,-0.052234,-0.03622
0.17237,0.043088,-0.030057
0.16676,-0.10905,-0.035294
0.18359,0.12929,-0.033851
0.19144,-0.41677,-0.032445
0.10768,-1.8639,-0.29261
0.24155,-1.857,-0.69018
0.19369,-1.7095,-1.0199
0.2509,-1.8559,-1.3576
0.5422,-1.7772,-1.6671
0.50032,-1.8748,-1.9593
0.68504,-1.8567,-2.2384
0.78413,-1.9184,-2.4978
0.62185,-1.9516,-2.7516
0.74151,-1.9816,-2.9888
0.73104,-2.0177,-3.2172
0.70673,-2.0268,-3.4282
0.76132,-2.0887,-3.6303
0.76918,-2.1054,-3.8245
0.74786,-2.1282,-4.006
0.70224,-2.1341,-4.1747
0.69776,-2.1363,-4.3282
0.58557,-2.1364,-4.4685
0.54407,-2.123,-4.5927
0.44647,-2.1101,-4.7014
0.36532,-2.0857,-4.7946
0.38028,-2.0715,-4.8732
0.36757,-2.0561,-4.9404
0.42515,-2.0347,-4.9966
0.42702,-2.0047,-5.04
0.4891,-1.9617,-5.0691
0.46404,-1.9184,-5.0841
0.34027,-1.8785,-5.0871
0.25053,-1.8409,-5.0797
0.093097,-1.7965,-5.0627
-0.086393,-1.7486,-5.0353
-0.27635,-1.7023,-4.9979
-0.40574,-1.6604,-4.9531
-0.52203,-1.6136,-4.9009
-0.57289,-1.5558,-4.8402
-0.56129,-1.4956,-4.7707
-0.55606,-1.4314,-4.692
-0.51941,-1.3711,-4.6051
-0.52128,-1.311,-4.5109
-0.50184,-1.2553,-4.411
-0.48838,-1.1979,-4.3062
-0.49922,-1.1162,-4.1937
-0.51754,-1.0444,-4.0729
-0.52353,-0.98055,-3.9477
-0.53661,-0.91107,-3.8176
-0.58224,-0.86091,-3.6843
-0.55681,-0.79077,-3.5498
-0.57812,-0.70227,-3.4073
-0.61514,-0.64087,-3.2593
-0.59944,-0.57428,-3.1117
-0.62,-0.48163,-2.9576
-0.64954,-0.41396,-2.797
-0.61402,-0.33092,-2.6344
-0.52689,-0.22126,-2.4625
-0.45809,-0.13935,-2.2833
-0.35114,-0.043285,-2.0976
-0.25504,0.043763,-1.9086
-0.15146,0.15605,-1.7142
-0.035538,0.23124,-1.515
0.011205,0.34648,-1.3167
0.058695,0.45976,-1.1075
0.068791,0.54514,-0.90412
0.031023,0.70066,-0.68803
0.0085872,0.70868,-0.47836
0.0059696,0.97334,-0.26047
-0.01011,0.74215,-0.040157
0.018684,0.013167,0.011709
0.098332,0.05017,-0.014411
0.16901,0.078149,-0.0024551
0.23669,0.011165,-0.0078202
0.24753,0.052082,-0.0045884
0.28717,0.0025015,-0.0048246
0.3227,0.037941,-0.005477
0.3025,0.0096996,-0.0030325
0.32756,0.017494,-0.0050983
0.28044,0.014202,-0.0027701
0.18471,0.0018079,-0.0035312
0.15592,0.012399,-0.0024102
0.12114,0.0039674,-0.0022602
0.10731,0.0048596,-0.0020052
0.099454,0.00014337,-0.0012442
0.063182,0.0079563,-0.0010005
0.044485,0.0024078,-0.00034437
0.024667,0.0032775,-0.00031812
0.015318,0.011282,0.0009341
0.04112,0.005467,0.0021713
0.077392,-0.002181,0.0028574
0.099454,0.0046797,0.0042559
0.1017,0.0036375,0.0053056
0.1189,0.002419,0.0051482
0.14358,0.0051521,0.0062767
0.11479,-0.0033507,0.0065016
0.076644,0.0079338,0.0072514
0.056451,-0.010845,0.0076001
0.019431,0.0039936,0.0078776
-0.02058,-0.0075908,0.009396
-0.059844,-0.013458,0.0077051
-0.093124,0.0068728,0.010753
-0.08228,-0.019543,0.0082637
-0.051243,0.021685,0.010881
-0.0093619,-0.037287,0.010243
0.06206,0.032119,0.009171
0.1103,-0.033736,0.013944
0.14021,0.00805,0.0054818
0.13909,0.021543,0.020662
0.18172,-0.11869,-0.0053832
0.16863,1.2592,0.10114
0.18322,2.137,0.47252
0.3384,1.7222,0.83296
0.27259,1.8236,1.1618
0.35485,1.7975,1.4939
0.44086,1.807,1.7897
0.34887,1.8659,2.0811
0.55379,1.8614,2.3485
0.56912,1.9359,2.6074
0.57996,1.9369,2.8534
0.7086,1.986,3.0871
0.65363,1.9935,3.3091
0.70149,2.0387,3.5151
0.74263,2.0749,3.7154
0.75684,2.0904,3.9042
0.73328,2.11,4.081
0.69962,2.1094,4.2432
0.64877,2.1216,4.3913
0.58183,2.1117,4.5261
0.54519,2.0965,4.6454
0.43189,2.0762,4.7481
0.41057,2.0479,4.8346
0.37729,2.0339,4.908
0.37579,2.0226,4.9705
0.43226,1.9832,5.0213
0.44198,1.9476,5.0586
0.47975,1.9048,5.0816
0.40047,1.8525,5.0913
0.28642,1.8251,5.0902
0.1634,1.7858,5.0791
-0.012727,1.7387,5.0575
-0.18474,1.6915,5.026
-0.35002,1.6434,4.9853
-0.45659,1.5978,4.9368
-0.54708,1.5576,4.8815
-0.58149,1.4982,4.8182
-0.54185,1.424,4.7453
-0.52278,1.3775,4.6632
-0.51904,1.3148,4.5738
-0.53475,1.2532,4.4785
-0.51867,1.1934,4.3771
-0.51343,1.1088,4.2686
-0.58485,1.047,4.152
-0.52988,0.99093,4.0297
-0.69255,0.92211,3.9037
-0.97263,0.86135,3.772
-0.74602,0.79667,3.6378
-0.50969,0.71546,3.4994
-0.48239,0.64777,3.3532
-0.4708,0.59174,3.2056
-0.52764,0.5158,3.0565
-0.54484,0.43089,2.8997
-0.52614,0.36359,2.739
-0.45248,0.2724,2.5744
-0.4005,0.1747,2.3999
-0.41508,0.080526,2.2197
-0.38031,-0.013537,2.0324
-0.37993,-0.090823,1.8426
-0.31674,-0.20417,1.6463
-0.090506,-0.27181,1.4474
0.068791,-0.40495,1.2461
0.14096,-0.49437,1.0372
0.13124,-0.61321,0.83268
-0.053113,-0.73767,0.61332
-0.17427,-0.76504,0.4079
-0.13687,-1.0438,0.17926
-0.058348,-0.59733,-0.013898
0.11292,0.019706,-0.027616
0.22061,-0.11789,-0.010951
0.30475,-0.065213,-0.021703
0.38402,-0.0497,-0.014584
0.32718,-0.074859,-0.019765
0.37991,-0.033305,-0.017336
0.40272,-0.062641,-0.018903
0.30849,-0.028574,-0.019023
0.26025,-0.04778,-0.018138
0.13797,-0.035326,-0.020267
-0.027685,-0.035364,-0.018936
-0.10172,-0.043675,-0.020507
-0.011979,-0.035337,-0.020421
0.093845,-0.039889,-0.020669
0.16676,-0.031851,-0.021066
0.22921,-0.027824,-0.021565
0.17686,-0.028147,-0.02197
0.1103,-0.031577,-0.022224
0.062434,-0.031453,-0.023593
0.061686,-0.031288,-0.024496
0.070661,-0.029673,-0.025355
0.046729,-0.03482,-0.026896
0.059069,-0.027854,-0.027376
0.052712,-0.02475,-0.027507
0.041494,-0.023348,-0.028572
0.045981,-0.021147,-0.028692
0.072905,-0.023854,-0.02985
0.10095,-0.015651,-0.029172
0.065426,-0.031375,-0.030345
0.022049,-0.0090155,-0.030563
-0.04526,-0.030621,-0.030203
-0.096863,-0.016165,-0.032467
-0.066574,-0.017788,-0.029558
0.0052217,-0.031401,-0.034143
0.11853,0.0076826,-0.029892
0.17686,-0.060688,-0.034282
0.2337,0.044565,-0.03216
0.22884,-0.090969,-0.031264
0.18097,0.073691,-0.038725
0.15779,-0.18202,-0.01924
0.069539,-1.6776,-0.22453
0.20902,-1.9408,-0.62359
0.19443,-1.6819,-0.96206
0.16602,-1.8571,-1.2983
0.47713,-1.7714,-1.6165
0.48573,-1.8552,-1.909
0.65774,-1.8582,-2.1939
0.85257,-1.8931,-2.4559
0.71645,-1.9433,-2.7126
0.82228,-1.9589,-2.9527
0.80321,-2.0098,-3.1838
0.70636,-2.0104,-3.3989
0.69551,-2.0609,-3.6025
0.67719,-2.0906,-3.7999
0.6985,-2.1138,-3.9852
0.64653,-2.1233,-4.1583
0.63381,-2.1265,-4.3161
0.52761,-2.128,-4.4607
0.46479,-2.1107,-4.59
0.43338,-2.099,-4.7036
0.38028,-2.0774,-4.802
0.40646,-2.0548,-4.8847
0.39973,-2.0381,-4.9549
0.44423,-2.0195,-5.0144
0.42515,-1.9921,-5.062
0.43675,-1.9504,-5.0957
0.45245,-1.9053,-5.1149
0.36233,-1.8681,-5.1215
0.26847,-1.8278,-5.1176
0.12563,-1.7846,-5.1035
-0.0576,-1.7429,-5.0794
-0.24644,-1.6937,-5.0455
-0.36572,-1.6458,-5.0027
-0.48576,-1.601,-4.9528
-0.55942,-1.5472,-4.8951
-0.54522,-1.4897,-4.8283
-0.54634,-1.4306,-4.7523
-0.52839,-1.3646,-4.6682
-0.5325,-1.3042,-4.5765
-0.48576,-1.2482,-4.4784
-0.45397,-1.187,-4.3755
-0.49735,-1.1165,-4.2659
-0.49286,-1.043,-4.1481
-0.49548,-0.98534,-4.0247
-0.53213,-0.92011,-3.8965
-0.58859,-0.85444,-3.7636
-0.58822,-0.79772,-3.6297
-0.59158,-0.71371,-3.4902
-0.61776,-0.64005,-3.3428
-0.59757,-0.58603,-3.1949
-0.60243,-0.50008,-3.044
-0.60018,-0.42053,-2.8846
-0.5583,-0.35488,-2.7227
-0.48015,-0.246,-2.5542
-0.42892,-0.15655,-2.3766
-0.34404,-0.063129,-2.1938
-0.22587,0.026165,-2.0046
-0.17763,0.12036,-1.8126
-0.09462,0.22116,-1.6126
-0.029555,0.29477,-1.4138
0.00036053,0.43505,-1.2071
0.010457,0.49942,-0.99908
0.020927,0.66191,-0.78961
0.023919,0.71635,-0.56992
-0.0045007,0.84396,-0.36406
0.003726,1.0002,-0.12601
0.0055957,0.29989,0.012448
0.089358,-0.040968,-0.0073216
0.18172,0.10974,-0.007704
0.23482,0.0055719,-0.0035574
0.28867,0.054714,-0.0075428
0.27707,0.023335,-0.0028563
0.3197,0.01833,-0.0064892
0.32943,0.015158,-0.0028451
0.304,-0.0070547,-0.0044272
0.29839,0.027144,-0.0032912
0.20603,0.0032213,-0.0024289
0.15854,0.010821,-0.0028338
0.129,0.0053095,-0.0015741
0.077766,0.0078813,-0.0019415
0.092349,0.010363,-0.0012779
0.094593,0.006243,-0.00069679
0.083375,0.0039074,-9.3172e-05
0.075148,-0.0020011,-0.00016066
0.061312,0.0095759,0.00072415
0.080009,0.0074127,0.0017589
0.09048,0.0027714,0.0028274
0.1103,0.0016917,0.0039634
0.14507,0.0017142,0.0049757
0.13797,-0.00030651,0.0054743
0.12526,0.0031201,0.0060742
0.094593,0.0035325,0.0070977
0.052712,-0.0027284,0.0068653
0.033641,-0.0062112,0.0080313
0.017562,-0.003077,0.0077651
-0.0063704,0.0061568,0.009306
-0.031798,-0.013972,0.0088673
-0.03105,0.016279,0.0092273
-0.020206,-0.011827,0.010899
-0.0071182,0.0060556,0.0084962
0.038128,0.0021866,0.013059
0.1088,-0.028079,0.0080088
0.13498,0.040614,0.013974
0.16602,-0.066207,0.009351
0.18845,0.079442,0.011889
0.16714,-0.13932,0.014532
0.19593,0.30456,0.0044021
0.1432,1.8663,0.24085
0.2165,1.9622,0.63674
0.31858,1.6998,0.96734
0.27782,1.8378,1.3048
0.43114,1.7468,1.6183
0.38813,1.8484,1.9111
0.41169,1.8341,2.1932
0.59567,1.8782,2.454
0.5336,1.9184,2.7099
0.65812,1.9327,2.9486
0.69476,1.9736,3.1784
0.65438,1.977,3.3916
0.69925,2.0334,3.5953
0.69626,2.0524,3.7916
0.71496,2.0713,3.9746
0.63531,2.0703,4.1449
0.64017,2.0704,4.2997
0.55753,2.0813,4.4419
0.45956,2.0591,4.5686
0.42179,2.0426,4.6785
0.32232,2.0139,4.7733
0.33017,1.9942,4.8532
0.31559,1.9784,4.9214
0.34663,1.9479,4.9785
0.38963,1.9182,5.0219
0.41319,1.8697,5.0509
0.41768,1.831,5.0668
0.3384,1.7938,5.071
0.23893,1.7565,5.0646
0.049346,1.7174,5.0488
-0.12154,1.6605,5.0225
-0.25579,1.6202,4.986
-0.39227,1.5779,4.9422
-0.49399,1.5299,4.8911
-0.55905,1.4735,4.8322
-0.53923,1.4028,4.7638
-0.52988,1.3504,4.6858
-0.51193,1.2955,4.6
-0.48688,1.2383,4.5076
-0.49174,1.1822,4.4096
-0.4794,1.1129,4.3049
-0.50221,1.0412,4.1919
-0.54372,0.97523,4.0721
-0.54484,0.91974,3.9487
-0.53549,0.84781,3.8202
-0.55681,0.78767,3.6875
-0.55681,0.72813,3.5523
-0.54559,0.63895,3.4092
-0.5684,0.58178,3.2615
-0.56765,0.52384,3.1139
-0.54559,0.43551,2.9604
-0.56129,0.36809,2.8007
-0.54858,0.28262,2.6386
-0.4966,0.18074,2.4672
-0.44537,0.10007,2.2887
-0.36086,0.001643,2.1043
-0.25429,-0.074406,1.9155
-0.16642,-0.18495,1.7225
-0.091254,-0.26091,1.5229
-0.019084,-0.35897,1.3249
0.0014823,-0.4853,1.1159
0.021675,-0.55516,0.9111
0.011953,-0.72784,0.6961
-0.038529,-0.73024,0.48277
-0.026563,-0.96821,0.26911
-0.017589,-0.87392,0.038969
0.046355,-0.10057,-0.036254
0.13049,-0.039964,-0.0082251
0.1877,-0.11467,-0.018648
0.26698,-0.026737,-0.01455
0.26174,-0.08328,-0.015855
0.28306,-0.031667,-0.017058
0.32045,-0.059777,-0.01506
0.28044,-0.039844,-0.018415
0.27633,-0.039896,-0.015933
0.23781,-0.04706,-0.018037
0.18621,-0.029009,-0.017553
0.16863,-0.044395,-0.01825
0.10992,-0.033155,-0.018689
0.10544,-0.034715,-0.018479
0.1174,-0.030996,-0.019353
0.093845,-0.031048,-0.01966
0.0744,-0.031045,-0.020117
0.047477,-0.02806,-0.020069
0.057199,-0.031858,-0.021115
0.072905,-0.030666,-0.022363
0.087114,-0.028,-0.023357
0.11666,-0.029875,-0.024365
0.12713,-0.027378,-0.025453
0.13685,-0.022242,-0.025558
0.12226,-0.02977,-0.02636
0.10581,-0.022279,-0.026765
0.09048,-0.024356,-0.027053
0.057947,-0.016727,-0.028163
0.042616,-0.02075,-0.027582
-0.0048746,-0.02577,-0.02946
-0.042642,-0.013271,-0.027991
-0.053861,-0.030629,-0.030049
-0.041147,0.0010619,-0.029292
-0.0063704,-0.042205,-0.029164
0.044859,0.0036524,-0.031845
0.10058,-0.026133,-0.027856
0.12825,-0.023614,-0.035129
0.1907,0.01704,-0.025655
0.18471,-0.097477,-0.038012
0.19668,0.15675,-0.022251
0.14358,-0.80348,-0.064489
0.10992,-2.0164,-0.39023
0.26062,-1.7477,-0.7738
0.19032,-1.7554,-1.0993
0.34214,-1.8188,-1.4361
0.54855,-1.7732,-1.7368
0.51079,-1.8651,-2.0295
0.74637,-1.8321,-2.3021
0.70561,-1.912,-2.561
0.62372,-1.9259,-2.8119
0.73964,-1.9589,-3.0468
0.6454,-1.9771,-3.2717
0.68467,-1.9995,-3.48
0.71907,-2.052,-3.6825
0.7187,-2.0633,-3.8744
0.70187,-2.0829,-4.0537
0.66111,-2.0828,-4.2194
0.61811,-2.0857,-4.3705
0.47713,-2.0748,-4.5076
0.45245,-2.0559,-4.628
0.36458,-2.043,-4.7338
0.29764,-2.016,-4.8244
0.29278,-1.9988,-4.9008
0.28194,-1.9863,-4.9663
0.3399,-1.9551,-5.0202
0.3642,-1.9159,-5.0602
0.41917,-1.8749,-5.0864
0.35485,-1.8314,-5.0994
0.24753,-1.7889,-5.1006
0.17462,-1.7514,-5.0917
0.016066,-1.7114,-5.0727
-0.15856,-1.6634,-5.0436
-0.30552,-1.6193,-5.0057
-0.38592,-1.5732,-4.9603
-0.47903,-1.5256,-4.9071
-0.52577,-1.4755,-4.8451
-0.49997,-1.4081,-4.7737
-0.47716,-1.3441,-4.6933
-0.47192,-1.2872,-4.605
-0.47529,-1.2257,-4.51
-0.44089,-1.1728,-4.4095
-0.46706,-1.1082,-4.3031
-0.48875,-1.0304,-4.1886
-0.49922,-0.96909,-4.0672
-0.51455,-0.90438,-3.9413
-0.50745,-0.84366,-3.8102
-0.52315,-0.79125,-3.6777
-0.49511,-0.71249,-3.5415
-0.50259,-0.64162,-3.3966
-0.51754,-0.5823,-3.2491
-0.50857,-0.50797,-3.1003
-0.53175,-0.42863,-2.9432
-0.53624,-0.35424,-2.7816
-0.51007,-0.26268,-2.6167
-0.45547,-0.16803,-2.4412
-0.37844,-0.074439,-2.2599
-0.28421,0.015214,-2.0722
-0.20493,0.091559,-1.8813
-0.12005,0.20518,-1.684
-0.029928,0.26892,-1.4843
0.0085872,0.39865,-1.2822
0.039624,0.4919,-1.0719
0.073652,0.60346,-0.86689
0.033267,0.73552,-0.64643
-0.0011352,0.75456,-0.4392
0.034015,1.0253,-0.21038
0.035511,0.60565,-0.011937
0.060939,-0.04564,0.0053694
0.13685,0.078531,-0.012612
0.21949,0.051479,-0.00089924
0.25501,0.022525,-0.0079552
0.23145,0.047493,-0.0028188
0.27782,0.0086686,-0.0052033
0.29278,0.03772,-0.0035124
0.25987,0.0050846,-0.0028113
0.26548,0.021775,-0.0039248
0.21986,0.011897,-0.0016866
0.16302,0.0086011,-0.0028601
0.14956,0.013156,-0.0013416
0.14096,0.0014218,-0.0015066
0.11965,0.0047959,-0.00086175
0.13722,0.0064755,-0.00035186
0.14582,0.0072777,-7.4426e-05
0.10394,0.0010544,0.00042796
0.10469,0.0069703,0.00064166
0.096463,0.0091972,0.0022501
0.080009,0.0062243,0.0033036
0.096837,0.0047584,0.0039859
0.12152,0.0018492,0.0056093
0.14395,-0.0010563,0.0061717
0.15181,0.00342,0.0064004
0.14134,-0.0026309,0.0074352
0.12787,0.0010881,0.0075139
0.095341,0.0017442,0.0087736
0.048599,-0.0072947,0.0083087
0.031023,0.010629,0.0095947
0.0052217,-0.014208,0.0094072
-0.02058,0.01154,0.0096134
-0.029555,-0.0088543,0.011582
-0.0071182,0.00048453,0.0087286
0.019805,0.0036262,0.013329
0.051964,-0.029256,0.0088486
0.093097,0.040022,0.014079
0.12376,-0.068441,0.010382
0.1462,0.083566,0.01163
0.14208,-0.11986,0.016276
0.15405,0.24807,0.0018639
0.10058,1.8027,0.22519
0.1993,1.9681,0.62217
0.31522,1.6963,0.9565
0.26623,1.8299,1.2945
0.40608,1.7468,1.6109
0.39038,1.8364,1.9048
0.40534,1.8127,2.1892
0.56089,1.8581,2.4521
0.51079,1.9017,2.7095
0.61325,1.9233,2.9498
0.66447,1.9737,3.1823
0.62372,1.9659,3.3987
0.66074,2.017,3.6039
0.6914,2.0486,3.8019
0.70561,2.0484,3.9877
0.64204,2.05,4.1615
0.63232,2.0642,4.3196
0.55865,2.0613,4.4652
0.49845,2.0506,4.5962
0.44647,2.0211,4.7104
0.34401,1.9849,4.8088
0.32232,1.9694,4.8918
0.29951,1.9622,4.9635
0.34625,1.9432,5.0244
0.36944,1.9028,5.0715
0.41506,1.8702,5.1053
0.41992,1.8256,5.1251
0.30998,1.7781,5.1318
0.23482,1.7389,5.1285
0.060939,1.6999,5.1156
-0.099107,1.6578,5.092
-0.24719,1.6073,5.0582
-0.38517,1.5668,5.0163
-0.46669,1.5257,4.9673
-0.5598,1.4685,4.9106
-0.54634,1.4013,4.8449
-0.53437,1.3445,4.7699
-0.5168,1.29,4.6861
-0.4809,1.2322,4.5948
-0.48464,1.1797,4.4982
-0.51792,1.113,4.3951
-0.54073,1.0318,4.2841
-0.50969,0.96185,4.165
-0.51193,0.91001,4.0418
-0.49511,0.84656,3.9143
-0.5168,0.79224,3.7811
-0.52315,0.7334,3.6469
-0.46519,0.64367,3.5061
-0.49885,0.58651,3.3585
-0.52727,0.53271,3.2111
-0.52839,0.45008,3.0595
-0.54447,0.37279,2.9003
-0.54522,0.30264,2.7384
-0.50221,0.20656,2.5702
-0.42443,0.10961,2.3917
-0.3489,0.019747,2.2085
-0.2528,-0.063665,2.019
-0.15445,-0.15148,1.8271
-0.066574,-0.24773,1.6278
-0.024319,-0.31514,1.4282
-0.012353,-0.4557,1.2226
0.010831,-0.52635,1.0123
0.033641,-0.66823,0.80442
0.010831,-0.74851,0.58298
-0.01011,-0.82952,0.37679
0.003352,-1.0571,0.13968
0.015692,-0.44953,-0.026836
0.11142,0.03078,-0.019206
0.19032,-0.13285,-0.011839
0.22996,-0.048204,-0.019304
0.27296,-0.065723,-0.012979
0.23669,-0.060756,-0.018637
0.22996,-0.041058,-0.014621
0.22585,-0.062368,-0.017639
0.21014,-0.032788,-0.017272
0.23407,-0.04982,-0.017073
0.17499,-0.034048,-0.018543
0.14769,-0.039652,-0.017737
0.16975,-0.03383,-0.018869
0.12488,-0.030595,-0.018573
0.10955,-0.032814,-0.019229
0.1174,-0.02968,-0.019623
0.096463,-0.03127,-0.020241
0.065052,-0.025361,-0.020316
0.03925,-0.029324,-0.020976
0.053086,-0.030662,-0.022408
0.077392,-0.028593,-0.023304
0.085245,-0.02866,-0.024388
0.11516,-0.026032,-0.025584
0.13947,-0.026692,-0.025977
0.13834,-0.034303,-0.02669
0.12189,-0.022414,-0.027095
0.10469,-0.025091,-0.027518
0.088984,-0.020056,-0.028467
0.041494,-0.023363,-0.027721
0.0011084,-0.027074,-0.029734
0.0022302,-0.01017,-0.028456
-0.012353,-0.036106,-0.030173
-0.01871,-0.00029901,-0.029989
-0.0030049,-0.039562,-0.029584
0.051216,-0.0062449,-0.032602
0.11217,-0.023037,-0.027916
0.11553,-0.037197,-0.035493
0.17125,0.021963,-0.02639
0.17312,-0.10275,-0.037307
0.16415,0.16218,-0.025055
0.11366,-0.70009,-0.054032
0.06393,-1.9918,-0.36483
0.20341,-1.7702,-0.75336
0.16751,-1.7385,-1.0803
0.30325,-1.8203,-1.4194
0.53659,-1.7596,-1.723
0.51565,-1.8534,-2.0167
0.72281,-1.8199,-2.2926
0.6914,-1.8939,-2.5532
0.56015,-1.9076,-2.8063
0.68803,-1.9452,-3.0437
0.62484,-1.9661,-3.2721
0.64017,-1.9763,-3.4825
0.69252,-2.0313,-3.6862
0.68729,-2.0463,-3.8808
0.65288,-2.0662,-4.0635
0.61325,-2.0652,-4.2329
0.61212,-2.0684,-4.3873
0.50667,-2.0612,-4.5287
0.45769,-2.0437,-4.6534
0.36308,-2.0291,-4.7631
0.31036,-1.9989,-4.8578
0.30475,-1.9783,-4.9371
0.30362,-1.9635,-5.0051
0.3556,-1.9406,-5.0623
0.36495,-1.912,-5.1066
0.42179,-1.8656,-5.1369
0.37355,-1.8154,-5.1533
0.28829,-1.7802,-5.1577
0.19294,-1.7423,-5.152
0.038502,-1.6952,-5.1361
-0.10995,-1.6486,-5.11
-0.29056,-1.6025,-5.0741
-0.37769,-1.5573,-5.0302
-0.43715,-1.5126,-4.9793
-0.50446,-1.4576,-4.9199
-0.50259,-1.3963,-4.8511
-0.49286,-1.34,-4.7734
-0.47716,-1.2813,-4.6875
-0.43528,-1.2224,-4.5946
-0.488,-1.1653,-4.4953
-0.62524,-1.1028,-4.3905
-0.58336,-1.0334,-4.2786
-0.47305,-0.96685,-4.1585
-0.4379,-0.90459,-4.0338
-0.43827,-0.84214,-3.9034
-0.46781,-0.78963,-3.7703
-0.44388,-0.72003,-3.6357
-0.45136,-0.63643,-3.4925
-0.46108,-0.57722,-3.3445
-0.45622,-0.51745,-3.1962
-0.50034,-0.43373,-3.0416
-0.52801,-0.36267,-2.8802
-0.53587,-0.28205,-2.7167
-0.48875,-0.18099,-2.544
-0.39714,-0.104,-2.3633
-0.26551,-6.6571e-05,-2.1772
-0.13314,0.075723,-1.9855
-0.063209,0.17659,-1.7907
-0.032546,0.26343,-1.5884
-0.036659,0.34238,-1.3882
-0.011979,0.47813,-1.1779
0.052338,0.53372,-0.97022
0.07814,0.70805,-0.75603
0.044111,0.72651,-0.53746
0.067295,0.91734,-0.32658
0.083749,0.94744,-0.088112
0.084123,0.16565,0.016399
0.1892,-0.0117,-0.011168
0.23145,0.11264,-0.0042622
0.24379,0.0018792,-0.0048396
0.25127,0.056847,-0.0060656
0.19892,0.013711,-0.0027926
0.18209,0.031763,-0.005552
0.15517,0.021453,-0.001799
0.17761,0.0096884,-0.0040148
0.21238,0.01899,-0.0022227
0.20004,-0.0024097,-0.0023952
0.21575,0.01584,-0.0019153
0.18209,0.0057369,-0.0008655
0.16115,0.0072477,-0.0012629
0.16415,0.0074127,-0.00014191
0.11628,0.0049609,7.929e-05
0.095341,0.00010963,0.00030799
0.074026,0.0045222,0.00065291
0.038502,0.0089535,0.0018451
0.041868,-0.0053752,0.0030186
0.042989,-0.0071709,0.0039109
0.078514,0.0033938,0.0052831
0.11142,0.0032775,0.0063741
0.12638,-8.5316e-05,0.0064266
0.15031,0.0024678,0.0074389
0.10693,-0.0055551,0.0076151
0.09908,0.0026327,0.0086011
0.068791,-0.010395,0.0088973
-0.0071182,-0.0012813,0.0089348
-1.3407e-05,-0.007051,0.010374
-0.002631,-0.00060268,0.0088448
-0.002257,0.0074877,0.011773
0.02691,-0.016626,0.0093997
0.029902,0.025086,0.012328
0.071035,-0.040222,0.011267
0.12002,0.029318,0.010697
0.11366,-0.036732,0.015102
0.11329,0.015541,0.0068315
0.10992,0.01331,0.021678
0.13049,-0.10076,-0.0046822
0.097958,1.2887,0.10866
0.13797,2.1067,0.48309
0.30512,1.7009,0.84198
0.26922,1.8065,1.1724
0.39113,1.7672,1.5045
0.48611,1.7839,1.801
0.3728,1.8225,2.0934
0.54369,1.8139,2.362
0.53883,1.8898,2.6227
0.50518,1.8879,2.87
0.60352,1.944,3.1056
0.5579,1.9366,3.3292
0.59829,1.96,3.5365
0.61885,2.006,3.7387
0.64353,2.0288,3.9294
0.61437,2.0397,4.1083
0.60128,2.0251,4.2727
0.59604,2.0335,4.4231
0.49396,2.0289,4.5604
0.4431,2.0027,4.6813
0.32943,1.9825,4.7857
0.29689,1.9468,4.8748
0.28717,1.9152,4.9505
0.29839,1.9162,5.0154
0.37841,1.8854,5.0687
0.38066,1.8378,5.1078
0.39524,1.8017,5.1331
0.3485,1.7599,5.1452
0.26174,1.7241,5.1462
0.12825,1.6815,5.1376
-0.03479,1.6336,5.1181
-0.16417,1.5842,5.0882
-0.31973,1.54,5.0498
-0.41995,1.5006,5.0036
-0.47678,1.4404,4.95
-0.47454,1.3811,4.8882
-0.43416,1.3303,4.8163
-0.42742,1.272,4.7358
-0.40461,1.2179,4.6476
-0.38517,1.1647,4.5531
-0.40648,1.0993,4.4532
-0.45958,1.0311,4.3454
-0.49847,0.9667,4.2294
-0.5239,0.89919,4.1078
-0.52278,0.83886,3.9825
-0.51007,0.786,3.8515
-0.51268,0.72878,3.7178
-0.49847,0.65129,3.5801
-0.49773,0.57742,3.434
-0.48725,0.52755,3.2861
-0.48015,0.45795,3.1366
-0.50371,0.37041,2.9795
-0.49473,0.30755,2.818
-0.45584,0.2242,2.653
-0.43864,0.12151,2.477
-0.40274,0.041405,2.2953
-0.28458,-0.049227,2.1077
-0.19409,-0.12366,1.9154
-0.12229,-0.23125,1.7185
-0.036659,-0.29881,1.5168
-0.016841,-0.40858,1.3148
-0.0011352,-0.52284,1.1024
0.013822,-0.59993,0.89606
-0.022076,-0.75578,0.67653
-0.050495,-0.75449,0.46379
-0.028059,-1.0155,0.24257
-0.013849,-0.7974,0.019432
0.050842,-0.044354,-0.032891
0.16415,-0.072794,-0.0068942
0.22846,-0.11028,-0.018873
0.27745,-0.036436,-0.01308
0.27184,-0.082732,-0.016102
0.25838,-0.030077,-0.015858
0.27259,-0.061569,-0.015187
0.23632,-0.035285,-0.017182
0.21874,-0.039015,-0.015195
0.18583,-0.040818,-0.017684
0.12488,-0.035326,-0.016627
0.10693,-0.042749,-0.017894
0.095715,-0.029106,-0.01807
0.11853,-0.035135,-0.017992
0.14208,-0.032338,-0.018839
0.11965,-0.032147,-0.019075
0.11254,-0.024334,-0.019499
0.10095,-0.025695,-0.019701
0.066174,-0.034036,-0.02116
0.073652,-0.031288,-0.022262
0.084871,-0.031573,-0.023061
0.092349,-0.028896,-0.024598
0.1189,-0.022516,-0.025025
0.11553,-0.031907,-0.025415
0.097211,-0.022606,-0.026345
0.077018,-0.019509,-0.026124
0.067295,-0.024465,-0.02753
0.057199,-0.012558,-0.027098
0.014944,-0.029714,-0.028426
-0.013849,-0.01059,-0.028463
-0.019832,-0.030981,-0.028062
-0.02058,-0.0091542,-0.030236
-0.0037528,-0.017136,-0.027365
0.034763,-0.027955,-0.031972
0.10656,0.010254,-0.027578
0.13535,-0.06278,-0.032362
0.17686,0.044629,-0.02973
0.1963,-0.095873,-0.029554
0.18209,0.08041,-0.036216
0.16788,-0.20867,-0.018168
0.061312,-1.7113,-0.23054
0.17162,-1.9261,-0.63047
0.20341,-1.6649,-0.96796
0.20042,-1.8292,-1.3053
0.49284,-1.7395,-1.6235
0.50966,-1.8266,-1.9176
0.62708,-1.815,-2.2031
0.75983,-1.8491,-2.466
0.56912,-1.8944,-2.7245
0.63867,-1.9037,-2.9662
0.65849,-1.949,-3.199
0.58931,-1.9442,-3.416
0.62185,-1.9932,-3.6216
0.63194,-2.0175,-3.8208
0.6282,-2.0339,-4.0077
0.57136,-2.0376,-4.1826
0.58109,-2.038,-4.3424
0.4704,-2.0374,-4.489
0.38851,-2.0163,-4.6201
0.33354,-2.0002,-4.7358
0.2322,-1.976,-4.8364
0.26137,-1.9528,-4.9213
0.23819,-1.9332,-4.994
0.2767,-1.9149,-5.056
0.3227,-1.8822,-5.106
0.35485,-1.8395,-5.1416
0.37168,-1.8003,-5.1631
0.27932,-1.7566,-5.1725
0.20603,-1.7196,-5.1707
0.083375,-1.676,-5.159
-0.067696,-1.6288,-5.1372
-0.2255,-1.5873,-5.1054
-0.33544,-1.5395,-5.0645
-0.39714,-1.4928,-5.0163
-0.47641,-1.4409,-4.9604
-0.46145,-1.3841,-4.8948
-0.42929,-1.3276,-4.8203
-0.40237,-1.2688,-4.7376
-0.40088,-1.208,-4.6472
-0.38517,-1.1514,-4.5504
-0.36498,-1.1017,-4.4481
-0.41247,-1.0349,-4.3392
-0.41808,-0.95996,-4.222
-0.4551,-0.89802,-4.0993
-0.46145,-0.83389,-3.9711
-0.46257,-0.78093,-3.8385
-0.47342,-0.72725,-3.7055
-0.44313,-0.64674,-3.5654
-0.4723,-0.57928,-3.4179
-0.4723,-0.52441,-3.2701
-0.48239,-0.44596,-3.1183
-0.50446,-0.36364,-2.9584
-0.47865,-0.29611,-2.7956
-0.43378,-0.19971,-2.6264
-0.37844,-0.10967,-2.4466
-0.3115,-0.026141,-2.2626
-0.21091,0.060997,-2.0717
-0.13575,0.14511,-1.8784
-0.050869,0.24833,-1.678
0.0078393,0.30925,-1.4762
0.01457,0.4491,-1.2701
0.057947,0.52248,-1.0575
0.059069,0.65212,-0.84896
-0.0067443,0.75547,-0.62539
-0.026937,0.7978,-0.41717
-0.012353,1.048,-0.18117
0.0040999,0.50017,0.00037547
0.079635,-0.052249,0.0013877
0.15517,0.10799,-0.010388
0.20677,0.030529,-0.00083176
0.25763,0.03351,-0.0076215
0.27446,0.04256,-0.001844
0.27857,0.0094184,-0.005237
0.27109,0.031823,-0.0026164
0.25987,-0.0038981,-0.0026988
0.24118,0.016249,-0.0032012
0.19107,0.0052608,-0.0012854
0.15779,0.011878,-0.002114
0.14769,0.0125,-0.00064805
0.13199,0.0047472,-0.0010867
0.14283,0.0058644,-0.00047559
0.16415,0.0018154,0.00031924
0.1462,0.007409,0.00062292
0.12301,0.0026552,0.00067166
0.095715,0.0050771,0.0013728
0.10656,0.0087474,0.0027225
0.11404,0.0021116,0.0035773
0.10656,0.0041248,0.0045258
0.15106,0.00015087,0.0060705
0.14919,-0.0064886,0.0065354
0.13685,0.0078476,0.0068465
0.12002,-0.0096415,0.0078363
0.094593,-0.00097758,0.0078063
0.066548,0.0018979,0.0091185
0.027658,-0.015378,0.0084812
0.009709,0.0076864,0.0098946
-0.029928,-0.02198,0.0097634
-0.035538,0.0093884,0.010063
-0.032172,-0.011696,0.01163
-0.011232,0.0010619,0.009351
0.059817,0.00064574,0.013831
0.11142,-0.0243,0.0090023
0.12638,0.041184,0.014888
0.15854,-0.064373,0.010007
0.17649,0.091331,0.013261
0.14395,-0.14243,0.014967
0.14956,0.32024,0.0063067
0.10245,1.8746,0.24704
0.19556,1.9329,0.64325
0.28717,1.6817,0.97392
0.25464,1.8161,1.3121
0.41543,1.7216,1.626
0.35785,1.8152,1.9202
0.37991,1.7901,2.2034
0.5407,1.8356,2.4655
0.45245,1.869,2.7229
0.56127,1.884,2.9633
0.60053,1.9132,3.1943
0.56127,1.909,3.409
0.59866,1.9719,3.615
0.61325,1.9867,3.8134
0.63119,1.9959,3.9983
0.56426,1.9949,4.1707
0.56501,1.9839,4.3278
0.47414,1.9801,4.472
0.40197,1.9647,4.6008
0.33765,1.9437,4.7132
0.21799,1.9164,4.8095
0.21089,1.8925,4.8913
0.19369,1.8773,4.9626
0.26212,1.8495,5.0223
0.28941,1.8103,5.0678
0.31073,1.7774,5.0995
0.34887,1.726,5.1182
0.25501,1.6859,5.1246
0.17125,1.6544,5.1206
0.056451,1.6059,5.1068
-0.10359,1.5602,5.0819
-0.25205,1.5142,5.0473
-0.35077,1.4748,5.0055
-0.4349,1.429,4.9559
-0.48539,1.3731,4.8983
-0.45323,1.3197,4.8316
-0.43715,1.2598,4.755
-0.39227,1.1984,4.6701
-0.37283,1.1505,4.5788
-0.36572,1.0934,4.4819
-0.34965,1.0259,4.3779
-0.40723,0.95767,4.2654
-0.43565,0.88712,4.1459
-0.45061,0.83366,4.0228
-0.46145,0.76823,3.8943
-0.45734,0.71515,3.7618
-0.45173,0.65111,3.6268
-0.44163,0.55962,3.4835
-0.45622,0.5171,3.3362
-0.45323,0.46192,3.1884
-0.44986,0.37711,3.0344
-0.46669,0.31395,2.874
-0.46444,0.23763,2.7112
-0.43004,0.13221,2.5391
-0.39714,0.053136,2.3588
-0.33544,-0.033774,2.174
-0.23372,-0.11317,1.9822
-0.138,-0.20553,1.7879
-0.043764,-0.29192,1.5867
0.0040999,-0.37354,1.386
-0.0011352,-0.50643,1.1761
0.017188,-0.55859,0.9676
0.009335,-0.72739,0.75442
-0.054982,-0.75637,0.53435
-0.026189,-0.91538,0.3245
-0.019084,-0.99715,0.084353
-0.025815,-0.23938,-0.034574
0.087488,0.0011594,-0.0093911
0.15891,-0.14076,-0.013309
0.21276,-0.028994,-0.01467
0.25613,-0.081994,-0.01218
0.26548,-0.035776,-0.015742
0.25913,-0.04997,-0.012612
0.24379,-0.049359,-0.016196
0.26324,-0.031513,-0.013954
0.20416,-0.055248,-0.01566
0.14545,-0.02779,-0.015791
0.15293,-0.036983,-0.015731
0.10992,-0.029391,-0.016739
0.098706,-0.030797,-0.016215
0.12675,-0.034981,-0.017148
0.12974,-0.033594,-0.017478
0.11628,-0.030036,-0.017928
0.084871,-0.02818,-0.018157
0.083001,-0.030756,-0.019221
0.097958,-0.030673,-0.020279
0.085245,-0.030816,-0.021021
0.096837,-0.025357,-0.022296
0.12077,-0.026939,-0.023672
0.13273,-0.020907,-0.023604
0.1361,-0.0243,-0.024335
0.11142,-0.022459,-0.024935
0.097958,-0.026205,-0.025201
0.080009,-0.023018,-0.026131
0.038128,-0.023239,-0.025617
-0.017962,-0.018894,-0.027612
-0.03292,-0.008918,-0.026225
-0.050121,-0.034093,-0.028298
-0.056852,-0.004303,-0.027466
-0.0018831,-0.042472,-0.027552
0.046355,0.00336,-0.02982
0.092723,-0.033178,-0.025977
0.12413,-0.023543,-0.033292
0.16975,0.018858,-0.023413
0.1432,-0.095138,-0.036325
0.15554,0.15728,-0.020061
0.12488,-0.82544,-0.06471
0.060939,-2.0212,-0.39307
0.20042,-1.7313,-0.77553
0.1447,-1.7395,-1.1013
0.28867,-1.7928,-1.4388
0.52649,-1.7404,-1.7399
0.46255,-1.8233,-2.033
0.68654,-1.7918,-2.3067
0.66485,-1.8662,-2.5676
0.5493,-1.871,-2.82
0.68803,-1.9043,-3.0566
0.58483,-1.916,-3.2829
0.60128,-1.9354,-3.4929
0.65064,-1.9828,-3.6975
0.6383,-1.9885,-3.8913
0.61063,-2.0061,-4.0725
0.56725,-2.0006,-4.24
0.54332,-1.9998,-4.3934
0.40309,-1.9886,-4.5327
0.35822,-1.968,-4.6554
0.26324,-1.9494,-4.764
0.20715,-1.919,-4.8564
0.2079,-1.9011,-4.9348
0.19892,-1.8815,-5.0023
0.26586,-1.8509,-5.0576
0.27109,-1.8195,-5.0999
0.34027,-1.7715,-5.1282
0.33279,-1.7307,-5.1434
0.2337,-1.6967,-5.1471
0.14582,-1.6507,-5.1404
0.015318,-1.6061,-5.124
-0.13239,-1.5582,-5.0968
-0.28047,-1.514,-5.0604
-0.35002,-1.4716,-5.0165
-0.43079,-1.4219,-4.9648
-0.4723,-1.372,-4.904
-0.42929,-1.3136,-4.8338
-0.41322,-1.2499,-4.7551
-0.38816,-1.1926,-4.6685
-0.34703,-1.1363,-4.5748
-0.34105,-1.0813,-4.4753
-0.37283,-1.0184,-4.3698
-0.3833,-0.94709,-4.2557
-0.40274,-0.88916,-4.1348
-0.41172,-0.82541,-4.0092
-0.43303,-0.77057,-3.8784
-0.43677,-0.72486,-3.7464
-0.40013,-0.64227,-3.6098
-0.42144,-0.57021,-3.4645
-0.42069,-0.51821,-3.3172
-0.43752,-0.44362,-3.1676
-0.45248,-0.36472,-3.0103
-0.43341,-0.30931,-2.8486
-0.42144,-0.21871,-2.6827
-0.3833,-0.1123,-2.5058
-0.33918,-0.040305,-2.3235
-0.22737,0.056019,-2.1351
-0.14772,0.13253,-1.9423
-0.089759,0.23252,-1.7447
0.024667,0.30137,-1.5419
0.047851,0.41102,-1.3393
0.045981,0.5105,-1.1257
0.060939,0.58881,-0.91809
0.011579,0.7556,-0.698
-0.02245,0.74843,-0.48474
-0.0063704,1.0108,-0.26309
-0.015345,0.78211,-0.039182
0.01644,0.020515,0.013385
0.10357,0.051868,-0.012807
0.18209,0.075806,-0.00056932
0.22921,0.0041323,-0.0063655
0.22248,0.057706,-0.0030813
0.23856,0.001478,-0.0033887
0.25987,0.038248,-0.0039773
0.24791,0.014251,-0.0014841
0.24267,0.019713,-0.0035724
0.20304,0.018836,-0.0008655
0.13797,0.0037387,-0.001829
0.12152,0.01599,-0.00073803
0.13012,0.0061305,-0.00040435
0.13535,0.0062655,-0.00041185
0.15368,0.0025765,0.00054419
0.15106,0.00351,0.00074664
0.12563,-0.00086886,0.0011403
0.098332,0.0062655,0.0016089
0.090854,0.0040873,0.00234
0.099454,-0.0014312,0.0023588
0.08674,0.0030339,0.0028837
0.11217,-0.0085731,0.003566
0.13722,0.00010213,0.0036897
0.14134,-0.0027584,0.0037047
0.14283,-0.016825,0.003791
0.12488,-0.00052395,0.0038322
0.10207,-0.0025634,0.003746
0.060191,-0.0056638,0.003791
0.042616,-0.0040705,0.0038697
-0.0052485,-0.0097915,0.0038172
-0.048625,-0.0042055,0.0038884
-0.046008,-0.0056114,0.0040234
-0.060591,-0.0095403,0.0038435
-0.0015092,-0.0074334,0.0038959
0.073652,-0.006781,0.0039784
