0.07627,-0.018283,0.00099409
0.061312,-0.027299,0.0010653
0.056825,-0.025417,0.0011441
0.048599,-0.0099415,0.0013315
0.051964,-0.017203,0.0019239
0.057199,-0.019194,0.0021826
0.075522,-0.020274,0.0025762
0.077766,-0.027742,0.0028087
0.062808,-0.019273,0.0030224
0.071409,-0.026527,0.0033636
0.057199,-0.015149,0.0032586
0.048599,-0.019329,0.0040946
0.065052,-0.027937,0.0034835
0.057947,-0.0016412,0.0041134
0.048225,-0.042052,0.0038397
0.047851,0.014423,0.0036597
0.049346,-0.023385,0.004672
0.051216,-0.044256,0.0028724
0.057573,-0.027386,0.0054631
0.080757,-0.027704,0.00261
0.068791,0.045705,0.0056618
0.059069,-0.11752,0.0029287
0.057573,0.077077,0.0039222
0.070661,-0.24381,0.0056243
0.081879,0.37641,-0.0014466
0.080383,2.5525,0.1375
0.24753,2.7863,0.3675
0.32195,2.4491,0.54797
0.36009,2.5279,0.7272
0.51976,2.354,0.88372
0.39711,2.3959,1.0221
0.30774,2.2881,1.1506
0.30138,2.2978,1.2531
0.16714,2.2391,1.3445
0.13423,2.1632,1.4209
0.022423,2.1411,1.4866
-0.065453,2.0828,1.5387
-0.03105,2.0654,1.5782
0.010457,1.9842,1.6077
0.10656,1.9407,1.6271
0.11591,1.8792,1.638
0.092723,1.8,1.6375
0.099454,1.7311,1.6279
0.043737,1.6455,1.6097
-0.030676,1.5629,1.584
-0.046382,1.4676,1.55
-0.068444,1.3738,1.5064
-0.064705,1.2824,1.4576
0.00073447,1.1754,1.4015
-0.026937,1.0711,1.3399
-0.045634,0.95591,1.2726
-0.036285,0.86445,1.1997
-0.10659,0.75267,1.1258
-0.15707,0.60694,1.0431
-0.25654,0.49417,0.95424
-0.36086,0.38315,0.86443
-0.42032,0.25809,0.77224
-0.45921,0.10543,0.67078
-0.32796,0.020302,0.56747
-0.2154,-0.17248,0.45736
-0.1006,-0.29559,0.33323
0.053834,-0.42642,0.21478
0.093471,-0.66293,0.075449
0.15218,-0.24482,-0.0076927
0.12862,0.048599,0.0043533
0.10656,-0.077626,0.0050394
0.1376,-0.0096678,0.0028499
0.077766,-0.03458,0.0057893
0.045233,-0.022677,0.0027824
0.034763,-0.014564,0.0050694
0.035511,-0.026171,0.0029811
0.067295,-0.0053302,0.0041996
0.15779,-0.022347,0.0036185
0.23557,-0.0066873,0.0032548
0.24155,-0.019933,0.0036935
0.27558,-0.016521,0.0027749
0.23445,-0.0095966,0.0031649
0.16415,-0.018879,0.0028312
0.15554,-0.012123,0.0027862
0.13797,-0.013454,0.0024263
0.1634,-0.013451,0.0022538
0.18658,-0.0091504,0.0021938
0.18658,-0.0089667,0.0018489
0.19032,-0.0093116,0.0016652
0.16564,-0.010301,0.0014102
0.15442,-0.0088805,0.0010616
0.15554,-0.008933,0.001309
0.14769,-0.010331,0.0011778
0.083001,-0.0081532,0.00086661
0.009709,-0.010001,0.0016202
-0.038529,-0.0084756,0.001324
-0.1006,-0.0065186,0.00090411
-0.094246,-0.0069872,0.001234
-0.047504,-0.0038081,0.00099784
-0.0089879,-0.0047116,0.0010391
0.021675,-0.003973,0.001279
0.02691,-0.0039018,0.0013765
0.026162,-0.004929,0.0011815
0.029154,-0.0029945,0.0011403
0.016066,-0.0064249,0.001399
-0.0089879,-0.0076883,0.0013465
-0.0067443,-0.007932,0.0013765
-0.011605,-0.0055514,0.0014365
-0.02058,-0.001315,0.001474
-0.011979,-0.0044754,0.0013165
-0.008614,-0.0057426,0.001309
0.03738,-0.0072159,0.0014402
0.10095,-0.005094,0.0012715
0.13049,-0.0046029,0.0013465
0.15106,-0.0096828,0.001159
0.13685,-0.0061925,0.00054419
0.094219,-0.0062299,0.00015427
0.066922,-0.01047,-0.0001794
0.053086,-0.0044904,-0.00069304
0.073652,-0.0045204,-0.00082801
0.12152,-0.011197,-0.0013042
0.14956,-0.0038568,-0.0012329
0.16602,-0.010268,-0.0013979
0.18434,-0.0017499,-0.001784
0.19144,-0.006811,-0.0014654
0.20565,-0.0093641,-0.0027063
0.20191,-0.0030058,-0.0011729
0.18396,-0.022088,-0.0030025
0.15928,0.010824,-0.001919
0.091601,-0.02655,-0.0017353
0.03925,0.011173,-0.003205
0.01457,-0.020416,-0.00027688
0.013822,-0.0056339,-0.0051808
0.024667,0.021441,0.0021263
0.036259,-0.071826,-0.0072841
0.0658,0.14758,0.0061192
0.036259,-0.75806,-0.031579
0.03738,-1.8091,-0.26805
0.078888,-1.5372,-0.52285
0.016814,-1.5255,-0.73067
0.095341,-1.5635,-0.93947
0.27707,-1.5486,-1.1121
0.30325,-1.6496,-1.2738
0.39337,-1.6247,-1.4101
0.45881,-1.6897,-1.5245
0.38963,-1.7055,-1.6242
0.37617,-1.7399,-1.7064
0.39449,-1.7426,-1.7755
0.3814,-1.7391,-1.8274
0.30325,-1.7403,-1.869
0.25015,-1.6984,-1.8975
0.21351,-1.6701,-1.916
0.16863,-1.6034,-1.9253
0.11404,-1.5423,-1.9237
0.088236,-1.4807,-1.9128
0.1346,-1.4066,-1.8915
0.04112,-1.3475,-1.8633
0.0022302,-1.2676,-1.8276
0.019057,-1.1831,-1.782
-0.058722,-1.1088,-1.7291
-0.043764,-1.0263,-1.6704
-0.080784,-0.93253,-1.6048
-0.12827,-0.84443,-1.5326
-0.095368,-0.76174,-1.4551
-0.087515,-0.6654,-1.3738
-0.16006,-0.54531,-1.2832
-0.26401,-0.46291,-1.1866
-0.28682,-0.36534,-1.0921
-0.36423,-0.23463,-0.98784
-0.40761,-0.1445,-0.88061
-0.37433,0.016512,-0.76672
-0.36124,0.12844,-0.64375
-0.32871,0.28658,-0.51497
-0.32833,0.38334,-0.37666
-0.26214,0.52018,-0.24522
-0.20381,0.73923,-0.089008
-0.10509,0.25701,0.0090548
0.037754,-0.063796,-0.0024289
0.04112,0.07332,-0.0047646
0.094967,-0.0039131,-0.0014841
0.10245,0.022416,-0.0049034
0.072157,0.0122,-0.0014804
0.097211,0.003375,-0.0039961
0.08861,0.017689,-0.0017503
0.17312,-0.0021998,-0.0029163
0.21014,0.0094709,-0.0025714
0.19107,-0.0083444,-0.0018065
0.22435,0.0076939,-0.0023202
0.25389,-0.00087261,-0.0015478
0.27371,-0.00115,-0.0016903
0.28605,0.005227,-0.0013004
0.32008,-0.0047378,-0.0013866
0.30662,0.0010281,-0.0010042
0.30362,-0.0014837,-0.00084301
0.29128,-0.0032795,-0.00049058
0.25987,-0.0042242,-5.9429e-05
0.27633,-0.0015662,0.00011303
0.26773,-0.00047521,0.00029299
0.27408,0.00070198,0.00038672
0.25726,-0.0010826,0.00087036
0.21762,-0.0054314,0.00058918
0.15068,-0.0028483,0.000278
0.063556,-0.0037443,0.00083662
0.003352,-0.0027734,0.00067541
-0.05573,-0.0066798,0.00043171
-0.072557,-0.0082169,0.00079163
-0.10584,-0.0037856,0.00064166
-0.1264,-0.0047453,0.00042421
-0.13089,-0.0027884,0.00054044
-0.13613,-0.0018436,0.00079538
-0.11219,-0.00095884,0.0013203
-0.10359,-0.0022785,0.0018789
-0.087515,-0.0041005,0.00237
-0.081532,-0.00053895,0.0031424
-0.084523,-0.004048,0.0034723
-0.11145,-0.0027359,0.0040834
-0.12042,-0.0044004,0.0045071
-0.085645,-0.00019029,0.0046795
-0.07181,-0.0063986,0.0057555
-0.026189,-0.0043929,0.0048707
0.029528,0.0055082,0.0064791
0.072905,-0.0154,0.0055981
0.12713,0.016826,0.0064416
0.15181,-0.018935,0.0071427
0.15068,0.009231,0.0053356
0.17312,-0.0097315,0.0089573
0.22697,-0.017946,0.0040946
0.23258,0.029704,0.010551
0.24417,-0.067792,0.0039222
0.24791,0.098225,0.010007
0.23706,-0.1723,0.0059692
0.26847,0.50383,0.010896
0.29689,2.1249,0.26506
0.40197,2.0944,0.6311
0.38851,1.9187,0.93108
0.3743,2.0743,1.2341
0.58782,2.0322,1.5024
0.55641,2.2066,1.7554
0.61287,2.2547,1.9945
0.81555,2.367,2.2098
0.75011,2.4495,2.4129
0.90417,2.5234,2.5915
0.91913,2.5916,2.7547
0.97297,2.5975,2.8984
0.73814,2.5918,3.0282
-0.32347,2.5574,3.1441
-0.69442,2.5462,3.2445
-0.65927,2.5123,3.3317
-0.61589,2.474,3.4053
-0.4349,2.4243,3.4677
-0.46183,2.3896,3.5164
-0.23746,2.3122,3.5526
-0.05947,2.2092,3.5778
0.1361,2.1394,3.5924
0.4532,2.0464,3.5993
0.5306,1.9868,3.5978
0.56538,1.9296,3.5862
0.35859,1.8503,3.5666
0.0074654,1.7864,3.538
-0.066574,1.7145,3.5
-0.086019,1.6413,3.4533
-0.038903,1.5634,3.3985
-0.0048746,1.4876,3.3369
-0.21914,1.4049,3.2676
-0.51642,1.3143,3.1897
-0.798,1.2468,3.1051
-0.9214,1.1679,3.0141
-0.90719,1.0836,2.9169
-0.84624,0.99239,2.8153
-0.59682,0.89863,2.7066
-0.29692,0.84454,2.5955
-0.05947,0.7398,2.4818
0.27109,0.62633,2.3559
0.50592,0.56774,2.2283
0.5923,0.45848,2.0994
0.62783,0.35792,1.962
0.50892,0.25454,1.8217
0.24566,0.13846,1.674
-0.17801,0.011803,1.5185
-0.52427,-0.10982,1.3537
-0.73069,-0.19327,1.19
-0.84511,-0.35458,1.0186
-0.62561,-0.42231,0.8435
-0.32534,-0.57899,0.66868
-0.10621,-0.65785,0.48353
0.13947,-0.77727,0.30886
0.31596,-0.97421,0.10572
0.43974,-0.32536,-0.018775
0.49994,0.04464,-0.0038236
0.53547,-0.12146,-0.0018515
0.51677,-0.015947,-0.0059119
0.37953,-0.054547,-0.0018328
0.18995,-0.036762,-0.0060468
0.025788,-0.02779,-0.0029388
-0.035538,-0.044391,-0.0059869
-0.0576,-0.013975,-0.0045097
0.039624,-0.037673,-0.0052183
0.083375,-0.023325,-0.0059831
-0.017215,-0.025481,-0.0055032
-0.026563,-0.022564,-0.0064855
-0.11107,-0.023494,-0.0062306
-0.17763,-0.019775,-0.0071266
-0.073305,-0.018272,-0.0069317
0.046355,-0.024071,-0.0076665
0.15816,-0.015595,-0.0078315
0.27034,-0.017976,-0.0079477
0.347,-0.017297,-0.0088812
0.32868,-0.014054,-0.0087612
0.32868,-0.018189,-0.0091362
0.31746,-0.015966,-0.0096835
0.17948,-0.011306,-0.0096498
0.043363,-0.012153,-0.0095261
-0.11369,-0.01167,-0.0095936
-0.28271,-0.010586,-0.0096423
-0.36909,-0.0096603,-0.0094586
-0.34703,-0.0097428,-0.0096273
-0.20792,-0.012974,-0.0099047
-0.0063704,-0.014148,-0.01055
0.16751,-0.015081,-0.011273
0.28381,-0.018557,-0.011749
0.34513,-0.011883,-0.012495
0.31409,-0.012798,-0.012878
0.27221,-0.018917,-0.013613
0.1907,-0.0086031,-0.013425
0.056077,-0.02006,-0.01422
-0.049373,-0.007827,-0.014835
-0.138,-0.015168,-0.014359
-0.17651,-0.012764,-0.016263
-0.1466,-0.0019298,-0.014696
-0.047504,-0.02427,-0.016882
0.068417,0.0088711,-0.015457
0.15517,-0.037148,-0.016507
0.19967,0.013692,-0.017212
0.18097,-0.034089,-0.014284
0.16041,-0.000344,-0.02035
0.15368,0.007304,-0.011322
0.14732,-0.07351,-0.024631
0.18247,0.16107,-0.0048246
0.16676,-1.0455,-0.068369
0.20378,-2.2208,-0.39525
0.30587,-1.8582,-0.75013
0.25651,-1.8379,-1.0555
0.40347,-1.8235,-1.3594
0.56576,-1.808,-1.6279
0.47601,-1.8905,-1.8927
0.56725,-1.8526,-2.1357
0.48835,-1.9147,-2.3641
0.27894,-1.8932,-2.5769
0.33578,-1.9195,-2.7711
0.35598,-1.9204,-2.9523
0.38739,-1.9128,-3.1137
0.47564,-1.9132,-3.2616
0.54332,-1.8939,-3.3921
0.47302,-1.8888,-3.5079
0.38365,-1.8677,-3.6095
0.36233,-1.856,-3.6964
0.21014,-1.829,-3.7699
0.17574,-1.8046,-3.8286
0.13012,-1.7764,-3.874
-0.017589,-1.7357,-3.9062
-0.047504,-1.7018,-3.9265
-0.026189,-1.6683,-3.9365
0.011205,-1.6293,-3.9356
0.081505,-1.5837,-3.9245
0.12114,-1.5437,-3.9043
0.078514,-1.4974,-3.8746
0.055703,-1.4441,-3.8353
-0.048625,-1.387,-3.7864
-0.17988,-1.3246,-3.7273
-0.23971,-1.2771,-3.661
-0.35413,-1.2148,-3.5883
-0.38779,-1.1395,-3.506
-0.38779,-1.0791,-3.4164
-0.40873,-1.0158,-3.3213
-0.36273,-0.95021,-3.22
-0.26738,-0.86987,-3.1115
-0.15707,-0.80306,-2.997
-0.10995,-0.74291,-2.8805
-0.040773,-0.63921,-2.7565
-0.023572,-0.55473,-2.6239
-0.075549,-0.50144,-2.491
-0.10322,-0.40094,-2.355
-0.16567,-0.29785,-2.2094
-0.20643,-0.22037,-2.061
-0.21877,-0.087194,-1.9042
-0.17389,0.016594,-1.7369
-0.14211,0.12466,-1.5658
-0.13201,0.21933,-1.3892
-0.054608,0.33348,-1.2116
-0.017962,0.45743,-1.0244
0.0070914,0.52418,-0.84216
0.036633,0.69992,-0.6496
0.050094,0.70164,-0.45865
0.093471,0.94617,-0.26674
0.13797,0.8633,-0.057174
0.16975,0.069545,0.01184
0.21463,0.0076301,-0.014115
0.28381,0.089771,-0.0045434
0.30549,-0.0011125,-0.0079702
0.28381,0.060008,-0.0068867
0.26287,0.0026327,-0.0054095
0.19556,0.033645,-0.0069991
0.11815,0.014903,-0.0042922
0.0744,0.0091372,-0.0061818
0.013822,0.017254,-0.004041
-0.031424,0.0032251,-0.0047084
0.01644,0.016257,-0.0040298
0.055329,0.0049571,-0.0037074
0.061686,0.0087136,-0.0036924
0.126,0.0018829,-0.0027176
0.1548,0.0020666,-0.0028488
0.13984,0.004496,-0.0022264
0.1361,0.003435,-0.0017241
0.099828,0.00095316,-0.0014879
0.072531,0.0023553,-0.0013229
0.03065,0.0068504,-0.00071553
-0.03292,0.0035175,-6.6928e-05
-0.027685,0.0065842,0.00078038
-0.023198,0.0043573,0.0017514
-0.050869,0.0023478,0.0024
-0.03292,0.0024903,0.0030786
-0.013101,0.0017105,0.0032736
-0.0074922,0.0042298,0.0043608
0.016066,-0.005199,0.0046158
0.022797,0.0067566,0.004792
0.017188,-0.0010413,0.0060892
0.035885,-0.00079388,0.0053506
0.071035,0.0021903,0.0071502
0.082627,-0.0117,0.0058118
0.10357,0.018416,0.0076601
0.16452,-0.022804,0.0074539
0.17312,0.021479,0.0070265
0.15368,-0.021927,0.0099209
0.14582,0.0042185,0.0053056
0.098332,0.01617,0.012691
0.096837,-0.049539,0.0037047
0.084123,0.099991,0.014963
0.068417,-0.20336,0.0017627
0.089358,0.80768,0.033979
0.12189,2.296,0.34721
0.24305,2.0048,0.73194
0.23819,1.9183,1.0574
0.34999,1.9863,1.3967
0.54369,1.9075,1.7
0.44198,2.019,1.9937
0.49919,1.9726,2.269
0.52313,2.051,2.5288
0.36458,2.0748,2.7819
0.41394,2.096,3.0165
0.47115,2.1288,3.2382
0.50929,2.1608,3.4445
0.58483,2.2191,3.6439
0.63269,2.2383,3.8305
0.66223,2.2548,4.0015
0.69364,2.2705,4.1567
0.70336,2.2854,4.296
0.66111,2.2788,4.4194
0.58109,2.2838,4.526
0.44684,2.2795,4.6191
0.35523,2.2694,4.6971
0.22622,2.2698,4.7607
0.14507,2.2604,4.8118
0.13573,2.2396,4.8497
0.062808,2.2129,4.8752
0.070661,2.1853,4.8875
0.0018563,2.1326,4.8875
-0.1107,2.0791,4.8771
-0.16978,2.0397,4.8571
-0.26065,1.9967,4.8275
-0.31001,1.9479,4.7886
-0.40125,1.8926,4.7415
-0.43752,1.8311,4.6863
-0.3818,1.7622,4.6227
-0.32721,1.6998,4.5507
-0.2513,1.6348,4.4704
-0.21727,1.5615,4.3834
-0.20792,1.4904,4.2895
-0.21129,1.4116,4.1883
-0.27598,1.326,4.0802
-0.34254,1.247,3.9655
-0.41097,1.1799,3.8456
-0.54222,1.1026,3.7219
-0.60243,1.0046,3.5917
-0.61402,0.93927,3.4567
-0.59458,0.87384,3.3232
-0.46744,0.75246,3.1812
-0.3646,0.67054,3.0305
-0.26439,0.59853,2.8813
-0.17876,0.49195,2.7268
-0.13127,0.40041,2.5668
-0.10135,0.29242,2.4016
-0.10771,0.17658,2.2293
-0.090506,0.051145,2.0479
-0.096863,-0.033103,1.8628
-0.063209,-0.15808,1.6758
-0.053487,-0.26725,1.48
-0.044512,-0.36429,1.2866
0.058321,-0.50751,1.0848
0.072531,-0.57701,0.88583
0.1103,-0.75277,0.68032
0.18172,-0.76753,0.47436
0.17611,-1.0024,0.27089
0.17162,-0.97842,0.045163
0.21425,-0.14814,-0.042133
0.22285,-0.021323,-0.01527
0.19219,-0.13677,-0.023286
0.2767,-0.025822,-0.021092
0.30587,-0.084614,-0.021096
0.25875,-0.033084,-0.023256
0.27782,-0.057996,-0.021066
0.22846,-0.043956,-0.024137
0.17611,-0.035547,-0.021625
0.14657,-0.051927,-0.023784
0.069539,-0.031172,-0.023312
0.029528,-0.042599,-0.023878
-0.019084,-0.035131,-0.024545
-0.047504,-0.039859,-0.024485
-0.010484,-0.032038,-0.02531
0.0085872,-0.031978,-0.024946
0.026536,-0.03446,-0.026116
0.068417,-0.027925,-0.026112
0.093471,-0.03115,-0.02609
0.10394,-0.025579,-0.026922
0.13311,-0.037279,-0.027833
0.11666,-0.044129,-0.029067
0.05159,-0.026111,-0.029644
0.013448,-0.027029,-0.03051
-0.040773,-0.022531,-0.031234
-0.076297,-0.02385,-0.031339
-0.064331,-0.027003,-0.03255
-0.060965,-0.016851,-0.032265
-0.029928,-0.030179,-0.033142
0.017188,-0.015168,-0.033532
0.050842,-0.02818,-0.033468
0.056451,-0.016052,-0.035185
0.068791,-0.019172,-0.033603
0.098706,-0.029852,-0.036344
0.10058,-0.0036581,-0.033911
0.11441,-0.053036,-0.036801
0.11778,0.015765,-0.035916
0.066922,-0.05941,-0.03478
0.05346,0.012706,-0.039628
0.055329,-0.037894,-0.030829
0.034763,-0.04757,-0.045882
0.07814,0.095871,-0.019705
0.024667,-1.3615,-0.12864
0.087114,-2.2568,-0.50514
0.15405,-1.8484,-0.86803
0.052712,-1.9979,-1.197
0.34924,-1.963,-1.529
0.51153,-1.9725,-1.8238
0.49359,-2.0262,-2.113
0.70823,-2.012,-2.3781
0.61698,-2.103,-2.6366
0.53023,-2.1003,-2.8827
0.58071,-2.1429,-3.1124
0.52612,-2.1566,-3.3285
0.53472,-2.2055,-3.5315
0.56688,-2.242,-3.7279
0.58744,-2.2506,-3.9085
0.51266,-2.274,-4.0756
0.47377,-2.2727,-4.2273
0.45395,-2.2768,-4.3622
0.40534,-2.2778,-4.4816
0.38776,-2.2774,-4.5858
0.33354,-2.2699,-4.6747
0.3111,-2.2613,-4.7483
0.2767,-2.2578,-4.8094
0.32382,-2.2446,-4.8583
0.34401,-2.2198,-4.8939
0.31596,-2.194,-4.9163
0.29278,-2.1658,-4.9262
0.17761,-2.1284,-4.9238
0.077392,-2.0925,-4.91
-0.095742,-2.0535,-4.8868
-0.25055,-2.0033,-4.854
-0.31637,-1.9511,-4.8112
-0.36685,-1.8991,-4.7602
-0.35825,-1.8458,-4.7013
-0.33805,-1.7827,-4.6338
-0.3216,-1.7128,-4.5583
-0.31225,-1.6397,-4.4743
-0.30627,-1.5725,-4.3832
-0.28869,-1.5049,-4.2869
-0.2857,-1.4239,-4.183
-0.28682,-1.3491,-4.072
-0.30103,-1.2659,-3.9558
-0.36273,-1.188,-3.8344
-0.38928,-1.1087,-3.7087
-0.37919,-1.014,-3.576
-0.40162,-0.95139,-3.4404
-0.37545,-0.86053,-3.303
-0.36984,-0.7524,-3.1552
-0.42032,-0.68708,-3.0048
-0.44051,-0.59354,-2.8543
-0.43079,-0.49491,-2.6964
-0.36909,-0.39715,-2.5337
-0.31973,-0.29006,-2.3654
-0.24195,-0.15978,-2.1891
-0.17053,-0.044121,-2.0033
-0.1451,0.034919,-1.8175
-0.050121,0.17965,-1.6254
0.0044739,0.26344,-1.4295
0.06206,0.40085,-1.2328
0.12526,0.49635,-1.0289
0.12301,0.6183,-0.83078
0.13086,0.7609,-0.6191
0.10731,0.79568,-0.41988
0.13049,1.0922,-0.19896
0.17462,0.60832,-0.012409
0.18883,-0.056448,0.00065666
0.23931,0.095432,-0.015431
0.28568,0.039137,-0.0045134
0.29465,0.02648,-0.011183
0.25651,0.050185,-0.0059944
0.25389,0.0056844,-0.0084763
0.25987,0.041068,-0.0067929
0.23669,0.0030714,-0.0062193
0.25987,0.024474,-0.0071116
0.23295,0.012755,-0.0049521
0.19182,0.0096471,-0.0059006
0.16751,0.0075514,-0.0046934
0.11105,0.0038324,-0.0048171
0.11553,0.011983,-0.0038498
0.12264,0.0018454,-0.0037449
0.088236,0.011795,-0.0033699
0.055703,0.0048971,-0.0023539
0.019057,0.0019317,-0.0025639
0.0044739,0.0095871,-0.0016228
0.020179,0.0099733,-0.00023189
0.049346,0.0053507,0.00062667
0.094967,0.0048934,0.0016202
0.11292,0.0055494,0.0029549
0.091228,-0.0011463,0.0030224
0.048225,0.002659,0.003746
-0.0097358,0.00070947,0.0042146
-0.03479,0.0073827,0.0047245
-0.046756,-0.003988,0.0053394
-0.03292,0.0067379,0.0051294
-0.012353,0.0021641,0.0070452
-0.020954,-0.0054539,0.0053731
-0.01871,0.011514,0.007975
-0.0089879,-0.02953,0.0065691
0.020179,0.028407,0.0076339
0.057573,-0.029035,0.0089573
0.098706,0.024163,0.005793
0.12002,-0.0064624,0.012631
0.12526,-0.02156,0.002715
0.12339,0.073129,0.017247
0.13498,-0.19103,-0.0036436
0.12039,1.0946,0.061708
0.17985,2.3599,0.41063
0.34102,1.9754,0.78886
0.29166,2.0161,1.1195
0.38103,2.0356,1.4596
0.50892,2.011,1.7608
0.36458,2.1112,2.0563
0.46778,2.0842,2.3299
0.49134,2.1714,2.5914
0.41768,2.1755,2.8411
0.58221,2.2431,3.0762
0.62521,2.2728,3.3044
0.65513,2.2821,3.5129
0.70374,2.3258,3.7097
0.71196,2.3612,3.8965
0.73029,2.3958,4.0738
0.74525,2.3981,4.2377
0.73253,2.4185,4.3857
0.63979,2.4195,4.519
0.58969,2.4031,4.6355
0.5063,2.3995,4.7355
0.45208,2.3942,4.8229
0.43226,2.3765,4.8966
0.45096,2.3627,4.9556
0.50779,2.3427,5.0031
0.43637,2.3104,5.0379
0.35972,2.2856,5.0607
0.21612,2.2418,5.0713
0.066174,2.1915,5.0682
-0.037407,2.1489,5.0545
-0.18362,2.0986,5.0313
-0.29131,2.051,4.9984
-0.41621,1.9993,4.9573
-0.46631,1.9391,4.9079
-0.4622,1.8746,4.85
-0.45846,1.8094,4.7839
-0.39564,1.7434,4.71
-0.36872,1.6657,4.628
-0.34965,1.5912,4.5385
-0.35152,1.5264,4.4428
-0.36984,1.4475,4.3409
-0.39527,1.3656,4.2313
-0.47192,1.2927,4.1158
-0.51081,1.2158,3.9953
-0.51268,1.1393,3.8698
-0.56092,1.0493,3.7391
-0.6286,0.97309,3.6021
-0.63197,0.91479,3.4649
-0.61178,0.80521,3.3238
-0.62225,0.70917,3.1717
-0.59158,0.64859,3.0191
-0.52876,0.54408,2.8646
-0.49249,0.45238,2.7027
-0.41733,0.3523,2.5368
-0.34179,0.23497,2.363
-0.28533,0.12203,2.1821
-0.1795,0.011653,1.9943
-0.10584,-0.078346,1.806
-0.027685,-0.21292,1.6112
0.027284,-0.29137,1.4136
0.014944,-0.43424,1.2152
0.017936,-0.53081,1.009
0.023919,-0.6415,0.8087
0.024293,-0.78734,0.59493
0.013822,-0.82321,0.39311
0.06206,-1.1211,0.17055
0.11105,-0.65955,-0.020624
0.14021,0.024459,-0.03736
0.23071,-0.1216,-0.019799
0.31073,-0.07568,-0.030473
0.36757,-0.049831,-0.023604
0.36645,-0.077367,-0.028309
0.34289,-0.035315,-0.026082
0.32793,-0.073273,-0.027466
0.25763,-0.033991,-0.028032
0.21463,-0.051394,-0.027098
0.17723,-0.041377,-0.028992
0.10394,-0.040796,-0.028122
0.066174,-0.042993,-0.029322
0.041868,-0.034449,-0.028992
0.022049,-0.042985,-0.029937
0.017936,-0.033268,-0.029925
0.025414,-0.037043,-0.030401
0.00036053,-0.034711,-0.031189
-0.013101,-0.032094,-0.030806
0.040746,-0.036661,-0.032216
0.067669,-0.034996,-0.033592
0.10394,-0.033845,-0.034121
0.13199,-0.039011,-0.035388
0.12114,-0.029298,-0.03637
0.1361,-0.027925,-0.036366
0.097958,-0.02854,-0.037337
0.025414,-0.025102,-0.037341
-0.016841,-0.030778,-0.038391
-0.053113,-0.01723,-0.038252
-0.091628,-0.037759,-0.038833
-0.10135,-0.019344,-0.039864
-0.075549,-0.03353,-0.038713
-0.039651,-0.024904,-0.041364
0.01644,-0.010328,-0.038398
0.067295,-0.046899,-0.042444
0.14171,0.015196,-0.039748
0.17162,-0.069243,-0.041383
0.20715,0.031984,-0.042845
0.21612,-0.075388,-0.037506
0.16302,0.017786,-0.050399
0.17649,-0.030122,-0.023593
0.081131,-1.6328,-0.18208
0.19144,-2.2184,-0.57973
0.22211,-1.8733,-0.93339
0.13311,-2.0822,-1.2695
0.48536,-2.0142,-1.5979
0.52687,-2.0833,-1.8935
0.57099,-2.1112,-2.1826
0.81517,-2.1297,-2.4465
0.67756,-2.208,-2.7051
0.70299,-2.2185,-2.9473
0.77703,-2.2984,-3.1804
0.74898,-2.2977,-3.4013
0.82041,-2.33,-3.6037
0.86678,-2.3687,-3.7972
0.87463,-2.4016,-3.9796
0.83163,-2.4284,-4.1522
0.82826,-2.4311,-4.31
0.76132,-2.4426,-4.4535
0.68878,-2.4306,-4.5819
0.63232,-2.4209,-4.6933
0.57249,-2.4122,-4.7908
0.56314,-2.3947,-4.8743
0.54407,-2.378,-4.9434
0.62521,-2.358,-5.0001
0.63269,-2.3366,-5.0452
0.61511,-2.3053,-5.0779
0.56912,-2.2664,-5.0981
0.44273,-2.2241,-5.1059
0.31372,-2.1773,-5.1016
0.11965,-2.1318,-5.086
-0.025067,-2.0859,-5.0606
-0.22138,-2.0375,-5.0263
-0.35339,-1.9811,-4.9828
-0.40088,-1.9225,-4.931
-0.44986,-1.8657,-4.8716
-0.44276,-1.8039,-4.8039
-0.47005,-1.733,-4.7282
-0.42855,-1.6567,-4.6437
-0.43902,-1.5883,-4.5516
-0.50745,-1.5204,-4.4543
-0.49212,-1.4401,-4.3503
-0.50034,-1.3642,-4.239
-0.57363,-1.2875,-4.1222
-0.61739,-1.2111,-3.9996
-0.62748,-1.1401,-3.8734
-0.69741,-1.0451,-3.7415
-0.71349,-0.97152,-3.6036
-0.7363,-0.90112,-3.4652
-0.79762,-0.7828,-3.3192
-0.78977,-0.70952,-3.1654
-0.78641,-0.64044,-3.0131
-0.79276,-0.53026,-2.8553
-0.7348,-0.44096,-2.6914
-0.61178,-0.32864,-2.5228
-0.5512,-0.21283,-2.3457
-0.45024,-0.091775,-2.1602
-0.29019,-0.0029458,-1.97
-0.23372,0.11312,-1.7788
-0.13762,0.23489,-1.579
-0.081906,0.31363,-1.3813
-0.085271,0.47012,-1.1768
-0.025067,0.53046,-0.97287
-0.0097358,0.70711,-0.76761
0.0063435,0.76407,-0.55359
0.051964,0.91813,-0.35195
0.11927,1.0703,-0.1188
0.19892,0.28049,0.0099996
0.27296,-0.049284,-0.011292
0.36794,0.12128,-0.009871
0.45096,0.0020704,-0.0069579
0.48199,0.059134,-0.010272
0.45657,0.014948,-0.0057057
0.43974,0.021055,-0.0091512
0.40833,0.027354,-0.0054245
0.36607,-0.0001453,-0.0071379
0.34401,0.029198,-0.0060431
0.25688,0.0022691,-0.0053533
0.17836,0.015878,-0.0054357
0.13086,0.0083874,-0.004386
0.071409,0.0073527,-0.0044085
0.03925,0.0084624,-0.0036399
0.012327,0.00351,-0.0038048
-0.0041267,0.0092422,-0.0025714
-0.014597,-0.00041523,-0.0024327
-0.015345,0.0042785,-0.0022302
-0.0048746,0.011788,-0.00067429
0.020553,0.007154,0.00042046
0.089358,0.00805,0.0013428
0.12974,0.009201,0.0026025
0.13199,0.00016962,0.0030261
0.1174,0.007379,0.0035473
0.043737,0.00078445,0.0044358
-0.030302,0.0012156,0.0043496
-0.085645,0.0053095,0.005688
-0.13575,-0.0047941,0.0051707
-0.16716,0.011702,0.0066928
-0.181,-0.01236,0.0062917
-0.16455,0.015589,0.0064191
-0.13687,-0.010748,0.008215
-0.071062,0.0048709,0.005793
0.01644,0.0064192,0.010303
0.096837,-0.02385,0.0053619
0.15517,0.045728,0.011252
0.19705,-0.071725,0.0066778
0.20715,0.099732,0.0092985
0.20042,-0.14506,0.011934
0.20378,0.33005,0.0013653
0.20154,2.0677,0.24
0.33952,2.1963,0.64161
0.37318,1.9252,0.97761
0.38103,2.0906,1.3189
0.59978,1.9969,1.6348
0.56089,2.1179,1.9297
0.55192,2.0989,2.2136
0.70149,2.1531,2.4751
0.66373,2.2043,2.7306
0.73889,2.2304,2.9685
0.81816,2.3017,3.2
0.82452,2.2933,3.4149
0.86191,2.3361,3.6144
0.88884,2.3695,3.8051
0.93782,2.4006,3.9855
0.89033,2.4145,4.1551
0.87912,2.4125,4.3087
0.832,2.419,4.4486
0.74487,2.3961,4.5722
0.70486,2.3757,4.6782
0.63905,2.376,4.7716
0.62035,2.3514,4.852
0.61586,2.3226,4.9176
0.65924,2.3037,4.971
0.64615,2.2709,5.0124
0.63194,2.2384,5.0417
0.56725,2.1945,5.0589
0.4001,2.1452,5.0634
0.2767,2.1026,5.0562
0.047477,2.0539,5.0382
-0.16866,2.0034,5.0107
-0.40648,1.9527,4.9747
-0.59607,1.8966,4.93
-0.61963,1.8345,4.8766
-0.66001,1.7781,4.8153
-0.61552,1.7139,4.7463
-0.58523,1.6363,4.6687
-0.53362,1.5706,4.5832
-0.45697,1.5035,4.4912
-0.45435,1.4251,4.393
-0.41621,1.3455,4.2868
-0.48239,1.2736,4.1733
-0.56952,1.2025,4.0551
-0.60168,1.1252,3.9314
-0.66301,1.0427,3.803
-0.71311,0.96202,3.6686
-0.75873,0.90494,3.5313
-0.80211,0.81756,3.3929
-0.85072,0.703,3.2444
-0.88251,0.63812,3.0912
-0.87391,0.55933,2.9388
-0.84175,0.45918,2.7793
-0.79127,0.36725,2.6151
-0.7019,0.25529,2.4448
-0.60168,0.14675,2.2665
-0.49099,0.026893,2.0806
-0.34142,-0.053816,1.8913
-0.21129,-0.18103,1.6995
-0.089759,-0.287,1.5001
-0.0041267,-0.38315,1.3029
0.013074,-0.52102,1.0961
0.017936,-0.58285,0.89415
0.010831,-0.76897,0.68567
0.0048478,-0.78621,0.47549
-0.002631,-1.0164,0.26871
0.01644,-0.98173,0.040968
0.093471,-0.15131,-0.045368
0.19331,-0.028728,-0.017894
0.32045,-0.13088,-0.026607
0.43488,-0.024604,-0.024114
0.47825,-0.088442,-0.02414
0.50742,-0.035304,-0.026285
0.51826,-0.062086,-0.023904
0.47713,-0.04844,-0.027121
0.44423,-0.038963,-0.024759
0.36495,-0.049932,-0.026877
0.24791,-0.036218,-0.026446
0.17424,-0.047686,-0.026945
0.09908,-0.032304,-0.027507
0.032893,-0.037201,-0.027417
-0.0030049,-0.032675,-0.028204
-0.018336,-0.035588,-0.028058
-0.041894,-0.033898,-0.029112
-0.062087,-0.028713,-0.029097
-0.054234,-0.036091,-0.029708
-0.031798,-0.032421,-0.031267
0.035885,-0.032012,-0.03213
0.10843,-0.036428,-0.033082
0.13236,-0.031195,-0.034391
0.1361,-0.025114,-0.034529
0.12638,-0.030074,-0.035167
0.090854,-0.023464,-0.035639
0.032145,-0.031405,-0.036059
-0.029928,-0.020364,-0.036854
-0.084523,-0.02532,-0.036366
-0.15183,-0.026103,-0.038361
-0.19596,-0.012101,-0.036839
-0.19035,-0.046194,-0.038983
-0.16417,-0.0043404,-0.038143
-0.12678,-0.046191,-0.038128
-0.015345,-0.0021323,-0.040562
0.085618,-0.031734,-0.036288
0.13386,-0.029073,-0.043992
0.20864,0.018274,-0.034214
0.20939,-0.10955,-0.046759
0.25576,0.17171,-0.031133
0.19406,-0.88483,-0.072718
0.18995,-2.2327,-0.4029
0.35598,-1.9564,-0.7926
0.23519,-1.9905,-1.122
0.44049,-2.0717,-1.4633
0.67532,-2.0271,-1.7664
0.59417,-2.133,-2.0599
0.8664,-2.1045,-2.3335
0.90716,-2.195,-2.5929
0.80657,-2.2063,-2.8428
0.91427,-2.2693,-3.0771
0.89332,-2.3035,-3.305
0.90006,-2.3032,-3.5128
0.92922,-2.3522,-3.7097
0.98457,-2.3773,-3.8967
0.97858,-2.4108,-4.0736
0.95465,-2.4149,-4.238
0.94568,-2.4191,-4.3871
0.85107,-2.4119,-4.5228
0.78974,-2.3937,-4.6411
0.72692,-2.3871,-4.7449
0.71271,-2.3645,-4.8352
0.65213,-2.3391,-4.9099
0.65961,-2.3244,-4.9722
0.65999,-2.3009,-5.0236
0.57697,-2.2659,-5.0624
0.5781,-2.23,-5.0888
0.45694,-2.1887,-5.1029
0.33765,-2.1387,-5.1043
0.16003,-2.0927,-5.0945
-0.032546,-2.0483,-5.0753
-0.2154,-1.9926,-5.0463
-0.48239,-1.9376,-5.0077
-0.6301,-1.8834,-4.9607
-0.73966,-1.8221,-4.9053
-0.75088,-1.7641,-4.8421
-0.72695,-1.7003,-4.771
-0.66861,-1.6293,-4.6916
-0.61664,-1.5579,-4.6039
-0.57064,-1.4874,-4.5093
-0.50969,-1.4141,-4.4093
-0.50109,-1.3379,-4.3023
-0.5325,-1.2639,-4.1889
-0.87428,-1.1842,-4.0694
-0.86493,-1.1165,-3.9455
-0.60766,-1.0307,-3.8167
-0.64506,-0.94559,-3.6804
-0.58747,-0.89332,-3.5432
-0.67983,-0.78624,-3.4021
-0.74789,-0.69186,-3.2494
-0.69853,-0.63851,-3.0969
-0.69068,-0.53054,-2.9424
-0.63122,-0.44297,-2.7798
-0.64917,-0.34929,-2.6142
-0.62823,-0.22947,-2.4402
-0.61178,-0.11427,-2.2579
-0.49586,-0.0047753,-2.0684
-0.25579,0.073946,-1.8777
-0.052365,0.21577,-1.6808
0.14732,0.29626,-1.4798
0.18172,0.42412,-1.2794
0.13535,0.52801,-1.0712
0.046355,0.63153,-0.86901
-0.043764,0.78849,-0.65297
-0.013475,0.79863,-0.44853
0.055703,1.1048,-0.22697
0.10992,0.71367,-0.023331
0.15667,-0.036406,0.0046945
0.28904,0.082599,-0.016098
0.38963,0.061166,-0.004266
0.4633,0.019391,-0.010711
0.54781,0.056476,-0.0062156
0.51153,0.0022241,-0.0078539
0.43189,0.041817,-0.0067892
0.34476,0.0041923,-0.0056457
0.22884,0.018862,-0.0068529
0.093097,0.011132,-0.0044272
0.013822,0.0076301,-0.0056382
0.067669,0.015829,-0.0042323
0.11853,0.0043198,-0.0042585
0.12339,0.010314,-0.0036999
0.1174,0.0057481,-0.0033737
0.038128,0.0098196,-0.0029088
-0.051991,0.00078071,-0.001919
-0.068818,0.0017217,-0.0023764
-0.056852,0.0091897,-0.0010455
-0.051617,0.005317,0.00060792
-0.017215,0.0047584,0.0012378
0.036259,0.0074877,0.0025125
0.07814,0.0029026,0.0033298
0.12825,0.005467,0.003581
0.15181,0.0036412,0.0046345
0.15741,0.0020854,0.0045745
0.1432,0.00814,0.0058155
0.086366,-0.0063274,0.0055643
-0.0059964,0.013662,0.0062729
-0.11332,-0.012435,0.0072215
-0.17352,0.0059281,0.0061304
-0.15707,0.0043123,0.009141
-0.084523,-0.012322,0.0060442
-0.0074922,0.025805,0.0099171
0.096089,-0.041294,0.0071352
0.13722,0.045698,0.0091448
0.1634,-0.059016,0.010303
0.19219,0.052416,0.0052944
0.13199,-0.045565,0.018042
0.15816,0.0092685,-0.0084576
0.12226,1.7053,0.1528
0.20416,2.3087,0.5477
0.3197,1.891,0.89808
0.22547,2.073,1.2351
0.47938,2.0009,1.563
0.59492,2.0809,1.8591
0.55155,2.109,2.1499
0.79909,2.1184,2.4149
0.75572,2.1953,2.6741
0.73964,2.2,2.9167
0.85144,2.282,3.1504
0.80582,2.2731,3.3715
0.81816,2.2926,3.5743
0.85518,2.3294,3.7682
0.90828,2.3572,3.9516
0.88472,2.3809,4.1257
0.88547,2.3807,4.2847
0.8664,2.3874,4.4297
0.7875,2.3669,4.56
0.75833,2.3428,4.672
0.69962,2.3306,4.7706
0.67906,2.3134,4.8565
0.61399,2.2902,4.9276
0.59717,2.259,4.9862
0.59268,2.2255,5.0325
0.55267,2.1928,5.0667
0.5149,2.1534,5.0895
0.40384,2.1041,5.0992
0.30362,2.0576,5.0966
0.12189,2.0076,5.0837
-0.071436,1.9574,5.0606
-0.28795,1.9152,5.0286
-0.50558,1.8591,4.9882
-0.58859,1.8,4.939
-0.70563,1.7384,4.8812
-0.76621,1.6733,4.8159
-0.75761,1.6083,4.7422
-0.76584,1.5407,4.6596
-0.69591,1.4816,4.5706
-0.63795,1.4112,4.4759
-0.57924,1.3221,4.3729
-0.5052,1.2501,4.2621
-0.50408,1.1853,4.1468
-0.54895,1.1051,4.0258
-0.59981,1.0328,3.8994
-0.67048,0.94873,3.7674
-0.73518,0.87622,3.6304
-0.74078,0.81285,3.493
-0.75986,0.70424,3.3481
-0.78154,0.62853,3.1946
-0.73667,0.56558,3.0426
-0.68881,0.45829,2.8856
-0.63795,0.37568,2.7217
-0.55195,0.27211,2.5537
-0.4895,0.16169,2.3771
-0.43191,0.053518,2.1934
-0.35152,-0.048099,2.0033
-0.29169,-0.1363,1.8132
-0.1896,-0.26969,1.6154
-0.05573,-0.34219,1.4155
0.0059696,-0.48465,1.2132
0.046729,-0.56521,1.005
0.11628,-0.69161,0.80201
0.14208,-0.81425,0.58469
0.15106,-0.85977,0.38207
0.15741,-1.1408,0.15413
0.12787,-0.57975,-0.026446
0.17162,0.039654,-0.031001
0.24043,-0.13237,-0.017984
0.26773,-0.056785,-0.027665
0.31896,-0.057996,-0.020766
0.35336,-0.074349,-0.026172
0.3728,-0.036297,-0.023076
0.40047,-0.068647,-0.025224
0.39187,-0.031386,-0.025168
0.36645,-0.052961,-0.02462
0.29577,-0.040218,-0.02639
0.20042,-0.042708,-0.025531
0.126,-0.041932,-0.026915
0.019805,-0.034914,-0.026472
-0.040025,-0.037429,-0.027222
-0.056478,-0.029804,-0.027215
-0.079288,-0.035757,-0.027867
-0.084523,-0.028563,-0.028534
-0.075923,-0.031015,-0.028426
-0.041147,-0.037159,-0.030143
-0.013849,-0.031296,-0.031279
0.044485,-0.033631,-0.031927
0.10805,-0.035832,-0.033408
0.11703,-0.025582,-0.033689
0.13685,-0.029553,-0.034109
0.11927,-0.024574,-0.035032
0.072157,-0.026163,-0.035035
0.052712,-0.024083,-0.036096
0.013822,-0.020559,-0.035474
-0.01871,-0.034887,-0.037334
-0.031798,-0.014601,-0.03673
-0.07181,-0.041508,-0.037412
-0.086767,-0.0066273,-0.038601
-0.073305,-0.035442,-0.0364
-0.056852,-0.020889,-0.04067
0.022049,-0.0035569,-0.035545
0.066548,-0.061029,-0.042309
0.10768,0.049165,-0.035995
0.11516,-0.1236,-0.041165
0.14507,0.14056,-0.040243
0.14732,-0.44732,-0.037716
0.10918,-2.0628,-0.3001
0.33017,-2.0675,-0.70414
0.28044,-1.9141,-1.0384
0.34364,-2.0873,-1.3808
0.67644,-1.9947,-1.6941
0.57922,-2.1096,-1.9886
0.75908,-2.0874,-2.2702
0.90529,-2.154,-2.5317
0.7602,-2.1875,-2.7871
0.85855,-2.2222,-3.0248
0.86715,-2.2817,-3.2568
0.87051,-2.2698,-3.4714
0.89594,-2.3112,-3.6719
0.93857,-2.336,-3.863
0.95316,-2.3691,-4.0436
0.89519,-2.3784,-4.2137
0.89669,-2.3776,-4.3681
0.78713,-2.3764,-4.5088
0.71309,-2.3536,-4.6338
0.62745,-2.3402,-4.7429
0.57548,-2.3246,-4.8388
0.57211,-2.2993,-4.9207
0.55715,-2.2741,-4.9889
0.60277,-2.2488,-5.045
0.54893,-2.2176,-5.0893
0.51079,-2.1795,-5.1212
0.42141,-2.1358,-5.1401
0.30512,-2.0888,-5.1469
0.15854,-2.0427,-5.1426
-0.020954,-1.9961,-5.1273
-0.14211,-1.945,-5.1022
-0.356,-1.8926,-5.0686
-0.50932,-1.8386,-5.0261
-0.60318,-1.7808,-4.9748
-0.68357,-1.7235,-4.9152
-0.70115,-1.6601,-4.8477
-0.72732,-1.5918,-4.7721
-0.71162,-1.5208,-4.6881
-0.70975,-1.452,-4.5964
-0.73742,-1.3876,-4.4992
-0.66861,-1.312,-4.3957
-0.62112,-1.2357,-4.2846
-0.65553,-1.1634,-4.167
-0.57251,-1.0965,-4.0446
-0.54148,-1.0166,-3.9182
-0.60841,-0.92796,-3.7842
-0.57625,-0.87103,-3.6468
-0.60018,-0.78767,-3.5083
-0.64244,-0.67878,-3.3592
-0.62673,-0.61974,-3.2054
-0.60916,-0.54425,-3.0527
-0.59271,-0.43914,-2.8923
-0.57139,-0.35564,-2.7268
-0.49586,-0.23956,-2.5553
-0.43378,-0.13145,-2.3748
-0.32908,-0.023408,-2.1874
-0.21765,0.06604,-1.9954
-0.16829,0.16999,-1.8022
-0.074801,0.28508,-1.6001
-0.012727,0.36792,-1.4002
0.038128,0.51345,-1.1933
0.10506,0.5738,-0.98635
0.13647,0.74878,-0.77719
0.17798,0.79636,-0.55987
0.22884,0.94644,-0.35482
0.24566,1.083,-0.11806
0.23968,0.27974,0.011147
0.29091,-0.052152,-0.011018
0.33242,0.12582,-0.0093424
0.33952,0.0062018,-0.0062568
0.35598,0.057739,-0.0097023
0.33728,0.02173,-0.0052745
0.30175,0.023309,-0.008555
0.26511,0.03144,-0.0048771
0.25576,0.0061905,-0.006538
0.23445,0.024793,-0.0052858
0.18845,0.0057631,-0.0047684
0.15779,0.0165,-0.0046934
0.097584,0.0036937,-0.0038386
0.048599,0.0086536,-0.0040448
0.0085872,0.0068504,-0.0028526
-0.03292,0.0049571,-0.00304
-0.044138,0.0088636,-0.0019977
-0.073305,-0.00011906,-0.0019265
-0.09088,0.011319,-0.0015966
-0.063583,0.010269,0.00035298
-0.016841,0.0040423,0.001294
0.026536,0.0094072,0.0021488
0.058321,0.0054332,0.003551
0.08674,0.0015642,0.0037122
0.097958,0.0074427,0.0043646
0.080757,0.00040206,0.0050132
0.060565,0.0071765,0.0055643
0.053086,-0.0064024,0.0065766
0.016066,-0.0023685,0.005838
-0.023198,0.0059881,0.0077876
-0.00824,-0.012686,0.0064266
-0.012353,0.019912,0.00832
-0.01011,-0.020146,0.0080013
0.029154,0.020471,0.0073639
0.042242,-0.017777,0.010611
0.079261,0.0012043,0.0060405
0.10955,0.015492,0.01358
0.129,-0.051053,0.0043533
0.10805,0.099353,0.015421
0.11292,-0.20058,0.0032586
0.12189,0.77345,0.032472
0.10693,2.2743,0.34507
0.3227,2.0342,0.73608
0.35672,1.9642,1.0658
0.41132,2.0526,1.4078
0.66522,1.9889,1.7139
0.54968,2.097,2.0095
0.60726,2.0637,2.2863
0.72057,2.1465,2.5478
0.63718,2.1598,2.8006
0.75011,2.2054,3.0375
0.79087,2.2394,3.268
0.78974,2.2403,3.4784
0.80508,2.2824,3.6777
0.84883,2.3022,3.8678
0.86752,2.332,4.047
0.81779,2.3323,4.2144
0.80807,2.3309,4.3666
0.72169,2.3137,4.5045
0.64466,2.2877,4.6254
0.54893,2.2804,4.7311
0.50406,2.2596,4.824
0.48835,2.2211,4.903
0.49732,2.1974,4.9684
0.55603,2.1719,5.0216
0.50779,2.1349,5.0633
0.48985,2.0959,5.0926
0.39711,2.0496,5.1093
0.2868,2.0077,5.1138
0.15629,1.9525,5.1063
-0.057974,1.9027,5.0886
-0.20568,1.8628,5.0625
-0.3934,1.8035,5.027
-0.52091,1.7508,4.9826
-0.58186,1.7005,4.9305
-0.63384,1.6366,4.8702
-0.62636,1.5701,4.8009
-0.62075,1.5001,4.7226
-0.61402,1.4381,4.6371
-0.64468,1.374,4.5456
-0.65515,1.2895,4.446
-0.64169,1.2194,4.3383
-0.67834,1.1559,4.2256
-0.69778,1.0786,4.1072
-0.666,1.0106,3.9829
-0.6488,0.93094,3.8542
-0.66338,0.85693,3.7189
-0.62038,0.79733,3.5825
-0.60579,0.69605,3.4419
-0.61926,0.60357,3.2903
-0.57214,0.55497,3.1382
-0.56017,0.46132,2.9843
-0.55307,0.36496,2.8212
-0.50072,0.28321,2.6549
-0.45173,0.16481,2.4811
-0.39863,0.066347,2.2987
-0.29056,-0.039023,2.1102
-0.20605,-0.1207,1.9192
-0.1466,-0.24022,1.7247
-0.051991,-0.33304,1.5223
-0.029555,-0.43182,1.3225
-0.00824,-0.56744,1.1132
0.037006,-0.6252,0.90849
0.054208,-0.8042,0.69605
0.083749,-0.80665,0.48374
0.11778,-1.0452,0.27379
0.16489,-0.98913,0.042426
0.23706,-0.13475,-0.042654
0.31634,-0.030662,-0.014677
0.37243,-0.13072,-0.02393
0.42478,-0.02171,-0.021103
0.4173,-0.089004,-0.021445
0.37355,-0.031446,-0.023387
0.34513,-0.05995,-0.021047
0.27408,-0.044069,-0.024365
0.2322,-0.036023,-0.021951
0.19855,-0.051117,-0.024095
0.12787,-0.032406,-0.023668
0.088984,-0.043626,-0.024204
0.051964,-0.034321,-0.025059
0.016814,-0.036571,-0.024875
0.0014823,-0.029613,-0.025321
-0.0097358,-0.032267,-0.02558
-0.023198,-0.032327,-0.026559
-0.041147,-0.02652,-0.026379
-0.037033,-0.033332,-0.027233
-0.022824,-0.037988,-0.028741
-0.0078661,-0.03091,-0.029633
0.038128,-0.03067,-0.030806
0.057947,-0.031787,-0.03171
0.058695,-0.026692,-0.031815
0.078514,-0.026711,-0.032861
0.048972,-0.022891,-0.033011
0.017188,-0.03001,-0.033918
-0.014597,-0.016915,-0.033974
-0.05947,-0.035577,-0.034087
-0.05947,-0.01961,-0.03577
-0.065453,-0.01979,-0.034091
-0.069192,-0.034854,-0.037165
-0.039651,-0.0022822,-0.034645
-0.010858,-0.049658,-0.037116
0.06206,0.011818,-0.036569
0.11366,-0.058825,-0.03559
0.14844,0.011349,-0.040146
0.16975,-0.037965,-0.031661
0.14246,-0.042933,-0.047036
0.17761,0.097415,-0.020384
0.068791,-1.3596,-0.12945
0.15966,-2.2631,-0.50882
0.30849,-1.8751,-0.8762
0.21687,-2.0364,-1.2093
0.53958,-2.0069,-1.544
0.67943,-2.0282,-1.8411
0.65438,-2.0884,-2.1336
0.9109,-2.0776,-2.4022
0.8305,-2.1578,-2.6625
0.78339,-2.1575,-2.9088
0.8679,-2.2302,-3.144
0.81218,-2.2295,-3.3695
0.80881,-2.2459,-3.5756
0.82153,-2.2852,-3.7729
0.84658,-2.3078,-3.9597
0.79161,-2.3303,-4.1366
0.77217,-2.3201,-4.2993
0.73777,-2.3211,-4.4473
0.64054,-2.303,-4.5809
0.56949,-2.2797,-4.6977
0.46554,-2.2668,-4.8005
0.44086,-2.2431,-4.8896
0.40646,-2.2155,-4.9646
0.44722,-2.1941,-5.0274
0.47451,-2.161,-5.0786
0.4431,-2.1195,-5.1169
0.42441,-2.0798,-5.1426
0.33279,-2.032,-5.1562
0.24566,-1.9844,-5.1574
0.063182,-1.9371,-5.1479
-0.087515,-1.8896,-5.1291
-0.26701,-1.8427,-5.1002
-0.48277,-1.788,-5.0627
-0.54895,-1.7301,-5.0169
-0.62412,-1.674,-4.9624
-0.67647,-1.6146,-4.8995
-0.69554,-1.5503,-4.8285
-0.68432,-1.4836,-4.7491
-0.67535,-1.4134,-4.6608
-0.68282,-1.3489,-4.5664
-0.6473,-1.2816,-4.4667
-0.61701,-1.2028,-4.3583
-0.60392,-1.129,-4.2432
-0.59757,-1.0626,-4.1232
-0.54073,-0.98948,-3.9988
-0.53848,-0.90731,-3.8678
-0.52689,-0.84635,-3.7316
-0.46669,-0.77665,-3.5951
-0.48838,-0.67048,-3.4505
-0.48239,-0.59655,-3.2973
-0.46332,-0.53577,-3.1456
-0.47342,-0.43645,-2.9884
-0.4794,-0.35388,-2.8234
-0.43154,-0.25272,-2.6547
-0.38367,-0.13593,-2.4762
-0.33693,-0.036563,-2.2904
-0.21765,0.064911,-2.0983
-0.15183,0.14872,-1.905
-0.078914,0.27697,-1.7056
-0.0059964,0.34684,-1.5026
0.022423,0.47609,-1.2998
0.084497,0.57005,-1.0882
0.12376,0.66142,-0.88372
0.13872,0.82084,-0.665
0.15181,0.8287,-0.45679
0.1978,1.1244,-0.23259
0.21537,0.7316,-0.024583
0.23968,-0.028713,0.0060592
0.32008,0.08384,-0.015585
0.35485,0.064443,-0.0033962
0.36084,0.020324,-0.0098935
0.34177,0.058201,-0.005507
0.30923,0.0078438,-0.0071116
0.26773,0.042657,-0.0063243
0.22285,0.00072447,-0.0048771
0.21014,0.023455,-0.0061893
0.18322,0.016602,-0.0039136
0.12974,0.010172,-0.0048134
0.10843,0.015019,-0.0034299
0.078888,0.0027189,-0.0036661
0.025788,0.011747,-0.0031187
0.022797,0.0048521,-0.0025901
0.0067175,0.010869,-0.001964
-0.034416,0.0047509,-0.0012554
-0.04713,0.0058494,-0.0015441
-0.039651,0.012991,6.8042e-05
-0.028807,0.0078851,0.0013503
-0.0056225,0.0069703,0.0018564
0.048599,0.0057219,0.0034948
0.0658,-0.0010001,0.0041659
0.073652,0.0042748,0.0044058
0.083001,0.0022428,0.0054781
0.051216,0.0025052,0.0054743
0.038502,0.0042973,0.0067116
0.026536,-0.004063,0.0061754
-0.01011,0.011578,0.0076526
-0.028059,-0.013439,0.0076863
-0.029555,0.014547,0.0073939
-0.021328,-0.0076846,0.0096959
0.0059696,-0.00020154,0.0068765
0.024293,0.011094,0.011316
0.0658,-0.030006,0.0068053
0.097211,0.0477,0.011792
0.11965,-0.071778,0.0088336
0.12787,0.087971,0.0091973
0.11329,-0.12154,0.015147
0.11217,0.23207,-0.0016791
0.075148,1.9672,0.21654
0.2423,2.2008,0.61925
0.3384,1.8797,0.95882
0.31821,2.063,1.2995
0.56426,1.9629,1.6203
0.53696,2.0541,1.9169
0.49059,2.0458,2.2037
0.66934,2.086,2.4675
0.62484,2.1317,2.7264
0.67719,2.1482,2.9677
0.76394,2.2107,3.2022
0.73889,2.193,3.4213
0.75459,2.2282,3.6245
0.77815,2.2522,3.8195
0.80657,2.2776,4.004
0.77628,2.2856,4.1783
0.75422,2.2732,4.3371
0.69402,2.2699,4.4817
0.61773,2.2448,4.6103
0.51864,2.219,4.7219
0.43712,2.2029,4.8206
0.43413,2.1806,4.9065
0.38963,2.1451,4.9776
0.44049,2.1158,5.0365
0.4345,2.085,5.0841
0.41394,2.0472,5.119
0.39786,2.0036,5.1414
0.26249,1.951,5.1519
0.16714,1.9026,5.1499
-0.0059964,1.8489,5.1369
-0.16006,1.8032,5.1152
-0.31188,1.7585,5.0843
-0.48352,1.7044,5.0437
-0.5426,1.6529,4.9951
-0.59196,1.592,4.9389
-0.57887,1.531,4.874
-0.56653,1.4623,4.8001
-0.56803,1.3998,4.7183
-0.55905,1.3411,4.6298
-0.58934,1.2641,4.5335
-0.59009,1.1914,4.4289
-0.60168,1.125,4.3185
-0.62299,1.0534,4.2023
-0.59869,0.98389,4.0798
-0.58074,0.91078,3.9533
-0.60692,0.83364,3.8198
-0.56616,0.77543,3.6833
-0.51119,0.69193,3.5454
-0.52652,0.5956,3.397
-0.5138,0.54272,3.2441
-0.49586,0.46675,3.0918
-0.50333,0.36327,2.9314
-0.49099,0.2908,2.7659
-0.43116,0.18402,2.5954
-0.37806,0.074213,2.4142
-0.29842,-0.01844,2.2274
-0.18511,-0.11251,2.0357
-0.10771,-0.2037,1.8422
-0.0093619,-0.32541,1.6404
0.022049,-0.39374,1.4378
0.0026042,-0.53647,1.2324
0.041494,-0.60932,1.021
0.057573,-0.73292,0.81481
0.052712,-0.84003,0.595
0.061312,-0.88499,0.38992
0.095715,-1.1625,0.15786
0.14694,-0.57467,-0.024193
0.21762,0.038544,-0.027874
0.29016,-0.13714,-0.015124
0.33279,-0.056635,-0.024958
0.37392,-0.056594,-0.017857
0.34812,-0.066188,-0.023286
0.29989,-0.033601,-0.020275
0.27558,-0.067155,-0.022206
0.21537,-0.032481,-0.022266
0.1978,-0.053584,-0.02188
0.18322,-0.034104,-0.02354
0.12376,-0.036541,-0.022581
0.089732,-0.037231,-0.023994
0.048599,-0.030216,-0.023645
0.01644,-0.034048,-0.024208
0.019805,-0.029463,-0.024718
0.0048478,-0.033002,-0.025396
-0.032546,-0.028844,-0.025576
-0.045634,-0.032855,-0.025884
-0.028059,-0.032428,-0.027545
-0.0030049,-0.029151,-0.028437
0.011205,-0.031015,-0.029322
0.038128,-0.029864,-0.030724
0.087114,-0.028192,-0.030983
0.10245,-0.031048,-0.031751
0.068043,-0.01952,-0.03225
0.047477,-0.027682,-0.032505
0.037006,-0.021811,-0.033536
-0.014971,-0.021631,-0.032733
-0.052739,-0.029485,-0.034829
-0.055356,-0.010005,-0.033611
-0.062835,-0.040927,-0.035257
-0.039277,-0.00074889,-0.035152
-0.023572,-0.040548,-0.034293
0.0044739,-0.011985,-0.037806
0.071783,-0.022047,-0.03282
0.11292,-0.040455,-0.040382
0.15592,0.030038,-0.031744
0.13872,-0.11752,-0.04196
0.16863,0.17621,-0.030968
0.11142,-0.72598,-0.055191
0.080009,-2.1919,-0.36361
0.28119,-1.983,-0.75939
0.20528,-1.9366,-1.0905
0.3571,-2.038,-1.4335
0.63381,-1.9658,-1.7404
0.55828,-2.0719,-2.0361
0.789,-2.0308,-2.3145
0.83798,-2.1089,-2.5764
0.68018,-2.1216,-2.8308
0.79199,-2.1671,-3.0693
0.77703,-2.1997,-3.3013
0.75721,-2.1873,-3.5139
0.79872,-2.2302,-3.7151
0.81031,-2.2485,-3.9073
0.77591,-2.274,-4.089
0.75497,-2.2693,-4.2586
0.72954,-2.2668,-4.413
0.61511,-2.2585,-4.5544
0.57697,-2.2292,-4.6788
0.47751,-2.2105,-4.7877
0.40683,-2.1845,-4.8832
0.36196,-2.1557,-4.9641
0.35523,-2.1338,-5.0325
0.39038,-2.1061,-5.0896
0.36009,-2.0695,-5.1347
0.40234,-2.0256,-5.167
0.3126,-1.9782,-5.1861
0.22435,-1.933,-5.1932
0.12152,-1.885,-5.1893
-0.055356,-1.8349,-5.1749
-0.18586,-1.7877,-5.1509
-0.39302,-1.7374,-5.118
-0.50296,-1.6805,-5.0756
-0.57176,-1.6252,-5.0242
-0.61103,-1.5702,-4.9654
-0.60841,-1.5064,-4.8984
-0.64057,-1.4406,-4.8227
-0.60991,-1.3757,-4.7384
-0.63608,-1.3159,-4.6474
-0.6215,-1.2507,-4.5509
-0.55269,-1.172,-4.4459
-0.55494,-1.1029,-4.3336
-0.53661,-1.0347,-4.2161
-0.51493,-0.96544,-4.0934
-0.52241,-0.88653,-3.965
-0.5239,-0.81789,-3.8299
-0.47828,-0.76666,-3.6938
-0.47305,-0.66456,-3.5528
-0.48725,-0.57642,-3.4008
-0.46968,-0.52961,-3.2481
-0.48688,-0.43442,-3.0937
-0.47716,-0.34284,-2.9299
-0.41209,-0.26687,-2.7629
-0.34927,-0.15228,-2.5885
-0.2943,-0.054495,-2.4043
-0.17502,0.052007,-2.2146
-0.088263,0.13218,-2.0201
-0.030676,0.241,-1.8233
0.060939,0.34813,-1.6183
0.098706,0.4201,-1.416
0.13423,0.57098,-1.2056
0.15106,0.61577,-0.9958
0.17424,0.78564,-0.78465
0.18621,0.82745,-0.56393
0.17237,0.97192,-0.35602
0.17536,1.0944,-0.11721
0.15854,0.27194,0.011983
0.21276,-0.041782,-0.01076
0.26062,0.13292,-0.0084388
0.28007,0.0029589,-0.0055632
0.30063,0.061042,-0.0090049
0.26399,0.023196,-0.004461
0.26212,0.026124,-0.007779
0.25838,0.03033,-0.004056
0.25763,0.00327,-0.0058556
0.258,0.02609,-0.0045172
0.20154,0.0054745,-0.0041273
0.15068,0.017471,-0.0041648
0.096463,0.0089236,-0.0028826
0.055703,0.0086686,-0.0031487
0.01831,0.008335,-0.0022264
-0.014597,0.0078513,-0.0020202
-0.032172,0.0075552,-0.0011167
-0.081532,0.00064574,-0.0012104
-0.091628,0.0069703,-0.00071178
-0.053861,0.0050171,0.00097534
-0.025441,0.00084444,0.0017889
0.0082132,0.0059956,0.0027712
0.052338,0.004391,0.0043271
0.093471,-0.0024584,0.0044471
0.094967,0.0077801,0.0050957
0.0744,-0.00024277,0.0057855
0.054208,0.0028427,0.0061117
0.01457,-0.0026384,0.0072289
-0.0059964,-0.00011531,0.0064829
-0.030676,0.010371,0.0086236
-0.03292,-0.012517,0.0073977
-0.029555,0.016838,0.0088898
-0.013849,-0.019044,0.0089423
0.028406,0.01953,0.0080875
0.022423,-0.013687,0.011514
0.075148,-0.0027959,0.0064904
0.11628,0.017884,0.014116
0.12825,-0.055245,0.0056393
0.13947,0.10284,0.015728
0.15106,-0.20141,0.0053356
0.15779,0.71354,0.027999
0.15741,2.2514,0.33176
0.34588,2.025,0.72422
0.35261,1.9243,1.0534
0.36794,2.023,1.3959
0.55641,1.9407,1.7041
0.43675,2.045,1.9999
0.4891,1.999,2.2784
0.57772,2.0714,2.5409
0.51004,2.0815,2.7954
0.61923,2.1172,3.0338
0.65326,2.1504,3.2649
0.67495,2.14,3.4764
0.6985,2.1854,3.6778
0.74973,2.199,3.8704
0.78339,2.2154,4.0519
0.71383,2.2086,4.221
0.69327,2.1999,4.3743
0.6039,2.1834,4.5134
0.52126,2.1449,4.6348
0.41581,2.129,4.7416
0.33055,2.1142,4.8365
0.3197,2.0777,4.9163
0.30662,2.0513,4.9824
0.34476,2.021,5.0375
0.34102,1.977,5.0804
0.34401,1.9362,5.111
0.29689,1.8902,5.1293
0.21575,1.8429,5.1348
0.12413,1.7877,5.129
-0.031798,1.745,5.1135
-0.15782,1.7052,5.0884
-0.31637,1.6405,5.054
-0.42742,1.5913,5.011
-0.4708,1.5414,4.9593
-0.50184,1.479,4.8994
-0.4794,1.4187,4.8307
-0.49137,1.353,4.7536
-0.488,1.2949,4.6696
-0.48613,1.2244,4.5778
-0.52203,1.1507,4.478
-0.50969,1.0915,4.3713
-0.52764,1.0177,4.2585
-0.55643,0.95005,4.1394
-0.53699,0.88791,4.016
-0.52203,0.80701,3.8863
-0.51156,0.75263,3.751
-0.47791,0.68671,3.6155
-0.45024,0.58281,3.4718
-0.45435,0.51777,3.3194
-0.45884,0.4591,3.1681
-0.47828,0.36095,3.0112
-0.49137,0.28427,2.847
-0.45136,0.19522,2.6801
-0.40686,0.077932,2.5023
-0.36535,-0.0050378,2.3175
-0.2614,-0.10445,2.1284
-0.15333,-0.18886,1.935
-0.087141,-0.30565,1.7371
-0.012353,-0.38724,1.533
0.023919,-0.49032,1.3305
0.028032,-0.61363,1.118
0.053086,-0.66923,0.91149
0.064304,-0.84094,0.69559
0.065052,-0.83628,0.48155
0.07627,-1.0861,0.26646
0.081131,-0.95415,0.035925
0.11927,-0.098489,-0.038481
0.20378,-0.045572,-0.01064
0.2782,-0.12468,-0.02113
0.31933,-0.026175,-0.017204
0.31036,-0.087985,-0.01837
0.28755,-0.028195,-0.019608
0.29241,-0.060677,-0.018018
0.26062,-0.038355,-0.020732
0.22585,-0.037913,-0.018404
0.23033,-0.050933,-0.020935
0.19406,-0.030775,-0.020237
0.12974,-0.040908,-0.020819
0.09908,-0.029016,-0.02143
0.083749,-0.03323,-0.021512
0.042989,-0.031719,-0.022097
0.025788,-0.031247,-0.022314
0.0040999,-0.027506,-0.023004
-0.033668,-0.027104,-0.022944
-0.040773,-0.035277,-0.024118
-0.034416,-0.030355,-0.025456
0.0085872,-0.026193,-0.026304
0.047103,-0.030951,-0.02756
0.085618,-0.024623,-0.028549
0.11927,-0.023363,-0.028613
0.10544,-0.026572,-0.029569
0.056451,-0.021582,-0.029618
0.016814,-0.031907,-0.030484
0.013822,-0.015216,-0.030881
-0.027311,-0.028379,-0.030896
-0.053487,-0.020274,-0.032396
-0.048999,-0.019839,-0.030739
-0.072183,-0.028975,-0.033896
-0.054608,0.00040206,-0.031462
-0.023945,-0.052703,-0.033866
0.044859,0.015207,-0.033659
0.090854,-0.053415,-0.031987
0.10693,0.0070416,-0.037232
0.14171,-0.023644,-0.028069
0.1361,-0.053884,-0.04361
0.18359,0.10881,-0.018082
0.087488,-1.3017,-0.11694
0.15629,-2.265,-0.49024
0.32756,-1.8617,-0.85972
0.21313,-1.9932,-1.191
0.48125,-1.9731,-1.5266
0.62334,-1.9766,-1.8254
0.54369,-2.0315,-2.1185
0.80956,-2.0073,-2.3882
0.73515,-2.089,-2.6497
0.65812,-2.0871,-2.8984
0.76581,-2.1437,-3.1357
0.69888,-2.1353,-3.3616
0.70636,-2.1506,-3.5684
0.73851,-2.1892,-3.7686
0.77329,-2.1995,-3.958
0.71383,-2.2126,-4.1361
0.67008,-2.2004,-4.3
0.62783,-2.1969,-4.4491
0.50032,-2.1707,-4.5836
0.43787,-2.1457,-4.7014
0.34962,-2.1303,-4.8055
0.29876,-2.0978,-4.8959
0.26623,-2.0662,-4.9717
0.28755,-2.0414,-5.0356
0.29989,-2.0087,-5.0881
0.3025,-1.9683,-5.1277
0.29989,-1.9271,-5.155
0.23183,-1.8782,-5.17
0.17574,-1.8281,-5.1728
0.027284,-1.7831,-5.1646
-0.069192,-1.7357,-5.1473
-0.19745,-1.686,-5.1206
-0.36572,-1.6328,-5.0841
-0.40873,-1.5779,-5.0388
-0.45921,-1.523,-4.9849
-0.47828,-1.4644,-4.9227
-0.47379,-1.4005,-4.852
-0.45173,-1.333,-4.7722
-0.44014,-1.2756,-4.685
-0.4723,-1.2158,-4.5925
-0.46594,-1.1392,-4.4919
-0.45659,-1.0742,-4.383
-0.4809,-1.0101,-4.2692
-0.49062,-0.93917,-4.1495
-0.45435,-0.86536,-4.0243
-0.46295,-0.79486,-3.8926
-0.47342,-0.74752,-3.7574
-0.42817,-0.66323,-3.6204
-0.42556,-0.5634,-3.4728
-0.43229,-0.51027,-3.32
-0.4106,-0.44136,-3.1684
-0.41508,-0.33984,-3.0082
-0.43715,-0.26374,-2.8418
-0.38928,-0.16347,-2.6712
-0.32983,-0.051173,-2.4891
-0.25766,0.035519,-2.3012
-0.15595,0.125,-2.1084
-0.11556,0.21396,-1.9132
-0.013475,0.33642,-1.7108
0.054956,0.39673,-1.5064
0.040746,0.52965,-1.3007
0.071409,0.61092,-1.0869
0.1002,0.71716,-0.88004
0.10506,0.85753,-0.65757
0.070287,0.85567,-0.44814
0.097958,1.1499,-0.21924
0.12152,0.67702,-0.01647
0.14582,-0.048935,0.0046158
0.23145,0.099436,-0.014434
0.25688,0.053181,-0.0025451
0.29615,0.025288,-0.0097473
0.30101,0.050241,-0.0045772
0.27147,0.002629,-0.0067367
0.26885,0.044847,-0.0052483
0.25015,0.0025015,-0.004281
0.28306,0.026075,-0.005447
0.25651,0.013467,-0.003025
0.18471,0.0089048,-0.004206
0.1619,0.01578,-0.0026464
0.13012,0.0057406,-0.0026276
0.12339,0.012016,-0.0021965
0.099454,0.0069141,-0.0016566
0.058321,0.010847,-0.0011317
0.020553,0.00015087,-0.00070429
-0.016093,0.0050508,-0.00071178
-0.019084,0.011844,0.00084412
0.0040999,0.0061718,0.0020214
0.045981,0.0073002,0.0028462
0.066174,0.0071428,0.0043533
0.086366,0.0012906,0.0048745
0.10918,0.0065354,0.004942
0.080009,0.0049159,0.0062917
0.056077,0.00015837,0.0062842
0.044111,0.00817,0.0073527
0.0048478,-0.0076696,0.0072664
-0.024693,0.010948,0.0078438
-0.047504,-0.007797,0.0089086
-0.056478,0.0044585,0.0078551
-0.050869,0.0016317,0.010742
-0.036285,-0.012712,0.0078701
-0.014597,0.024861,0.011694
0.026162,-0.040342,0.0089836
0.067669,0.046642,0.010693
0.098332,-0.056043,0.012433
0.11179,0.044862,0.0067116
0.08674,-0.03524,0.020017
0.11815,-0.0071897,-0.0067704
0.11815,1.6398,0.14609
0.22472,2.2756,0.5378
0.3571,1.851,0.88958
0.31821,2.0118,1.2254
0.49246,1.9282,1.5548
0.52275,1.9704,1.8515
0.42852,1.9931,2.143
0.57922,1.9962,2.4099
0.54743,2.0584,2.6706
0.55267,2.0596,2.9167
0.66747,2.1119,3.1528
0.65812,2.0809,3.3737
0.66784,2.1176,3.5791
0.69589,2.1511,3.7784
0.75422,2.157,3.9658
0.71496,2.1628,4.1421
0.65213,2.1521,4.3028
0.60913,2.1395,4.4494
0.49433,2.0991,4.5792
0.41655,2.0911,4.6926
0.33204,2.0698,4.7948
0.26399,2.0279,4.8823
0.24679,2.0073,4.9555
0.27558,1.9737,5.0167
0.28605,1.9388,5.0658
0.28867,1.9016,5.1034
0.27745,1.853,5.128
0.19481,1.8027,5.1399
0.14545,1.7525,5.1401
0.015692,1.7093,5.1294
-0.14398,1.6603,5.1093
-0.26177,1.6113,5.08
-0.39227,1.5636,5.042
-0.43677,1.5021,4.9954
-0.47155,1.4453,4.9399
-0.4622,1.39,4.8756
-0.43603,1.3259,4.8026
-0.44575,1.2669,4.722
-0.41583,1.2045,4.6342
-0.45061,1.1319,4.5385
-0.47903,1.0663,4.435
-0.45024,1.0006,4.3248
-0.47155,0.92994,4.2087
-0.47379,0.87159,4.088
-0.46033,0.79634,3.9615
-0.47828,0.73023,3.8277
-0.43939,0.68374,3.6937
-0.39265,0.58803,3.555
-0.38293,0.50062,3.4046
-0.37096,0.45342,3.2529
-0.38367,0.36748,3.0992
-0.39863,0.27517,2.937
-0.38554,0.20542,2.7714
-0.35787,0.092035,2.5977
-0.32422,0.0020704,2.4139
-0.23859,-0.086013,2.2266
-0.13874,-0.17912,2.0334
-0.081158,-0.27278,1.8374
-0.02245,-0.3837,1.6333
0.020927,-0.4475,1.4297
0.052712,-0.59413,1.2208
0.074774,-0.64624,1.0088
0.072905,-0.78735,0.80008
0.041868,-0.86513,0.57822
0.02504,-0.93823,0.37124
0.051216,-1.1625,0.1338
0.077766,-0.45698,-0.028658
0.14694,0.041135,-0.019038
0.22323,-0.14831,-0.012608
0.27894,-0.038775,-0.019701
0.28493,-0.065356,-0.013778
0.24978,-0.057543,-0.01912
0.2595,-0.038985,-0.015615
0.24716,-0.059736,-0.018644
0.24492,-0.03275,-0.017696
0.24005,-0.051274,-0.018205
0.19518,-0.030449,-0.019255
0.18583,-0.03969,-0.018505
0.1432,-0.03118,-0.020125
0.10506,-0.031033,-0.019671
0.099828,-0.031202,-0.020312
0.068417,-0.031682,-0.020669
0.038502,-0.03118,-0.0214
0.0040999,-0.020611,-0.021441
-0.012353,-0.036353,-0.022003
-0.0078661,-0.033838,-0.02342
0.010457,-0.026628,-0.024062
0.053086,-0.029755,-0.025306
0.099828,-0.026595,-0.026783
0.11292,-0.019306,-0.026795
0.091228,-0.027157,-0.027425
0.084123,-0.024315,-0.028486
0.066922,-0.025946,-0.028373
0.035137,-0.024634,-0.029667
0.017562,-0.017409,-0.028954
-0.021702,-0.029013,-0.030544
-0.040025,-0.0094841,-0.029955
-0.050121,-0.039847,-0.030461
-0.053861,-0.0042317,-0.032047
-0.026937,-0.02914,-0.02961
-0.002257,-0.020502,-0.034237
0.060191,-0.00029901,-0.029183
0.077392,-0.063106,-0.035422
0.10319,0.050759,-0.030019
0.092349,-0.12046,-0.034016
0.10132,0.14069,-0.034207
0.126,-0.41145,-0.028722
0.068043,-2.046,-0.28267
0.26287,-2.0632,-0.68597
0.25576,-1.8604,-1.02
0.27782,-2.0201,-1.3614
0.60651,-1.9169,-1.6763
0.53285,-2.0129,-1.9715
0.63942,-1.9771,-2.2544
0.79236,-2.0307,-2.5176
0.62484,-2.0593,-2.7756
0.68355,-2.0791,-3.0172
0.69813,-2.1125,-3.2508
0.66186,-2.0943,-3.4657
0.68467,-2.1423,-3.6699
0.71047,-2.1538,-3.8666
0.73029,-2.1649,-4.0507
0.66747,-2.1625,-4.2227
0.63606,-2.1519,-4.3791
0.5407,-2.1343,-4.5218
0.45283,-2.1024,-4.6476
0.35411,-2.0862,-4.7582
0.28568,-2.0624,-4.8562
0.26586,-2.0269,-4.9398
0.24679,-1.9978,-5.0098
0.29054,-1.9699,-5.0682
0.27184,-1.93,-5.1149
0.28792,-1.8878,-5.1479
0.25352,-1.8416,-5.1685
0.18845,-1.7926,-5.1776
0.091228,-1.7473,-5.1746
-0.062835,-1.6996,-5.162
-0.15408,-1.6517,-5.1401
-0.30141,-1.5993,-5.1079
-0.38816,-1.5449,-5.0671
-0.42294,-1.4942,-5.0178
-0.43976,-1.4365,-4.96
-0.40835,-1.3748,-4.8938
-0.41322,-1.3095,-4.8184
-0.40648,-1.2496,-4.7347
-0.43116,-1.1924,-4.645
-0.44201,-1.1195,-4.548
-0.41022,-1.054,-4.4426
-0.42817,-0.98851,-4.3316
-0.44388,-0.92332,-4.2141
-0.41172,-0.86044,-4.091
-0.39751,-0.78007,-3.9624
-0.41695,-0.72511,-3.8284
-0.38031,-0.65902,-3.6929
-0.34105,-0.55978,-3.5492
-0.35937,-0.49781,-3.3972
-0.36572,-0.44293,-3.2465
-0.36834,-0.34545,-3.0901
-0.36984,-0.26656,-2.925
-0.33244,-0.18874,-2.7576
-0.30365,-0.065472,-2.5796
-0.25915,0.019211,-2.393
-0.15071,0.1128,-2.2023
-0.083776,0.19436,-2.0068
-0.02058,0.30304,-1.8078
0.042616,0.39557,-1.6015
0.051216,0.47966,-1.3978
0.090854,0.61558,-1.1844
0.10469,0.66152,-0.97442
0.087862,0.83495,-0.75788
0.061686,0.83959,-0.53829
0.067669,1.0415,-0.32632
0.09908,1.0406,-0.086995
0.084871,0.16183,0.015046
0.14956,-0.011996,-0.012874
0.22996,0.12384,-0.0051995
0.26473,-0.00041898,-0.0062568
0.27408,0.068004,-0.0071004
0.2408,0.01006,-0.0039961
0.23332,0.026705,-0.0067854
0.23145,0.024849,-0.0030625
0.2423,0.0036449,-0.0054057
0.23183,0.020617,-0.0031337
0.21014,0.0037987,-0.0032987
0.20079,0.01265,-0.003175
0.16377,0.010446,-0.002009
0.14545,0.011627,-0.0021815
0.11479,0.0049196,-0.0012929
0.096837,0.0058681,-0.0010117
0.069539,0.0039261,-0.00034062
0.022423,0.0046272,-0.0004081
0.015318,0.0081138,0.00041297
0.016066,0.0050958,0.0017814
0.049346,0.0052383,0.0027412
0.092723,0.005467,0.0038772
0.11628,0.0055569,0.0049682
0.13199,-0.0022185,0.0051369
0.12114,0.0056582,0.005988
0.10656,0.00025959,0.006914
0.070661,0.0050621,0.0067153
0.0127,0.005437,0.00796
0.0040999,-0.0060088,0.0074089
-0.008614,0.0098346,0.0090848
-0.035164,-0.01576,0.0086574
-0.029181,0.014843,0.0092872
-0.011605,-0.015111,0.010434
0.003352,0.0033825,0.0081138
0.015692,-0.00050895,0.012778
0.073278,-0.019498,0.0078063
0.080383,0.041446,0.014056
0.064678,-0.072726,0.0084137
0.084497,0.099676,0.012781
0.087488,-0.15884,0.012841
0.086366,0.39889,0.0076114
0.085618,2.0771,0.25995
0.25838,2.1025,0.66029
0.32943,1.8527,0.9933
0.32494,2.0014,1.3337
0.51378,1.8962,1.6483
0.43413,1.9878,1.9441
0.40907,1.95,2.2274
0.54033,1.9922,2.4899
0.45694,2.0266,2.7477
0.52874,2.0428,2.9892
0.6024,2.0707,3.2206
0.59081,2.0561,3.4339
0.6297,2.1018,3.6382
0.64765,2.1103,3.8351
0.69177,2.1123,4.018
0.64353,2.1096,4.188
0.59642,2.0939,4.3427
0.51976,2.0693,4.4821
0.40795,2.0388,4.6044
0.33391,2.0167,4.7129
0.25426,1.9939,4.8083
0.23519,1.9592,4.8893
0.24866,1.9301,4.9574
0.28867,1.8974,5.0138
0.27259,1.85,5.058
0.28755,1.8093,5.0891
0.28418,1.7615,5.1073
0.1907,1.7162,5.1134
0.10394,1.6725,5.1089
-0.058722,1.6221,5.0945
-0.16679,1.5724,5.0703
-0.26514,1.5196,5.0375
-0.37769,1.4708,4.9959
-0.40574,1.4222,4.9458
-0.40611,1.3664,4.8868
-0.36161,1.2983,4.8188
-0.37358,1.2271,4.7427
-0.38218,1.1724,4.6572
-0.37956,1.1194,4.5661
-0.41583,1.0544,4.4699
-0.41995,0.98716,4.3645
-0.43565,0.91197,4.2514
-0.42855,0.85159,4.1326
-0.41471,0.78697,4.0091
-0.41135,0.70863,3.879
-0.38592,0.6639,3.7457
-0.34965,0.58472,3.61
-0.3201,0.4901,3.4638
-0.3145,0.44066,3.3124
-0.32534,0.37377,3.1614
-0.33955,0.282,3.003
-0.34553,0.21059,2.8384
-0.33656,0.1158,2.6692
-0.29842,0.008976,2.4887
-0.22961,-0.073922,2.3029
-0.14136,-0.17711,2.1112
-0.066948,-0.25286,1.9163
0.0014823,-0.35995,1.7161
0.05346,-0.43049,1.5116
0.059443,-0.5513,1.307
0.064304,-0.65021,1.0927
0.078514,-0.7255,0.88586
0.052338,-0.88068,0.6648
0.029154,-0.86812,0.45223
0.062808,-1.1478,0.22891
0.068791,-0.81794,0.011424
0.10207,-0.012749,-0.030979
0.18733,-0.091156,-0.0064518
0.23108,-0.095318,-0.018966
0.25239,-0.031123,-0.012349
0.24155,-0.084899,-0.016106
0.23931,-0.026951,-0.015439
0.24379,-0.062608,-0.015161
0.22061,-0.032199,-0.017276
0.2251,-0.044804,-0.015409
0.21986,-0.039596,-0.017677
0.1993,-0.027805,-0.016747
0.18284,-0.039611,-0.01795
0.14657,-0.031532,-0.0181
0.11516,-0.032844,-0.018172
0.094967,-0.02538,-0.018963
0.071035,-0.029807,-0.019386
0.033267,-0.02532,-0.019716
0.0059696,-0.02553,-0.019855
-0.010484,-0.030317,-0.020924
-0.010858,-0.028368,-0.022015
0.021301,-0.028327,-0.023121
0.072531,-0.029144,-0.024099
0.1103,-0.024439,-0.025089
0.11254,-0.024488,-0.025186
0.11329,-0.028214,-0.026142
0.081505,-0.015891,-0.02657
0.044859,-0.026347,-0.026881
0.02878,-0.016828,-0.027882
-0.0015092,-0.023329,-0.027477
-0.015345,-0.022201,-0.029419
-0.025441,-0.0081157,-0.027874
-0.030676,-0.036046,-0.030086
0.0011084,0.005182,-0.029172
0.024667,-0.042843,-0.029584
0.049346,0.0042373,-0.031732
0.08861,-0.03154,-0.027665
0.1002,-0.019142,-0.035062
0.12077,0.016347,-0.025325
0.10058,-0.10241,-0.038533
0.1174,0.17494,-0.02137
0.083749,-0.93973,-0.068947
0.088984,-2.2413,-0.40302
0.261,-1.9084,-0.78814
0.20042,-1.9216,-1.1163
0.35485,-1.97,-1.4566
0.57735,-1.9115,-1.7594
0.47788,-1.9949,-2.0533
0.68055,-1.9497,-2.3278
0.71234,-2.0232,-2.5896
0.56202,-2.0285,-2.8431
0.65774,-2.0614,-3.0813
0.6211,-2.0603,-3.3078
0.61549,-2.0719,-3.5173
0.66148,-2.114,-3.7211
0.68654,-2.1108,-3.9136
0.67868,-2.1185,-4.0929
0.60726,-2.1056,-4.2588
0.55603,-2.0895,-4.4089
0.44722,-2.0614,-4.5435
0.36383,-2.0415,-4.6624
0.28156,-2.0176,-4.7682
0.22136,-1.9799,-4.8591
0.21164,-1.9571,-4.9363
0.25576,-1.9301,-5.0025
0.28081,-1.889,-5.056
0.27633,-1.8481,-5.0967
0.28755,-1.8034,-5.125
0.21986,-1.7528,-5.1401
0.17013,-1.7122,-5.1437
0.050468,-1.6693,-5.1374
-0.064331,-1.6169,-5.1208
-0.14996,-1.568,-5.0944
-0.30029,-1.5191,-5.059
-0.35339,-1.4653,-5.015
-0.37582,-1.4097,-4.9622
-0.37283,-1.3495,-4.9008
-0.37395,-1.286,-4.8308
-0.37694,-1.2281,-4.7519
-0.34291,-1.1683,-4.6663
-0.3833,-1.1073,-4.5738
-0.38517,-1.042,-4.473
-0.3646,-0.97344,-4.3662
-0.38928,-0.9106,-4.2524
-0.36685,-0.84709,-4.1331
-0.32833,-0.77494,-4.0088
-0.35899,-0.7117,-3.8768
-0.35825,-0.65955,-3.7432
-0.29393,-0.56644,-3.6044
-0.28869,-0.48268,-3.4551
-0.2786,-0.44086,-3.3044
-0.28196,-0.35797,-3.1516
-0.30552,-0.26626,-2.9898
-0.31861,-0.19726,-2.8238
-0.31375,-0.084457,-2.6503
-0.24943,0.014498,-2.4655
-0.19708,0.1016,-2.277
-0.10359,0.1853,-2.0827
-0.00076128,0.27576,-1.8856
0.03738,0.38662,-1.6815
0.071783,0.44252,-1.4771
0.10095,0.58482,-1.2684
0.11366,0.64482,-1.0551
0.11703,0.78233,-0.84526
0.097958,0.86709,-0.62102
0.06206,0.91403,-0.41271
0.080383,1.1722,-0.17462
0.087114,0.5081,0.001519
0.10544,-0.066428,-0.0014541
0.18172,0.12494,-0.011176
0.22173,0.029982,-0.0023389
0.22846,0.040239,-0.0088287
0.21612,0.039815,-0.0028975
0.20977,0.014438,-0.0063805
0.16863,0.041394,-0.0036436
0.17499,0.0064492,-0.0039398
0.21911,0.028681,-0.0040523
0.1907,0.0055045,-0.0024664
0.17686,0.014363,-0.0032575
0.16639,0.013014,-0.0016603
0.15293,0.0017854,-0.002009
0.11965,0.010236,-0.0014016
0.1017,0.0053358,-0.00094048
0.081879,0.0049908,-0.00021689
0.032519,0.0049908,2.3052e-05
0.010457,0.00363,0.00033798
-1.3407e-05,0.0019916,0.0014702
0.037006,0.0097483,0.0022875
0.055329,0.006348,0.003461
0.093471,0.0050883,0.0046383
0.13834,0.0053732,0.0055081
0.11853,-0.00068891,0.0056506
0.11067,0.0046947,0.0066703
0.088236,-0.0069797,0.006794
0.074774,0.005227,0.0072777
0.057199,-1.4085e-05,0.0087024
0.031023,-0.00077888,0.0077276
0.016814,0.0051558,0.0097334
-0.002631,-0.014631,0.0082975
0.013448,0.017479,0.01021
0.02878,-0.022726,0.010198
0.032519,0.020523,0.0094972
0.068043,-0.016652,0.012755
0.098706,2.3405e-05,0.007975
0.082253,0.011053,0.015338
0.094593,-0.053258,0.0065316
0.070287,0.09872,0.0174
0.059817,-0.20319,0.0052231
0.087488,0.76806,0.034335
0.10731,2.2451,0.34527
0.28717,1.9679,0.73406
0.29951,1.8784,1.0599
0.33578,1.9641,1.3995
0.50144,1.8819,1.7056
0.36009,1.9694,2
0.40758,1.9173,2.2759
0.48685,1.9881,2.5372
0.39786,1.9982,2.7924
0.50592,2.0105,3.0297
0.53472,2.0234,3.2547
0.5336,2.0326,3.4649
0.58632,2.0702,3.6694
0.62596,2.0595,3.862
0.62072,2.0603,4.0403
0.55977,2.0524,4.205
0.53098,2.0299,4.3532
0.42216,1.9935,4.4852
0.3384,1.9717,4.6021
0.26885,1.9533,4.7059
0.20453,1.9174,4.7954
0.19593,1.8843,4.8711
0.22024,1.8582,4.9345
0.27745,1.8212,4.9864
0.26399,1.7735,5.0257
0.27034,1.7313,5.0517
0.22472,1.6796,5.0654
0.1548,1.6318,5.0676
0.072531,1.5917,5.0592
-0.067696,1.5439,5.0414
-0.15744,1.4988,5.0147
-0.29617,1.4476,4.9788
-0.35638,1.3939,4.9339
-0.34703,1.3372,4.8806
-0.33805,1.2742,4.8183
-0.29617,1.214,4.7465
-0.32384,1.1502,4.6659
-0.30589,1.0971,4.5787
-0.32721,1.0407,4.4862
-0.38442,0.96792,4.3852
-0.35264,0.8958,4.2761
-0.35974,0.83614,4.161
-0.37246,0.77915,4.0409
-0.34366,0.70562,3.9147
-0.33843,0.65106,3.7835
-0.35189,0.58613,3.6508
-0.32721,0.49209,3.5096
-0.27748,0.42817,3.3599
-0.2958,0.37531,3.2104
-0.32833,0.287,3.0563
-0.29879,0.20711,2.8937
-0.3216,0.13393,2.7273
-0.33805,0.014112,2.5514
-0.26588,-0.073577,2.3669
-0.18736,-0.1583,2.1777
-0.10696,-0.23714,1.9834
-0.041521,-0.33915,1.7863
0.022049,-0.42754,1.5815
0.061686,-0.50845,1.3785
0.058321,-0.63866,1.1668
0.071783,-0.68662,0.958
0.092349,-0.85954,0.74376
0.048599,-0.86153,0.52467
0.02691,-1.0446,0.31372
0.068417,-1.0697,0.074571
0.0744,-0.20679,-0.033783
0.10992,-0.0022148,-0.0070741
0.17088,-0.14538,-0.013433
0.22996,-0.021605,-0.013047
0.23594,-0.084659,-0.011539
0.21014,-0.033017,-0.01497
0.22846,-0.049827,-0.011708
0.19182,-0.045231,-0.015465
0.19743,-0.030062,-0.013118
0.21051,-0.048613,-0.014917
0.17873,-0.024743,-0.014989
0.19182,-0.037857,-0.015067
0.16489,-0.034827,-0.016241
0.14507,-0.033616,-0.015881
0.12862,-0.026452,-0.016631
0.08861,-0.028758,-0.016889
0.045981,-0.025196,-0.017452
0.0044739,-0.023532,-0.017497
0.0063435,-0.030958,-0.018299
-0.002257,-0.024049,-0.019105
0.023545,-0.026924,-0.020136
0.055329,-0.030973,-0.021441
0.072905,-0.028248,-0.022172
0.11703,-0.020382,-0.022836
0.10207,-0.021342,-0.023139
0.089358,-0.022951,-0.024347
0.072905,-0.015468,-0.024118
0.028406,-0.026328,-0.02507
0.016066,-0.014437,-0.025674
-0.002631,-0.026557,-0.025464
-0.015345,-0.013001,-0.027155
-0.0071182,-0.014497,-0.025441
-0.0056225,-0.0255,-0.028283
0.020927,0.0045035,-0.026169
0.047103,-0.046903,-0.028602
0.079261,0.014015,-0.028182
0.10768,-0.053359,-0.027012
0.099828,0.015949,-0.031789
0.10619,-0.029965,-0.022997
0.082253,-0.045242,-0.038166
0.12526,0.10622,-0.012432
0.089358,-1.3349,-0.11605
0.11553,-2.2569,-0.48929
0.24828,-1.8318,-0.85446
0.18097,-1.953,-1.1838
0.42029,-1.9157,-1.5167
0.54369,-1.9166,-1.8129
0.46741,-1.9634,-2.1045
0.69776,-1.9324,-2.3729
0.61811,-2.0093,-2.6337
0.53434,-1.9961,-2.8831
0.6024,-2.0254,-3.1167
0.54033,-2.0217,-3.3375
0.57249,-2.0527,-3.5454
0.60352,-2.0766,-3.7477
0.65101,-2.0676,-3.9359
0.60577,-2.0678,-4.1105
0.52799,-2.0472,-4.2704
0.47227,-2.0248,-4.4145
0.36345,-1.9973,-4.5426
0.26623,-1.9761,-4.656
0.18022,-1.9451,-4.7559
0.19406,-1.9131,-4.8409
0.1634,-1.8856,-4.9133
0.20004,-1.8545,-4.9743
0.25202,-1.817,-5.0227
0.25015,-1.7708,-5.0584
0.25539,-1.726,-5.0813
0.17649,-1.6815,-5.0919
0.13535,-1.6337,-5.092
0.010083,-1.5849,-5.0818
-0.099481,-1.5354,-5.0615
-0.20157,-1.4887,-5.0318
-0.33357,-1.4408,-4.9934
-0.34067,-1.3856,-4.9463
-0.36386,-1.3276,-4.8904
-0.33731,-1.2699,-4.8258
-0.30066,-1.2097,-4.7525
-0.30889,-1.1503,-4.671
-0.30029,-1.0876,-4.5824
-0.33357,-1.0204,-4.4864
-0.33843,-0.958,-4.3832
-0.2958,-0.89012,-4.2728
-0.31898,-0.8318,-4.1566
-0.33095,-0.76804,-4.036
-0.2872,-0.69105,-3.9073
-0.30103,-0.64477,-3.7749
-0.26327,-0.57111,-3.6403
-0.23559,-0.48159,-3.4949
-0.2513,-0.43065,-3.345
-0.23111,-0.36073,-3.1951
-0.27299,-0.26748,-3.0375
-0.3029,-0.19651,-2.8736
-0.30477,-0.10077,-2.7046
-0.27635,0.0046309,-2.5237
-0.1997,0.077969,-2.3371
-0.13014,0.17625,-2.1446
-0.060217,0.25717,-1.9486
0.023919,0.36466,-1.7472
0.088236,0.43338,-1.5411
0.097211,0.54778,-1.3364
0.094219,0.64278,-1.1219
0.10805,0.72037,-0.91373
0.096089,0.87641,-0.69249
0.048972,0.85472,-0.47946
0.065052,1.1367,-0.2554
0.068791,0.82047,-0.034638
0.065052,-0.0027171,0.010851
0.13909,0.064135,-0.014183
0.18883,0.078993,-0.0016866
0.21351,0.013115,-0.0078539
0.19892,0.055018,-0.0039361
0.19369,0.0027227,-0.0048959
0.1892,0.044674,-0.0050046
0.17312,0.0078363,-0.0024252
0.20939,0.022525,-0.0044535
0.20341,0.013126,-0.0019603
0.19705,0.0048521,-0.0029013
0.18845,0.017486,-0.0016678
0.13797,0.004481,-0.0013866
0.1346,0.012125,-0.0013341
0.12226,0.0073865,-0.00050933
0.087862,0.010337,5.5726e-07
0.071409,0.0044322,0.00035673
0.033641,0.0070191,0.00053294
0.0026042,0.0047697,0.0016952
0.016814,0.0031201,0.002625
0.050842,0.0082712,0.0038172
0.074026,0.0051933,0.0049007
0.092349,0.0032438,0.005883
0.11853,-0.0037369,0.0061492
0.11292,0.0048559,0.006989
0.084497,-0.00090635,0.0074764
0.075148,0.0025352,0.0075139
0.043737,0.00046579,0.0090211
0.029154,-0.00038149,0.0082862
0.0127,0.0059656,0.010071
-0.017589,-0.016285,0.009246
0.013822,0.017734,0.010434
0.019057,-0.020529,0.010847
0.023919,0.013539,0.0095947
0.070287,-0.0095778,0.013561
0.078514,-0.007066,0.0084249
0.06393,0.026739,0.015653
0.084497,-0.066885,0.0079188
0.093471,0.10473,0.016077
0.091228,-0.19244,0.0094485
0.091228,0.59056,0.021071
0.097958,2.1794,0.30732
0.261,2.023,0.70271
0.28493,1.8585,1.0312
0.29315,1.9738,1.3722
0.46928,1.877,1.6827
0.34775,1.9553,1.9782
0.35298,1.9057,2.2578
0.47377,1.9729,2.5206
0.38851,1.9895,2.7783
0.47676,1.9983,3.0185
0.53397,2.0092,3.2473
0.52612,2.0144,3.4594
0.56389,2.058,3.6655
0.58483,2.0537,3.8614
0.61923,2.0535,4.0435
0.58034,2.0348,4.2123
0.52649,2.0182,4.3654
0.44049,1.9847,4.5024
0.33877,1.9632,4.6223
0.2509,1.9503,4.7304
0.18808,1.9054,4.8241
0.17985,1.8734,4.9029
0.19481,1.8484,4.9706
0.2408,1.8118,5.0254
0.27408,1.7707,5.0681
0.2666,1.7236,5.0982
0.21051,1.6734,5.115
0.16265,1.6267,5.1206
0.073278,1.5809,5.1155
-0.063209,1.5375,5.1006
-0.16118,1.4916,5.0767
-0.28458,1.4355,5.0436
-0.36012,1.3867,5.0015
-0.35937,1.339,4.9508
-0.35039,1.2734,4.8911
-0.31823,1.2139,4.8221
-0.30926,1.1557,4.7444
-0.2943,1.0975,4.6591
-0.29804,1.0443,4.5685
-0.33319,0.97352,4.4699
-0.32983,0.90415,4.3631
-0.34665,0.83305,4.249
-0.3474,0.77573,4.129
-0.30515,0.71491,4.0045
-0.31188,0.64901,3.8733
-0.31188,0.60288,3.7406
-0.2599,0.50926,3.6025
-0.24681,0.43108,3.4536
-0.24906,0.38661,3.3035
-0.27,0.30484,3.1516
-0.30403,0.22173,2.9908
-0.30627,0.15109,2.8252
-0.29729,0.044239,2.6531
-0.25915,-0.04838,2.4698
-0.20044,-0.12973,2.282
-0.12117,-0.22384,2.0884
-0.0576,-0.29748,1.8924
0.0127,-0.41137,1.6892
0.068417,-0.47388,1.4839
0.042242,-0.60025,1.2759
0.043363,-0.67523,1.0612
0.057199,-0.78094,0.8522
0.036259,-0.89216,0.62788
0.017936,-0.90761,0.41864
0.011579,-1.1875,0.18536
0.039624,-0.64893,-0.0098073
0.07814,0.03111,-0.022067
0.13273,-0.12878,-0.0060169
0.17536,-0.06422,-0.016976
0.18696,-0.048871,-0.009826
0.20304,-0.068284,-0.01515
0.19443,-0.025976,-0.012308
0.16302,-0.063773,-0.013991
0.16639,-0.027547,-0.01452
0.18808,-0.048129,-0.01377
0.17649,-0.031037,-0.015648
0.16415,-0.032735,-0.014674
0.15779,-0.036241,-0.0162
0.13386,-0.023899,-0.015881
0.11179,-0.033703,-0.016575
0.10132,-0.0292,-0.017099
0.06206,-0.0289,-0.017448
0.013074,-0.0237,-0.0178
0.0044739,-0.024356,-0.018014
0.0022302,-0.025496,-0.019131
0.032145,-0.02637,-0.019997
0.050842,-0.027416,-0.02116
0.057947,-0.026332,-0.022401
0.11441,-0.021672,-0.023094
0.11628,-0.021012,-0.023331
0.087862,-0.024593,-0.0245
0.074026,-0.016116,-0.02444
0.047477,-0.026621,-0.025134
0.028406,-0.01444,-0.025839
0.0070914,-0.023509,-0.025426
0.0063435,-0.016409,-0.02726
0.0040999,-0.011569,-0.025636
-0.00038735,-0.034662,-0.028264
0.036633,0.0020891,-0.02654
0.061312,-0.042674,-0.028276
0.08861,0.015469,-0.029022
0.085992,-0.04901,-0.026307
0.081879,-0.0043442,-0.032542
0.11292,-0.0049853,-0.022892
0.074774,-0.074274,-0.037956
0.10768,0.14987,-0.01506
0.057573,-1.1571,-0.091903
0.071035,-2.2622,-0.44973
0.25015,-1.8568,-0.82444
0.16153,-1.9322,-1.1536
0.33616,-1.9309,-1.4905
0.53846,-1.9,-1.7902
0.44348,-1.9637,-2.0839
0.64316,-1.9231,-2.3555
0.62521,-1.9968,-2.6177
0.49359,-1.99,-2.8702
0.58146,-2.0174,-3.1069
0.53135,-2.0105,-3.3311
0.5508,-2.0337,-3.5403
0.60988,-2.0642,-3.7442
0.63082,-2.0573,-3.9355
0.59904,-2.0593,-4.1138
0.54108,-2.039,-4.2774
0.47938,-2.0228,-4.4258
0.35523,-1.9923,-4.5585
0.2782,-1.9684,-4.6758
0.19593,-1.9414,-4.7797
0.19256,-1.9053,-4.8686
0.1892,-1.8816,-4.9446
0.19556,-1.8515,-5.0098
0.24118,-1.8107,-5.0623
0.26137,-1.7679,-5.1017
0.26399,-1.7205,-5.1282
0.1993,-1.6731,-5.1422
0.15779,-1.632,-5.1453
0.037006,-1.5829,-5.1378
-0.074053,-1.5335,-5.1203
-0.15595,-1.4883,-5.0934
-0.28383,-1.4342,-5.057
-0.3201,-1.383,-5.0122
-0.32609,-1.3304,-4.9587
-0.31076,-1.2708,-4.8963
-0.29542,-1.2056,-4.8251
-0.28159,-1.1481,-4.7449
-0.26588,-1.0947,-4.6581
-0.3044,-1.0279,-4.5648
-0.31786,-0.96695,-4.4633
-0.29954,-0.89922,-4.3544
-0.30216,-0.83691,-4.2397
-0.3029,-0.77435,-4.1204
-0.27935,-0.69372,-3.9933
-0.28234,-0.64941,-3.861
-0.2614,-0.58688,-3.7275
-0.22512,-0.48851,-3.5849
-0.24083,-0.43084,-3.4345
-0.24158,-0.37542,-3.2844
-0.26551,-0.28781,-3.1293
-0.27561,-0.20903,-2.9659
-0.26775,-0.12997,-2.7988
-0.26476,-0.017923,-2.6214
-0.20194,0.062021,-2.435
-0.13762,0.15141,-2.245
-0.065827,0.23664,-2.0488
0.015692,0.33196,-1.8501
0.064678,0.42483,-1.6438
0.094967,0.49358,-1.4393
0.10245,0.6346,-1.2267
0.094967,0.67817,-1.014
0.099454,0.83663,-0.80008
0.069539,0.86678,-0.57611
0.046355,0.99999,-0.36527
0.063556,1.1264,-0.1227
0.050468,0.30057,0.013501
0.091601,-0.045737,-0.0080414
0.1533,0.13211,-0.0070554
0.1877,0.0066217,-0.0034862
0.18696,0.057706,-0.0075503
0.16602,0.022806,-0.0026539
0.17611,0.024504,-0.0061593
0.1462,0.035455,-0.0024626
0.16751,0.0050808,-0.0039548
0.18621,0.025385,-0.0028001
0.16377,0.0099545,-0.0022115
0.172,0.017737,-0.0023202
0.14769,0.0078026,-0.00092924
0.13049,0.007094,-0.0014166
0.1189,0.0089086,-0.00035936
0.11441,0.0086574,5.3046e-05
0.077018,0.0064192,0.00036423
0.033267,0.0070303,0.00063042
0.029154,0.0080013,0.0011815
0.0127,0.0016017,0.0018302
0.047103,0.0057556,0.0021713
0.07814,0.002569,0.0026812
0.099454,0.0019766,0.0030861
0.13834,0.0010431,0.0028237
0.15031,-0.0011088,0.0030036
0.13086,-0.0016899,0.0034235
0.089732,-0.0047603,0.0030824
0.053834,-0.0014162,0.0032473
0.01644,-0.004243,0.0033411
0.019431,-0.0031258,0.0031124
0.025788,-0.00046397,0.0034011
0.020179,-0.0044567,0.0033336
0.028406,-0.0033994,0.0031873
0.020179,-0.0055101,0.0033711
0.040372,-0.0067098,0.0034123
