0.082253,-0.0099752,-0.0001944
0.078888,-0.012585,-0.00023189
0.078888,-0.010185,-0.00023564
0.078888,-0.0057388,0.00010928
0.080009,-0.0042505,0.00052169
0.079635,-0.0078308,0.00072415
0.06393,-0.0048541,0.0010466
0.072157,-0.007992,0.0012978
0.079635,-0.0090717,0.0015152
0.061312,-0.011853,0.0017439
0.065052,-0.0092741,0.0015827
0.054208,-0.00077888,0.0025837
0.040372,-0.018572,0.0018526
0.060565,0.0022728,0.0024375
0.070287,-0.02009,0.00243
0.053834,-0.0027471,0.0018751
0.059069,-0.0084231,0.0034535
0.088236,-0.023539,0.00097534
0.079635,0.011578,0.0040347
0.075148,-0.044552,0.0012153
0.09048,0.040884,0.003626
0.084497,-0.070837,0.0022088
0.059443,0.055355,0.00075039
0.078888,-0.08461,0.0061979
0.04972,0.08958,-0.0078052
0.072531,2.4377,0.10677
0.14582,3.6957,0.31354
0.057199,3.1859,0.46529
0.2509,3.0298,0.623
0.46479,2.7372,0.77241
0.46404,2.6485,0.90643
0.49209,2.6111,1.0277
0.36607,2.4594,1.1263
0.40534,2.449,1.2186
0.42665,2.3939,1.2925
0.27446,2.336,1.355
0.21388,2.2683,1.4036
0.14844,2.203,1.4414
0.097958,2.1285,1.4718
-0.037033,2.0532,1.4921
-0.095742,1.9841,1.5045
-0.066574,1.9069,1.5063
-0.14959,1.8177,1.4983
-0.13687,1.7299,1.4808
-0.067322,1.6433,1.4548
-0.14697,1.553,1.4216
-0.16866,1.4687,1.3825
-0.051243,1.3662,1.3361
-0.073305,1.2651,1.2815
-0.0015092,1.1548,1.2217
0.060939,1.0395,1.1557
-0.065453,0.93654,1.0855
-0.046008,0.81474,1.0113
-0.16118,0.68354,0.93072
-0.26214,0.54108,0.84331
-0.27074,0.44872,0.75659
-0.37395,0.30141,0.66724
-0.33656,0.16517,0.56867
-0.39377,0.042646,0.47176
-0.42518,-0.16305,0.36072
-0.33731,-0.25528,0.24934
-0.26177,-0.54193,0.12538
-0.09462,-0.46749,0.0091148
0.054208,-0.0041642,-0.0070816
0.1447,-0.036342,0.0057293
0.21575,-0.046142,-0.0008655
0.26997,-0.0091879,0.0033298
0.23407,-0.041021,0.00098284
0.26324,-0.0080857,0.0020064
0.26997,-0.032391,0.0018714
0.17349,-0.0097615,0.001249
0.18396,-0.019648,0.0020663
0.10581,-0.019813,0.00087786
0.057947,-0.011977,0.0015715
0.082253,-0.020885,0.00084412
0.087488,-0.014467,0.00090411
0.18359,-0.014725,0.00043921
0.2251,-0.01083,0.00056293
0.25239,-0.014062,0.00056668
0.28081,-0.012911,-2.9436e-05
0.28343,-0.011775,0.00022926
0.28455,-0.014849,-5.568e-05
0.28381,-0.012997,-0.00024689
0.28343,-0.011733,-0.00048683
0.25613,-0.014883,-0.00083176
0.24828,-0.0099377,-0.00089549
0.14844,-0.0093491,-0.00066305
0.065052,-0.012277,-0.00093299
0.022423,-0.0054314,-0.0011842
-0.073305,-0.008097,-0.00071178
-0.072557,-0.011733,-0.00081301
-0.10472,-0.0075758,-0.00090674
-0.14323,-0.0060088,-0.0006593
-0.12117,-0.0077108,-0.00090674
-0.13164,-0.0064924,-0.0010305
-0.11294,-0.0038906,-0.00071178
-0.051617,-0.0082394,-0.00066679
0.0018563,-0.010316,-0.00093673
0.023171,-0.0089667,-0.00095548
0.032519,-0.0079807,-0.00079427
-0.0093619,-0.0047003,-0.00076052
-0.036285,-0.0037181,-0.00067429
-0.048251,-0.0047378,-0.00071928
-0.065453,-0.0054726,-0.00086175
-0.021702,-0.0059188,-0.00061431
-0.008614,-0.0049665,-0.00052058
0.010831,-0.0031595,-0.00073053
0.044485,-0.0041792,-0.00080176
0.10581,-0.0048428,-0.00086175
0.17574,-0.0047416,-0.00085425
0.16751,-0.0076246,-0.0012442
0.22585,-0.0095253,-0.001889
0.25875,-0.01161,-0.0020765
0.23781,-0.0081157,-0.0024102
0.27932,-0.0052964,-0.0025789
0.25464,-0.013207,-0.00319
0.2337,-0.0064099,-0.0032725
0.24791,-0.011711,-0.00313
0.21388,-0.0080932,-0.0037786
0.18247,-0.0062674,-0.0031
0.14994,-0.011966,-0.004386
0.11142,-0.00044897,-0.0034674
0.095715,-0.024878,-0.0044684
0.091601,0.011184,-0.004176
0.079261,-0.021845,-0.00304
0.10095,-0.0005427,-0.0055032
0.089732,-0.0044304,-0.002024
0.071783,-0.027209,-0.0069879
0.057947,0.036464,-0.00050933
0.027284,-0.092701,-0.0070554
0.035137,0.14336,0.00021426
-0.038529,-0.53206,-0.014209
-0.039277,-1.793,-0.22306
-0.054982,-1.7213,-0.48496
-0.061339,-1.6664,-0.6876
0.061686,-1.7746,-0.88998
0.045607,-1.7564,-1.0617
0.16975,-1.8583,-1.2167
0.29764,-1.8361,-1.3481
0.27483,-1.9049,-1.4575
0.32157,-1.922,-1.5536
0.30325,-1.9441,-1.6296
0.31297,-1.9635,-1.6935
0.32083,-1.9474,-1.7405
0.3126,-1.9528,-1.7758
0.31634,-1.9328,-1.8003
0.27707,-1.9145,-1.8146
0.2408,-1.8723,-1.8185
0.16041,-1.8239,-1.8105
0.12862,-1.7696,-1.7932
0.083001,-1.7019,-1.7654
0.041494,-1.6361,-1.7293
0.055329,-1.5647,-1.6861
0.022797,-1.4832,-1.6358
0.010083,-1.3902,-1.5788
-0.013101,-1.293,-1.5137
0.01644,-1.2043,-1.4444
0.054208,-1.0896,-1.3696
0.020927,-0.98858,-1.2891
-0.026937,-0.86785,-1.2058
-0.07181,-0.73127,-1.1126
-0.11631,-0.63333,-1.0181
-0.19708,-0.50015,-0.9222
-0.21503,-0.38196,-0.82202
-0.26476,-0.22959,-0.71551
-0.29393,-0.11521,-0.60487
-0.26289,0.072844,-0.48869
-0.28832,0.23176,-0.35849
-0.21428,0.35911,-0.23592
-0.20568,0.65179,-0.09221
-0.18474,0.30917,0.0065204
-0.10098,-0.063024,-0.0010117
-0.083402,0.058575,-0.0054245
0.033641,0.0014443,-0.0012329
0.054956,0.01331,-0.0048696
0.077018,0.017719,-0.0015441
0.11217,-0.0014987,-0.0040036
0.091975,0.020009,-0.0020427
0.16377,-0.0068035,-0.0028638
0.13049,0.0073452,-0.0026539
0.1361,-0.0001453,-0.0019228
0.16302,0.0011406,-0.0025301
0.14507,-0.00048271,-0.0015778
0.20154,-0.00078263,-0.002009
0.20453,0.0018567,-0.0013529
0.21537,-0.003973,-0.0013566
0.29054,0.0017255,-0.0012629
0.34401,-0.0019523,-0.00093673
0.29166,-0.0040593,-0.00091799
0.30026,-0.00085761,-0.00042685
0.33204,-0.0026121,-0.00047934
0.27184,-0.002241,-0.00029938
0.27072,-0.0019186,0.00015802
0.23744,-0.0033919,8.6788e-05
0.1877,-0.0025409,0.00025175
0.1705,-0.005214,0.00021801
0.11778,-0.0041642,7.1791e-05
0.023919,-0.00044522,0.00035673
-0.019084,-0.0091992,0.00024425
-0.019458,-0.010279,7.5541e-05
-0.051991,-0.0034032,0.00011303
-0.040773,-0.0062149,1.9303e-05
-0.069192,-0.0057651,-0.00012317
-0.12154,-0.0048391,5.6795e-05
-0.12192,-0.0043779,0.00059667
-0.15408,-0.004243,0.0012003
-0.16006,-0.0031183,0.0017702
-0.11743,-0.00066266,0.002355
-0.095368,-0.0078645,0.0028349
-0.089759,-0.0028933,0.0031011
-0.089759,-0.0048728,0.0039147
-0.075549,-0.0092816,0.003656
-0.029181,0.0051371,0.0046608
0.010457,-0.010927,0.0047732
0.022423,0.0073977,0.0046233
0.050468,-0.0059188,0.005823
0.094219,-0.0007264,0.0045483
0.11404,0.0063367,0.007049
0.126,-0.020967,0.0043383
0.15816,0.025899,0.006974
0.19406,-0.03738,0.0054631
0.23594,0.04019,0.0052794
0.27334,-0.042584,0.0085037
0.27707,0.022637,0.0010541
0.29577,0.0056019,0.01466
0.24828,-0.098489,-0.010373
0.25015,1.4719,0.10256
0.33541,2.4345,0.45297
0.3227,2.137,0.77753
0.436,2.3703,1.0683
0.47227,2.4146,1.3505
0.45395,2.5471,1.5935
0.60838,2.7253,1.8296
0.62745,2.8287,2.0407
0.68093,2.9935,2.2376
0.81629,3.0877,2.413
0.78301,3.2236,2.5696
0.72804,3.2903,2.7103
0.68654,3.3497,2.8292
0.59193,3.3712,2.931
0.49545,3.3806,3.0157
0.3571,3.3757,3.0899
0.27408,3.3475,3.1509
0.05346,3.3205,3.1994
-0.3575,3.2635,3.2364
-0.5785,3.2224,3.2593
-0.47155,3.176,3.2694
-0.28196,3.124,3.2691
-0.31861,3.0736,3.2582
-0.27261,3.0114,3.2364
-0.15445,2.9523,3.2069
-0.10546,2.8848,3.1706
0.037006,2.8037,3.1258
0.14021,2.7257,3.0741
0.10693,2.6296,3.0161
-0.046756,2.5182,2.9501
-0.27299,2.4212,2.8762
-0.42929,2.3183,2.7955
-0.42593,2.2108,2.7098
-0.45397,2.1084,2.6197
-0.40574,1.9938,2.5246
-0.3474,1.8678,2.4238
-0.46145,1.7456,2.318
-0.4794,1.6242,2.209
-0.4809,1.4914,2.0959
-0.46594,1.3742,1.9807
-0.33431,1.2407,1.8642
-0.19745,1.0747,1.7386
-0.12117,0.90198,1.6144
-0.040025,0.68701,1.4942
0.080383,0.51962,1.3699
0.12152,0.34626,1.2431
0.25239,0.18148,1.1101
0.25314,0.0349,0.97345
0.023545,-0.1291,0.82517
-0.021702,-0.21811,0.67845
-0.17651,-0.41436,0.52418
-0.35862,-0.47805,0.36712
-0.33731,-0.70724,0.21137
-0.23971,-0.7758,0.037882
-0.055356,-0.13931,-0.028073
0.12563,-0.011085,-0.006568
0.39412,-0.10949,-0.01287
0.52425,-0.020971,-0.011048
0.54594,-0.072805,-0.010775
0.54294,-0.030887,-0.012278
0.44497,-0.047443,-0.01052
0.43226,-0.041047,-0.012945
0.29652,-0.031112,-0.011352
0.12301,-0.041519,-0.01284
0.061312,-0.026325,-0.012435
-0.0018831,-0.037148,-0.01293
-0.048999,-0.025312,-0.013208
0.0026042,-0.028657,-0.013047
0.081131,-0.026572,-0.013658
0.056077,-0.025102,-0.013609
0.070661,-0.029046,-0.014134
-0.0033789,-0.025972,-0.014119
-0.12005,-0.026107,-0.014471
-0.052365,-0.022043,-0.014531
0.0052217,-0.02307,-0.015037
0.083001,-0.023509,-0.015543
0.15592,-0.02066,-0.015427
0.15106,-0.021084,-0.015701
0.15255,-0.020191,-0.015678
0.081879,-0.0185,-0.015581
-0.0018831,-0.018437,-0.015382
-0.070688,-0.01925,-0.015555
-0.17053,-0.017158,-0.015607
-0.22812,-0.015644,-0.015221
-0.22737,-0.018332,-0.015562
-0.20493,-0.017762,-0.01608
-0.13201,-0.01877,-0.016709
0.016066,-0.023325,-0.017174
0.17873,-0.020484,-0.018048
0.35261,-0.014973,-0.018427
0.45208,-0.021121,-0.018723
0.42852,-0.012798,-0.019615
0.37804,-0.015925,-0.019233
0.29689,-0.020757,-0.020567
0.21986,-0.0076658,-0.020057
0.14358,-0.024743,-0.020927
0.11591,-0.004989,-0.021085
0.055329,-0.028203,-0.020999
-0.019832,-0.0090829,-0.022663
0.053834,-0.019127,-0.019908
0.047103,-0.025811,-0.024219
0.051964,0.011259,-0.019746
0.15031,-0.059545,-0.02438
0.15667,0.049008,-0.02122
0.14433,-0.099539,-0.021767
0.14246,0.097471,-0.027023
0.051964,-0.24166,-0.011506
0.042242,-1.8422,-0.21963
0.16938,-2.1014,-0.59897
0.10282,-1.8894,-0.91357
0.28081,-2.0806,-1.2207
0.56949,-1.9969,-1.5016
0.43375,-2.0993,-1.7593
0.56538,-2.0864,-2.0109
0.53285,-2.0915,-2.2414
0.17686,-2.0916,-2.4641
0.30063,-2.0595,-2.667
0.37879,-2.063,-2.8595
0.37953,-2.013,-3.0348
0.48685,-2.0066,-3.1923
0.33653,-1.9759,-3.3353
0.17723,-1.9624,-3.4623
0.60016,-1.9521,-3.5771
0.7875,-1.9208,-3.6767
-0.13276,-1.897,-3.7622
-0.5239,-1.8732,-3.8341
0.060939,-1.8459,-3.8913
0.36906,-1.8163,-3.934
0.52387,-1.7891,-3.9637
0.76357,-1.7598,-3.9812
0.58445,-1.728,-3.9872
0.45058,-1.6944,-3.9833
0.69102,-1.6604,-3.9705
0.64802,-1.6161,-3.9482
0.10544,-1.5634,-3.9164
-0.79351,-1.5083,-3.8748
-0.83016,-1.4503,-3.8233
-0.45734,-1.3901,-3.7631
-0.66936,-1.3294,-3.6935
-0.31188,-1.2726,-3.6165
0.076644,-1.2102,-3.5342
0.02878,-1.1347,-3.4442
0.098706,-1.0659,-3.3456
0.091975,-1.0051,-3.2426
-0.15183,-0.92248,-3.134
-0.31973,-0.84883,-3.0182
-0.23223,-0.77595,-2.8992
-0.47342,-0.67623,-2.7727
-0.52465,-0.6012,-2.6393
-0.24906,-0.53776,-2.506
-0.16455,-0.44019,-2.3692
0.038502,-0.34718,-2.2241
0.009709,-0.26374,-2.0752
-0.23859,-0.12559,-1.9175
-0.52914,-0.028199,-1.7506
-0.72658,0.082183,-1.5802
-0.75724,0.18948,-1.4023
-0.8066,0.29823,-1.2243
-0.59644,0.44101,-1.0369
-0.25766,0.50798,-0.85353
0.14134,0.68286,-0.66293
0.47975,0.69988,-0.47022
0.80881,0.92463,-0.27977
0.98494,0.9111,-0.06714
0.78077,0.12003,0.014769
0.66971,-0.0073471,-0.011251
0.38813,0.10053,-0.0034862
-0.069192,-0.0035981,-0.0055257
-0.356,0.053207,-0.0055745
-0.4005,0.0040611,-0.0035162
-0.29281,0.028985,-0.0054845
-0.13987,0.015897,-0.0023314
0.19593,0.0079301,-0.0045359
0.40907,0.020122,-0.0025826
0.51378,0.00024085,-0.0030663
0.55902,0.013306,-0.0024589
0.48125,0.003555,-0.001784
0.34177,0.0085711,-0.002099
0.13348,0.0074689,-0.0010942
0.035885,0.001388,-0.0011692
-0.061713,0.00055951,-0.0006443
-0.1193,0.00363,-9.6921e-05
-0.051991,0.0077876,0.00066791
0.059069,0.0066741,0.0018526
0.11179,0.0057294,0.0029249
0.11366,0.0049683,0.0042521
0.12675,-0.00062517,0.0051219
-0.039277,0.0056544,0.0053919
-0.19222,0.0036787,0.0064716
-0.29542,0.00039831,0.0063029
-0.37732,0.0056244,0.0073452
-0.2498,-0.0083556,0.0072439
-0.10771,0.010494,0.0082637
0.066548,-0.011182,0.0088861
0.24679,0.010644,0.0081662
0.32905,-0.0045841,0.010641
0.37318,-0.0086818,0.0077876
0.31185,0.019818,0.01211
0.20939,-0.038393,0.008335
0.0040999,0.048955,0.011919
-0.14398,-0.067361,0.011132
-0.17763,0.07115,0.00823
-0.30627,-0.08145,0.018473
-0.24046,0.10053,-0.0049371
-0.049747,1.8687,0.18376
0.24005,2.3197,0.5888
0.57884,1.9031,0.93985
0.70037,2.0689,1.2851
0.80134,1.9725,1.6186
0.7344,2.0416,1.924
0.62559,2.0478,2.2222
0.65999,2.0817,2.4981
0.48648,2.1484,2.7696
0.34663,2.1547,3.0222
0.44236,2.232,3.2639
0.51415,2.2527,3.4933
0.61175,2.3161,3.711
0.75721,2.3263,3.9169
0.75609,2.3557,4.1048
0.73814,2.4187,4.2841
0.82789,2.4431,4.4528
0.78189,2.4868,4.6095
0.69663,2.5106,4.752
0.62858,2.5321,4.8799
0.50219,2.538,4.9944
0.45918,2.5144,5.0926
0.37953,2.4916,5.1751
0.40945,2.4658,5.2445
0.54182,2.4643,5.3007
0.50069,2.4447,5.3454
0.23594,2.3927,5.3786
-0.21503,2.3369,5.3997
-0.33618,2.2693,5.4101
-0.23821,2.2158,5.4075
-0.38854,2.165,5.393
-0.37208,2.1153,5.3688
-0.35862,2.0594,5.3334
-0.57027,1.999,5.289
-0.42294,1.9598,5.2373
-0.11444,1.9037,5.1775
-0.036285,1.846,5.1097
0.029902,1.7849,5.0349
0.045233,1.6974,4.9519
-0.18773,1.6183,4.8599
-0.44276,1.5432,4.7611
-0.56129,1.4749,4.6562
-0.57737,1.405,4.5447
-0.50296,1.3317,4.4279
-0.4794,1.2524,4.3059
-0.56055,1.1664,4.1767
-0.6645,1.0949,4.0429
-0.56616,1.0095,3.9052
-0.42256,0.93715,3.7633
-0.34591,0.86264,3.6206
-0.1997,0.75526,3.4709
-0.22064,0.67829,3.3132
-0.27112,0.61199,3.1568
-0.25766,0.50945,2.997
-0.30216,0.41757,2.8294
-0.24756,0.32325,2.6586
-0.10808,0.2029,2.4793
-0.028433,0.10186,2.2931
-0.086393,-0.0086218,2.1013
-0.14772,-0.093938,1.9068
-0.19783,-0.22126,1.7088
-0.2498,-0.3191,1.5037
-0.14921,-0.42669,1.3012
-0.087515,-0.56212,1.0898
-0.046382,-0.63425,0.88396
0.0044739,-0.82447,0.66847
-0.016093,-0.82574,0.45429
0.085992,-1.0805,0.24027
0.1619,-0.99198,0.0090023
0.25053,-0.13652,-0.068156
0.34289,-0.064677,-0.039868
0.31671,-0.15337,-0.049743
0.27072,-0.054202,-0.045676
0.080757,-0.12209,-0.046643
-0.042268,-0.06188,-0.047835
-0.040773,-0.092243,-0.045612
-0.0662,-0.071279,-0.048514
-0.028059,-0.067238,-0.046058
0.0048478,-0.073517,-0.048214
0.017936,-0.055106,-0.047468
0.051216,-0.071317,-0.048041
0.083375,-0.052238,-0.048562
0.10918,-0.054405,-0.048457
0.16302,-0.052991,-0.049151
0.22472,-0.05232,-0.049541
0.18808,-0.051972,-0.050729
0.10207,-0.047735,-0.051352
0.079261,-0.050262,-0.052675
0.086366,-0.047645,-0.053826
0.12974,-0.047345,-0.05425
0.19743,-0.049512,-0.055738
0.1877,-0.036799,-0.056383
0.18022,-0.044511,-0.056304
0.15255,-0.041516,-0.05786
0.064304,-0.037358,-0.057024
0.072157,-0.043506,-0.058561
0.083749,-0.024113,-0.057714
0.084123,-0.052358,-0.05894
0.15218,-0.016885,-0.05966
0.16714,-0.049883,-0.057973
0.17312,-0.02397,-0.061943
0.1619,-0.023858,-0.056503
0.18471,-0.058345,-0.063934
0.21238,0.027406,-0.056638
0.14358,-0.12613,-0.064073
0.14881,0.14455,-0.058528
0.00036053,-0.56833,-0.067162
-0.069192,-2.0247,-0.35768
-0.061713,-1.9602,-0.77027
-0.13351,-1.9116,-1.1107
0.18471,-2.0406,-1.4604
0.30325,-1.9644,-1.7798
0.39075,-2.0668,-2.0848
0.65251,-2.0345,-2.3754
0.49957,-2.106,-2.6474
0.47003,-2.1274,-2.9137
0.56501,-2.1546,-3.1619
0.49695,-2.1968,-3.4016
0.48872,-2.2214,-3.6272
0.54743,-2.2665,-3.8438
0.55865,-2.2659,-4.045
0.54519,-2.3057,-4.2318
0.62372,-2.341,-4.4114
0.6196,-2.3651,-4.5798
0.62521,-2.3767,-4.7363
0.63643,-2.3837,-4.8783
0.611,-2.3916,-5.0079
0.657,-2.3749,-5.1227
0.61025,-2.3551,-5.219
0.65587,-2.3416,-5.3013
0.67532,-2.3389,-5.3716
0.72019,-2.3318,-5.4293
0.8234,-2.3111,-5.4747
0.70823,-2.2804,-5.507
0.63643,-2.2448,-5.5268
0.51901,-2.2054,-5.5352
0.31933,-2.1549,-5.5305
0.11703,-2.1152,-5.5135
-0.022076,-2.0716,-5.4869
-0.11743,-2.019,-5.4493
-0.24793,-1.9791,-5.4023
-0.23559,-1.9335,-5.3486
-0.25504,-1.8781,-5.2871
-0.22849,-1.8172,-5.2175
-0.1709,-1.7546,-5.1396
-0.14921,-1.6955,-5.0534
-0.1006,-1.627,-4.959
-0.18137,-1.5554,-4.8561
-0.25728,-1.4951,-4.747
-0.4106,-1.4273,-4.6338
-0.53736,-1.3468,-4.5141
-0.59682,-1.2694,-4.3864
-0.69217,-1.2003,-4.2538
-0.67983,-1.1211,-4.1183
-0.76546,-1.0357,-3.9762
-0.81744,-0.96828,-3.831
-0.80435,-0.87645,-3.6826
-0.82679,-0.77667,-3.5253
-0.74265,-0.7178,-3.3655
-0.66076,-0.6359,-3.2057
-0.59682,-0.52665,-3.0391
-0.55569,-0.44082,-2.8674
-0.47379,-0.32365,-2.69
-0.41359,-0.21224,-2.5028
-0.34852,-0.10785,-2.3108
-0.2255,0.0011144,-2.1131
-0.16978,0.094127,-1.914
-0.09462,0.22741,-1.708
-0.10172,0.29477,-1.5012
-0.1466,0.44568,-1.2931
-0.16155,0.54277,-1.078
-0.16791,0.66453,-0.86906
-0.13837,0.80886,-0.64565
-0.11444,0.8511,-0.43588
-0.0078661,1.1536,-0.20227
0.091975,0.62423,-0.0089862
0.20752,-0.05779,0.0021151
0.33429,0.10725,-0.013736
0.41506,0.038938,-0.0028113
0.50032,0.021798,-0.0098672
0.4977,0.047265,-0.0043035
0.50817,0.006423,-0.0070179
0.45208,0.042788,-0.0051171
0.30475,0.0034725,-0.0046072
0.24791,0.024951,-0.0054207
0.16078,0.010491,-0.0034374
0.095341,0.0090698,-0.0044535
0.080383,0.011859,-0.0027813
0.06393,0.00067573,-0.0028975
0.072157,0.0067979,-0.0023014
0.090854,0.0029064,-0.001904
0.12077,0.0053657,-0.0013866
0.1103,0.00076196,-0.0010155
0.15181,0.0041698,-0.00095548
0.21575,0.0063517,0.00049545
0.20004,0.0025427,0.0014477
0.18883,0.0057706,0.00243
0.18135,0.0063292,0.0037647
0.13049,-0.0013862,0.0045933
0.094593,-0.0001528,0.0045745
0.0744,0.0039711,0.0056805
-1.3407e-05,-0.0041005,0.0060555
-0.046756,0.0050808,0.0063629
-0.08415,-0.0055926,0.0074464
-0.12902,0.0034125,0.006944
-0.12379,0.0020966,0.0086124
-0.10172,-0.011407,0.0071277
-0.031424,0.015571,0.0096284
0.048972,-0.025567,0.0087099
0.11254,0.024429,0.0088561
0.17873,-0.024225,0.011267
0.22884,0.0087249,0.0070227
0.258,0.00076571,0.014502
0.261,-0.046978,0.0048445
0.20304,0.08874,0.017412
0.16377,-0.1998,0.001309
0.15293,0.89557,0.045186
0.13161,2.3087,0.37346
0.18247,1.9903,0.75776
0.15218,1.9388,1.0837
0.21537,2.008,1.4228
0.3399,1.9467,1.7274
0.26436,2.0306,2.0216
0.35934,2.0019,2.2953
0.4517,2.0836,2.556
0.42179,2.0886,2.8078
0.53547,2.1211,3.0428
0.59717,2.1378,3.2658
0.62297,2.1637,3.4724
0.70374,2.2141,3.6729
0.77628,2.2203,3.861
0.73216,2.2418,4.0357
0.67943,2.2319,4.1964
0.65924,2.2337,4.3413
0.5508,2.2263,4.4718
0.50032,2.1978,4.584
0.44647,2.1849,4.6807
0.41805,2.1691,4.7642
0.41693,2.1562,4.8349
0.48723,2.1396,4.894
0.5923,2.1095,4.9401
0.58931,2.0735,4.9728
0.65587,2.0306,4.9925
0.61212,1.9905,4.999
0.49284,1.9477,4.994
0.3844,1.8993,4.9778
0.18247,1.8571,4.9512
0.010457,1.8139,4.9158
-0.14884,1.7658,4.8725
-0.26925,1.7212,4.8212
-0.32721,1.6626,4.7619
-0.36311,1.5921,4.6937
-0.3833,1.5307,4.6157
-0.39265,1.4664,4.53
-0.41546,1.3986,4.4371
-0.44612,1.3282,4.3366
-0.48052,1.2642,4.2308
-0.49399,1.1898,4.1197
-0.5052,1.106,4.0002
-0.56354,1.0457,3.8748
-0.56129,0.96824,3.7459
-0.58934,0.89392,3.6114
-0.63421,0.83233,3.4745
-0.59831,0.72883,3.3322
-0.63758,0.64741,3.1815
-0.68694,0.59117,3.0311
-0.72097,0.49183,2.8773
-0.77294,0.40444,2.7158
-0.78341,0.30864,2.5507
-0.75088,0.19908,2.3778
-0.66188,0.091113,2.1976
-0.57176,-0.013859,2.0094
-0.44089,-0.094707,1.8208
-0.30328,-0.23147,1.626
-0.23372,-0.31036,1.4271
-0.1466,-0.44334,1.2277
-0.066574,-0.54494,1.0211
0.011205,-0.65761,0.82088
0.040372,-0.80301,0.60598
0.047103,-0.82333,0.40317
0.069539,-1.1312,0.18042
0.085992,-0.7007,-0.017167
0.18696,0.014536,-0.037904
0.23893,-0.12036,-0.018963
0.3197,-0.083051,-0.030251
0.42403,-0.056943,-0.022982
0.3986,-0.093619,-0.027713
0.42515,-0.04041,-0.025494
0.41618,-0.081124,-0.026491
0.37841,-0.045546,-0.027361
0.3829,-0.057546,-0.026112
0.33204,-0.049306,-0.028287
0.28044,-0.049164,-0.027215
0.21911,-0.048515,-0.028399
0.17462,-0.039169,-0.028261
0.14246,-0.050577,-0.028902
0.1103,-0.037309,-0.029123
0.092349,-0.042112,-0.029397
0.054956,-0.037958,-0.030079
0.0089611,-0.03434,-0.029809
-0.015345,-0.042393,-0.03072
-1.3407e-05,-0.037058,-0.031511
0.028032,-0.036031,-0.03252
0.054208,-0.035645,-0.033727
0.081879,-0.032694,-0.034327
0.10095,-0.030066,-0.034807
0.075896,-0.034261,-0.035197
0.03738,-0.031007,-0.036423
-0.0033789,-0.025342,-0.036246
-0.068818,-0.039015,-0.037004
-0.10808,-0.022055,-0.037277
-0.13687,-0.034138,-0.037656
-0.15894,-0.021657,-0.038878
-0.16081,-0.027067,-0.037307
-0.13463,-0.031116,-0.040269
-0.081906,-0.0091429,-0.037581
-0.040399,-0.052508,-0.040644
0.082627,0.0097446,-0.039167
0.17237,-0.064482,-0.039193
0.19481,0.017419,-0.042972
0.24791,-0.050558,-0.035152
0.25202,-0.025856,-0.049687
0.2423,0.050208,-0.022749
0.20939,-1.4071,-0.14837
0.31297,-2.1797,-0.53568
0.32456,-1.83,-0.8983
0.33279,-2.0074,-1.2277
0.59006,-1.9706,-1.5569
0.60577,-2.0052,-1.8523
0.71496,-2.0431,-2.1414
0.86004,-2.0418,-2.4061
0.71421,-2.1279,-2.6641
0.70374,-2.1246,-2.9081
0.75085,-2.1671,-3.1376
0.72019,-2.1749,-3.3537
0.68579,-2.2237,-3.5567
0.79984,-2.2586,-3.7532
0.82938,-2.2679,-3.9353
0.73478,-2.2836,-4.1042
0.81405,-2.2876,-4.2589
0.71383,-2.2828,-4.399
0.59941,-2.2544,-4.5209
0.57959,-2.2442,-4.6262
0.49957,-2.2337,-4.7185
0.49359,-2.2185,-4.7973
0.45657,-2.2025,-4.8638
0.46891,-2.1753,-4.9175
0.48274,-2.1512,-4.9588
0.49246,-2.1161,-4.9875
0.47377,-2.0701,-5.0028
0.41431,-2.0306,-5.0052
0.30736,-1.9871,-4.9962
0.10955,-1.9371,-4.9763
-0.002257,-1.8919,-4.9464
-0.21204,-1.8516,-4.9085
-0.38068,-1.8015,-4.8624
-0.41658,-1.7438,-4.8078
-0.46856,-1.6881,-4.745
-0.45734,-1.6269,-4.6735
-0.45435,-1.5598,-4.5935
-0.41247,-1.4903,-4.5046
-0.40499,-1.4289,-4.4083
-0.35563,-1.3653,-4.3079
-0.33618,-1.2869,-4.2006
-0.41957,-1.2119,-4.0849
-0.41209,-1.1449,-3.9638
-0.47566,-1.0701,-3.8392
-0.54559,-0.98527,-3.7079
-0.60692,-0.92024,-3.5719
-0.6488,-0.84167,-3.4345
-0.67796,-0.73544,-3.288
-0.72994,-0.67222,-3.1361
-0.70676,-0.59976,-2.9857
-0.74976,-0.49771,-2.8286
-0.72583,-0.4075,-2.6655
-0.68918,-0.30226,-2.4963
-0.65665,-0.19586,-2.3202
-0.54447,-0.069195,-2.1354
-0.46557,0.011525,-1.9452
-0.31936,0.12635,-1.7542
-0.26626,0.24339,-1.5542
-0.18661,0.32605,-1.3568
-0.061713,0.47238,-1.1523
-0.029555,0.54513,-0.94941
0.030276,0.72699,-0.74221
0.021675,0.75848,-0.53047
0.054208,0.96837,-0.32589
0.038876,1.025,-0.092566
0.031397,0.19059,0.015361
0.091228,-0.025192,-0.010655
0.11965,0.11661,-0.0050458
0.24454,-0.0021098,-0.0050346
0.29876,0.060675,-0.0066017
0.35149,0.010404,-0.0030213
0.42927,0.024793,-0.0061481
0.47825,0.021704,-0.0024252
0.51565,0.0054595,-0.0046522
0.48611,0.023166,-0.0029575
0.47077,0.0041473,-0.0028113
0.37131,0.015829,-0.0026876
0.28081,0.0066891,-0.0018778
0.21425,0.010318,-0.0018928
0.097958,0.0022428,-0.000858
0.038502,0.0056807,-0.0010867
-0.0045007,0.0078064,8.6788e-05
-0.018336,-0.0046779,0.00014677
-0.037407,9.0887e-05,0.00020301
-0.036659,0.0035775,0.0015077
-0.0015092,0.0044735,0.0027449
0.024667,0.0010956,0.0036372
0.070661,0.0042748,0.0045858
0.086366,-0.0034444,0.0056056
0.094593,-0.0018811,0.0057705
0.094967,0.0062355,0.0067753
0.079635,-0.003943,0.0066891
0.036259,0.0014855,0.0076451
0.003352,-0.0099265,0.0079263
-0.013849,0.0077014,0.008155
-0.097985,-0.010879,0.0095272
-0.1279,-0.0037144,0.0079263
-0.14061,0.0062093,0.010963
-0.17726,-0.017979,0.0085262
-0.15632,0.026735,0.011514
-0.095742,-0.04089,0.0099883
-0.03105,0.04238,0.010191
-0.0041267,-0.043439,0.013842
0.080383,0.026593,0.0059617
0.15255,0.0012943,0.020831
0.18733,-0.091696,-0.0061106
0.23557,1.4882,0.11813
0.32569,2.3356,0.50113
0.43899,1.8942,0.86073
0.44647,2.034,1.1918
0.54556,2,1.5238
0.58183,2.0336,1.8219
0.55342,2.0771,2.1131
0.69102,2.0736,2.3801
0.69102,2.1519,2.6396
0.70411,2.1576,2.8842
0.78451,2.2182,3.1172
0.76918,2.213,3.3368
0.78787,2.2549,3.5397
0.85331,2.2983,3.7363
0.91576,2.316,3.9206
0.87351,2.3401,4.0933
0.9038,2.3353,4.2514
0.89146,2.3389,4.3951
0.7875,2.3289,4.5244
0.7789,2.3,4.636
0.72244,2.2775,4.7307
0.68205,2.2659,4.8116
0.63007,2.2498,4.8808
0.59717,2.2287,4.9381
0.58782,2.196,4.9834
0.58819,2.1576,5.0156
0.58483,2.1197,5.034
0.47601,2.0746,5.0401
0.34401,2.0294,5.0342
0.15181,1.9807,5.0173
-0.025815,1.9248,4.9907
-0.21129,1.8809,4.9545
-0.41172,1.8373,4.9099
-0.5254,1.7849,4.8582
-0.61103,1.7281,4.7981
-0.63646,1.6592,4.7294
-0.66824,1.597,4.6523
-0.65964,1.5304,4.5671
-0.59981,1.4534,4.4742
-0.56803,1.3828,4.374
-0.49324,1.3191,4.2683
-0.51829,1.2457,4.1577
-0.60318,1.1582,4.0391
-0.61552,1.0897,3.9138
-0.65216,1.0144,3.7851
-0.70676,0.93545,3.6504
-0.71648,0.87207,3.5135
-0.71723,0.77419,3.3729
-0.75873,0.68316,3.2226
-0.77519,0.62668,3.0713
-0.77033,0.53503,2.9192
-0.74864,0.44264,2.7586
-0.6918,0.35636,2.5945
-0.6286,0.24089,2.4237
-0.55382,0.13013,2.2449
-0.48127,0.019098,2.0584
-0.38143,-0.059822,1.8693
-0.30851,-0.19049,1.6768
-0.22064,-0.28371,1.4766
-0.092376,-0.39066,1.2788
-0.061339,-0.52285,1.0726
-0.0018831,-0.60122,0.87157
0.048599,-0.781,0.66
0.037754,-0.78759,0.45279
0.062434,-1.063,0.24186
0.049346,-0.92247,0.018195
0.09908,-0.088929,-0.047453
0.14059,-0.057543,-0.0202
0.18284,-0.12729,-0.030964
0.27446,-0.039472,-0.026101
0.25314,-0.10049,-0.027972
0.31409,-0.04083,-0.028561
0.40496,-0.073525,-0.027005
0.43263,-0.051432,-0.029772
0.47264,-0.050817,-0.027368
0.45544,-0.057393,-0.029633
0.38851,-0.043776,-0.029033
0.28081,-0.05364,-0.029708
0.20528,-0.040762,-0.029817
0.11217,-0.047042,-0.030027
0.022423,-0.04104,-0.030593
0.0029781,-0.04315,-0.030664
-0.047877,-0.039326,-0.031759
-0.075923,-0.033099,-0.031511
-0.056852,-0.039401,-0.03219
-0.016467,-0.037478,-0.033277
0.029154,-0.036323,-0.034282
0.076644,-0.03873,-0.035313
0.10132,-0.036443,-0.036194
0.096463,-0.028642,-0.036659
0.11292,-0.034119,-0.037086
0.068417,-0.029654,-0.037919
0.020927,-0.031431,-0.037851
0.029902,-0.031281,-0.039103
0.028032,-0.022714,-0.038522
0.0055957,-0.041366,-0.039853
-0.016093,-0.015006,-0.039887
-0.05573,-0.039825,-0.039741
-0.10135,-0.01576,-0.04184
-0.095742,-0.026595,-0.038792
-0.056104,-0.037894,-0.04346
0.017188,0.0034987,-0.03886
0.060939,-0.07063,-0.043643
0.1103,0.04046,-0.040854
0.12488,-0.10951,-0.041128
0.16639,0.090168,-0.047119
0.1993,-0.24789,-0.030143
0.2064,-1.8464,-0.25087
0.37766,-2.0819,-0.65917
0.32531,-1.869,-0.99981
0.43637,-2.0676,-1.3368
0.66522,-1.9846,-1.6544
0.5953,-2.0839,-1.9484
0.81704,-2.0751,-2.2323
0.84883,-2.1242,-2.493
0.72879,-2.1779,-2.7488
0.85406,-2.1961,-2.9872
0.81592,-2.2452,-3.2166
0.81368,-2.24,-3.4287
0.8765,-2.2965,-3.6284
0.89445,-2.3262,-3.8212
0.92548,-2.3479,-4.0009
0.93259,-2.3559,-4.1682
0.89632,-2.361,-4.3203
0.8593,-2.3665,-4.4601
0.81293,-2.3365,-4.5827
0.73328,-2.3188,-4.6869
0.74338,-2.3064,-4.7776
0.7086,-2.2872,-4.8553
0.70149,-2.2706,-4.9208
0.73104,-2.2439,-4.9738
0.64952,-2.2134,-5.0139
0.62783,-2.1764,-5.042
0.58221,-2.1311,-5.057
0.44161,-2.0923,-5.0593
0.28829,-2.0461,-5.0504
0.16078,-1.9946,-5.03
-0.066574,-1.9493,-4.9997
-0.30552,-1.8997,-4.9613
-0.45248,-1.8456,-4.9148
-0.63533,-1.7908,-4.8604
-0.68843,-1.7302,-4.7978
-0.70003,-1.6651,-4.7267
-0.68769,-1.5968,-4.6475
-0.65665,-1.5225,-4.5598
-0.67983,-1.4585,-4.4645
-0.58822,-1.3942,-4.3645
-0.56316,-1.3153,-4.2581
-0.52951,-1.2377,-4.144
-0.4981,-1.1642,-4.0237
-0.59046,-1.0934,-3.899
-0.63683,-1.0095,-3.7688
-0.74153,-0.93571,-3.6331
-0.79014,-0.86727,-3.4957
-0.7793,-0.76218,-3.3512
-0.80622,-0.68708,-3.1987
-0.7894,-0.6277,-3.0479
-0.7965,-0.52267,-2.8928
-0.78678,-0.43189,-2.7303
-0.76247,-0.33167,-2.5628
-0.70115,-0.22329,-2.3878
-0.60205,-0.10972,-2.2055
-0.48875,-0.012071,-2.0156
-0.3474,0.083416,-1.8256
-0.24831,0.21701,-1.6274
-0.11668,0.2881,-1.4276
-0.032172,0.43844,-1.2258
0.030276,0.52532,-1.0192
0.15031,0.66804,-0.81591
0.16527,0.77234,-0.60031
0.17349,0.84593,-0.39868
0.15218,1.1186,-0.16744
0.069913,0.49271,0.0027112
0.057947,-0.06852,-0.00086175
0.083001,0.11414,-0.010471
0.1806,0.021524,-0.0017578
0.24118,0.039238,-0.0080601
0.27483,0.0379,-0.0025901
0.36832,0.010209,-0.0059756
0.39374,0.040584,-0.003025
0.40945,-0.00058019,-0.0035199
0.45021,0.024936,-0.0036324
0.43151,0.0067004,-0.0017915
0.33017,0.0074314,-0.0027738
0.2408,0.0075027,-0.0015478
0.15031,0.0031876,-0.0018365
0.032145,0.0060743,-0.00084675
-0.012727,0.0020666,-0.00069304
-0.044886,0.0098908,-0.00011567
-0.05947,0.00040955,0.00057043
-0.059096,-0.00127,0.00041671
-0.049747,0.0057219,0.0014102
-0.01011,0.007229,0.0026887
0.01644,0.0050883,0.003581
0.075522,0.005242,0.0045183
0.11142,0.002479,0.0056468
0.1533,-0.0057463,0.0057218
0.16041,0.0056282,0.0065054
0.11179,0.0012306,0.0072739
0.13311,0.00080695,0.0072177
0.10992,-0.00098883,0.0085112
0.079635,-0.0048953,0.007915
0.059817,0.010637,0.0097559
0.017562,-0.016573,0.0088936
-0.013849,0.0095909,0.0096397
-0.04713,-0.020098,0.010836
-0.031424,0.0075064,0.0086574
-0.023198,7.2142e-05,0.013194
0.027658,-0.019468,0.0080238
0.092723,0.031331,0.01457
0.15218,-0.07186,0.0085562
0.2064,0.10362,0.013546
0.22173,-0.16897,0.012238
0.23632,0.44332,0.010592
0.2408,2.1319,0.27049
0.39524,2.1384,0.66987
0.42964,1.9087,1.0003
0.44011,2.0616,1.3391
0.55902,1.9752,1.6517
0.46741,2.0808,1.9455
0.55117,2.0607,2.2255
0.67906,2.1257,2.4854
0.66821,2.1598,2.7393
0.76132,2.1809,2.9759
0.81555,2.2226,3.202
0.82863,2.2274,3.4102
0.83312,2.2863,3.6096
0.92885,2.3056,3.8002
0.96437,2.3231,3.9771
0.9038,2.3266,4.1412
0.93857,2.3296,4.2895
0.84434,2.3266,4.4246
0.75572,2.297,4.5427
0.70598,2.2741,4.6439
0.64166,2.258,4.7311
0.62708,2.2415,4.8048
0.59717,2.2222,4.8672
0.5923,2.1927,4.9172
0.55342,2.154,4.9543
0.56463,2.1172,4.979
0.49845,2.0718,4.9906
0.38851,2.0169,4.9897
0.28979,1.9721,4.978
0.057573,1.9232,4.9561
-0.13388,1.8636,4.924
-0.32796,1.8231,4.8833
-0.50745,1.7706,4.8356
-0.59981,1.7043,4.7799
-0.6387,1.6508,4.7153
-0.66114,1.5837,4.642
-0.69292,1.5183,4.5606
-0.65141,1.4482,4.4714
-0.64207,1.3748,4.3743
-0.61776,1.3166,4.2716
-0.58336,1.2432,4.1646
-0.61963,1.1582,4.0496
-0.61851,1.0853,3.927
-0.65889,1.0119,3.8011
-0.7348,0.92953,3.6694
-0.76098,0.86923,3.5339
-0.74864,0.79034,3.3963
-0.77182,0.68482,3.2494
-0.79725,0.62653,3.0986
-0.77893,0.54642,2.9479
-0.80996,0.44391,2.7898
-0.7879,0.36523,2.6276
-0.75649,0.25521,2.4593
-0.68993,0.15087,2.2824
-0.54858,0.037986,2.0987
-0.46594,-0.043952,1.9109
-0.32235,-0.1603,1.7207
-0.2068,-0.27127,1.5214
-0.12005,-0.35498,1.3245
-0.046756,-0.50731,1.12
0.032893,-0.57891,0.9174
0.126,-0.75753,0.71039
0.089732,-0.78496,0.49937
0.10506,-0.98597,0.29532
0.085245,-1.054,0.062031
0.091975,-0.23328,-0.046084
0.16228,-0.0048278,-0.020335
0.18359,-0.14494,-0.025494
0.29128,-0.032664,-0.025404
0.29465,-0.094163,-0.023548
0.28979,-0.047765,-0.026634
0.347,-0.064295,-0.023724
0.35186,-0.059642,-0.027308
0.38253,-0.044751,-0.025006
0.38664,-0.0626,-0.026641
0.35934,-0.038265,-0.0266
0.26997,-0.052005,-0.02666
0.18733,-0.044384,-0.027365
0.12862,-0.046554,-0.027391
0.029902,-0.040563,-0.028152
-0.0033789,-0.038775,-0.027863
-0.026563,-0.039675,-0.02898
-0.0662,-0.030685,-0.02901
-0.076297,-0.036833,-0.029367
-0.069566,-0.036541,-0.030165
-0.026937,-0.038839,-0.031091
0.023171,-0.039143,-0.032388
0.081131,-0.033695,-0.033045
0.13273,-0.030182,-0.034038
0.16901,-0.02869,-0.034263
0.17088,-0.032439,-0.035155
0.14994,-0.023862,-0.03544
0.13086,-0.031704,-0.035935
0.095341,-0.021432,-0.036861
0.080009,-0.029834,-0.03622
0.036259,-0.030115,-0.038001
-0.0052485,-0.017466,-0.036479
-0.013101,-0.040515,-0.038773
-0.002631,-0.0064774,-0.037716
0.018684,-0.049216,-0.038552
0.054582,-0.00060643,-0.039984
0.12226,-0.045501,-0.036565
0.17237,-0.01871,-0.043434
0.21351,-0.00055019,-0.033607
0.22958,-0.093897,-0.047633
0.24454,0.15108,-0.027856
0.1877,-0.99309,-0.08746
0.28568,-2.1832,-0.43488
0.37093,-1.8916,-0.81923
0.31559,-1.9764,-1.1458
0.56052,-2.0307,-1.4814
0.611,-2.0077,-1.7817
0.7,-2.0915,-2.0731
0.9539,-2.069,-2.3424
0.82228,-2.1582,-2.6002
0.81255,-2.1701,-2.8483
0.85892,-2.2149,-3.0808
0.82265,-2.2254,-3.3014
0.85406,-2.2554,-3.505
0.86827,-2.3069,-3.7023
0.93259,-2.317,-3.8877
0.90417,-2.3354,-4.0603
0.89632,-2.3373,-4.2188
0.87014,-2.3428,-4.3637
0.75908,-2.3226,-4.4934
0.69738,-2.2963,-4.604
0.61998,-2.2844,-4.7003
0.5766,-2.2695,-4.7838
0.5493,-2.2491,-4.855
0.56239,-2.2252,-4.9136
0.5149,-2.1948,-4.9595
0.49134,-2.1571,-4.9933
0.50555,-2.1144,-5.0141
0.41543,-2.0672,-5.0222
0.35261,-2.0217,-5.0182
0.16228,-1.974,-5.0031
-0.010484,-1.925,-4.9778
-0.15969,-1.8794,-4.9438
-0.39788,-1.8291,-4.9019
-0.52016,-1.7742,-4.8513
-0.59831,-1.7143,-4.7927
-0.63571,-1.6501,-4.7254
-0.68881,-1.5844,-4.6494
-0.65366,-1.5109,-4.565
-0.6301,-1.4438,-4.4729
-0.67086,-1.3802,-4.3752
-0.58448,-1.3078,-4.2716
-0.61589,-1.2347,-4.1609
-0.56391,-1.1564,-4.0436
-0.67086,-1.085,-3.921
-0.91093,-1.0056,-3.7935
-0.77332,-0.92884,-3.6598
-0.68507,-0.86823,-3.5241
-0.65627,-0.76648,-3.3832
-0.67161,-0.67886,-3.2325
-0.70451,-0.62633,-3.0819
-0.68656,-0.5288,-2.9293
-0.74714,-0.43565,-2.7688
-0.66263,-0.3437,-2.6038
-0.60168,-0.2385,-2.4314
-0.58784,-0.12565,-2.2512
-0.53736,-0.01387,-2.0624
-0.47491,0.063809,-1.8727
-0.34591,0.20051,-1.6776
-0.21877,0.27748,-1.4773
-0.017589,0.40204,-1.2785
0.084871,0.5121,-1.071
0.1432,0.61382,-0.86985
0.1346,0.77836,-0.65571
0.065052,0.79208,-0.45102
0.13273,1.0972,-0.23062
0.088984,0.73616,-0.023417
0.14358,-0.031671,0.0093172
0.22921,0.071802,-0.012938
0.27483,0.062834,-0.00092924
0.33055,0.01151,-0.007569
0.28306,0.054894,-0.0032125
0.38552,0.0011781,-0.004386
0.40758,0.040085,-0.0040148
0.40234,0.0040686,-0.0024476
0.41169,0.016602,-0.0038386
0.3197,0.014337,-0.001784
0.24118,0.006183,-0.0027438
0.12376,0.010719,-0.0012142
0.10955,0.0030676,-0.0012667
0.094593,0.0094409,-0.00071553
0.080009,0.0018754,-0.00041935
0.099828,0.0041098,-9.3172e-05
0.05159,-0.0033919,0.00086661
0.01644,-0.0034857,0.00073539
-0.0093619,0.0064605,0.0019914
0.0052217,0.0062543,0.0032698
0.02691,0.0035025,0.0040159
0.054956,0.0078026,0.0052231
0.080009,-0.00026152,0.0061154
0.092723,-0.002196,0.0062317
0.092349,0.004361,0.0072777
0.069165,-0.0018361,0.0073789
0.11703,0.0037537,0.0082712
0.12787,-0.01005,0.0084737
0.12339,0.0064792,0.0087924
0.12114,-0.0096453,0.010187
0.048225,-0.0024884,0.0086424
-0.00038735,0.0044397,0.01163
-0.016841,-0.025204,0.0089686
-0.002631,0.023698,0.011934
0.047103,-0.040211,0.010888
0.10357,0.040719,0.010626
0.12638,-0.041568,0.014551
0.13498,0.019983,0.0066066
0.14582,0.010262,0.021446
0.16863,-0.098883,-0.0053608
0.1548,1.4587,0.11526
0.26287,2.3488,0.49815
0.44086,1.9085,0.86049
0.39823,2.0438,1.193
0.52051,2.0134,1.5267
0.57697,2.0365,1.825
0.525,2.0877,2.1181
0.78376,2.0907,2.3873
0.82564,2.1703,2.6486
0.80844,2.1658,2.8945
0.92025,2.2352,3.1287
0.87837,2.2387,3.3526
0.8477,2.2664,3.5578
0.8765,2.299,3.7541
0.91389,2.3205,3.9401
0.9008,2.355,4.1156
0.89856,2.3514,4.2772
0.8391,2.3558,4.4242
0.78227,2.3493,4.5581
0.7516,2.3258,4.676
0.67457,2.2975,4.7762
0.67046,2.2817,4.8617
0.61511,2.257,4.9345
0.58408,2.235,4.996
0.53846,2.2139,5.0458
0.47938,2.166,5.0819
0.45619,2.1378,5.1064
0.33952,2.0705,5.1179
0.25688,2.0067,5.116
0.12862,1.9895,5.1042
-0.10397,1.9252,5.0821
-0.30178,1.8811,5.0493
-0.49249,1.8377,5.0083
-0.64281,1.7698,4.9602
-0.71573,1.7243,4.9038
-0.73069,1.663,4.8392
-0.70863,1.5953,4.7665
-0.74639,1.5224,4.6847
-0.66787,1.4492,4.5947
-0.73293,1.3823,4.4975
-0.94196,1.3172,4.3935
-0.72284,1.2493,4.2851
-0.51044,1.1651,4.1702
-0.50782,1.0897,4.0472
-0.53624,1.0178,3.9204
-0.67834,0.93738,3.7883
-0.7277,0.87575,3.6516
-0.71573,0.8017,3.5141
-0.70863,0.69597,3.3687
-0.70863,0.62887,3.2159
-0.7262,0.56076,3.0642
-0.73854,0.45606,2.907
-0.82417,0.38279,2.7433
-0.74041,0.27699,2.5758
-0.54297,0.16918,2.3991
-0.40312,0.072908,2.2161
-0.22138,-0.036511,2.0267
-0.16716,-0.12025,1.8354
-0.20418,-0.24991,1.6374
-0.20231,-0.31966,1.4366
-0.15669,-0.45957,1.2349
-0.037407,-0.56507,1.0257
0.1174,-0.67259,0.82319
0.16751,-0.81253,0.60697
0.15106,-0.84352,0.40251
0.16602,-1.1457,0.17681
0.14507,-0.68956,-0.020057
0.18396,0.015518,-0.039047
0.25539,-0.12206,-0.020586
0.28941,-0.085604,-0.03171
0.26586,-0.063395,-0.02453
0.22211,-0.090339,-0.029292
0.20004,-0.0451,-0.026896
0.16489,-0.080558,-0.028163
0.25875,-0.04044,-0.029067
0.3743,-0.063057,-0.027773
0.36196,-0.051338,-0.029847
0.31409,-0.049655,-0.028887
0.23145,-0.055117,-0.030045
0.1189,-0.040571,-0.029805
-0.011232,-0.044402,-0.030326
-0.058722,-0.035641,-0.030559
-0.043016,-0.040942,-0.031185
-0.095368,-0.036859,-0.031624
-0.064705,-0.035956,-0.031387
-0.025067,-0.045265,-0.03291
-0.026563,-0.039795,-0.034188
0.051216,-0.036627,-0.034949
0.14507,-0.042817,-0.036059
0.23632,-0.035585,-0.036633
0.26324,-0.036942,-0.037157
0.24379,-0.030606,-0.03796
0.17462,-0.03016,-0.037664
0.083375,-0.033305,-0.038983
0.059817,-0.025391,-0.038586
0.042989,-0.04273,-0.039808
0.077392,-0.015595,-0.039973
0.11441,-0.038618,-0.039696
0.10058,-0.017181,-0.041825
0.060939,-0.029376,-0.039032
0.03738,-0.038963,-0.043655
0.063182,0.0051258,-0.039081
0.046355,-0.072213,-0.043767
0.1103,0.040325,-0.041154
0.12526,-0.10941,-0.041008
0.11703,0.087709,-0.047558
0.12937,-0.23064,-0.029412
0.11927,-1.8382,-0.24658
0.31634,-2.0902,-0.65614
0.3313,-1.8679,-0.99898
0.45918,-2.0702,-1.3377
0.7157,-1.9843,-1.6581
0.69327,-2.0797,-1.9537
0.87949,-2.071,-2.2393
0.88472,-2.121,-2.5019
0.70336,-2.1709,-2.7602
0.79685,-2.1848,-3.0009
0.81816,-2.2464,-3.2333
0.78227,-2.2363,-3.4502
0.84434,-2.2795,-3.6522
0.9038,-2.3103,-3.8461
0.8851,-2.3371,-4.0284
0.90604,-2.3478,-4.2001
0.90866,-2.348,-4.3564
0.81293,-2.3582,-4.5006
0.76619,-2.335,-4.6302
0.6555,-2.3073,-4.7411
0.55715,-2.2896,-4.8369
0.50219,-2.2696,-4.9193
0.47526,-2.2509,-4.9895
0.49209,-2.2257,-5.0484
0.47264,-2.1912,-5.0943
0.4891,-2.1574,-5.1278
0.46928,-2.1131,-5.1489
0.38327,-2.0647,-5.1573
0.2165,-2.0201,-5.1537
0.078888,-1.9684,-5.1391
-0.078166,-1.9161,-5.1145
-0.33992,-1.8682,-5.0805
-0.44537,-1.8174,-5.0383
-0.59458,-1.764,-4.9882
-0.64393,-1.7072,-4.9299
-0.66861,-1.6396,-4.8633
-0.77107,-1.5732,-4.7875
-0.62038,-1.5056,-4.7035
-2.7873,-1.4316,-4.612
-9.2546,-1.3629,-4.5134
-16.678,-1.2943,-4.4095
-20.557,-1.2196,-4.2999
-19.885,-1.1319,-4.1833
-16.338,-1.0506,-4.0608
-13.44,-0.96436,-3.9346
-12.199,-0.86974,-3.8032
-9.8589,-0.79067,-3.6686
-5.2153,-0.68145,-3.5306
4.7176,-0.57776,-3.3841
18.268,-0.51821,-3.2348
24.904,-0.43601,-3.0856
22.984,-0.33568,-2.9282
19.482,-0.26189,-2.7653
14.513,-0.16294,-2.597
9.1233,-0.06335,-2.4182
7.521,0.033412,-2.2329
5.8488,0.11925,-2.0417
1.1102,0.20824,-1.8489
-4.5052,0.32678,-1.647
-9.2789,0.38649,-1.4456
-10.752,0.53135,-1.2402
-7.7633,0.60046,-1.0305
-1.925,0.74252,-0.82448
2.7439,0.83416,-0.60412
3.9764,0.89916,-0.39855
3.8332,1.147,-0.16258
4.0112,0.47267,0.0055268
6.5166,-0.062045,-0.0015216
11.607,0.1294,-0.0094323
16.268,0.021854,-0.0015928
18.055,0.045555,-0.0076777
15.262,0.036378,-0.001844
8.5684,0.010408,-0.0056269
0.44086,0.040944,-0.0024739
-6.6655,0.0023103,-0.0031637
-11.089,0.024006,-0.0030138
-13.779,0.0079226,-0.0016116
-15.634,0.014093,-0.0024252
-16.742,0.0074539,-0.00072303
-16.275,0.0050808,-0.0011354
-12.001,0.0086424,-0.00045684
-4.5034,0.003285,-0.00020565
4.0729,0.0061643,0.00058168
10.411,0.001613,0.00084037
12.096,0.0079713,0.00095285
9.7336,0.0091185,0.0024338
3.9162,0.0062018,0.0034798
-1.8185,0.0035325,0.0043009
-5.2228,0.0050433,0.0055906
-7.1677,-0.0027546,0.0063404
-7.9107,-0.0011388,0.0065504
-8.445,-2.5332e-05,0.0077351
-8.7876,-0.0087305,0.0077163
-7.9305,0.004496,0.0087324
-4.8664,-0.0099977,0.0087061
-0.62,0.0037237,0.0092123
3.5442,-0.0072272,0.010644
6.9825,-0.00021653,0.0088636
8.1552,0.0059693,0.011938
8.4753,-0.01552,0.0094335
8.7135,0.027804,0.012564
8.8006,-0.037905,0.011102
10.01,0.03679,0.011244
10.504,-0.043056,0.014671
8.7733,0.030094,0.0072439
5.4516,-0.0062937,0.021787
0.67943,-0.077922,-0.005222
-4.2853,1.4877,0.12223
-7.0039,2.306,0.50663
-7.3658,1.8631,0.86596
-6.833,1.9814,1.1984
-5.2303,1.9299,1.5308
-3.3112,1.9598,1.8301
-1.1271,1.9899,2.1245
2.2324,1.9718,2.3942
5.2751,2.0399,2.6568
7.4571,2.0222,2.9054
7.8684,2.0692,3.1418
5.3604,2.0601,3.3644
1.1809,2.0884,3.5718
-3.042,2.1217,3.7735
-6.3712,2.1245,3.9622
-8.4275,2.1309,4.1391
-8.4469,2.1194,4.3007
-7.6351,2.1147,4.4483
-6.9044,2.0878,4.5814
-5.4468,2.0593,4.6972
-3.5644,2.0323,4.7979
-1.2849,2.0034,4.8841
1.2,1.9837,4.9586
3.7237,1.9492,5.0213
5.4509,1.9135,5.0711
6.2156,1.8815,5.1086
6.0675,1.8307,5.1329
5.133,1.7916,5.1438
5.0908,1.7478,5.1436
5.0291,1.6927,5.133
4.4237,1.6438,5.1111
3.3292,1.5818,5.0803
1.271,1.5412,5.0422
-0.77668,1.5042,4.9952
-2.4022,1.4418,4.939
-2.9104,1.3828,4.8744
-2.5981,1.3231,4.801
-1.8723,1.258,4.7187
-0.64917,1.1953,4.6284
0.33092,1.1341,4.5317
1.4206,1.0763,4.4293
2.4792,1.0117,4.3204
3.0637,0.93553,4.2031
2.9421,0.86933,4.0805
1.83,0.79716,3.9523
0.30437,0.738,3.8181
-1.6528,0.68284,3.6832
-3.6515,0.59152,3.5415
-4.7184,0.5203,3.3913
-4.85,0.46448,3.24
-4.4211,0.37877,3.0855
-3.4746,0.29467,2.9234
-2.3835,0.21595,2.7569
-1.8805,0.10262,2.5825
-1.5795,0.019166,2.3996
-1.1428,-0.074578,2.2124
-0.90345,-0.16685,2.0187
-0.78678,-0.2575,1.8228
-0.84549,-0.36547,1.6191
-1.2314,-0.4273,1.4157
-1.3712,-0.58159,1.2062
-0.96777,-0.6449,0.99486
-0.52502,-0.79194,0.78537
0.12526,-0.86078,0.56322
0.74225,-0.9575,0.35494
0.84583,-1.1606,0.11575
0.93708,-0.41951,-0.037165
0.91913,0.033086,-0.022716
0.8391,-0.15788,-0.018824
1.2142,-0.043615,-0.024373
1.8962,-0.082803,-0.018869
2.6228,-0.064587,-0.024174
3.2847,-0.050345,-0.020327
3.7124,-0.066893,-0.023664
3.6765,-0.040042,-0.022539
3.3486,-0.063489,-0.022978
2.7567,-0.034685,-0.02387
1.7695,-0.047949,-0.023147
0.7445,-0.040965,-0.024425
-0.29019,-0.036121,-0.024114
-1.2041,-0.0439,-0.024961
-1.6711,-0.038824,-0.025126
-1.7773,-0.03518,-0.025782
-1.5773,-0.03554,-0.025835
-1.234,-0.043638,-0.026221
-0.84811,-0.034749,-0.027747
-0.58672,-0.036631,-0.028756
-0.65254,-0.039041,-0.029727
-0.81969,-0.030089,-0.030904
-1.1125,-0.026238,-0.03126
-1.4427,-0.037126,-0.031687
-1.6016,-0.027588,-0.03252
-1.6562,-0.028218,-0.032535
-1.5455,-0.035446,-0.033798
-1.3791,-0.022178,-0.033075
-1.1502,-0.034288,-0.034574
-0.86979,-0.010305,-0.034537
-0.72919,-0.0396,-0.034615
-0.55569,-0.016873,-0.036426
-0.37208,-0.026066,-0.033596
-0.27037,-0.034074,-0.038335
0.015318,0.0020479,-0.033532
0.40047,-0.064947,-0.039013
0.77853,0.043474,-0.035309
1.2216,-0.11342,-0.036486
1.7534,0.09893,-0.041132
2.1879,-0.28938,-0.026649
2.4396,-1.8971,-0.25621
2.6153,-2.0686,-0.66337
2.2668,-1.8306,-1.002
1.8697,-2.0112,-1.341
1.6461,-1.9104,-1.6602
1.111,-1.9887,-1.9565
0.93147,-1.9692,-2.2418
0.8133,-2.008,-2.5057
0.57323,-2.043,-2.7652
0.69327,-2.0505,-3.0078
0.72019,-2.0812,-3.2408
0.70523,-2.0711,-3.4568
0.75085,-2.1198,-3.6622
0.70935,-2.1319,-3.86
0.5594,-2.1429,-4.0444
0.25426,-2.1406,-4.2164
-0.01871,-2.1366,-4.3734
-0.2083,-2.1263,-4.5175
-0.25691,-2.0888,-4.6434
-0.19708,-2.0708,-4.7524
-0.10472,-2.0472,-4.8492
-0.022076,-2.0193,-4.9324
-0.084897,-1.9987,-5.0036
-0.28121,-1.9648,-5.0628
-0.52577,-1.9236,-5.1085
-0.7348,-1.8869,-5.142
-0.88438,-1.8415,-5.1625
-0.9386,-1.7909,-5.1703
-0.96253,-1.748,-5.1663
-0.90532,-1.7009,-5.152
-0.73106,-1.6516,-5.1282
-0.51119,-1.6055,-5.0948
-0.21054,-1.5609,-5.0539
0.0658,-1.5131,-5.0045
0.28418,-1.4492,-4.9457
0.28455,-1.3888,-4.8781
0.19518,-1.3313,-4.8013
0.15779,-1.2666,-4.7168
0.082627,-1.2058,-4.6244
0.22884,-1.1454,-4.5256
0.48237,-1.0816,-4.4217
0.68654,-1.0092,-4.3107
0.8391,-0.94429,-4.1916
0.86977,-0.87919,-4.0682
0.79012,-0.80515,-3.9393
0.67532,-0.74369,-3.8045
0.55416,-0.67021,-3.6668
0.29652,-0.58428,-3.5205
0.0040999,-0.52004,-3.3687
-0.29879,-0.4642,-3.2173
-0.5583,-0.37025,-3.06
-0.67198,-0.28363,-2.8955
-0.74864,-0.19918,-2.7265
-0.70489,-0.093177,-2.5469
-0.65814,-0.0052477,-2.3606
-0.71648,0.096186,-2.1692
-0.82043,0.16847,-1.9739
-1.0145,0.2906,-1.7741
-1.0986,0.36371,-1.5681
-1.0826,0.45396,-1.3643
-1.0695,0.5883,-1.151
-0.97375,0.65899,-0.94312
-0.88213,0.83416,-0.72415
-0.80024,0.8227,-0.50811
-0.62337,1.0829,-0.29006
-0.44276,0.93953,-0.056811
-0.31749,0.070017,0.015706
-0.20007,0.028805,-0.01284
-0.1264,0.10131,-0.0016416
-0.089011,-0.00025402,-0.0059231
-0.12715,0.065744,-0.0041573
-0.058722,-0.0014537,-0.0027626
0.17985,0.033307,-0.0046297
0.39561,0.018993,-0.0015441
0.69177,0.014341,-0.0035686
0.82377,0.023938,-0.0013229
0.82564,0.001418,-0.0022527
0.87949,0.0087474,-0.0012779
0.75946,0.0028689,-0.00049808
0.67681,0.011027,-0.00054307
0.60128,0.0067604,0.00030799
0.49059,0.0034687,0.0004692
0.47825,0.0014293,0.0010278
0.47227,-0.0010413,0.0011703
0.52462,0.0021753,0.0020963
0.65027,0.0086161,0.0032098
0.82415,0.0055607,0.0043158
0.96699,-0.0012813,0.0053919
0.98681,0.0042223,0.0063891
0.87799,0.0014255,0.0065803
0.66485,0.0068541,0.0073002
0.40384,-4.0328e-05,0.0083125
0.15517,0.00054452,0.0081025
-0.072931,0.0041398,0.0095497
-0.2872,-0.0045504,0.0089498
-0.44799,0.013047,0.010247
-0.59009,-0.01029,0.010195
-0.7348,0.014603,0.010322
-0.83913,-0.012948,0.012005
-0.87353,0.0025315,0.0096472
-0.86231,0.0028014,0.014154
-0.82642,-0.028522,0.0091598
-0.77631,0.046747,0.01475
-0.73705,-0.07589,0.010641
-0.62337,0.089025,0.012789
-0.43341,-0.14018,0.016272
-0.23073,0.29676,0.0041884
-0.056478,2.0074,0.23731
0.21313,2.1442,0.63938
0.38253,1.8337,0.97413
0.35037,1.9939,1.3118
0.49172,1.8937,1.6296
0.40309,1.979,1.9263
0.35785,1.9476,2.2114
0.62932,1.9831,2.4748
0.65363,2.0235,2.7339
0.91614,2.021,2.9757
1.3047,2.0489,3.2057
1.4598,2.0365,3.4198
1.7504,2.0852,3.6256
1.9946,2.1039,3.823
2.014,2.1032,4.0055
1.9598,2.0907,4.175
1.796,2.0793,4.3289
1.44,2.0712,4.4691
1.1005,2.0339,4.5928
0.7516,2.0077,4.6993
0.44385,1.9886,4.7923
0.2767,1.9688,4.8727
0.10506,1.9417,4.9411
0.020553,1.8931,4.9975
-0.027685,1.8695,5.041
-0.06807,1.8257,5.071
-0.15408,1.766,5.0873
-0.3044,1.7358,5.0919
-0.46557,1.6847,5.0857
-0.6402,1.6347,5.0685
-0.75088,1.587,5.0422
-0.92439,1.5405,5.008
-1.0025,1.4993,4.9655
-0.96515,1.4362,4.9142
-1.0224,1.3783,4.8542
-1.016,1.3227,4.7851
-1.0048,1.2577,4.7062
-1.0448,1.1969,4.6193
-1.0691,1.1387,4.526
-1.0317,1.0772,4.4266
-0.89036,1.0129,4.3211
-0.71199,0.94407,4.2082
-0.47791,0.87359,4.0885
-0.18137,0.80242,3.9632
0.13012,0.73303,3.8318
0.3642,0.67762,3.6982
0.50518,0.60066,3.5603
0.53883,0.51844,3.413
0.47564,0.46616,3.2621
0.37804,0.39249,3.1106
0.18209,0.30406,2.9514
-0.0067443,0.23165,2.7864
-0.11556,0.12679,2.6156
-0.15856,0.032434,2.4348
-0.10322,-0.05875,2.2489
-0.048625,-0.15102,2.0564
0.031771,-0.22699,1.8626
0.087862,-0.34397,1.6617
0.10955,-0.40703,1.4585
0.1361,-0.54757,1.2527
0.052338,-0.62649,1.0404
-0.030676,-0.74323,0.834
-0.16081,-0.86728,0.61184
-0.29655,-0.89869,0.40375
-0.35563,-1.1747,0.17084
-0.41957,-0.62648,-0.019289
-0.39489,0.028703,-0.027833
-0.4091,-0.1308,-0.012994
-0.4637,-0.066675,-0.023462
-0.53175,-0.05839,-0.016065
-0.60617,-0.072681,-0.021557
-0.61776,-0.033189,-0.01852
-0.62786,-0.06714,-0.020339
-0.58074,-0.032338,-0.020669
-0.47566,-0.053696,-0.019795
-0.3302,-0.039285,-0.021591
-0.17277,-0.040938,-0.020676
0.013448,-0.04201,-0.022206
0.18733,-0.04032,-0.021658
0.27334,-0.047889,-0.022153
0.35411,-0.034194,-0.022828
0.38664,-0.03482,-0.023203
0.36345,-0.034629,-0.023499
0.35298,-0.035521,-0.02366
0.37467,-0.029493,-0.02459
0.47863,-0.032334,-0.025602
0.59305,-0.040383,-0.026795
0.7101,-0.034839,-0.027886
0.83462,-0.026756,-0.028714
0.90753,-0.022992,-0.028658
0.95502,-0.028956,-0.02967
0.90791,-0.023089,-0.030038
0.78301,-0.031363,-0.030255
0.66335,-0.019524,-0.03141
0.5336,-0.022388,-0.030731
0.37467,-0.031588,-0.032737
0.23744,-0.011985,-0.031324
0.11179,-0.038659,-0.033135
0.0082132,-0.00079013,-0.032733
-0.013849,-0.040755,-0.032388
-0.078166,-0.0032495,-0.035279
-0.18474,-0.025785,-0.030784
-0.24345,-0.030347,-0.038248
-0.33955,0.022679,-0.02904
-0.46781,-0.10921,-0.04064
-0.49959,0.17143,-0.026975
-0.60392,-0.80054,-0.061628
-0.53512,-2.1565,-0.38296
-0.30029,-1.9063,-0.77522
-0.29505,-1.8955,-1.1025
-0.027685,-1.9741,-1.4417
0.24155,-1.9042,-1.7469
0.31185,-1.9869,-2.041
0.522,-1.9461,-2.3161
0.49134,-2.0215,-2.5774
0.36308,-2.0227,-2.8315
0.4173,-2.0415,-3.0682
0.46217,-2.0536,-3.2934
0.45956,-2.0689,-3.5035
0.63718,-2.1111,-3.7076
0.87313,-2.1065,-3.8994
0.9195,-2.117,-4.0775
1.0698,-2.1101,-4.2425
1.1513,-2.0979,-4.3927
1.0403,-2.0743,-4.5274
1.0343,-2.0421,-4.6436
0.9539,-2.0208,-4.7456
0.89295,-2,-4.8351
0.87612,-1.9765,-4.9127
0.80582,-1.9506,-4.9781
0.79647,-1.9118,-5.0301
0.78713,-1.8702,-5.0697
0.76544,-1.8279,-5.0961
0.65587,-1.7767,-5.1092
0.45619,-1.7319,-5.1109
0.22697,-1.6853,-5.1021
-0.056852,-1.635,-5.0827
-0.36572,-1.5908,-5.0538
-0.54708,-1.5489,-5.0174
-0.69292,-1.4976,-4.9726
-0.83352,-1.4374,-4.9186
-0.79613,-1.379,-4.8556
-0.79164,-1.3185,-4.7834
-0.76808,-1.2514,-4.7026
-0.71274,-1.1889,-4.6134
-0.74041,-1.1324,-4.5174
-0.74864,-1.0721,-4.4168
-0.82081,-1.0029,-4.3094
-0.88176,-0.93216,-4.1931
-0.96328,-0.87517,-4.0724
-0.99544,-0.80526,-3.9466
-0.93972,-0.7383,-3.814
-0.87129,-0.67262,-3.6787
-0.66899,-0.57856,-3.5364
-0.57289,-0.51363,-3.3864
-0.48426,-0.46307,-3.2364
-0.28383,-0.375,-3.0825
-0.21652,-0.29045,-2.9203
-0.1881,-0.20786,-2.7542
-0.1092,-0.096948,-2.5784
-0.038155,-0.0099002,-2.3941
0.020553,0.086273,-2.2049
0.16452,0.16516,-2.01
0.30101,0.26723,-1.8125
0.40421,0.357,-1.6073
0.52275,0.43537,-1.4045
0.53995,0.5731,-1.1941
0.55379,0.63097,-0.98502
0.51602,0.81885,-0.77137
0.38888,0.83187,-0.55189
0.30811,1.0123,-0.34075
0.20939,1.0735,-0.099307
0.13535,0.21702,0.016696
0.10768,-0.021327,-0.0091287
0.10432,0.12036,-0.0040335
0.129,-0.00011906,-0.0034149
0.08674,0.066606,-0.005522
0.089358,0.011064,-0.0016491
0.047477,0.028568,-0.0050308
-0.090506,0.027312,-0.0011879
-0.13239,0.010149,-0.003025
-0.21353,0.029221,-0.0013679
-0.31898,0.0034687,-0.0014579
-0.37582,0.019526,-0.0012029
-0.40013,0.0086161,-0.00011942
-0.3661,0.0067116,-0.00050183
-0.31674,0.0069666,0.00067916
-0.24868,0.0066517,0.00081413
-0.19297,0.0052083,0.001399
-0.12865,0.0012531,0.0013915
-0.080036,0.0059581,0.0022126
-0.017589,0.0057744,0.0035173
0.062434,0.0069778,0.0044171
0.11516,0.0057294,0.0055718
0.20677,0.0012118,0.0064791
0.28231,-0.0033132,0.0070003
0.38851,0.0061343,0.0075551
0.48461,-0.00064392,0.0085524
0.52761,-0.0035044,0.0082487
0.58109,0.0088336,0.009456
0.55641,-0.0096003,0.0092872
0.50368,0.0082787,0.01006
0.47227,-0.0071185,0.011274
0.42852,0.0052345,0.010048
0.34924,-0.00095509,0.012838
0.29615,-0.011227,0.0099546
0.28194,0.019072,0.01394
0.28642,-0.041838,0.011162
0.28605,0.048131,0.0128
0.26212,-0.055706,0.014427
0.25613,0.054073,0.0089236
0.1634,-0.043023,0.021652
0.12376,0.0024753,-0.0045097
0.035511,1.6498,0.1521
-0.0030049,2.2481,0.54592
0.096089,1.8239,0.89645
-0.0056225,1.9851,1.2291
0.12862,1.9121,1.5577
0.1892,1.952,1.8558
0.080383,1.9544,2.1468
0.26922,1.9534,2.4133
0.26511,2.0232,2.6746
0.25352,2.0047,2.9208
0.32793,2.031,3.154
0.29577,2.028,3.3726
0.31484,2.0723,3.5797
0.39973,2.0904,3.7809
0.50293,2.0951,3.9671
0.47451,2.0975,4.1411
0.55192,2.0814,4.2997
0.60128,2.0753,4.444
0.52649,2.0375,4.5724
0.51826,2.0062,4.6831
0.45507,1.9877,4.7798
0.44946,1.9574,4.863
0.41356,1.9331,4.9343
0.42702,1.8994,4.9945
0.50219,1.86,5.0417
0.52948,1.8224,5.0752
0.58408,1.7729,5.0954
0.56613,1.7295,5.1036
0.5407,1.6813,5.1003
0.4188,1.625,5.0861
0.24566,1.5891,5.0625
0.12862,1.5458,5.0307
-0.062461,1.4953,4.9899
-0.20306,1.4457,4.9411
-0.26476,1.378,4.8844
-0.37171,1.3218,4.8181
-0.43565,1.2605,4.7418
-0.41322,1.1969,4.6576
-0.45248,1.1382,4.5665
-0.52577,1.0692,4.468
-0.56316,1.0171,4.3638
-0.61552,0.94593,4.2533
-0.70638,0.86951,4.1346
-0.75088,0.81038,4.0104
-0.7363,0.74196,3.8804
-0.76397,0.68624,3.7472
-0.69255,0.61181,3.6111
-0.6574,0.52466,3.4658
-0.68956,0.46815,3.3152
-0.59831,0.40731,3.1648
-0.5871,0.31562,3.0083
-0.57775,0.24005,2.8442
-0.54035,0.15439,2.6758
-0.54035,0.0453,2.4977
-0.49885,-0.043833,2.3128
-0.45547,-0.14313,2.1218
-0.30216,-0.21014,1.9275
-0.17427,-0.3236,1.7285
-0.07854,-0.39928,1.5237
0.10544,-0.50229,1.3202
0.18209,-0.61878,1.1072
0.24492,-0.69521,0.90077
0.25726,-0.8705,0.68167
0.25875,-0.85433,0.46804
0.29652,-1.1238,0.24823
0.22921,-0.90449,0.021678
0.25613,-0.056962,-0.037412
0.27969,-0.069618,-0.010651
0.29652,-0.11493,-0.022003
0.3485,-0.033039,-0.016485
0.3283,-0.090451,-0.019229
0.35822,-0.028424,-0.019263
0.33803,-0.066413,-0.018168
0.2767,-0.039952,-0.020721
0.23033,-0.043626,-0.018685
0.14844,-0.04724,-0.020867
0.082253,-0.039457,-0.019844
0.028032,-0.046408,-0.020942
-0.0033789,-0.032079,-0.02122
-0.03479,-0.043135,-0.021396
-0.043764,-0.035892,-0.022138
-0.015719,-0.035821,-0.022389
-0.028807,-0.028881,-0.022839
-0.024693,-0.028829,-0.022798
-0.025067,-0.036353,-0.023904
-0.040773,-0.03049,-0.024721
-0.030302,-0.032023,-0.025955
-0.0097358,-0.031345,-0.026971
0.044859,-0.026606,-0.027713
0.080757,-0.024289,-0.028122
0.1103,-0.035382,-0.028857
0.14769,-0.02571,-0.029693
0.17462,-0.023292,-0.029483
0.16901,-0.023715,-0.030758
0.13498,-0.017196,-0.030233
0.13647,-0.03365,-0.031815
0.15442,-0.011329,-0.031163
0.1088,-0.036098,-0.031789
0.094967,-0.0062299,-0.033097
0.126,-0.027734,-0.031046
0.15293,-0.01937,-0.035455
0.22435,-0.0021773,-0.030184
0.23706,-0.055372,-0.036711
0.28268,0.04767,-0.030739
0.2853,-0.11609,-0.03526
0.28755,0.13849,-0.034968
0.24641,-0.42269,-0.031245
0.12825,-2.0009,-0.28938
0.24529,-2.0173,-0.694
0.17162,-1.837,-1.0274
0.22771,-1.9898,-1.3668
0.49359,-1.8903,-1.6808
0.44834,-1.9818,-1.9758
0.6196,-1.9421,-2.258
0.68579,-1.9901,-2.5202
0.52013,-2.0225,-2.7783
0.5938,-2.0221,-3.019
0.59118,-2.0421,-3.2481
0.53509,-2.0466,-3.4617
0.56239,-2.0934,-3.6674
0.60539,-2.0983,-3.8635
0.57286,-2.1037,-4.0455
0.49957,-2.0979,-4.2144
0.49919,-2.0931,-4.3691
0.42141,-2.0665,-4.509
0.31896,-2.0321,-4.6304
0.22958,-2.0162,-4.7369
0.17162,-1.9871,-4.8301
0.16639,-1.9635,-4.9099
0.16228,-1.9376,-4.9785
0.22771,-1.9032,-5.0341
0.28829,-1.8659,-5.077
0.33429,-1.8181,-5.1075
0.37056,-1.7705,-5.124
0.31896,-1.7285,-5.1286
0.24641,-1.679,-5.1226
0.15966,-1.6281,-5.1055
-0.037033,-1.5863,-5.0791
-0.16941,-1.5421,-5.045
-0.22961,-1.49,-5.0028
-0.3732,-1.4339,-4.9512
-0.39601,-1.3777,-4.8905
-0.36572,-1.3209,-4.8214
-0.40761,-1.2555,-4.7436
-0.38068,-1.1879,-4.6567
-0.33656,-1.1309,-4.5629
-0.33394,-1.0763,-4.4643
-0.3115,-1.0061,-4.3591
-0.28234,-0.93389,-4.2451
-0.32422,-0.8774,-4.1257
-0.33357,-0.80465,-4.0012
-0.32721,-0.73469,-3.8694
-0.34591,-0.68002,-3.735
-0.30216,-0.59417,-3.5949
-0.33693,-0.51664,-3.4461
-0.40499,-0.46774,-3.296
-0.41434,-0.39009,-3.1439
-0.43191,-0.29821,-2.9837
-0.47716,-0.22526,-2.8182
-0.48763,-0.11759,-2.6458
-0.41434,-0.0255,-2.4632
-0.41322,0.064765,-2.2758
-0.37507,0.15817,-2.0816
-0.2326,0.23854,-1.8852
-0.13314,0.35573,-1.6809
-0.054234,0.41207,-1.4763
0.0085872,0.55028,-1.2685
0.087114,0.628,-1.0551
0.11105,0.75615,-0.84614
0.046355,0.85519,-0.62277
0.010831,0.91041,-0.41383
0.017562,1.1645,-0.17579
-0.0097358,0.52497,0.00273
-0.0056225,-0.060651,0.0013465
0.048972,0.12225,-0.0093274
0.10656,0.028711,-0.00027688
0.16302,0.040801,-0.0067404
0.20416,0.046785,-0.0010342
0.30026,0.012526,-0.0045284
0.33616,0.041859,-0.0017241
0.35298,0.006168,-0.0020127
0.38926,0.024531,-0.0020352
0.3369,0.0018042,-0.00067429
0.31372,0.0082412,-0.0015329
0.27446,0.010296,0.000248
0.23669,1.2158e-05,-0.00031062
0.21164,0.011417,0.00059667
0.16377,0.0071503,0.00093035
0.16003,0.0018754,0.0013728
0.11965,0.0030564,0.0016914
0.074026,0.0067341,0.0019464
0.066548,0.0085861,0.0034348
0.074774,0.009947,0.0044433
0.085992,0.0074839,0.0053431
0.10058,0.0060631,0.0065429
0.10955,-6.2822e-05,0.0072552
0.11516,0.0045222,0.0075026
0.13348,0.0057894,0.0087998
0.12376,-0.0024734,0.0085824
0.11778,0.0074389,0.0094747
0.089732,-0.0070772,0.010015
0.023171,0.0057481,0.0099096
0.0048478,-0.0080932,0.011634
-0.021702,-0.0027509,0.0099583
-0.095368,0.012091,0.012886
-0.094246,-0.020064,0.010652
-0.081158,0.02639,0.012931
-0.05947,-0.040473,0.012575
-0.0011352,0.036096,0.011327
-0.0015092,-0.029583,0.016666
0.051964,0.0049084,0.0076526
0.093845,0.032838,0.022762
0.1174,-0.13731,-0.0027213
0.14059,1.3127,0.097089
0.19107,2.3078,0.46873
0.35598,1.8624,0.83568
0.35149,1.9508,1.1648
0.41581,1.93,1.5002
0.5407,1.9239,1.8014
0.42702,1.9646,2.0957
0.54108,1.9318,2.3663
0.62446,2.0098,2.629
0.52275,1.995,2.8792
0.6555,2.0227,3.1154
0.65288,2.0142,3.3383
0.56015,2.045,3.5471
0.6828,2.081,3.7508
0.70112,2.077,3.9406
0.6196,2.0865,4.118
0.65924,2.0714,4.2805
0.59343,2.0553,4.4284
0.48536,2.0342,4.5611
0.45507,2.0032,4.6766
0.33504,1.9715,4.7777
0.28081,1.9519,4.8646
0.24005,1.9278,4.9395
0.21575,1.8939,5.0026
0.24791,1.8561,5.0527
0.26324,1.8119,5.0902
0.26473,1.7693,5.1138
0.21014,1.7232,5.1251
0.13947,1.6785,5.1257
-0.01011,1.6182,5.1144
-0.10359,1.5647,5.0934
-0.2068,1.5352,5.0642
-0.38068,1.4852,5.0256
-0.42742,1.433,4.9791
-0.43303,1.3767,4.9246
-0.4435,1.3133,4.86
-0.44687,1.2556,4.7863
-0.3818,1.1965,4.7048
-0.35339,1.1391,4.6157
-0.38854,1.0718,4.5186
-0.33319,1.0177,4.416
-0.35264,0.9543,4.3085
-0.41284,0.86942,4.1917
-0.40985,0.80696,4.0687
-0.40574,0.74206,3.9407
-0.40499,0.68731,3.8076
-0.36946,0.62703,3.6728
-0.33469,0.53316,3.5298
-0.34516,0.46894,3.3794
-0.30365,0.42009,3.2291
-0.3115,0.33274,3.0746
-0.34815,0.24653,2.9114
-0.34965,0.17115,2.7442
-0.35525,0.063419,2.5687
-0.33843,-0.020191,2.3844
-0.31749,-0.11352,2.1954
-0.20418,-0.19111,2.0014
-0.13837,-0.29098,1.8047
-0.096489,-0.39399,1.5994
0.0052217,-0.46132,1.3956
-0.00824,-0.60523,1.1843
-0.0041267,-0.66346,0.97423
0.010457,-0.83186,0.76039
-0.03479,-0.85978,0.53922
-0.063209,-1.0127,0.32937
-0.088263,-1.1167,0.087409
-0.050121,-0.28705,-0.0385
-0.00076128,0.012991,-0.014644
0.054956,-0.14887,-0.017489
0.1346,-0.024169,-0.019176
0.13423,-0.086463,-0.01602
0.17125,-0.045771,-0.020189
0.21762,-0.051394,-0.016822
0.18957,-0.056778,-0.020462
0.21575,-0.035071,-0.018363
0.20864,-0.054757,-0.019728
0.15368,-0.029965,-0.019971
0.14358,-0.044395,-0.019885
0.11965,-0.038389,-0.02101
0.12226,-0.036867,-0.020575
0.15667,-0.037249,-0.021355
0.16153,-0.033144,-0.02155
0.1705,-0.030718,-0.022247
0.17536,-0.034168,-0.022404
0.16639,-0.036357,-0.023038
0.16265,-0.0304,-0.024065
0.17349,-0.035142,-0.025108
0.19406,-0.0301,-0.026146
0.21874,-0.029181,-0.027252
0.24716,-0.025447,-0.027661
0.24641,-0.027198,-0.028156
0.22024,-0.024574,-0.029235
0.20304,-0.022714,-0.028801
0.17798,-0.02851,-0.030349
0.13049,-0.015119,-0.029832
0.075148,-0.034824,-0.030705
0.019057,-0.016427,-0.031444
-0.044512,-0.035798,-0.030461
-0.074801,-0.020945,-0.032977
-0.090133,-0.018032,-0.030221
-0.087141,-0.036128,-0.034567
-1.3407e-05,0.013494,-0.030593
0.04112,-0.065333,-0.034132
0.068043,0.045364,-0.033273
0.0658,-0.090448,-0.030915
0.053086,0.066085,-0.040176
0.050468,-0.14222,-0.017834
-0.0033789,-1.7543,-0.21093
0.14171,-2.1164,-0.61486
0.17611,-1.8034,-0.95995
0.17462,-1.9841,-1.2959
0.44684,-1.8892,-1.6189
0.53958,-1.9558,-1.915
0.6024,-1.9418,-2.2031
0.74525,-1.9609,-2.4676
0.64316,-2.0131,-2.7281
0.60165,-2.0047,-2.9729
0.69215,-2.0355,-3.2055
0.59156,-2.0272,-3.4228
0.59679,-2.0738,-3.6297
0.73216,-2.084,-3.8293
0.68205,-2.0843,-4.0146
0.69327,-2.084,-4.1871
0.7273,-2.074,-4.3451
0.61063,-2.0591,-4.4893
0.52874,-2.0206,-4.6156
0.42328,-1.9969,-4.7253
0.35149,-1.9771,-4.8219
0.31447,-1.9555,-4.906
0.27932,-1.9283,-4.9784
0.29054,-1.8946,-5.038
0.29689,-1.858,-5.085
0.33504,-1.8112,-5.1188
0.31671,-1.7608,-5.1389
0.29428,-1.7204,-5.1471
0.16826,-1.6779,-5.1444
0.056077,-1.6228,-5.1304
-0.042642,-1.5796,-5.1068
-0.26439,-1.536,-5.0753
-0.33244,-1.4848,-5.0355
-0.41322,-1.4354,-4.9866
-0.43677,-1.3726,-4.9287
-0.4192,-1.3117,-4.862
-0.4106,-1.2513,-4.7862
-0.32945,-1.185,-4.7014
-0.40349,-1.1304,-4.6094
-0.37133,-1.0764,-4.5122
-0.35937,-1.0081,-4.4088
-0.41247,-0.93444,-4.297
-0.39489,-0.8776,-4.1789
-0.45136,-0.81204,-4.0563
-0.41658,-0.74063,-3.9263
-0.40424,-0.6854,-3.7924
-0.3818,-0.60228,-3.655
-0.35376,-0.52155,-3.5079
-0.32534,-0.46791,-3.3571
-0.29318,-0.40592,-3.2061
-0.3575,-0.31627,-3.0481
-0.33319,-0.23644,-2.8833
-0.36049,-0.14912,-2.7131
-0.36909,-0.043281,-2.5323
-0.30178,0.045971,-2.3456
-0.23559,0.14187,-2.1528
-0.13501,0.20621,-1.957
-0.075923,0.32383,-1.7557
0.023545,0.39314,-1.5493
0.077392,0.4977,-1.3445
0.094967,0.6168,-1.1298
0.12825,0.69559,-0.9214
0.12152,0.86156,-0.6999
0.060939,0.85967,-0.48535
0.0044739,1.1293,-0.26079
-0.014597,0.83894,-0.036685
-0.040773,0.013385,0.013633
0.010083,0.057867,-0.012308
0.085245,0.081381,-0.00012317
0.12526,0.0098871,-0.0056944
0.14208,0.06066,-0.0023314
0.1806,0.0041361,-0.0028713
0.21014,0.043264,-0.0032725
0.19705,0.012594,-0.00079052
0.23183,0.0211,-0.0027026
0.21799,0.020298,-0.00037811
0.16639,0.0090698,-0.0013716
0.14732,0.01361,-0.00034812
0.12002,0.0018229,4.9296e-05
0.11292,0.01277,0.00040172
0.12563,0.0076939,0.0011403
0.13086,0.0095609,0.0015452
0.12974,0.0072665,0.0019426
0.11441,0.0017367,0.0019801
0.091601,0.0041473,0.0031911
0.11142,0.006348,0.0042521
0.12526,-4.4077e-05,0.0052794
0.15143,0.002644,0.0064341
0.20229,0.0056394,0.0076189
0.20977,1.5907e-05,0.0077613
0.22846,0.0025015,0.0086086
0.22098,-0.0038268,0.0089798
0.20453,0.0073715,0.0090998
0.19331,-0.0053527,0.010288
0.14171,0.0013955,0.0097671
0.094219,0.0053507,0.011683
0.026536,-0.013357,0.010427
-0.029928,0.01875,0.012508
-0.044886,-0.022212,0.011837
-0.040399,0.01584,0.011619
0.00073447,-0.029028,0.014461
0.043737,0.0052383,0.010078
0.057573,0.0073152,0.017359
0.1017,-0.04297,0.00826
0.11516,0.092511,0.020179
0.094967,-0.20085,0.0053394
0.079261,0.84643,0.044316
0.10469,2.2546,0.36754
0.26735,1.9539,0.75527
0.27483,1.8913,1.0826
0.28194,1.9565,1.4229
0.42889,1.8884,1.73
0.36084,1.957,2.0265
0.41543,1.9178,2.3036
0.55342,1.9875,2.5673
0.4891,1.9823,2.8228
0.56202,2.0058,3.0617
0.61661,2.01,3.2893
0.51864,2.0264,3.5008
0.59679,2.067,3.7064
0.70673,2.0635,3.9008
0.61811,2.0717,4.0815
0.64653,2.0599,4.2491
0.67644,2.0456,4.4023
0.48835,2.014,4.539
0.43301,1.9907,4.6581
0.35298,1.9674,4.7628
0.24828,1.9406,4.8542
0.26062,1.9111,4.9336
0.23819,1.8704,4.9999
0.24118,1.8478,5.0538
0.29502,1.8045,5.0954
0.35074,1.7528,5.1231
0.30811,1.7156,5.1382
0.28306,1.6664,5.1416
0.21537,1.6204,5.1333
0.040372,1.5738,5.115
-0.10546,1.5266,5.0883
-0.25055,1.482,5.0528
-0.34217,1.4334,5.0089
-0.38854,1.3818,4.9575
-0.39826,1.3184,4.8961
-0.40162,1.2567,4.8248
-0.3747,1.1982,4.7457
-0.34217,1.1297,4.6586
-0.37732,1.0652,4.5634
-0.34965,1.0166,4.4618
-0.36086,0.95347,4.3559
-0.41322,0.87114,4.2415
-0.41322,0.80822,4.1192
-0.43603,0.74012,3.9924
-0.44313,0.68081,3.8603
-0.39003,0.62921,3.7263
-0.33693,0.53944,3.5858
-0.37171,0.47018,3.4364
-0.36572,0.41961,3.2859
-0.35563,0.33818,3.1329
-0.40948,0.25099,2.9713
-0.41135,0.1753,2.8052
-0.44201,0.068237,2.6328
-0.40835,-0.017608,2.4497
-0.32796,-0.094129,2.2619
-0.26401,-0.18442,2.0683
-0.16043,-0.26911,1.8726
-0.097611,-0.38209,1.6689
-0.00076128,-0.43549,1.464
0.074026,-0.57185,1.2562
0.088984,-0.64866,1.0424
0.091228,-0.77665,0.83322
0.024293,-0.87879,0.60957
-0.027685,-0.9186,0.40084
-0.0576,-1.1934,0.16384
-0.072557,-0.58461,-0.021306
0.0044739,0.038132,-0.024534
0.087862,-0.13863,-0.011869
0.14208,-0.055882,-0.021411
0.16452,-0.059327,-0.014213
0.18172,-0.069652,-0.01978
0.25277,-0.035472,-0.01632
0.24641,-0.06639,-0.018689
0.23632,-0.032342,-0.018794
0.25875,-0.053621,-0.018224
0.1892,-0.038082,-0.019915
0.13273,-0.043049,-0.018933
0.12787,-0.037557,-0.020432
0.10918,-0.02989,-0.019911
0.10955,-0.035791,-0.02053
0.14021,-0.029444,-0.021115
0.12226,-0.031821,-0.02146
0.1088,-0.028083,-0.021745
0.090854,-0.030542,-0.022127
0.05346,-0.031873,-0.023154
0.1002,-0.032327,-0.024369
0.10693,-0.033628,-0.025647
0.12413,-0.035004,-0.0266
0.19032,-0.026407,-0.027192
0.18845,-0.029313,-0.027282
0.19593,-0.029586,-0.028516
0.1892,-0.018024,-0.028347
0.15517,-0.028278,-0.029273
0.12039,-0.017241,-0.029648
0.083375,-0.029916,-0.029674
0.02691,-0.013143,-0.031219
-0.03479,-0.022542,-0.029569
-0.046756,-0.026812,-0.032516
-0.039651,-0.0017649,-0.030116
-0.012353,-0.047634,-0.033003
0.056825,0.017944,-0.031864
0.1017,-0.062971,-0.031357
0.13722,0.019739,-0.035706
0.15218,-0.039184,-0.02744
0.15143,-0.030632,-0.042148
0.1432,0.075963,-0.01575
0.053086,-1.3792,-0.13324
0.1548,-2.1952,-0.51649
0.20341,-1.8065,-0.88184
0.14844,-1.9542,-1.2123
0.3829,-1.9095,-1.5449
0.49396,-1.9225,-1.8439
0.56164,-1.9504,-2.1365
0.70411,-1.9314,-2.4051
0.65101,-2.0045,-2.6673
0.58483,-1.9894,-2.9169
0.62858,-2.0186,-3.1524
0.62222,-2.0125,-3.3745
0.53771,-2.0482,-3.5833
0.62708,-2.0701,-3.7862
0.67308,-2.0694,-3.9755
0.57024,-2.0734,-4.1524
0.60165,-2.0597,-4.3142
0.55192,-2.0519,-4.4626
0.44983,-2.0146,-4.5949
0.36458,-1.9854,-4.709
0.25352,-1.966,-4.8096
0.22211,-1.9402,-4.8972
0.19705,-1.9165,-4.9725
0.24342,-1.8826,-5.0359
0.27932,-1.8451,-5.0861
0.33616,-1.8046,-5.1236
0.37692,-1.7567,-5.148
0.32195,-1.7119,-5.1596
0.26735,-1.6665,-5.1601
0.17649,-1.6155,-5.149
0.047477,-1.5677,-5.1277
-0.17988,-1.5253,-5.0987
-0.28196,-1.4794,-5.0613
-0.34628,-1.4282,-5.0149
-0.43902,-1.3712,-4.9603
-0.38629,-1.309,-4.8961
-0.3818,-1.2466,-4.8227
-0.34217,-1.1853,-4.7406
-0.32871,-1.1258,-4.6505
-0.33244,-1.0698,-4.5547
-0.30664,-1.0097,-4.4529
-0.33132,-0.93472,-4.3431
-0.32983,-0.87294,-4.2266
-0.35488,-0.81201,-4.105
-0.34366,-0.73843,-3.9764
-0.39265,-0.68721,-3.843
-0.39078,-0.61318,-3.7073
-0.32085,-0.52573,-3.5628
-0.37021,-0.47184,-3.4121
-0.38367,-0.41292,-3.2614
-0.40574,-0.32036,-3.1056
-0.43827,-0.24235,-2.9417
-0.4622,-0.16394,-2.773
-0.45435,-0.048717,-2.595
-0.39115,0.025011,-2.4093
-0.3029,0.12573,-2.2185
-0.18436,0.20357,-2.0224
-0.10995,0.29969,-1.8234
-0.01871,0.39608,-1.6165
0.045981,0.4555,-1.4121
0.066922,0.60329,-1.1991
0.1275,0.66213,-0.98837
0.10955,0.82974,-0.77298
0.031771,0.85712,-0.55134
0.01457,1.0323,-0.33781
-0.028433,1.072,-0.095599
-0.049373,0.21226,0.017689
0.0029781,-0.023565,-0.0088212
0.082253,0.12505,-0.0031412
0.17162,0.0031538,-0.0027213
0.17873,0.063768,-0.0046559
0.24267,0.016433,-0.0010155
0.30699,0.032827,-0.0040898
0.27259,0.025794,-0.00026188
0.30026,0.0070828,-0.0023989
0.30998,0.026446,-0.00053182
0.25838,0.0066966,-0.00057681
0.1791,0.016628,-0.00056182
0.1447,0.0074127,0.00062292
0.15854,0.0096996,0.00029674
0.099828,0.0056207,0.0013952
0.088236,0.0098608,0.0016802
0.11815,0.0078288,0.0021713
0.092723,-0.0025034,0.00237
0.050842,-0.00099633,0.0030224
0.029528,0.0017967,0.0039447
0.065426,0.0065129,0.0050244
0.08674,0.00061575,0.0062804
0.13386,0.0019991,0.0072177
0.19331,0.0019654,0.0077726
0.1907,0.0023141,0.0081325
0.21238,0.0050133,0.0092647
0.23033,-0.0020011,0.0090023
0.17574,0.0066067,0.0099883
0.12563,-0.007842,0.010629
0.10843,0.0020966,0.010554
0.022423,-0.0094166,0.012163
-0.055356,-0.01065,0.010562
-0.06807,0.0002296,0.013314
-0.070314,-0.024026,0.011188
-0.047877,0.026555,0.013633
0.021301,-0.037647,0.013261
0.097211,0.03541,0.011758
0.12152,-0.03115,0.016741
0.17424,0.0038361,0.0079413
0.17162,0.034529,0.023185
0.16041,-0.13473,-0.0020577
0.1619,1.3052,0.096782
0.17873,2.2966,0.46685
0.32344,1.8424,0.83286
0.2782,1.928,1.1608
0.34999,1.9098,1.495
0.46778,1.8884,1.7944
0.30288,1.9316,2.0878
0.47227,1.9084,2.3574
0.50667,1.9814,2.6193
0.38215,1.9601,2.8689
0.55828,1.9778,3.1017
0.48611,1.978,3.3232
0.45096,2.0145,3.5329
0.5938,2.0377,3.736
0.60876,2.0317,3.9241
0.6024,2.0371,4.0993
0.63082,2.012,4.2606
0.59044,1.9844,4.4051
0.44348,1.9534,4.5325
0.36233,1.9338,4.6441
0.27408,1.9114,4.7429
0.18696,1.882,4.8287
0.16751,1.8545,4.9018
0.17611,1.8219,4.9623
0.2049,1.7826,5.0102
0.22884,1.732,5.045
0.27932,1.6901,5.0669
0.25202,1.6413,5.076
0.1791,1.5897,5.0736
0.13423,1.5513,5.0612
-0.011605,1.4982,5.0391
-0.17016,1.4559,5.008
-0.26027,1.4166,4.9693
-0.34703,1.3595,4.9221
-0.36722,1.303,4.8653
-0.35264,1.2469,4.7991
-0.3216,1.1819,4.7243
-0.28645,1.1172,4.6412
-0.30253,1.0559,4.5499
-0.29019,0.99581,4.452
-0.31898,0.94092,4.3493
-0.37732,0.86978,4.239
-0.39676,0.80779,4.1203
-0.42929,0.74105,3.9972
-0.41396,0.67128,3.8678
-0.41172,0.62607,3.7355
-0.37956,0.5434,3.5991
-0.31711,0.46225,3.4526
-0.32796,0.41361,3.3035
-0.3216,0.34415,3.1533
-0.33095,0.25475,2.9943
-0.37881,0.18697,2.8305
-0.42144,0.094105,2.6614
-0.42518,-0.011047,2.4804
-0.3661,-0.086815,2.2949
-0.31038,-0.17467,2.1036
-0.23111,-0.25364,1.9089
-0.12192,-0.36968,1.708
-0.047504,-0.42714,1.5031
0.018684,-0.54753,1.2985
0.054582,-0.65029,1.0847
0.082253,-0.73775,0.87716
0.065426,-0.87758,0.65592
0.0074654,-0.88476,0.44468
-0.019084,-1.1759,0.21636
-0.055356,-0.77647,0.0035173
-0.0015092,-0.0033095,-0.02943
0.050842,-0.10159,-0.0071978
0.11329,-0.085731,-0.01927
0.22697,-0.03975,-0.012315
0.22024,-0.079186,-0.016646
0.25875,-0.028488,-0.014966
0.29016,-0.069172,-0.015315
0.27334,-0.035836,-0.016916
0.28007,-0.047915,-0.015281
0.23183,-0.041347,-0.017508
0.20565,-0.03726,-0.016391
0.16041,-0.043405,-0.017696
0.129,-0.029455,-0.017688
0.13012,-0.033826,-0.017932
0.12526,-0.034085,-0.018532
0.15928,-0.03425,-0.018876
0.1346,-0.025245,-0.019349
0.098332,-0.029957,-0.019514
0.10319,-0.027524,-0.020459
0.066174,-0.028881,-0.021126
0.071409,-0.032615,-0.022404
0.12451,-0.025144,-0.023499
0.14208,-0.03052,-0.024335
0.16639,-0.022726,-0.02465
0.17686,-0.02592,-0.025183
0.17312,-0.023412,-0.026304
0.17985,-0.018868,-0.025782
0.12376,-0.02571,-0.02732
0.084871,-0.012989,-0.02705
0.066922,-0.027824,-0.027957
0.0074654,-0.0079732,-0.028414
-0.038903,-0.030002,-0.027635
-0.080036,-0.011692,-0.030225
-0.04526,-0.018024,-0.027496
0.020553,-0.033039,-0.031807
0.088236,0.013539,-0.027957
0.1346,-0.071864,-0.031871
0.17387,0.04443,-0.030113
0.19892,-0.093308,-0.028219
0.1634,0.075753,-0.037011
0.14881,-0.168,-0.015825
0.096463,-1.7892,-0.21401
0.18209,-2.1017,-0.61723
0.22285,-1.7857,-0.95901
0.20677,-1.9686,-1.2933
0.47227,-1.8707,-1.615
0.5493,-1.9332,-1.9101
0.57697,-1.9159,-2.1963
0.77441,-1.9359,-2.4597
0.60614,-1.9816,-2.7199
0.52687,-1.9624,-2.9631
0.65849,-1.9898,-3.1927
0.4805,-1.9941,-3.4093
0.50817,-2.0369,-3.617
0.65064,-2.0363,-3.8155
0.54818,-2.0321,-3.9982
0.59642,-2.0323,-4.1685
0.58969,-2.0168,-4.3247
0.43712,-1.9886,-4.465
0.3814,-1.9556,-4.5868
0.25726,-1.9364,-4.694
0.18434,-1.9109,-4.7893
0.16863,-1.8827,-4.8712
0.14657,-1.8556,-4.9408
0.19369,-1.8234,-4.9981
0.21949,-1.7801,-5.0423
0.29914,-1.7319,-5.0732
0.30475,-1.6881,-5.0914
0.27745,-1.6419,-5.0978
0.26212,-1.5895,-5.0924
0.13984,-1.547,-5.0765
-0.026937,-1.5049,-5.0519
-0.19446,-1.4555,-5.0186
-0.28196,-1.4082,-4.977
-0.37021,-1.3507,-4.9265
-0.37395,-1.2915,-4.8664
-0.33768,-1.2344,-4.7976
-0.34815,-1.1703,-4.7199
-0.28271,-1.1131,-4.634
-0.28271,-1.0545,-4.5415
-0.28682,-0.99298,-4.4432
-0.27,-0.92993,-4.3379
-0.28308,-0.86208,-4.2249
-0.30477,-0.80324,-4.106
-0.3474,-0.72787,-3.9808
-0.36086,-0.67318,-3.8499
-0.35301,-0.62127,-3.7166
-0.28795,-0.52136,-3.5759
-0.29804,-0.46009,-3.4272
-0.32609,-0.41479,-3.278
-0.31823,-0.32512,-3.1253
-0.37732,-0.23934,-2.9637
-0.40461,-0.17057,-2.7974
-0.43079,-0.06305,-2.6232
-0.39265,0.028838,-2.439
-0.32646,0.11448,-2.2502
-0.2786,0.19674,-2.0558
-0.1623,0.2853,-1.8587
-0.078166,0.38577,-1.6535
0.02878,0.44221,-1.45
0.092349,0.58345,-1.2399
0.12301,0.64823,-1.0276
0.19032,0.80495,-0.81645
0.12152,0.86167,-0.59238
0.057573,0.9594,-0.38293
0.019431,1.1536,-0.14107
-0.026937,0.39039,0.012508
0.010457,-0.059331,-0.0029425
0.057947,0.13008,-0.0062006
0.13124,0.014956,-0.0004006
0.18247,0.051973,-0.0055295
0.22398,0.028898,-3.6934e-05
0.26511,0.020973,-0.0039436
0.26773,0.037142,-0.00047184
0.31596,0.0024078,-0.0017278
0.33354,0.029412,-0.0010492
0.27969,0.010266,-1.8189e-05
0.22585,0.016497,-0.00056182
0.18658,0.0099395,0.0010016
0.15218,0.0090998,0.00060792
0.13012,0.0082562,0.001534
0.11404,0.0058231,0.0018526
0.12264,0.0087399,0.0024113
0.1376,0.0033225,0.0025275
0.069913,0.0045297,0.0030224
0.040746,-0.0032195,0.0038022
0.069165,0.0011556,0.0037535
0.061312,0.0080088,0.0045708
0.07627,0.0032888,0.0050319
0.13086,-0.0019673,0.0046308
0.16826,-0.0003515,0.0048107
0.15667,-0.00048271,0.0050732
0.16751,-0.005945,0.0049045
0.16041,-0.0034632,0.0050019
0.129,-0.0032945,0.0051032
0.13236,-0.0056413,0.0049757
0.069165,-0.0015212,0.004867
0.0048478,-0.00095134,0.004777
-0.024319,-0.0027284,0.0050057
-0.075923,-0.0040405,0.0052119
-0.052739,-0.0042467,0.0051257
0.010831,-0.0038906,0.0050919
