0.028032,-0.0081007,-0.00030313
0.035511,-0.0069647,-0.00032187
0.003352,-0.0061962,-7.0677e-05
0.010457,-0.0023647,0.00040172
0.013448,-0.0072947,0.00043171
0.010457,-0.0019448,0.00096034
0.0052217,-0.0039093,0.0011441
0.016066,-0.0048691,0.0012078
0.023545,0.0017142,0.0017177
0.023545,-0.01026,0.0014327
0.045233,0.002329,0.00246
0.038876,-0.011467,0.0015115
0.033267,0.0022541,0.002385
0.022797,-0.0068223,0.0024263
0.017188,-0.011599,0.0017102
0.036259,0.0074727,0.0038472
0.031023,-0.04035,0.00064541
0.033267,0.028036,0.0043871
0.025788,-0.046056,0.00055168
0.020553,0.030105,0.003761
0.022797,-0.033275,0.0022201
0.010831,-0.01134,0.00023301
0.009709,0.041233,0.00796
0.0022302,-0.13282,-0.011461
0.050468,2.4986,0.099635
-0.038155,4.8107,0.28521
-0.12603,3.8801,0.41776
0.18135,3.4253,0.58727
0.29652,3.2479,0.73832
0.17013,2.9715,0.87218
0.26174,2.8962,1.001
0.19256,2.6703,1.103
0.071783,2.6477,1.1996
0.11591,2.5203,1.2775
0.093097,2.4274,1.3462
0.0040999,2.3396,1.402
-0.00076128,2.2388,1.4473
0.020179,2.1645,1.4842
-0.081158,2.0583,1.5093
0.014944,1.9687,1.5265
0.055703,1.86,1.5325
-0.0074922,1.771,1.5285
0.084871,1.681,1.5147
-0.056478,1.5747,1.4925
-0.078914,1.4536,1.4622
-0.050869,1.3517,1.4242
-0.094994,1.2417,1.3791
-0.0078661,1.1236,1.3269
0.016814,0.9993,1.2692
0.055329,0.83962,1.2025
0.01457,0.72429,1.1298
0.022423,0.5723,1.0521
-0.039651,0.44254,0.96899
-0.13426,0.3172,0.88406
-0.11556,0.18248,0.79469
-0.22101,0.041585,0.70352
-0.20493,-0.13762,0.60422
-0.16754,-0.25501,0.50373
-0.19783,-0.50304,0.39287
-0.12491,-0.56937,0.27747
-0.049373,-0.84876,0.1616
0.0089611,-0.89961,0.030627
0.057199,-0.091287,-0.01804
0.087114,0.03249,-0.00071178
0.078514,-0.097642,-0.0052933
0.034763,0.010045,-0.00331
-0.0059964,-0.061633,-0.00319
0.0040999,-0.006901,-0.0041685
-0.002631,-0.02953,-0.0025489
0.019057,-0.021972,-0.0043222
0.085618,-0.013544,-0.0027776
0.058321,-0.027652,-0.0039248
0.072531,-0.0057688,-0.0034787
0.10357,-0.02562,-0.0035836
0.10132,-0.01669,-0.0038648
0.091228,-0.014661,-0.0037411
0.082253,-0.014673,-0.004161
0.097958,-0.010759,-0.0039361
0.043363,-0.013825,-0.0042397
0.066922,-0.014729,-0.0042585
0.093471,-0.011584,-0.004446
0.090854,-0.012108,-0.0047159
0.17312,-0.010706,-0.0047234
0.15891,-0.010673,-0.0049408
0.13124,-0.011167,-0.0052108
0.094967,-0.0059713,-0.0050796
0.030276,-0.0082507,-0.0050271
0.00073447,-0.006095,-0.0049971
-0.040025,-0.0062187,-0.0048246
-0.038529,-0.0092029,-0.0049258
-0.054608,-0.0060762,-0.0050158
-0.025441,-0.0098365,-0.0049821
0.01644,-0.012697,-0.0048284
0.00036053,-0.0076808,-0.0047534
0.037006,-0.0035082,-0.0047946
0.037754,-0.0085468,-0.0048021
0.013074,-0.009859,-0.0047534
0.0085872,-0.0066498,-0.0047346
-0.0063704,-0.008037,-0.0048171
-0.028807,-0.0059713,-0.0046747
-0.055356,-0.0071709,-0.0044235
-0.057974,-0.0067586,-0.0045772
-0.058722,-0.0033395,-0.0046222
-0.028433,-0.0037144,-0.0044235
-0.0011352,-0.0047941,-0.0047009
0.026536,-0.0048278,-0.0045734
0.053086,-0.0029533,-0.0043447
0.027658,-0.0057651,-0.0044834
0.043363,-0.0090904,-0.0044497
0.042242,-0.0088205,-0.0049483
0.025788,-0.0090604,-0.0054245
0.046729,-0.012693,-0.0056569
0.075522,-0.011164,-0.0063243
0.068417,-0.0024697,-0.0062568
0.056825,-0.013653,-0.0066167
0.16938,-0.010283,-0.0070966
0.14283,-0.010166,-0.0067779
0.075896,-0.0043554,-0.0075053
0.12114,-0.0030883,-0.0068267
0.014944,-0.015719,-0.0078877
0.010831,0.0080463,-0.0071978
0.044859,-0.028559,-0.0075653
-0.035538,0.014611,-0.0079927
0.0059696,-0.028683,-0.0063355
0.040372,-0.0038531,-0.0091587
0.022797,0.0088486,-0.005402
0.049346,-0.046528,-0.010163
0.0658,0.072064,-0.0047346
0.038876,-0.13753,-0.0090612
0.019431,0.20871,-0.0063393
-0.030302,-0.61469,-0.0088812
-0.04339,-2.5479,-0.2007
-0.013475,-2.4989,-0.46781
-0.024693,-2.3437,-0.67059
0.077018,-2.4667,-0.87107
0.12376,-2.3231,-1.0382
0.14881,-2.4543,-1.1863
0.22771,-2.3583,-1.3157
0.17162,-2.3544,-1.4188
0.15667,-2.3275,-1.5107
0.11853,-2.287,-1.585
0.050842,-2.2541,-1.6485
0.068043,-2.1829,-1.6963
0.088984,-2.1536,-1.7335
0.11142,-2.075,-1.7602
0.11703,-2.0166,-1.7756
0.15554,-1.9303,-1.7821
0.12563,-1.8396,-1.7771
0.076644,-1.7532,-1.7628
0.046729,-1.6527,-1.7394
-0.014223,-1.5583,-1.7074
0.003352,-1.4481,-1.6676
-0.037033,-1.347,-1.6198
-0.023572,-1.2332,-1.5653
0.0085872,-1.1086,-1.5035
-0.0045007,-0.99742,-1.4364
0.02691,-0.85094,-1.3625
0.0067175,-0.73253,-1.2817
0.0040999,-0.59117,-1.1972
-0.048251,-0.45486,-1.1056
-0.095368,-0.35498,-1.0138
-0.13837,-0.18301,-0.91749
-0.17763,-0.064223,-0.81743
-0.15632,0.12998,-0.71275
-0.16642,0.25839,-0.60037
-0.12192,0.45201,-0.48526
-0.079662,0.62004,-0.35836
-0.054608,0.71765,-0.23836
-0.039651,1.0731,-0.098835
-0.043764,0.49385,0.0072364
-0.047504,-0.11528,0.004822
-0.059844,0.091383,-0.0028451
-0.0063704,0.012013,0.0023925
-0.014223,0.02077,-0.0023464
-0.036285,0.027852,0.00096409
0.0070914,-0.0039056,-0.0013416
0.016814,0.034567,-7.4426e-05
0.032519,-0.0040255,-0.00035936
0.069913,0.019942,-0.00066305
0.1103,0.0024978,7.5541e-05
0.095341,0.0074352,-0.00083176
0.087114,0.0077314,0.0002405
0.08674,0.0011669,-0.00012691
0.066922,0.0083312,0.00014677
0.096089,0.0012343,0.00023675
0.11965,0.0041998,0.00026675
0.1462,0.0029139,0.00061167
0.13273,0.0041961,0.00052544
0.1361,0.0022878,0.0009416
0.15068,0.0018717,0.00090786
0.12226,-0.0032082,0.00088911
0.13834,-0.0063837,0.0013877
0.10843,-0.0019036,0.0013952
0.071035,-0.0019711,0.0014515
0.049346,-0.0010788,0.0014402
0.009709,-0.0012438,0.0013653
-0.0011352,-1.0336e-05,0.0014065
-0.024319,-0.0056301,0.0012265
-0.013101,-0.01071,0.0011815
-0.0033789,-0.0045879,0.0011178
-0.020954,-0.0041755,0.00099784
-0.017215,-0.0047641,0.00081038
-0.042268,-0.0040968,0.00096034
-0.061339,0.0015305,0.0016202
-0.078166,0.0034875,0.0021901
-0.072183,-3.283e-05,0.0026025
-0.058348,0.004556,0.0033336
-0.08041,-0.0034932,0.003731
-0.053487,0.0052645,0.0039334
-0.050495,0.00045079,0.004582
-0.055356,-0.0026384,0.004552
-0.016841,0.0086499,0.0057405
-0.029555,-0.012858,0.0051369
-0.037033,0.014956,0.0060892
-0.0033789,-0.016933,0.0062992
-0.0045007,0.015619,0.0053694
-0.002257,-0.0055139,0.0078363
0.010457,-0.0083369,0.0049607
0.015318,0.027339,0.0088111
0.048225,-0.051061,0.0050094
0.083001,0.075918,0.0081887
0.11142,-0.10141,0.0071052
0.10394,0.11076,0.0046758
0.11553,-0.12511,0.013812
0.094967,0.17572,-0.0080189
0.12114,2.7653,0.16893
0.20677,3.4809,0.53658
0.16527,3.0913,0.83906
0.21051,3.4305,1.1277
0.20079,3.312,1.3971
0.16639,3.4701,1.634
0.27147,3.4944,1.8646
0.25726,3.5267,2.0721
0.3197,3.5634,2.2693
0.38813,3.492,2.4455
0.37392,3.5213,2.6081
0.4891,3.4304,2.7558
0.41057,3.3825,2.8892
0.2494,3.3289,3.0099
0.28455,3.248,3.1145
0.2782,3.1618,3.2071
0.22884,3.0879,3.2852
0.25501,2.9948,3.3497
0.12825,2.8836,3.402
-0.22512,2.8026,3.4426
-0.0067443,2.7107,3.4706
0.26249,2.61,3.4874
-0.28757,2.4886,3.4954
-0.20568,2.3833,3.4952
0.22846,2.2869,3.4873
-0.1021,2.1585,3.473
-0.11107,2.0341,3.452
0.089358,1.9146,3.4231
-0.051991,1.7992,3.3861
0.046729,1.6781,3.3404
0.10805,1.5538,3.287
-0.21952,1.4511,3.2268
-0.32796,1.3399,3.159
-0.1264,1.2156,3.0849
-0.35339,1.0959,3.0052
-0.7722,0.99274,2.9193
-0.47192,0.87853,2.8276
-0.1795,0.73499,2.7288
-0.36984,0.62043,2.6222
-0.18399,0.52548,2.5117
-0.10883,0.39525,2.3974
-0.32123,0.28383,2.2766
-0.090133,0.20178,2.1543
0.0055957,0.074974,2.0276
-0.11893,-0.041549,1.895
-0.063957,-0.18559,1.7573
-0.13613,-0.30943,1.611
-0.23971,-0.44789,1.4601
-0.24494,-0.58343,1.3008
-0.17651,-0.6754,1.1418
-0.094994,-0.86736,0.97514
-0.051243,-0.91378,0.80653
-0.085645,-1.1273,0.63583
-0.11631,-1.1698,0.45497
-0.1006,-1.3397,0.28391
-0.13575,-1.5366,0.083682
0.044485,-0.4005,-0.031429
0.2251,0.089812,-0.012889
0.24716,-0.17554,-0.012214
0.35261,-0.0029945,-0.014666
0.3915,-0.082496,-0.01073
0.29914,-0.040106,-0.014494
0.25651,-0.038633,-0.010943
0.30437,-0.053887,-0.013988
0.16078,-0.016873,-0.012285
0.042989,-0.053186,-0.012855
0.061312,-0.022519,-0.013219
-0.099481,-0.037755,-0.012645
-0.17128,-0.028004,-0.013594
-0.060591,-0.029283,-0.012979
0.015318,-0.027558,-0.013688
0.030276,-0.019738,-0.013598
0.12787,-0.026876,-0.013946
0.13722,-0.018234,-0.014051
-0.017215,-0.025099,-0.014033
-0.0097358,-0.022403,-0.01461
0.02878,-0.017121,-0.014636
-0.059844,-0.024566,-0.014962
-0.039651,-0.020742,-0.01536
0.023919,-0.014609,-0.015172
-0.10958,-0.015213,-0.01497
-0.15595,-0.014377,-0.015079
-0.13388,-0.012198,-0.015022
-0.21054,-0.011977,-0.0147
-0.14024,-0.017886,-0.014869
-0.051617,-0.02093,-0.015532
-0.086393,-0.016941,-0.016282
-0.091254,-0.018752,-0.016593
-0.017589,-0.016007,-0.017242
0.021675,-0.010354,-0.017932
0.08861,-0.018133,-0.018689
0.22248,-0.0077445,-0.019083
0.2595,-0.023524,-0.019308
0.261,-0.014414,-0.020395
0.23071,-0.0093191,-0.019289
0.16489,-0.024469,-0.021044
0.10768,0.009246,-0.020365
0.042616,-0.036608,-0.021167
0.057947,0.019582,-0.021666
0.056451,-0.034809,-0.020177
0.049346,0.0027227,-0.023754
0.070287,0.0025165,-0.018652
0.050842,-0.053917,-0.025333
0.094593,0.084376,-0.018089
0.10731,-0.16606,-0.02519
0.15218,0.27201,-0.019893
0.16714,-0.88527,-0.028471
0.095715,-3.2405,-0.29693
0.17387,-3.0199,-0.67282
0.067669,-2.7624,-0.97963
0.069913,-2.8701,-1.2924
0.36458,-2.6716,-1.5733
0.32195,-2.7787,-1.84
0.34738,-2.6794,-2.0928
0.41543,-2.7233,-2.327
0.23295,-2.6782,-2.5517
0.22136,-2.6337,-2.754
0.2494,-2.6083,-2.9436
0.27857,-2.542,-3.1146
0.2939,-2.5185,-3.2723
0.33242,-2.4328,-3.415
0.37243,-2.3808,-3.5415
0.28568,-2.2972,-3.6548
0.28268,-2.2094,-3.7529
0.16639,-2.13,-3.8379
0.1002,-2.0398,-3.9085
0.15667,-1.9575,-3.966
0.12264,-1.8693,-4.0104
0.11516,-1.791,-4.0425
0.066174,-1.7164,-4.0641
0.082627,-1.6431,-4.0762
0.17536,-1.5739,-4.0789
0.22622,-1.4929,-4.0722
0.2494,-1.4082,-4.0564
0.23557,-1.3266,-4.0312
0.1462,-1.2377,-3.996
0.040372,-1.1472,-3.9516
-0.076297,-1.0566,-3.8982
-0.2169,-0.96837,-3.8365
-0.17838,-0.87949,-3.7667
-0.16567,-0.79466,-3.6893
-0.25055,-0.70627,-3.6046
-0.22699,-0.61395,-3.5121
-0.181,-0.53416,-3.4134
-0.18511,-0.43073,-3.3078
-0.25803,-0.33018,-3.1937
-0.27149,-0.24255,-3.0742
-0.25429,-0.1453,-2.9485
-0.27187,-0.081769,-2.8186
-0.27224,0.010944,-2.6862
-0.28047,0.11278,-2.5477
-0.30664,0.21392,-2.4037
-0.28533,0.33596,-2.2516
-0.19633,0.45023,-2.0928
-0.18586,0.58188,-1.9254
-0.16342,0.65709,-1.7543
-0.1537,0.79792,-1.5785
-0.24345,0.87351,-1.3966
-0.26887,1.0125,-1.2149
-0.26925,1.1408,-1.0231
-0.22587,1.2033,-0.83619
-0.13164,1.4053,-0.63636
-0.020954,1.3432,-0.4415
0.085992,1.7352,-0.23753
0.14358,1.2625,-0.029937
0.25987,-0.036522,0.017787
0.26773,0.063164,-0.0080414
0.23071,0.11516,0.0029287
0.30587,0.0034088,-0.0029725
0.21911,0.090217,-0.00036686
0.11179,-0.0058438,-0.000858
0.098706,0.058692,-0.0016753
0.038128,0.015747,0.00036798
0.029528,0.029959,-0.001889
0.082627,0.030649,0.00018052
0.15106,0.010026,-0.00078302
0.17686,0.026559,0.00011678
0.15255,0.010341,-5.9429e-05
0.10357,0.020842,0.00029674
0.047851,0.011488,0.00076914
0.035511,0.014251,0.00047295
0.003352,0.012609,0.0013428
0.0044739,0.0070341,0.0010278
0.01644,0.011072,0.001579
-0.0059964,0.016624,0.0025425
0.0082132,0.016883,0.0036297
-0.016467,0.010367,0.0045483
-0.019832,0.0094747,0.0052569
-0.010858,0.0032063,0.005958
-0.04713,0.011184,0.0062204
-0.083028,0.0061343,0.007004
-0.13837,0.0062055,0.0070302
-0.17651,0.012459,0.0082975
-0.18549,-0.0043704,0.0076714
-0.12453,0.014907,0.0085824
-0.043764,-0.022002,0.0089611
0.01644,0.02687,0.0084662
0.095715,-0.0069797,0.010836
0.12451,-0.0027659,0.0079788
0.10843,0.026776,0.01244
0.10693,-0.048695,0.0081175
0.076644,0.08029,0.012444
0.050094,-0.107,0.010509
0.047103,0.13309,0.0090623
0.013822,-0.16474,0.017419
0.027658,0.28795,-0.0033624
0.037006,2.9769,0.20124
0.14807,3.4037,0.6048
0.23669,2.8548,0.94765
0.2079,3.0857,1.2918
0.38514,2.8289,1.62
0.36158,2.8916,1.9221
0.26436,2.8156,2.2179
0.38888,2.8084,2.4909
0.31522,2.829,2.7586
0.32419,2.7725,3.008
0.42141,2.8069,3.248
0.40421,2.7466,3.4734
0.44535,2.7634,3.6857
0.522,2.756,3.889
0.4977,2.7445,4.0801
0.43338,2.7063,4.2603
0.46891,2.6469,4.4236
0.28605,2.6071,4.5726
0.17088,2.5525,4.7076
0.33541,2.4952,4.8288
0.27745,2.4162,4.9361
0.08861,2.3425,5.0283
0.24379,2.2845,5.1083
0.41693,2.2137,5.176
0.24454,2.1379,5.2299
0.26174,2.0527,5.2716
0.30811,1.9524,5.3007
0.24492,1.8714,5.3169
0.12226,1.7886,5.3222
-0.18436,1.6954,5.3166
-0.25541,1.6176,5.3013
-0.40088,1.5527,5.2778
-0.49847,1.4781,5.2455
-0.30926,1.3943,5.2045
-0.48725,1.3258,5.1551
-0.44276,1.2434,5.0968
-0.095368,1.1519,5.0292
-0.11519,1.0762,4.9538
-0.027311,0.99645,4.8716
0.067295,0.90581,4.7817
-0.075923,0.8238,4.6841
-0.12416,0.73941,4.5792
-0.2326,0.64261,4.4672
-0.30702,0.56576,4.3496
-0.31898,0.46848,4.2257
-0.44762,0.35616,4.0927
-0.41209,0.29142,3.9542
-0.37545,0.20933,3.8131
-0.33656,0.10695,3.6657
-0.23298,0.031253,3.5134
-0.27897,-0.049497,3.3581
-0.27523,-0.14148,3.1982
-0.25915,-0.25245,3.0316
-0.29729,-0.35531,2.8587
-0.28982,-0.4844,2.6788
-0.18399,-0.58703,2.4908
-0.058348,-0.67908,2.3011
-0.016467,-0.80274,2.1049
0.083001,-0.87776,1.9063
0.12675,-1.0258,1.7026
0.086366,-1.0866,1.495
0.020179,-1.2477,1.287
-0.087889,-1.3386,1.0708
-0.17838,-1.4383,0.86018
-0.32908,-1.6111,0.63414
-0.33357,-1.5418,0.42062
-0.26925,-1.9602,0.19054
-0.22363,-1.1723,-0.019401
0.0085872,0.084511,-0.047063
0.15704,-0.15589,-0.024781
0.22585,-0.10949,-0.036216
0.32232,-0.049452,-0.028853
0.29428,-0.11159,-0.032913
0.21911,-0.027742,-0.030525
0.11366,-0.098099,-0.031204
-0.002257,-0.040785,-0.032047
-0.08415,-0.07144,-0.03015
-0.11444,-0.051495,-0.032164
-0.10397,-0.043398,-0.030754
-0.066574,-0.054348,-0.032111
0.024667,-0.03311,-0.031672
0.044485,-0.05262,-0.0318
0.077392,-0.042625,-0.032445
0.11142,-0.038674,-0.03237
0.034763,-0.041767,-0.032913
0.037754,-0.045298,-0.033734
0.033267,-0.039967,-0.034953
-0.002631,-0.037613,-0.03544
0.059443,-0.039101,-0.036693
0.11778,-0.033853,-0.037461
0.16153,-0.03981,-0.038076
0.19518,-0.026696,-0.038586
0.2079,-0.036837,-0.03877
0.1462,-0.024859,-0.039774
0.059069,-0.024308,-0.038901
-0.011232,-0.036848,-0.040667
-0.12827,-0.0055551,-0.039523
-0.15146,-0.051593,-0.040982
-0.1193,0.0075739,-0.041345
-0.11219,-0.054622,-0.040172
0.0011084,-0.0010226,-0.04355
0.12638,-0.019708,-0.038518
0.15854,-0.058322,-0.046137
0.23781,0.069106,-0.03739
0.22024,-0.18178,-0.04677
0.1275,0.28718,-0.037975
0.042242,-1.0716,-0.055708
-0.051617,-3.3975,-0.35789
-0.037407,-3.0377,-0.75841
-0.17876,-2.8968,-1.0917
-0.038903,-3.0057,-1.4408
0.2337,-2.7791,-1.7576
0.17349,-2.8627,-2.0616
0.38215,-2.7346,-2.3495
0.39262,-2.7927,-2.6215
0.21351,-2.7462,-2.8867
0.30998,-2.7351,-3.1333
0.25875,-2.7315,-3.3728
0.21051,-2.6747,-3.5957
0.27558,-2.6899,-3.8081
0.34738,-2.6571,-4.0105
0.35523,-2.6502,-4.2012
0.40608,-2.6002,-4.3806
0.43002,-2.541,-4.5437
0.31372,-2.488,-4.6923
0.36196,-2.4282,-4.8263
0.25389,-2.3748,-4.9467
0.093471,-2.3023,-5.053
0.10992,-2.2392,-5.1447
0.13348,-2.1806,-5.2235
0.22285,-2.1028,-5.2892
0.32494,-2.0277,-5.341
0.45544,-1.958,-5.3804
0.47489,-1.879,-5.4074
0.42515,-1.8013,-5.4223
0.36682,-1.7257,-5.4257
0.25352,-1.6519,-5.4181
0.10319,-1.5822,-5.4004
-0.070688,-1.511,-5.3733
-0.17165,-1.4431,-5.3375
-0.24681,-1.371,-5.2926
-0.25504,-1.2922,-5.2392
-0.20044,-1.2095,-5.177
-0.12304,-1.1247,-5.1055
-0.085271,-1.0473,-5.0263
-0.10883,-0.96664,-4.9396
-0.10883,-0.8785,-4.8454
-0.1967,-0.79451,-4.7437
-0.28533,-0.70879,-4.6354
-0.30552,-0.61471,-4.5197
-0.30552,-0.54007,-4.3973
-0.30851,-0.45565,-4.2696
-0.31823,-0.34518,-4.1342
-0.23971,-0.2621,-3.9925
-0.23073,-0.18059,-3.8467
-0.25803,-0.10097,-3.6957
-0.25467,-0.02403,-3.5415
-0.33544,0.06664,-3.3838
-0.40125,0.16401,-3.2209
-0.43939,0.27874,-3.0506
-0.45024,0.38795,-2.874
-0.41882,0.51876,-2.6902
-0.32983,0.60139,-2.4999
-0.20044,0.71394,-2.3069
-0.089759,0.82452,-2.1067
0.035885,0.91692,-1.9054
0.069913,1.0634,-1.6969
0.059069,1.1155,-1.4874
0.044859,1.3,-1.2738
-0.012353,1.3398,-1.0566
-0.051617,1.5092,-0.842
-0.11257,1.5837,-0.61376
-0.089011,1.6286,-0.40237
-0.044138,1.9522,-0.16061
0.017188,0.73162,0.011102
0.1533,-0.14407,0.0034048
0.15928,0.20074,-0.0055707
0.21911,0.025423,0.0022538
0.2767,0.071397,-0.0047234
0.17985,0.059753,0.00062292
0.16003,0.026803,-0.0031075
0.10918,0.065609,-0.00046059
0.075148,0.0061193,-0.0013117
0.1088,0.052337,-0.0013454
0.09048,0.012455,-0.00027688
0.11516,0.026754,-0.0012142
0.12974,0.026034,0.00013553
0.14059,0.016699,-0.00055807
0.11591,0.020152,0.00039797
0.055329,0.010322,0.00040922
0.003726,0.022615,0.00057418
-0.070314,0.013861,0.0010353
-0.061339,0.013227,0.0011141
-0.075549,0.018712,0.0022088
-0.06994,0.01674,0.0032548
0.0089611,0.014982,0.0041359
0.050094,0.018007,0.0052007
0.09908,0.0092197,0.005853
0.13199,0.01127,0.0060367
0.13161,0.0092947,0.0070265
0.068043,0.0013093,0.0068465
0.0055957,0.016845,0.0078326
-0.047504,-0.0042955,0.0078363
-0.10509,0.017756,0.0078101
-0.078166,-0.0075571,0.0091073
-0.054234,0.013156,0.0080275
-0.0015092,0.009231,0.010648
0.084123,-0.021323,0.0080688
0.12526,0.044037,0.011443
0.17125,-0.056463,0.009141
0.16714,0.077096,0.010026
0.12825,-0.074207,0.012883
0.096463,0.066718,0.0058118
0.040746,-0.022553,0.020051
0.019805,-0.06588,-0.0072091
-0.00038735,2.4203,0.12928
0.083749,3.4839,0.51634
0.18209,2.7793,0.87067
0.13423,2.9814,1.2031
0.24828,2.7992,1.5359
0.27446,2.7712,1.8353
0.11666,2.7363,2.1299
0.17424,2.6706,2.4004
0.1088,2.7173,2.6651
0.01831,2.624,2.9141
0.1361,2.6463,3.1485
0.1103,2.6002,3.3727
0.19294,2.6142,3.5856
0.36607,2.5767,3.7898
0.38365,2.4951,3.9764
0.40833,2.4606,4.1482
0.39973,2.3967,4.3051
0.30699,2.3482,4.4476
0.23258,2.2841,4.5762
0.16938,2.2111,4.6897
0.049346,2.1471,4.7886
-1.3407e-05,2.0801,4.8737
0.041494,2.0057,4.9447
0.072531,1.9333,5.0023
0.13423,1.8637,5.0473
0.24641,1.78,5.079
0.29203,1.7073,5.0983
0.28081,1.6433,5.1065
0.21874,1.5664,5.1034
0.085245,1.4969,5.0903
-0.028059,1.4341,5.0682
-0.11332,1.3612,5.0366
-0.16006,1.2886,4.9962
-0.1709,1.2148,4.9474
-0.13837,1.1247,4.8888
-0.096863,1.045,4.8207
-0.043764,0.97107,4.7448
0.016814,0.88225,4.6611
-0.013101,0.80207,4.5695
-0.079662,0.72541,4.4707
-0.13463,0.6371,4.365
-0.18923,0.55588,4.2527
-0.27486,0.47016,4.134
-0.32721,0.36358,4.0072
-0.32422,0.28114,3.8731
-0.33431,0.20675,3.7353
-0.26663,0.11624,3.5932
-0.20942,0.038957,3.4455
-0.20979,-0.037418,3.2944
-0.21652,-0.12778,3.1393
-0.27037,-0.24144,2.9777
-0.33656,-0.34121,2.8101
-0.40723,-0.46288,2.6354
-0.43565,-0.56679,2.4528
-0.41097,-0.66246,2.2672
-0.36199,-0.78023,2.075
-0.2771,-0.85884,1.8802
-0.20344,-1.0044,1.6798
-0.14248,-1.0618,1.4757
-0.083028,-1.2278,1.2702
-0.07181,-1.3125,1.0565
-0.052365,-1.4176,0.84885
-0.086393,-1.5773,0.62616
-0.14435,-1.5215,0.41644
-0.11855,-1.9355,0.18818
-0.09275,-1.1062,-0.015382
0.014944,0.098326,-0.037611
0.11254,-0.15858,-0.017028
0.20378,-0.094013,-0.028336
0.32569,-0.048429,-0.020575
0.30549,-0.10375,-0.025059
0.32307,-0.022051,-0.022461
0.3111,-0.090864,-0.023402
0.22248,-0.030074,-0.02399
0.20042,-0.059657,-0.022329
0.13423,-0.047072,-0.024609
0.075896,-0.044489,-0.023113
0.085245,-0.049235,-0.024335
0.10095,-0.032274,-0.023833
0.08861,-0.045212,-0.024208
0.11329,-0.029613,-0.02462
0.13273,-0.036649,-0.024422
0.065052,-0.03467,-0.025014
0.047851,-0.030077,-0.025096
0.025414,-0.033069,-0.025756
-0.023572,-0.035465,-0.026379
-0.019832,-0.034437,-0.027507
-0.017589,-0.030767,-0.028362
0.025788,-0.030835,-0.029085
0.065052,-0.021822,-0.029685
0.067295,-0.030629,-0.029985
0.066922,-0.019209,-0.03036
0.032519,-0.024611,-0.03039
-0.03105,-0.031168,-0.031946
-0.11145,-0.015044,-0.03114
-0.17352,-0.036282,-0.032265
-0.21503,7.5891e-05,-0.032175
-0.20493,-0.043859,-0.032257
-0.15819,-0.00049021,-0.033768
-0.11406,-0.028803,-0.03141
-0.021328,-0.025777,-0.035871
0.055329,0.017509,-0.030735
0.075896,-0.086373,-0.036543
0.13834,0.090588,-0.032014
0.11366,-0.17413,-0.034248
0.050842,0.20753,-0.037326
0.068043,-0.53632,-0.02582
0.014944,-3.0999,-0.2639
0.087488,-3.1921,-0.66732
0.063182,-2.7808,-1.0006
0.09908,-2.9899,-1.3396
0.42403,-2.7445,-1.6579
0.40272,-2.8075,-1.955
0.47152,-2.6986,-2.2412
0.56501,-2.7211,-2.5069
0.28306,-2.7041,-2.7674
0.28941,-2.6404,-3.0073
0.33055,-2.6664,-3.238
0.26062,-2.6274,-3.4573
0.37168,-2.6372,-3.6667
0.46517,-2.5816,-3.8646
0.45619,-2.532,-4.0459
0.4274,-2.4678,-4.2122
0.44273,-2.4067,-4.3618
0.30774,-2.364,-4.4985
0.22211,-2.2951,-4.6207
0.19182,-2.2325,-4.7283
0.052712,-2.1638,-4.8217
0.02691,-2.0945,-4.9005
0.048225,-2.0291,-4.9661
0.12077,-1.9554,-5.0186
0.19144,-1.8868,-5.0579
0.25763,-1.8134,-5.0847
0.28343,-1.7333,-5.0993
0.18883,-1.6666,-5.1024
0.10095,-1.6008,-5.0955
-0.019458,-1.5342,-5.0795
-0.14809,-1.4656,-5.0542
-0.24457,-1.3901,-5.0197
-0.27897,-1.3156,-4.9757
-0.25654,-1.2322,-4.9227
-0.22886,-1.1455,-4.8605
-0.15295,-1.0667,-4.7894
-0.08041,-0.98546,-4.7102
-0.061339,-0.89955,-4.6234
-0.073679,-0.81789,-4.5292
-0.077793,-0.73837,-4.4279
-0.11593,-0.64338,-4.3196
-0.19521,-0.55736,-4.2042
-0.23485,-0.47784,-4.0833
-0.24681,-0.37499,-3.9552
-0.28383,-0.2902,-3.8196
-0.27822,-0.20694,-3.68
-0.19558,-0.11338,-3.5353
-0.19633,-0.039664,-3.3862
-0.20792,0.038402,-3.2345
-0.19409,0.14856,-3.0775
-0.27972,0.25871,-2.9129
-0.33544,0.3636,-2.742
-0.34665,0.49194,-2.5632
-0.35563,0.58138,-2.3793
-0.32384,0.70153,-2.1905
-0.25317,0.79046,-1.9966
-0.16492,0.90827,-1.8005
-0.11033,1.012,-1.5964
-0.019084,1.1068,-1.3938
0.019057,1.2824,-1.1824
-0.0063704,1.3076,-0.97311
-0.011232,1.5395,-0.75829
-0.09275,1.4954,-0.53798
-0.13501,1.7351,-0.32762
-0.15482,1.7286,-0.088641
-0.12678,0.27133,0.022469
-0.031424,-0.064025,-0.0050796
0.023545,0.19764,5.6795e-05
0.15293,-0.0064211,-5.568e-05
0.21724,0.10235,-0.0022077
0.2322,0.018716,0.00090036
0.27745,0.048644,-0.0025751
0.25389,0.04512,0.0010091
0.23108,0.017351,-0.0016641
0.18322,0.048254,0.00018052
0.14134,0.012084,-3.1919e-06
0.11142,0.035875,-0.00017565
0.10955,0.015897,0.00077663
0.13722,0.022386,0.00023675
0.12488,0.020024,0.001219
0.13348,0.015016,0.00086287
0.095715,0.018645,0.001429
0.038876,0.0067341,0.0018264
-0.0037528,0.011807,0.0020888
-0.057226,0.01148,0.0027524
-0.041147,0.016823,0.0035698
-0.048625,0.016759,0.0047545
-0.038529,0.012564,0.0055456
0.028032,0.010112,0.0062804
0.062808,0.010633,0.0065578
0.091228,0.013291,0.0073789
0.11105,0.00070198,0.0072514
0.085992,0.018738,0.0079038
0.009709,-0.0034632,0.0087549
-0.037033,0.0082337,0.0078888
-0.095368,0.0047547,0.0098646
-0.15819,-0.0056376,0.0084662
-0.17202,0.026656,0.010764
-0.17689,-0.034145,0.0095872
-0.13089,0.04933,0.010393
-0.069566,-0.045966,0.011739
-0.026937,0.036449,0.008245
-0.024319,-0.0092741,0.015192
0.0063435,-0.039023,0.0053319
0.0085872,0.12082,0.019275
-0.023198,-0.29198,-0.0006293
-0.020954,1.6376,0.058731
0.031397,3.5479,0.40297
0.16826,2.9083,0.78147
0.13535,2.926,1.1072
0.21949,2.9039,1.4467
0.3642,2.7606,1.7503
0.24753,2.8007,2.0463
0.34476,2.6828,2.3211
0.36794,2.7617,2.5853
0.23632,2.6746,2.8381
0.34064,2.6751,3.0723
0.34551,2.6611,3.2987
0.32232,2.6517,3.5124
0.42403,2.6465,3.7183
0.48685,2.5592,3.9082
0.46816,2.521,4.0821
0.46965,2.4524,4.2412
0.45245,2.3967,4.3848
0.32232,2.3457,4.5151
0.28044,2.2811,4.6301
0.2049,2.2191,4.7307
0.10918,2.1428,4.8176
0.11703,2.0795,4.8903
0.14096,2.0144,4.9501
0.20117,1.9332,4.9965
0.26623,1.8556,5.0292
0.32157,1.7826,5.0495
0.30849,1.7094,5.0579
0.24641,1.6391,5.0556
0.1376,1.5719,5.0436
0.0074654,1.5045,5.0225
-0.090506,1.4397,4.9927
-0.22475,1.367,4.9538
-0.28084,1.2847,4.9056
-0.27074,1.2003,4.8483
-0.27935,1.1172,4.7819
-0.22812,1.0378,4.7066
-0.17315,0.95998,4.6238
-0.19222,0.87464,4.5338
-0.21391,0.7871,4.4364
-0.21952,0.70675,4.3321
-0.27897,0.62548,4.2212
-0.33506,0.53899,4.1042
-0.35451,0.43335,3.98
-0.35077,0.33705,3.8477
-0.35264,0.26074,3.7105
-0.29767,0.17167,3.5688
-0.21503,0.088864,3.4222
-0.21952,0.013044,3.2725
-0.21727,-0.076022,3.1195
-0.24606,-0.18742,2.96
-0.30926,-0.28997,2.7937
-0.36647,-0.41611,2.6206
-0.40499,-0.52134,2.4396
-0.40274,-0.61925,2.2554
-0.38816,-0.7377,2.0646
-0.313,-0.81455,1.8716
-0.22101,-0.96802,1.6732
-0.13276,-1.0256,1.4708
-0.048251,-1.1884,1.2678
-1.3407e-05,-1.2836,1.0561
0.0067175,-1.3822,0.8501
-0.034042,-1.5601,0.62912
-0.04713,-1.5012,0.41998
-0.075549,-1.9157,0.19417
-0.092376,-1.1398,-0.011427
-0.0048746,0.090315,-0.037859
0.054208,-0.14909,-0.016278
0.11105,-0.10062,-0.027605
0.20266,-0.044196,-0.020129
0.20453,-0.10647,-0.024568
0.22585,-0.02601,-0.022224
0.24791,-0.093095,-0.022562
0.1877,-0.031986,-0.023634
0.16302,-0.063252,-0.021925
0.12825,-0.045909,-0.023818
0.088984,-0.039866,-0.022498
0.074026,-0.052339,-0.023642
0.10357,-0.033556,-0.023271
0.12526,-0.043101,-0.023585
0.10693,-0.029736,-0.024043
0.11105,-0.035787,-0.024092
0.06206,-0.031026,-0.024455
0.025414,-0.030422,-0.024478
-0.022824,-0.032923,-0.02504
-0.056104,-0.033931,-0.025629
-0.056104,-0.044496,-0.026941
-0.086393,-0.035071,-0.027665
-0.046008,-0.029541,-0.028227
-0.0011352,-0.024364,-0.028917
0.034389,-0.026951,-0.029243
0.071783,-0.028634,-0.03015
0.085992,-0.021425,-0.02964
0.050094,-0.031135,-0.030799
-0.0011352,-0.0093416,-0.03075
-0.012353,-0.037339,-0.030971
-0.077793,-0.010361,-0.031995
-0.10359,-0.028548,-0.030634
-0.081906,-0.023037,-0.033791
-0.08228,0.0037462,-0.030701
-0.043764,-0.061936,-0.033978
-0.0037528,0.037064,-0.031819
-0.0078661,-0.090373,-0.033033
0.012327,0.06051,-0.035365
0.028406,-0.091737,-0.028654
-0.022824,0.022128,-0.042346
-0.0097358,0.023657,-0.015217
-0.062835,-2.446,-0.16022
0.0059696,-3.4252,-0.55182
0.071035,-2.771,-0.90484
0.036633,-3.0047,-1.236
0.39599,-2.8219,-1.5654
0.47115,-2.8087,-1.8621
0.43936,-2.7773,-2.1529
0.64653,-2.7251,-2.42
0.44423,-2.7744,-2.6814
0.38327,-2.6866,-2.9258
0.46442,-2.7175,-3.1568
0.3829,-2.6827,-3.3779
0.43899,-2.6848,-3.5868
0.50144,-2.6548,-3.7863
0.49658,-2.5976,-3.9699
0.45619,-2.5453,-4.1388
0.46554,-2.4754,-4.2905
0.35149,-2.4333,-4.4282
0.24454,-2.3712,-4.5522
0.24043,-2.3075,-4.6614
0.14208,-2.243,-4.7565
0.13834,-2.1698,-4.8369
0.16153,-2.1001,-4.9038
0.22323,-2.033,-4.9574
0.30101,-1.9623,-4.9985
0.35186,-1.8886,-5.0274
0.3657,-1.8131,-5.0433
0.32494,-1.7386,-5.0482
0.26249,-1.6684,-5.0423
0.11516,-1.6029,-5.0265
0.0085872,-1.5399,-5.0025
-0.1264,-1.4648,-4.9698
-0.24046,-1.389,-4.9277
-0.25878,-1.3101,-4.877
-0.26102,-1.2204,-4.8169
-0.2442,-1.1362,-4.7476
-0.22662,-1.054,-4.6702
-0.181,-0.9739,-4.5853
-0.20979,-0.88611,-4.4926
-0.22886,-0.80376,-4.3928
-0.24569,-0.71465,-4.2862
-0.34142,-0.61822,-4.1718
-0.36535,-0.54028,-4.0522
-0.37021,-0.43701,-3.9261
-0.37283,-0.34669,-3.7922
-0.36012,-0.26841,-3.6542
-0.30253,-0.16638,-3.511
-0.27486,-0.087074,-3.3625
-0.31898,-0.014939,-3.2117
-0.29954,0.09268,-3.0569
-0.3388,0.20202,-2.8944
-0.40499,0.30993,-2.7263
-0.43565,0.44398,-2.5499
-0.46594,0.53473,-2.3672
-0.42406,0.66081,-2.1805
-0.33506,0.74764,-1.9883
-0.2341,0.86784,-1.7944
-0.16941,0.98573,-1.5921
-0.083028,1.0664,-1.3909
-0.017589,1.2506,-1.1817
-0.01011,1.2693,-0.9739
0.0082132,1.4979,-0.76259
-0.035911,1.4768,-0.54361
-0.052365,1.6861,-0.33611
-0.047877,1.7591,-0.098329
-0.035164,0.33669,0.022256
0.022049,-0.078882,-0.0033325
0.059069,0.20065,-0.00049058
0.18247,-0.005079,0.00078038
0.23183,0.10085,-0.0021215
0.19892,0.025618,0.001459
0.2782,0.045533,-0.0023839
0.261,0.04776,0.0011815
0.21687,0.013156,-0.0010417
0.21014,0.047895,0.00040922
0.15891,0.011657,0.00055168
0.13012,0.031133,0.00019176
0.11292,0.015563,0.00093035
0.14246,0.019278,0.00048045
0.12974,0.013524,0.0014627
0.10656,0.01124,0.0013653
0.10357,0.01728,0.0017064
0.06206,0.0098083,0.0018939
0.028406,0.017344,0.0023663
-0.024319,0.017764,0.0031161
-0.030302,0.018652,0.0041246
-0.025815,0.016677,0.0051182
-0.022076,0.016841,0.0061192
0.019805,0.0081887,0.0065016
0.044485,0.011713,0.0066478
0.065052,0.01235,0.0081475
0.070287,0.0028352,0.0076938
0.060191,0.017955,0.0085187
0.019805,-0.0054501,0.0086536
-0.033294,0.021247,0.0087474
-0.050495,-0.0046291,0.010236
-0.081906,0.0072515,0.0086199
-0.11182,0.016583,0.01178
-0.079662,-0.022883,0.0089948
-0.060591,0.04725,0.011829
-0.019832,-0.055304,0.010611
0.021675,0.071794,0.010427
0.010083,-0.064887,0.013981
0.040372,0.047505,0.0060667
0.0014823,-0.0025784,0.020887
-0.008614,-0.11645,-0.0063093
0.0070914,2.3175,0.11816
0.053834,3.5237,0.50202
0.18135,2.8229,0.86058
0.14507,3.0206,1.1922
0.28268,2.865,1.5257
0.38103,2.8309,1.8249
0.26436,2.8185,2.1191
0.41356,2.7491,2.3888
0.3986,2.8143,2.6524
0.32419,2.7279,2.9002
0.47377,2.7484,3.1335
0.436,2.7129,3.3567
0.42852,2.7217,3.5674
0.52163,2.7069,3.7707
0.50368,2.6527,3.9583
0.49583,2.6111,4.1316
0.48947,2.5431,4.289
0.3915,2.4985,4.4317
0.31634,2.4348,4.5604
0.27334,2.3683,4.6735
0.18209,2.3034,4.7731
0.16153,2.2317,4.8579
0.21201,2.1704,4.9289
0.26025,2.1005,4.9873
0.32157,2.0222,5.0316
0.39935,1.9483,5.0634
0.42029,1.8738,5.0833
0.41057,1.7942,5.0913
0.34214,1.7183,5.0878
0.18359,1.6542,5.0745
0.053834,1.5854,5.052
-0.097237,1.5119,5.0203
-0.21391,1.4435,4.9809
-0.2771,1.3641,4.933
-0.32758,1.2779,4.8755
-0.30253,1.1964,4.8088
-0.27149,1.1083,4.7338
-0.25579,1.0228,4.6508
-0.28196,0.94197,4.5602
-0.3115,0.86015,4.4626
-0.33095,0.76951,4.358
-0.38592,0.68094,4.2466
-0.44201,0.60075,4.1291
-0.45697,0.49182,4.0054
-0.43266,0.39227,3.8736
-0.47043,0.31794,3.7364
-0.43303,0.22817,3.5954
-0.37208,0.14229,3.449
-0.40162,0.064671,3.2988
-0.40536,-0.016652,3.146
-0.44463,-0.1283,2.9878
-0.50633,-0.23332,2.8227
-0.55195,-0.35413,2.6517
-0.54858,-0.47853,2.472
-0.52241,-0.56826,2.2881
-0.47118,-0.69511,2.0985
-0.34815,-0.77094,1.9057
-0.2584,-0.91812,1.7093
-0.15595,-1.0003,1.5063
-0.049747,-1.1297,1.3045
-0.038155,-1.2691,1.093
-0.033668,-1.3205,0.88727
-0.035538,-1.5429,0.66985
-0.084523,-1.4661,0.45716
-0.096116,-1.8451,0.24089
-0.058722,-1.4353,0.015927
0.009335,-0.029335,-0.045766
0.066174,-0.06582,-0.017463
0.14919,-0.15551,-0.028343
0.26511,-0.017638,-0.022843
0.25202,-0.12146,-0.024407
0.25726,-0.022433,-0.024586
0.27894,-0.084382,-0.023042
0.20715,-0.044785,-0.025475
0.20304,-0.050281,-0.022922
0.16228,-0.055732,-0.024909
0.11404,-0.033005,-0.023829
0.12787,-0.054232,-0.024508
0.14134,-0.035304,-0.024729
0.15068,-0.043023,-0.024703
0.10693,-0.033763,-0.025366
0.10432,-0.034434,-0.025134
0.077392,-0.03449,-0.025625
0.009335,-0.032222,-0.025741
-0.020954,-0.036972,-0.026337
-0.048625,-0.035405,-0.027147
-0.040399,-0.034021,-0.028178
-0.041521,-0.032196,-0.028999
0.003726,-0.031161,-0.029655
0.0744,-0.025316,-0.030098
0.065426,-0.032481,-0.030735
0.071783,-0.022223,-0.031346
0.070661,-0.026996,-0.031103
0.01831,-0.030467,-0.032445
-0.010858,-0.012839,-0.031616
-0.066574,-0.040061,-0.032947
-0.097611,-0.005885,-0.032917
-0.076297,-0.046258,-0.032647
-0.081532,-0.0057651,-0.034852
-0.043016,-0.023599,-0.031736
-0.013101,-0.035131,-0.03628
0.026162,0.022577,-0.031627
0.038876,-0.091756,-0.036573
0.04972,0.090052,-0.033614
0.053834,-0.16772,-0.033851
0.016066,0.17652,-0.039748
0.029154,-0.40949,-0.022768
-0.051617,-3.0044,-0.24304
0.073652,-3.2534,-0.64764
0.10619,-2.804,-0.98485
0.13161,-3.047,-1.323
0.50742,-2.8095,-1.6435
0.47751,-2.8774,-1.9397
0.57473,-2.787,-2.2263
0.7273,-2.803,-2.4907
0.4618,-2.8135,-2.7509
0.48835,-2.7489,-2.9915
0.49359,-2.7704,-3.2206
0.41581,-2.7349,-3.4376
0.49359,-2.7559,-3.6447
0.54108,-2.7179,-3.8418
0.52163,-2.6821,-4.0242
0.46704,-2.6238,-4.1925
0.48125,-2.557,-4.3431
0.347,-2.5131,-4.4798
0.28381,-2.4526,-4.6026
0.24903,-2.394,-4.7111
0.13049,-2.3286,-4.8057
0.18022,-2.2575,-4.886
0.22136,-2.1868,-4.9524
0.30437,-2.1195,-5.0056
0.3986,-2.0438,-5.0462
0.4704,-1.9624,-5.0736
0.47115,-1.8852,-5.0884
0.40384,-1.8111,-5.0918
0.304,-1.7399,-5.0851
0.14171,-1.6719,-5.0689
0.0089611,-1.6051,-5.0441
-0.16679,-1.5301,-5.0106
-0.26252,-1.45,-4.9675
-0.3115,-1.3723,-4.916
-0.32272,-1.2878,-4.8555
-0.29281,-1.1991,-4.786
-0.29019,-1.1145,-4.7085
-0.26364,-1.0331,-4.6229
-0.32197,-0.94364,-4.5302
-0.32983,-0.85554,-4.4301
-0.36086,-0.7693,-4.3235
-0.44163,-0.66935,-4.2098
-0.46071,-0.58827,-4.0892
-0.47529,-0.49567,-3.9638
-0.46257,-0.38952,-3.8307
-0.47454,-0.31058,-3.6918
-0.42107,-0.2233,-3.5487
-0.41172,-0.13761,-3.4006
-0.45472,-0.060684,-3.2499
-0.45697,0.040696,-3.0958
-0.51193,0.15457,-2.9346
-0.54708,0.25828,-2.7673
-0.55718,0.39179,-2.5927
-0.53512,0.4885,-2.4115
-0.48651,0.60782,-2.2261
-0.38554,0.71518,-2.034
-0.26626,0.80766,-1.841
-0.18436,0.9483,-1.6402
-0.075175,1.0119,-1.4388
-0.021328,1.21,-1.2327
-0.0074922,1.2542,-1.0226
0.0085872,1.4313,-0.81475
-0.032546,1.5104,-0.593
-0.068818,1.5729,-0.38733
-0.048251,1.893,-0.15189
-0.018336,0.69138,0.013186
0.028032,-0.14219,0.0043009
0.10619,0.19686,-0.0039286
0.21575,0.022491,0.0032211
0.2767,0.072327,-0.0031825
0.26473,0.055123,0.0021038
0.30587,0.022649,-0.0019977
0.30325,0.064398,0.00089661
0.25913,0.0073115,-0.0001944
0.24417,0.051561,-0.00022439
0.19032,0.016362,0.0011778
0.16639,0.027736,-1.8189e-05
0.1705,0.021468,0.0011928
0.17649,0.017171,0.00073539
0.14769,0.022487,0.0016015
0.11479,0.0076901,0.0015265
0.1103,0.018289,0.0017702
0.045233,0.012579,0.0021001
-0.022076,0.012868,0.0021301
-0.048251,0.016984,0.0032848
-0.048625,0.019136,0.0041096
-0.030676,0.014817,0.0049457
-0.008614,0.013715,0.006093
0.03065,0.010731,0.0068878
0.077018,0.0094559,0.0068503
0.087862,0.012643,0.0077538
0.085245,-0.0017499,0.0078551
0.058695,0.016579,0.0084099
0.0082132,0.00024085,0.009111
-0.016467,0.013092,0.0084062
-0.086767,0.0040873,0.010326
-0.12528,-0.0069835,0.0087849
-0.1021,0.029296,0.011256
-0.085271,-0.033995,0.0099658
-0.047504,0.048266,0.010764
0.0014823,-0.042498,0.012249
0.050842,0.039639,0.0087961
0.056077,-0.0065786,0.015563
0.080009,-0.032702,0.0056618
0.053834,0.11938,0.019916
0.028406,-0.29139,-0.00037811
0.033267,1.659,0.060613
0.062434,3.5552,0.40655
0.23108,2.9215,0.7851
0.21313,2.9769,1.1126
0.30699,2.9454,1.4521
0.46629,2.8103,1.7549
0.304,2.8791,2.051
0.41581,2.7512,2.3249
0.48237,2.8397,2.5877
0.34251,2.7746,2.8397
0.46442,2.7713,3.0739
0.46479,2.7598,3.2994
0.42515,2.7469,3.5104
0.52013,2.7569,3.7142
0.53173,2.7003,3.9043
0.50032,2.6589,4.0798
0.49433,2.5931,4.2391
0.44535,2.5486,4.383
0.34102,2.4956,4.5144
0.31821,2.4271,4.6304
0.23557,2.3681,4.7325
0.16153,2.2935,4.8201
0.21313,2.228,4.8936
0.25913,2.1608,4.9547
0.33167,2.0786,5.0026
0.41955,2.0042,5.0368
0.46143,1.9215,5.0582
0.44086,1.8458,5.0676
0.3743,1.7739,5.0661
0.22809,1.6936,5.0544
0.064304,1.6298,5.0339
-0.087515,1.5662,5.0055
-0.25728,1.4822,4.9676
-0.35002,1.4008,4.9209
-0.37694,1.3275,4.8659
-0.37246,1.2391,4.8014
-0.34778,1.1484,4.7281
-0.3115,1.0647,4.6471
-0.30552,0.97998,4.5589
-0.35039,0.89742,4.4632
-0.36236,0.8108,4.3606
-0.40387,0.71896,4.2513
-0.47529,0.63671,4.1355
-0.48576,0.54071,4.014
-0.49324,0.42918,3.8846
-0.51717,0.35334,3.7483
-0.47043,0.27061,3.6088
-0.43341,0.169,3.4645
-0.46856,0.094052,3.3151
-0.46818,0.01593,3.1633
-0.48576,-0.093863,3.007
-0.55307,-0.20365,2.8429
-0.59906,-0.32025,2.6737
-0.60916,-0.44246,2.4962
-0.58336,-0.53019,2.3137
-0.49361,-0.65961,2.1264
-0.36647,-0.74241,1.9341
-0.26887,-0.87438,1.7399
-0.16716,-0.97462,1.5379
-0.056104,-1.0761,1.3379
-0.02058,-1.2471,1.1291
-0.02245,-1.2786,0.92309
-0.03479,-1.5173,0.70955
-0.088637,-1.4651,0.49303
-0.08415,-1.7534,0.28305
-0.082654,-1.6485,0.048785
-0.041894,-0.20354,-0.047633
0.065052,0.013167,-0.019203
0.11553,-0.19892,-0.026206
0.23632,-0.0085506,-0.024144
0.2853,-0.11993,-0.022881
0.2767,-0.033931,-0.02528
0.33391,-0.073472,-0.022247
0.29465,-0.054892,-0.025168
0.27633,-0.039176,-0.022596
0.24417,-0.063759,-0.024493
0.1806,-0.031551,-0.023803
0.18284,-0.055005,-0.02402
0.17536,-0.034955,-0.024725
0.17948,-0.040128,-0.024185
0.15629,-0.038655,-0.025003
0.1189,-0.035259,-0.024845
0.065052,-0.040035,-0.025231
-0.0030049,-0.037156,-0.025213
-0.045634,-0.034348,-0.025576
-0.077419,-0.033796,-0.026352
-0.04526,-0.034258,-0.027481
-0.035538,-0.032338,-0.028392
-0.017589,-0.036278,-0.029175
0.057199,-0.0267,-0.029787
0.096089,-0.03049,-0.02997
0.12264,-0.026058,-0.030866
0.09908,-0.020949,-0.030645
0.060565,-0.033901,-0.031774
0.028406,-0.012446,-0.031519
-0.063583,-0.040042,-0.031965
-0.12005,-0.0067211,-0.032925
-0.12042,-0.030119,-0.031624
-0.11668,-0.023277,-0.034552
-0.10359,-0.0025559,-0.031579
-0.071436,-0.058671,-0.035152
0.013822,0.038511,-0.032422
0.021675,-0.093931,-0.034094
0.017936,0.069706,-0.036021
0.063182,-0.09967,-0.029884
0.017562,0.042072,-0.043272
0.023545,-0.022171,-0.016267
-0.030676,-2.5338,-0.16853
0.059817,-3.418,-0.56324
0.13348,-2.7893,-0.91592
0.093471,-3.0474,-1.249
0.46891,-2.8634,-1.578
0.51677,-2.8702,-1.875
0.52013,-2.8351,-2.1656
0.77105,-2.7962,-2.432
0.50181,-2.8499,-2.6934
0.45208,-2.7716,-2.9377
0.59417,-2.7986,-3.1682
0.46666,-2.7624,-3.3878
0.50779,-2.7764,-3.5957
0.5852,-2.7546,-3.7949
0.54968,-2.7112,-3.979
0.53509,-2.6636,-4.1494
0.55753,-2.5957,-4.3028
0.44647,-2.5502,-4.4416
0.35149,-2.4911,-4.5666
0.3227,-2.4389,-4.6779
0.21126,-2.3673,-4.7754
0.20378,-2.2927,-4.8572
0.24342,-2.2306,-4.9258
0.30026,-2.1568,-4.9816
0.3657,-2.084,-5.0243
0.44946,-2.0083,-5.0547
0.4719,-1.929,-5.0729
0.40047,-1.8543,-5.0791
0.32569,-1.7774,-5.0743
0.14919,-1.7065,-5.0601
0.013448,-1.6409,-5.0373
-0.1451,-1.5689,-5.0057
-0.30328,-1.4912,-4.9657
-0.34591,-1.4119,-4.9169
-0.3919,-1.3241,-4.8584
-0.36386,-1.2355,-4.7911
-0.34067,-1.1501,-4.7154
-0.32684,-1.0636,-4.6317
-0.32983,-0.9751,-4.5407
-0.36311,-0.88536,-4.4424
-0.36722,-0.80011,-4.3374
-0.44874,-0.70247,-4.2253
-0.50408,-0.6172,-4.1063
-0.49698,-0.53109,-3.9826
-0.50894,-0.42388,-3.8517
-0.50371,-0.33753,-3.7144
-0.45547,-0.24805,-3.5729
-0.42742,-0.15643,-3.426
-0.44612,-0.084063,-3.276
-0.46145,0.0046684,-3.1234
-0.51193,0.12289,-2.9643
-0.56055,0.22497,-2.7986
-0.58336,0.35654,-2.626
-0.5841,0.46655,-2.4455
-0.54297,0.56899,-2.2615
-0.45547,0.69043,-2.0708
-0.28944,0.7743,-1.8783
-0.17202,0.92782,-1.6798
-0.059096,0.99045,-1.4779
0.037754,1.1664,-1.2743
0.0067175,1.244,-1.0629
0.032893,1.3614,-0.85783
-0.00076128,1.5275,-0.63756
-0.060965,1.4887,-0.43065
-0.028059,1.9111,-0.20382
-0.054982,1.0362,-0.0052258
0.013822,-0.12855,0.012931
0.09908,0.15079,-0.0065755
0.17873,0.064413,0.0046383
0.29839,0.035879,-0.0028601
0.28829,0.081388,0.0016164
0.34139,0.0076751,-0.0010155
0.34999,0.074303,0.00017302
0.26212,0.0044997,0.00093785
0.26586,0.045203,-0.00041185
0.19855,0.020748,0.0014627
0.15629,0.015743,0.00025925
0.18546,0.031013,0.0015677
0.18621,0.013179,0.0011965
0.16415,0.023897,0.0015152
0.12937,0.013977,0.0019014
0.10955,0.01872,0.0019951
0.049346,0.01253,0.0022801
0.0052217,0.015522,0.0024488
-0.043016,0.01427,0.0032323
-0.051617,0.012511,0.0040197
-0.040773,0.016928,0.0052306
-0.04339,0.014273,0.0060367
0.036259,0.013655,0.0069628
0.060565,0.005317,0.0072252
0.09048,0.012301,0.0078026
0.11927,0.0048259,0.0082225
0.091601,0.013175,0.0081887
0.064304,0.0032176,0.0094222
-0.0030049,0.0041698,0.0086836
-0.0662,0.017085,0.010536
-0.13351,-0.015261,0.0095009
-0.15034,0.027192,0.010697
-0.12977,-0.028192,0.011132
-0.082654,0.032437,0.0098384
-0.0030049,-0.020922,0.013441
0.013822,0.00038331,0.008275
0.019057,0.038848,0.015481
0.065052,-0.094497,0.0074914
0.042616,0.16437,0.016077
0.026162,-0.3037,0.0080875
0.053086,1.0338,0.023658
0.028406,3.4218,0.31732
0.16602,3.0827,0.71282
0.2064,2.8878,1.0405
0.25426,3.0222,1.3813
0.46517,2.8077,1.6911
0.34663,2.8975,1.9873
0.40534,2.7825,2.2669
0.52462,2.8416,2.5296
0.38028,2.8112,2.7858
0.49246,2.7795,3.0219
0.52387,2.783,3.2489
0.45395,2.7594,3.462
0.53397,2.7824,3.6671
0.57623,2.7246,3.8607
0.56688,2.681,4.039
0.55715,2.6274,4.2023
0.53883,2.5701,4.3488
0.42254,2.5243,4.4817
0.36345,2.4502,4.6006
0.29951,2.3864,4.7052
0.20715,2.3289,4.7957
0.22697,2.2558,4.8726
0.2782,2.1898,4.9359
0.34438,2.1147,4.9859
0.39374,2.0327,5.0231
0.44796,1.9553,5.0475
0.4345,1.8742,5.0603
0.36383,1.7901,5.0614
0.25202,1.7247,5.0522
0.086366,1.6623,5.0338
-0.065827,1.5851,5.0064
-0.2412,1.5168,4.9709
-0.34142,1.438,4.9269
-0.40574,1.3504,4.8738
-0.45098,1.2679,4.8115
-0.41172,1.1785,4.7409
-0.37171,1.0919,4.662
-0.36348,1.0096,4.5755
-0.3919,0.92309,4.482
-0.40387,0.83635,4.3811
-0.45323,0.74635,4.2736
-0.51268,0.65402,4.1592
-0.5082,0.56697,4.0392
-0.51867,0.46029,3.9122
-0.51941,0.36371,3.7776
-0.48464,0.2926,3.6392
-0.46257,0.19793,3.4959
-0.46818,0.10912,3.3477
-0.46818,0.039857,3.1968
-0.49249,-0.061944,3.042
-0.55195,-0.17594,2.8803
-0.58224,-0.27833,2.7128
-0.6043,-0.41242,2.5378
-0.59046,-0.50906,2.356
-0.52876,-0.62701,2.1702
-0.42668,-0.72418,1.9787
-0.27336,-0.83268,1.7861
-0.16193,-0.96038,1.5855
-0.053113,-1.0323,1.3854
0.0074654,-1.2259,1.1786
-0.0056225,-1.256,0.97025
-0.0018831,-1.4626,0.76191
-0.048625,-1.4896,0.54235
-0.077419,-1.6199,0.33742
-0.083028,-1.8412,0.10114
-0.032546,-0.53125,-0.042822
0.06393,0.10141,-0.0248
0.10918,-0.21539,-0.02206
0.22884,-0.021833,-0.02627
0.27334,-0.10441,-0.021178
0.25539,-0.058364,-0.025722
0.30699,-0.050974,-0.021643
0.26174,-0.074814,-0.024763
0.215,-0.028657,-0.022899
0.20304,-0.068351,-0.023619
0.16003,-0.030831,-0.024245
0.14694,-0.04838,-0.023327
0.17013,-0.03879,-0.024305
0.18471,-0.035858,-0.023747
0.14807,-0.038565,-0.024598
0.13685,-0.033496,-0.02447
0.093471,-0.038948,-0.024939
0.023171,-0.034531,-0.025115
-0.014223,-0.037171,-0.025089
-0.06994,-0.033317,-0.026022
-0.057226,-0.035187,-0.027046
-0.03479,-0.03269,-0.028013
-0.0097358,-0.030745,-0.028879
0.054208,-0.027562,-0.029483
0.083375,-0.030711,-0.029483
0.1103,-0.031592,-0.030536
0.11815,-0.01708,-0.03036
0.083001,-0.034333,-0.031009
0.031023,-0.013507,-0.031605
-0.022824,-0.030745,-0.031249
-0.077045,-0.01967,-0.033063
-0.097237,-0.016364,-0.031013
-0.096863,-0.042592,-0.033791
-0.065079,0.0079826,-0.032224
-0.015719,-0.064729,-0.033791
0.017936,0.034263,-0.034008
0.047477,-0.070151,-0.031646
0.049346,0.018236,-0.037619
0.067295,-0.01426,-0.027957
0.03065,-0.092566,-0.043197
0.050094,0.22259,-0.019079
-1.3407e-05,-1.9043,-0.10293
0.0067175,-3.4974,-0.46753
0.16377,-2.8489,-0.84033
0.084123,-3.0041,-1.1682
0.36121,-2.928,-1.5048
0.56351,-2.8403,-1.805
0.49545,-2.8765,-2.0986
0.76843,-2.7821,-2.3693
0.61287,-2.8634,-2.6311
0.47638,-2.7887,-2.88
0.63045,-2.8025,-3.1125
0.52013,-2.7784,-3.3352
0.53173,-2.7798,-3.5446
0.61063,-2.7736,-3.7463
0.6211,-2.7278,-3.9337
0.58109,-2.6966,-4.1081
0.59156,-2.6208,-4.2663
0.51228,-2.572,-4.408
0.3657,-2.5138,-4.5362
0.37729,-2.4548,-4.6502
0.24791,-2.3924,-4.7503
0.22547,-2.3218,-4.8362
0.27595,-2.2617,-4.9087
0.30998,-2.1904,-4.9685
0.42665,-2.1126,-5.0151
0.46404,-2.0323,-5.0486
0.4805,-1.9512,-5.0698
0.43899,-1.8718,-5.0786
0.38327,-1.7954,-5.0769
0.21388,-1.7271,-5.0655
0.047477,-1.6545,-5.0444
-0.094994,-1.582,-5.015
-0.29019,-1.5086,-4.9766
-0.34852,-1.431,-4.9297
-0.3904,-1.3483,-4.8746
-0.39302,-1.256,-4.81
-0.37545,-1.1696,-4.7367
-0.34329,-1.0818,-4.6555
-0.3474,-0.99266,-4.5664
-0.39601,-0.90744,-4.4701
-0.3848,-0.82473,-4.3673
-0.45958,-0.7288,-4.2576
-0.50408,-0.63575,-4.1407
-0.50408,-0.55457,-4.0184
-0.50109,-0.44649,-3.8898
-0.50483,-0.35475,-3.7536
-0.48015,-0.27188,-3.6132
-0.41733,-0.17589,-3.468
-0.45659,-0.10001,-3.3183
-0.44163,-0.020915,-3.1669
-0.46631,0.096039,-3.0101
-0.55382,0.20115,-2.846
-0.56242,0.31832,-2.6761
-0.56765,0.44773,-2.4974
-0.51306,0.53651,-2.3144
-0.43303,0.66543,-2.1252
-0.30029,0.74696,-1.9327
-0.1825,0.88651,-1.7363
-0.099481,0.96928,-1.5332
0.037754,1.0985,-1.3324
0.036633,1.2454,-1.1214
0.04112,1.2993,-0.91587
0.042616,1.5327,-0.69924
-0.032546,1.4463,-0.48623
-0.015345,1.8158,-0.2705
-0.035164,1.4505,-0.043658
0.010083,0.02308,0.021794
0.10394,0.03962,-0.0066917
0.172,0.1451,0.0039709
0.27558,-0.0036056,-0.00097423
0.27633,0.10543,0.00060417
0.29615,0.0055157,0.00092285
0.30662,0.068552,-0.00053557
0.2494,0.021273,0.0019051
0.24716,0.023983,-0.00061431
0.20042,0.038597,0.0018077
0.16602,0.0096921,0.00061917
0.16602,0.031489,0.001369
0.16265,0.014746,0.0016764
0.16228,0.022712,0.0014815
0.12862,0.015511,0.0022763
0.12339,0.016744,0.0021451
0.080383,0.014116,0.0027974
0.009335,0.011057,0.0028199
-0.044138,0.016384,0.0033073
-0.065079,0.015289,0.0041884
-0.042268,0.017021,0.0051369
-0.038903,0.014558,0.0060667
0.013074,0.012691,0.0068728
0.073652,0.0041548,0.0072927
0.092349,0.011739,0.0076189
0.11628,0.0131,0.0087661
0.1174,0.0011818,0.0083874
0.0658,0.012976,0.009441
0.0022302,-0.0069423,0.0096547
-0.045634,0.017782,0.0095909
-0.10322,-0.0093379,0.010986
-0.10546,0.0069253,0.0094522
-0.078914,0.015154,0.012328
-0.051991,-0.0221,0.0097634
0.0085872,0.048326,0.012631
0.053086,-0.055589,0.011192
0.085618,0.070966,0.011064
0.089732,-0.07051,0.014918
0.064304,0.046687,0.0067903
0.020179,0.0078551,0.021731
0.040746,-0.13282,-0.0053832
0.01457,2.2852,0.11538
0.07627,3.5205,0.49725
0.23893,2.8254,0.8558
0.19518,3.0283,1.1852
0.36869,2.8862,1.5177
0.4345,2.8535,1.8151
0.31297,2.8477,2.1069
0.49209,2.7812,2.3744
0.44348,2.8466,2.6353
0.3829,2.7618,2.8805
0.51004,2.7841,3.1107
0.48835,2.757,3.3312
0.50779,2.7636,3.5391
0.58744,2.7413,3.7395
0.61586,2.6911,3.9238
0.56837,2.6462,4.0933
0.56239,2.5748,4.2468
0.50256,2.5303,4.3854
0.38589,2.4683,4.5108
0.3556,2.4013,4.6211
0.24679,2.3331,4.7171
0.19219,2.2617,4.7994
0.24379,2.1968,4.868
0.32008,2.1302,4.924
0.38776,2.0485,4.9671
0.42852,1.966,4.9965
0.46704,1.8856,5.0142
0.4188,1.8049,5.02
0.31297,1.7378,5.0148
0.14657,1.6616,5.0005
-0.023945,1.5863,4.9771
-0.16679,1.5237,4.9452
-0.30627,1.4447,4.9049
-0.39639,1.3609,4.8558
-0.43004,1.273,4.7974
-0.41845,1.1868,4.7306
-0.39751,1.1086,4.6557
-0.3661,1.0186,4.5726
-0.40162,0.93038,4.4824
-0.42593,0.83521,4.3847
-0.43303,0.74206,4.28
-0.50782,0.66929,4.1686
-0.53736,0.58577,4.0512
-0.54783,0.48289,3.9276
-0.54447,0.37824,3.7956
-0.53362,0.29057,3.6586
-0.49062,0.21082,3.5175
-0.45996,0.12508,3.3714
-0.49212,0.049484,3.2219
-0.48314,-0.037013,3.0693
-0.52203,-0.15745,2.9103
-0.59345,-0.26205,2.7449
-0.61439,-0.38506,2.573
-0.59869,-0.48759,2.3935
-0.53961,-0.59784,2.2102
-0.45098,-0.70933,2.0201
-0.32422,-0.79891,1.8285
-0.1967,-0.94685,1.63
-0.079288,-1.0027,1.4297
0.017936,-1.1857,1.2265
0.047103,-1.2492,1.017
0.041868,-1.3958,0.81192
0.011579,-1.5221,0.59182
-0.032546,-1.5233,0.38675
-0.049373,-1.9096,0.15664
-0.033668,-0.88992,-0.026649
0.035511,0.12473,-0.031384
0.1002,-0.19175,-0.016972
0.17611,-0.060977,-0.026349
0.26473,-0.066349,-0.018906
0.26249,-0.086121,-0.023788
0.29315,-0.032799,-0.020515
0.3025,-0.086358,-0.02221
0.23108,-0.022838,-0.021838
0.23594,-0.071721,-0.021478
0.20528,-0.040125,-0.022794
0.14096,-0.039008,-0.021441
0.13535,-0.046472,-0.022956
0.1361,-0.034977,-0.022041
0.12974,-0.043761,-0.022614
0.11441,-0.03139,-0.022892
0.08674,-0.034782,-0.022888
0.038128,-0.030572,-0.023211
-0.0078661,-0.031877,-0.023308
-0.049373,-0.033099,-0.024129
-0.052365,-0.034865,-0.024759
-0.041521,-0.034171,-0.025816
-0.036659,-0.030752,-0.026731
0.028032,-0.029451,-0.027593
0.075522,-0.022516,-0.027837
0.090854,-0.030321,-0.028043
0.11553,-0.022729,-0.028913
0.10132,-0.030542,-0.028917
0.05159,-0.029215,-0.030012
-0.010484,-0.011171,-0.029314
-0.066574,-0.036927,-0.030593
-0.093124,0.0016542,-0.030499
-0.096116,-0.047716,-0.03039
-0.08415,-0.0084344,-0.032621
-0.056852,-0.024619,-0.02967
-0.0018831,-0.03966,-0.034106
0.069913,0.026338,-0.029378
0.059817,-0.090466,-0.034233
0.087488,0.088789,-0.031309
0.080383,-0.16561,-0.031121
0.039998,0.17378,-0.037525
0.081131,-0.38827,-0.019923
-0.0056225,-2.9819,-0.23613
0.129,-3.2578,-0.63954
0.14358,-2.8017,-0.97663
0.16041,-3.047,-1.3131
0.55117,-2.821,-1.6327
0.50555,-2.8871,-1.9272
0.60801,-2.7948,-2.212
0.75198,-2.8141,-2.4748
0.49433,-2.8259,-2.733
0.55603,-2.7611,-2.9713
0.60053,-2.7893,-3.1986
0.53621,-2.7554,-3.4144
0.56837,-2.7744,-3.6201
0.62708,-2.7333,-3.8153
0.62035,-2.6889,-3.9948
0.5508,-2.6259,-4.1596
0.57847,-2.5651,-4.3072
0.42291,-2.5219,-4.4416
0.33541,-2.4542,-4.5622
0.30325,-2.3937,-4.668
0.17424,-2.3217,-4.7598
0.19144,-2.2484,-4.8369
0.20715,-2.1793,-4.9009
0.29054,-2.1088,-4.9523
0.37206,-2.0387,-4.9917
0.42777,-1.9592,-5.0189
0.42141,-1.8758,-5.0329
0.35785,-1.7972,-5.0356
0.25763,-1.7249,-5.0284
0.069913,-1.658,-5.0118
-0.040025,-1.5847,-4.9866
-0.22699,-1.5049,-4.9526
-0.3474,-1.4274,-4.9097
-0.38629,-1.3429,-4.8576
-0.44313,-1.2544,-4.7966
-0.39414,-1.1691,-4.7272
-0.36124,-1.0819,-4.6494
-0.34291,-0.9967,-4.5639
-0.402,-0.90822,-4.471
-0.41434,-0.82568,-4.3712
-0.42705,-0.73424,-4.2648
-0.51231,-0.63415,-4.1508
-0.49847,-0.55728,-4.031
-0.50932,-0.45995,-3.9056
-0.50558,-0.35932,-3.7728
-0.47267,-0.27831,-3.6349
-0.43677,-0.18297,-3.4917
-0.43827,-0.099667,-3.3435
-0.45547,-0.028705,-3.1935
-0.43229,0.080046,-3.0392
-0.49548,0.19046,-2.8769
-0.55494,0.2975,-2.7093
-0.57999,0.42791,-2.5336
-0.54335,0.51431,-2.3519
-0.46071,0.64548,-2.1656
-0.3762,0.73084,-1.974
-0.22475,0.85597,-1.7803
-0.11406,0.97388,-1.5781
0.0055957,1.0548,-1.3777
0.069913,1.2426,-1.1688
0.073278,1.2658,-0.96196
0.093471,1.4924,-0.75053
0.017188,1.4681,-0.53298
-0.0015092,1.7047,-0.32558
-0.028807,1.7217,-0.088952
-0.035911,0.28259,0.023755
0.052338,-0.068434,-0.0030288
0.091601,0.19535,0.0013203
0.21874,-0.0087268,0.0015152
0.25576,0.10266,-0.00083926
0.22323,0.021543,0.0022651
0.28081,0.043182,-0.0012029
0.25127,0.042271,0.0023288
0.24267,0.01728,-0.00011942
0.22921,0.04449,0.0014252
0.17462,0.0059468,0.001339
0.14545,0.031481,0.0013165
0.15293,0.016275,0.0022238
0.18434,0.021175,0.0016314
0.14732,0.019121,0.0024113
0.1432,0.015417,0.00234
0.11591,0.018645,0.0028837
0.041868,0.013426,0.0031199
-0.0078661,0.021127,0.0035248
-0.052739,0.01929,0.0046458
-0.038155,0.014592,0.0055793
-0.03292,0.017419,0.0064754
-0.0011352,0.013561,0.0077126
0.057947,0.0079488,0.0078513
0.068417,0.015361,0.0085824
0.10656,0.0030114,0.0087886
0.1189,0.017224,0.0090323
0.073278,0.00099065,0.01006
0.042989,0.009246,0.0092235
-0.0071182,0.013231,0.011252
-0.06807,-0.0095628,0.0097821
-0.10247,0.031924,0.011735
-0.09275,-0.032293,0.011233
-0.074053,0.043947,0.011169
-0.056104,-0.03139,0.013715
0.017562,0.022304,0.009141
0.042989,0.013059,0.016606
0.054208,-0.060647,0.0070715
0.062434,0.14543,0.019376
0.07814,-0.31234,0.0041096
0.053086,1.3986,0.044492
0.042616,3.5256,0.37186
0.22472,2.9969,0.75993
0.1978,2.9612,1.0888
0.25651,3.0013,1.4317
0.44722,2.8388,1.7389
0.32307,2.9093,2.0373
0.44011,2.7863,2.3158
0.51714,2.8694,2.5806
0.40047,2.815,2.8367
0.5336,2.8206,3.0749
0.54332,2.8042,3.3046
0.50181,2.7762,3.5184
0.57323,2.7941,3.7243
0.60352,2.7509,3.9188
0.58782,2.7252,4.1005
0.59417,2.6601,4.2677
0.59343,2.6064,4.4183
0.47825,2.5568,4.5549
0.42403,2.4939,4.6774
0.36009,2.4307,4.7862
0.26249,2.3657,4.8803
0.2509,2.2869,4.9605
0.28381,2.223,5.0274
0.36981,2.1426,5.0811
0.43226,2.0485,5.1218
0.43375,1.9931,5.1501
0.41431,1.9105,5.1665
0.35523,1.8289,5.1715
0.18172,1.7575,5.1657
0.032519,1.6757,5.1498
-0.089011,1.6158,5.1252
-0.28832,1.5385,5.0919
-0.38068,1.4586,5.0501
-0.42182,1.38,5
-0.4723,1.2795,4.9407
-0.44201,1.2005,4.8723
-0.39975,1.1194,4.7955
-0.40013,1.0263,4.7111
-0.43042,0.94427,4.6197
-0.44612,0.85539,4.5208
-0.49137,0.77124,4.4154
-0.54484,0.68129,4.3032
-0.55606,0.59439,4.1846
-0.55008,0.50353,4.0603
-0.54858,0.39865,3.9284
-0.51268,0.3198,3.7902
-0.45136,0.23309,3.6483
-0.45921,0.14326,3.5014
-0.47005,0.067097,3.3504
-0.48501,-0.01949,3.1969
-0.52427,-0.12529,3.0377
-0.5669,-0.23516,2.8713
-0.57775,-0.35402,2.6996
-0.54297,-0.47456,2.5192
-0.50558,-0.55946,2.3342
-0.38031,-0.68731,2.1446
-0.26102,-0.76795,1.9502
-0.16604,-0.90123,1.7535
-0.038529,-1.0037,1.5489
0.010831,-1.1063,1.3461
-0.00038735,-1.2745,1.1343
-0.0030049,-1.3019,0.92606
-0.040399,-1.5348,0.71085
-0.10472,-1.4794,0.49321
-0.08041,-1.7706,0.28198
-0.056104,-1.6547,0.04658
0.028032,-0.2092,-0.048967
0.14433,0.0065129,-0.019701
0.172,-0.19412,-0.027065
0.25352,-0.012318,-0.025186
0.28194,-0.12569,-0.023878
0.25501,-0.032304,-0.026154
0.25464,-0.073453,-0.023057
0.20154,-0.054412,-0.026124
0.1533,-0.039776,-0.023548
0.15293,-0.064205,-0.025381
0.13573,-0.031562,-0.02483
0.13161,-0.055968,-0.024886
0.15517,-0.03909,-0.02567
0.15368,-0.04796,-0.02522
0.13273,-0.038644,-0.02591
0.10432,-0.034228,-0.025876
0.046729,-0.037148,-0.026154
-0.029555,-0.031869,-0.026352
-0.060591,-0.040811,-0.02717
-0.062835,-0.038033,-0.028317
-0.040025,-0.037272,-0.029183
0.020927,-0.040931,-0.030154
0.070661,-0.028158,-0.03099
0.10843,-0.030745,-0.031031
0.14395,-0.034018,-0.031927
0.14246,-0.023329,-0.031706
0.099454,-0.034906,-0.032557
0.056451,-0.012896,-0.032846
-0.02245,-0.036736,-0.032958
-0.076671,-0.015359,-0.034196
-0.083776,-0.029091,-0.032538
-0.10808,-0.032109,-0.035639
-0.07181,0.00025959,-0.033041
-0.028807,-0.065794,-0.03595
0.029902,0.039939,-0.034552
0.063556,-0.08939,-0.034293
0.095715,0.051351,-0.037874
0.11179,-0.06753,-0.030135
0.046355,-0.014654,-0.044944
0.080757,0.097104,-0.017414
-0.026937,-2.3047,-0.143
0.038876,-3.4645,-0.53006
0.14994,-2.8129,-0.89151
0.082253,-3.0576,-1.2245
0.45283,-2.9004,-1.5593
0.525,-2.8768,-1.8594
0.52163,-2.8701,-2.154
0.79012,-2.8082,-2.4243
0.5781,-2.8745,-2.6885
0.51939,-2.8004,-2.9376
0.61998,-2.8315,-3.1729
0.52425,-2.7791,-3.3968
0.54108,-2.7882,-3.6063
0.59717,-2.7815,-3.809
0.61736,-2.7462,-3.998
0.58819,-2.7243,-4.1754
0.61549,-2.6485,-4.338
0.51976,-2.5944,-4.484
0.41768,-2.5301,-4.6153
0.40721,-2.4746,-4.7322
0.26586,-2.4233,-4.8365
0.24679,-2.348,-4.9268
0.258,-2.2801,-5.0033
0.30026,-2.2128,-5.0672
0.38776,-2.1334,-5.1176
0.44722,-2.0571,-5.1547
0.4704,-1.974,-5.1797
0.39711,-1.8913,-5.1924
0.3227,-1.8187,-5.1939
0.14545,-1.7438,-5.1851
-0.0011352,-1.6724,-5.1673
-0.17277,-1.5995,-5.1408
-0.34553,-1.5212,-5.1051
-0.39377,-1.442,-5.0609
-0.46332,-1.359,-5.0077
-0.44163,-1.2701,-4.9458
-0.41882,-1.1826,-4.8752
-0.39601,-1.0982,-4.7962
-0.38293,-1.0106,-4.7095
-0.40761,-0.92865,-4.616
-0.40349,-0.84094,-4.5153
-0.46108,-0.75113,-4.4077
-0.49436,-0.66772,-4.2943
-0.50259,-0.57048,-4.1742
-0.4981,-0.46743,-4.0463
-0.50483,-0.38277,-3.9114
-0.45547,-0.30185,-3.7724
-0.4106,-0.20907,-3.6295
-0.47454,-0.12397,-3.481
-0.44612,-0.040743,-3.3284
-0.46669,0.051205,-3.1728
-0.53437,0.1616,-3.0109
-0.51642,0.26637,-2.8423
-0.51605,0.39776,-2.667
-0.49137,0.50649,-2.4834
-0.39714,0.60564,-2.2963
-0.26663,0.72607,-2.1031
-0.16342,0.8041,-1.9081
-0.034416,0.95364,-1.7076
0.056077,1.0142,-1.503
0.046729,1.1832,-1.2974
0.050468,1.2758,-1.0838
0.031023,1.3866,-0.87592
-0.052365,1.5575,-0.65289
-0.072183,1.5042,-0.44237
-0.028807,1.9265,-0.21455
-0.048625,1.101,-0.0094886
0.039998,-0.11942,0.0149
0.15517,0.14111,-0.0062643
0.18696,0.079206,0.0051857
0.26174,0.031999,-0.0023839
0.26436,0.088286,0.0021001
0.2494,0.0066816,-4.8182e-05
0.24417,0.07503,0.00066416
0.1978,0.010551,0.0016015
0.1806,0.044112,0.00017302
0.17125,0.026713,0.0020888
0.14844,0.020718,0.00062292
0.14694,0.031463,0.0018939
0.17836,0.01295,0.0016164
0.15779,0.026979,0.0022276
0.10656,0.012196,0.0026812
0.092349,0.015533,0.00249
0.031023,0.014735,0.0030186
-0.033294,0.0116,0.0033036
-0.035538,0.018487,0.0040272
-0.044138,0.013883,0.0049157
-0.02058,0.0090173,0.0060855
0.068043,0.016718,0.0067903
0.13647,0.010824,0.0076151
0.15592,0.0069553,0.0078026
0.1634,0.017505,0.0085374
0.1548,0.0021641,0.0090735
0.094967,0.01632,0.0092572
0.035511,0.0026477,0.010232
-0.016467,0.0039974,0.0094635
-0.099107,0.012136,0.011357
-0.10322,-0.015168,0.010067
-0.07181,0.034042,0.011559
-0.05947,-0.030137,0.011443
0.003352,0.036726,0.010832
0.063556,-0.02135,0.014135
0.10282,0.0078963,0.0091298
0.099454,0.029746,0.016542
0.10581,-0.082751,0.0076376
0.063182,0.16141,0.01803
0.042242,-0.31187,0.0072814
0.056825,1.1607,0.03137
0.021675,3.4565,0.33781
0.20154,3.0331,0.72994
0.22585,2.9017,1.0566
0.25838,3.0031,1.3971
0.46367,2.8051,1.7049
0.33092,2.8838,2.0007
0.40047,2.7633,2.2786
0.47077,2.836,2.5411
0.34401,2.78,2.7962
0.46891,2.7594,3.0315
0.49134,2.7605,3.2581
0.47863,2.7324,3.471
0.54108,2.7532,3.676
0.60988,2.6939,3.8684
0.61586,2.6519,4.0456
0.58258,2.5872,4.2079
0.5766,2.5259,4.3535
0.43076,2.4691,4.4857
0.34812,2.4072,4.6036
0.26212,2.3463,4.7072
0.15293,2.2646,4.7967
0.15143,2.1971,4.8728
0.21911,2.1315,4.9362
0.30475,2.054,4.9863
0.34625,1.9703,5.0231
0.41356,1.8839,5.0467
0.39748,1.8079,5.0589
0.33092,1.7323,5.0601
0.17649,1.665,5.0507
-0.0078661,1.5937,5.0329
-0.13987,1.5133,5.0061
-0.34441,1.4395,4.9706
-0.41322,1.3648,4.9269
-0.42742,1.2797,4.8738
-0.46295,1.1878,4.8111
-0.40873,1.1033,4.7402
-0.35002,1.0178,4.661
-0.33693,0.93375,4.5742
-0.3833,0.84404,4.4803
-0.39302,0.75418,4.3796
-0.42593,0.67204,4.2723
-0.49586,0.58513,4.1579
-0.49099,0.49885,4.0379
-0.47379,0.39739,3.9107
-0.48277,0.30991,3.776
-0.43827,0.23309,3.6373
-0.37545,0.13772,3.4939
-0.38218,0.05717,3.3457
-0.40948,-0.014849,3.1949
-0.43116,-0.1229,3.0394
-0.4708,-0.23072,2.8767
-0.53213,-0.33382,2.7083
-0.53661,-0.46927,2.5312
-0.49847,-0.55689,2.3483
-0.45173,-0.67566,2.1613
-0.32422,-0.7623,1.9688
-0.17315,-0.87831,1.7747
-0.073679,-0.99355,1.5726
0.021301,-1.0726,1.372
0.063182,-1.2592,1.1634
0.051216,-1.2841,0.95546
0.019057,-1.5054,0.74381
-0.051991,-1.4895,0.52422
-0.060965,-1.696,0.31655
-0.08415,-1.7761,0.078879
-0.0576,-0.36709,-0.04403
0.035511,0.068623,-0.019259
0.077018,-0.21231,-0.021516
0.20229,-0.0085468,-0.022907
0.2322,-0.11212,-0.019465
0.22958,-0.042985,-0.023162
0.28755,-0.05974,-0.019244
0.23258,-0.063477,-0.022622
0.21612,-0.029538,-0.020267
0.19107,-0.068494,-0.021565
0.15592,-0.030389,-0.021696
0.15891,-0.050202,-0.021182
0.15405,-0.040477,-0.022288
0.17873,-0.040151,-0.021557
0.14694,-0.036143,-0.022251
0.12825,-0.032518,-0.022322
0.095715,-0.03338,-0.022498
0.034389,-0.030085,-0.022757
0.0040999,-0.033437,-0.023177
-0.04713,-0.034539,-0.023859
-0.031798,-0.046772,-0.025089
-0.020206,-0.036856,-0.025887
0.0040999,-0.029751,-0.026547
0.085245,-0.026745,-0.027335
0.126,-0.027933,-0.027267
0.1432,-0.028859,-0.028411
0.14208,-0.018662,-0.028343
0.11553,-0.032533,-0.029052
0.058321,-0.010493,-0.029363
-0.002631,-0.033208,-0.028977
-0.049373,-0.012146,-0.030596
-0.07181,-0.019828,-0.02898
-0.082654,-0.03596,-0.0318
-0.070314,0.011964,-0.029528
-0.028807,-0.063234,-0.031807
0.045981,0.038499,-0.031309
0.079635,-0.077615,-0.02988
0.069913,0.032962,-0.035017
0.08861,-0.042592,-0.026217
0.042616,-0.055762,-0.041282
0.064678,0.17365,-0.015334
-0.0033789,-2.0844,-0.11758
0.031023,-3.4742,-0.49227
0.16564,-2.816,-0.85877
0.08674,-3.0084,-1.1873
0.4016,-2.8946,-1.522
0.54594,-2.8342,-1.8207
0.49658,-2.8458,-2.1135
0.75684,-2.7627,-2.3826
0.58744,-2.8359,-2.6439
0.47713,-2.7568,-2.8917
0.60876,-2.7723,-3.1237
0.54444,-2.7448,-3.3457
0.5321,-2.7476,-3.5553
0.59343,-2.7323,-3.7569
0.64653,-2.6815,-3.9434
0.56613,-2.639,-4.117
0.58183,-2.5656,-4.2741
0.54257,-2.5132,-4.4146
0.37206,-2.4534,-4.5418
0.33765,-2.3943,-4.6549
0.22024,-2.3239,-4.7545
0.16751,-2.2519,-4.8394
0.1877,-2.1833,-4.9105
0.24379,-2.1067,-4.9688
0.30138,-2.0353,-5.0144
0.33317,-1.9611,-5.0483
0.3829,-1.8763,-5.07
0.32531,-1.7966,-5.0791
0.24566,-1.7237,-5.0776
0.10432,-1.6503,-5.0662
-0.030676,-1.5812,-5.0461
-0.1967,-1.5081,-5.0175
-0.36236,-1.4269,-4.9798
-0.3934,-1.3457,-4.9332
-0.44388,-1.2597,-4.8775
-0.44762,-1.1714,-4.8126
-0.39452,-1.0857,-4.7393
-0.33843,-0.99902,-4.6582
-0.36161,-0.91404,-4.5693
-0.39527,-0.82567,-4.4731
-0.35899,-0.74031,-4.37
-0.43116,-0.65866,-4.2602
-0.46931,-0.5668,-4.1444
-0.44762,-0.46261,-4.0214
-0.45547,-0.36909,-3.8904
-0.44089,-0.29783,-3.7548
-0.38741,-0.20877,-3.6147
-0.34105,-0.11362,-3.4695
-0.3575,-0.036972,-3.3203
-0.3489,0.046796,-3.1675
-0.37694,0.15918,-3.0093
-0.44201,0.25512,-2.8442
-0.45584,0.37672,-2.6727
-0.46594,0.50135,-2.4923
-0.43827,0.58899,-2.308
-0.35002,0.71263,-2.1174
-0.21054,0.78924,-1.9238
-0.098359,0.93673,-1.726
-0.0097358,1.0089,-1.5221
0.081505,1.1482,-1.3191
0.069165,1.2728,-1.1068
0.080757,1.3389,-0.90073
0.059069,1.5545,-0.68183
-0.030302,1.4741,-0.46986
-0.029181,1.8774,-0.25005
-0.057226,1.3371,-0.029187
-0.029181,-0.043371,0.02058
0.043363,0.082569,-0.0065642
0.12413,0.12387,0.0051894
0.22248,0.0051745,-0.0010642
0.20079,0.099095,0.0019314
0.23744,0.0023928,0.0013578
0.25053,0.070321,0.00044671
0.19443,0.016699,0.0024713
0.1993,0.033026,0.00019551
0.16751,0.033213,0.0025125
0.13834,0.014832,0.0012153
0.12825,0.031703,0.0023288
0.18097,0.012328,0.002505
0.19406,0.026214,0.0023775
0.14919,0.013426,0.0030336
0.15068,0.01713,0.0029999
0.093471,0.016808,0.0034873
0.041868,0.012481,0.0036447
-0.014971,0.017824,0.0042184
-0.030676,0.018176,0.0051519
-0.0045007,0.017085,0.0063067
-0.0041267,0.011593,0.0068315
0.057947,0.010498,0.0079113
0.087862,0.0060181,0.0084849
0.1361,0.016317,0.0089123
0.16714,0.0029814,0.0094635
0.12189,0.010884,0.0093735
0.10095,0.010569,0.010708
0.048972,-0.0091617,0.0098196
0.0014823,0.0192,0.011522
-0.046756,-0.015542,0.010802
-0.085645,0.028156,0.011128
-0.076297,-0.017428,0.012808
-0.068444,0.017265,0.01021
-0.023198,0.0048484,0.01484
0.050468,-0.026156,0.0096359
0.042616,0.068702,0.015833
0.053834,-0.10509,0.010641
0.069165,0.16568,0.014202
0.02504,-0.2498,0.01511
0.038128,0.63616,0.0083987
0.015318,3.2189,0.25864
0.13535,3.2048,0.66022
0.20453,2.821,0.99195
0.20752,3.0185,1.3321
0.41431,2.7928,1.648
0.33765,2.8738,1.9443
0.34588,2.77,2.2283
0.50742,2.806,2.492
0.4001,2.7915,2.7505
0.47564,2.7457,2.9894
0.54743,2.7603,3.2187
0.48162,2.721,3.4344
0.54818,2.739,3.6413
0.61212,2.6945,3.8375
0.60091,2.653,4.0185
0.58744,2.5893,4.1853
0.57585,2.5138,4.3344
0.44909,2.4612,4.4705
0.36308,2.413,4.5925
0.29802,2.3489,4.6999
0.1907,2.2663,4.7936
0.17013,2.1925,4.8728
0.19406,2.1244,4.9387
0.25763,2.0504,4.9918
0.30026,1.9707,5.0325
0.36271,1.8976,5.0603
0.37916,1.8044,5.0756
0.29876,1.713,5.0799
0.18022,1.6581,5.0735
0.029154,1.5883,5.0577
-0.10285,1.5184,5.0337
-0.2685,1.4465,5.001
-0.3848,1.3643,4.9596
-0.42742,1.2885,4.9096
-0.45659,1.1927,4.8502
-0.43378,1.1058,4.7818
-0.38966,1.027,4.7055
-0.36647,0.94028,4.6211
-0.39564,0.85229,4.5292
-0.40648,0.76728,4.4303
-0.42182,0.67945,4.3245
-0.47566,0.58735,4.2111
-0.49324,0.50663,4.0921
-0.47379,0.40534,3.9668
-0.45734,0.31064,3.8335
-0.43752,0.23717,3.6957
-0.37956,0.14695,3.5533
-0.36161,0.061687,3.406
-0.35488,-0.0087793,3.2558
-0.35675,-0.099768,3.1017
-0.42742,-0.21609,2.9407
-0.4723,-0.31375,2.7734
-0.46519,-0.44285,2.599
-0.45173,-0.54293,2.4172
-0.42369,-0.64977,2.2316
-0.32721,-0.76003,2.0392
-0.20007,-0.84456,1.8453
-0.10098,-0.99155,1.644
-0.0030049,-1.0451,1.4411
0.050094,-1.2238,1.2354
0.053834,-1.2823,1.0238
0.054208,-1.4331,0.81678
-0.0078661,-1.5461,0.59454
-0.037781,-1.5509,0.38759
-0.05573,-1.927,0.15466
-0.079662,-0.86525,-0.027327
0.040372,0.13075,-0.029715
0.093097,-0.19605,-0.016181
0.14433,-0.058266,-0.025396
0.2236,-0.070398,-0.018112
0.19144,-0.089563,-0.023259
0.23258,-0.035199,-0.019578
0.21089,-0.085596,-0.021486
0.16452,-0.024623,-0.021092
0.16901,-0.067084,-0.020432
0.12862,-0.036574,-0.021973
0.14694,-0.040301,-0.020612
0.1376,-0.043416,-0.021981
0.13573,-0.032833,-0.021317
0.14395,-0.042854,-0.021857
0.11441,-0.029676,-0.022105
0.10319,-0.034198,-0.022105
0.046729,-0.030434,-0.022607
-1.3407e-05,-0.031495,-0.022746
-0.035164,-0.034786,-0.023409
-0.040399,-0.034404,-0.02432
-0.026937,-0.031453,-0.025261
-0.0033789,-0.033609,-0.02615
0.087488,-0.030602,-0.02705
0.12675,-0.025481,-0.02699
0.12675,-0.029856,-0.027931
0.1361,-0.017091,-0.028208
0.11853,-0.034051,-0.028516
0.090854,-0.016697,-0.029423
0.020553,-0.023959,-0.028617
-0.047877,-0.024469,-0.030623
-0.066948,-0.0064099,-0.029029
-0.087889,-0.046262,-0.030945
-0.065453,0.016242,-0.030199
-0.022076,-0.059878,-0.030416
0.027658,0.021055,-0.032572
0.067295,-0.042119,-0.028384
0.03925,-0.021488,-0.035617
0.080757,0.035984,-0.025981
0.059069,-0.15164,-0.03895
0.032893,0.28825,-0.022071
0.0022302,-1.4674,-0.068032
-0.016093,-3.475,-0.40154
0.13423,-2.9208,-0.78786
0.071783,-2.9346,-1.1143
0.29203,-2.9608,-1.4539
0.55267,-2.8053,-1.7585
0.45657,-2.8707,-2.0541
0.69102,-2.7534,-2.3294
0.64316,-2.8311,-2.592
0.45993,-2.7611,-2.8447
0.58969,-2.7565,-3.0788
0.54108,-2.7464,-3.3041
0.5149,-2.7356,-3.5165
0.57361,-2.7424,-3.7218
0.62446,-2.6742,-3.9127
0.59305,-2.632,-4.0881
0.57697,-2.5684,-4.2484
0.53621,-2.5201,-4.3939
0.37467,-2.4622,-4.5261
0.35261,-2.3927,-4.6433
0.22958,-2.3273,-4.7468
0.14059,-2.2555,-4.8357
0.19668,-2.1874,-4.9111
0.22061,-2.1169,-4.9737
0.261,-2.0372,-5.023
0.31709,-1.9574,-5.0595
0.37953,-1.8813,-5.0834
0.31671,-1.7998,-5.0958
0.26212,-1.7198,-5.0968
0.14208,-1.6485,-5.0878
-0.034416,-1.5789,-5.0699
-0.16305,-1.503,-5.0431
-0.31898,-1.4266,-5.0078
-0.36872,-1.3476,-4.9631
-0.41322,-1.2633,-4.9098
-0.42967,-1.1788,-4.8479
-0.38629,-1.0916,-4.777
-0.35114,-1.0041,-4.6982
-0.35152,-0.91686,-4.6115
-0.38891,-0.83219,-4.5174
-0.37806,-0.74786,-4.4163
-0.4278,-0.66546,-4.3084
-0.47417,-0.58049,-4.1945
-0.4536,-0.47717,-4.0736
-0.4364,-0.37182,-3.9441
-0.43864,-0.29352,-3.809
-0.38891,-0.22163,-3.6704
-0.31973,-0.12681,-3.5264
-0.35413,-0.042805,-3.3779
-0.33469,0.030525,-3.2261
-0.34591,0.13862,-3.0694
-0.43939,0.23564,-2.9059
-0.46183,0.34815,-2.7361
-0.4637,0.48975,-2.5575
-0.41322,0.57177,-2.3739
-0.34254,0.69255,-2.1855
-0.22999,0.77519,-1.9916
-0.10659,0.89817,-1.7957
-0.025441,1.0098,-1.5919
0.085992,1.0985,-1.3897
0.070661,1.2636,-1.179
0.071035,1.2898,-0.97011
0.070287,1.5334,-0.75579
-0.035164,1.4852,-0.53594
-0.028433,1.7323,-0.32579
-0.050495,1.7328,-0.087078
-0.036285,0.27391,0.024606
0.036259,-0.060932,-0.0026539
0.096463,0.19396,0.00234
0.19518,-0.008708,0.0022726
0.18883,0.10308,-0.0001944
0.20603,0.02119,0.0031536
0.22211,0.049488,-0.00038936
0.18135,0.043414,0.0032098
0.17985,0.016437,0.00076539
0.14545,0.047486,0.0021826
0.13386,0.011544,0.0022351
0.13311,0.034795,0.0020251
0.15592,0.016245,0.0028837
0.18022,0.017786,0.0023325
0.15816,0.016804,0.0030261
0.16788,0.01358,0.0032998
0.11067,0.015091,0.0036522
0.042242,0.011822,0.0038247
-0.0063704,0.016242,0.0045595
-0.039277,0.016778,0.0050769
-0.014597,0.019372,0.0059992
-0.0030049,0.01286,0.006929
0.056451,0.015316,0.0078738
0.097211,0.0059843,0.0085674
0.11553,0.0078588,0.0085412
0.15143,0.011619,0.0096959
0.13722,0.0024003,0.0094297
0.092349,0.015199,0.010374
0.041494,-0.0062187,0.010648
-0.0018831,0.021591,0.010686
-0.052739,-0.0060425,0.011889
-0.067696,0.01106,0.010558
-0.0576,0.013651,0.013325
-0.04526,-0.018864,0.010562
0.011579,0.044742,0.013801
0.058321,-0.059372,0.011964
0.061686,0.077212,0.012459
0.074774,-0.073142,0.015552
0.073652,0.060652,0.0082262
0.020179,-0.019614,0.022559
0.03738,-0.08337,-0.0046971
0.011953,2.3966,0.12805
0.060191,3.4923,0.51445
0.20266,2.8033,0.87043
0.16863,3.029,1.2019
0.34102,2.8614,1.5335
0.39075,2.8386,1.8313
0.27595,2.815,2.1241
0.46853,2.7543,2.3923
0.40234,2.8104,2.6547
0.34364,2.718,2.901
0.4891,2.7423,3.1326
0.44834,2.7133,3.3542
0.48386,2.7178,3.5638
0.58034,2.6916,3.7655
0.59904,2.644,3.9519
0.56164,2.5912,4.1239
0.57136,2.5112,4.2791
0.50555,2.4673,4.4194
0.37654,2.405,4.5465
0.33504,2.3352,4.6588
0.20341,2.267,4.7575
0.14956,2.198,4.8421
0.18995,2.1326,4.9129
0.21201,2.0576,4.9716
0.27259,1.9744,5.0168
0.33242,1.8947,5.0487
0.35224,1.8125,5.0683
0.31522,1.7298,5.0759
0.22472,1.6563,5.0733
0.068417,1.5874,5.0611
-0.069566,1.5127,5.0401
-0.2169,1.4389,5.0102
-0.36086,1.3649,4.9714
-0.40948,1.2814,4.924
-0.43004,1.1978,4.8675
-0.41022,1.1098,4.8019
-0.35974,1.0211,4.7279
-0.32908,0.9417,4.646
-0.36423,0.85679,4.5568
-0.39489,0.77233,4.4602
-0.38966,0.68915,4.3569
-0.46631,0.59407,4.2463
-0.47828,0.51702,4.1293
-0.4521,0.42289,4.0067
-0.46407,0.30826,3.8759
-0.42406,0.23607,3.7394
-0.37283,0.15797,3.5985
-0.33618,0.069256,3.4524
-0.34217,-0.0031145,3.3034
-0.34815,-0.086159,3.1507
-0.36759,-0.2001,2.9919
-0.41658,-0.30167,2.8258
-0.45024,-0.42008,2.6533
-0.47828,-0.53602,2.4726
-0.43079,-0.62438,2.2878
-0.34329,-0.74593,2.0975
-0.24382,-0.82041,1.9042
-0.13052,-0.96105,1.7062
-0.022076,-1.0292,1.503
0.054208,-1.1733,1.3001
0.016814,-1.2933,1.0878
0.02691,-1.3642,0.8814
0.0018563,-1.5709,0.66129
-0.087515,-1.4906,0.44902
-0.07854,-1.8906,0.2278
-0.093872,-1.3245,0.0078738
-0.0071182,0.030717,-0.039666
0.062434,-0.10216,-0.01317
0.099454,-0.1326,-0.024759
0.21051,-0.025189,-0.01822
0.17836,-0.11565,-0.020984
0.20042,-0.019232,-0.019997
0.21911,-0.085128,-0.019323
0.16938,-0.035075,-0.021242
0.17237,-0.054214,-0.018783
0.126,-0.050457,-0.021223
0.129,-0.031731,-0.01981
0.15442,-0.051994,-0.020747
0.16228,-0.032237,-0.020969
0.16676,-0.040335,-0.020646
0.15255,-0.032421,-0.021388
0.13685,-0.031547,-0.021242
0.069539,-0.035334,-0.021756
0.014944,-0.038082,-0.021921
-0.019832,-0.032758,-0.022172
-0.023198,-0.034899,-0.023143
-0.013101,-0.036091,-0.024324
-0.010858,-0.032132,-0.025051
0.050842,-0.030467,-0.026049
0.10693,-0.019711,-0.026289
0.12039,-0.033005,-0.026664
0.12787,-0.021327,-0.027406
0.13386,-0.022846,-0.026986
0.083375,-0.027071,-0.028493
0.0055957,-0.011096,-0.027904
-0.040025,-0.038719,-0.028984
-0.06807,0.0021528,-0.028902
-0.079288,-0.043068,-0.028857
-0.069566,-0.0047003,-0.030836
-0.04339,-0.025279,-0.028047
-0.002631,-0.032522,-0.032272
0.065426,0.021625,-0.027485
0.05346,-0.089027,-0.032932
0.068043,0.092485,-0.029145
0.0658,-0.16599,-0.030431
0.022049,0.19398,-0.035002
0.038876,-0.47649,-0.020635
-0.057226,-3.0593,-0.24919
0.084871,-3.2165,-0.65288
0.12189,-2.7959,-0.98786
0.15068,-3.0374,-1.3256
0.52836,-2.7943,-1.6441
0.47227,-2.8652,-1.9401
0.56351,-2.7671,-2.2252
0.70486,-2.7871,-2.4887
0.44684,-2.7872,-2.7481
0.51565,-2.7282,-2.9876
0.55155,-2.7486,-3.2168
0.48573,-2.7107,-3.4338
0.55528,-2.734,-3.6415
0.59193,-2.6769,-3.8387
0.58445,-2.6243,-4.0189
0.54968,-2.5684,-4.1849
0.57099,-2.5074,-4.3348
0.42216,-2.4607,-4.4715
0.32531,-2.3894,-4.5942
0.27558,-2.322,-4.7018
0.13049,-2.2526,-4.7954
0.15218,-2.181,-4.8753
0.17761,-2.1082,-4.9419
0.23145,-2.0346,-4.9956
0.2954,-1.9595,-5.0369
0.34551,-1.882,-5.0659
0.33877,-1.7996,-5.083
0.2494,-1.719,-5.0884
0.1705,-1.6468,-5.0831
0.019805,-1.5765,-5.0686
-0.11406,-1.5043,-5.0455
-0.26289,-1.4281,-5.0136
-0.36386,-1.3505,-4.9728
-0.40088,-1.2666,-4.9231
-0.42518,-1.1786,-4.8639
-0.38068,-1.0922,-4.7958
-0.34329,-1.0072,-4.7197
-0.32983,-0.92234,-4.6356
-0.37395,-0.83319,-4.544
-0.37545,-0.74918,-4.4451
-0.39826,-0.66402,-4.3393
-0.46482,-0.57954,-4.2272
-0.45248,-0.48869,-4.1088
-0.44425,-0.37993,-3.9823
-0.43079,-0.29787,-3.8488
-0.40013,-0.22829,-3.712
-0.32758,-0.13611,-3.57
-0.29206,-0.047139,-3.4227
-0.31823,0.023091,-3.2721
-0.32684,0.11773,-3.1173
-0.37694,0.23407,-2.9557
-0.4192,0.32944,-2.7879
-0.41695,0.46751,-2.6119
-0.39826,0.56232,-2.4284
-0.36236,0.66621,-2.2418
-0.26738,0.76954,-2.0486
-0.14622,0.85544,-1.854
-0.085645,0.99377,-1.6516
0.017562,1.0577,-1.4482
0.066548,1.2475,-1.2406
0.047477,1.2828,-1.0288
0.060565,1.4584,-0.82009
-0.013849,1.5377,-0.59709
-0.040025,1.5891,-0.39008
-0.035538,1.9079,-0.1534
-0.03292,0.70138,0.014724
0.048225,-0.14773,0.0066666
0.083001,0.19714,-0.0022189
0.16938,0.021389,0.0052381
0.22285,0.065785,-0.0013829
0.19294,0.054257,0.0039259
0.22921,0.024265,3.8049e-05
0.2064,0.066043,0.0029287
0.16826,0.0055569,0.0017027
0.17686,0.050939,0.0016764
0.13722,0.014521,0.0030899
0.11105,0.026656,0.0018789
0.14732,0.024789,0.0032886
0.17985,0.016871,0.0026887
0.17574,0.023455,0.003446
0.16788,0.011986,0.003566
0.13573,0.019166,0.003716
0.075522,0.01208,0.0041809
0.014944,0.012901,0.0043009
-0.032546,0.011953,0.004702
-0.015345,0.0098008,0.0048895
-1.3407e-05,0.011113,0.0053881
0.011205,0.0090548,0.0056543
0.083749,0.0065242,0.005688
0.1275,0.0024603,0.0056056
0.1174,0.0024228,0.0054406
0.11927,0.0009869,0.0054968
0.11666,-0.0013375,0.0054144
0.063556,0.0010094,0.0053656
-0.0074922,-0.0019936,0.0051257
-0.065827,-0.003122,0.0048857
-0.089011,0.00047704,0.0050507
-0.091254,-0.00025777,0.0050807
-0.077045,0.00026334,0.0051669
-0.018336,-0.0031333,0.0050507
0.028406,-0.0039843,0.0049195
0.045233,-0.0015662,0.0049195
