0.023171,-0.0067248,0.00066041
0.031771,-0.0080295,0.00056293
0.034015,-0.00031775,0.00099784
0.036633,0.0012081,0.0015377
0.04112,-0.0039168,0.0018302
0.032519,0.0015792,0.0021338
0.037006,-0.0050902,0.002445
0.048225,-0.001105,0.0026062
0.031397,0.00064949,0.0031274
0.023171,-0.0080857,0.0028912
0.011579,0.0059618,0.0035885
0.0085872,-0.018309,0.0032548
0.019805,0.012778,0.0035135
0.0089611,-0.014245,0.0038397
0.02691,-0.00026152,0.0031461
0.029902,0.0085412,0.004747
0.0070914,-0.033444,0.002685
0.034389,0.043471,0.0052081
0.048225,-0.070087,0.0029324
0.020553,0.069054,0.0044883
0.040746,-0.076168,0.0042146
0.038876,0.042492,0.0014927
0.011579,-0.0014162,0.0085899
0.022423,-0.12068,-0.0077115
0.015692,2.4933,0.093227
0.078514,3.7214,0.32394
0.14694,2.8575,0.52412
0.25501,3.0122,0.71416
0.30437,2.8219,0.8854
0.22622,2.7972,1.031
0.27857,2.718,1.167
0.22958,2.5112,1.2798
0.20752,2.4979,1.3811
0.21949,2.3218,1.4674
0.03738,2.2629,1.5437
0.032145,2.1476,1.6073
0.11666,2.059,1.6596
0.16377,1.952,1.7036
0.15741,1.8312,1.7368
0.126,1.7298,1.7622
0.13498,1.5929,1.7772
0.057199,1.4833,1.783
0.040372,1.3764,1.7804
-0.025441,1.2766,1.7681
-0.054608,1.163,1.7468
-0.037781,1.0465,1.7171
-0.14211,0.93786,1.6795
-0.13613,0.82534,1.6344
-0.1208,0.70748,1.5817
-0.083776,0.60099,1.5207
-0.091254,0.4834,1.4531
-0.16791,0.35642,1.3788
-0.23148,0.26486,1.298
-0.31898,0.15195,1.2115
-0.33282,0.069613,1.122
-0.40349,-0.072906,1.0286
-0.3818,-0.202,0.92613
-0.30739,-0.32407,0.82067
-0.30365,-0.49929,0.70324
-0.21278,-0.56753,0.58363
-0.15819,-0.77777,0.45652
-0.08415,-0.78711,0.32658
-0.012727,-1.0585,0.19747
-0.013849,-1.0857,0.045452
0.022423,-0.11985,-0.016567
0.021675,0.040419,0.0032211
0.020927,-0.11159,-0.0018965
0.051216,0.014228,-0.00047934
0.047477,-0.065108,0.00018052
0.076644,-0.0048691,-0.0012554
0.10693,-0.032229,0.00068665
0.13012,-0.021237,-0.0013754
0.19182,-0.017436,0.00032299
0.20191,-0.030797,-0.0010979
0.15667,-0.005214,-0.00071928
0.14134,-0.026718,-0.0008505
0.14919,-0.010399,-0.0011392
0.12488,-0.015438,-0.00099672
0.12376,-0.012716,-0.0015029
0.15181,-0.01179,-0.0011729
0.14171,-0.013379,-0.0015516
0.17349,-0.0098702,-0.0015891
0.18284,-0.015363,-0.0020202
0.1548,-0.0094428,-0.0022264
0.17237,-0.010972,-0.0024252
0.15779,-0.011996,-0.0028338
0.11778,-0.007752,-0.0028076
0.066174,-0.0074896,-0.0027476
0.011579,-0.0068635,-0.0025189
-0.03479,-0.0082619,-0.0027288
-0.069192,-0.0086968,-0.0026876
-0.068444,-0.0069985,-0.0026614
-0.074053,-0.0062412,-0.0028188
-0.068818,-0.0050265,-0.0025226
-0.050869,-0.0056301,-0.0025376
-0.057226,-0.0052627,-0.0024401
-0.050121,-0.0038756,-0.0023877
-0.032546,-0.0034407,-0.0024177
-0.049747,-0.0049028,-0.0023502
-0.051243,-0.0087793,-0.0024327
-0.037781,-0.0053077,-0.0023502
-0.048625,-0.0037781,-0.0024177
-0.039277,-0.0062937,-0.0024626
-0.036659,-0.0031145,-0.002204
-0.024693,-0.0024097,-0.0021627
0.013822,-0.0018211,-0.0023502
0.046355,-0.0010563,-0.0024177
0.058695,-0.0020873,-0.0022189
0.060191,-0.004929,-0.0021215
0.06206,-0.0076808,-0.0027326
0.044485,-0.0037406,-0.0033924
0.056451,-0.0072272,-0.0036811
0.066548,-0.0089405,-0.0042135
0.097958,-0.001255,-0.0042847
0.13685,-0.0093004,-0.0046672
0.1462,-1.4085e-05,-0.0048134
0.19256,-0.007006,-0.0047571
0.15629,-0.0045429,-0.0058181
0.13685,0.00073572,-0.0050083
0.15816,-0.016791,-0.0061518
0.090854,0.012751,-0.0053345
0.085618,-0.025237,-0.0057507
0.049346,0.017756,-0.0066805
0.0082132,-0.01714,-0.0047834
0.024293,-0.0054539,-0.0077002
-0.013101,0.014082,-0.0037374
0.013074,-0.046903,-0.0084913
0.014196,0.079506,-0.0036061
-0.008614,-0.12956,-0.007389
0.013074,0.19815,-0.0058631
-0.015345,-0.55708,-0.0048509
-0.028433,-2.4876,-0.19482
-0.0037528,-2.3959,-0.47379
-0.00038735,-2.0929,-0.69144
0.011579,-2.167,-0.90982
0.15704,-1.9667,-1.0993
0.2408,-2.0285,-1.2693
0.27707,-1.9036,-1.4231
0.37542,-1.8619,-1.5517
0.29989,-1.7989,-1.6675
0.26025,-1.7385,-1.7658
0.26773,-1.6988,-1.8535
0.23482,-1.6157,-1.9252
0.24454,-1.5845,-1.9856
0.21874,-1.5152,-2.0341
0.22248,-1.4677,-2.0699
0.215,-1.397,-2.0955
0.19855,-1.3102,-2.1083
0.17312,-1.2295,-2.1104
0.08861,-1.15,-2.1017
0.068043,-1.0713,-2.0834
0.058695,-0.9726,-2.0558
-0.037407,-0.88752,-2.0187
-0.095742,-0.8039,-1.9744
-0.099481,-0.70103,-1.9213
-0.096863,-0.60372,-1.8601
-0.088263,-0.49645,-1.7914
-0.096863,-0.40973,-1.715
-0.11033,-0.30615,-1.6336
-0.1537,-0.19255,-1.5437
-0.2341,-0.12392,-1.4504
-0.26925,0.0023028,-1.3534
-0.31562,0.10154,-1.2502
-0.38928,0.24296,-1.1417
-0.3762,0.36664,-1.0237
-0.38218,0.50326,-0.90101
-0.39078,0.64888,-0.76757
-0.32609,0.71276,-0.63518
-0.26551,0.9276,-0.49219
-0.20007,0.92204,-0.34754
-0.11668,1.2348,-0.19908
-0.057974,1.0688,-0.036509
-0.024319,0.016557,0.014525
-0.00824,-0.013128,-0.0067404
-0.016467,0.10005,0.00077289
0.033267,-0.02042,-0.0026389
0.04972,0.066535,-0.0019977
0.050468,-0.0032945,-0.0011542
0.13161,0.036704,-0.0025526
0.15031,0.0096471,-0.00068554
0.17836,0.0097371,-0.0025339
0.21313,0.0226,-0.00075677
0.20416,0.0013243,-0.0013266
0.2408,0.018525,-0.0010267
0.24791,0.0028014,-0.000888
0.23071,0.0066779,-0.0010342
0.22435,0.0023515,-0.00056557
0.21537,0.006393,-0.00052433
0.21986,0.0048559,-3.3185e-05
0.24342,-0.00030276,-0.00016441
0.26174,0.0075102,0.00022551
0.24866,0.0049309,0.00038297
0.25389,0.0042748,0.00044296
0.22173,0.0049459,0.0010091
0.13423,0.00014712,0.0011253
0.074774,0.00049578,0.0010353
0.011953,-0.00011906,0.0012453
-0.069192,7.5891e-05,0.0012528
-0.13164,0.00033832,0.00096409
-0.14884,-0.0057313,0.00089286
-0.17277,-0.0010413,0.00088161
-0.1911,-0.0036281,0.00087411
-0.17053,-0.01005,0.00089661
-0.16716,-0.0029608,0.0007279
-0.15669,-0.0001453,0.00097909
-0.13987,0.0037762,0.0019689
-0.15221,0.00066074,0.0025013
-0.16567,0.00093441,0.0026925
-0.15034,0.0020366,0.0034985
-0.15183,-5.9073e-05,0.0038097
-0.14099,0.0040049,0.0044133
-0.096863,-0.004228,0.0043796
-0.076671,0.0090585,0.0052981
-0.023945,-0.010249,0.005793
0.035885,0.0057594,0.0050957
0.066922,-0.0018923,0.0068278
0.10245,-0.0086181,0.0053544
0.10805,0.016024,0.0077126
0.10843,-0.03422,0.0060667
0.11666,0.042871,0.0072814
0.12787,-0.050127,0.0076901
0.18322,0.04019,0.0050732
0.21126,-0.026171,0.011233
0.23557,-0.019674,0.0019126
0.27483,0.090877,0.015503
0.2681,-0.25943,-0.0053383
0.24791,1.6951,0.063616
0.30736,3.3953,0.39514
0.37093,2.7728,0.74172
0.25576,2.8119,1.0376
0.32045,2.7897,1.3395
0.42478,2.7302,1.6078
0.32643,2.7929,1.8682
0.43899,2.7095,2.105
0.48274,2.7691,2.327
0.50854,2.7066,2.5316
0.68168,2.7419,2.7167
0.6727,2.7159,2.8883
0.63306,2.6835,3.0399
0.63568,2.6465,3.1779
0.57548,2.5719,3.299
0.47339,2.5206,3.4056
0.42553,2.4309,3.497
0.31372,2.3526,3.5745
0.15517,2.2485,3.6401
0.025788,2.1391,3.6926
-0.20231,2.0342,3.7345
-0.31001,1.9233,3.7643
-0.34441,1.8456,3.7828
-0.33357,1.7768,3.7933
-0.26364,1.6867,3.7954
-0.2599,1.595,3.7876
-0.1997,1.5054,3.7704
-0.17801,1.4024,3.7436
-0.14211,1.2982,3.7074
-0.10958,1.208,3.6622
-0.19371,1.1099,3.6088
-0.23933,1.0085,3.5478
-0.30889,0.91709,3.4781
-0.41583,0.82289,3.4013
-0.50184,0.72494,3.3175
-0.57251,0.62789,3.2263
-0.54035,0.52512,3.1281
-0.46893,0.42777,3.0225
-0.46183,0.34068,2.9115
-0.48389,0.23403,2.7947
-0.46519,0.14315,2.6719
-0.44949,0.070122,2.5458
-0.42929,-0.0016749,2.4179
-0.3489,-0.12251,2.286
-0.26177,-0.26495,2.1425
-0.17165,-0.38729,1.9909
-0.11706,-0.51186,1.8314
-0.080036,-0.58312,1.6694
-0.048251,-0.73524,1.5027
-0.027685,-0.82067,1.329
0.03065,-0.96645,1.1533
0.029528,-1.0727,0.96873
-0.017215,-1.1562,0.78945
-0.028807,-1.3506,0.59595
-0.0662,-1.2989,0.40946
-0.062087,-1.7028,0.20987
0.040746,-1.1469,0.014146
0.16302,0.060847,-0.022329
0.24679,-0.094995,0.00025175
0.31634,-0.10216,-0.010527
0.34887,-0.01943,-0.0044759
0.26997,-0.094617,-0.007794
0.22958,-0.0091054,-0.0065567
0.19892,-0.071511,-0.006628
0.066922,-0.023044,-0.0082026
0.048972,-0.048777,-0.0065305
0.01644,-0.043188,-0.0083901
-0.080784,-0.022456,-0.0071491
-0.0576,-0.036319,-0.0081576
-0.051617,-0.025534,-0.0079439
-0.046756,-0.032957,-0.0083863
-0.0041267,-0.021031,-0.0088437
-0.0045007,-0.024728,-0.0087762
-0.043016,-0.02192,-0.0093686
-0.072183,-0.019033,-0.0094248
-0.084897,-0.01964,-0.0098148
-0.085271,-0.019996,-0.009976
-0.035538,-0.019775,-0.010351
-0.00076128,-0.015479,-0.010707
0.026536,-0.014913,-0.010872
0.056451,-0.01555,-0.010782
0.035511,-0.013308,-0.01058
0.0085872,-0.012071,-0.010591
-0.0074922,-0.011171,-0.01055
-0.03479,-0.011846,-0.010377
-0.06807,-0.018335,-0.010981
-0.053487,-0.016555,-0.011843
-0.040773,-0.014504,-0.012061
-0.016093,-0.017529,-0.012945
0.055703,-0.0096828,-0.013421
0.11553,-0.018182,-0.013665
0.20453,-0.01143,-0.014535
0.24641,-0.0063462,-0.014243
0.22921,-0.018186,-0.01554
0.20528,0.0027377,-0.015015
0.14807,-0.024293,-0.015656
0.089732,0.0053957,-0.016548
0.050094,-0.023775,-0.015326
0.013074,-0.0091354,-0.018089
-0.016093,0.0062168,-0.015112
-0.013849,-0.041726,-0.018648
-0.026189,0.046691,-0.015693
-0.03292,-0.080475,-0.017568
-0.02058,0.079094,-0.01858
-0.024693,-0.10106,-0.013815
-0.0089879,0.067547,-0.025096
0.012327,-0.070762,-0.00090674
-0.0089879,-2.5192,-0.15523
0.028406,-3.2801,-0.52743
0.036259,-2.613,-0.85268
0.011579,-2.7572,-1.1575
0.25314,-2.5715,-1.4545
0.3986,-2.5957,-1.7259
0.41094,-2.5257,-1.9909
0.54556,-2.4519,-2.23
0.43488,-2.445,-2.4597
0.34887,-2.349,-2.6692
0.40459,-2.3565,-2.8655
0.31783,-2.2708,-3.0472
0.33765,-2.2259,-3.21
0.40683,-2.1612,-3.358
0.3986,-2.1002,-3.4886
0.38178,-2.0462,-3.6055
0.38888,-1.9713,-3.7068
0.3384,-1.9141,-3.7941
0.20341,-1.8304,-3.8668
0.17536,-1.7514,-3.9249
0.077766,-1.6759,-3.9704
0.009709,-1.5998,-4.0034
0.053086,-1.5379,-4.026
-0.034042,-1.4735,-4.0387
-0.024693,-1.3979,-4.0414
0.072157,-1.3174,-4.0337
0.10058,-1.2367,-4.0156
0.062434,-1.1517,-3.9878
-0.04713,-1.0664,-3.9502
-0.14136,-0.98571,-3.9029
-0.19072,-0.90215,-3.8465
-0.23559,-0.81612,-3.7817
-0.31936,-0.73578,-3.7084
-0.33618,-0.65387,-3.6274
-0.31637,-0.567,-3.5391
-0.30926,-0.48091,-3.4433
-0.24756,-0.38597,-3.3401
-0.22999,-0.29891,-3.2295
-0.21952,-0.22455,-3.1135
-0.20979,-0.13995,-2.9923
-0.26364,-0.06603,-2.8665
-0.27523,0.029401,-2.7362
-0.25093,0.13557,-2.5982
-0.23709,0.22798,-2.4546
-0.18848,0.34131,-2.3046
-0.15445,0.4417,-2.1487
-0.17165,0.5819,-1.985
-0.1709,0.6648,-1.8141
-0.14099,0.7842,-1.6407
-0.11818,0.89146,-1.4585
-0.10546,0.97649,-1.2768
-0.096863,1.1436,-1.086
-0.060591,1.1732,-0.89661
-0.017215,1.3889,-0.7014
-0.017962,1.3525,-0.50096
0.051216,1.6138,-0.30588
0.16564,1.5901,-0.082732
0.23781,0.22246,0.017378
0.30961,-0.055503,-0.008735
0.30138,0.17449,-0.0031262
0.28642,-0.011632,-0.0036436
0.23519,0.093677,-0.0053008
0.14096,0.015627,-0.0024664
0.14694,0.047411,-0.0052933
0.090854,0.036595,-0.001934
0.064304,0.013749,-0.0042023
0.080009,0.039943,-0.0024701
0.019057,0.0080725,-0.0028151
0.061686,0.030282,-0.0027213
0.11703,0.011274,-0.0020577
0.10282,0.01866,-0.0025189
0.089732,0.014408,-0.0014579
0.070287,0.0095196,-0.0017278
0.017562,0.016275,-0.0011842
-0.055356,0.0065167,-0.00089174
-0.083402,0.010423,-0.00076802
-0.091254,0.011484,-0.00021315
-0.050495,0.0077201,7.1791e-05
-0.011605,0.0094484,0.00042796
-0.046756,0.0096771,0.00084412
-0.067322,0.011627,0.0013765
-0.1006,0.0093397,0.0020738
-0.15071,0.0079263,0.0025725
-0.14585,0.0085412,0.0033861
-0.13613,0.0041811,0.0036335
-0.11519,0.012871,0.0043721
-0.09275,0.00087443,0.0047882
-0.093498,0.012039,0.0050282
-0.058348,0.0017105,0.0061979
-0.0048746,0.0028389,0.0053094
0.058695,0.014989,0.0074689
0.11366,-0.01609,0.0063217
0.15442,0.029963,0.0075326
0.1533,-0.031558,0.0079413
0.087488,0.033555,0.0067453
0.050468,-0.016199,0.010292
0.034015,-0.0009101,0.0053844
0.032519,0.039212,0.01241
0.073652,-0.087527,0.0041659
0.11067,0.15288,0.013333
0.13722,-0.30236,0.0045146
0.13947,1.0548,0.022878
0.18883,3.3824,0.31654
0.29241,3.0277,0.7042
0.25987,2.8244,1.0272
0.27707,2.916,1.3651
0.4001,2.7019,1.6709
0.32681,2.7709,1.9634
0.28268,2.6345,2.24
0.3485,2.6642,2.4992
0.31896,2.611,2.7491
0.38178,2.6095,2.9819
0.45657,2.6155,3.2088
0.40347,2.5502,3.4198
0.51041,2.5271,3.6174
0.52425,2.4733,3.799
0.35485,2.4442,3.9662
0.3728,2.3854,4.1197
0.24342,2.327,4.2559
0.072531,2.2575,4.3773
0.13498,2.1969,4.4832
0.11778,2.1405,4.575
0.078514,2.0665,4.6529
0.05346,2.0038,4.7172
0.10843,1.9257,4.7686
0.16863,1.8497,4.8067
0.10992,1.7807,4.832
0.17836,1.7019,4.8452
0.14171,1.6324,4.8475
0.0067175,1.566,4.8404
-0.12154,1.4956,4.8241
-0.32721,1.4221,4.7984
-0.31823,1.3441,4.7628
-0.33469,1.2671,4.7181
-0.31637,1.1824,4.6642
-0.20755,1.0966,4.6009
-0.28159,1.0115,4.5296
-0.21839,0.91867,4.4502
-0.19596,0.83599,4.3628
-0.20942,0.75365,4.2677
-0.22961,0.66085,4.166
-0.32123,0.57576,4.0576
-0.17502,0.48757,3.9415
-0.085271,0.40106,3.8195
-0.13164,0.32482,3.6926
-0.16978,0.22849,3.56
-0.081158,0.12307,3.4203
-0.0011352,0.045604,3.2744
-0.075549,-0.011351,3.1276
-0.068818,-0.11807,2.9776
-0.19521,-0.23559,2.8183
-0.34329,-0.33769,2.653
-0.37171,-0.4634,2.4801
-0.41733,-0.54982,2.3022
-0.35451,-0.67656,2.1194
-0.25055,-0.76298,1.9308
-0.12528,-0.88927,1.7396
-0.05573,-0.99386,1.5405
-0.033668,-1.0824,1.3431
0.014196,-1.2548,1.1362
0.019431,-1.2801,0.93169
0.046355,-1.5077,0.72127
-0.0074922,-1.4608,0.50598
-0.050495,-1.7236,0.29835
-0.035911,-1.6692,0.063545
-0.044886,-0.23845,-0.039842
0.0011084,0.026413,-0.012083
0.0078393,-0.20131,-0.018412
0.046729,-0.0053527,-0.017711
0.061312,-0.11862,-0.01614
0.045981,-0.031622,-0.018899
0.0744,-0.066147,-0.015746
0.029902,-0.056883,-0.019191
0.016814,-0.034662,-0.016803
0.027658,-0.059286,-0.018479
0.050468,-0.025459,-0.018254
0.098706,-0.048241,-0.018393
0.13086,-0.029425,-0.018981
0.16265,-0.035079,-0.018637
0.1978,-0.030955,-0.019353
0.17462,-0.028162,-0.019188
0.085618,-0.030164,-0.019866
0.061686,-0.024923,-0.019997
0.0052217,-0.02884,-0.02044
-0.040025,-0.02463,-0.020826
-0.026189,-0.025766,-0.020995
-0.048251,-0.028158,-0.02173
-0.012727,-0.027689,-0.022772
0.019431,-0.021271,-0.023136
0.032145,-0.024758,-0.0236
0.066174,-0.023026,-0.024343
0.08674,-0.020844,-0.024335
0.085618,-0.022819,-0.02555
0.048599,-0.012558,-0.025535
0.011953,-0.028548,-0.026315
-0.017215,-0.0062524,-0.026817
-0.04526,-0.026913,-0.026334
-0.05947,-0.013675,-0.028114
-0.039277,-0.011014,-0.026604
-0.0074922,-0.034093,-0.029254
-0.0063704,0.016785,-0.02708
-0.010484,-0.061172,-0.029142
-0.012727,0.038698,-0.029153
-0.041147,-0.06729,-0.026978
-0.02058,0.021974,-0.032696
0.0070914,-0.016,-0.023121
-0.017589,-0.078488,-0.038275
0.032893,0.21546,-0.014224
0.014944,-1.9383,-0.10168
0.044111,-3.4901,-0.46376
0.14507,-2.806,-0.8296
0.090106,-2.9173,-1.1531
0.27109,-2.8238,-1.4854
0.44983,-2.7305,-1.7828
0.39075,-2.7461,-2.0745
0.50106,-2.6345,-2.343
0.47676,-2.6725,-2.6006
0.31746,-2.5974,-2.8437
0.36794,-2.6386,-3.0744
0.347,-2.6,-3.2975
0.36682,-2.57,-3.5042
0.51677,-2.5293,-3.6993
0.49396,-2.4518,-3.8758
0.48498,-2.4197,-4.0375
0.42067,-2.3553,-4.1851
0.32793,-2.3033,-4.3179
0.20117,-2.234,-4.4366
-0.22999,-2.1593,-4.5397
-0.32384,-2.09,-4.628
-0.050121,-2.0207,-4.7018
0.029154,-1.9615,-4.763
0.15368,-1.8895,-4.8121
0.2939,-1.8041,-4.8475
0.20191,-1.7242,-4.8694
0.16901,-1.6571,-4.8798
0.30512,-1.5957,-4.8801
0.258,-1.5328,-4.871
0.13872,-1.4606,-4.8526
0.047851,-1.3814,-4.8238
-0.26065,-1.3084,-4.7854
-0.40985,-1.229,-4.7377
-0.36049,-1.1461,-4.6803
-0.28832,-1.0668,-4.6141
-0.048999,-0.98209,-4.5391
0.031397,-0.89998,-4.4561
-0.028059,-0.81643,-4.3653
-0.17427,-0.73751,-4.2673
-0.31375,-0.65138,-4.1624
-0.28009,-0.56448,-4.0499
-0.28757,-0.48729,-3.932
-0.22475,-0.39018,-3.8083
-0.11967,-0.29728,-3.6768
-0.053113,-0.20732,-3.5392
-0.088637,-0.1219,-3.3967
-0.080784,-0.056598,-3.2508
0.015318,0.030315,-3.103
-0.03479,0.15005,-2.9482
-0.024693,0.25241,-2.7857
-0.086019,0.37401,-2.6173
-0.27635,0.4793,-2.4412
-0.3919,0.58131,-2.2617
-0.45024,0.70359,-2.075
-0.38405,0.77829,-1.8854
-0.20306,0.9357,-1.6899
-0.013101,0.99712,-1.4899
0.12189,1.15,-1.2897
0.18247,1.246,-1.0801
0.13797,1.3436,-0.87674
0.07814,1.5341,-0.65856
0.025788,1.4696,-0.45077
-0.033294,1.8836,-0.22744
-0.021702,1.1494,-0.020177
-0.010484,-0.099078,0.0096622
-0.03105,0.12921,-0.01257
-0.029928,0.093955,-0.00067804
0.015692,0.027316,-0.0077302
0.076644,0.092388,-0.0035462
0.19518,0.0049234,-0.005252
0.28007,0.072698,-0.0047759
0.22659,0.011672,-0.0034674
0.18621,0.042477,-0.0049408
0.078888,0.030094,-0.0028076
-0.038155,0.017947,-0.0039436
0.0078393,0.033247,-0.0027513
0.080009,0.010547,-0.00301
0.12862,0.017261,-0.0024776
0.20977,0.01277,-0.002129
0.21911,0.018307,-0.002069
0.1017,0.015102,-0.0012479
0.048972,0.012583,-0.0013679
0.034763,0.013062,-0.0006593
-0.014971,0.016275,0.00010178
-0.03292,0.018176,0.00099784
-0.065079,0.014108,0.0019951
-0.085271,0.015023,0.002685
-0.094246,0.0067529,0.0033186
-0.082654,0.01187,0.0037685
-0.011979,0.010449,0.0047283
0.049346,0.0046909,0.0045408
0.08674,0.016062,0.0055306
0.088984,-0.0064324,0.0055043
0.014196,0.020733,0.0059992
-0.076671,-0.0076246,0.0069328
-0.14174,0.013921,0.0057705
-0.17202,0.0087361,0.0086574
-0.12603,-0.014935,0.005733
-0.08228,0.043328,0.009426
-0.044138,-0.056242,0.0069365
0.0082132,0.079495,0.0084437
0.02878,-0.08193,0.010562
0.044111,0.07434,0.0037722
0.047477,-0.041752,0.017925
0.072905,-0.028128,-0.0093349
0.09908,2.5011,0.13636
0.18883,3.4912,0.5278
0.23033,2.8002,0.88061
0.17125,3.0123,1.2146
0.31709,2.8296,1.5471
0.37542,2.8142,1.8469
0.32456,2.776,2.1416
0.41992,2.7189,2.4122
0.39561,2.7703,2.6776
0.34214,2.6823,2.9266
0.38103,2.6946,3.1609
0.3283,2.6634,3.3847
0.32456,2.6739,3.5968
0.44796,2.6507,3.8003
0.41431,2.6004,3.9878
0.3571,2.5342,4.1598
0.32344,2.4775,4.3155
0.27147,2.4446,4.4575
0.31447,2.3851,4.5867
0.18509,2.3295,4.7015
0.094593,2.2543,4.8008
0.13797,2.1885,4.885
0.051216,2.1228,4.9551
-0.072931,2.0568,5.0123
-0.097985,1.992,5.0572
0.037754,1.9068,5.0887
0.14507,1.8374,5.1068
0.21799,1.7603,5.113
0.19593,1.6759,5.108
0.058321,1.6284,5.0936
0.0026042,1.573,5.0712
-0.087889,1.4921,5.0389
-0.11033,1.4165,4.9968
-0.12453,1.3432,4.946
-0.16679,1.2604,4.8861
-0.17539,1.1749,4.8169
-0.2528,1.0936,4.7394
-0.22662,1.0106,4.6541
-0.19708,0.92265,4.5612
-0.13575,0.83982,4.4607
-0.058722,0.75396,4.3536
-0.074053,0.66139,4.2395
-0.10995,0.58475,4.1197
-0.21989,0.48612,3.9943
-0.2083,0.38206,3.8607
-0.17801,0.30716,3.7221
-0.16716,0.21685,3.5795
-0.1006,0.12929,3.4315
-0.13538,0.057308,3.2802
-0.16529,-0.037111,3.1261
-0.20979,-0.16213,2.9646
-0.27374,-0.26211,2.7959
-0.32983,-0.38162,2.6217
-0.36236,-0.48887,2.4405
-0.31861,-0.58969,2.2562
-0.3388,-0.71163,2.0651
-0.36423,-0.7969,1.872
-0.30216,-0.94826,1.6725
-0.2341,-1.009,1.4694
-0.15183,-1.1754,1.2655
-0.071436,-1.263,1.0529
-0.0037528,-1.3812,0.84633
0.029154,-1.5444,0.62438
-0.015345,-1.5002,0.41518
-0.032172,-1.9137,0.18738
-0.018336,-1.0746,-0.014085
0.003726,0.099451,-0.03523
0.047851,-0.1635,-0.015675
0.09908,-0.091824,-0.027046
0.1432,-0.051263,-0.019563
0.12002,-0.1013,-0.024062
0.13909,-0.026583,-0.021748
0.14919,-0.091093,-0.022907
0.16265,-0.026516,-0.023503
0.24492,-0.060437,-0.021981
0.2236,-0.041628,-0.024028
0.21799,-0.036376,-0.022787
0.20191,-0.045182,-0.024024
0.15816,-0.029676,-0.023874
0.14807,-0.039997,-0.024238
0.093845,-0.030902,-0.024422
0.10693,-0.0356,-0.024508
0.11067,-0.02908,-0.025194
0.088236,-0.033853,-0.025441
0.054956,-0.035573,-0.026045
0.013448,-0.035236,-0.026727
0.019431,-0.033062,-0.027788
-0.0048746,-0.029425,-0.028681
0.028032,-0.03377,-0.029517
0.047477,-0.023682,-0.029809
0.0052217,-0.033013,-0.030439
-0.025067,-0.022178,-0.031163
-0.063957,-0.024746,-0.030964
-0.1006,-0.026628,-0.032317
-0.12603,-0.016517,-0.031466
-0.076671,-0.041129,-0.032951
-0.066574,0.0015755,-0.032718
-0.098733,-0.043656,-0.032808
-0.083028,-0.00017529,-0.034529
-0.1006,-0.031367,-0.031924
-0.11033,-0.024889,-0.036415
-0.081906,0.016789,-0.031372
-0.047877,-0.088513,-0.037401
-0.0045007,0.090221,-0.03276
0.0055957,-0.17203,-0.035268
0.022049,0.21658,-0.03772
0.048225,-0.56856,-0.027537
0.050468,-3.1353,-0.26961
0.17723,-3.2053,-0.67327
0.19518,-2.8175,-1.0071
0.20004,-3.0272,-1.3475
0.45021,-2.7888,-1.6659
0.43749,-2.8607,-1.9636
0.42852,-2.7544,-2.2496
0.57099,-2.7846,-2.5149
0.40122,-2.7757,-2.7759
0.38888,-2.7187,-3.0162
0.47676,-2.7357,-3.246
0.39561,-2.7045,-3.4636
0.51714,-2.7213,-3.6719
0.56089,-2.6723,-3.8685
0.4977,-2.6387,-4.0496
0.54294,-2.5763,-4.2165
0.47863,-2.5163,-4.3657
0.3657,-2.4781,-4.5015
0.27633,-2.4223,-4.624
0.172,-2.3649,-4.7324
0.13797,-2.2922,-4.8259
0.13049,-2.2274,-4.9043
0.12039,-2.1652,-4.9694
0.18135,-2.0992,-5.022
0.23183,-2.0303,-5.0617
0.22585,-1.954,-5.0884
0.22136,-1.8751,-5.1024
0.16602,-1.7999,-5.1039
0.018684,-1.7381,-5.0947
-0.083776,-1.6774,-5.0769
-0.13501,-1.6057,-5.0501
-0.20531,-1.5318,-5.0135
-0.20755,-1.457,-4.9674
-0.18436,-1.376,-4.9123
-0.17202,-1.2905,-4.8482
-0.15221,-1.2075,-4.7754
-0.13874,-1.1209,-4.6942
-0.14136,-1.0301,-4.605
-0.18436,-0.94354,-4.5083
-0.23036,-0.85944,-4.4048
-0.26663,-0.77326,-4.2947
-0.26214,-0.68847,-4.1788
-0.25878,-0.59542,-4.0572
-0.25691,-0.48481,-3.9274
-0.19857,-0.39456,-3.7907
-0.16118,-0.31763,-3.6504
-0.15707,-0.22509,-3.5056
-0.17614,-0.13655,-3.3564
-0.19745,-0.057501,-3.2042
-0.24083,0.054009,-3.0473
-0.31038,0.16876,-2.8828
-0.35638,0.27732,-2.7125
-0.37657,0.41018,-2.5346
-0.32796,0.50266,-2.3518
-0.28009,0.62634,-2.1644
-0.25055,0.71823,-1.972
-0.15221,0.85179,-1.7769
-0.075923,0.95262,-1.5744
-0.045634,1.0546,-1.3737
-0.03479,1.2244,-1.164
-0.041147,1.2604,-0.9574
-0.031424,1.5033,-0.74353
-0.054608,1.4525,-0.5265
-0.046756,1.7394,-0.31589
-0.010484,1.6345,-0.080408
0.029528,0.18822,0.017142
0.09908,-0.026752,-0.011318
0.14507,0.18464,-0.0038723
0.2165,-0.0055214,-0.0052783
0.21575,0.10835,-0.0063093
0.19556,0.017996,-0.0036286
0.21799,0.056783,-0.006598
0.14769,0.037877,-0.0030513
0.13685,0.023447,-0.0054957
0.14059,0.043879,-0.0036811
0.11366,0.0084024,-0.0037336
0.12413,0.036501,-0.0036924
0.12825,0.016868,-0.0029875
0.13423,0.022941,-0.0031787
0.082627,0.019702,-0.0024252
0.067669,0.015825,-0.0024664
0.018684,0.01755,-0.001949
-0.065827,0.014146,-0.0018065
-0.083402,0.013595,-0.0012779
-0.1107,0.014566,-0.00047934
-0.057974,0.020793,0.00052169
-0.011605,0.010217,0.001579
0.019805,0.013321,0.0022351
0.058695,0.012414,0.0030749
0.067295,0.0081175,0.0033298
0.088236,0.0095534,0.0041209
0.043363,0.0011744,0.0042334
-0.00076128,0.019743,0.0049345
-0.041894,-0.0028296,0.0055981
-0.074053,0.016309,0.0052831
-0.093498,0.0018454,0.0066853
-0.12453,-0.0045616,0.0053131
-0.10285,0.022701,0.0079413
-0.077045,-0.027611,0.0059205
-0.023198,0.050455,0.0080538
0.023545,-0.049089,0.0081887
0.023919,0.055134,0.0058755
0.025414,-0.032136,0.011915
0.037006,0.00057076,0.0022576
0.037006,0.078112,0.017472
0.022797,-0.2434,-0.006643
0.048599,1.9244,0.077919
0.14844,3.5641,0.44187
0.27857,2.8796,0.81303
0.25913,2.9936,1.1413
0.32943,2.919,1.4797
0.45918,2.8267,1.7815
0.32232,2.8533,2.0771
0.34139,2.7577,2.3498
0.34738,2.8417,2.6137
0.20266,2.7562,2.8649
0.32943,2.7674,3.0993
0.34887,2.7487,3.3237
0.35261,2.74,3.5346
0.53659,2.7418,3.7382
0.54519,2.6937,3.9273
0.54818,2.6493,4.1018
0.55342,2.5772,4.2592
0.47526,2.5359,4.4008
0.40496,2.4919,4.5301
0.3197,2.4282,4.6447
0.22435,2.3641,4.7451
0.17462,2.2983,4.8305
0.19817,2.2268,4.9014
0.20154,2.1659,4.9598
0.24305,2.0995,5.0052
0.30849,2.0193,5.0375
0.31896,1.944,5.0565
0.30026,1.8658,5.0627
0.19369,1.793,5.0577
0.038128,1.7318,5.0428
-0.087889,1.6703,5.0198
-0.18661,1.5975,4.9881
-0.26962,1.5191,4.9468
-0.313,1.4381,4.8963
-0.28869,1.3452,4.837
-0.24681,1.2586,4.7688
-0.21391,1.1823,4.6919
-0.17053,1.0963,4.6073
-0.16155,1.0103,4.5149
-0.17913,0.9229,4.4152
-0.22924,0.82222,4.3092
-0.28271,0.73084,4.1959
-0.29767,0.66042,4.0765
-0.33955,0.57054,3.9526
-0.33992,0.45789,3.8211
-0.31524,0.36977,3.683
-0.29692,0.28827,3.5411
-0.27561,0.19187,3.3941
-0.30739,0.1127,3.2437
-0.33768,0.030135,3.0914
-0.38255,-0.095966,2.9324
-0.44014,-0.20228,2.7659
-0.488,-0.32552,2.5935
-0.50296,-0.44023,2.4136
-0.45584,-0.5444,2.2303
-0.40798,-0.66646,2.0406
-0.31487,-0.75446,1.8492
-0.20904,-0.90375,1.6513
-0.12341,-0.96489,1.4505
-0.052739,-1.1335,1.2488
-0.046008,-1.2229,1.0388
-0.0071182,-1.3482,0.83467
-0.021702,-1.5085,0.61545
-0.089759,-1.4813,0.40861
-0.065827,-1.8943,0.1818
-0.02245,-1.0401,-0.016237
0.048225,0.10226,-0.034777
0.097958,-0.16361,-0.01578
0.14881,-0.088821,-0.026873
0.2236,-0.055533,-0.019338
0.215,-0.097421,-0.02423
0.25277,-0.024686,-0.021715
0.24716,-0.086061,-0.022599
0.18621,-0.025399,-0.023331
0.20864,-0.061063,-0.022086
0.14956,-0.041069,-0.024043
0.13049,-0.038333,-0.022727
0.1376,-0.045606,-0.023882
0.10319,-0.031292,-0.023672
0.11815,-0.041827,-0.024227
0.074026,-0.028923,-0.024635
0.028032,-0.034243,-0.02459
-0.035164,-0.032038,-0.024815
-0.064705,-0.033099,-0.025145
-0.069192,-0.033204,-0.025779
-0.091254,-0.032346,-0.026412
-0.049373,-0.035573,-0.027871
-0.041894,-0.030501,-0.028463
0.00036053,-0.0307,-0.029243
0.04972,-0.023528,-0.029805
0.061686,-0.027352,-0.02994
0.083375,-0.026936,-0.031073
0.053086,-0.024105,-0.030694
0.023171,-0.029031,-0.031766
-0.017589,-0.0089705,-0.031447
-0.0662,-0.03768,-0.032276
-0.088263,-0.0039281,-0.033026
-0.11182,-0.036391,-0.031762
-0.11706,-0.019202,-0.034529
-0.093872,-0.007887,-0.031601
-0.049373,-0.050716,-0.035639
0.0040999,0.036156,-0.032156
0.009335,-0.095576,-0.03493
0.035511,0.079352,-0.035238
0.050094,-0.12598,-0.031043
0.018684,0.087623,-0.042541
0.038876,-0.13581,-0.017373
0.010083,-2.7145,-0.19314
0.12675,-3.3875,-0.59344
0.17798,-2.8037,-0.93993
0.13199,-3.0617,-1.2752
0.44572,-2.8534,-1.6017
0.53434,-2.8872,-1.8983
0.50144,-2.8306,-2.1876
0.67382,-2.8128,-2.4528
0.53995,-2.8537,-2.7139
0.46292,-2.777,-2.9562
0.53285,-2.8067,-3.1858
0.43562,-2.7747,-3.4041
0.49919,-2.8025,-3.6118
0.58894,-2.767,-3.8107
0.54706,-2.7105,-3.9916
0.58071,-2.6668,-4.1578
0.55715,-2.6109,-4.3083
0.45582,-2.5761,-4.4453
0.41319,-2.5191,-4.5687
0.34326,-2.4597,-4.6774
0.25352,-2.3904,-4.7713
0.26137,-2.3226,-4.8501
0.27894,-2.2691,-4.9162
0.29764,-2.2046,-4.9701
0.36084,-2.1317,-5.011
0.39225,-2.0549,-5.0388
0.39636,-1.9699,-5.0533
0.36158,-1.8943,-5.0552
0.22771,-1.8275,-5.0468
0.089358,-1.76,-5.0297
-0.028433,-1.6891,-5.0033
-0.18885,-1.6111,-4.9674
-0.25803,-1.5331,-4.9224
-0.28346,-1.4537,-4.8686
-0.33506,-1.3658,-4.8062
-0.33618,-1.2771,-4.735
-0.30328,-1.1898,-4.6552
-0.27336,-1.0998,-4.5677
-0.30515,-1.0108,-4.4725
-0.33095,-0.92155,-4.3702
-0.33693,-0.8312,-4.2616
-0.36086,-0.7451,-4.1468
-0.39788,-0.65398,-4.0262
-0.4278,-0.54457,-3.8986
-0.40125,-0.44564,-3.7634
-0.40985,-0.37031,-3.6242
-0.39527,-0.278,-3.4815
-0.36797,-0.18117,-3.3332
-0.39639,-0.10745,-3.1822
-0.39489,-0.0010563,-3.0276
-0.43453,0.11856,-2.8648
-0.47678,0.23037,-2.6971
-0.48239,0.35666,-2.5216
-0.46818,0.45854,-2.3406
-0.40648,0.59211,-2.155
-0.33095,0.67322,-1.9638
-0.23522,0.81357,-1.7706
-0.16455,0.92533,-1.5695
-0.074801,1.0116,-1.3705
-0.0097358,1.1908,-1.163
0.0074654,1.2238,-0.95796
0.058695,1.4629,-0.74733
0.020553,1.4309,-0.53145
0.0048478,1.6962,-0.32368
0.033267,1.6644,-0.088476
0.05159,0.2378,0.017063
0.10544,-0.049516,-0.0104
0.14433,0.18735,-0.004296
0.23781,-0.0082432,-0.0048621
0.23183,0.10182,-0.0066617
0.22958,0.020789,-0.0033812
0.2954,0.053582,-0.0065492
0.2236,0.041034,-0.0030288
0.23445,0.017966,-0.0052933
0.22958,0.04596,-0.0035911
0.12451,0.012039,-0.0038011
0.12526,0.034657,-0.0036436
0.10918,0.016395,-0.0027626
0.085618,0.023001,-0.0031525
0.090854,0.018356,-0.0022639
0.036633,0.014817,-0.0023164
-0.0052485,0.017029,-0.001859
-0.017962,0.01352,-0.0020652
-0.03292,0.020519,-0.0018365
-0.040773,0.017876,-0.00075677
-0.04526,0.018457,0.00049545
-0.037033,0.016958,0.0012303
-0.0097358,0.017569,0.0021976
0.035137,0.0091148,0.0030224
0.046729,0.016313,0.0032698
0.048225,0.0074952,0.0040272
0.054956,0.0058944,0.003851
0.022797,0.016017,0.0051069
0.013822,-0.003062,0.0046008
-0.020206,0.02302,0.0054968
-0.073679,-0.012779,0.0058605
-0.075175,0.025592,0.0054406
-0.086019,-0.0071597,0.0077088
-0.069192,0.0016242,0.0047133
-0.025815,0.029828,0.0092872
0.0055957,-0.044324,0.0051407
0.016814,0.084447,0.0092123
0.037006,-0.10219,0.0074202
0.074026,0.13616,0.0056693
0.067295,-0.15609,0.014169
0.095341,0.27548,-0.0070141
0.11778,2.932,0.19478
0.20827,3.3879,0.59818
0.31709,2.8431,0.9397
0.2954,3.0912,1.2794
0.44722,2.8697,1.6046
0.5164,2.9089,1.9029
0.40982,2.845,2.1936
0.49545,2.8558,2.4599
0.46292,2.8791,2.7215
0.41618,2.8204,2.9652
0.52013,2.8457,3.1973
0.47526,2.8014,3.4158
0.51864,2.8232,3.623
0.60764,2.807,3.8222
0.56613,2.7798,4.007
0.60539,2.731,4.178
0.58595,2.6649,4.3313
0.50817,2.6239,4.4699
0.47115,2.5766,4.5961
0.40721,2.5177,4.7081
0.34588,2.4515,4.8052
0.33877,2.3802,4.8876
0.36271,2.3178,4.9562
0.36794,2.2613,5.0124
0.44684,2.177,5.0559
0.4719,2.109,5.0865
0.42889,2.0396,5.1047
0.42328,1.9506,5.1098
0.28081,1.8829,5.1036
0.10132,1.8107,5.0881
-0.047504,1.741,5.0632
-0.20306,1.6686,5.0296
-0.29767,1.5833,4.9874
-0.38667,1.5098,4.9359
-0.40349,1.4241,4.8757
-0.38405,1.3339,4.8068
-0.3732,1.2503,4.7299
-0.33506,1.1596,4.6449
-0.34927,1.0667,4.5527
-0.35301,0.97203,4.453
-0.36797,0.88993,4.3463
-0.41022,0.79744,4.2333
-0.43004,0.70571,4.1134
-0.45061,0.62421,3.9889
-0.45771,0.51124,3.8579
-0.46482,0.41119,3.7192
-0.44537,0.32781,3.5762
-0.44238,0.23605,3.4287
-0.47155,0.15871,3.278
-0.51717,0.076492,3.1255
-0.54634,-0.047593,2.9671
-0.56167,-0.15958,2.8011
-0.60467,-0.27492,2.6297
-0.58448,-0.39603,2.4509
-0.52465,-0.49834,2.2686
-0.44201,-0.6295,2.0799
-0.34553,-0.71258,1.8876
-0.25317,-0.86552,1.6911
-0.15146,-0.94321,1.489
-0.086019,-1.0804,1.2885
-0.0662,-1.2132,1.0785
-0.044886,-1.2811,0.87449
-0.040025,-1.5038,0.65813
-0.08228,-1.438,0.44777
-0.056104,-1.8344,0.23055
-0.0015092,-1.3583,0.010123
0.063556,-7.4069e-05,-0.043587
0.13797,-0.084805,-0.016754
0.20266,-0.14302,-0.028174
0.28904,-0.026583,-0.022476
0.27446,-0.11671,-0.024883
0.28194,-0.024053,-0.024609
0.29652,-0.090856,-0.023525
0.2423,-0.037924,-0.025801
0.24828,-0.051848,-0.023698
0.20117,-0.052661,-0.025947
0.15741,-0.032481,-0.024703
0.16377,-0.051353,-0.025434
0.13685,-0.035326,-0.025876
0.11815,-0.042873,-0.025824
0.061312,-0.031824,-0.026289
-1.3407e-05,-0.038996,-0.026367
-0.042642,-0.032001,-0.026945
-0.072557,-0.031967,-0.02708
-0.095368,-0.038389,-0.027642
-0.10023,-0.035585,-0.028568
-0.06807,-0.036256,-0.029742
-0.048251,-0.033763,-0.030641
0.0040999,-0.03118,-0.031496
0.043737,-0.028015,-0.031552
0.051964,-0.03356,-0.032107
0.048972,-0.019329,-0.032688
0.024293,-0.038711,-0.033011
-0.029555,-0.025211,-0.034038
-0.096116,-0.021129,-0.033037
-0.11257,-0.037782,-0.034934
-0.13575,-0.00063642,-0.033851
-0.14061,-0.050318,-0.035227
-0.11406,0.0075327,-0.035628
-0.082654,-0.051867,-0.034203
-0.017215,-0.0024509,-0.03805
0.016066,-0.013244,-0.032741
0.027658,-0.058259,-0.040067
0.0744,0.072113,-0.032092
0.072157,-0.18602,-0.0407
0.074026,0.28436,-0.033078
0.062434,-1.0107,-0.046946
0.056451,-3.3733,-0.34118
0.19593,-3.0761,-0.7403
0.19294,-2.9207,-1.0702
0.30063,-3.0565,-1.4133
0.58557,-2.8575,-1.7245
0.56987,-2.9502,-2.0213
0.66784,-2.8348,-2.3017
0.77067,-2.9052,-2.5649
0.58782,-2.876,-2.8215
0.60315,-2.8613,-3.0589
0.62596,-2.8593,-3.2866
0.53434,-2.8321,-3.4986
0.6383,-2.8685,-3.7032
0.68729,-2.831,-3.8973
0.63419,-2.8002,-4.0764
0.65064,-2.7364,-4.2402
0.61325,-2.6902,-4.3876
0.52986,-2.6544,-4.5223
0.46217,-2.5993,-4.643
0.38739,-2.5414,-4.7501
0.34812,-2.4672,-4.8419
0.35411,-2.4014,-4.9186
0.38103,-2.3419,-4.9827
0.43787,-2.2736,-5.0345
0.46442,-2.202,-5.0737
0.4618,-2.1239,-5.1005
0.46217,-2.0383,-5.1142
0.37093,-1.9581,-5.1157
0.2079,-1.886,-5.1065
0.059817,-1.8194,-5.0884
-0.1279,-1.7456,-5.0617
-0.31637,-1.6629,-5.0254
-0.40349,-1.5853,-4.9802
-0.45435,-1.503,-4.9262
-0.47566,-1.4136,-4.8632
-0.44425,-1.3265,-4.7922
-0.42817,-1.2364,-4.7127
-0.40574,-1.1473,-4.6257
-0.39414,-1.0557,-4.5311
-0.41359,-0.96412,-4.429
-0.43004,-0.87681,-4.3208
-0.45024,-0.78479,-4.2059
-0.45024,-0.69767,-4.0857
-0.44911,-0.59068,-3.9587
-0.48165,-0.48152,-3.8233
-0.48613,-0.40556,-3.6837
-0.4637,-0.31222,-3.5407
-0.46482,-0.21468,-3.3922
-0.47865,-0.14113,-3.2403
-0.51642,-0.039041,-3.0858
-0.55905,0.082138,-2.924
-0.59196,0.18982,-2.7559
-0.60654,0.32039,-2.5816
-0.55269,0.41528,-2.4009
-0.47005,0.54522,-2.216
-0.37096,0.65654,-2.0246
-0.24868,0.75649,-1.8319
-0.13987,0.89876,-1.6312
-0.047504,0.9677,-1.4307
-0.0093619,1.1602,-1.2253
0.00036053,1.1976,-1.0164
0.032519,1.3957,-0.80973
0.0089611,1.4717,-0.5898
-0.026937,1.5538,-0.38512
-0.0097358,1.8538,-0.15014
0.031023,0.63136,0.0087849
0.077766,-0.13969,-0.0025714
0.1361,0.19842,-0.0088625
0.26025,0.014438,-0.0021965
0.29091,0.071697,-0.0080901
0.28119,0.052663,-0.0027851
0.32681,0.026072,-0.0066655
0.26062,0.056918,-0.0035387
0.25239,0.0052308,-0.0046447
0.27034,0.04764,-0.004386
0.19817,0.011953,-0.0032837
0.172,0.029472,-0.0042135
0.15293,0.022994,-0.0028113
0.12077,0.017006,-0.0032125
0.081879,0.019601,-0.0024327
0.054582,0.011109,-0.0025376
0.0082132,0.016095,-0.0020915
-0.053487,0.0087623,-0.0016941
-0.080036,0.015668,-0.0014766
-0.10995,0.018296,-0.00049433
-0.071062,0.019604,0.00039047
-0.049747,0.014146,0.0015452
-0.03479,0.012013,0.0025125
0.056077,0.0064567,0.0031611
0.057573,0.0068841,0.0033636
0.047477,0.009276,0.0043083
0.049346,-0.00019779,0.0043608
0.0040999,0.017576,0.0052831
-0.046008,-0.0049703,0.0054818
-0.10621,0.015608,0.0053056
-0.138,0.0019391,0.0071202
-0.17165,0.0012643,0.0053356
-0.18923,0.016617,0.0081287
-0.1537,-0.025534,0.0058792
-0.096489,0.04644,0.0080538
-0.039277,-0.052395,0.00805
0.0055957,0.058729,0.0064454
0.049346,-0.053539,0.011567
0.073652,0.022922,0.00258
0.084123,0.045893,0.017753
0.091975,-0.20072,-0.0078389
0.084123,2.0634,0.091038
0.16602,3.5368,0.46403
0.32382,2.8939,0.83275
0.34027,3.0534,1.1642
0.42665,2.9499,1.5016
0.57922,2.8975,1.802
0.49284,2.9148,2.0973
0.53397,2.8409,2.3687
0.59193,2.9148,2.6315
0.4805,2.8474,2.8809
0.58857,2.8691,3.1143
0.60464,2.8254,3.3365
0.55678,2.835,3.5452
0.68803,2.847,3.7466
0.67756,2.8071,3.934
0.67083,2.7725,4.1091
0.68355,2.7028,4.2675
0.59717,2.6596,4.4092
0.54257,2.6139,4.5382
0.45507,2.5538,4.6534
0.36009,2.4936,4.7546
0.3283,2.4214,4.841
0.31522,2.3526,4.9127
0.31297,2.2938,4.9716
0.37093,2.216,5.0182
0.42702,2.1406,5.052
0.41543,2.066,5.0739
0.3743,1.979,5.0829
0.26361,1.8964,5.0794
0.084871,1.8308,5.0664
-0.076297,1.7683,5.045
-0.22737,1.6818,5.0145
-0.37545,1.605,4.9752
-0.4637,1.5295,4.9268
-0.49586,1.4369,4.8691
-0.49997,1.3513,4.803
-0.48539,1.2612,4.7285
-0.45547,1.1736,4.646
-0.45024,1.091,4.5559
-0.4278,0.99917,4.4587
-0.41396,0.90665,4.3546
-0.46033,0.81516,4.2442
-0.46407,0.7249,4.1268
-0.49399,0.63908,4.0042
-0.49847,0.53438,3.8761
-0.47791,0.43204,3.7401
-0.48725,0.34793,3.5987
-0.45323,0.25266,3.4536
-0.49324,0.1673,3.3037
-0.53101,0.094952,3.1519
-0.54073,-0.021196,2.9959
-0.5669,-0.13887,2.8317
-0.57999,-0.24699,2.6621
-0.58934,-0.3758,2.4853
-0.50633,-0.46984,2.3039
-0.44089,-0.60148,2.1173
-0.37956,-0.68984,1.926
-0.24793,-0.82603,1.732
-0.14996,-0.93394,1.5302
-0.05947,-1.0354,1.3308
-0.023572,-1.2017,1.1223
-1.3407e-05,-1.2395,0.91726
0.02691,-1.4801,0.70513
-0.033294,-1.4329,0.4903
-0.051243,-1.7303,0.28105
-0.016093,-1.6169,0.048042
0.037754,-0.18983,-0.046223
0.093845,0.0081887,-0.018059
0.15667,-0.19295,-0.025498
0.2337,-0.0074296,-0.02357
0.23258,-0.1244,-0.022828
0.2868,-0.035622,-0.025051
0.3126,-0.076171,-0.02218
0.25613,-0.056129,-0.025543
0.27184,-0.038291,-0.023106
0.23968,-0.063271,-0.024935
0.18995,-0.029133,-0.024437
0.15629,-0.053824,-0.024793
0.13311,-0.037069,-0.025408
0.11142,-0.040233,-0.025018
0.054956,-0.037021,-0.025722
0.029154,-0.032829,-0.025415
-0.039651,-0.037358,-0.026461
-0.071062,-0.036597,-0.026615
-0.078914,-0.033703,-0.02666
-0.11257,-0.033526,-0.027762
-0.057974,-0.03771,-0.028797
-0.035911,-0.034497,-0.029599
-0.0052485,-0.032061,-0.030585
0.037006,-0.0221,-0.031046
0.042989,-0.03446,-0.031414
0.059069,-0.024878,-0.032314
0.02878,-0.023832,-0.032122
-0.014597,-0.036586,-0.033397
-0.061339,-0.012063,-0.032868
-0.11406,-0.039124,-0.033761
-0.16492,-0.0063687,-0.034214
-0.17427,-0.042689,-0.033622
-0.17389,-0.010121,-0.035939
-0.15969,-0.016229,-0.032992
-0.10135,-0.04829,-0.037409
-0.056852,0.033423,-0.033228
-0.034042,-0.09663,-0.037127
0.0055957,0.084755,-0.035673
0.047851,-0.14644,-0.033528
0.062434,0.13275,-0.042687
0.07814,-0.25849,-0.020436
0.050842,-2.8699,-0.21815
0.17723,-3.3374,-0.62248
0.24641,-2.8285,-0.96518
0.23931,-3.1012,-1.3034
0.53472,-2.8786,-1.6279
0.60801,-2.9431,-1.9242
0.64092,-2.8729,-2.2127
0.82452,-2.8771,-2.4774
0.68168,-2.9125,-2.7379
0.6383,-2.8486,-2.9802
0.72057,-2.8804,-3.2102
0.61138,-2.8374,-3.4267
0.62932,-2.8727,-3.6325
0.71159,-2.8546,-3.8305
0.66821,-2.8112,-4.0133
0.67457,-2.7632,-4.1811
0.67569,-2.7063,-4.3319
0.57286,-2.6732,-4.4699
0.48573,-2.6171,-4.5947
0.42889,-2.5567,-4.7045
0.33653,-2.4914,-4.7999
0.30961,-2.423,-4.8814
0.3399,-2.3587,-4.9491
0.34401,-2.292,-5.0041
0.41207,-2.2204,-5.0464
0.44273,-2.1438,-5.0766
0.38514,-2.0618,-5.0945
0.33765,-1.9782,-5.0998
0.21724,-1.9005,-5.0942
0.046355,-1.8312,-5.0785
-0.13052,-1.7609,-5.0541
-0.31861,-1.6821,-5.0212
-0.43416,-1.6,-4.9791
-0.48875,-1.5171,-4.928
-0.51231,-1.4293,-4.868
-0.50894,-1.3423,-4.799
-0.47978,-1.255,-4.7222
-0.4723,-1.1632,-4.6376
-0.48838,-1.0707,-4.545
-0.47379,-0.98488,-4.4453
-0.49286,-0.89353,-4.3388
-0.46295,-0.79703,-4.2257
-0.44575,-0.71948,-4.1074
-0.48688,-0.61381,-3.983
-0.45622,-0.50218,-3.8506
-0.48688,-0.42133,-3.7125
-0.50333,-0.32761,-3.5705
-0.47118,-0.2337,-3.424
-0.48987,-0.15022,-3.2733
-0.51829,-0.062851,-3.1201
-0.54933,0.057691,-2.9607
-0.57251,0.16711,-2.7943
-0.58298,0.28674,-2.6224
-0.53213,0.40302,-2.4426
-0.45958,0.51863,-2.2591
-0.35862,0.63905,-2.0693
-0.24719,0.72757,-1.8773
-0.17614,0.88254,-1.6793
-0.089385,0.94653,-1.4779
-0.027685,1.1158,-1.2752
0.009335,1.1935,-1.065
0.052338,1.3264,-0.86052
0.051216,1.4926,-0.64096
0.0127,1.4599,-0.43454
0.017562,1.8849,-0.20827
0.038502,1.0185,-0.011153
0.073278,-0.1285,0.0066028
0.126,0.15222,-0.012154
0.19331,0.069226,-0.00082051
0.24342,0.034683,-0.0081764
0.22734,0.082112,-0.0031113
0.2666,0.0031876,-0.0058369
0.24791,0.065916,-0.0047384
0.22547,0.010442,-0.0036249
0.26623,0.041675,-0.0048209
0.21986,0.021145,-0.0028826
0.20042,0.019248,-0.0039923
0.16041,0.021434,-0.0026951
0.13124,0.0068541,-0.0030963
0.094219,0.022787,-0.0024776
0.031771,0.01355,-0.0022977
0.020179,0.01851,-0.0021852
-0.053113,0.013134,-0.0013791
-0.060965,0.012853,-0.0013641
-0.076297,0.01758,-0.00058431
-0.11257,0.018379,0.00068665
-0.055356,0.01442,0.0017889
-0.029181,0.015406,0.002385
0.015318,0.0099133,0.0034011
0.043363,0.005347,0.003566
0.052712,0.014438,0.0043083
0.043363,0.0018529,0.0045933
-0.025815,0.018828,0.0050019
-0.063209,-0.0038306,0.0058568
-0.094994,0.0095121,0.0052756
-0.1279,0.011627,0.0073002
-0.1466,-0.015681,0.0055456
-0.1623,0.03018,0.0078626
-0.15333,-0.033377,0.0069365
-0.12341,0.04163,0.0071802
-0.074053,-0.0384,0.0094147
-0.015719,0.026293,0.0053319
-0.00038735,0.0036375,0.01265
0.018684,-0.047503,0.0027487
0.048599,0.13523,0.016186
0.055329,-0.30755,-0.0014991
0.066922,1.51,0.047784
0.11404,3.5388,0.38532
0.28007,2.9803,0.77073
0.3212,2.9952,1.0994
0.36981,3.0045,1.441
0.55528,2.8754,1.7461
0.46741,2.9477,2.043
0.48648,2.8315,2.319
0.61586,2.9223,2.5823
0.50518,2.86,2.8355
0.59268,2.8624,3.0713
0.66261,2.8474,3.2966
0.56837,2.8436,3.5067
0.68355,2.8532,3.7103
0.7344,2.8219,3.9006
0.69476,2.7982,4.0785
0.69776,2.7215,4.2413
0.63045,2.6841,4.3866
0.55491,2.6158,4.5182
0.47526,2.5791,4.6359
0.39674,2.516,4.7406
0.33616,2.4226,4.8302
0.32643,2.3805,4.9051
0.33391,2.2838,4.9674
0.36869,2.2225,5.0165
0.43899,2.166,5.0534
0.41281,2.0678,5.0777
0.3642,1.9992,5.0891
0.25838,1.9129,5.089
0.068417,1.8355,5.0786
-0.090506,1.7772,5.0592
-0.27224,1.7043,5.0316
-0.42182,1.6132,4.9946
-0.50184,1.5305,4.9481
-0.5512,1.4547,4.8933
-0.53886,1.364,4.8294
-0.51941,1.2789,4.7569
-0.48239,1.1871,4.6765
-0.45397,1.1012,4.5888
-0.46669,1.011,4.4937
-0.45659,0.91448,4.3911
-0.48501,0.83019,4.2824
-0.50296,0.72912,4.1664
-0.51007,0.6419,4.0441
-0.53512,0.55026,3.9176
-0.50932,0.44655,3.7834
-0.50595,0.36416,3.6434
-0.49324,0.26798,3.4999
-0.46856,0.17532,3.3508
-0.51567,0.10681,3.1993
-0.54933,0.0047809,3.0451
-0.55082,-0.11864,2.883
-0.59607,-0.22447,2.7147
-0.57924,-0.36044,2.5397
-0.51044,-0.45405,2.3587
-0.4551,-0.57368,2.1736
-0.33244,-0.67887,1.9824
-0.21839,-0.78904,1.7898
-0.13089,-0.92755,1.5888
-0.039651,-0.99093,1.3887
-0.010858,-1.1825,1.1829
-0.023572,-1.2214,0.97476
-0.017962,-1.4241,0.76716
-0.052365,-1.4712,0.54754
-0.083776,-1.5898,0.34284
-0.046756,-1.8334,0.10729
0.00073447,-0.55791,-0.040715
0.071783,0.10743,-0.024556
0.14732,-0.21769,-0.021163
0.24492,-0.024585,-0.02624
0.27857,-0.098279,-0.020939
0.26847,-0.06137,-0.025891
0.29727,-0.049853,-0.021861
0.25464,-0.077484,-0.024988
0.23258,-0.026662,-0.023473
0.21762,-0.066165,-0.024054
0.16564,-0.031798,-0.02468
0.15816,-0.049962,-0.024017
0.11366,-0.041763,-0.025486
0.089358,-0.03581,-0.024568
0.069165,-0.03972,-0.025355
0.021301,-0.036826,-0.025752
-0.0078661,-0.037737,-0.025906
-0.09088,-0.026745,-0.026064
-0.11743,-0.034756,-0.026424
-0.11332,-0.036215,-0.027361
-0.11519,-0.034775,-0.028377
-0.070688,-0.037755,-0.029314
-0.038529,-0.036661,-0.030413
0.013822,-0.024548,-0.030859
0.052338,-0.027753,-0.030908
0.051964,-0.026456,-0.03204
0.027658,-0.019745,-0.031744
-0.031798,-0.032349,-0.032883
-0.083028,-0.013316,-0.032846
-0.11855,-0.041036,-0.033071
-0.14585,-0.013413,-0.034364
-0.1724,-0.028855,-0.032805
-0.17315,-0.02887,-0.035714
-0.11668,-0.002316,-0.03282
-0.08228,-0.060036,-0.036359
-0.025441,0.0373,-0.034413
0.02878,-0.092813,-0.034829
0.041494,0.058707,-0.037862
0.073652,-0.090017,-0.030743
0.054956,0.010116,-0.045072
0.0658,0.048112,-0.017369
0.029528,-2.4171,-0.15521
0.085245,-3.4649,-0.54724
0.19481,-2.8282,-0.90494
0.1877,-3.0859,-1.2387
0.45582,-2.92,-1.5716
0.61025,-2.9195,-1.8699
0.60203,-2.9044,-2.1624
0.80695,-2.8425,-2.4302
0.74786,-2.919,-2.6918
0.63007,-2.8566,-2.9379
0.72244,-2.8794,-3.1701
0.654,-2.8416,-3.3903
0.63306,-2.8616,-3.5974
0.74338,-2.8607,-3.7974
0.7273,-2.8236,-3.9838
0.71047,-2.7798,-4.1561
0.70897,-2.7124,-4.3114
0.60577,-2.6755,-4.4521
0.50406,-2.6256,-4.5799
0.43301,-2.5683,-4.6937
0.33317,-2.4978,-4.793
0.28829,-2.4262,-4.8771
0.30998,-2.3637,-4.9478
0.32045,-2.2948,-5.0059
0.37953,-2.2262,-5.0515
0.42067,-2.15,-5.0854
0.35635,-2.0635,-5.1063
0.32868,-1.9813,-5.1142
0.215,-1.9025,-5.1109
0.0040999,-1.8302,-5.0975
-0.14361,-1.7624,-5.0758
-0.32571,-1.6831,-5.0454
-0.45771,-1.597,-5.0053
-0.52689,-1.5195,-4.9562
-0.56616,-1.4357,-4.8986
-0.53923,-1.3439,-4.8325
-0.50296,-1.2581,-4.7581
-0.46108,-1.1647,-4.6752
-0.46519,-1.0704,-4.5846
-0.45809,-0.98433,-4.4867
-0.46295,-0.89347,-4.3818
-0.49436,-0.80201,-4.2708
-0.47641,-0.71694,-4.1534
-0.49212,-0.61937,-4.0306
-0.49212,-0.50796,-3.9004
-0.47529,-0.4153,-3.7628
-0.47192,-0.3355,-3.6219
-0.48352,-0.2432,-3.4765
-0.49399,-0.15566,-3.3265
-0.48875,-0.077172,-3.1743
-0.53848,0.042575,-3.0167
-0.54409,0.15563,-2.8514
-0.5497,0.27013,-2.6807
-0.53475,0.39533,-2.5025
-0.43976,0.49211,-2.32
-0.36423,0.6237,-2.1317
-0.23971,0.70374,-1.9395
-0.14024,0.85329,-1.7432
-0.064705,0.93885,-1.5405
0.011953,1.0596,-1.3397
-0.011605,1.2146,-1.1287
0.0067175,1.2663,-0.92369
0.02878,1.4928,-0.70807
-0.030676,1.4284,-0.49496
-0.031798,1.8014,-0.28042
0.0022302,1.4572,-0.052919
0.054208,0.038634,0.015845
0.12488,0.036344,-0.012537
0.21126,0.14562,-0.001799
0.28455,-0.0066236,-0.006538
0.2696,0.10667,-0.0048321
0.30811,0.004226,-0.0039286
0.31148,0.063592,-0.0057207
0.23931,0.026889,-0.0025339
0.25539,0.025937,-0.0048846
0.20453,0.033228,-0.0030925
0.14994,0.010888,-0.0038236
0.15068,0.030615,-0.0029875
0.091975,0.0095459,-0.0027101
0.081131,0.024276,-0.0026014
0.061686,0.015308,-0.0021065
0.0040999,0.013644,-0.0022227
-0.040399,0.010791,-0.0014841
-0.08415,0.009171,-0.0015141
-0.09462,0.016407,-0.00071178
-0.10584,0.015353,0.00030049
-0.079662,0.012901,0.0013615
-0.035538,0.015121,0.00246
-0.016093,0.011083,0.0034723
0.020179,0.00045454,0.003626
0.042989,0.011008,0.0043196
0.034763,0.0041061,0.0048032
0.0040999,0.015589,0.0051819
-0.052739,-0.0016711,0.0061942
-0.11107,0.0081887,0.0052231
-0.15146,0.014622,0.007214
-0.16866,-0.012986,0.0061417
-0.1724,0.031631,0.0077726
-0.15931,-0.035723,0.0073377
-0.10135,0.04136,0.0071165
-0.059096,-0.023888,0.010033
-0.0074922,0.014884,0.0051857
0.047477,0.023342,0.012774
0.069913,-0.072959,0.0034348
0.10207,0.15635,0.014892
0.078888,-0.31638,0.0018189
0.052712,1.2729,0.033447
0.10656,3.5042,0.35173
0.23744,3.0345,0.74375
0.2853,2.9705,1.073
0.35074,3.0351,1.4167
0.54743,2.8444,1.7254
0.50069,2.9564,2.0232
0.49882,2.8258,2.3023
0.63531,2.8996,2.5668
0.54668,2.8775,2.8227
0.60838,2.8687,3.0606
0.69402,2.8558,3.2887
0.62297,2.8287,3.5007
0.70748,2.8504,3.7054
0.73739,2.7992,3.8981
0.71271,2.7748,4.0782
0.73291,2.7356,4.2443
0.66896,2.6743,4.3925
0.5867,2.6274,4.5268
0.48311,2.5786,4.6476
0.36832,2.5061,4.7552
0.30362,2.4406,4.8483
0.30213,2.3756,4.9265
0.30475,2.303,4.9913
0.31409,2.2257,5.0436
0.37729,2.1561,5.0831
0.37392,2.0794,5.1103
0.3227,1.9883,5.1254
0.24454,1.9136,5.1283
0.07814,1.8371,5.1198
-0.093872,1.766,5.1022
-0.27074,1.6933,5.0765
-0.42219,1.6172,5.0416
-0.51792,1.5365,4.9976
-0.58298,1.4358,4.9446
-0.57737,1.3542,4.8825
-0.54821,1.2754,4.8124
-0.52054,1.1826,4.7341
-0.49511,1.0979,4.648
-0.49586,1.0066,4.5545
-0.50969,0.91415,4.4535
-0.50745,0.8256,4.3459
-0.49623,0.73776,4.2323
-0.51268,0.64767,4.1129
-0.50259,0.53672,3.9858
-0.50371,0.44222,3.8512
-0.5153,0.36928,3.7127
-0.47716,0.27426,3.5704
-0.47604,0.18244,3.4229
-0.48875,0.10273,3.2711
-0.49324,0.0084812,3.1167
-0.50408,-0.10922,2.9563
-0.5153,-0.20792,2.789
-0.52353,-0.33425,2.6158
-0.4723,-0.44733,2.4353
-0.40499,-0.54579,2.2514
-0.31749,-0.67194,2.0607
-0.18549,-0.75598,1.8677
-0.084523,-0.90822,1.6688
-0.033294,-0.97182,1.4666
0.0014823,-1.1348,1.2637
0.0085872,-1.2306,1.0521
-0.0052485,-1.3398,0.84691
-0.015719,-1.5206,0.62656
-0.051991,-1.4722,0.41822
-0.05947,-1.8931,0.19333
-0.0056225,-1.1195,-0.011476
0.048972,0.090258,-0.03763
0.12787,-0.1493,-0.016481
0.23557,-0.097938,-0.028148
0.26698,-0.048605,-0.020867
0.25352,-0.10337,-0.025149
0.26511,-0.027123,-0.023004
0.23931,-0.096716,-0.023814
0.20603,-0.027824,-0.02483
0.19892,-0.061307,-0.023162
0.16938,-0.046449,-0.025276
0.13797,-0.036372,-0.023855
0.11404,-0.048125,-0.025104
0.073652,-0.035806,-0.02495
0.034763,-0.044009,-0.025306
0.010083,-0.030186,-0.025636
-0.041521,-0.039454,-0.025715
-0.08228,-0.032241,-0.026435
-0.08228,-0.031168,-0.026345
-0.12491,-0.038974,-0.027338
-0.097611,-0.038359,-0.028534
-0.057226,-0.033635,-0.029344
-0.056104,-0.033616,-0.0303
0.038128,-0.0301,-0.031054
0.040372,-0.031618,-0.031331
0.032519,-0.032758,-0.032134
0.049346,-0.024724,-0.032051
-0.015345,-0.036822,-0.033116
-0.046382,-0.014804,-0.033063
-0.098733,-0.043795,-0.033105
-0.12192,-0.019464,-0.034664
-0.13388,-0.021616,-0.032872
-0.15183,-0.034895,-0.035864
-0.099855,0.0069778,-0.03327
-0.0662,-0.06308,-0.036093
-0.00038735,0.038586,-0.035137
0.042242,-0.086736,-0.034248
0.068417,0.035605,-0.038856
0.11329,-0.05358,-0.030116
0.082627,-0.040263,-0.045417
0.10245,0.13921,-0.018464
0.064304,-2.1869,-0.13179
0.1103,-3.4937,-0.51398
0.23332,-2.8442,-0.87927
0.20154,-3.065,-1.212
0.44423,-2.9411,-1.5484
0.62783,-2.9032,-1.8487
0.60315,-2.9134,-2.1436
0.80582,-2.8425,-2.4141
0.76656,-2.9186,-2.6773
0.62222,-2.8517,-2.9265
0.72655,-2.8732,-3.161
0.67719,-2.8316,-3.3835
0.65326,-2.8448,-3.5921
0.75048,-2.8492,-3.794
0.71533,-2.8125,-3.9828
0.70449,-2.773,-4.1581
0.69476,-2.7042,-4.3163
0.6039,-2.6657,-4.4598
0.49321,-2.6166,-4.5904
0.38253,-2.5657,-4.7074
0.29203,-2.4965,-4.811
0.25501,-2.4166,-4.8986
0.26212,-2.3521,-4.9719
0.25913,-2.2892,-5.0332
0.31148,-2.2219,-5.0822
0.35373,-2.1435,-5.1191
0.33803,-2.0568,-5.1434
0.2939,-1.9725,-5.1545
0.16041,-1.8932,-5.1542
0.016066,-1.8249,-5.1439
-0.13201,-1.7541,-5.125
-0.31599,-1.675,-5.0971
-0.43079,-1.5938,-5.0595
-0.49286,-1.5087,-5.0129
-0.53063,-1.4255,-4.9574
-0.53213,-1.3396,-4.8934
-0.51119,-1.25,-4.8209
-0.47118,-1.1614,-4.7401
-0.4622,-1.0691,-4.6516
-0.44575,-0.97697,-4.5556
-0.43939,-0.89426,-4.4527
-0.45547,-0.80264,-4.3431
-0.45435,-0.71346,-4.227
-0.46893,-0.62518,-4.1057
-0.44911,-0.51677,-3.9775
-0.45547,-0.42663,-3.8419
-0.45734,-0.33806,-3.7014
-0.42182,-0.2478,-3.5569
-0.4521,-0.16145,-3.4077
-0.46931,-0.075212,-3.2552
-0.46781,0.025843,-3.0989
-0.49847,0.15117,-2.9348
-0.52016,0.24833,-2.765
-0.48277,0.37672,-2.5882
-0.42219,0.48051,-2.4055
-0.35825,0.59512,-2.2188
-0.2513,0.70177,-2.0251
-0.14959,0.81638,-1.83
-0.075175,0.93929,-1.627
-0.018336,1.0028,-1.4251
0.0082132,1.1944,-1.217
0.00073447,1.2362,-1.0072
0.00036053,1.4502,-0.79741
-0.025441,1.4781,-0.57604
-0.041521,1.6126,-0.36978
0.0018563,1.8341,-0.13189
0.022049,0.51018,0.013411
0.077018,-0.12287,-0.0046522
0.16901,0.20396,-0.0070179
0.24118,0.0043798,-0.0024551
0.24379,0.085235,-0.0073366
0.24454,0.041109,-0.0023014
0.25613,0.032853,-0.0063355
0.19892,0.054819,-0.0029838
0.2049,0.0065804,-0.004446
0.20117,0.048348,-0.0035462
0.15031,0.014753,-0.0027251
0.13573,0.03111,-0.0035349
0.10955,0.012631,-0.0023277
0.092723,0.014382,-0.0027551
0.06393,0.022926,-0.0019378
0.032145,0.012616,-0.0017878
0.0074654,0.016245,-0.0013641
-0.035911,0.01334,-0.0011204
-0.080784,0.013771,-0.00076802
-0.10247,0.011972,0.00042421
-0.052365,0.017325,0.0015902
-0.016093,0.015499,0.0024
0.01457,0.013857,0.0035398
0.075896,0.0049459,0.0037872
0.071783,0.013452,0.0042971
0.057947,0.0052458,0.0052456
0.033267,0.0070416,0.0050844
-0.022824,0.0072702,0.0064266
-0.071062,0.00059325,0.0057855
-0.10621,0.021389,0.0072627
-0.12865,-0.016244,0.0066028
-0.1451,0.031575,0.007199
-0.12192,-0.021016,0.0086536
-0.097237,0.016763,0.0062842
-0.052365,0.0047771,0.010671
0.0048478,-0.025455,0.0055981
0.031397,0.066471,0.012065
0.055329,-0.10573,0.0061005
0.042989,0.15838,0.010746
0.054208,-0.25561,0.010052
0.063556,0.66629,0.0065691
0.0658,3.2353,0.26656
0.20117,3.2164,0.6698
0.27296,2.8776,1.0034
0.30587,3.0817,1.3472
0.50032,2.8516,1.664
0.51415,2.9437,1.9625
0.46891,2.8435,2.2482
0.59791,2.8723,2.5136
0.54556,2.8671,2.7737
0.55117,2.8436,3.0148
0.69252,2.8461,3.2464
0.62708,2.8031,3.462
0.67308,2.8328,3.6685
0.75198,2.8006,3.8651
0.68691,2.7913,4.0486
0.70598,2.7354,4.2198
0.67981,2.6627,4.3732
0.58034,2.6071,4.5117
0.48723,2.5543,4.6355
0.38178,2.5111,4.7469
0.2853,2.4325,4.8454
0.25127,2.3531,4.9277
0.25501,2.2918,4.9966
0.26773,2.223,5.0529
0.33167,2.145,5.0962
0.36046,2.0702,5.1273
0.32494,1.9687,5.1455
0.25053,1.8822,5.1516
0.094593,1.8173,5.1469
-0.075549,1.7373,5.1321
-0.23111,1.6812,5.1089
-0.39863,1.5925,5.0772
-0.49997,1.5057,5.0363
-0.54746,1.4433,4.9861
-0.56466,1.3453,4.927
-0.54148,1.2639,4.8594
-0.51493,1.1713,4.783
-0.48239,1.0817,4.6991
-0.46033,1.0044,4.608
-0.45771,0.9046,4.5092
-0.46931,0.82549,4.4039
-0.48576,0.73243,4.2921
-0.49511,0.63478,4.1744
-0.48352,0.54714,4.0498
-0.46669,0.44164,3.9174
-0.46631,0.35725,3.7793
-0.44612,0.27625,3.6378
-0.44276,0.18541,3.4917
-0.45024,0.10395,3.3412
-0.44014,0.021288,3.188
-0.46669,-0.091899,3.0297
-0.49324,-0.2018,2.8638
-0.48912,-0.31438,2.692
-0.45547,-0.44217,2.5122
-0.3818,-0.52877,2.3283
-0.30178,-0.65859,2.1392
-0.2169,-0.74236,1.9454
-0.11406,-0.87506,1.7492
-0.025815,-0.97613,1.5453
0.010457,-1.0786,1.3431
0.014196,-1.2437,1.1318
0.042242,-1.2824,0.92417
0.022423,-1.5187,0.7085
-0.023198,-1.4608,0.49164
-0.013849,-1.7685,0.27956
-0.02058,-1.6086,0.045032
0.042616,-0.16766,-0.046005
0.11292,-0.0084194,-0.017373
0.16527,-0.1948,-0.025483
0.25239,-0.0078308,-0.023019
0.23594,-0.12116,-0.022348
0.24454,-0.029909,-0.024481
0.25239,-0.072359,-0.021831
0.18845,-0.057063,-0.02513
0.17723,-0.050273,-0.022521
0.15854,-0.061254,-0.024369
0.11553,-0.029388,-0.024013
0.11179,-0.052778,-0.024185
0.091228,-0.031674,-0.024883
0.055703,-0.039847,-0.024665
0.040372,-0.03461,-0.025426
-0.026937,-0.035825,-0.025205
-0.046756,-0.038689,-0.0257
-0.051991,-0.034677,-0.02603
-0.12229,-0.038149,-0.026667
-0.087515,-0.035585,-0.027923
-0.053861,-0.032514,-0.028658
-0.055356,-0.035453,-0.02955
0.022423,-0.030741,-0.030803
0.047851,-0.026205,-0.030818
0.048972,-0.037354,-0.031811
0.072157,-0.025264,-0.03186
0.028406,-0.037737,-0.032246
-0.028059,-0.015475,-0.033258
-0.056852,-0.026021,-0.032373
-0.10771,-0.032825,-0.034507
-0.14809,-0.014009,-0.032955
-0.12902,-0.043967,-0.034964
-0.097985,0.013569,-0.033734
-0.079662,-0.061633,-0.034394
-0.021702,0.018945,-0.036471
0.013074,-0.059545,-0.032546
0.038128,-0.0091767,-0.039651
0.089732,0.021337,-0.0297
0.067669,-0.14645,-0.043531
0.093471,0.2796,-0.024601
0.03925,-1.5939,-0.080494
0.034015,-3.5103,-0.42586
0.19892,-2.9261,-0.81079
0.16602,-2.9941,-1.1401
0.36345,-2.9983,-1.4829
0.61287,-2.8642,-1.7884
0.58483,-2.922,-2.0859
0.7703,-2.8189,-2.3622
0.79498,-2.9044,-2.6263
0.64241,-2.843,-2.8803
0.72505,-2.8558,-3.1174
0.70823,-2.8245,-3.3444
0.63755,-2.8122,-3.5555
0.7273,-2.8342,-3.7598
0.73178,-2.799,-3.9527
0.6742,-2.7711,-4.1325
0.69065,-2.6971,-4.2966
0.63344,-2.6448,-4.4442
0.51378,-2.5954,-4.5784
0.4345,-2.5458,-4.6988
0.32643,-2.4808,-4.806
0.24566,-2.4077,-4.898
0.23632,-2.342,-4.9763
0.22398,-2.2672,-5.0419
0.26548,-2.1998,-5.0941
0.31559,-2.1311,-5.1345
0.31073,-2.0429,-5.1625
0.28568,-1.9541,-5.1772
0.16639,-1.8769,-5.1801
0.0089611,-1.8016,-5.1725
-0.13089,-1.733,-5.1557
-0.31076,-1.6605,-5.1304
-0.43341,-1.579,-5.096
-0.50782,-1.4983,-5.0523
-0.56803,-1.4158,-5
-0.5512,-1.3257,-4.939
-0.52727,-1.2374,-4.8691
-0.49137,-1.1536,-4.7908
-0.45285,-1.0615,-4.7048
-0.44837,-0.96714,-4.6111
-0.42668,-0.88019,-4.5099
-0.42892,-0.79346,-4.4022
-0.43341,-0.70398,-4.2878
-0.4278,-0.61911,-4.1677
-0.43677,-0.51677,-4.0416
-0.41508,-0.41591,-3.9076
-0.4005,-0.33783,-3.7684
-0.38255,-0.24532,-3.6252
-0.36348,-0.15203,-3.4767
-0.37395,-0.078946,-3.3248
-0.37582,0.015462,-3.1702
-0.3934,0.13987,-3.0081
-0.42406,0.2306,-2.8391
-0.41172,0.36037,-2.6645
-0.34927,0.47698,-2.4819
-0.2872,0.57519,-2.296
-0.21839,0.7027,-2.1034
-0.10846,0.783,-1.9088
-0.027311,0.93323,-1.7081
0.025414,0.99534,-1.5035
0.062434,1.1593,-1.2985
0.047851,1.2475,-1.0851
0.058695,1.3642,-0.87784
0.037754,1.539,-0.65539
-0.030676,1.4874,-0.44577
-0.00824,1.9044,-0.21803
-1.3407e-05,1.0806,-0.014288
0.031397,-0.11972,0.0081625
0.13423,0.14358,-0.011986
0.19256,0.078599,-0.00011192
0.21425,0.028133,-0.0077415
0.21164,0.085445,-0.0027738
0.24118,0.0074952,-0.0051058
0.21687,0.072398,-0.0041685
0.16975,0.010742,-0.0031038
0.18172,0.039733,-0.0048546
0.13124,0.022637,-0.0025076
0.11217,0.020838,-0.0035537
0.10843,0.029243,-0.0024064
0.07627,0.011994,-0.0025601
0.063556,0.0229,-0.0019565
0.050094,0.013389,-0.0015104
0.036259,0.018101,-0.0014729
-0.026937,0.012148,-0.0008805
-0.039277,0.016155,-0.00073428
-0.057226,0.021363,0.0004617
-0.077419,0.015634,0.0015902
-0.015345,0.016403,0.002445
-0.0045007,0.016257,0.003686
0.055329,0.0036337,0.0039597
0.1103,0.012594,0.0045408
0.083375,0.0062205,0.0053994
0.072905,0.009902,0.0052494
0.028032,0.013572,0.0067341
-0.020206,-0.0071035,0.005868
-0.067696,0.022068,0.0072102
-0.090506,-0.014467,0.0072664
-0.12117,0.025997,0.0070527
-0.14809,-0.010961,0.0090435
-0.088637,0.0089948,0.0061492
-0.064705,0.020392,0.010956
-0.0067443,-0.039697,0.0061417
0.04972,0.078089,0.011252
0.050468,-0.10989,0.0080763
0.075522,0.14991,0.0085749
0.051216,-0.19772,0.014045
0.051216,0.40368,-0.0025864
0.044111,3.0551,0.22072
0.13722,3.3157,0.62625
0.27259,2.8525,0.96585
0.27707,3.0891,1.3087
0.43002,2.8568,1.632
0.48872,2.9426,1.9314
0.44049,2.8379,2.2209
0.56576,2.8625,2.4884
0.53547,2.8685,2.7513
0.51976,2.7806,2.9949
0.6383,2.8304,3.2288
0.58333,2.7926,3.4476
0.61811,2.8087,3.656
0.71346,2.7834,3.8558
0.67008,2.7667,4.0417
0.67121,2.726,4.2158
0.63793,2.6587,4.3727
0.56688,2.6008,4.515
0.49097,2.5075,4.6422
0.38253,2.4839,4.7568
0.30475,2.4284,4.8586
0.24978,2.343,4.9442
0.24342,2.2914,5.017
0.23819,2.1933,5.0764
0.27558,2.1293,5.1228
0.33204,2.0624,5.1575
0.304,1.962,5.1793
0.25015,1.8846,5.1879
0.098332,1.8004,5.1852
-0.065827,1.7327,5.1734
-0.20493,1.6615,5.1519
-0.38218,1.5774,5.122
-0.48052,1.5032,5.0834
-0.54372,1.4238,5.0355
-0.55606,1.3419,4.9791
-0.52241,1.253,4.9137
-0.50446,1.1628,4.8402
-0.46557,1.079,4.7586
-0.44163,0.99381,4.6691
-0.42593,0.90241,4.5728
-0.43565,0.81279,4.4689
-0.44837,0.7291,4.3584
-0.44089,0.64237,4.2422
-0.45958,0.54334,4.1195
-0.44762,0.43865,3.989
-0.4364,0.35637,3.852
-0.42518,0.27406,3.7112
-0.3934,0.18345,3.5659
-0.37993,0.099908,3.4157
-0.37844,0.015739,3.2626
-0.40499,-0.083347,3.1053
-0.43042,-0.19976,2.94
-0.45846,-0.30115,2.7689
-0.42556,-0.42735,2.5912
-0.35413,-0.52275,2.4076
-0.30365,-0.63703,2.2203
-0.20306,-0.74061,2.0261
-0.10958,-0.8388,1.8308
-0.044886,-0.97638,1.6278
0.0074654,-1.0376,1.4246
-0.0037528,-1.2245,1.2159
-0.0052485,-1.2666,1.0038
0.019805,-1.4563,0.79387
-0.046756,-1.5199,0.57031
-0.075175,-1.5905,0.36302
-0.046008,-1.888,0.12575
-0.015719,-0.66932,-0.03697
0.080009,0.11743,-0.026742
0.15779,-0.21766,-0.019698
0.23632,-0.035952,-0.026589
0.23856,-0.09146,-0.020147
0.2165,-0.070458,-0.025303
0.24267,-0.041921,-0.02149
0.19369,-0.080355,-0.02435
0.17499,-0.024364,-0.023271
0.1619,-0.067961,-0.023375
0.1103,-0.034351,-0.024534
0.10544,-0.046723,-0.023604
0.10506,-0.039866,-0.024916
0.069539,-0.035416,-0.02453
0.044111,-0.041332,-0.025093
0.03738,-0.029605,-0.025138
0.0026042,-0.036256,-0.025647
-0.039277,-0.031821,-0.02582
-0.066948,-0.035022,-0.02615
-0.063583,-0.036841,-0.027638
-0.028433,-0.033204,-0.028564
-0.016841,-0.032649,-0.029232
0.009335,-0.035438,-0.030458
0.072531,-0.026939,-0.030619
0.10207,-0.030261,-0.031425
0.087488,-0.026478,-0.032036
0.051964,-0.033422,-0.031886
0.0070914,-0.018497,-0.032947
-0.031424,-0.025162,-0.032175
-0.08415,-0.02992,-0.033956
-0.11706,-0.0094091,-0.032861
-0.11219,-0.051278,-0.034372
-0.10883,0.014738,-0.034068
-0.090133,-0.055799,-0.033566
-0.050121,0.010802,-0.03667
-0.0045007,-0.032016,-0.03189
0.045981,-0.045186,-0.039456
0.082627,0.058534,-0.030251
0.059817,-0.17217,-0.041297
0.059069,0.29239,-0.029123
0.0022302,-1.2346,-0.058228
-0.015345,-3.4396,-0.37456
0.14919,-3.0054,-0.7694
0.14208,-2.9453,-1.0995
0.27408,-3.0334,-1.4443
0.56463,-2.8441,-1.755
0.56613,-2.9254,-2.0538
0.70336,-2.8143,-2.3341
0.80695,-2.8872,-2.5999
0.64316,-2.8399,-2.8575
0.6813,-2.8387,-3.097
0.69439,-2.8243,-3.3276
0.60053,-2.7931,-3.5421
0.68803,-2.8176,-3.7486
0.7071,-2.7821,-3.9439
0.65887,-2.7588,-4.1268
0.67308,-2.6879,-4.2951
0.61399,-2.6332,-4.4458
0.51041,-2.5887,-4.5833
0.4259,-2.5316,-4.7076
0.33466,-2.4743,-4.8186
0.26548,-2.3954,-4.9148
0.25239,-2.3172,-4.9962
0.23557,-2.2585,-5.0645
0.22921,-2.1939,-5.1209
0.28231,-2.1157,-5.165
0.30923,-2.0348,-5.196
0.27633,-1.9478,-5.2145
0.20266,-1.8634,-5.2207
0.056077,-1.7877,-5.2157
-0.094994,-1.7194,-5.2013
-0.25766,-1.6463,-5.1787
-0.39975,-1.5662,-5.147
-0.47828,-1.4854,-5.1055
-0.54783,-1.4031,-5.0557
-0.52652,-1.3169,-4.9966
-0.50109,-1.2272,-4.9289
-0.50296,-1.1361,-4.853
-0.45734,-1.0493,-4.7685
-0.41135,-0.95896,-4.6766
-0.40798,-0.86945,-4.5772
-0.41247,-0.78962,-4.471
-0.38068,-0.69703,-4.3585
-0.40835,-0.61083,-4.2396
-0.40574,-0.51942,-4.1155
-0.38816,-0.41477,-3.9836
-0.38554,-0.33028,-3.845
-0.33918,-0.24411,-3.7025
-0.35413,-0.15668,-3.5552
-0.34628,-0.076037,-3.4042
-0.3489,0.0039261,-3.2501
-0.36386,0.12009,-3.0896
-0.38031,0.23647,-2.9212
-0.40985,0.34202,-2.7477
-0.3575,0.46281,-2.5668
-0.313,0.55982,-2.3808
-0.23335,0.68687,-2.1897
-0.14361,0.76552,-1.9938
-0.08228,0.90617,-1.7947
-0.011232,0.99267,-1.5888
0.014196,1.0948,-1.3851
0.045607,1.2615,-1.1716
0.049346,1.2933,-0.96204
0.026536,1.5375,-0.7443
0.0011084,1.4695,-0.52531
-0.013849,1.7762,-0.31132
0.0040999,1.619,-0.073937
0.037006,0.15182,0.018225
0.11516,-0.019839,-0.010913
0.19331,0.17563,-0.0023202
0.23407,-0.0061062,-0.0046634
0.21949,0.10721,-0.0050796
0.22098,0.015117,-0.0027513
0.22659,0.06063,-0.0054357
0.17948,0.035958,-0.001994
0.18135,0.024145,-0.0045284
0.1548,0.045375,-0.0023652
0.12264,0.01328,-0.0028488
0.11815,0.034702,-0.0025639
0.075896,0.012309,-0.0019678
0.071035,0.02179,-0.0023539
0.056451,0.017464,-0.0012029
0.04112,0.01584,-0.0014729
0.026162,0.018933,-0.00080926
-0.023198,0.01442,-0.00031437
-0.063583,0.017453,-8.9423e-05
-0.063209,0.017063,0.00095285
-0.026937,0.015676,0.0021151
-0.02245,0.016178,0.0029961
0.017562,0.016497,0.0041246
0.071409,0.0027114,0.0043121
0.07627,0.012969,0.0050094
0.068417,0.00077321,0.0056356
0.023545,0.0076414,0.0054931
-0.012353,0.0066254,0.0068728
-0.05573,-0.0059675,0.0061717
-0.08228,0.0171,0.0079038
-0.078166,-0.018692,0.0069965
-0.11406,0.026859,0.0078776
-0.10808,-0.023663,0.0088261
-0.063957,0.021247,0.0069103
-0.02058,-0.0069423,0.011094
0.025788,-0.013526,0.005703
0.060565,0.056847,0.012699
0.081879,-0.099903,0.0058718
0.074026,0.1664,0.012159
0.060939,-0.287,0.0086836
0.02691,0.82178,0.012092
0.035137,3.3267,0.28591
0.20079,3.1513,0.68701
0.27521,2.8761,1.0183
0.28343,3.0383,1.361
0.4891,2.8248,1.6755
0.48237,2.9164,1.9734
0.43338,2.7796,2.2571
0.61325,2.8353,2.5217
0.54033,2.8168,2.7807
0.52724,2.7641,3.0203
0.64653,2.7716,3.2501
0.57286,2.7552,3.4656
0.62932,2.779,3.6728
0.68205,2.7262,3.8686
0.62409,2.6962,4.0499
0.63718,2.6372,4.2175
0.58071,2.5677,4.3675
0.49059,2.5112,4.5033
0.42029,2.4609,4.6258
0.31484,2.3979,4.7353
0.22061,2.3182,4.8295
0.18097,2.2474,4.9088
0.16602,2.1718,4.9753
0.18658,2.1056,5.0291
0.261,2.0274,5.071
0.28568,1.9467,5.1001
0.25875,1.8663,5.1164
0.21537,1.7777,5.1209
0.081131,1.709,5.1143
-0.070688,1.6414,5.099
-0.19783,1.5654,5.0754
-0.34965,1.4882,5.0422
-0.44425,1.4037,4.9997
-0.48875,1.3179,4.9485
-0.50072,1.2331,4.8887
-0.47342,1.147,4.8195
-0.44089,1.0595,4.7424
-0.39564,0.967,4.6579
-0.38405,0.8793,4.5649
-0.37545,0.79557,4.4649
-0.36498,0.70637,4.3581
-0.3848,0.62624,4.245
-0.39938,0.53806,4.1266
-0.40686,0.43067,4.0001
-0.38966,0.34178,3.866
-0.36012,0.26504,3.7283
-0.33282,0.17719,3.5862
-0.31375,0.090105,3.4388
-0.30477,0.014525,3.2877
-0.30589,-0.080854,3.133
-0.33394,-0.20661,2.9709
-0.36124,-0.29918,2.8018
-0.38891,-0.41855,2.6272
-0.37806,-0.52221,2.445
-0.31711,-0.62028,2.2597
-0.25691,-0.74059,2.0677
-0.16155,-0.82178,1.8732
-0.074053,-0.96823,1.6727
-0.03479,-1.0252,1.4692
-0.0015092,-1.1901,1.2639
0.029902,-1.2673,1.051
0.049346,-1.3957,0.84379
0.015318,-1.5468,0.62129
-0.025067,-1.5059,0.4124
-0.026189,-1.9202,0.18323
-0.017962,-1.0311,-0.015296
0.037754,0.11196,-0.032805
0.096837,-0.16959,-0.014059
0.16938,-0.083047,-0.024988
0.22248,-0.058311,-0.017587
0.19369,-0.099025,-0.022521
0.21874,-0.026148,-0.019866
0.21014,-0.091437,-0.020965
0.17125,-0.024731,-0.021673
0.18509,-0.063818,-0.02044
0.1346,-0.04258,-0.022206
0.099828,-0.037141,-0.02119
0.093845,-0.04528,-0.022483
0.070287,-0.030089,-0.022011
0.061312,-0.041171,-0.022446
0.045607,-0.031716,-0.022674
0.026162,-0.03338,-0.022817
-0.020954,-0.028049,-0.023405
-0.044512,-0.037778,-0.023675
-0.056852,-0.036342,-0.02426
-0.072931,-0.031551,-0.025355
-0.042268,-0.033898,-0.026517
-0.039651,-0.034554,-0.027263
-0.011232,-0.029196,-0.028384
0.044485,-0.029309,-0.028478
0.064304,-0.03344,-0.029292
0.058321,-0.015734,-0.029232
0.021675,-0.031243,-0.02982
-0.0052485,-0.01236,-0.030656
-0.055356,-0.026107,-0.030034
-0.078914,-0.019914,-0.03201
-0.078166,-0.010901,-0.030289
-0.10621,-0.041201,-0.032816
-0.062835,0.0076601,-0.031264
-0.039651,-0.072006,-0.032291
-0.017962,0.032392,-0.033453
0.044111,-0.0595,-0.030251
0.060565,0.00016962,-0.03703
0.09908,0.0068841,-0.026907
0.085992,-0.12016,-0.041555
0.086366,0.262,-0.020061
0.032145,-1.7329,-0.088326
0.025414,-3.5093,-0.44306
0.20378,-2.8818,-0.82239
0.17836,-2.9848,-1.1512
0.33616,-2.9524,-1.4917
0.59417,-2.8372,-1.7954
0.56949,-2.8841,-2.092
0.73964,-2.7773,-2.3661
0.76506,-2.8607,-2.6302
0.61325,-2.7887,-2.8833
0.7,-2.7947,-3.1188
0.62334,-2.771,-3.3448
0.55528,-2.7641,-3.5568
0.67083,-2.772,-3.7618
0.62596,-2.7212,-3.9536
0.60128,-2.6794,-4.1311
0.59492,-2.6013,-4.2921
0.46816,-2.5525,-4.4369
0.36944,-2.506,-4.5694
0.31335,-2.4398,-4.6883
0.21537,-2.3692,-4.7927
0.15181,-2.2998,-4.8822
0.16863,-2.2294,-4.9581
0.13311,-2.1576,-5.0209
0.14956,-2.0908,-5.0715
0.21612,-2.0143,-5.1101
0.21201,-1.9248,-5.1359
0.21313,-1.8396,-5.1489
0.14881,-1.7638,-5.15
0.011205,-1.6924,-5.1417
-0.12566,-1.619,-5.1242
-0.26813,-1.543,-5.0976
-0.37806,-1.4615,-5.0618
-0.44575,-1.3828,-5.0167
-0.47342,-1.2992,-4.9628
-0.47529,-1.2076,-4.9002
-0.43939,-1.1228,-4.8286
-0.40948,-1.0324,-4.7486
-0.39302,-0.94854,-4.6614
-0.3575,-0.86311,-4.5662
-0.35937,-0.77363,-4.4639
-0.32197,-0.68575,-4.3554
-0.3145,-0.59768,-4.2395
-0.35002,-0.50882,-4.1186
-0.31936,-0.40446,-3.9906
-0.33469,-0.31815,-3.855
-0.31898,-0.23304,-3.715
-0.27523,-0.14244,-3.5702
-0.28907,-0.067444,-3.4213
-0.2872,0.0085824,-3.2696
-0.28944,0.1179,-3.1128
-0.31936,0.23558,-2.9475
-0.36535,0.33401,-2.7766
-0.3646,0.46215,-2.5983
-0.3145,0.54746,-2.4137
-0.26514,0.66998,-2.2254
-0.20718,0.76691,-2.0307
-0.13052,0.87495,-1.8342
-0.048625,1.0022,-1.6298
0.0018563,1.0708,-1.4263
0.010083,1.2526,-1.2154
0.038502,1.2784,-1.0043
0.085245,1.5004,-0.79165
0.04972,1.5018,-0.56927
0.0026042,1.6579,-0.36085
0.0070914,1.819,-0.12021
0.020179,0.43553,0.015998
0.043363,-0.10614,-0.0056457
0.11778,0.20725,-0.0053907
0.20416,-0.0014799,-0.0022264
0.17948,0.092695,-0.006268
0.18284,0.034694,-0.0017503
0.20939,0.03995,-0.0056607
0.15592,0.049518,-0.001979
0.19817,0.0099545,-0.0039923
0.20827,0.051107,-0.002905
0.12563,0.0087623,-0.0022527
0.13386,0.030739,-0.0026239
0.1189,0.016193,-0.0015666
0.084123,0.020557,-0.002114
0.089358,0.021516,-0.0011392
0.070661,0.0089873,-0.0013379
0.046729,0.018041,-0.00075677
0.010083,0.010663,-0.00042685
-0.034042,0.016504,-7.4426e-05
-0.068818,0.017269,0.0010316
-0.051617,0.013066,0.0019614
-0.03292,0.015383,0.0029736
-0.024319,0.010689,0.0039709
0.020179,0.00066074,0.0044921
0.045607,0.012927,0.0047657
0.053834,0.0071203,0.005688
0.021301,0.0040761,0.0055418
-0.0015092,0.017411,0.0068353
-0.029555,-0.006125,0.0065504
-0.072931,0.021352,0.0071765
-0.07181,-0.010718,0.0080575
-0.093872,0.019586,0.006899
-0.10172,0.0013206,0.0097521
-0.08041,-0.014725,0.0068053
-0.050495,0.040685,0.010671
-0.0041267,-0.054735,0.0076226
0.03065,0.080638,0.010003
0.071035,-0.093113,0.010779
0.083749,0.095826,0.005808
0.061686,-0.08599,0.018263
0.072905,0.06676,-0.0078277
0.042242,2.6606,0.15795
0.11479,3.4363,0.55567
0.28717,2.8067,0.90543
0.27932,3.0579,1.2418
0.39412,2.8502,1.5713
0.50032,2.8717,1.87
0.40234,2.826,2.1626
0.50966,2.7906,2.431
0.53247,2.8235,2.694
0.46778,2.7527,2.9401
0.58258,2.7783,3.1733
0.52612,2.7273,3.3946
0.53584,2.7528,3.6047
0.64316,2.7205,3.8055
0.58109,2.6772,3.9916
0.5867,2.6373,4.1653
0.53883,2.5557,4.3221
0.44049,2.5009,4.4629
0.38552,2.4428,4.5902
0.29315,2.3895,4.704
0.20677,2.3139,4.804
0.15106,2.2294,4.8891
0.13386,2.1579,4.9598
0.1088,2.0918,5.0183
0.16788,2.0153,5.0645
0.2236,1.933,5.0977
0.18808,1.8578,5.1188
0.16115,1.7592,5.1271
0.055703,1.6855,5.1244
-0.075175,1.6253,5.1127
-0.19259,1.5336,5.092
-0.32758,1.4682,5.062
-0.41808,1.391,5.0228
-0.47267,1.3035,4.9749
-0.4723,1.2251,4.9173
-0.45173,1.1306,4.8512
-0.42593,1.0505,4.777
-0.3732,0.96716,4.6944
-0.35451,0.88087,4.6044
-0.34179,0.79584,4.5073
-0.33282,0.70394,4.4028
-0.33992,0.62219,4.2919
-0.33319,0.53532,4.1753
-0.35152,0.42987,4.0515
-0.35675,0.33772,3.9193
-0.33207,0.26706,3.7825
-0.30926,0.17712,3.6416
-0.27112,0.086179,3.4951
-0.26962,0.014708,3.345
-0.2786,-0.068981,3.1918
-0.27673,-0.18612,3.0322
-0.32085,-0.28817,2.8654
-0.35413,-0.40112,2.6931
-0.35974,-0.51911,2.5123
-0.3201,-0.60435,2.3277
-0.26177,-0.73103,2.1376
-0.20306,-0.80628,1.9428
-0.10958,-0.94639,1.7444
-0.060591,-1.0267,1.5391
-0.013101,-1.1424,1.3354
0.0070914,-1.2868,1.1216
0.0082132,-1.3325,0.91327
0.02504,-1.5608,0.69431
-0.020954,-1.4822,0.47799
-0.042268,-1.8364,0.26086
-0.028433,-1.4973,0.029938
0.032145,-0.070537,-0.041525
0.088236,-0.050671,-0.012717
0.14395,-0.16586,-0.023196
0.21238,-0.015453,-0.018723
0.1791,-0.12486,-0.020091
0.19406,-0.022936,-0.020916
0.18808,-0.078871,-0.018993
0.13161,-0.044781,-0.02182
0.16863,-0.05024,-0.019281
0.14769,-0.056455,-0.021478
0.10245,-0.02872,-0.020605
0.10357,-0.049355,-0.021118
0.091601,-0.029335,-0.021471
0.084123,-0.040241,-0.021392
0.059069,-0.032705,-0.022146
0.034015,-0.034063,-0.021846
0.0063435,-0.031592,-0.022438
-0.026189,-0.027963,-0.022791
-0.053113,-0.035165,-0.023304
-0.062461,-0.03927,-0.024332
-0.05947,-0.032241,-0.025438
-0.04526,-0.029429,-0.026236
0.013448,-0.032304,-0.027218
0.017188,-0.020772,-0.027406
0.031771,-0.03473,-0.028178
0.056077,-0.018298,-0.028726
0.0078393,-0.025605,-0.028407
-0.012353,-0.027389,-0.029835
-0.039651,-0.013147,-0.029033
-0.067322,-0.036646,-0.03081
-0.0662,0.00055576,-0.03015
-0.053861,-0.045272,-0.030683
-0.060591,0.0076451,-0.031882
-0.047504,-0.036796,-0.02988
0.0040999,-0.014425,-0.034192
0.018684,0.0050358,-0.028842
0.055703,-0.074518,-0.035519
0.10506,0.085546,-0.029097
0.069539,-0.18652,-0.03463
0.066548,0.25392,-0.032887
0.060939,-0.76139,-0.031909
-0.014971,-3.2572,-0.29805
0.12825,-3.1342,-0.70151
0.20827,-2.852,-1.0339
0.23781,-3.0358,-1.3764
0.52574,-2.8082,-1.6923
0.5852,-2.8911,-1.99
0.63194,-2.7794,-2.2741
0.77142,-2.8154,-2.5391
0.62895,-2.7906,-2.7986
0.61736,-2.761,-3.0383
0.6383,-2.7606,-3.2684
0.51303,-2.7325,-3.485
0.57136,-2.757,-3.693
0.58146,-2.7042,-3.89
0.53696,-2.6693,-4.0721
0.56762,-2.5981,-4.2391
0.48648,-2.5354,-4.3892
0.38626,-2.4903,-4.5266
0.31783,-2.4314,-4.6504
0.20864,-2.3682,-4.76
0.13947,-2.2893,-4.8553
0.14769,-2.2189,-4.9361
0.11404,-2.1493,-5.0036
0.11965,-2.0751,-5.0587
0.19556,-2.002,-5.1015
0.19668,-1.9159,-5.1313
0.20004,-1.826,-5.148
0.15629,-1.748,-5.1529
0.019431,-1.6755,-5.1477
-0.077419,-1.6079,-5.1336
-0.19596,-1.5333,-5.1104
-0.3216,-1.4489,-5.0774
-0.39078,-1.3696,-5.0352
-0.43004,-1.2898,-4.9845
-0.42032,-1.2019,-4.9247
-0.40088,-1.1145,-4.8562
-0.35825,-1.0258,-4.7795
-0.31375,-0.9391,-4.6946
-0.29991,-0.85278,-4.6022
-0.2958,-0.76794,-4.5024
-0.30066,-0.68117,-4.3961
-0.27635,-0.5916,-4.2827
-0.30515,-0.51429,-4.1633
-0.33095,-0.41227,-4.0379
-0.30103,-0.31421,-3.9042
-0.29804,-0.23678,-3.7656
-0.27598,-0.14567,-3.6222
-0.26514,-0.068141,-3.4739
-0.25317,0.010431,-3.323
-0.25392,0.11132,-3.1676
-0.28047,0.2278,-3.0041
-0.30178,0.32519,-2.8342
-0.3216,0.44745,-2.658
-0.2943,0.54038,-2.4749
-0.27149,0.64353,-2.2885
-0.21802,0.76307,-2.0949
-0.13089,0.84344,-1.8994
-0.086393,0.99013,-1.6969
-0.035538,1.0432,-1.492
-0.0048746,1.2173,-1.284
0.0089611,1.285,-1.0693
0.05346,1.423,-0.85992
0.029902,1.553,-0.63503
-0.0074922,1.5417,-0.42567
0.010457,1.9273,-0.19183
0.01644,0.91118,-0.0020915
0.047103,-0.14178,0.0051482
0.10693,0.17926,-0.0098223
0.20117,0.051205,0.00052169
0.20715,0.047628,-0.0068642
0.17836,0.07518,-0.0014766
0.22024,0.012129,-0.0046334
0.15517,0.071674,-0.0025676
0.15255,0.0076414,-0.0024814
0.19406,0.047062,-0.0033399
0.12413,0.021179,-0.0015104
0.11404,0.02056,-0.0026426
0.10731,0.027451,-0.0011354
0.083375,0.014498,-0.0015928
0.095341,0.02326,-0.00098922
0.073278,0.014416,-0.00061056
0.03738,0.018375,-0.00058806
0.015318,0.01262,-0.00018315
-0.011979,0.0093472,6.0544e-05
-0.059844,0.010277,0.00066416
-0.041521,0.0097408,0.00083662
-0.013101,0.0093359,0.001339
-0.02245,0.009276,0.0018676
0.015692,0.0060893,0.0017139
0.029902,0.0038249,0.0017589
0.045981,0.0037349,0.0017364
0.034763,0.0036637,0.0014627
-0.023198,0.0021266,0.001594
-0.030676,-0.0014687,0.0013728
-0.038903,-0.0027771,0.0013952
-0.055356,-0.0014762,0.0016614
-0.061713,0.0010844,0.0013615
-0.064331,0.0018342,0.001324
-0.063209,-0.0024097,0.0013128
-0.025441,-0.0014087,0.0011853
0.028406,-0.00031026,0.0012378
0.043737,-0.0055026,0.0011403
