0.043737,-0.014718,0.00099409
0.037754,-0.016577,0.0010128
0.037754,-0.013615,0.0010991
0.057573,-0.0044717,0.0012453
0.051216,-0.0041605,0.0019239
0.048599,-0.011947,0.0019989
0.058695,-0.0074671,0.0022613
0.060191,-0.012322,0.00249
0.052338,-0.007962,0.00264
0.060565,-0.0064736,0.0029886
0.065426,-0.017537,0.0028387
0.050094,0.0012418,0.0035323
0.045981,-0.027078,0.0031724
0.038502,0.0060143,0.0037947
0.040372,-0.022414,0.0035735
0.041494,-0.0088168,0.0034348
0.039998,0.0062055,0.0043908
0.042989,-0.052999,0.002565
0.039998,0.050305,0.0047732
0.0658,-0.083212,0.0025462
0.058695,0.075217,0.004837
0.056451,-0.087407,0.0030261
0.070661,0.027009,0.0029811
0.060191,0.010896,0.005898
0.050468,-0.17802,-0.004416
0.067669,2.5955,0.087544
0.099454,3.4369,0.27962
0.079261,2.6512,0.45839
0.10955,3.6499,0.60359
0.10918,3.4168,0.71939
0.09908,3.412,0.82335
0.18808,2.8913,0.92122
0.12451,2.0849,1.0288
0.072531,2.3009,1.127
0.12488,2.1774,1.2037
0.05346,2.2375,1.2728
0.093097,2.1982,1.3233
0.15592,2.1508,1.3617
0.076644,2.1519,1.3885
0.054208,2.0545,1.406
0.025788,2.0354,1.4165
-0.0056225,1.922,1.4164
-0.011232,1.878,1.4064
0.0040999,1.8028,1.3857
0.013074,1.7174,1.3577
0.003352,1.6567,1.324
-0.0041267,1.5502,1.2837
-0.02058,1.4505,1.2351
0.00073447,1.341,1.1797
0.013822,1.2297,1.119
0.02504,1.1185,1.0527
0.032145,0.98807,0.98238
-0.0071182,0.86708,0.9087
-0.037033,0.74027,0.83137
-0.057226,0.60831,0.74885
-0.10023,0.49605,0.66829
-0.093872,0.32048,0.5808
-0.092376,0.21024,0.48912
-0.11107,0.056019,0.39676
-0.098359,-0.10239,0.29368
-0.072183,-0.24251,0.19177
-0.050121,-0.48938,0.069285
-0.031798,-0.24211,-0.007419
0.069913,0.020407,0.0017927
0.088236,-0.069075,0.0037572
0.099454,-0.022178,0.0011665
0.1634,-0.033755,0.003791
0.075896,-0.031555,0.001309
0.081505,-0.016528,0.0034235
0.10581,-0.034497,0.0018002
0.053086,-0.014999,0.0024825
0.10319,-0.02325,0.0021376
0.083749,-0.016319,0.0020364
0.043737,-0.017391,0.0022988
0.079635,-0.022294,0.0014552
0.089358,-0.021676,0.0017702
0.1002,-0.016536,0.0013053
0.14021,-0.016922,0.001384
0.16751,-0.019813,0.0010953
0.12301,-0.013061,0.00078413
0.12787,-0.012873,0.00081038
0.15442,-0.013162,0.00066041
0.12376,-0.012971,0.00057793
0.1432,-0.0081082,0.00018802
0.12825,-0.014616,-0.00012691
0.10619,-0.018598,-0.0001794
0.1103,-0.0064399,9.4286e-05
0.058695,-0.011437,7.929e-05
0.0127,-0.007917,-0.00011942
-0.016093,-0.0070097,0.00016177
-0.040773,-0.016457,1.5554e-05
-0.047504,-0.0090117,-4.4433e-05
-0.042642,-0.0082844,0.00013928
-0.044886,-0.0098777,0.00013178
-0.033668,-0.0092142,0.00015427
0.013074,-0.0087493,0.00010928
0.025414,-0.0063537,0.00016927
0.044111,-0.0057913,0.00018802
0.069913,-0.0070322,0.00014303
0.027284,-0.01029,0.00015052
0.019057,-0.0067248,0.00030049
0.017562,-0.0043779,0.00034173
-0.019084,-0.0095703,0.00029299
-0.011232,-0.0098627,0.000263
0.0022302,-0.0055289,0.00035298
0.023171,-0.0041905,0.00045796
0.04972,-0.004258,0.000248
0.056451,-0.0037818,0.00033423
0.055703,-0.0075421,0.00030424
0.058321,-0.010519,8.3039e-05
0.093845,-0.0072572,-0.00024314
0.12862,-0.0082394,-0.00082801
0.12638,-0.0093941,-0.0010717
0.11591,-0.0076283,-0.0014541
0.12937,-0.008082,-0.0015329
0.1361,-0.011531,-0.0021477
0.13199,-0.0053527,-0.0022677
0.14694,-0.0088393,-0.0020015
0.15106,-0.009784,-0.0029838
0.13685,-0.0065861,-0.0020015
0.13647,-0.015614,-0.003055
0.11591,-0.00061018,-0.0023014
0.087862,-0.017687,-0.0029388
0.074026,0.00037956,-0.0032575
0.07814,-0.015378,-0.0015666
0.085618,-0.011853,-0.0046859
0.075148,-0.010646,-0.00070429
0.070661,-0.030955,-0.0053533
0.038502,0.034529,0.00033423
0.035137,-0.076678,-0.0046184
0.0059696,0.10788,-0.0010979
0.013822,-0.35414,-0.0052033
-0.0041267,-1.6011,-0.19972
-0.022076,-1.9053,-0.45754
0.044859,-1.983,-0.64466
-0.062087,-2.0845,-0.83282
0.070661,-2.038,-0.99122
0.19481,-2.1395,-1.133
0.13872,-2.1099,-1.2555
0.23519,-2.1279,-1.3501
0.17162,-2.1536,-1.4332
0.15779,-2.1716,-1.5002
0.13498,-2.179,-1.5561
0.14507,-2.1578,-1.5954
0.18247,-2.1595,-1.6227
0.11254,-2.1361,-1.6392
0.17237,-2.1286,-1.6465
0.071409,-2.096,-1.6455
0.037006,-2.042,-1.6324
0.029528,-1.9872,-1.609
-0.05947,-1.9174,-1.5765
0.019805,-1.8492,-1.5365
-0.022076,-1.7737,-1.4901
0.0040999,-1.6891,-1.4386
0.0040999,-1.5825,-1.3793
0.0055957,-1.477,-1.3125
0.067669,-1.3637,-1.241
0.017562,-1.2394,-1.1637
0.092723,-1.1271,-1.0846
0.02878,-0.99244,-1.0026
-0.021702,-0.85403,-0.91665
-0.063957,-0.70934,-0.82737
-0.15856,-0.58795,-0.73816
-0.11855,-0.41931,-0.64343
-0.17689,-0.27978,-0.5433
-0.13912,-0.12801,-0.44509
-0.13089,0.06388,-0.33348
-0.097237,0.18543,-0.22442
-0.028059,0.47496,-0.098704
-0.089385,0.3395,0.0019914
0.047851,-0.019891,0.0036485
0.06393,0.045904,-0.004446
0.011205,0.023125,0.0009266
0.11179,0.01196,-0.0030813
0.057947,0.021723,-1.4439e-05
0.027284,-0.0038006,-0.0019228
0.10394,0.020302,-0.00070054
0.077392,-0.0037031,-0.00068179
0.044485,0.011394,-0.0010905
0.068791,0.0030376,-0.0001944
0.05159,-0.0007189,-0.00073803
0.046729,0.005242,-3.6934e-05
0.077392,0.00043205,-0.00014566
0.10394,0.005287,0.00045421
0.09908,0.0010019,0.00029299
0.15255,0.00083319,0.00035298
0.2049,6.4644e-05,0.00054419
0.18209,0.0020779,0.0006979
0.23033,-0.00080887,0.0011553
0.23856,-0.0010938,0.0013128
0.20191,0.000612,0.0015302
0.19817,-0.0034782,0.0016539
0.15854,-0.005064,0.0018451
0.098706,-0.0018848,0.0017064
0.03925,-0.0038268,0.0018264
0.020179,-0.0076471,0.0017552
0.013822,-0.0015287,0.0015152
-0.012353,-0.00074139,0.0019051
-0.028059,-0.0036844,0.0017964
-0.012727,-0.0019936,0.0016802
-0.0097358,-0.0046141,0.0018451
-0.035164,-0.010451,0.001534
-0.016467,-0.0055401,0.0014552
-0.0078661,-0.0035419,0.0016427
-0.016093,-0.0041755,0.0019989
-0.013101,0.0021229,0.0026625
-0.019458,-0.0026571,0.0030711
-0.040399,-0.0033844,0.0038697
-0.069566,-0.0039693,0.0044771
-0.063209,0.00021835,0.0043346
-0.045634,0.0024453,0.0053244
-0.041894,-0.0033919,0.0052231
-0.037033,0.0081288,0.005778
-0.014597,-0.0087418,0.0059205
0.0082132,0.0050096,0.0059767
0.034015,-0.003062,0.0069253
0.070287,-1.0336e-05,0.0055981
0.10656,0.010982,0.0082262
0.16938,-0.018785,0.0055493
0.18022,0.027192,0.008215
0.18546,-0.032799,0.0068915
0.21799,0.036767,0.0064266
0.20677,-0.033999,0.009471
0.20939,0.011878,0.0024788
0.16788,0.021734,0.015863
0.19705,-0.11892,-0.0090349
0.16751,1.4121,0.10137
0.16489,2.5827,0.43876
0.31372,2.4076,0.74442
0.1533,2.6237,1.0191
0.1993,2.6788,1.2862
0.35747,2.8205,1.5146
0.25314,3.0093,1.7378
0.35186,3.1153,1.9361
0.40571,3.286,2.1199
0.4102,3.4065,2.2819
0.4431,3.5883,2.4249
0.47975,3.6743,2.5519
0.38776,3.7646,2.6589
0.24379,3.8025,2.7497
0.19294,3.8293,2.8202
-0.013849,3.8102,2.8788
-0.070688,3.8029,2.9273
-0.16978,3.7586,2.9624
-0.18063,3.2786,2.9939
-0.079662,2.8418,3.03
0.078514,2.7047,3.0602
0.38963,2.5502,3.0815
0.33466,2.391,3.0979
0.37953,2.2628,3.1074
0.1548,2.1679,3.1091
-0.051243,2.0764,3.102
-0.016093,1.9918,3.0875
-0.19484,1.9193,3.0671
0.12413,1.8328,3.0385
-0.036659,1.7395,3.0006
-0.062835,1.6521,2.9551
0.13947,1.5643,2.9019
-0.26327,1.4617,2.8434
-0.057974,1.3615,2.7803
-0.28608,1.2644,2.7095
-0.46071,1.1656,2.6312
-0.49548,1.0582,2.5473
-0.94084,0.95271,2.4587
-0.61327,0.87231,2.3631
-0.44837,0.80073,2.2647
-0.10472,0.69643,2.1623
0.2423,0.60361,2.0526
0.25875,0.53066,1.9416
0.27595,0.43753,1.8259
-0.034416,0.33574,1.7041
-0.10584,0.24537,1.5766
-0.37844,0.16711,1.4458
-0.50408,0.032291,1.3048
-0.46145,-0.05184,1.156
-0.57438,-0.17051,1.0045
-0.39414,-0.26606,0.84342
-0.28047,-0.35004,0.6856
-0.03292,-0.50903,0.51497
0.19556,-0.54831,0.35139
0.28493,-0.81801,0.17097
0.30063,-0.57689,0.0030749
0.16115,0.0085449,-0.01972
0.048972,-0.074732,-0.0022152
-0.11967,-0.061314,-0.011738
-0.054234,-0.030913,-0.0057694
0.01457,-0.072437,-0.0097135
0.10357,-0.018433,-0.0079814
0.31484,-0.055477,-0.0087313
0.29764,-0.026835,-0.009991
0.31746,-0.034614,-0.0083376
0.23632,-0.034977,-0.010141
0.10282,-0.026013,-0.0091849
0.050842,-0.031255,-0.010235
-0.048999,-0.024251,-0.009931
-0.084897,-0.029339,-0.010377
-0.087515,-0.020255,-0.010748
-0.020954,-0.022846,-0.010617
0.060565,-0.022906,-0.011633
0.22697,-0.019063,-0.011389
0.39187,-0.021867,-0.011802
0.42179,-0.019906,-0.012443
0.40496,-0.01714,-0.012244
0.21425,-0.020735,-0.012668
0.010831,-0.020859,-0.01305
-0.10584,-0.019914,-0.012844
-0.21578,-0.021365,-0.012792
-0.21391,-0.016326,-0.013009
-0.13987,-0.010331,-0.012908
-0.068818,-0.012974,-0.012668
0.0052217,-0.017766,-0.012957
0.10357,-0.016502,-0.013545
0.12339,-0.015929,-0.014156
0.11404,-0.017402,-0.014512
0.19593,-0.016255,-0.015345
0.12152,-0.010984,-0.01575
0.0048478,-0.020941,-0.016046
-0.013475,-0.016671,-0.016897
-0.081158,-0.01206,-0.016818
-0.060217,-0.016097,-0.018164
0.042989,-0.0058813,-0.017531
0.12787,-0.020472,-0.018475
0.18247,-0.0033507,-0.018685
0.22285,-0.025241,-0.01843
0.18209,-0.0050902,-0.020136
0.097211,-0.011659,-0.017587
0.077392,-0.022171,-0.021797
0.020927,0.013617,-0.017414
0.035137,-0.051702,-0.021793
0.068791,0.048626,-0.018985
0.085245,-0.089259,-0.019323
0.16302,0.084451,-0.024609
0.18172,-0.20369,-0.0090499
0.17349,-1.6701,-0.21201
0.22435,-1.8779,-0.58765
0.25539,-1.5874,-0.90414
0.1548,-1.7181,-1.2159
0.2509,-1.6289,-1.504
0.26773,-1.7156,-1.7695
0.18396,-1.7215,-2.0293
0.30811,-1.7602,-2.2667
0.22809,-1.8015,-2.4942
0.33242,-1.8054,-2.7013
0.45993,-1.8441,-2.8964
0.42815,-1.8321,-3.0747
0.52126,-1.8456,-3.2374
0.48424,-1.8227,-3.3836
0.43263,-1.8161,-3.5108
0.38963,-1.8088,-3.6256
0.36383,-1.7793,-3.7264
0.17088,-1.7541,-3.8146
0.085245,-1.71,-3.888
0.047477,-1.6662,-3.9457
-0.37657,-1.6257,-3.9896
-0.24606,-1.5894,-4.0212
0.2696,-1.5563,-4.0425
0.3227,-1.5161,-4.0532
0.30549,-1.4727,-4.053
0.30624,-1.4278,-4.0435
0.16041,-1.3862,-4.0256
0.18883,-1.3401,-3.9999
0.25202,-1.2814,-3.9648
0.15741,-1.2225,-3.9193
-0.027685,-1.1614,-3.8651
-0.5138,-1.1052,-3.8031
-0.74677,-1.0567,-3.7338
-0.35002,-1.0019,-3.6589
-0.21839,-0.94102,-3.5765
-0.22625,-0.87682,-3.4844
0.032145,-0.81668,-3.3855
-0.23859,-0.75265,-3.2803
-0.40574,-0.69297,-3.1687
-0.17165,-0.64051,-3.055
-0.31711,-0.56349,-2.9353
-0.26476,-0.50568,-2.8086
-0.1021,-0.44843,-2.6811
-0.26626,-0.36626,-2.5469
-0.3044,-0.29114,-2.406
-0.087141,-0.2146,-2.2605
-0.075175,-0.1395,-2.1097
-0.11219,-0.029414,-1.9484
0.023545,0.036528,-1.7807
-0.24494,0.13643,-1.6096
-0.51231,0.22828,-1.4296
-0.50633,0.29844,-1.2503
-0.52689,0.41589,-1.061
-0.4192,0.4715,-0.87343
-0.17576,0.62789,-0.6757
0.11927,0.65268,-0.47769
0.30624,0.87157,-0.2786
0.41618,0.81665,-0.06056
0.51153,0.077632,0.014604
0.53285,-0.0035532,-0.012278
0.4173,0.087465,-0.0025976
0.33616,-0.006826,-0.0058406
0.25015,0.050373,-0.0051058
-0.020206,0.0055232,-0.0032912
-0.14248,0.027103,-0.0052558
-0.14361,0.011327,-0.0022564
-0.081906,0.0072815,-0.0042697
0.036259,0.016864,-0.0020465
0.1432,0.0038436,-0.0027963
0.26548,0.010416,-0.0021852
0.21238,0.001718,-0.0017128
0.16975,0.012343,-0.0016716
0.17162,0.0032288,-0.00056557
0.069165,0.0016017,-0.00092174
0.020179,0.00333,-4.4433e-05
0.062808,0.0045522,0.00085162
0.10843,0.0059168,0.0017927
0.070287,-0.00055394,0.0028499
0.065052,0.0069891,0.0042709
0.063556,-0.00065517,0.0050657
0.009335,0.0031388,0.0058942
-1.3407e-05,0.0032251,0.0071502
-0.054608,-0.00095884,0.0066441
-0.14211,0.0052045,0.0079075
-0.24345,-0.014028,0.0076339
-0.25354,0.0050733,0.0087736
-0.1825,-0.0084981,0.0091523
-0.10846,0.0049796,0.0086761
0.083749,-0.0082469,0.011042
0.22585,-0.0028333,0.008335
0.2681,0.014611,0.012856
0.304,-0.03097,0.0086274
0.26586,0.041008,0.012913
0.17275,-0.067264,0.010967
0.11217,0.075761,0.010075
0.028406,-0.091572,0.017952
-0.013475,0.14841,-0.002159
-0.0063704,1.767,0.20155
0.032893,2.056,0.60326
0.17237,1.6693,0.94975
0.25576,1.8065,1.2977
0.43301,1.6949,1.629
0.52537,1.7621,1.9355
0.5407,1.7481,2.236
0.66223,1.7722,2.5146
0.51864,1.8342,2.7877
0.48498,1.8305,3.043
0.53285,1.895,3.2894
0.46479,1.9221,3.5229
0.53472,1.9706,3.7456
0.53921,1.9766,3.957
0.54855,1.9971,4.1517
0.41955,2.0506,4.3378
0.21425,2.0856,4.5148
0.27633,2.1014,4.6814
0.4188,2.098,4.8344
0.27221,2.1011,4.9736
0.009335,2.101,5.0998
0.34102,2.0899,5.2129
0.4446,2.0657,5.3107
0.20827,2.0419,5.3916
0.38103,2.0184,5.46
0.258,1.9971,5.5176
0.37019,1.9783,5.5626
0.59343,1.9336,5.5946
0.26885,1.8812,5.6125
0.091975,1.8501,5.6163
-0.046008,1.8115,5.6082
-0.23933,1.7622,5.5897
-0.33244,1.7297,5.5612
-0.21391,1.6763,5.5229
-0.19745,1.6132,5.4753
-0.31524,1.568,5.4205
-0.29916,1.5129,5.3595
-0.40873,1.4653,5.2907
-0.31637,1.4088,5.2131
-0.17876,1.346,5.1272
-0.087141,1.2909,5.0324
0.009709,1.2315,4.931
-0.11668,1.1884,4.8253
-0.24681,1.1305,4.7122
-0.35451,1.0436,4.5916
-0.3661,0.97904,4.4646
-0.33244,0.94195,4.3332
-0.27673,0.87313,4.1962
-0.30926,0.81183,4.0543
-0.44463,0.76931,3.913
-0.43902,0.68141,3.7657
-0.46033,0.61091,3.6108
-0.43116,0.5534,3.4556
-0.29804,0.47387,3.296
-0.22363,0.39569,3.13
-0.19521,0.3227,2.9604
-0.23036,0.23039,2.7856
-0.28159,0.1222,2.6004
-0.28009,0.055078,2.4109
-0.18025,-0.041189,2.2171
-0.077419,-0.12264,2.017
-0.06807,-0.21784,1.8156
-0.12416,-0.31288,1.6063
-0.17689,-0.39063,1.3972
-0.21802,-0.51803,1.1787
-0.23298,-0.56823,0.96165
-0.21129,-0.73573,0.73895
-0.16866,-0.76625,0.51223
-0.061339,-0.94971,0.29471
-0.06994,-1.0016,0.049576
-0.023198,-0.22421,-0.062667
0.095341,-0.015093,-0.035617
0.079261,-0.14906,-0.04145
0.25875,-0.041242,-0.041188
0.34139,-0.10026,-0.039144
0.24866,-0.055627,-0.042515
0.29241,-0.069652,-0.039261
0.13872,-0.065281,-0.042875
0.045607,-0.054296,-0.040674
0.077392,-0.068021,-0.04244
-0.0037528,-0.045508,-0.042046
0.074026,-0.064553,-0.042283
0.10319,-0.048909,-0.043122
0.055703,-0.047522,-0.042627
0.081131,-0.051304,-0.044382
0.11254,-0.048879,-0.044592
0.13273,-0.044601,-0.045732
0.12937,-0.041467,-0.046939
0.19556,-0.046341,-0.048071
0.20004,-0.043619,-0.04878
0.16676,-0.048732,-0.049905
0.15891,-0.037632,-0.051116
0.11142,-0.038558,-0.051329
0.10768,-0.033793,-0.052499
0.072157,-0.032597,-0.051959
0.044485,-0.037088,-0.053646
0.011205,-0.021953,-0.052585
-0.0662,-0.048395,-0.054164
-0.090133,-0.014392,-0.05449
-0.10808,-0.050123,-0.053373
-0.062087,-0.022598,-0.057006
-0.018336,-0.026025,-0.051832
0.047103,-0.049145,-0.059427
0.11254,0.017288,-0.051059
0.096089,-0.11725,-0.06026
0.16078,0.1386,-0.051809
0.1548,-0.58231,-0.069468
0.10768,-1.8543,-0.3719
0.14395,-1.7145,-0.77589
0.15779,-1.6894,-1.114
0.18583,-1.7795,-1.4659
0.27184,-1.693,-1.7829
0.30774,-1.7775,-2.0888
0.3485,-1.7423,-2.381
0.35672,-1.8117,-2.6566
0.28194,-1.8239,-2.9249
0.33578,-1.8569,-3.1755
0.29353,-1.896,-3.4191
0.26847,-1.9115,-3.6477
0.40085,-1.9547,-3.8682
0.44348,-1.955,-4.0751
0.50256,-1.9885,-4.268
0.50219,-2.0172,-4.4535
0.44796,-2.0359,-4.6292
0.4188,-2.0508,-4.7936
0.39,-2.0552,-4.9438
0.38327,-2.0609,-5.0812
0.34625,-2.0607,-5.2045
0.38514,-2.056,-5.3134
0.38626,-2.0408,-5.4077
0.35261,-2.0201,-5.4857
0.42665,-2.0117,-5.5501
0.43712,-2.0064,-5.6031
0.46292,-1.982,-5.6438
0.49172,-1.9512,-5.6711
0.42441,-1.9152,-5.6837
0.31335,-1.8744,-5.6823
0.21126,-1.8436,-5.6699
0.097211,-1.811,-5.648
-0.011605,-1.7737,-5.616
-0.016093,-1.7303,-5.5747
-0.086393,-1.6845,-5.5241
-0.12753,-1.6471,-5.4654
-0.13463,-1.6067,-5.4004
-0.21952,-1.5493,-5.3275
-0.21316,-1.4877,-5.2454
-0.23073,-1.4333,-5.1548
-0.26289,-1.3714,-5.0566
-0.29019,-1.3146,-4.9523
-0.36498,-1.2641,-4.843
-0.3904,-1.1996,-4.7279
-0.41209,-1.1246,-4.605
-0.42219,-1.0596,-4.4745
-0.40873,-0.99354,-4.3394
-0.39115,-0.92162,-4.1987
-0.37806,-0.87715,-4.0553
-0.41322,-0.80606,-3.9105
-0.46145,-0.71838,-3.7573
-0.49473,-0.65749,-3.6005
-0.50184,-0.58195,-3.4421
-0.48165,-0.50939,-3.2775
-0.44537,-0.43329,-3.1078
-0.38741,-0.34624,-2.9345
-0.32945,-0.2416,-2.7536
-0.27149,-0.15881,-2.5637
-0.21652,-0.069296,-2.3713
-0.17913,0.0336,-2.172
-0.13351,0.10525,-1.9706
-0.11706,0.22375,-1.7638
-0.14959,0.28655,-1.5534
-0.14174,0.41868,-1.3401
-0.15295,0.50062,-1.1184
-0.15969,0.60225,-0.9019
-0.072557,0.74638,-0.67016
0.017936,0.77081,-0.45391
0.096089,1.0564,-0.21584
0.15405,0.60064,-0.013579
0.24529,-0.059496,0.0019389
0.2767,0.093123,-0.015285
0.28642,0.044963,-0.0036436
0.33952,0.022904,-0.011146
0.26062,0.051763,-0.005312
0.26137,0.0052083,-0.0078315
0.25464,0.040303,-0.0063205
0.18172,0.005287,-0.0054245
0.22884,0.024321,-0.0062905
0.19369,0.014015,-0.004251
0.17649,0.011169,-0.0052708
0.20864,0.01388,-0.0034487
0.17013,0.0030451,-0.0038236
0.1361,0.010633,-0.0031262
0.11366,0.0046234,-0.0023202
0.11703,0.0076114,-0.0024177
0.093845,0.0054745,-0.0017878
0.08861,0.0073865,-0.0011392
0.10506,0.0080463,-0.00043435
0.11105,0.0013843,0.00043171
0.13909,0.0059543,0.0019576
0.13199,0.0073415,0.0031274
0.11516,0.0015867,0.0036485
0.085618,3.0903e-05,0.0039259
0.017188,-0.0011313,0.0052044
-0.042268,-0.0054089,0.0052007
-0.063209,0.0085074,0.0058643
-0.087889,-0.0042805,0.0068653
-0.10434,-0.002076,0.0061117
-0.048625,0.00067948,0.00817
0.014944,-0.0094541,0.0067903
0.054208,0.011158,0.0090136
0.10469,-0.020322,0.0079375
0.16788,0.023162,0.0087286
0.17723,-0.025459,0.010251
0.17125,0.014615,0.0068015
0.15218,-0.0045541,0.013663
0.1275,-0.031611,0.0042109
0.13161,0.071483,0.017689
0.097211,-0.1811,-0.0015141
0.13909,0.90573,0.055147
0.1462,2.1038,0.39024
0.24492,1.732,0.7637
0.29577,1.6889,1.0873
0.21463,1.7207,1.4227
0.3227,1.673,1.7232
0.20341,1.7263,2.0165
0.20715,1.6849,2.2886
0.29652,1.772,2.5501
0.18546,1.7644,2.8014
0.30437,1.7899,3.0337
0.29241,1.8235,3.2567
0.29914,1.8523,3.468
0.40758,1.8772,3.6718
0.41281,1.884,3.8604
0.41281,1.8952,4.035
0.34064,1.8656,4.1946
0.29989,1.8781,4.3396
0.19219,1.8774,4.4704
0.16078,1.8466,4.5824
0.14021,1.8314,4.6795
0.085992,1.8262,4.7639
0.18471,1.8226,4.8361
0.21313,1.7927,4.8955
0.30699,1.7533,4.9396
0.3743,1.7185,4.9687
0.39786,1.6901,4.9846
0.39823,1.663,4.9887
0.27072,1.6243,4.9828
0.19182,1.5819,4.9664
0.034389,1.5422,4.9391
-0.056478,1.5115,4.9032
-0.12416,1.4789,4.8596
-0.18923,1.4306,4.8081
-0.13725,1.3779,4.748
-0.14398,1.3302,4.6781
-0.12005,1.2798,4.5989
-0.13538,1.2237,4.5121
-0.14921,1.1674,4.4207
-0.1825,1.1089,4.3226
-0.25429,1.0534,4.2163
-0.27561,0.99199,4.1027
-0.35787,0.93166,3.9833
-0.38143,0.86919,3.8592
-0.37582,0.79673,3.7288
-0.36722,0.74924,3.5963
-0.3575,0.67895,3.46
-0.37507,0.5946,3.3153
-0.35488,0.54828,3.1691
-0.39265,0.4716,3.0199
-0.45136,0.38795,2.8626
-0.50146,0.32394,2.7024
-0.53213,0.21978,2.5365
-0.52614,0.13683,2.3616
-0.49249,0.04656,2.1814
-0.43341,-0.043619,1.9945
-0.36759,-0.12419,1.8058
-0.25504,-0.22801,1.6092
-0.18324,-0.29281,1.4125
-0.11893,-0.42769,1.2089
-0.09088,-0.48548,1.0002
-0.10621,-0.62788,0.79249
-0.073679,-0.72207,0.57173
-0.063583,-0.8076,0.36645
-0.049373,-1.0341,0.13005
0.0078393,-0.42288,-0.031305
0.14769,0.037832,-0.021625
0.2236,-0.13035,-0.015285
0.30849,-0.036781,-0.022142
0.42216,-0.063755,-0.016473
0.35523,-0.061134,-0.021865
0.38552,-0.039604,-0.017995
0.37093,-0.060197,-0.020995
0.27072,-0.030692,-0.020069
0.27707,-0.053333,-0.02023
0.20453,-0.036901,-0.021497
0.18583,-0.039885,-0.020774
0.18247,-0.037287,-0.02206
0.15966,-0.034925,-0.021583
0.16452,-0.038003,-0.022431
0.15779,-0.036068,-0.022858
0.16078,-0.035521,-0.023289
0.11666,-0.030227,-0.023398
0.11516,-0.034295,-0.023867
0.084871,-0.027622,-0.024669
0.050842,-0.027753,-0.024969
0.075522,-0.031967,-0.026367
0.048972,-0.027228,-0.027462
0.048225,-0.026403,-0.028032
0.056451,-0.021991,-0.028681
0.022797,-0.028623,-0.029063
-0.013849,-0.027903,-0.030143
-0.057226,-0.019276,-0.029888
-0.10846,-0.028788,-0.031095
-0.16604,-0.02021,-0.031178
-0.20605,-0.033658,-0.031365
-0.20044,-0.015524,-0.032688
-0.1537,-0.023074,-0.031309
-0.089011,-0.025845,-0.034132
-0.02058,-0.010249,-0.031444
0.051964,-0.042981,-0.0349
0.13535,0.013062,-0.032797
0.17985,-0.057438,-0.033626
0.18621,0.01436,-0.036254
0.1978,-0.060962,-0.029772
0.18284,-0.0023422,-0.043269
0.18808,0.0066592,-0.016694
0.13984,-1.3677,-0.15756
0.16078,-1.9698,-0.54317
0.26847,-1.6094,-0.89353
0.26548,-1.7517,-1.2219
0.47003,-1.6979,-1.5469
0.60053,-1.7223,-1.8395
0.61661,-1.7395,-2.127
0.73178,-1.7435,-2.3907
0.56389,-1.8146,-2.6499
0.53771,-1.8012,-2.8919
0.56688,-1.8513,-3.1193
0.4719,-1.8752,-3.3376
0.53995,-1.9191,-3.5451
0.55528,-1.9368,-3.7436
0.56538,-1.937,-3.9253
0.51901,-1.9499,-4.0942
0.47526,-1.9416,-4.2475
0.39898,-1.9438,-4.3853
0.25053,-1.9357,-4.5088
0.21126,-1.9152,-4.6152
0.098332,-1.9019,-4.7067
0.082627,-1.8913,-4.7853
0.14433,-1.8777,-4.8518
0.15779,-1.8547,-4.9055
0.24454,-1.8188,-4.9439
0.28418,-1.7866,-4.9676
0.32756,-1.7573,-4.9785
0.27521,-1.7259,-4.9783
0.16676,-1.6925,-4.9683
0.053834,-1.6544,-4.9479
-0.13127,-1.6175,-4.9175
-0.224,-1.5782,-4.8791
-0.32684,-1.54,-4.8327
-0.35376,-1.4942,-4.7782
-0.30627,-1.4377,-4.7146
-0.2943,-1.3881,-4.641
-0.23709,-1.3303,-4.5593
-0.19484,-1.2743,-4.4708
-0.16567,-1.2279,-4.3761
-0.1638,-1.1674,-4.2763
-0.15782,-1.0937,-4.1687
-0.18399,-1.0266,-4.0523
-0.23971,-0.9674,-3.9311
-0.27,-0.8954,-3.8041
-0.30103,-0.83853,-3.6723
-0.3029,-0.78441,-3.5398
-0.3302,-0.69924,-3.4011
-0.33918,-0.63168,-3.2554
-0.34852,-0.57563,-3.109
-0.39975,-0.48597,-2.9569
-0.44612,-0.4089,-2.798
-0.49062,-0.33077,-2.6362
-0.48763,-0.2296,-2.4656
-0.47529,-0.14292,-2.2883
-0.4177,-0.041797,-2.1043
-0.32571,0.035414,-1.9166
-0.23784,0.13952,-1.7248
-0.13426,0.21942,-1.5272
-0.070314,0.32303,-1.3302
-0.027311,0.42637,-1.1218
-0.00076128,0.50376,-0.91769
-0.0093619,0.67784,-0.70176
-0.063209,0.69187,-0.49028
-0.097985,0.9591,-0.27369
-0.12491,0.79614,-0.048649
-0.11556,0.035583,0.012665
-0.027311,0.025344,-0.014497
0.033641,0.076327,-0.0027063
0.17611,0.0025802,-0.0075915
0.24604,0.053556,-0.0051508
0.24043,0.0011256,-0.0047909
0.32456,0.033262,-0.0058781
0.30849,0.0074502,-0.0030663
0.33653,0.011435,-0.0054282
0.32344,0.015897,-0.0027513
0.24679,-0.00017154,-0.0034824
0.26324,0.012046,-0.0025676
0.19743,0.0045447,-0.0020465
0.16564,0.0039524,-0.002159
0.17387,0.0010169,-0.0013604
0.14021,0.0066329,-0.00095923
0.099454,0.0039599,-0.00018315
0.077766,0.0024903,-0.00023189
0.06393,0.0033113,0.00062667
0.0014823,0.00075821,0.0010428
0.025414,0.0068466,0.0016314
0.060939,0.0086086,0.003416
0.058695,-0.00085386,0.0040309
0.10394,0.0026627,0.0047657
0.11067,-0.00044897,0.0052831
0.11067,0.002554,0.005823
0.10469,0.0018042,0.0068128
0.084871,-0.012873,0.0062729
0.054208,-0.0062412,0.0077351
-0.021702,-0.0039318,0.0073939
-0.079662,0.00826,0.0085262
-0.11743,-0.01435,0.0087399
-0.12902,0.0085974,0.0082487
-0.13052,-0.0067848,0.010536
-0.10808,-0.0020423,0.00793
-0.038903,0.010626,0.012324
0.012327,-0.028068,0.0079788
0.058695,0.042991,0.012467
0.10132,-0.0638,0.0099508
0.14208,0.077257,0.0098159
0.1346,-0.1064,0.016219
0.16228,0.17876,-0.0013229
0.17798,1.7632,0.20788
0.2079,1.9978,0.6017
0.32793,1.6406,0.9332
0.28156,1.7784,1.2654
0.39075,1.6895,1.581
0.41768,1.7584,1.8723
0.33466,1.7447,2.1542
0.53659,1.7879,2.4141
0.46105,1.8271,2.6701
0.47825,1.8233,2.9054
0.60315,1.891,3.1298
0.525,1.9027,3.3439
0.5781,1.9352,3.5488
0.6125,1.9411,3.7425
0.63157,1.9665,3.9192
0.57697,1.9785,4.0834
0.54968,1.9561,4.2314
0.44722,1.9562,4.3641
0.31447,1.9473,4.4808
0.32756,1.9227,4.5802
0.17574,1.9098,4.6662
0.20378,1.9042,4.7401
0.24604,1.889,4.8011
0.23108,1.8542,4.8489
0.35523,1.8174,4.8815
0.34999,1.7914,4.8999
0.40122,1.7421,4.9071
0.347,1.712,4.9032
0.24604,1.6865,4.8884
0.14283,1.64,4.8637
-0.032546,1.607,4.8298
-0.14061,1.5637,4.788
-0.28682,1.5272,4.7393
-0.32571,1.4772,4.6822
-0.40312,1.4122,4.615
-0.42518,1.363,4.539
-0.36498,1.306,4.4547
-0.41546,1.2508,4.3643
-0.40125,1.1886,4.2684
-0.40237,1.1209,4.1648
-0.3818,1.0569,4.0532
-0.37881,0.9962,3.9354
-0.39826,0.93061,3.8134
-0.38405,0.85985,3.685
-0.38405,0.81031,3.5531
-0.36423,0.7366,3.4195
-0.38554,0.65363,3.2779
-0.36909,0.60346,3.1332
-0.38554,0.52973,2.9873
-0.44313,0.44383,2.8333
-0.47379,0.37131,2.6754
-0.53288,0.27696,2.5132
-0.5411,0.18666,2.3419
-0.52465,0.082633,2.1642
-0.47454,7.5891e-05,1.9799
-0.39788,-0.082136,1.7938
-0.29842,-0.19706,1.5995
-0.16754,-0.25483,1.4052
-0.075923,-0.38881,1.2052
-0.00038735,-0.45382,0.99857
0.020179,-0.58668,0.79493
0.020553,-0.70066,0.57696
0.026162,-0.7766,0.37431
-0.023572,-1.0257,0.14278
-0.041894,-0.47219,-0.026862
0.010457,0.033821,-0.023008
0.02504,-0.12373,-0.013575
0.064304,-0.046299,-0.021711
0.16602,-0.060328,-0.015379
0.1619,-0.061329,-0.020635
0.19144,-0.037418,-0.017279
0.23033,-0.060557,-0.01996
0.21089,-0.033721,-0.019341
0.27221,-0.052129,-0.019308
0.22024,-0.033718,-0.020691
0.19182,-0.043548,-0.019866
0.23557,-0.036038,-0.02113
0.18546,-0.03335,-0.02086
0.19668,-0.033958,-0.021636
0.18808,-0.029103,-0.02191
0.14059,-0.044807,-0.022659
0.10693,-0.030415,-0.022603
0.065052,-0.027817,-0.022686
0.025788,-0.0298,-0.023687
-0.035164,-0.031165,-0.024129
-0.017962,-0.040563,-0.025168
-0.0097358,-0.02869,-0.026187
-0.026189,-0.028357,-0.026795
0.036259,-0.031828,-0.02753
0.048599,-0.022752,-0.02774
0.05346,-0.026467,-0.028707
0.069165,-0.021084,-0.029172
0.046355,-0.029717,-0.029288
0.037006,-0.019648,-0.03042
0.0022302,-0.02021,-0.029693
-0.032546,-0.031986,-0.031627
-0.040025,-0.014422,-0.030465
-0.048999,-0.035903,-0.031867
-0.044886,-0.00065517,-0.032036
-0.020954,-0.04204,-0.031301
0.02504,-0.011831,-0.034477
0.067669,-0.01868,-0.029618
0.078888,-0.038764,-0.037079
0.11179,0.029588,-0.028534
0.129,-0.10503,-0.038222
0.15293,0.14923,-0.028227
0.1892,-0.62454,-0.050658
0.15629,-1.9279,-0.35088
0.24043,-1.7509,-0.73937
0.30736,-1.6851,-1.0618
0.37131,-1.7842,-1.3955
0.56762,-1.7184,-1.6969
0.59754,-1.7985,-1.9864
0.70748,-1.7711,-2.2583
0.72318,-1.8503,-2.5157
0.58071,-1.8608,-2.7652
0.65662,-1.8892,-2.9936
0.59268,-1.9386,-3.2146
0.56725,-1.9658,-3.424
0.63306,-2.0073,-3.6245
0.61736,-2.0073,-3.8108
0.61661,-2.0254,-3.9824
0.55977,-2.0278,-4.1407
0.52724,-2.0209,-4.2825
0.42291,-2.0145,-4.4096
0.36869,-1.9978,-4.5203
0.32643,-1.9796,-4.6144
0.24604,-1.9684,-4.695
0.31297,-1.9611,-4.7644
0.31447,-1.9375,-4.8214
0.34513,-1.9015,-4.8639
0.40683,-1.8648,-4.8917
0.41917,-1.8275,-4.9058
0.42702,-1.7974,-4.9084
0.32083,-1.7638,-4.9015
0.22697,-1.7207,-4.8845
0.095341,-1.6827,-4.8565
-0.064331,-1.6442,-4.8197
-0.20157,-1.6011,-4.7757
-0.32123,-1.5577,-4.7242
-0.37208,-1.5079,-4.6644
-0.43939,-1.4456,-4.5947
-0.44537,-1.3872,-4.5161
-0.44837,-1.3338,-4.4302
-0.44874,-1.2759,-4.3377
-0.43079,-1.2208,-4.24
-0.43864,-1.1505,-4.1357
-0.40013,-1.0781,-4.0227
-0.4177,-1.0203,-3.9035
-0.4364,-0.94408,-3.7789
-0.43042,-0.8807,-3.6485
-0.44687,-0.82855,-3.5168
-0.44388,-0.74629,-3.3811
-0.44724,-0.67367,-3.2375
-0.46631,-0.61286,-3.0926
-0.50371,-0.5299,-2.9443
-0.53774,-0.44984,-2.7881
-0.56877,-0.37203,-2.6295
-0.58336,-0.27753,-2.4641
-0.57588,-0.18294,-2.2909
-0.53886,-0.076052,-2.1101
-0.45323,-0.0048691,-1.9245
-0.34516,0.10238,-1.7357
-0.24569,0.18728,-1.5395
-0.15744,0.27969,-1.345
-0.062461,0.40597,-1.1394
-0.0067443,0.45687,-0.93662
0.033641,0.64652,-0.72516
0.058695,0.67285,-0.51248
0.029902,0.8894,-0.30346
-0.002631,0.87748,-0.072535
0.0011084,0.10603,0.014926
0.031023,-0.0089255,-0.012822
0.050094,0.097288,-0.0037861
0.1376,-0.0073696,-0.0061331
0.19481,0.049353,-0.0058931
0.18845,-0.00030651,-0.0035162
0.25127,0.026098,-0.0058931
0.24492,0.014611,-0.0024776
0.2423,0.0049534,-0.0045847
0.26361,0.019837,-0.0025451
0.22211,0.0034575,-0.0028638
0.21388,0.014251,-0.0023539
0.19556,0.0047434,-0.0017466
0.17723,0.010097,-0.0016416
0.19032,0.0065054,-0.00094798
0.19294,0.0047547,-0.000873
0.14956,0.00025584,7.929e-05
0.10843,0.0011781,-2.9436e-05
0.068417,0.007274,0.00071665
0.0074654,-0.0019636,0.0018751
0.0040999,0.0027639,0.0029437
0.023919,0.0070341,0.0040459
0.011579,0.0032625,0.0051519
0.01457,-0.0036094,0.0055343
0.052712,0.0027527,0.0059055
0.052338,0.00017337,0.006914
0.064304,-0.0038156,0.0067678
0.071035,-0.0017836,0.0081362
0.022049,-0.0096603,0.0076938
0.010083,0.0089573,0.0090023
-0.010484,-0.011036,0.009141
-0.03105,0.010734,0.0088148
-0.030302,-0.0094204,0.011087
-0.017589,-9.6563e-05,0.0082937
0.011579,0.0094859,0.012774
0.055703,-0.033751,0.0084474
0.095715,0.043328,0.013175
0.09908,-0.065119,0.010397
0.16564,0.080308,0.010363
0.17237,-0.10812,0.016849
0.19705,0.18591,-0.00089174
0.21089,1.7779,0.21029
0.26212,2.0049,0.60637
0.43862,1.6754,0.94184
0.35523,1.8296,1.279
0.47788,1.7411,1.5976
0.5407,1.821,1.8926
0.43787,1.8095,2.1779
0.66934,1.8525,2.44
0.60801,1.907,2.6975
0.63419,1.9235,2.9377
0.72468,1.9703,3.1685
0.6211,1.9589,3.3829
0.69738,2.0287,3.5866
0.66896,2.0676,3.7837
0.6914,2.0867,3.9671
0.66784,2.0993,4.1386
0.62409,2.1044,4.2947
0.58445,2.1091,4.4379
0.46217,2.0873,4.5657
0.45881,2.0826,4.6766
0.35523,2.048,4.772
0.39337,2.0378,4.8519
0.41693,2.0452,4.9204
0.40085,2.009,4.9781
0.49732,1.9903,5.0215
0.44123,1.942,5.0505
0.46554,1.9036,5.0656
0.41356,1.877,5.0678
0.29502,1.8239,5.06
0.14844,1.8002,5.0425
-0.037781,1.7458,5.0138
-0.16081,1.6998,4.9757
-0.35002,1.6673,4.9302
-0.40985,1.606,4.8772
-0.45136,1.5688,4.8166
-0.47641,1.5163,4.7473
-0.48202,1.4497,4.6687
-0.50034,1.3978,4.5818
-0.45771,1.3497,4.4885
-0.52016,1.2812,4.3903
-0.49511,1.2082,4.2851
-0.48202,1.152,4.1722
-0.53661,1.0806,4.0527
-0.5239,1.0139,3.9286
-0.54933,0.94791,3.7987
-0.55606,0.88425,3.6639
-0.58298,0.81994,3.5283
-0.59495,0.73694,3.3869
-0.61439,0.67206,3.2393
-0.66974,0.60331,3.0912
-0.68731,0.51329,2.9378
-0.73218,0.44113,2.7776
-0.72321,0.34825,2.6154
-0.67273,0.24753,2.4451
-0.61028,0.16931,2.2679
-0.50109,0.062812,2.0842
-0.40125,-0.013923,1.8965
-0.29804,-0.12413,1.7049
-0.20044,-0.20626,1.5068
-0.12827,-0.30525,1.3095
-0.11519,-0.42895,1.1008
-0.098359,-0.49468,0.89654
-0.076671,-0.67839,0.68161
-0.090133,-0.69981,0.46924
-0.076671,-0.94392,0.2561
-0.068444,-0.85659,0.028629
0.023545,-0.093702,-0.043032
0.12713,-0.044331,-0.015349
0.16078,-0.1206,-0.026
0.27633,-0.029286,-0.021805
0.31559,-0.093518,-0.023008
0.29764,-0.040087,-0.023975
0.33092,-0.062683,-0.022371
0.28268,-0.046907,-0.025336
0.2681,-0.046161,-0.022941
0.26361,-0.051072,-0.025366
0.23407,-0.03518,-0.024725
0.21089,-0.047844,-0.025423
0.15592,-0.034899,-0.025805
0.15966,-0.037628,-0.025509
0.14059,-0.03551,-0.02624
0.11815,-0.035139,-0.026499
0.091228,-0.032754,-0.02729
0.048972,-0.032619,-0.027301
0.045607,-0.037231,-0.028178
0.021301,-0.034977,-0.029217
0.04112,-0.035259,-0.030105
0.071783,-0.038059,-0.031361
0.09908,-0.030254,-0.032482
0.11292,-0.025819,-0.032505
0.11553,-0.033437,-0.033236
0.12526,-0.023757,-0.033832
0.067669,-0.033219,-0.033974
0.040746,-0.026966,-0.03502
0.0052217,-0.026486,-0.034439
-0.077419,-0.031918,-0.036348
-0.070314,-0.014268,-0.035039
-0.052365,-0.041632,-0.036726
-0.073679,-0.0036244,-0.036618
-0.024693,-0.04465,-0.035871
0.068791,-0.015989,-0.039242
0.1103,-0.021631,-0.034338
0.14732,-0.041546,-0.04178
0.1978,0.020617,-0.033011
0.20977,-0.11053,-0.043569
0.19855,0.14203,-0.032471
0.17162,-0.64858,-0.057455
0.18396,-1.9175,-0.36462
0.26324,-1.7446,-0.7558
0.304,-1.7265,-1.0823
0.41992,-1.8217,-1.4206
0.60726,-1.7649,-1.7245
0.67345,-1.8577,-2.0173
0.82041,-1.8304,-2.2924
0.79984,-1.9115,-2.5515
0.69215,-1.937,-2.8031
0.80433,-1.9839,-3.0383
0.7273,-2.012,-3.2643
0.71533,-2.0315,-3.4728
0.76506,-2.0934,-3.6745
0.72954,-2.1063,-3.8664
0.74898,-2.1328,-4.0448
0.68841,-2.1424,-4.2105
0.63419,-2.1498,-4.3617
0.54145,-2.1483,-4.499
0.46853,-2.1345,-4.6197
0.4016,-2.1236,-4.7253
0.35523,-2.1028,-4.8158
0.41955,-2.0892,-4.8913
0.41319,-2.0794,-4.9555
0.44572,-2.0559,-5.0086
0.49172,-2.0199,-5.0478
0.48274,-1.9815,-5.0721
0.47451,-1.9429,-5.0828
0.37056,-1.9042,-5.0819
0.27969,-1.8713,-5.071
0.11366,-1.8307,-5.0504
-0.10098,-1.7829,-5.0195
-0.2427,-1.7441,-4.9791
-0.42518,-1.7,-4.9314
-0.52502,-1.6513,-4.8766
-0.56503,-1.596,-4.8134
-0.56242,-1.5336,-4.7407
-0.52241,-1.4765,-4.6596
-0.51268,-1.4125,-4.5708
-0.51979,-1.3552,-4.4753
-0.51754,-1.3018,-4.375
-0.46856,-1.2291,-4.2688
-0.48464,-1.1513,-4.1543
-0.49436,-1.0872,-4.0329
-0.48576,-1.0174,-3.9072
-0.54933,-0.94561,-3.7753
-0.58971,-0.89508,-3.6407
-0.62524,-0.81806,-3.5047
-0.67235,-0.72949,-3.3602
-0.69292,-0.67502,-3.2119
-0.71087,-0.60191,-3.0633
-0.74265,-0.50336,-2.9066
-0.73592,-0.43271,-2.7454
-0.7075,-0.34071,-2.5804
-0.67273,-0.24094,-2.406
-0.55531,-0.14743,-2.2255
-0.41322,-0.05217,-2.0385
-0.31263,0.032047,-1.85
-0.20344,0.14664,-1.6541
-0.11332,0.21356,-1.4567
-0.077045,0.34594,-1.2552
-0.034042,0.42279,-1.0462
-0.017589,0.55028,-0.84099
-0.056478,0.68126,-0.62094
-0.031424,0.74202,-0.41604
-0.024693,1.0146,-0.18479
-0.055356,0.50562,-0.0027513
0.037754,-0.065217,0.0010841
0.10058,0.09523,-0.011517
0.19144,0.027174,-0.0015329
0.3399,0.025438,-0.0083826
0.33391,0.037791,-0.0027851
0.37467,0.0059881,-0.0059381
0.39038,0.038338,-0.0035986
0.30736,-0.001345,-0.0034749
0.34364,0.021996,-0.0039998
0.30437,0.0085187,-0.0022115
0.24379,0.0064567,-0.0030588
0.22921,0.012219,-0.0014279
0.16415,0.0049758,-0.0016116
0.16527,0.0070303,-0.0011354
0.13685,0.0023628,-0.00090674
0.10544,0.0048259,-3.1919e-06
0.078888,-0.0027059,0.00040922
0.05346,0.0057294,0.00051419
0.068791,0.0064417,0.0018152
0.050842,-0.0027696,0.0025425
0.087114,0.0048634,0.0036185
0.10992,0.0069741,0.0051444
0.10843,0.0019017,0.0058942
0.14657,0.00091567,0.0058005
0.13797,-0.0010376,0.0069515
0.10506,-0.0045091,0.0070902
0.064304,0.00066074,0.0076826
0.019057,-0.0094353,0.0082375
-0.032172,0.008065,0.0084287
-0.083776,-0.0053152,0.0099921
-0.099481,-0.0019261,0.0084999
-0.10584,0.0061493,0.011158
-0.076297,-0.025234,0.0088598
-0.013101,0.026356,0.011364
0.053086,-0.037081,0.010952
0.13049,0.029974,0.0097371
0.16153,-0.031644,0.014784
0.23594,-0.0037481,0.0059805
0.25613,0.03351,0.021221
0.21276,-0.13086,-0.0041873
0.23482,1.2073,0.094622
0.21874,2.1364,0.46113
0.38253,1.7161,0.82326
0.38851,1.8038,1.1513
0.37542,1.7791,1.4837
0.55603,1.7853,1.7803
0.4517,1.849,2.0723
0.59717,1.8293,2.3399
0.68504,1.9261,2.5986
0.62895,1.9356,2.8447
0.7875,1.9914,3.0779
0.71533,2.0063,3.299
0.72094,2.045,3.504
0.75983,2.0882,3.7038
0.74824,2.0973,3.8912
0.72505,2.1262,4.0665
0.67046,2.1294,4.2274
0.65176,2.1389,4.374
0.48685,2.1293,4.5068
0.47152,2.1108,4.6221
0.40384,2.0963,4.722
0.31559,2.0649,4.8066
0.38926,2.0571,4.8781
0.35336,2.0507,4.9392
0.43562,2.0102,4.9874
0.47003,1.9763,5.0207
0.46629,1.9413,5.0405
0.45357,1.8942,5.0472
0.31783,1.859,5.0427
0.21351,1.8251,5.0286
0.023171,1.7766,5.0039
-0.14211,1.7253,4.9692
-0.33544,1.6844,4.927
-0.47865,1.6396,4.8773
-0.52427,1.5916,4.82
-0.6028,1.5382,4.7543
-0.58597,1.4796,4.6795
-0.59831,1.4122,4.5957
-0.57326,1.3511,4.5045
-0.55232,1.2959,4.4087
-0.56653,1.207,4.3064
-0.52315,1.1495,4.1962
-0.52689,1.0943,4.0793
-0.5052,1.018,3.9572
-0.51306,0.95891,3.8303
-0.534,0.88374,3.6976
-0.55643,0.82859,3.5634
-0.62673,0.75739,3.4255
-0.64319,0.67241,3.2798
-0.68058,0.61554,3.1327
-0.71237,0.53118,2.983
-0.7191,0.4508,2.8248
-0.72807,0.38259,2.6639
-0.69292,0.27526,2.4972
-0.61514,0.18792,2.3219
-0.49548,0.085448,2.1408
-0.39826,-0.0037968,1.9537
-0.30066,-0.091715,1.7643
-0.19409,-0.19614,1.5671
-0.11332,-0.26877,1.3707
-0.078914,-0.40604,1.1658
-0.054234,-0.46165,0.95956
-0.030676,-0.62326,0.75163
-0.055356,-0.70021,0.53417
-0.030676,-0.83875,0.32977
-0.035911,-0.99634,0.093351
-0.036285,-0.30965,-0.040344
0.083375,0.021119,-0.019499
0.14395,-0.13781,-0.020331
0.21388,-0.033856,-0.023507
0.27969,-0.078631,-0.019398
0.27521,-0.05253,-0.023983
0.34364,-0.048815,-0.020091
0.32606,-0.058172,-0.02369
0.32718,-0.032867,-0.022022
0.36196,-0.055736,-0.023271
0.27782,-0.040901,-0.023773
0.28007,-0.046569,-0.023166
0.22846,-0.036548,-0.024399
0.17686,-0.035528,-0.024028
0.17088,-0.039656,-0.024973
0.085245,-0.036931,-0.025074
0.059817,-0.033455,-0.025677
0.022423,-0.031689,-0.025824
0.010457,-0.037523,-0.026394
0.023545,-0.033122,-0.027698
0.032893,-0.033347,-0.028598
0.077018,-0.034303,-0.029569
0.096463,-0.030287,-0.030604
0.1432,-0.023922,-0.031009
0.15554,-0.028911,-0.031451
0.12488,-0.027551,-0.032685
0.10357,-0.026497,-0.032471
0.069913,-0.029691,-0.033592
0.030276,-0.01955,-0.033345
-0.037407,-0.035892,-0.034319
-0.067696,-0.015449,-0.034668
-0.071436,-0.032214,-0.033944
-0.08041,-0.017312,-0.036513
-0.042642,-0.020881,-0.033618
0.017188,-0.039281,-0.03793
0.081131,0.0083575,-0.033941
0.10207,-0.062746,-0.037574
0.13236,0.036531,-0.036528
0.19593,-0.092146,-0.034211
0.21837,0.051059,-0.043591
0.21388,-0.12841,-0.021257
0.19705,-1.5802,-0.21372
0.25426,-1.9142,-0.6134
0.33578,-1.6546,-0.95463
0.37991,-1.8368,-1.2895
0.54145,-1.7618,-1.6092
0.63867,-1.8363,-1.9014
0.7157,-1.8408,-2.1868
0.81816,-1.8753,-2.4483
0.69888,-1.9398,-2.7045
0.74637,-1.9585,-2.9445
0.7718,-2.0122,-3.1743
0.67794,-2.0195,-3.3889
0.78488,-2.0765,-3.5923
0.7718,-2.1047,-3.789
0.74338,-2.1255,-3.9721
0.72318,-2.1411,-4.1432
0.65924,-2.1432,-4.2993
0.58445,-2.1499,-4.4421
0.47638,-2.1366,-4.5694
0.42553,-2.1214,-4.6802
0.33466,-2.1005,-4.7761
0.33092,-2.0806,-4.8565
0.35785,-2.0716,-4.925
0.37131,-2.0532,-4.9829
0.43263,-2.0172,-5.027
0.42815,-1.9785,-5.0563
0.44273,-1.9367,-5.0718
0.36794,-1.8983,-5.075
0.24454,-1.8651,-5.0682
0.14732,-1.823,-5.0521
-0.046008,-1.7769,-5.0256
-0.20718,-1.7311,-4.989
-0.34291,-1.6874,-4.9445
-0.45659,-1.6467,-4.8928
-0.50969,-1.5966,-4.8339
-0.52988,-1.5312,-4.7657
-0.52876,-1.4725,-4.688
-0.53362,-1.4169,-4.6029
-0.52465,-1.3514,-4.5105
-0.52876,-1.2959,-4.4128
-0.5239,-1.2343,-4.3097
-0.50072,-1.1555,-4.1987
-0.50221,-1.0853,-4.0796
-0.50558,-1.024,-3.9553
-0.50595,-0.95087,-3.8257
-0.52988,-0.89038,-3.6915
-0.54148,-0.83089,-3.5567
-0.56092,-0.74313,-3.4158
-0.60243,-0.6769,-3.2684
-0.60878,-0.61267,-3.1207
-0.64468,-0.51623,-2.9673
-0.67647,-0.44506,-2.8074
-0.63833,-0.36706,-2.6453
-0.6114,-0.25889,-2.4744
-0.55157,-0.17213,-2.2966
-0.40686,-0.074091,-2.1118
-0.28832,0.0095684,-1.9231
-0.1997,0.12198,-1.7304
-0.095368,0.19917,-1.5315
-0.023572,0.30323,-1.3336
-0.008614,0.41465,-1.1241
-0.014597,0.48471,-0.91904
-0.015345,0.67016,-0.70241
-0.038529,0.68351,-0.4904
-0.040025,0.93776,-0.275
-0.054608,0.80077,-0.049473
-0.01871,0.034567,0.013797
0.092723,0.02308,-0.013489
0.15854,0.081231,-0.0017878
0.26062,-0.0046704,-0.006583
0.27707,0.058069,-0.004356
0.28941,0.0032551,-0.0036924
0.34551,0.030825,-0.0048884
0.27633,0.011289,-0.002159
0.30101,0.01382,-0.004176
0.30101,0.014937,-0.0016566
0.25202,0.0017742,-0.0025001
0.23295,0.016365,-0.0015628
0.18172,0.0055307,-0.0011729
0.21089,0.008095,-0.0010192
0.17162,0.0058794,-0.00026563
0.12077,0.0059656,-5.1931e-05
0.093845,-0.00097383,0.00076539
0.043363,0.0034463,0.00071665
0.033267,0.0037724,0.0017177
0.038502,0.0025277,0.0026962
0.074774,0.0076114,0.0034498
0.088236,0.0040798,0.0049082
0.13273,0.0059168,0.0061005
0.16153,-0.0053677,0.0060217
0.14283,0.0030676,0.0069403
0.15106,0.00045079,0.0076976
0.10581,-0.0045991,0.0074951
0.047103,0.0035175,0.0090136
0.0078393,-0.0042355,0.0082787
-0.041147,0.009051,0.0099583
-0.064331,-0.010841,0.0092985
-0.081158,-0.0014312,0.010052
-0.072183,-0.01916,0.011173
-0.015719,0.012736,0.0093622
0.034389,-0.0066986,0.013595
0.11142,-0.014129,0.0083162
0.15181,0.033273,0.015143
0.17013,-0.064958,0.0087511
0.2079,0.093636,0.014517
0.17237,-0.15797,0.012058
0.21762,0.4323,0.01301
0.18359,1.9559,0.27623
0.26623,1.9152,0.67026
0.44834,1.7013,0.99857
0.34924,1.8321,1.3368
0.49508,1.7507,1.6466
0.50069,1.8417,1.94
0.4805,1.8186,2.2196
0.71458,1.8819,2.4792
0.62484,1.9234,2.7332
0.72356,1.9494,2.9703
0.76132,1.9906,3.1976
0.68766,2.0052,3.4079
0.77666,2.0595,3.6103
0.73664,2.0867,3.8041
0.75833,2.0985,3.9845
0.69925,2.1127,4.1519
0.66597,2.111,4.304
0.55042,2.0824,4.4429
0.43189,2.0915,4.5662
0.43338,2.081,4.6732
0.26997,2.0468,4.7639
0.30923,2.0379,4.8411
0.31821,2.0241,4.9076
0.31185,1.9984,4.9614
0.39973,1.9613,5.0012
0.38066,1.9196,5.0267
0.43375,1.8786,5.0385
0.34364,1.8382,5.0387
0.24716,1.7986,5.029
0.11105,1.7534,5.0091
-0.090133,1.7083,4.9792
-0.23036,1.6669,4.9405
-0.4177,1.6092,4.8942
-0.47566,1.5663,4.8408
-0.53437,1.5248,4.7792
-0.54783,1.459,4.7085
-0.51829,1.3984,4.6289
-0.50558,1.3422,4.5412
-0.47342,1.2911,4.4482
-0.49959,1.2265,4.3494
-0.47192,1.1554,4.2431
-0.49137,1.0885,4.1294
-0.52727,1.0227,4.0093
-0.53362,0.9574,3.8849
-0.54409,0.88623,3.7541
-0.54559,0.83061,3.6203
-0.57027,0.76095,3.4847
-0.56391,0.67742,3.3413
-0.58747,0.6167,3.1946
-0.62038,0.54468,3.0467
-0.6458,0.45645,2.8912
-0.65702,0.39203,2.7314
-0.62935,0.29843,2.5681
-0.60542,0.19966,2.3954
-0.52465,0.11266,2.217
-0.40873,0.01223,2.0316
-0.29056,-0.062195,1.8437
-0.17315,-0.17271,1.6492
-0.086393,-0.24277,1.4518
-0.02245,-0.36894,1.2514
0.0067175,-0.44966,1.042
0.011579,-0.55497,0.83744
-0.025067,-0.70867,0.61785
-0.051617,-0.74181,0.41156
-0.044138,-1.025,0.18457
-0.065453,-0.62141,-0.012612
0.009709,0.022116,-0.031005
0.11853,-0.10787,-0.01302
0.17424,-0.070053,-0.024137
0.26212,-0.049681,-0.017002
0.2767,-0.075673,-0.02191
0.30063,-0.030029,-0.019443
0.28867,-0.072183,-0.020901
0.23482,-0.033751,-0.021793
0.27745,-0.047094,-0.020567
0.21425,-0.039829,-0.022506
0.17985,-0.035577,-0.021328
0.18135,-0.041426,-0.022712
0.11628,-0.032559,-0.022663
0.13012,-0.036113,-0.023263
0.10955,-0.032372,-0.023679
0.084497,-0.033616,-0.0239
0.054208,-0.025864,-0.02426
0.019057,-0.032739,-0.02444
0.022423,-0.035877,-0.025554
-0.0078661,-0.029586,-0.026416
0.05159,-0.0301,-0.027545
0.10693,-0.030426,-0.028801
0.13012,-0.027191,-0.029374
0.16938,-0.029845,-0.029449
0.14283,-0.035442,-0.030589
0.14433,-0.021316,-0.030776
0.11404,-0.030745,-0.031399
0.057947,-0.023243,-0.032059
0.011953,-0.023438,-0.031601
-0.039651,-0.024263,-0.033588
-0.054608,-0.016555,-0.031924
-0.066574,-0.03614,-0.034402
-0.050869,-2.5332e-05,-0.032996
-0.0097358,-0.043371,-0.033986
0.072531,-0.0033807,-0.035669
0.12413,-0.037099,-0.031916
0.15629,-0.02063,-0.038998
0.20864,-0.0078045,-0.02937
0.19705,-0.083422,-0.04325
0.2079,0.14407,-0.023683
0.17611,-0.90121,-0.083006
0.16714,-1.9829,-0.42605
0.29465,-1.6964,-0.80486
0.32008,-1.7602,-1.1307
0.42515,-1.8015,-1.4667
0.61474,-1.7746,-1.7657
0.66186,-1.8486,-2.0575
0.80994,-1.8263,-2.328
0.78264,-1.9128,-2.5863
0.71234,-1.928,-2.835
0.81704,-1.9776,-3.0681
0.72468,-1.9976,-3.2904
0.72767,-2.03,-3.497
0.75646,-2.0772,-3.6981
0.72991,-2.09,-3.8873
0.72804,-2.1145,-4.0636
0.66447,-2.1141,-4.2264
0.61624,-2.1183,-4.3746
0.48723,-2.1095,-4.5083
0.43787,-2.0961,-4.6257
0.35859,-2.0805,-4.7286
0.27072,-2.0562,-4.8158
0.29989,-2.0448,-4.8895
0.29615,-2.0286,-4.9529
0.37879,-1.9973,-5.0036
0.39412,-1.9597,-5.0396
0.39748,-1.9167,-5.0615
0.40534,-1.876,-5.07
0.29989,-1.8405,-5.0672
0.24454,-1.803,-5.0554
0.077392,-1.7565,-5.0337
-0.12267,-1.7088,-5.0017
-0.27261,-1.6677,-4.9609
-0.41097,-1.623,-4.9129
-0.45136,-1.5732,-4.8576
-0.50333,-1.5151,-4.7933
-0.51156,-1.4548,-4.7196
-0.49773,-1.3947,-4.6376
-0.50221,-1.3357,-4.5483
-0.4895,-1.2833,-4.4533
-0.48314,-1.2222,-4.3531
-0.4637,-1.1529,-4.2463
-0.47379,-1.0811,-4.1309
-0.47566,-1.0175,-4.0095
-0.49212,-0.94867,-3.8831
-0.52203,-0.88235,-3.7508
-0.52727,-0.82678,-3.6172
-0.54035,-0.74754,-3.4796
-0.5512,-0.67437,-3.3337
-0.5785,-0.61273,-3.1863
-0.60878,-0.5292,-3.036
-0.63795,-0.44816,-2.8773
-0.65366,-0.37617,-2.7159
-0.62898,-0.27736,-2.5483
-0.56391,-0.1867,-2.3716
-0.47005,-0.089874,-2.1894
-0.36572,-0.008828,-2.0015
-0.25541,0.088294,-1.8115
-0.14622,0.19,-1.6138
-0.044886,0.25846,-1.4169
-0.014597,0.39515,-1.2114
0.0052217,0.449,-1.0034
0.038502,0.61775,-0.794
0.00036053,0.68266,-0.57392
0.0067175,0.81515,-0.36822
-0.0037528,1.0001,-0.12973
-0.022824,0.30223,0.012275
0.072531,-0.053344,-0.0061443
0.11853,0.10341,-0.0069654
0.20191,-0.002196,-0.0027476
0.27109,0.050264,-0.0069804
0.25613,0.020737,-0.0019678
0.3298,0.018708,-0.0057094
0.30923,0.030113,-0.0019115
0.27296,0.0030676,-0.0034824
0.27894,0.026188,-0.0025901
0.20416,0.0059956,-0.0015516
0.20154,0.016223,-0.001904
0.17088,0.0079338,-0.00071928
0.13423,0.0053208,-0.0010567
0.13647,0.0021603,-0.0001794
0.11105,0.00054827,-2.9436e-05
0.11479,0.0057856,0.00065666
0.059069,0.00075446,0.00095659
0.02504,0.0078701,0.0015827
0.051964,0.0063367,0.0027337
0.063556,0.0070753,0.0036485
0.070287,0.0031276,0.0046495
0.094593,0.0009719,0.0058343
0.14433,0.0011031,0.0065129
0.1533,-0.0010938,0.0066703
0.14096,-0.00044147,0.0079188
0.11628,-0.0011575,0.0079001
0.099454,0.006198,0.0089386
0.060191,-0.0052515,0.009051
-0.022824,0.0089835,0.009441
-0.037033,-0.0069685,0.010315
-0.053113,0.0049046,0.0092797
-0.060965,0.0022391,0.012047
-0.0059964,-0.013424,0.009246
0.031397,0.017209,0.01298
0.10506,-0.039038,0.010453
0.16078,0.043055,0.012035
0.172,-0.049445,0.013809
0.22921,0.042492,0.00802
0.19743,-0.028664,0.021195
0.2165,-0.016184,-0.0051583
0.23407,1.4881,0.14417
0.21799,2.0871,0.53087
0.41132,1.679,0.87896
0.37019,1.8109,1.2101
0.40496,1.7532,1.5363
0.53023,1.8036,1.8311
0.42889,1.8193,2.1205
0.62521,1.8284,2.3848
0.64316,1.9074,2.643
0.63045,1.915,2.8864
0.76768,1.9734,3.118
0.68242,1.9736,3.3354
0.72393,2.0279,3.5397
0.73702,2.0553,3.7383
0.73029,2.0582,3.9235
0.69776,2.0866,4.0967
0.67233,2.0825,4.2549
0.60876,2.0834,4.3993
0.43749,2.0719,4.5287
0.4547,2.0498,4.6411
0.31522,2.0316,4.7378
0.2595,2.0155,4.8204
0.30549,2.001,4.8913
0.24903,1.9793,4.9508
0.34139,1.9476,4.9973
0.34476,1.9031,5.0287
0.38514,1.8617,5.0462
0.35149,1.8182,5.0515
0.2595,1.7807,5.0457
0.18396,1.7431,5.0303
-0.023198,1.6759,5.0044
-0.15445,1.6348,4.969
-0.34329,1.6132,4.9262
-0.43341,1.5657,4.876
-0.47529,1.5047,4.8182
-0.54035,1.4495,4.7514
-0.48352,1.3918,4.6753
-0.50558,1.3229,4.5902
-0.48501,1.2748,4.4986
-0.48239,1.2191,4.4025
-0.48987,1.151,4.2991
-0.48165,1.0837,4.1878
-0.53437,1.0163,4.0704
-0.52914,0.95612,3.9479
-0.53026,0.88113,3.8197
-0.53138,0.82187,3.687
-0.55269,0.7649,3.5534
-0.56279,0.68282,3.4134
-0.5669,0.60997,3.2668
-0.59644,0.54796,3.1198
-0.60505,0.46463,2.9674
-0.64094,0.38994,2.8078
-0.63234,0.32095,2.6463
-0.61028,0.21595,2.476
-0.56429,0.13171,2.298
-0.46594,0.035489,2.1147
-0.38928,-0.046183,1.9263
-0.25953,-0.14569,1.7346
-0.13538,-0.22894,1.536
-0.062461,-0.31564,1.3387
-0.02058,-0.44121,1.1307
0.0082132,-0.50109,0.92505
0.015692,-0.68224,0.71124
-0.03292,-0.70968,0.49618
-0.03479,-0.92067,0.28511
-0.04339,-0.91214,0.051135
-0.0033789,-0.14694,-0.039909
0.090854,-0.015497,-0.012012
0.12039,-0.12295,-0.020489
0.22734,-0.024274,-0.01831
0.28493,-0.083385,-0.018145
0.28493,-0.035094,-0.020429
0.33167,-0.057153,-0.017924
0.28081,-0.045182,-0.021302
0.27483,-0.034925,-0.018959
0.27109,-0.049445,-0.021115
0.20079,-0.030827,-0.020691
0.20117,-0.043233,-0.020849
0.17387,-0.034288,-0.02167
0.14956,-0.032953,-0.021621
0.13722,-0.031648,-0.022221
0.11628,-0.031824,-0.022382
0.082627,-0.02836,-0.023199
0.038502,-0.031547,-0.023158
0.044859,-0.037369,-0.024035
0.034763,-0.031644,-0.025164
0.055329,-0.028649,-0.026022
0.072905,-0.028668,-0.027203
0.079635,-0.029271,-0.028324
0.12563,-0.02204,-0.028482
0.13273,-0.027251,-0.029063
0.1346,-0.021953,-0.030057
0.11329,-0.023442,-0.029944
0.077018,-0.026662,-0.03108
0.043737,-0.021612,-0.030518
-0.02058,-0.030902,-0.032149
-0.04713,-0.0089742,-0.031661
-0.0576,-0.038378,-0.031954
-0.041521,-0.0078608,-0.033547
0.010083,-0.026733,-0.031174
0.051964,-0.02791,-0.03562
0.12039,-5.9073e-05,-0.030638
0.16602,-0.055668,-0.036715
0.21089,0.038773,-0.031676
0.24492,-0.10658,-0.035084
0.23071,0.11249,-0.036456
0.21799,-0.33978,-0.028643
0.19518,-1.7792,-0.27397
0.27184,-1.8426,-0.67415
0.32943,-1.6709,-1.006
0.38253,-1.8258,-1.3434
0.57996,-1.7413,-1.6556
0.64279,-1.829,-1.9479
0.77366,-1.8111,-2.2291
0.84957,-1.8683,-2.4892
0.7101,-1.9125,-2.7442
0.78675,-1.936,-2.9826
0.76394,-1.977,-3.2103
0.70785,-1.9891,-3.4218
0.75235,-2.0471,-3.6255
0.72244,-2.0637,-3.8208
0.72655,-2.0816,-4.0021
0.67794,-2.0908,-4.1708
0.61885,-2.093,-4.3248
0.49957,-2.0893,-4.4652
0.41319,-2.0727,-4.5893
0.35785,-2.0567,-4.6979
0.26324,-2.0324,-4.7911
0.25763,-2.0136,-4.8693
0.23931,-2.0008,-4.9365
0.2595,-1.9772,-4.9926
0.2954,-1.939,-5.0347
0.31634,-1.8968,-5.0624
0.35785,-1.8552,-5.0767
0.28642,-1.8179,-5.0786
0.20528,-1.7816,-5.071
0.096089,-1.7398,-5.0538
-0.079662,-1.6935,-5.026
-0.19147,-1.6484,-4.9891
-0.33918,-1.6069,-4.9441
-0.45173,-1.5592,-4.8922
-0.4966,-1.5028,-4.8322
-0.51642,-1.4443,-4.7628
-0.4794,-1.3844,-4.685
-0.48202,-1.3244,-4.5989
-0.4809,-1.2711,-4.5062
-0.4521,-1.2186,-4.4086
-0.43079,-1.1509,-4.3043
-0.43453,-1.0708,-4.1916
-0.47155,-1.0073,-4.0718
-0.48202,-0.94442,-3.9474
-0.49548,-0.8719,-3.817
-0.51792,-0.8207,-3.6837
-0.51119,-0.75215,-3.5483
-0.51156,-0.6708,-3.4049
-0.52876,-0.61334,-3.2577
-0.54484,-0.54036,-3.1096
-0.57064,-0.45274,-2.954
-0.60617,-0.38758,-2.7931
-0.59719,-0.29491,-2.629
-0.55157,-0.19717,-2.4548
-0.4895,-0.11186,-2.2746
-0.37956,-0.013687,-2.0876
-0.28159,0.059858,-1.8977
-0.19521,0.17295,-1.7019
-0.075175,0.24069,-1.5022
-0.017589,0.3607,-1.3012
-0.0063704,0.44387,-1.0901
0.058321,0.53363,-0.88471
0.035885,0.70069,-0.66443
-0.0074922,0.71684,-0.45564
0.022423,0.99917,-0.2307
-0.041894,0.66597,-0.021625
0.0040999,-0.032169,0.0090173
0.10095,0.06448,-0.01266
0.13236,0.053304,-0.00033687
0.24118,0.015556,-0.0070479
0.25015,0.049709,-0.0025751
0.26997,-0.0029121,-0.004251
0.31036,0.038672,-0.0033137
0.26773,0.0036899,-0.0017765
0.27595,0.018004,-0.0033362
0.24566,0.015773,-0.00088425
0.21612,0.0076077,-0.0020877
0.19967,0.015679,-0.00066305
0.15891,0.0040986,-0.0006518
0.16078,0.0097633,-0.00032937
0.1432,0.0047134,0.00043171
0.13199,0.0041098,0.00082912
0.11142,0.00070573,0.001264
0.087488,0.00085943,0.001309
0.071035,0.0038099,0.0027824
0.060939,0.0038137,0.0039634
0.10469,0.0048259,0.0047245
0.10843,0.0052495,0.0061304
0.12563,0.00013588,0.0067865
0.16265,0.0038624,0.0068465
0.16115,0.0044772,0.008065
0.14881,-0.00010031,0.0082037
0.10619,0.0069366,0.009381
0.08861,-0.0059188,0.009141
0.058321,0.0095421,0.0095684
0.0044739,-0.0069797,0.010772
-0.016841,0.0022728,0.0095497
-0.030302,-0.00014155,0.012542
-0.0045007,-0.014849,0.0097596
0.036633,0.020759,0.013333
0.087488,-0.036916,0.011004
0.13722,0.043032,0.012482
0.16078,-0.049314,0.014529
0.22585,0.038451,0.0083237
0.21313,-0.022632,0.021667
0.21687,-0.028304,-0.0050421
0.22472,1.4631,0.14112
0.21911,2.0868,0.52766
0.41693,1.6757,0.87796
0.39113,1.8116,1.2107
0.40421,1.7558,1.5387
0.51752,1.7866,1.8347
0.42927,1.8131,2.1256
0.61212,1.8256,2.3915
0.63456,1.8901,2.6511
0.6297,1.9041,2.8963
0.76282,1.9675,3.1302
0.66186,1.9626,3.35
0.7071,2.0083,3.5558
0.72468,2.0403,3.756
0.71383,2.0594,3.9438
0.69551,2.0802,4.1202
0.62559,2.0726,4.2816
0.59455,2.0815,4.4291
0.45619,2.0682,4.5634
0.43413,2.05,4.6808
0.33279,2.0255,4.7813
0.24866,1.9921,4.8672
0.27745,1.9788,4.9407
0.22472,1.965,5.0029
0.28979,1.9384,5.0529
0.29951,1.8948,5.088
0.32756,1.8468,5.1086
0.31409,1.8093,5.1169
0.22323,1.7672,5.1139
0.14881,1.7302,5.1011
-0.030676,1.6893,5.0785
-0.14548,1.6375,5.0456
-0.30627,1.5972,5.0043
-0.4364,1.5538,4.9561
-0.50446,1.5003,4.9003
-0.53923,1.4477,4.8358
-0.50707,1.3929,4.763
-0.52465,1.3309,4.6818
-0.46444,1.2758,4.5932
-0.45098,1.2223,4.4997
-0.44762,1.153,4.3994
-0.43116,1.0866,4.2907
-0.48165,1.0223,4.1748
-0.49548,0.95639,4.0534
-0.50483,0.88162,3.9263
-0.50333,0.82268,3.7932
-0.53736,0.77638,3.6591
-0.5497,0.69406,3.5209
-0.53101,0.62207,3.3747
-0.5411,0.56512,3.2266
-0.54933,0.48525,3.0756
-0.58298,0.40306,2.917
-0.56803,0.33761,2.7553
-0.55045,0.24418,2.5885
-0.54297,0.15057,2.4114
-0.44537,0.060352,2.2299
-0.3575,-0.029939,2.0415
-0.26887,-0.10527,1.8505
-0.14398,-0.21664,1.6529
-0.057226,-0.27852,1.4528
-0.017589,-0.40818,1.2488
0.01644,-0.48113,1.037
0.010083,-0.59694,0.82886
-0.034042,-0.7282,0.6063
-0.012727,-0.77392,0.39899
-0.034042,-1.0403,0.16658
-0.051617,-0.55201,-0.020054
0.053086,0.035253,-0.02699
0.11179,-0.11794,-0.013178
0.1705,-0.056223,-0.023091
0.27259,-0.05716,-0.015911
0.27072,-0.085477,-0.021542
0.28194,-0.036237,-0.018389
0.31709,-0.06446,-0.02047
0.27147,-0.031873,-0.02056
0.2494,-0.048912,-0.019964
0.2049,-0.048601,-0.022052
0.16153,-0.03825,-0.020646
0.14021,-0.038014,-0.022037
0.11479,-0.036226,-0.021865
0.12226,-0.032844,-0.022427
0.099828,-0.031247,-0.022929
0.090854,-0.030572,-0.023252
0.083001,-0.027239,-0.023679
0.067669,-0.03383,-0.023987
0.048599,-0.03088,-0.025318
0.065052,-0.029807,-0.026495
0.11965,-0.03269,-0.027248
0.11703,-0.030996,-0.028606
0.14433,-0.024514,-0.029183
0.1806,-0.02809,-0.02946
0.17125,-0.020705,-0.030255
0.13834,-0.024844,-0.030229
0.11853,-0.026576,-0.031519
0.11105,-0.016045,-0.030941
0.02691,-0.031431,-0.032445
0.00073447,-0.009964,-0.032122
-0.0048746,-0.036379,-0.032422
-0.047877,-0.016202,-0.034068
0.0089611,-0.029384,-0.031541
0.060939,-0.024773,-0.036014
0.10918,-0.00097383,-0.031106
0.16489,-0.057734,-0.037086
0.20042,0.043002,-0.032373
0.23295,-0.10556,-0.035298
0.23669,0.10738,-0.037379
0.20677,-0.3177,-0.027972
0.1533,-1.7622,-0.26967
0.23258,-1.8458,-0.67069
0.28941,-1.6684,-1.0043
0.3212,-1.8252,-1.3434
0.54407,-1.734,-1.6575
0.61063,-1.8194,-1.9515
0.69402,-1.8036,-2.2351
0.79722,-1.8571,-2.4969
0.66261,-1.9002,-2.7536
0.73702,-1.9279,-2.9934
0.72879,-1.9702,-3.2247
0.65213,-1.9713,-3.439
0.74674,-2.0264,-3.6431
0.69701,-2.0489,-3.8398
0.67644,-2.0698,-4.024
0.65513,-2.0755,-4.1964
0.58483,-2.0774,-4.3534
0.50331,-2.0781,-4.497
0.42291,-2.0645,-4.6259
0.3556,-2.0528,-4.7395
0.25501,-2.0252,-4.8373
0.26249,-2.0033,-4.9197
0.24192,-1.9895,-4.9903
0.24267,-1.9665,-5.0495
0.30362,-1.9317,-5.0958
0.31933,-1.8886,-5.1276
0.34775,-1.8443,-5.1448
0.26586,-1.8063,-5.15
0.20266,-1.7738,-5.145
0.10918,-1.7279,-5.1302
-0.0662,-1.6794,-5.1054
-0.18175,-1.6365,-5.0706
-0.32197,-1.5891,-5.0274
-0.42144,-1.5464,-4.9769
-0.48352,-1.4967,-4.9192
-0.4966,-1.4343,-4.8524
-0.49025,-1.3763,-4.7761
-0.48202,-1.321,-4.6926
-0.45659,-1.2649,-4.6027
-0.44575,-1.2111,-4.5069
-0.40873,-1.1539,-4.4057
-0.43116,-1.08,-4.2967
-0.44612,-1.0078,-4.1787
-0.43677,-0.94828,-4.056
-0.45136,-0.87723,-3.9275
-0.48314,-0.82053,-3.7938
-0.51231,-0.76211,-3.6594
-0.49885,-0.67963,-3.5183
-0.52988,-0.61523,-3.3707
-0.54073,-0.55503,-3.2225
-0.54185,-0.47294,-3.069
-0.5684,-0.3945,-2.9082
-0.56204,-0.3225,-2.7451
-0.53437,-0.22194,-2.5741
-0.45958,-0.13756,-2.3945
-0.37657,-0.043559,-2.2103
-0.28458,0.03649,-2.02
-0.18586,0.12228,-1.8274
-0.092376,0.22348,-1.627
-0.010858,0.29805,-1.4272
0.01831,0.43146,-1.2181
0.035137,0.48279,-1.0076
0.036259,0.64333,-0.79505
0.019057,0.70673,-0.5726
0.020553,0.84784,-0.36433
0.0052217,1.0009,-0.12316
0.0029781,0.28269,0.014315
0.07814,-0.051263,-0.006628
0.13685,0.1137,-0.0060094
0.21463,0.0029701,-0.002159
0.28268,0.045934,-0.0059419
0.25239,0.019867,-0.0011842
0.29428,0.018941,-0.0048096
0.28755,0.024294,-0.00097048
0.23482,0.00051453,-0.0027776
0.23931,0.024857,-0.0015666
0.17649,0.004526,-0.0008505
0.15143,0.016272,-0.0012892
0.13423,0.0099095,3.43e-05
0.11853,0.0060968,-0.00034812
0.11965,0.0046797,0.0007129
0.1088,0.0045522,0.0009341
0.11142,0.0067154,0.001459
0.066922,-0.002121,0.0017777
0.069913,0.0057369,0.002445
0.087862,0.0086874,0.0039072
0.084497,0.0058531,0.004687
0.12339,0.0070828,0.005748
0.1376,0.0038024,0.007154
0.16527,0.0009944,0.0071877
0.19481,0.0073002,0.008125
0.18209,-0.0013675,0.0087511
0.16003,-0.00058768,0.0089573
0.11142,-0.0054202,0.01006
0.067295,0.0024153,0.0095984
0.02691,0.0039974,0.011525
0.0029781,-0.012794,0.010135
-0.01011,0.017884,0.012002
-0.013849,-0.020161,0.011638
0.035885,0.019571,0.011199
0.077018,-0.015074,0.014367
0.1376,0.0014293,0.0096772
0.17948,0.01623,0.017142
0.21238,-0.049921,0.00805
0.22622,0.090817,0.019103
0.18957,-0.18317,0.007154
0.22173,0.69036,0.035565
0.17574,2.0556,0.34401
0.29128,1.812,0.73051
0.3915,1.7179,1.0565
0.30512,1.7979,1.396
0.46891,1.7322,1.7016
0.42777,1.816,1.9972
0.45731,1.7797,2.2747
0.61811,1.859,2.5361
0.52462,1.8776,2.7896
0.65213,1.9139,3.0274
0.66485,1.9413,3.256
0.62185,1.9536,3.4668
0.68317,2.0041,3.6707
0.6555,2.018,3.8651
0.66934,2.0387,4.0466
0.61175,2.0382,4.2152
0.57323,2.0379,4.3689
0.45395,2.0314,4.51
0.39674,2.0134,4.6346
0.35373,1.9953,4.7428
0.21724,1.9716,4.8363
0.25875,1.9532,4.9159
0.21051,1.9394,4.9843
0.23482,1.9128,5.0411
0.30512,1.8707,5.0838
0.31335,1.8271,5.1118
0.35074,1.7817,5.1255
0.25352,1.7408,5.1281
0.21276,1.7026,5.1205
0.067295,1.6589,5.1024
-0.10135,1.6094,5.0743
-0.20044,1.5658,5.037
-0.35488,1.5327,4.9922
-0.40948,1.4699,4.9399
-0.45547,1.4102,4.8793
-0.4551,1.3707,4.8093
-0.46818,1.3072,4.73
-0.45659,1.2515,4.643
-0.41845,1.1988,4.5504
-0.43565,1.1347,4.4526
-0.40312,1.0734,4.3472
-0.43902,1.0082,4.2345
-0.47566,0.94507,4.1155
-0.47791,0.88092,3.9916
-0.49137,0.81543,3.8615
-0.49959,0.76229,3.7278
-0.51081,0.69891,3.5921
-0.5052,0.61507,3.4487
-0.53624,0.55305,3.3013
-0.5325,0.49567,3.1529
-0.53923,0.41002,2.9972
-0.56279,0.34312,2.8356
-0.5497,0.25798,2.6715
-0.53325,0.15325,2.4971
-0.46669,0.086228,2.3164
-0.39938,-0.011887,2.1307
-0.28421,-0.08211,1.9399
-0.17689,-0.18661,1.746
-0.096116,-0.27491,1.5456
-0.008614,-0.35455,1.3459
0.0074654,-0.47284,1.1346
0.042989,-0.53002,0.92676
0.023171,-0.7062,0.7093
-0.023945,-0.72748,0.49254
-0.010858,-0.95266,0.27723
-0.031424,-0.8934,0.043322
0.015318,-0.11642,-0.038515
0.12077,-0.025451,-0.01016
0.16078,-0.11636,-0.01999
0.23781,-0.027521,-0.016908
0.28231,-0.084884,-0.017396
0.25127,-0.032597,-0.018985
0.29876,-0.063519,-0.017084
0.27072,-0.042577,-0.020301
0.22323,-0.037478,-0.017969
0.23744,-0.05187,-0.020121
0.18284,-0.032481,-0.019566
0.15966,-0.041474,-0.020282
0.15554,-0.029448,-0.02077
0.12526,-0.03377,-0.020365
0.11479,-0.031015,-0.021276
0.12077,-0.029125,-0.021756
0.093097,-0.027266,-0.022176
0.064678,-0.025987,-0.022138
0.047477,-0.031341,-0.023349
0.049346,-0.029181,-0.024515
0.094967,-0.026141,-0.025295
0.087488,-0.033703,-0.026596
0.10918,-0.026909,-0.027668
0.16639,-0.023573,-0.027822
0.17088,-0.030089,-0.028804
0.16788,-0.018692,-0.028767
0.14096,-0.026242,-0.02964
0.10768,-0.016281,-0.030086
0.048599,-0.027018,-0.029937
0.003352,-0.016866,-0.031477
-0.0048746,-0.021968,-0.03012
-0.035911,-0.030921,-0.032988
-0.022824,-0.0024884,-0.030641
0.023919,-0.043878,-0.033232
0.085992,0.014543,-0.032351
0.1189,-0.054446,-0.031545
0.16639,0.0085711,-0.036246
0.23183,-0.02938,-0.027616
0.22173,-0.037613,-0.042785
0.22472,0.084057,-0.016406
0.17125,-1.199,-0.12461
0.18135,-1.9932,-0.49977
0.28418,-1.6465,-0.86301
0.27969,-1.7811,-1.1928
0.43151,-1.7519,-1.525
0.5953,-1.7641,-1.8215
0.63007,-1.8069,-2.1138
0.76506,-1.7957,-2.3822
0.69439,-1.875,-2.6425
0.64914,-1.882,-2.8901
0.72318,-1.9354,-3.1256
0.62708,-1.9382,-3.3483
0.66672,-1.9767,-3.5557
0.68878,-2.0167,-3.7579
0.64952,-2.0282,-3.9482
0.62745,-2.0441,-4.1268
0.58632,-2.0403,-4.2907
0.52986,-2.0456,-4.4408
0.38926,-2.0294,-4.576
0.34364,-2.0111,-4.6949
0.24267,-1.9928,-4.7993
0.19182,-1.967,-4.8879
0.21537,-1.9517,-4.9635
0.17948,-1.9338,-5.0284
0.25053,-1.9035,-5.0811
0.28194,-1.8623,-5.1196
0.31335,-1.8158,-5.1434
0.29727,-1.775,-5.1539
0.21351,-1.7381,-5.1535
0.15854,-1.6988,-5.1432
0.024667,-1.6538,-5.1231
-0.11369,-1.6076,-5.0931
-0.24046,-1.564,-5.0541
-0.32646,-1.5208,-5.0076
-0.39639,-1.4772,-4.9541
-0.43229,-1.4183,-4.8918
-0.43004,-1.3556,-4.8195
-0.44463,-1.3017,-4.7384
-0.4106,-1.2428,-4.6499
-0.40574,-1.187,-4.5553
-0.40648,-1.1313,-4.4558
-0.40387,-1.0659,-4.3494
-0.40611,-0.99468,-4.2342
-0.41135,-0.93547,-4.1131
-0.44949,-0.8747,-3.9875
-0.44837,-0.80939,-3.8555
-0.44837,-0.75759,-3.722
-0.45584,-0.67966,-3.5845
-0.4637,-0.60519,-3.4387
-0.48464,-0.55307,-3.2906
-0.50782,-0.4763,-3.1401
-0.52689,-0.39349,-2.9816
-0.52315,-0.32975,-2.8188
-0.5168,-0.2343,-2.6512
-0.4637,-0.14116,-2.4729
-0.37694,-0.062101,-2.2897
-0.30702,0.030638,-2.1
-0.22176,0.1035,-1.9074
-0.11294,0.21265,-1.7091
-0.035911,0.27494,-1.5079
0.0022302,0.3985,-1.3038
0.045607,0.47426,-1.0904
0.026162,0.56712,-0.88231
0.0055957,0.72196,-0.65842
0.047851,0.74997,-0.44813
0.012327,1.0292,-0.21783
-0.03292,0.62106,-0.01386
0.053834,-0.048882,0.0077913
0.14507,0.077208,-0.011521
0.17574,0.047628,0.0002705
0.24155,0.017959,-0.0067179
0.26324,0.044175,-0.0015666
0.25838,0.0047472,-0.0036736
0.26997,0.038608,-0.0022789
0.23557,0.0030076,-0.0013604
0.23669,0.021325,-0.0024626
0.21126,0.0098383,-4.8182e-05
0.16676,0.011998,-0.0013117
0.16676,0.011507,0.00018427
0.15891,-0.00060268,9.8036e-05
0.15854,0.010907,0.0004992
0.1376,0.001658,0.0012678
0.12002,0.0034837,0.0016127
0.097958,0.0038811,0.0019501
0.060939,0.0067491,0.0024375
0.06393,0.0066254,0.003716
0.072905,0.004421,0.0045708
0.084123,0.0043273,0.0057218
0.11666,0.007349,0.0071802
0.14171,0.0024078,0.0076601
0.1619,0.0013618,0.0079525
0.17013,0.0030414,0.0090698
0.14134,-0.00034775,0.0088673
0.09908,0.0071465,0.010172
0.070287,-0.0048953,0.0099696
0.02878,0.0095009,0.010633
0.00036053,-0.0076808,0.011638
-0.00076128,0.0064305,0.010494
-0.010484,-0.00019029,0.013216
0.013822,-0.011036,0.010449
0.060939,0.023878,0.014446
0.11628,-0.039772,0.011331
0.16228,0.037356,0.0137
0.17611,-0.052451,0.014821
0.21463,0.048056,0.0098534
0.18135,-0.043349,0.022076
0.18247,0.016669,-0.0035686
0.16826,1.5349,0.158
0.1619,2.0499,0.54801
0.37505,1.6544,0.89417
0.34064,1.7967,1.2278
0.3657,1.7225,1.5534
0.48424,1.7698,1.8489
0.38776,1.7682,2.1384
0.5579,1.7852,2.4036
0.55603,1.8587,2.6636
0.53771,1.8607,2.9084
0.66522,1.9145,3.1418
0.57884,1.9036,3.3607
0.6211,1.9538,3.5678
0.63606,1.9877,3.769
0.63306,1.995,3.9565
0.62783,2.0064,4.1319
0.58333,2.001,4.2922
0.50592,2.0032,4.4395
0.36869,1.986,4.5723
0.33952,1.9609,4.6879
0.21687,1.9329,4.7871
0.1963,1.9124,4.8718
0.19892,1.8996,4.9453
0.16265,1.8769,5.0074
0.26735,1.8373,5.056
0.26062,1.795,5.0896
0.2954,1.7515,5.1094
0.27483,1.7115,5.1176
0.20752,1.6758,5.1149
0.12787,1.6305,5.1019
-0.050121,1.586,5.0788
-0.14473,1.5427,5.0459
-0.28907,1.5015,5.0049
-0.36348,1.4587,4.957
-0.39863,1.4057,4.9013
-0.42294,1.3467,4.8364
-0.37993,1.2905,4.7619
-0.39452,1.2304,4.6787
-0.36535,1.1703,4.589
-0.39265,1.1216,4.4943
-0.39601,1.0618,4.3917
-0.40312,0.99336,4.2813
-0.45547,0.93114,4.1643
-0.43303,0.86638,4.0422
-0.45809,0.79839,3.914
-0.45996,0.75154,3.7815
-0.45846,0.69358,3.6479
-0.4521,0.61124,3.5074
-0.44238,0.5529,3.3614
-0.46893,0.49433,3.2142
-0.4708,0.41317,3.0614
-0.52166,0.33962,2.9016
-0.52353,0.27419,2.7393
-0.49473,0.1706,2.5692
-0.47828,0.088676,2.39
-0.40835,0.0034313,2.2063
-0.32646,-0.084805,2.0157
-0.21166,-0.16441,1.8231
-0.12005,-0.26236,1.6226
-0.05947,-0.32773,1.4222
-0.021328,-0.45815,1.2138
-0.0041267,-0.51001,1.0019
0.019057,-0.65687,0.79031
-0.014971,-0.73832,0.56717
-0.028059,-0.84555,0.35913
-0.031424,-1.0324,0.11906
-0.025067,-0.36485,-0.03186
0.096089,0.037071,-0.016338
0.15554,-0.13426,-0.013193
0.20715,-0.032316,-0.018468
0.2853,-0.066578,-0.013376
0.24492,-0.049445,-0.018535
0.24903,-0.038955,-0.014869
0.23931,-0.056343,-0.018104
0.21089,-0.029091,-0.016668
0.21949,-0.049868,-0.017504
0.16302,-0.02848,-0.018502
0.16041,-0.040128,-0.017995
0.14246,-0.037099,-0.01927
0.12451,-0.032012,-0.018595
0.14433,-0.03347,-0.01948
0.11965,-0.027862,-0.019968
0.1174,-0.029515,-0.020324
0.076644,-0.02622,-0.02041
0.041494,-0.033249,-0.02125
0.058695,-0.028818,-0.022431
0.079635,-0.027937,-0.023278
0.094593,-0.034685,-0.024437
0.11404,-0.025871,-0.025662
0.14919,-0.024206,-0.026034
0.14732,-0.030561,-0.026615
0.13947,-0.017901,-0.027293
0.12301,-0.022478,-0.027031
0.097584,-0.022294,-0.028452
0.060939,-0.015584,-0.027976
-0.0045007,-0.02908,-0.029468
-0.013101,-0.012187,-0.028913
-0.01871,-0.034816,-0.029378
-0.0078661,-0.0047603,-0.030679
0.042242,-0.027693,-0.028868
0.072531,-0.017499,-0.032947
0.13311,-0.0055026,-0.027923
0.16564,-0.050461,-0.034541
0.18471,0.043058,-0.028392
0.20677,-0.10774,-0.033798
0.20117,0.12734,-0.03213
0.15891,-0.41273,-0.030953
0.10768,-1.8325,-0.29234
0.20079,-1.8131,-0.69086
0.26212,-1.6641,-1.0211
0.30886,-1.8019,-1.3603
0.51266,-1.7098,-1.6717
0.57323,-1.7939,-1.9657
0.67906,-1.7628,-2.2471
0.7359,-1.8205,-2.5087
0.58632,-1.8564,-2.765
0.67644,-1.8776,-3.0044
0.64017,-1.9117,-3.2337
0.56837,-1.9212,-3.4473
0.65326,-1.9745,-3.6534
0.62633,-1.9848,-3.8503
0.61923,-2.0001,-4.0337
0.56463,-2.0026,-4.2043
0.52537,-2.0005,-4.3598
0.41244,-1.9944,-4.5021
0.32045,-1.9756,-4.6286
0.26324,-1.9583,-4.7397
0.15592,-1.9327,-4.8355
0.20864,-1.914,-4.917
0.16639,-1.897,-4.9871
0.16788,-1.8694,-5.0459
0.25726,-1.8294,-5.0908
0.26773,-1.7834,-5.1207
0.30662,-1.7427,-5.1367
0.24903,-1.7051,-5.1413
0.1963,-1.6672,-5.1359
0.098706,-1.6259,-5.1208
-0.06994,-1.5813,-5.0959
-0.18885,-1.5366,-5.0611
-0.29655,-1.4925,-5.0182
-0.35563,-1.4532,-4.9684
-0.40349,-1.4003,-4.9101
-0.39676,-1.3344,-4.8421
-0.38966,-1.2771,-4.7652
-0.37283,-1.2209,-4.6804
-0.34628,-1.1686,-4.5891
-0.37806,-1.1156,-4.4925
-0.36423,-1.0526,-4.39
-0.38854,-0.98448,-4.2788
-0.42294,-0.92556,-4.1597
-0.40985,-0.86211,-4.0361
-0.42144,-0.79183,-3.9058
-0.43677,-0.74749,-3.7729
-0.42817,-0.68004,-3.6381
-0.41546,-0.59746,-3.4945
-0.43416,-0.54408,-3.3473
-0.44163,-0.47891,-3.1987
-0.45472,-0.39481,-3.0426
-0.48651,-0.32976,-2.881
-0.48501,-0.24999,-2.7162
-0.45397,-0.14668,-2.5411
-0.39377,-0.073881,-2.3594
-0.30739,0.023294,-2.1727
-0.22251,0.094071,-1.9806
-0.14099,0.19244,-1.7851
-0.049747,0.27334,-1.5829
-0.0063704,0.35306,-1.381
0.021675,0.47729,-1.1678
0.055703,0.52861,-0.95828
0.022423,0.7009,-0.73895
-0.0015092,0.72685,-0.52022
0.015692,0.94379,-0.30414
-0.017962,0.88095,-0.067574
0.0048478,0.095796,0.017363
0.11142,0.0020254,-0.011393
0.15741,0.092725,-0.0013379
0.23781,-0.0054726,-0.0040898
0.27184,0.061338,-0.0036924
0.23632,0.0067004,-0.0017091
0.27184,0.029397,-0.0038236
0.23557,0.018274,-0.00039311
0.21874,0.011972,-0.0025076
0.21537,0.023443,-0.0002019
0.16751,0.0059806,-0.00078302
0.16489,0.01626,-6.3179e-05
0.13386,0.0040273,0.00073914
0.13947,0.0087099,0.00040172
0.15442,0.0058869,0.0014777
0.15106,0.0020741,0.0017627
0.13236,0.0066854,0.0022351
0.090854,0.0021453,0.0025462
0.081879,0.0064942,0.003626
0.067669,0.0072253,0.0049082
0.077018,-0.0003515,0.0057593
0.10768,0.0068091,0.0072252
0.13573,0.0019954,0.0082075
0.16527,0.00345,0.0082975
0.16826,0.0045822,0.009471
0.15442,-0.00076389,0.0092985
0.129,0.0062618,0.010311
0.093097,-0.0071597,0.010374
0.053086,0.0067004,0.010854
0.018684,-0.011025,0.012099
0.003352,0.0059206,0.010832
-0.029555,-0.013717,0.013595
0.0022302,-0.028953,0.010937
0.068043,0.027567,0.014634
0.10319,-0.037947,0.012212
0.15629,0.04082,0.013704
0.15143,-0.046925,0.015668
0.20191,0.039336,0.0095647
0.19144,-0.024986,0.023065
0.16826,-0.022055,-0.0035049
0.17387,1.4627,0.14341
0.15891,2.0687,0.53079
0.34924,1.6569,0.88167
0.32008,1.7798,1.2149
0.36607,1.7215,1.5437
0.48125,1.7559,1.841
0.34887,1.7701,2.1328
0.52126,1.7759,2.4004
0.53584,1.8444,2.6621
0.52088,1.8446,2.9087
0.65251,1.8957,3.1448
0.55117,1.8939,3.3669
0.57623,1.9339,3.5747
0.61325,1.9697,3.7773
0.60838,1.972,3.9673
0.57062,1.9829,4.1457
0.53285,1.9844,4.3093
0.48199,1.9762,4.4592
0.34177,1.9657,4.5956
0.30961,1.9498,4.715
0.18172,1.924,4.8187
0.15667,1.9007,4.908
0.17985,1.881,4.9847
0.13124,1.8608,5.0499
0.21949,1.826,5.1027
0.24791,1.7827,5.1408
0.29914,1.74,5.1643
0.26548,1.7006,5.1753
0.21276,1.6534,5.1751
0.14096,1.6127,5.1647
-0.043016,1.5739,5.1444
-0.1264,1.5195,5.1139
-0.27187,1.4862,5.0752
-0.34553,1.4461,5.0295
-0.38031,1.3886,4.9755
-0.41135,1.3406,4.9129
-0.36423,1.2791,4.8411
-0.39414,1.2162,4.7595
-0.37283,1.169,4.6711
-0.3762,1.1203,4.5779
-0.38255,1.0607,4.4777
-0.3762,0.98853,4.3696
-0.4005,0.92737,4.2544
-0.41995,0.87372,4.1338
-0.4435,0.7994,4.0078
-0.41882,0.7471,3.8759
-0.44276,0.69536,3.7421
-0.42331,0.61687,3.6038
-0.40648,0.55815,3.4586
-0.44051,0.49823,3.3112
-0.43565,0.42372,3.1598
-0.47267,0.34602,3.0009
-0.49959,0.28326,2.8379
-0.50296,0.19443,2.67
-0.46407,0.099998,2.4914
-0.38554,0.028898,2.3087
-0.30365,-0.067279,2.1197
-0.21578,-0.13342,1.9269
-0.13687,-0.23928,1.7296
-0.066574,-0.30699,1.5271
-0.028059,-0.41209,1.3232
-0.008614,-0.51121,1.1083
-0.002631,-0.57945,0.89872
-0.022824,-0.74508,0.6752
-0.038903,-0.75469,0.46058
-0.037781,-1.0213,0.23556
-0.056478,-0.76627,0.013704
0.03738,-0.019202,-0.032868
0.14395,-0.075662,-0.0076365
0.16041,-0.094898,-0.019874
0.25987,-0.02959,-0.013538
0.25913,-0.081105,-0.016987
0.22024,-0.02565,-0.016432
0.23744,-0.060906,-0.016203
0.19182,-0.032409,-0.018333
0.19518,-0.041902,-0.01623
0.18322,-0.041351,-0.018685
0.16564,-0.031285,-0.017774
0.15181,-0.040211,-0.018828
0.12974,-0.02634,-0.019056
0.13311,-0.033789,-0.019233
0.12226,-0.030017,-0.020072
0.13199,-0.031592,-0.02017
0.10394,-0.029001,-0.020582
0.068043,-0.027506,-0.020995
0.059443,-0.030685,-0.022247
0.061686,-0.027607,-0.023248
0.079635,-0.030921,-0.02393
0.11142,-0.031674,-0.025588
0.15816,-0.022756,-0.026251
0.17723,-0.025462,-0.026611
0.16265,-0.019539,-0.027387
0.14807,-0.021661,-0.027312
0.13647,-0.024551,-0.028722
0.080383,-0.019801,-0.028032
0.019057,-0.02818,-0.029577
-0.0041267,-0.0058888,-0.029153
-0.011232,-0.032735,-0.029562
-0.014597,-0.0052964,-0.031267
0.0026042,-0.026553,-0.028876
0.048972,-0.022988,-0.033285
0.10432,-0.00060268,-0.028253
0.15255,-0.059365,-0.034492
0.19032,0.039909,-0.029149
0.18546,-0.10413,-0.032771
0.18957,0.11637,-0.034087
0.17499,-0.35206,-0.026997
0.087114,-1.794,-0.27504
0.172,-1.8331,-0.67571
0.2509,-1.6523,-1.0086
0.27371,-1.7964,-1.3486
0.4962,-1.7016,-1.6627
0.57585,-1.7835,-1.9582
0.64765,-1.7552,-2.2424
0.69776,-1.8059,-2.5055
0.55902,-1.842,-2.7635
0.62409,-1.8644,-3.0048
0.58595,-1.9016,-3.2378
0.52948,-1.901,-3.4537
0.61773,-1.9536,-3.6606
0.57585,-1.9703,-3.86
0.55865,-1.9872,-4.0467
0.52948,-1.9885,-4.2215
0.5048,-1.9864,-4.3807
0.40496,-1.9822,-4.5268
0.31073,-1.9612,-4.657
0.25277,-1.9475,-4.7717
0.13311,-1.9213,-4.8718
0.16751,-1.8964,-4.9567
0.15517,-1.8829,-5.0301
0.15779,-1.8593,-5.0925
0.23295,-1.8218,-5.1413
0.25501,-1.7778,-5.1755
0.31372,-1.7332,-5.1957
0.25613,-1.6925,-5.2032
0.17162,-1.6552,-5.2001
0.069165,-1.6169,-5.1876
-0.065453,-1.5698,-5.1648
-0.15333,-1.5251,-5.1325
-0.29206,-1.485,-5.0921
-0.35712,-1.4399,-5.0443
-0.3818,-1.3928,-4.9889
-0.39601,-1.3323,-4.924
-0.36161,-1.272,-4.849
-0.35152,-1.2203,-4.7658
-0.35787,-1.1645,-4.6754
-0.35488,-1.1103,-4.5793
-0.35563,-1.0526,-4.4778
-0.38741,-0.98416,-4.3685
-0.38704,-0.91802,-4.251
-0.39714,-0.86122,-4.1285
-0.41135,-0.79665,-4.0004
-0.40536,-0.74526,-3.8675
-0.40798,-0.68753,-3.7335
-0.38704,-0.60889,-3.5928
-0.41209,-0.55134,-3.4456
-0.43715,-0.49147,-3.2973
-0.45248,-0.41544,-3.1438
-0.48688,-0.33788,-2.9825
-0.48426,-0.27154,-2.8182
-0.4723,-0.16681,-2.6461
-0.41359,-0.087553,-2.4639
-0.32235,-0.011374,-2.2781
-0.24046,0.086599,-2.0854
-0.14361,0.13699,-1.8911
-0.0662,0.24359,-1.69
-0.0097358,0.32156,-1.4872
0.010831,0.44101,-1.2789
0.015318,0.50587,-1.0641
0.011205,0.63312,-0.85217
-0.017215,0.74186,-0.62553
0.0022302,0.80401,-0.41511
-0.015719,1.0512,-0.17582
-0.01871,0.46636,0.0033373
0.097958,-0.069911,0.0018751
0.15143,0.10892,-0.0086188
0.18583,0.022919,0.00037172
0.25838,0.035452,-0.0060656
0.24192,0.035796,-0.00032187
0.23332,0.0042485,-0.0039211
0.22958,0.037109,-0.0010492
0.19406,0.0043685,-0.0013679
0.20378,0.025997,-0.0014766
0.172,0.010986,0.00028924
0.15143,0.012016,-0.00074928
0.1619,0.0086536,0.00099784
0.16489,0.0069553,0.00062292
0.15854,0.011893,0.001249
0.14096,0.0049384,0.0019764
0.14919,0.0064867,0.0023138
0.096463,0.0040573,0.0026325
0.070287,0.008185,0.0032698
0.080757,0.0049683,0.0038659
0.067295,0.0041886,0.0040422
0.11927,0.0052458,0.0047957
0.15181,0.0011818,0.0050732
0.17499,-0.00084637,0.0051032
0.20341,-0.00030651,0.0052681
0.17611,-0.00050521,0.0052306
0.14994,-0.0054539,0.0051182
0.11179,-0.0035007,0.0051482
0.054582,-0.0007039,0.0052081
-0.002631,-0.003212,0.0052156
-0.0093619,-0.0046741,0.0052606
0.0059696,-0.0047678,0.0050882
-0.014223,-0.003047,0.0051557
0.019057,-0.0047791,0.0053019
0.075522,-0.0063949,0.0052494
