0.060565,-0.018864,2.3052e-05
0.078514,-0.014512,0.00022926
0.075148,-0.019944,0.00019551
0.052712,-0.0066048,0.00050669
0.048599,-0.009619,0.0010991
0.072905,-0.014541,0.0011366
0.072905,-0.008052,0.0015902
0.055703,-0.02162,0.0017139
0.065052,-0.0075946,0.0020289
0.07627,-0.019801,0.00234
0.082253,-0.013953,0.0020176
0.073278,-0.013267,0.0028049
0.075148,-0.017871,0.0023963
0.09048,-0.00049771,0.0029287
0.09908,-0.035671,0.00264
0.088236,0.020366,0.0029174
0.073652,-0.045823,0.0032961
0.091601,-0.0053039,0.0018489
0.081879,-0.020694,0.0042634
0.074774,-0.032754,0.0013615
0.057573,0.043789,0.0046045
0.073652,-0.12305,0.001339
0.058321,0.13064,0.0031649
0.048972,-0.27312,0.0033598
0.065052,0.6086,0.0011478
0.049346,2.8677,0.14283
0.19144,2.9545,0.35967
0.14171,2.7104,0.5243
0.21986,2.6479,0.69166
0.3227,2.6517,0.83711
0.087114,2.8805,0.95624
0.28867,2.5574,1.0656
0.26212,2.4847,1.1567
0.074026,2.3929,1.2371
0.24978,2.3172,1.3054
0.078888,2.2677,1.3637
0.059817,2.1414,1.409
0.12787,2.1376,1.4442
0.064678,2.0621,1.4689
0.14732,1.9959,1.485
0.071409,1.9124,1.4949
0.057573,1.8236,1.4941
0.047851,1.7571,1.4831
0.0026042,1.6748,1.4628
0.010083,1.5903,1.4351
-0.015345,1.4949,1.4013
0.017188,1.4039,1.3604
-0.0093619,1.3008,1.3114
-0.031424,1.2054,1.2551
-0.0015092,1.1111,1.1944
0.0014823,1.0063,1.1284
-0.00824,0.90897,1.0588
-0.002257,0.78521,0.98415
-0.046756,0.67337,0.90349
-0.12005,0.55479,0.81939
-0.13127,0.44976,0.73465
-0.18175,0.31729,0.64508
-0.18063,0.19758,0.54896
-0.12902,0.085403,0.45551
-0.11369,-0.10581,0.34826
-0.028059,-0.20912,0.24065
0.009709,-0.46336,0.11905
0.048225,-0.40303,0.0073602
0.13012,-0.00041148,-0.0057694
0.13124,-0.032604,0.0061642
0.14694,-0.047705,-0.0004006
0.14433,-0.0090942,0.0037797
0.10843,-0.035877,0.0012865
0.1088,-0.0090117,0.0023775
0.098706,-0.031701,0.0019876
0.068791,-0.012821,0.0014027
0.087488,-0.018152,0.0024375
0.15181,-0.016802,0.0013053
0.16527,-0.013394,0.0018901
0.16714,-0.017758,0.001219
0.20079,-0.0098852,0.0015077
0.20565,-0.013424,0.0011516
0.17798,-0.01152,0.00076164
0.17162,-0.015344,0.00078788
0.15928,-0.0099977,0.00050295
0.16078,-0.01248,0.00038297
0.17985,-0.011107,6.4293e-05
0.1361,-0.0060237,0.00014303
0.13348,-0.011958,-0.00013816
0.12301,-0.011111,-0.00039311
0.088984,-0.0063799,-0.00022064
0.07814,-0.0073471,-0.00027313
0.039624,-0.011838,-0.00049808
0.027658,-0.0035944,-0.00049058
-0.02058,-0.0047453,-0.00032187
-0.038903,-0.015992,-0.00058056
-0.026563,-0.011085,-0.00055057
-0.031798,-0.0051202,-0.00025439
-0.0045007,-0.0049553,-0.00053182
-0.021328,-0.0050715,-0.00056932
0.022797,-0.0049103,-0.00029188
0.035511,-0.0041193,-0.00019815
0.0026042,-0.0027734,-0.00027688
0.032519,-0.0035644,-0.0004156
-0.021702,-0.0061175,-0.0002094
-0.00038735,-0.0047978,-0.00027313
0.031023,-0.0030583,-0.00027313
-0.0030049,-0.0030508,-0.00012691
0.020179,-0.0034069,-0.00037061
0.011579,-0.004138,-0.00014941
0.055329,-0.0038118,-0.00016816
0.10619,-0.0024809,-0.00028063
0.13012,-0.0006964,-6.3179e-05
0.15779,-0.0021548,-5.1931e-05
0.15181,-0.0052327,-0.00021315
0.18359,-0.0056451,-0.00095923
0.18359,-0.0055026,-0.0012704
0.17237,-0.008948,-0.0016341
0.17686,-0.008723,-0.0022902
0.16115,-0.0046216,-0.0020877
0.18359,-0.0071822,-0.0027551
0.172,-0.010058,-0.0026276
0.1376,-0.013713,-0.0027813
0.13535,-0.00010406,-0.0031862
0.1174,-0.011801,-0.0028076
0.11179,-0.006931,-0.0038948
0.10992,-0.00088011,-0.0025826
0.073278,-0.018009,-0.0044122
0.061686,0.013205,-0.0026726
0.073652,-0.025837,-0.0033849
0.065426,0.014757,-0.0042173
0.042989,-0.022572,-0.001844
0.038502,0.0013243,-0.0061031
0.039998,0.011814,0.0012003
0.035885,-0.057205,-0.0091812
0.02878,0.12742,0.0068578
-0.040773,-0.82279,-0.043895
-0.0097358,-1.8296,-0.28715
0.040746,-1.7182,-0.52544
0.03065,-1.8785,-0.71522
0.10955,-1.9751,-0.90278
0.095715,-2.0213,-1.0552
0.18209,-2.1086,-1.1973
0.29278,-2.0705,-1.3118
0.2049,-2.1246,-1.4058
0.25987,-2.1201,-1.4866
0.27147,-2.1209,-1.5531
0.21575,-2.0827,-1.6083
0.25987,-2.0439,-1.6474
0.20827,-2.0088,-1.6766
0.19182,-1.9639,-1.6951
0.18658,-1.9311,-1.706
0.16265,-1.866,-1.7085
0.1346,-1.8005,-1.7005
0.059443,-1.7222,-1.683
0.0658,-1.6516,-1.6568
0.020927,-1.5789,-1.624
-0.019832,-1.4863,-1.5824
0.037754,-1.4043,-1.5321
0.057199,-1.3138,-1.476
0.063556,-1.2207,-1.414
0.072157,-1.1238,-1.3473
0.033641,-1.0141,-1.2737
0.030276,-0.93094,-1.1979
0.033267,-0.8082,-1.1187
-0.02058,-0.69109,-1.0307
-0.06807,-0.59545,-0.94274
-0.13725,-0.47118,-0.85084
-0.18997,-0.36134,-0.7549
-0.21278,-0.22485,-0.65275
-0.21017,-0.12656,-0.54981
-0.1537,0.059321,-0.4395
-0.11107,0.17323,-0.31876
-0.072931,0.34166,-0.20062
-0.042268,0.55471,-0.061201
-0.0030049,0.16439,0.011106
0.050094,-0.052658,-0.0040598
0.057947,0.056506,-0.0025864
0.094219,-0.0042692,-0.0016453
0.12189,0.023387,-0.0036136
0.11479,0.0057444,-0.0012067
0.14246,0.0062393,-0.003235
0.11067,0.015593,-0.001083
0.072531,-0.0017424,-0.0024327
0.12862,0.010712,-0.0016003
0.13984,-0.0027396,-0.0015216
0.15293,0.0027564,-0.0017466
0.21201,0.0020891,-0.00095923
0.18172,-0.0042167,-0.0012667
0.17349,-0.0051727,-0.00082426
0.20004,-0.00118,-0.00079802
0.21612,0.0038811,-0.00038936
0.25763,-0.005079,-0.00032937
0.25127,-0.003988,-0.00035936
0.24342,0.0022091,4.5547e-05
0.23931,-0.013645,0.00016552
0.23445,-0.011569,0.00043921
0.19817,-0.0033919,0.00058543
0.094593,-0.0023497,0.00056293
0.074774,0.00032333,0.00090411
0.059817,-0.0039918,0.00070165
-0.0093619,-0.0054389,0.00048045
-0.040025,-0.0069722,0.0009416
-0.075923,-0.003317,0.00062292
-0.11593,-0.011685,0.00039422
-0.1006,-0.0099002,0.00087036
-0.053861,-0.003197,0.00057043
-0.034042,-0.010178,0.00055543
-0.0033789,-0.0039618,0.00087411
0.0089611,0.00033457,0.00097534
-0.025441,0.00033832,0.0017627
-0.048999,-0.0022822,0.0022426
-0.055356,0.0021603,0.00273
-0.025815,-0.00098133,0.0033486
0.010083,-0.0085956,0.0035023
0.01457,-0.0039618,0.0043833
0.011953,-0.0045354,0.0041996
-0.002631,0.0022053,0.0050657
0.022797,-0.0061775,0.0050657
0.046355,0.0068653,0.0052981
0.053086,-0.0083556,0.0061679
0.1017,0.0010506,0.0048707
0.13086,0.002359,0.0074839
0.16602,-0.013552,0.004777
0.17349,0.019642,0.0076601
0.18583,-0.04047,0.0054893
0.21238,0.041555,0.0060855
0.2408,-0.044151,0.0085299
0.2696,0.029701,0.0022313
0.25053,-0.010365,0.014933
0.20939,-0.055537,-0.0098597
0.14994,1.4319,0.11613
0.2337,2.2755,0.46615
0.1963,2.0806,0.77888
0.18583,2.3551,1.0621
0.34364,2.4272,1.3334
0.22846,2.5888,1.5681
0.2954,2.7414,1.7974
0.41057,2.8327,2.0029
0.31671,2.95,2.1955
0.46292,2.9962,2.3674
0.49882,3.1002,2.5254
0.43413,3.1197,2.6688
0.48125,3.1489,2.7945
0.39,3.1476,2.9056
0.35224,3.1205,2.9969
0.28381,3.1127,3.0763
0.10731,3.0975,3.1428
0.042616,3.082,3.197
0.0029781,3.021,3.2391
-0.060217,2.9587,3.2667
-0.1107,2.878,3.2819
-0.13949,2.8114,3.2857
-0.093498,2.7968,3.2799
-0.043016,2.7508,3.2656
0.020179,2.6868,3.2407
0.10506,2.6249,3.2067
0.10843,2.5538,3.1662
0.12862,2.4794,3.1192
0.066548,2.3965,3.0647
-0.043016,2.3067,3.0023
-0.091628,2.217,2.9323
-0.17016,2.1305,2.855
-0.22774,2.0408,2.773
-0.29243,1.9414,2.6863
-0.35189,1.8331,2.5928
-0.36423,1.7233,2.4927
-0.39714,1.6211,2.3887
-0.37208,1.5171,2.2814
-0.26177,1.4074,2.1696
-0.23784,1.301,2.0557
-0.19857,1.1776,1.9389
-0.11668,1.0527,1.816
-0.1451,0.95183,1.6935
-0.073305,0.81937,1.5695
0.0089611,0.68541,1.4386
0.022423,0.55685,1.3084
0.087862,0.41983,1.1724
0.050094,0.28282,1.0318
0.020553,0.10064,0.88228
-0.028433,0.0025465,0.73107
-0.048251,-0.1857,0.57785
-0.011979,-0.31362,0.41515
-0.012353,-0.46217,0.2633
0.076644,-0.73174,0.086419
0.095715,-0.29966,-0.021741
0.14171,0.029221,-0.0082101
0.21949,-0.10315,-0.0063843
0.25726,-0.026909,-0.0098672
0.3743,-0.04784,-0.0061481
0.36009,-0.041999,-0.0097848
0.31858,-0.027895,-0.0071529
0.28979,-0.046003,-0.009691
0.17873,-0.026666,-0.0083976
0.14021,-0.040316,-0.0092599
0.094967,-0.023937,-0.0097135
0.062808,-0.026647,-0.0090799
0.042242,-0.026347,-0.01016
-1.3407e-05,-0.024836,-0.0097323
0.0067175,-0.022437,-0.010407
-0.023945,-0.020086,-0.010426
-0.0078661,-0.024941,-0.01091
0.023171,-0.023344,-0.011149
0.010831,-0.020986,-0.011176
0.045981,-0.017316,-0.011502
0.03925,-0.023757,-0.011783
0.048599,-0.020761,-0.012428
0.029154,-0.017035,-0.012357
-0.026563,-0.020203,-0.012495
0.010457,-0.014729,-0.012732
0.023919,-0.017068,-0.012394
-0.013101,-0.014744,-0.012488
-0.060217,-0.013338,-0.012525
-0.094246,-0.019115,-0.012278
-0.10172,-0.01254,-0.012222
-0.065079,-0.018077,-0.012623
0.0063435,-0.024473,-0.013122
0.056825,-0.015115,-0.013504
0.14919,-0.016577,-0.014089
0.22248,-0.020877,-0.014974
0.2049,-0.014631,-0.015274
0.23856,-0.018092,-0.015675
0.27932,-0.013218,-0.016305
0.25576,-0.015554,-0.016203
0.23071,-0.015314,-0.017347
0.18621,-0.0092929,-0.016758
0.1533,-0.025897,-0.018205
0.13535,-0.0036281,-0.018044
0.090854,-0.030179,-0.017977
0.091601,-0.0040218,-0.019499
0.082253,-0.016971,-0.017336
0.067295,-0.022673,-0.021186
0.11217,0.0096696,-0.016395
0.084871,-0.059192,-0.021726
0.088236,0.04043,-0.017531
0.082253,-0.095381,-0.019499
0.087862,0.10169,-0.022303
0.086366,-0.28502,-0.012042
0.048972,-1.8108,-0.2301
0.13947,-2.0752,-0.59953
0.025414,-1.9408,-0.90121
0.10394,-2.1432,-1.1973
0.27894,-2.1254,-1.4646
0.16265,-2.2346,-1.7116
0.35037,-2.2011,-1.9524
0.3298,-2.1825,-2.1737
0.15891,-2.1651,-2.388
0.40721,-2.1429,-2.5833
0.42777,-2.124,-2.7687
0.41281,-2.0661,-2.9399
0.51153,-2.042,-3.0974
0.46105,-1.9886,-3.2384
0.55865,-1.964,-3.3613
0.56015,-1.9476,-3.4728
0.49433,-1.9241,-3.5717
0.5306,-1.8883,-3.6575
0.44161,-1.8459,-3.728
0.55117,-1.8085,-3.7833
0.66261,-1.7628,-3.8245
0.4517,-1.7217,-3.8543
0.44871,-1.6842,-3.8743
0.33092,-1.6383,-3.8824
0.17013,-1.5889,-3.8799
0.22136,-1.5474,-3.8679
0.026536,-1.4989,-3.8474
-0.10846,-1.4537,-3.8187
-0.11107,-1.3998,-3.7806
-0.056478,-1.335,-3.7326
-0.1294,-1.2892,-3.6755
-0.26962,-1.2329,-3.6119
-0.13837,-1.1716,-3.5407
-0.19633,-1.1106,-3.4601
-0.32197,-1.0402,-3.3724
-0.25354,-0.9829,-3.2787
-0.35413,-0.91428,-3.1799
-0.40536,-0.84181,-3.0742
-0.32347,-0.78905,-2.9632
-0.35264,-0.71687,-2.8498
-0.36386,-0.63991,-2.7289
-0.3029,-0.57304,-2.6032
-0.29468,-0.50328,-2.4756
-0.36759,-0.41985,-2.3429
-0.44276,-0.33067,-2.2029
-0.47417,-0.26827,-2.0603
-0.47118,-0.15561,-1.912
-0.44949,-0.057359,-1.753
-0.38255,0.041034,-1.5899
-0.28982,0.14553,-1.4184
-0.19745,0.22909,-1.2468
-0.075549,0.36697,-1.067
0.0658,0.41812,-0.88577
0.17275,0.57822,-0.7004
0.23295,0.61807,-0.50573
0.31933,0.76081,-0.31973
0.3197,0.89222,-0.10268
0.27408,0.22277,0.013216
0.31559,-0.037684,-0.0082514
0.25389,0.10527,-0.0062418
0.22323,0.0022203,-0.0043335
0.28418,0.048082,-0.0072203
0.27969,0.020058,-0.0032012
0.28007,0.019076,-0.0065867
0.31036,0.028141,-0.0032162
0.30624,6.4644e-05,-0.0048659
0.26473,-0.0022297,-0.0036999
0.26922,0.0011706,-0.0035612
0.25539,0.019342,-0.0035462
0.21986,0.0036562,-0.0024439
0.1806,0.0069253,-0.0029988
0.10843,-0.00061393,-0.0018815
0.086366,-0.0058251,-0.0020052
0.038502,0.0060893,-0.0017128
-0.008614,0.0039974,-0.00084675
0.0048478,0.0040761,-0.00033687
-0.057974,0.0091597,0.00054044
-0.092376,0.00052577,0.0018976
-0.091254,6.0895e-05,0.0029399
-0.13351,0.006468,0.0039822
-0.12005,0.0051595,0.0044133
-0.093124,0.00083694,0.0052381
-0.078166,-0.0034069,0.0053844
-0.060217,0.0081438,0.0060742
-0.025441,-0.008918,0.0070527
0.0059696,0.005182,0.0066066
-0.00076128,-0.0029571,0.0083649
0.034389,-0.014193,0.0069065
0.060191,0.014322,0.0095197
0.04972,-0.022523,0.00793
0.073652,0.025535,0.0089386
0.1103,-0.02986,0.010408
0.11254,0.017812,0.0070902
0.13124,-0.0036694,0.013981
0.1892,-0.023659,0.0041846
0.19182,0.069313,0.018735
0.23856,-0.17909,-0.0019228
0.23145,0.98063,0.061937
0.2595,2.1713,0.40969
0.37916,1.8026,0.78862
0.28792,1.8059,1.1216
0.39225,1.8256,1.4662
0.51864,1.7946,1.7714
0.38028,1.895,2.0712
0.48947,1.8683,2.3511
0.44385,1.959,2.6199
0.33204,1.9732,2.8775
0.53547,2.0229,3.1185
0.44871,2.0844,3.3518
0.42553,2.1261,3.5706
0.51714,2.1604,3.7792
0.45432,2.1776,3.9717
0.51565,2.2207,4.155
0.47601,2.2581,4.3302
0.59044,2.2689,4.4926
0.70561,2.2669,4.6424
0.61399,2.2682,4.778
0.62185,2.245,4.9012
0.57323,2.2311,5.0118
0.44161,2.2085,5.1074
0.20565,2.1778,5.1868
-0.058722,2.1639,5.2537
-0.060591,2.1239,5.309
0.15368,2.0807,5.3521
0.13947,2.031,5.3847
-0.014971,1.9709,5.4038
0.069165,1.9287,5.4083
0.18135,1.8714,5.4015
-0.030302,1.8273,5.3846
-0.3317,1.7829,5.3584
-0.51493,1.7134,5.3229
-0.47604,1.6682,5.2777
-0.15221,1.6183,5.2247
-0.040773,1.5649,5.1652
-0.072557,1.5054,5.0978
-0.065079,1.4316,5.0219
-0.0071182,1.3695,4.9381
0.044859,1.3062,4.846
0.087488,1.2451,4.7472
0.026162,1.185,4.6437
-0.33805,1.1164,4.533
-0.65366,1.0409,4.4146
-0.93635,0.98392,4.2903
-0.93822,0.93089,4.1628
-0.61103,0.85795,4.0296
-0.29767,0.80359,3.8916
-0.013849,0.74003,3.7527
0.028032,0.65626,3.6062
-0.076671,0.59302,3.4541
-0.16754,0.52845,3.3022
-0.12416,0.45103,3.1454
0.0063435,0.37328,2.9822
0.017562,0.30019,2.8166
-0.002257,0.19504,2.6439
-0.14211,0.10417,2.4608
-0.24307,0.023515,2.2751
-0.15782,-0.081619,2.0822
-0.060217,-0.15748,1.8864
0.10132,-0.2709,1.6861
0.19406,-0.35611,1.4825
0.081505,-0.48195,1.2765
-0.13987,-0.55934,1.0622
-0.32646,-0.66312,0.85262
-0.4091,-0.78303,0.62708
-0.27523,-0.79406,0.41434
0.036259,-1.0658,0.18075
0.28044,-0.64618,-0.024838
0.42029,0.0036637,-0.046189
0.39262,-0.11641,-0.026664
0.32083,-0.081383,-0.038346
0.30325,-0.057565,-0.031035
0.23332,-0.078713,-0.035725
0.1533,-0.038584,-0.033416
0.017936,-0.072591,-0.034702
-0.16978,-0.036151,-0.035309
-0.29804,-0.054626,-0.034004
-0.30216,-0.044035,-0.036216
-0.20531,-0.042787,-0.035058
0.003726,-0.045115,-0.036561
0.25277,-0.034902,-0.036201
0.35747,-0.044729,-0.0367
0.30512,-0.035941,-0.037341
0.17387,-0.042202,-0.037814
0.05346,-0.037204,-0.039178
0.017188,-0.041643,-0.040179
0.057199,-0.057156,-0.041566
0.12189,-0.034719,-0.042249
0.1877,-0.032229,-0.04313
0.2165,-0.034141,-0.044558
0.17275,-0.02788,-0.044311
0.12451,-0.040001,-0.045762
0.14433,-0.023303,-0.045698
0.14096,-0.034786,-0.045904
0.126,-0.021181,-0.047074
0.09048,-0.033474,-0.045945
-0.047877,-0.027116,-0.048765
-0.10135,-0.017308,-0.046058
-0.061339,-0.048841,-0.04983
0.032145,0.011638,-0.047078
0.17013,-0.068336,-0.048769
0.30624,0.026094,-0.050448
0.31709,-0.065408,-0.044675
0.18733,0.001583,-0.058243
0.08861,-0.016888,-0.031136
-0.14809,-1.4504,-0.18574
-0.14061,-1.998,-0.58269
-0.13014,-1.6514,-0.94051
-0.24793,-1.8089,-1.2835
0.11853,-1.7236,-1.6191
0.15218,-1.7682,-1.9211
0.18583,-1.7928,-2.2198
0.51116,-1.7957,-2.4962
0.34924,-1.857,-2.7672
0.37617,-1.8536,-3.0216
0.46367,-1.9147,-3.2651
0.33055,-1.9288,-3.4989
0.36944,-1.9637,-3.7198
0.36383,-1.9754,-3.9294
0.35897,-1.997,-4.1245
0.35934,-2.0347,-4.3127
0.41319,-2.0478,-4.4908
0.48648,-2.0636,-4.6569
0.48349,-2.0644,-4.8093
0.50256,-2.0672,-4.9488
0.50256,-2.0615,-5.0745
0.45694,-2.0486,-5.1844
0.47938,-2.0307,-5.2796
0.56762,-2.0066,-5.3586
0.53771,-1.9929,-5.4242
0.59081,-1.9825,-5.4803
0.62446,-1.9577,-5.5246
0.56912,-1.9235,-5.5546
0.52986,-1.8896,-5.5706
0.39113,-1.8485,-5.5729
0.29278,-1.8158,-5.5633
0.15255,-1.7838,-5.5443
0.0040999,-1.7371,-5.5146
-0.066574,-1.6997,-5.4747
-0.15595,-1.6565,-5.4257
-0.22363,-1.6093,-5.3691
-0.25429,-1.567,-5.3058
-0.22475,-1.5101,-5.2344
-0.16903,-1.4535,-5.1538
-0.092002,-1.3945,-5.0648
-0.077045,-1.3306,-4.9676
-0.12154,-1.2764,-4.8635
-0.18399,-1.2205,-4.7544
-0.26813,-1.1506,-4.6392
-0.33095,-1.0814,-4.5162
-0.41434,-1.0242,-4.3871
-0.41658,-0.95491,-4.254
-0.45323,-0.88982,-4.1153
-0.49922,-0.8396,-3.9748
-0.48725,-0.75722,-3.8313
-0.50595,-0.67636,-3.6793
-0.41209,-0.62309,-3.525
-0.34142,-0.55126,-3.3695
-0.27448,-0.46578,-3.2071
-0.20493,-0.39238,-3.0398
-0.20942,-0.31339,-2.8698
-0.14361,-0.19922,-2.6906
-0.13201,-0.11401,-2.5022
-0.10771,-0.027104,-2.3108
-0.013475,0.068806,-2.1128
0.064304,0.16224,-1.913
0.11292,0.2668,-1.7066
0.075148,0.33926,-1.5003
0.072905,0.48805,-1.2877
0.069165,0.5426,-1.0706
0.04112,0.68178,-0.8561
0.062808,0.76412,-0.62669
0.067669,0.82979,-0.4139
0.11516,1.0609,-0.17
0.16415,0.43154,0.0026925
0.21014,-0.051799,-0.0048021
0.2494,0.12452,-0.012604
0.25763,0.027046,-0.004446
0.32681,0.048641,-0.010823
0.28081,0.041889,-0.0046971
0.22622,0.018633,-0.0084238
0.21911,0.040104,-0.0054245
0.091975,0.009261,-0.0058819
0.059069,0.029228,-0.0057094
0.034389,0.010393,-0.0044347
-0.0071182,0.019901,-0.0051208
0.051964,0.013242,-0.0034412
0.059443,0.0097033,-0.004146
0.047477,0.012984,-0.0030213
0.064678,0.00835,-0.0026089
0.1002,0.0081288,-0.0026838
0.094967,-0.0007189,-0.0020352
0.079635,0.011555,-0.0013529
0.10095,0.0034125,-0.00048309
0.097211,0.00066823,0.00062292
0.10058,0.0095346,0.0018639
0.1103,0.0032213,0.0030561
0.13797,0.0027377,0.0035698
0.1533,0.0077126,0.0040497
0.13124,-0.0013675,0.0050619
0.11105,-0.0016974,0.0049532
0.0744,0.0050546,0.0062654
0.046355,-0.0040405,0.0057668
0.015692,0.010037,0.0069815
0.011579,-0.0093679,0.0070977
0.043737,0.010686,0.0069065
0.057947,-0.006946,0.0091335
0.13161,-0.0010751,0.0065691
0.18957,0.0042523,0.010903
0.19556,-0.030636,0.0065541
0.18696,0.04265,0.011529
0.18621,-0.061022,0.0081587
0.16302,0.077279,0.0086011
0.084871,-0.10991,0.014435
0.058321,0.20816,-0.0017316
-0.025441,1.766,0.21371
0.047851,1.9701,0.60936
0.060191,1.6422,0.94315
-0.028433,1.7716,1.2791
0.2251,1.6656,1.5962
0.14171,1.7457,1.8896
0.072531,1.7272,2.174
0.24342,1.752,2.4367
0.08674,1.8107,2.6963
0.18284,1.8062,2.9382
0.2494,1.8437,3.1675
0.22659,1.8487,3.3835
0.40047,1.8964,3.5915
0.45843,1.9151,3.7907
0.53098,1.9099,3.9743
0.48274,1.9183,4.1447
0.44684,1.9227,4.3011
0.45357,1.9109,4.4428
0.37243,1.8937,4.5683
0.37318,1.8738,4.6781
0.32606,1.8508,4.7708
0.2494,1.8379,4.85
0.28829,1.8226,4.9187
0.39113,1.8025,4.9745
0.49433,1.7654,5.0175
0.58034,1.7239,5.0451
0.61848,1.6973,5.0576
0.58071,1.6673,5.0597
0.41842,1.6316,5.0513
0.25389,1.5899,5.0321
0.13348,1.5471,5.0026
-0.0015092,1.5092,4.9635
-0.077793,1.4739,4.9167
-0.10808,1.4357,4.8629
-0.14061,1.3801,4.8006
-0.17016,1.3255,4.7288
-0.17689,1.2745,4.6476
-0.18362,1.2127,4.5587
-0.19783,1.1624,4.4639
-0.20605,1.1051,4.3619
-0.25205,1.0345,4.252
-0.32871,0.98195,4.1354
-0.41658,0.92477,4.0149
-0.43191,0.85338,3.8896
-0.42705,0.79311,3.7575
-0.43528,0.73253,3.6236
-0.33319,0.6585,3.4845
-0.29169,0.59014,3.3377
-0.32945,0.53486,3.1906
-0.38667,0.4614,3.0405
-0.4521,0.37957,2.8833
-0.45809,0.31816,2.7235
-0.44837,0.21361,2.5584
-0.39452,0.1183,2.3835
-0.35114,0.032662,2.2032
-0.30365,-0.065022,2.0151
-0.21465,-0.14723,1.8243
-0.12566,-0.25484,1.6276
-0.017215,-0.32816,1.4297
0.056451,-0.46661,1.2268
0.1275,-0.52579,1.0188
0.14283,-0.64751,0.81376
0.066548,-0.74822,0.59276
0.084123,-0.7974,0.38686
0.062808,-1.0418,0.15205
0.087488,-0.49062,-0.025801
0.26212,0.03093,-0.024856
0.258,-0.13265,-0.013845
0.28867,-0.049823,-0.023042
0.35411,-0.060838,-0.016185
0.2868,-0.064741,-0.021643
0.31409,-0.032338,-0.018149
0.30699,-0.058836,-0.02068
0.27894,-0.026951,-0.020485
0.26473,-0.048463,-0.020234
0.1877,-0.031345,-0.021703
0.15741,-0.035686,-0.020676
0.12376,-0.040308,-0.022206
0.12713,-0.036282,-0.021748
0.16602,-0.035626,-0.022427
0.12787,-0.027157,-0.022817
0.0744,-0.029729,-0.023132
0.025414,-0.025721,-0.02345
0.0011084,-0.030314,-0.023848
0.00036053,-0.030306,-0.024665
-0.0074922,-0.026981,-0.025471
0.022423,-0.028323,-0.026888
0.053086,-0.029084,-0.027844
0.035511,-0.024435,-0.028737
0.031397,-0.020109,-0.028673
0.031397,-0.028338,-0.029565
0.00073447,-0.022467,-0.030259
-0.00824,-0.025635,-0.03012
-0.027685,-0.020694,-0.031372
-0.072931,-0.019734,-0.030821
-0.089759,-0.024368,-0.03264
-0.096116,-0.018778,-0.031485
-0.10172,-0.040376,-0.033086
-0.033294,0.0013693,-0.033007
0.038502,-0.037737,-0.032201
0.07627,-0.0053677,-0.035549
0.12825,-0.021417,-0.030855
0.14732,-0.037549,-0.038098
0.1791,0.030012,-0.029337
0.13909,-0.10698,-0.039583
0.16788,0.146,-0.028714
0.14059,-0.66336,-0.053736
0.06393,-1.9712,-0.358
0.22846,-1.768,-0.74636
0.094967,-1.689,-1.0715
0.18471,-1.7708,-1.4093
0.49508,-1.701,-1.7124
0.35149,-1.7914,-2.0041
0.51191,-1.7602,-2.279
0.46704,-1.8281,-2.5391
0.22884,-1.8475,-2.7925
0.43488,-1.8694,-3.0269
0.37841,-1.8969,-3.2513
0.40758,-1.9238,-3.4621
0.53958,-1.9675,-3.6667
0.54033,-1.9678,-3.8592
0.63718,-1.9832,-4.0368
0.54893,-1.9848,-4.2017
0.51004,-1.9862,-4.3518
0.48835,-1.9804,-4.488
0.35747,-1.9597,-4.6082
0.31036,-1.9381,-4.7108
0.23071,-1.9185,-4.7975
0.17798,-1.9125,-4.8724
0.28829,-1.9016,-4.9371
0.36345,-1.8712,-4.9885
0.43002,-1.8396,-5.0245
0.49246,-1.8047,-5.0469
0.4446,-1.7655,-5.056
0.40122,-1.7352,-5.0539
0.23781,-1.6999,-5.0422
0.10506,-1.6554,-5.0195
0.019431,-1.614,-4.9858
-0.13687,-1.5743,-4.9433
-0.14809,-1.5363,-4.8938
-0.16716,-1.4889,-4.8363
-0.1724,-1.4339,-4.7695
-0.1264,-1.382,-4.6947
-0.12304,-1.3187,-4.6113
-0.081158,-1.2639,-4.5196
-0.12715,-1.2137,-4.4224
-0.20381,-1.1485,-4.3195
-0.25317,-1.0816,-4.2087
-0.31674,-1.0152,-4.0904
-0.356,-0.95642,-3.9674
-0.35825,-0.89082,-3.8393
-0.356,-0.83008,-3.707
-0.34478,-0.76578,-3.573
-0.26738,-0.6809,-3.4315
-0.26925,-0.62146,-3.2845
-0.2958,-0.56155,-3.1376
-0.32347,-0.46867,-2.985
-0.40499,-0.39972,-2.8258
-0.42929,-0.32502,-2.665
-0.43864,-0.21603,-2.4958
-0.41209,-0.12735,-2.3187
-0.36311,-0.027716,-2.135
-0.28308,0.05414,-1.9468
-0.18025,0.16925,-1.7547
-0.12304,0.24972,-1.5555
-0.023945,0.34614,-1.359
0.031771,0.48016,-1.1511
0.039624,0.53106,-0.94601
0.048225,0.69898,-0.73232
-0.028807,0.70871,-0.51756
-0.022824,0.92381,-0.30522
0.0059696,0.87623,-0.071406
0.020179,0.10368,0.014401
0.12675,0.00817,-0.013999
0.16714,0.10454,-0.004281
0.26287,0.0002221,-0.0070741
0.3197,0.056742,-0.0065905
0.28007,0.011443,-0.004446
0.33466,0.035047,-0.0067479
0.31335,0.020212,-0.0033362
0.28493,0.01457,-0.0055857
0.27521,0.023807,-0.0032387
0.20229,0.0035287,-0.0038948
0.17349,0.017239,-0.0032912
0.13273,0.0090585,-0.0024252
0.12974,0.010569,-0.0027701
0.13423,0.0075664,-0.0017953
0.09908,0.0084399,-0.0014729
0.10132,0.0068766,-0.00094048
0.079635,0.0010469,-0.00097048
0.031771,0.0070078,-6.6928e-05
0.021675,0.0069891,0.0009341
0.070661,0.0026477,0.0018339
0.059817,0.0058344,0.0029811
0.096463,0.0067641,0.0041809
0.15966,-0.0018698,0.0047582
0.10469,0.0045072,0.0051069
0.11366,0.0012831,0.0060817
0.095715,-0.0016412,0.0058193
0.022049,0.0054595,0.0072439
-0.029181,-0.0080482,0.0069815
-0.10285,0.0083237,0.0077463
-0.13388,-0.0081494,0.0084062
-0.14398,0.0057856,0.0074576
-0.16455,-0.0049515,0.010232
-0.1451,-0.0074559,0.0074014
-0.083402,0.014033,0.01157
-0.012727,-0.033909,0.0080725
0.0074654,0.044674,0.011166
0.057947,-0.060718,0.010914
0.11778,0.057541,0.0073414
0.091601,-0.061419,0.018184
0.13086,0.057736,-0.0058481
0.1103,1.5963,0.17131
0.20004,2.0492,0.56382
0.26885,1.6621,0.90489
0.16751,1.7953,1.2381
0.39674,1.7246,1.56
0.34139,1.7843,1.8533
0.21463,1.803,2.1397
0.40907,1.815,2.4024
0.26473,1.8801,2.6606
0.35149,1.8772,2.9031
0.49508,1.9015,3.1331
0.42441,1.9292,3.3489
0.58333,1.9939,3.5549
0.62858,2.0033,3.7538
0.67719,2.0121,3.9378
0.69589,2.031,4.1089
0.63269,2.0239,4.2657
0.6656,2.0217,4.4088
0.55528,2.019,4.5362
0.42403,1.9981,4.6476
0.38552,1.9723,4.7428
0.30923,1.9638,4.8236
0.33279,1.9461,4.8922
0.41693,1.9239,4.9487
0.43039,1.8997,4.993
0.51939,1.859,5.0225
0.50592,1.8229,5.0373
0.42665,1.7864,5.0399
0.35897,1.7514,5.0322
0.16938,1.7173,5.0143
0.081505,1.6667,4.9857
-0.065079,1.6284,4.9478
-0.21503,1.5903,4.9013
-0.21989,1.5411,4.8473
-0.2786,1.4951,4.7856
-0.24494,1.4288,4.7148
-0.2528,1.3668,4.6349
-0.28645,1.3191,4.547
-0.26925,1.2607,4.4532
-0.33282,1.1983,4.3531
-0.3489,1.1325,4.2448
-0.41097,1.0672,4.1294
-0.46295,1.0077,4.0094
-0.42406,0.93951,3.8858
-0.42107,0.87148,3.7554
-0.41359,0.81727,3.6218
-0.35189,0.74116,3.4856
-0.3201,0.6568,3.3405
-0.34852,0.60075,3.1928
-0.35787,0.53747,3.0453
-0.41658,0.44081,2.8903
-0.47005,0.36694,2.731
-0.47753,0.29013,2.5694
-0.49025,0.19127,2.3979
-0.44201,0.098431,2.2202
-0.36199,-0.0021248,2.0353
-0.26401,-0.085986,1.8474
-0.19334,-0.2006,1.6542
-0.11257,-0.27703,1.4571
-0.023572,-0.40555,1.2583
0.009709,-0.49163,1.0508
0.042242,-0.58681,0.84834
-0.025441,-0.7292,0.63017
-0.05573,-0.74333,0.42315
0.009709,-1.0193,0.19789
-0.0078661,-0.65661,-0.006538
0.068417,0.0051446,-0.03285
0.12713,-0.10472,-0.01233
0.14358,-0.076565,-0.023829
0.22958,-0.040815,-0.016957
0.20677,-0.071118,-0.021542
0.22846,-0.026775,-0.019548
0.24978,-0.062611,-0.02047
0.23071,-0.030771,-0.021523
0.26511,-0.049036,-0.020147
0.21463,-0.034891,-0.022393
0.18509,-0.040728,-0.021246
0.20378,-0.049981,-0.022566
0.17237,-0.026917,-0.022539
0.14881,-0.035056,-0.022892
0.12862,-0.029792,-0.023342
0.078514,-0.030572,-0.023638
0.051216,-0.027584,-0.0239
0.039624,-0.030107,-0.024103
-0.012353,-0.031198,-0.025209
0.013822,-0.027022,-0.025929
0.065426,-0.027704,-0.027035
0.059069,-0.028679,-0.028174
0.11479,-0.029954,-0.029074
0.12563,-0.022043,-0.029205
0.10394,-0.027067,-0.030019
0.11591,-0.018932,-0.030653
0.081131,-0.022006,-0.030626
0.057573,-0.024743,-0.031972
0.028032,-0.019003,-0.031226
-0.041894,-0.02667,-0.032985
-0.080036,-0.010163,-0.032257
-0.097237,-0.038471,-0.033195
-0.10359,-0.0038868,-0.034008
-0.087889,-0.030272,-0.032572
-0.035911,-0.016146,-0.03622
0.013448,-0.0096041,-0.030923
-0.0045007,-0.04531,-0.038196
0.056077,0.038297,-0.030994
0.056077,-0.11363,-0.038158
0.065426,0.14097,-0.033375
0.09048,-0.49167,-0.040097
0.01457,-1.9081,-0.31595
0.18509,-1.8256,-0.70978
0.12077,-1.6924,-1.0368
0.18247,-1.8187,-1.3743
0.54257,-1.7428,-1.6808
0.4259,-1.8405,-1.9718
0.57847,-1.8197,-2.2488
0.6383,-1.8884,-2.5077
0.37617,-1.9207,-2.7609
0.55678,-1.9476,-2.9967
0.52537,-1.9828,-3.2221
0.5063,-1.9991,-3.4316
0.68542,-2.0543,-3.6342
0.64017,-2.065,-3.8268
0.68579,-2.0819,-4.0053
0.66784,-2.0871,-4.1712
0.60614,-2.0887,-4.3219
0.63269,-2.0895,-4.4591
0.55155,-2.0716,-4.5808
0.47377,-2.0485,-4.6851
0.45357,-2.0292,-4.7733
0.39449,-2.0204,-4.8488
0.44423,-2.013,-4.914
0.5594,-1.9864,-4.9675
0.56164,-1.947,-5.0061
0.60203,-1.909,-5.0299
0.61811,-1.871,-5.0406
0.50854,-1.8364,-5.0397
0.38514,-1.8012,-5.0291
0.22285,-1.7578,-5.0083
0.068791,-1.7117,-4.9767
-0.099855,-1.6712,-4.9359
-0.2498,-1.6293,-4.8881
-0.26962,-1.5791,-4.8327
-0.356,-1.5229,-4.768
-0.38031,-1.4647,-4.6946
-0.37507,-1.4032,-4.6125
-0.43864,-1.3413,-4.5219
-0.40873,-1.2852,-4.4255
-0.46818,-1.2275,-4.3236
-0.46856,-1.1567,-4.2149
-0.46295,-1.0834,-4.0983
-0.53288,-1.0243,-3.9762
-0.4637,-0.95793,-3.8505
-0.49436,-0.89042,-3.7191
-0.50633,-0.83159,-3.5853
-0.43378,-0.75208,-3.4474
-0.46893,-0.67545,-3.3016
-0.4723,-0.61916,-3.1548
-0.47043,-0.53427,-3.0056
-0.52427,-0.4465,-2.8479
-0.56877,-0.38224,-2.6883
-0.55307,-0.27888,-2.5227
-0.49473,-0.18495,-2.3479
-0.43864,-0.082646,-2.1671
-0.35152,0.008215,-1.9803
-0.22438,0.10398,-1.7912
-0.13874,0.2053,-1.5941
-0.074053,0.2885,-1.3991
0.029902,0.43977,-1.1953
0.057199,0.48425,-0.98972
0.060191,0.64461,-0.78221
0.071035,0.70122,-0.56453
0.036633,0.82658,-0.35944
0.064304,0.97831,-0.12139
0.086366,0.27286,0.012673
0.1017,-0.039199,-0.0087313
0.14769,0.11504,-0.0077077
0.17349,0.0025652,-0.0043372
0.2064,0.054613,-0.0080751
0.19032,0.021397,-0.0033175
0.19743,0.021494,-0.0069616
0.24866,0.029311,-0.003265
0.23557,0.0064455,-0.0049783
0.25202,0.023027,-0.0036511
0.24379,-0.00046772,-0.0031113
0.19518,0.015893,-0.0033624
0.21164,0.010243,-0.002099
0.17611,0.0084249,-0.0026164
0.13685,0.0087623,-0.0015516
0.14171,0.0043948,-0.0013866
0.089732,0.0056094,-0.00093299
0.063182,0.0047284,-0.000888
0.042616,0.0068579,-6.9411e-06
-0.028807,0.0033975,0.001249
0.01457,0.0063592,0.0019914
0.056825,0.0071503,0.0032323
0.044859,0.0061193,0.0042896
0.11329,-0.00050521,0.0047582
0.11217,0.0050658,0.0052344
0.10432,0.0027602,0.0064641
0.1189,-0.0086293,0.0060292
0.072905,0.0034762,0.0073414
0.068417,-0.002091,0.0073677
0.023545,0.0081213,0.0075814
-0.025815,-0.014242,0.0087699
-0.033668,0.0050208,0.0077913
-0.06994,0.0031013,0.010438
-0.028433,-0.014703,0.0074989
-0.019832,0.020321,0.011436
0.0014823,-0.03584,0.0086986
0.046355,0.040573,0.010596
0.030276,-0.049239,0.012084
0.085245,0.047591,0.0066141
0.069539,-0.035798,0.019365
0.07627,0.0032775,-0.0065717
0.064304,1.5166,0.14967
0.16489,2.0783,0.53865
0.27147,1.6812,0.88525
0.14919,1.8272,1.2171
0.36607,1.7586,1.5418
0.39412,1.8194,1.8349
0.28568,1.8512,2.1219
0.47788,1.8541,2.3849
0.37692,1.9364,2.6428
0.41581,1.9456,2.8854
0.54781,1.9939,3.1164
0.49134,2.0041,3.3331
0.59492,2.0533,3.5374
0.66522,2.0805,3.7358
0.69589,2.0909,3.9203
0.69701,2.1039,4.0925
0.65812,2.104,4.2503
0.65961,2.1067,4.3943
0.6211,2.0968,4.5234
0.56725,2.0904,4.6368
0.50293,2.0591,4.7347
0.47713,2.0357,4.8165
0.52013,2.0293,4.8858
0.57735,2.01,4.944
0.65101,1.978,4.9894
0.67457,1.9413,5.0211
0.657,1.9055,5.0389
0.59492,1.8518,5.0425
0.4603,1.8212,5.0357
0.29727,1.7895,5.0198
0.095715,1.7366,4.9932
-0.03105,1.7021,4.9571
-0.21727,1.6516,4.9124
-0.35376,1.607,4.8601
-0.34591,1.5627,4.8012
-0.44425,1.4927,4.7335
-0.44724,1.4372,4.656
-0.44799,1.3824,4.5698
-0.48426,1.318,4.4774
-0.48651,1.256,4.379
-0.54895,1.1871,4.2724
-0.53886,1.1196,4.1589
-0.61626,1.0606,4.0394
-0.62599,0.99892,3.9162
-0.54447,0.92027,3.7877
-0.62337,0.85834,3.6542
-0.60766,0.80107,3.5197
-0.5583,0.70683,3.3778
-0.59009,0.64032,3.2292
-0.59719,0.58699,3.0819
-0.58971,0.49452,2.9298
-0.64094,0.4189,2.7711
-0.6574,0.34711,2.6113
-0.58971,0.24425,2.4438
-0.54746,0.13693,2.2683
-0.43902,0.036029,2.0857
-0.30814,-0.033463,1.8985
-0.21204,-0.15031,1.7082
-0.12453,-0.23999,1.5114
-0.047504,-0.34362,1.3159
0.027284,-0.46382,1.11
0.045981,-0.52204,0.90837
0.048225,-0.69769,0.6964
0.041494,-0.70853,0.48379
0.019057,-0.93327,0.27268
0.052712,-0.87435,0.041189
0.11778,-0.11828,-0.041428
0.15442,-0.035371,-0.013301
0.19481,-0.11901,-0.022626
0.23407,-0.02171,-0.019499
0.23781,-0.083055,-0.020024
0.24342,-0.035772,-0.021805
0.26361,-0.054536,-0.019653
0.27072,-0.045328,-0.022701
0.25539,-0.039487,-0.020414
0.25539,-0.04372,-0.022693
0.22024,-0.031614,-0.02209
0.18209,-0.042554,-0.022562
0.19406,-0.033335,-0.023083
0.11404,-0.03485,-0.022824
0.087488,-0.030786,-0.023732
0.10245,-0.031405,-0.023878
0.0089611,-0.027637,-0.024403
-0.0015092,-0.030688,-0.024485
-0.037781,-0.03813,-0.025426
-0.07854,-0.02956,-0.026506
0.016066,-0.026411,-0.027248
0.042989,-0.03575,-0.028523
0.056451,-0.034228,-0.029854
0.10132,-0.021653,-0.029742
0.10357,-0.02628,-0.030353
0.11217,-0.02394,-0.031267
0.098332,-0.026696,-0.030983
0.08861,-0.023659,-0.032317
0.060939,-0.020724,-0.031691
-0.0071182,-0.031603,-0.033341
-0.022824,-0.014073,-0.032925
-0.051243,-0.039424,-0.033423
-0.036659,-0.0058475,-0.034593
0.022423,-0.030336,-0.032482
0.024667,-0.019981,-0.03676
0.092723,-0.003257,-0.031522
0.11666,-0.055046,-0.038237
0.12152,0.042515,-0.03249
0.13498,-0.10914,-0.037165
0.14545,0.122,-0.036501
0.14208,-0.39854,-0.033277
0.079261,-1.8558,-0.28968
0.21986,-1.868,-0.68746
0.15068,-1.6984,-1.0173
0.18097,-1.8457,-1.355
0.52425,-1.7685,-1.6643
0.45544,-1.8733,-1.9551
0.59679,-1.86,-2.2338
0.68654,-1.9203,-2.4928
0.42665,-1.9621,-2.7463
0.55155,-1.9915,-2.9825
0.57174,-2.0317,-3.2094
0.54369,-2.0393,-3.4191
0.66111,-2.1,-3.6204
0.65961,-2.1205,-3.8139
0.72692,-2.1392,-3.9939
0.68691,-2.147,-4.1612
0.63119,-2.152,-4.3138
0.65774,-2.1526,-4.4529
0.59455,-2.1363,-4.5767
0.56052,-2.1192,-4.6845
0.51527,-2.0932,-4.7757
0.46965,-2.0803,-4.8525
0.55342,-2.0718,-4.9185
0.59006,-2.0504,-4.9743
0.62185,-2.0167,-5.0166
0.67195,-1.9708,-5.0433
0.63381,-1.9331,-5.0563
0.56426,-1.896,-5.0576
0.38664,-1.8546,-5.0484
0.23183,-1.8152,-5.0294
0.050094,-1.7661,-5.0002
-0.13276,-1.7201,-4.9608
-0.23073,-1.6788,-4.9142
-0.36909,-1.6312,-4.8605
-0.39975,-1.578,-4.798
-0.44388,-1.5219,-4.7277
-0.48613,-1.4581,-4.6484
-0.47791,-1.3916,-4.5603
-0.53624,-1.3351,-4.4656
-0.52876,-1.2753,-4.3653
-0.55793,-1.2056,-4.2584
-0.60505,-1.1324,-4.1437
-0.64693,-1.0677,-4.0226
-0.61851,-1.0002,-3.8978
-0.55606,-0.92912,-3.7678
-0.60392,-0.87175,-3.6339
-0.55157,-0.79848,-3.498
-0.56952,-0.71809,-3.3548
-0.62524,-0.65492,-3.2071
-0.6028,-0.58251,-3.0593
-0.6372,-0.49518,-2.9046
-0.66712,-0.42435,-2.7449
-0.65179,-0.32928,-2.5824
-0.56653,-0.22765,-2.4108
-0.50034,-0.13228,-2.2329
-0.36498,-0.03055,-2.0474
-0.22999,0.055524,-1.859
-0.15071,0.17139,-1.6642
-0.034416,0.24494,-1.4679
0.0067175,0.38279,-1.269
0.084123,0.46082,-1.0613
0.10319,0.57257,-0.85858
0.041494,0.70331,-0.64006
0.0744,0.72838,-0.43505
0.084871,1.0128,-0.20725
0.11105,0.57776,-0.011498
0.16115,-0.043814,0.0040197
0.18322,0.090562,-0.013245
0.2681,0.043456,-0.0019828
0.29989,0.026143,-0.0089225
0.27558,0.043238,-0.0034974
0.28941,0.0055757,-0.0060881
0.2853,0.041334,-0.0045584
0.29128,0.0065392,-0.0037111
0.28381,0.024789,-0.0047196
0.27296,0.013314,-0.0026126
0.23295,0.012106,-0.0034449
0.18209,0.015765,-0.002009
0.19892,0.0030938,-0.0022452
0.14919,0.007394,-0.0016828
0.10693,0.0077989,-0.0012517
0.081879,0.0079863,-0.00092924
0.0082132,0.00098315,-0.00056557
-0.00824,0.0047097,-0.00025064
-0.03292,0.0095159,0.0010653
-0.039651,0.0071428,0.0020514
0.013822,0.0066929,0.0030899
0.056825,0.0068279,0.0044208
0.097584,-0.0033132,0.0051069
0.13909,0.0033113,0.0051894
0.13498,0.0036787,0.0063404
0.1103,-0.0055364,0.0063142
0.092349,0.0087286,0.0072177
0.073652,-0.0056676,0.0075064
0.034763,0.0084662,0.0076676
-0.03105,-0.0057351,0.009096
-0.032546,-0.0044829,0.0076714
-0.048999,0.0054407,0.010442
-0.034042,-0.014583,0.00802
0.038128,0.022263,0.011068
0.058321,-0.037216,0.0097671
0.090106,0.036389,0.0097821
0.13273,-0.041516,0.013419
0.13797,0.017947,0.0055793
0.097584,0.0066629,0.020493
0.13797,-0.087066,-0.0061931
0.10132,1.311,0.11434
0.15966,2.0999,0.49186
0.29203,1.7091,0.84858
0.16564,1.8224,1.1788
0.35448,1.7886,1.5085
0.41955,1.8244,1.8029
0.28343,1.8787,2.0927
0.5164,1.8772,2.3577
0.43151,1.9571,2.6158
0.42328,1.9675,2.86
0.59679,2.03,3.0921
0.50181,2.0326,3.312
0.59604,2.0752,3.5166
0.67794,2.1163,3.7152
0.71122,2.1261,3.9017
0.73365,2.1547,4.0764
0.67794,2.1376,4.2364
0.6899,2.1411,4.3833
0.6484,2.1472,4.5157
0.59044,2.1349,4.6324
0.53734,2.1165,4.7349
0.49246,2.0836,4.8196
0.50181,2.0714,4.8902
0.56314,2.0478,4.9509
0.61437,2.0255,4.9995
0.64129,1.992,5.0352
0.67457,1.945,5.0569
0.61773,1.9071,5.0641
0.44609,1.8503,5.06
0.28941,1.8194,5.0468
0.10394,1.7821,5.0228
-0.10659,1.7315,4.9885
-0.26551,1.6898,4.9455
-0.40686,1.6377,4.8943
-0.45771,1.5973,4.8368
-0.50072,1.5402,4.7718
-0.50894,1.4746,4.6974
-0.51044,1.4167,4.6141
-0.58971,1.3499,4.5236
-0.55157,1.2878,4.4273
-0.55793,1.2216,4.3239
-0.60729,1.1553,4.2128
-0.61739,1.0905,4.0953
-0.67535,1.0192,3.9732
-0.62935,0.95327,3.8469
-0.62225,0.88804,3.7148
-0.61365,0.8228,3.5803
-0.56541,0.74464,3.4412
-0.61103,0.66439,3.2939
-0.63982,0.60418,3.1461
-0.65964,0.52528,2.9966
-0.66226,0.44731,2.8395
-0.68282,0.38651,2.6805
-0.63982,0.28123,2.5168
-0.52465,0.18705,2.3436
-0.44313,0.086772,2.164
-0.31337,-0.0096453,1.9773
-0.1911,-0.099479,1.7894
-0.097985,-0.21404,1.5933
-0.013475,-0.28628,1.3969
0.062808,-0.42905,1.1963
0.087862,-0.49,0.99106
0.064678,-0.63054,0.78649
0.073652,-0.71631,0.56829
0.04972,-0.7956,0.36505
0.032145,-1.0259,0.13024
0.091228,-0.41928,-0.032295
0.14657,0.034252,-0.023203
0.20266,-0.13598,-0.016492
0.26436,-0.041838,-0.02351
0.26361,-0.063121,-0.017366
0.25651,-0.05683,-0.022929
0.26623,-0.039577,-0.019364
0.29615,-0.056609,-0.022153
0.28306,-0.026752,-0.021317
0.25277,-0.048969,-0.021692
0.25987,-0.030584,-0.022794
0.16938,-0.040421,-0.022071
0.13947,-0.040353,-0.023525
0.12114,-0.031318,-0.022866
0.030276,-0.031311,-0.023544
0.039998,-0.030017,-0.023964
0.0089611,-0.031986,-0.024388
-0.041894,-0.02938,-0.024515
-0.070314,-0.033272,-0.025145
-0.073305,-0.031603,-0.026446
-0.0093619,-0.029425,-0.027346
0.015692,-0.029852,-0.028253
0.096837,-0.028529,-0.029517
0.15517,-0.022504,-0.029989
0.1346,-0.026306,-0.030203
0.15106,-0.023198,-0.031252
0.12413,-0.024281,-0.031264
0.089732,-0.022789,-0.032403
0.098706,-0.018984,-0.031774
0.047477,-0.03509,-0.033213
-0.022076,-0.0070322,-0.033348
-0.044512,-0.033092,-0.032977
-0.050495,-0.012877,-0.035163
-0.010484,-0.019531,-0.032332
0.017936,-0.030707,-0.036884
0.057947,0.0061155,-0.032403
0.11404,-0.060752,-0.037206
0.15143,0.042893,-0.034349
0.13311,-0.09922,-0.034334
0.14171,0.085047,-0.040622
0.14657,-0.21828,-0.023443
0.044111,-1.7193,-0.23829
0.22323,-1.9323,-0.63767
0.19705,-1.6856,-0.97406
0.12937,-1.8584,-1.3111
0.50742,-1.777,-1.6272
0.43413,-1.872,-1.9181
0.50368,-1.8782,-2.2011
0.71271,-1.9224,-2.4619
0.45245,-1.976,-2.7172
0.56875,-1.9993,-2.9558
0.61212,-2.0495,-3.1853
0.52537,-2.0495,-3.3978
0.69402,-2.1062,-3.599
0.70897,-2.1375,-3.7943
0.75684,-2.158,-3.977
0.74263,-2.1666,-4.1478
0.69439,-2.1691,-4.3032
0.68878,-2.1771,-4.446
0.61736,-2.1663,-4.5748
0.57099,-2.1468,-4.6872
0.52687,-2.1201,-4.7828
0.49994,-2.1016,-4.8631
0.52537,-2.0901,-4.9321
0.60016,-2.0736,-4.9903
0.62559,-2.0426,-5.0365
0.63045,-1.9998,-5.0683
0.63979,-1.9593,-5.0856
0.56576,-1.9194,-5.0909
0.37692,-1.8795,-5.0851
0.21911,-1.8381,-5.0695
0.06206,-1.7873,-5.0433
-0.16567,-1.7395,-5.0065
-0.31113,-1.696,-4.9616
-0.40536,-1.6497,-4.9092
-0.46893,-1.598,-4.8493
-0.50782,-1.538,-4.7812
-0.51493,-1.4772,-4.7043
-0.52876,-1.4132,-4.619
-0.55756,-1.3568,-4.5262
-0.54858,-1.2983,-4.4282
-0.6043,-1.2275,-4.3241
-0.60467,-1.1565,-4.2121
-0.60841,-1.0867,-4.0927
-0.64356,-1.0278,-3.9694
-0.58261,-0.95553,-3.8417
-0.60953,-0.88907,-3.708
-0.61552,-0.82896,-3.5733
-0.59009,-0.73966,-3.433
-0.60991,-0.67081,-3.2852
-0.61215,-0.61136,-3.1372
-0.62486,-0.5196,-2.9851
-0.59794,-0.44291,-2.8256
-0.60991,-0.36983,-2.6644
-0.56391,-0.264,-2.4965
-0.46332,-0.17181,-2.3204
-0.3732,-0.0681,-2.1377
-0.20904,0.014495,-1.9496
-0.097985,0.12547,-1.7582
-0.010858,0.22148,-1.5601
0.052338,0.31787,-1.3637
0.096463,0.45248,-1.1568
0.12264,0.50397,-0.95277
0.080009,0.67355,-0.741
0.088236,0.69412,-0.526
0.073278,0.89943,-0.31662
0.061312,0.89947,-0.081491
0.11441,0.1304,0.015635
0.11591,-0.0023797,-0.012334
0.19855,0.10936,-0.0043747
0.28343,0.0026252,-0.0056344
0.26062,0.059543,-0.0062755
0.27745,0.011724,-0.0034449
0.26324,0.035324,-0.0062193
0.26025,0.017801,-0.0025001
0.24791,0.010446,-0.0047271
0.21351,0.024201,-0.0027438
0.19369,-0.002316,-0.00301
0.13049,0.016894,-0.0027888
0.13012,0.0082225,-0.0016116
0.095715,0.010959,-0.0017653
0.031397,0.009156,-0.0010455
0.040746,0.0061006,-0.00077552
0.011953,0.0059956,-0.00014566
-0.041894,0.0037424,-0.00015691
-0.048251,0.010832,0.00072415
-0.027311,0.0055419,0.0020776
-0.0030049,0.0027602,0.0030036
0.062434,0.0079226,0.0041321
0.12713,0.0030339,0.0052756
0.1432,-0.0001303,0.0054069
0.16115,0.007139,0.0063854
0.16602,-0.0056751,0.0068203
0.12638,0.0032888,0.0070602
0.095341,0.00025584,0.0081287
0.08674,-8.1567e-05,0.0075626
0.022423,0.0073677,0.0096434
-0.023572,-0.0087268,0.0082787
-0.028433,0.016414,0.010168
-0.027685,-0.019899,0.0098796
0.021675,0.018184,0.0095234
0.056077,-0.01594,0.012339
0.095341,0.0032775,0.0078851
0.12526,0.0085262,0.015447
0.15517,-0.047473,0.0060855
0.12563,0.088039,0.017404
0.126,-0.18268,0.0042821
0.10843,0.72864,0.03699
0.071035,2.069,0.35061
0.2666,1.8207,0.73534
0.17162,1.7539,1.0614
0.19518,1.8329,1.4002
0.45096,1.7872,1.7024
0.25202,1.8867,1.9947
0.37879,1.8575,2.2686
0.4977,1.943,2.528
0.36719,1.9623,2.7789
0.57136,2.007,3.0135
0.55416,2.0381,3.2395
0.57884,2.0493,3.4477
0.70935,2.1052,3.6484
0.72842,2.1257,3.8394
0.80358,2.1442,4.0182
0.7359,2.1468,4.1838
0.71159,2.1561,4.3352
0.70112,2.1457,4.4737
0.6383,2.135,4.5965
0.56015,2.1216,4.7047
0.51602,2.0862,4.7956
0.50742,2.0695,4.8713
0.52313,2.056,4.9367
0.63979,2.0282,4.9899
0.63045,1.9946,5.0313
0.64129,1.9573,5.0592
0.66223,1.9027,5.0717
0.50181,1.861,5.0724
0.34551,1.8301,5.0635
0.13685,1.78,5.0437
-0.05573,1.7377,5.0141
-0.2412,1.6827,4.9752
-0.42593,1.6277,4.9273
-0.45921,1.5945,4.8726
-0.53587,1.5432,4.8108
-0.53923,1.4802,4.7396
-0.50969,1.4207,4.6596
-0.58261,1.3581,4.5721
-0.56429,1.2981,4.4783
-0.57476,1.2324,4.3781
-0.62823,1.1565,4.2701
-0.64094,1.09,4.1554
-0.68208,1.0359,4.035
-0.67834,0.97523,3.9111
-0.65441,0.8988,3.7822
-0.66936,0.83452,3.6483
-0.63795,0.76779,3.5115
-0.62337,0.68599,3.3675
-0.62337,0.62605,3.2195
-0.63683,0.55917,3.0716
-0.65889,0.46987,2.9173
-0.62823,0.40242,2.7581
-0.64393,0.31766,2.597
-0.55718,0.21479,2.4267
-0.42107,0.12199,2.2494
-0.35301,0.018708,2.0649
-0.17464,-0.057179,1.8775
-0.059844,-0.17873,1.685
0.0078393,-0.26241,1.4867
0.097211,-0.37267,1.2901
0.094967,-0.47831,1.0832
0.11067,-0.55477,0.88102
0.081505,-0.71633,0.66536
0.043737,-0.71876,0.45574
0.04972,-0.98529,0.23759
0.050842,-0.7767,0.015747
0.11516,-0.040931,-0.03763
0.15554,-0.069573,-0.011603
0.21911,-0.098313,-0.023387
0.28493,-0.030351,-0.017452
0.26249,-0.079549,-0.020455
0.25539,-0.028267,-0.02035
0.27408,-0.062229,-0.019536
0.25763,-0.034644,-0.021917
0.21388,-0.041208,-0.019788
0.20416,-0.041388,-0.022191
0.14059,-0.030344,-0.021103
0.084871,-0.043218,-0.022112
0.096089,-0.03142,-0.022461
0.035137,-0.033474,-0.022397
0.0055957,-0.028413,-0.023181
0.031771,-0.030374,-0.023409
-0.01871,-0.028458,-0.023915
-0.055356,-0.02842,-0.023968
-0.029181,-0.035262,-0.025171
0.003726,-0.031622,-0.026247
0.039624,-0.031015,-0.027046
0.10656,-0.034059,-0.028489
0.17686,-0.02457,-0.02925
0.17761,-0.027296,-0.029445
0.17948,-0.028023,-0.030548
0.18359,-0.01889,-0.030428
0.12039,-0.028259,-0.0312
0.087862,-0.014305,-0.031369
0.080757,-0.028615,-0.031699
0.0029781,-0.017919,-0.033255
-0.038903,-0.021653,-0.031717
-0.029928,-0.027772,-0.034608
-0.02245,-0.0011313,-0.03201
0.020927,-0.047102,-0.034889
0.092349,0.011724,-0.033899
0.11591,-0.052721,-0.033206
0.14994,0.014318,-0.037544
0.17499,-0.034512,-0.02916
0.10245,-0.035506,-0.044401
0.14807,0.081354,-0.017793
0.071783,-1.2448,-0.13041
0.091975,-2.0426,-0.50691
0.21051,-1.685,-0.86771
0.058695,-1.8239,-1.1976
0.34551,-1.7983,-1.5281
0.48798,-1.8284,-1.8218
0.39113,-1.888,-2.1113
0.68429,-1.8846,-2.3773
0.54743,-1.9667,-2.6349
0.47751,-1.9771,-2.8795
0.6555,-2.0383,-3.1124
0.55304,-2.0427,-3.3327
0.64877,-2.0786,-3.5366
0.73777,-2.1239,-3.7351
0.77628,-2.141,-3.9225
0.80321,-2.1604,-4.0983
0.74038,-2.1601,-4.2595
0.71346,-2.1682,-4.4073
0.68841,-2.1623,-4.5418
0.62259,-2.1433,-4.6605
0.51228,-2.1174,-4.7626
0.52799,-2.0929,-4.8482
0.50779,-2.0791,-4.9213
0.57585,-2.0662,-4.9841
0.66148,-2.0372,-5.0357
0.62484,-1.9983,-5.0733
0.68392,-1.9573,-5.0961
0.61437,-1.9149,-5.1061
0.45283,-1.8752,-5.1048
0.29315,-1.8334,-5.0932
0.077392,-1.7872,-5.0716
-0.10023,-1.7368,-5.039
-0.28271,-1.6896,-4.9975
-0.40985,-1.6452,-4.9486
-0.46519,-1.5981,-4.8921
-0.54073,-1.5411,-4.828
-0.50969,-1.4781,-4.7546
-0.52951,-1.4167,-4.6725
-0.60542,-1.3544,-4.5824
-0.54185,-1.2973,-4.486
-0.60355,-1.2341,-4.3844
-0.6458,-1.1603,-4.2754
-0.61103,-1.0916,-4.1585
-0.69292,-1.0341,-4.0367
-0.6387,-0.96305,-3.9109
-0.62599,-0.89174,-3.7788
-0.66301,-0.83924,-3.6448
-0.60878,-0.75982,-3.5081
-0.6129,-0.67721,-3.3622
-0.58859,-0.62303,-3.214
-0.62112,-0.54856,-3.0651
-0.63758,-0.45708,-2.908
-0.60205,-0.3915,-2.7469
-0.59233,-0.29471,-2.5824
-0.47604,-0.19686,-2.4084
-0.35563,-0.10371,-2.2282
-0.21652,-0.0026796,-2.0404
-0.054982,0.082963,-1.8506
0.0040999,0.19784,-1.6545
0.082253,0.27288,-1.4568
0.15405,0.41322,-1.2552
0.13909,0.48163,-1.0468
0.12713,0.60529,-0.84195
0.10245,0.71335,-0.62202
0.073278,0.75909,-0.41661
0.067295,1.0217,-0.18384
0.078514,0.49414,-0.0017241
0.13535,-0.051529,0.0012903
0.18509,0.10864,-0.011277
0.23295,0.030537,-0.0014616
0.27221,0.036254,-0.0082514
0.25202,0.043654,-0.0025789
0.24903,0.01163,-0.0057469
0.27371,0.038533,-0.0033362
0.23258,0.0015455,-0.0033999
0.20827,0.026765,-0.0039023
0.1978,0.013197,-0.001859
0.10432,0.011908,-0.00298
0.096463,0.012864,-0.0016116
0.1017,0.0068803,-0.0016716
0.024667,0.011443,-0.00099297
0.01831,0.0063592,-0.00044559
0.020927,0.0059843,-4.8182e-05
-0.020206,0.0026365,0.00024425
-0.059096,0.0077651,0.0007129
-0.035538,0.0098383,0.0018039
0.01457,0.0073902,0.0028312
0.033267,0.0059356,0.0038172
0.13685,0.0088373,0.0050319
0.19443,0.00039081,0.005778
0.16228,0.002614,0.0061829
0.21238,0.0048484,0.0072852
0.19743,-0.00053145,0.0069778
0.11553,0.0076414,0.0082
0.1189,-0.0055139,0.0080163
0.085618,0.0087961,0.0088861
0.0059696,-0.0065973,0.0098159
-0.0041267,0.0083387,0.0086461
0.0059696,-0.00085011,0.011346
0.019057,-0.0082994,0.0083649
0.059817,0.020718,0.012572
0.13199,-0.034666,0.0093397
0.14395,0.043426,0.011653
0.16975,-0.05782,0.012493
0.18546,0.053724,0.0081962
0.11404,-0.049906,0.019755
0.15218,0.037776,-0.0053008
0.078514,1.5714,0.16357
0.13273,2.0621,0.5558
0.23519,1.6841,0.89959
0.11292,1.8338,1.2333
0.33653,1.7715,1.5565
0.34064,1.8369,1.8488
0.22173,1.8596,2.1354
0.4603,1.887,2.3981
0.39225,1.9514,2.6557
0.45208,1.9584,2.897
0.6196,2.0193,3.1282
0.53808,2.0242,3.3451
0.64503,2.0715,3.5486
0.75759,2.1003,3.746
0.79161,2.1146,3.9308
0.79199,2.1277,4.1035
0.7258,2.1305,4.2612
0.69476,2.1349,4.4067
0.69028,2.1177,4.5376
0.56276,2.101,4.6521
0.4891,2.0724,4.7513
0.51303,2.0478,4.8339
0.43637,2.0359,4.9042
0.55229,2.0159,4.9641
0.59754,1.984,5.0112
0.57623,1.9452,5.0455
0.67457,1.899,5.0654
0.56837,1.8495,5.0709
0.42441,1.8132,5.0663
0.22173,1.7749,5.0524
0.042242,1.7243,5.0276
-0.10733,1.6767,4.9925
-0.36386,1.6341,4.9491
-0.4263,1.5831,4.8983
-0.48576,1.5323,4.8404
-0.54895,1.478,4.774
-0.50558,1.41,4.6985
-0.56466,1.3511,4.6145
-0.57887,1.2956,4.5236
-0.54933,1.2311,4.4267
-0.59906,1.1642,4.3223
-0.6402,1.0997,4.2103
-0.65104,1.0305,4.0919
-0.67684,0.96873,3.9698
-0.66188,0.90521,3.8431
-0.64805,0.83786,3.7104
-0.62599,0.77497,3.5755
-0.59046,0.69331,3.4352
-0.59944,0.62965,3.2886
-0.60093,0.57093,3.1412
-0.63907,0.48059,2.9906
-0.61028,0.40784,2.8328
-0.58635,0.34282,2.6728
-0.59271,0.23876,2.5069
-0.43752,0.14565,2.3314
-0.36086,0.047272,2.1497
-0.23522,-0.037909,1.9623
-0.056104,-0.13847,1.7723
-0.014971,-0.24108,1.5746
0.09908,-0.32006,1.3786
0.13199,-0.46401,1.1741
0.13573,-0.51495,0.96815
0.13498,-0.66983,0.7601
0.045981,-0.72225,0.54188
0.053834,-0.85294,0.33614
0.036633,-0.99873,0.097925
0.059069,-0.29919,-0.037124
0.13984,0.018277,-0.016597
0.17536,-0.13605,-0.017028
0.25763,-0.030374,-0.020031
0.2494,-0.078721,-0.01623
0.22585,-0.045043,-0.020777
0.26473,-0.042153,-0.016976
0.24118,-0.053235,-0.020642
0.21351,-0.029193,-0.018951
0.18247,-0.047027,-0.020076
0.13236,-0.028165,-0.0205
0.10207,-0.03987,-0.020207
0.082253,-0.032507,-0.021231
0.063182,-0.03025,-0.020781
0.020179,-0.029991,-0.021816
-0.00076128,-0.028267,-0.021932
-0.0059964,-0.030584,-0.022622
-0.042268,-0.025357,-0.022573
-0.050869,-0.029646,-0.023289
-0.019458,-0.029972,-0.024605
0.0078393,-0.027026,-0.025359
0.067669,-0.027367,-0.026596
0.17836,-0.027787,-0.027762
0.17761,-0.023892,-0.027856
0.17237,-0.026471,-0.028448
0.22285,-0.019142,-0.029449
0.16975,-0.023888,-0.029247
0.13722,-0.021957,-0.030401
0.11703,-0.016881,-0.03
0.054956,-0.027817,-0.031616
0.011579,-0.0090117,-0.030836
-0.016467,-0.035933,-0.031451
0.0048478,-0.0024434,-0.032812
0.030276,-0.028971,-0.030791
0.072905,-0.018632,-0.034975
0.14507,-0.0025709,-0.029978
0.16003,-0.051023,-0.036565
0.21799,0.043523,-0.030383
0.172,-0.10994,-0.035714
0.13573,0.1339,-0.033974
0.14246,-0.42003,-0.033288
0.020179,-1.8767,-0.29525
0.17686,-1.8588,-0.69299
0.126,-1.704,-1.0226
0.1275,-1.8469,-1.3613
0.50854,-1.7694,-1.6704
0.39561,-1.874,-1.9616
0.50892,-1.8567,-2.2407
0.6742,-1.9202,-2.5001
0.43151,-1.9583,-2.754
0.58595,-1.9878,-2.9909
0.61399,-2.0243,-3.2182
0.56389,-2.0351,-3.4286
0.70897,-2.09,-3.6305
0.74749,-2.115,-3.8248
0.82377,-2.1416,-4.0058
0.76282,-2.1329,-4.1741
0.69252,-2.1378,-4.3281
0.70486,-2.1416,-4.4694
0.60689,-2.1206,-4.5959
0.49134,-2.1011,-4.7062
0.50742,-2.071,-4.7993
0.45021,-2.0507,-4.8777
0.44909,-2.0398,-4.9457
0.5594,-2.0217,-5.0033
0.53135,-1.9834,-5.048
0.62559,-1.9374,-5.0774
0.60913,-1.8957,-5.0927
0.48872,-1.8557,-5.0966
0.35747,-1.8178,-5.0899
0.11516,-1.7748,-5.0736
-0.0018831,-1.7234,-5.0469
-0.20344,-1.6745,-5.0098
-0.37283,-1.6291,-4.9647
-0.42256,-1.5828,-4.912
-0.51231,-1.5316,-4.852
-0.50184,-1.4716,-4.7832
-0.51792,-1.4098,-4.7055
-0.56503,-1.3465,-4.6199
-0.54073,-1.2889,-4.5267
-0.5598,-1.2308,-4.4284
-0.60953,-1.1628,-4.3235
-0.5856,-1.0932,-4.2104
-0.62337,-1.0288,-4.091
-0.65964,-0.96419,-3.9678
-0.60617,-0.89215,-3.8388
-0.60654,-0.83857,-3.7056
-0.55195,-0.77252,-3.5709
-0.55008,-0.68279,-3.4284
-0.55531,-0.6235,-3.2807
-0.55045,-0.56072,-3.1334
-0.59757,-0.46811,-2.9795
-0.54484,-0.39783,-2.8196
-0.55344,-0.32121,-2.658
-0.47379,-0.21917,-2.4879
-0.36012,-0.12628,-2.3105
-0.28234,-0.02541,-2.1253
-0.10696,0.047411,-1.9363
-0.029181,0.16536,-1.7437
0.057199,0.25361,-1.5439
0.12152,0.35489,-1.3461
0.15592,0.47574,-1.1375
0.18995,0.54317,-0.93269
0.11142,0.70809,-0.71694
0.069165,0.71271,-0.50345
0.054208,0.94603,-0.28831
0.041868,0.82118,-0.057669
0.085245,0.065117,0.01505
0.12862,0.027665,-0.013429
0.19443,0.095904,-0.0023727
0.24118,0.0084549,-0.0062568
0.20752,0.057312,-0.0048884
0.19556,0.0097146,-0.0035911
0.21612,0.039257,-0.0050946
0.23744,0.018259,-0.0019603
0.21201,0.016991,-0.0044759
0.16489,0.014693,-0.0019828
0.14171,0.0039711,-0.0025639
0.088236,0.019758,-0.0019902
0.089358,0.0061155,-0.0012517
0.070287,0.011229,-0.0012479
0.036259,0.0087099,-0.00033687
0.066922,0.0075327,-0.0001869
0.022797,0.0042298,0.00029299
-0.029181,0.006303,0.00037922
-0.010858,0.0094484,0.001519
0.022423,0.0073452,0.0028649
0.056451,0.0077239,0.0037047
0.13573,0.00829,0.0049382
0.18845,0.0060181,0.0059017
0.18097,0.00066074,0.0058005
0.2251,0.0073377,0.0070077
0.23594,-0.0017461,0.0074689
0.18322,0.0026065,0.0077538
0.14769,-0.00010406,0.0088523
0.12039,0.0026402,0.0082825
0.056077,0.0054595,0.010273
0.011953,-0.0079395,0.0089048
0.020179,0.011413,0.010914
0.014196,-0.020919,0.010161
0.034389,0.021618,0.010352
0.088236,-0.021526,0.01256
0.13124,0.010217,0.0083874
0.15068,0.0071578,0.01586
0.172,-0.038415,0.0063104
0.12114,0.082813,0.019001
0.099454,-0.18147,0.0031311
0.087862,0.80447,0.045335
0.067669,2.0843,0.36988
0.22173,1.7938,0.75132
0.16003,1.7541,1.0767
0.20378,1.8182,1.4143
0.40197,1.7734,1.7149
0.24828,1.8663,2.0067
0.37879,1.8433,2.2793
0.45918,1.9196,2.5384
0.36084,1.9303,2.7884
0.568,1.983,3.023
0.5665,2.0088,3.2481
0.61362,2.0194,3.4558
0.74225,2.0678,3.6574
0.77366,2.0854,3.8488
0.83873,2.1066,4.0274
0.743,2.1043,4.1923
0.7258,2.1093,4.3427
0.70785,2.1027,4.4808
0.58408,2.0804,4.6026
0.53771,2.058,4.7086
0.48798,2.0303,4.7989
0.44423,2.0112,4.8745
0.49396,1.9957,4.9396
0.52163,1.9644,4.9932
0.54893,1.9252,5.0332
0.60502,1.8837,5.0593
0.57735,1.8346,5.0709
0.45956,1.794,5.0706
0.26174,1.757,5.0613
0.10656,1.7142,5.0423
-0.077419,1.6623,5.0126
-0.28682,1.6101,4.973
-0.39489,1.5732,4.926
-0.48165,1.5209,4.8719
-0.52988,1.4614,4.8093
-0.53138,1.4082,4.738
-0.54933,1.3439,4.6576
-0.57102,1.2897,4.5695
-0.53998,1.2301,4.476
-0.54858,1.163,4.3752
-0.59345,1.0998,4.2668
-0.61103,1.0267,4.1517
-0.67198,0.97142,4.0315
-0.64356,0.91084,3.9077
-0.60355,0.83721,3.7776
-0.59158,0.78214,3.6441
-0.54148,0.70634,3.5075
-0.53362,0.62461,3.3626
-0.51193,0.57052,3.215
-0.56204,0.50493,3.0668
-0.5497,0.41734,2.9112
-0.52839,0.34823,2.7517
-0.5426,0.25905,2.589
-0.4177,0.16078,2.416
-0.36872,0.077287,2.2372
-0.25055,-0.019063,2.0516
-0.10434,-0.10261,1.8626
-0.028433,-0.21524,1.6678
0.091601,-0.28555,1.4704
0.11815,-0.41732,1.2715
0.16788,-0.50545,1.0623
0.15704,-0.59421,0.85894
0.094967,-0.73758,0.63992
0.082253,-0.74861,0.43169
0.0078393,-1.0221,0.20599
0.020927,-0.66867,-0.0018853
0.089732,0.0059281,-0.030769
0.11479,-0.098246,-0.0094361
0.1705,-0.080007,-0.021373
0.21238,-0.038471,-0.014482
0.19668,-0.073671,-0.019011
0.1963,-0.026857,-0.017197
0.23033,-0.060441,-0.017845
0.2165,-0.031138,-0.019195
0.17798,-0.043529,-0.017759
0.15667,-0.036095,-0.019911
0.11329,-0.030715,-0.018655
0.069539,-0.036837,-0.01999
0.066922,-0.026283,-0.019953
0.059443,-0.033452,-0.020275
0.050842,-0.028664,-0.020841
0.054956,-0.027311,-0.021085
0.0029781,-0.030224,-0.021752
-0.020954,-0.028806,-0.021958
0.029154,-0.02914,-0.022869
0.049346,-0.033032,-0.02393
0.099454,-0.027457,-0.024913
0.18097,-0.026748,-0.026146
0.19219,-0.021372,-0.026933
0.21724,-0.02559,-0.027158
0.23033,-0.030591,-0.028283
0.2165,-0.018096,-0.028122
0.20229,-0.026962,-0.029097
0.16415,-0.016667,-0.029348
0.13049,-0.027584,-0.029449
0.048225,-0.016828,-0.030788
0.023545,-0.023175,-0.029449
0.020553,-0.025811,-0.032287
0.022423,-0.0039093,-0.029595
0.071035,-0.042963,-0.03276
0.094967,0.015424,-0.03138
0.12039,-0.058836,-0.031376
0.16003,0.017932,-0.035047
0.17013,-0.039915,-0.027166
0.12077,-0.024056,-0.042125
0.14769,0.061237,-0.015165
0.025788,-1.3019,-0.13684
0.063556,-2.0382,-0.51651
0.18509,-1.6716,-0.87428
0.017562,-1.8143,-1.2042
0.32868,-1.7801,-1.533
0.45395,-1.8144,-1.8265
0.3642,-1.8632,-2.1154
0.66934,-1.8631,-2.3805
0.51378,-1.9417,-2.6389
0.48125,-1.9468,-2.8834
0.66074,-2.0001,-3.1151
0.55828,-2.005,-3.3343
0.67569,-2.0473,-3.5396
0.75422,-2.0838,-3.7392
0.78152,-2.0949,-3.9261
0.80956,-2.1111,-4.1011
0.7344,-2.1087,-4.262
0.71159,-2.1146,-4.4095
0.64765,-2.1014,-4.5431
0.54668,-2.0789,-4.6601
0.49882,-2.0549,-4.7608
0.45395,-2.0326,-4.8463
0.42665,-2.0173,-4.9197
0.50705,-1.9986,-4.9826
0.52612,-1.9653,-5.0332
0.54855,-1.9215,-5.0692
0.60427,-1.8803,-5.0911
0.522,-1.8402,-5.1006
0.39,-1.7985,-5.0992
0.23669,-1.7574,-5.0874
0.045233,-1.7103,-5.0653
-0.14211,-1.6624,-5.0332
-0.30253,-1.6195,-4.9923
-0.402,-1.5729,-4.9438
-0.46931,-1.5216,-4.8878
-0.50408,-1.4639,-4.8229
-0.51567,-1.4052,-4.7488
-0.55606,-1.3425,-4.6666
-0.55008,-1.2803,-4.5765
-0.53549,-1.2267,-4.4806
-0.57924,-1.1628,-4.3787
-0.58336,-1.0913,-4.2687
-0.59869,-1.0252,-4.1517
-0.63982,-0.96588,-4.0302
-0.58037,-0.89742,-3.9041
-0.57663,-0.83493,-3.7724
-0.57887,-0.77934,-3.6392
-0.48763,-0.69667,-3.5008
-0.50072,-0.62687,-3.3544
-0.52241,-0.57542,-3.2076
-0.50745,-0.48965,-3.0574
-0.52577,-0.40625,-2.899
-0.52315,-0.34844,-2.7385
-0.44463,-0.24486,-2.5722
-0.35002,-0.14785,-2.3958
-0.28682,-0.055901,-2.2136
-0.14473,0.034214,-2.0252
-0.023945,0.12604,-1.8349
0.054956,0.23795,-1.6363
0.14994,0.30703,-1.4381
0.19406,0.44806,-1.2341
0.20079,0.51144,-1.0251
0.16265,0.64636,-0.8174
0.13086,0.72101,-0.59674
0.095715,0.80599,-0.39048
0.058321,1.0151,-0.1523
0.071783,0.3867,0.008245
0.10095,-0.049658,-0.0029988
0.14994,0.11763,-0.0086225
0.17387,0.019443,-0.0015891
0.17088,0.046177,-0.0074865
0.16751,0.033836,-0.001904
0.1806,0.018555,-0.0054995
0.2165,0.036692,-0.0023502
0.19518,0.0059168,-0.0033549
0.19743,0.029768,-0.0028076
0.16078,0.0095609,-0.0014354
0.085245,0.013512,-0.0022789
0.10394,0.0093659,-0.00083176
0.071409,0.0074614,-0.0011804
0.059443,0.01163,-0.00034437
0.097958,0.0074577,0.00018052
0.065426,0.0087174,0.00060792
0.034015,0.0031688,0.00071665
0.024293,0.0075477,0.001504
0.018684,0.0084212,0.0027187
0.070287,0.0071915,0.0036335
0.14994,0.0080013,0.004612
0.18434,0.0070565,0.0057968
0.21799,0.0015568,0.0064566
0.24155,0.0062917,0.0065578
0.23893,0.0042973,0.0077201
0.23407,0.0018267,0.0077163
0.20079,0.0073715,0.0088523
0.17536,-0.004123,0.0086386
0.11516,0.0064005,0.0096059
0.069539,-0.011216,0.010007
0.072905,0.010806,0.0094972
0.022049,-0.0046854,0.012058
0.054956,-0.0037406,0.0092348
0.088984,0.012421,0.01349
0.086366,-0.031067,0.0096059
0.129,0.044978,0.013404
0.14059,-0.060471,0.011919
0.13872,0.071382,0.010262
0.11067,-0.084371,0.018716
0.088236,0.1271,-0.0023502
0.010083,1.6854,0.19318
0.11329,2.0154,0.58875
0.1978,1.6759,0.92713
0.1174,1.8308,1.2623
0.31409,1.7491,1.581
0.27932,1.8303,1.8735
0.23519,1.8387,2.1587
0.42777,1.8639,2.4205
0.34177,1.9225,2.6774
0.45096,1.9414,2.9181
0.57996,1.9876,3.1491
0.52387,1.9819,3.364
0.63942,2.0383,3.568
0.72281,2.0656,3.7661
0.77591,2.0758,3.9507
0.78002,2.0796,4.1224
0.71944,2.079,4.2793
0.69813,2.0818,4.4238
0.64166,2.0601,4.5527
0.53135,2.0407,4.6655
0.49396,2.0101,4.7627
0.44049,1.9835,4.844
0.42179,1.9707,4.9134
0.5149,1.9496,4.9727
0.50518,1.9137,5.0199
0.57548,1.8677,5.0522
0.58333,1.8231,5.0703
0.44535,1.7814,5.076
0.36607,1.7402,5.0708
0.17125,1.7013,5.0564
0.003352,1.6538,5.032
-0.16866,1.599,4.997
-0.36872,1.5536,4.9537
-0.42144,1.5078,4.9039
-0.50296,1.4567,4.846
-0.52278,1.4008,4.7794
-0.52128,1.3381,4.7036
-0.56129,1.2826,4.6187
-0.52091,1.2282,4.528
-0.55643,1.1616,4.4307
-0.59084,1.0947,4.3249
-0.58784,1.0308,4.2122
-0.64917,0.97093,4.0942
-0.61888,0.91071,3.9725
-0.57176,0.83822,3.8446
-0.59121,0.7829,3.7116
-0.53437,0.71887,3.5773
-0.50446,0.63124,3.4355
-0.49885,0.57451,3.2883
-0.49062,0.51838,3.1412
-0.49623,0.43196,2.9889
-0.46444,0.36238,2.8303
-0.49174,0.29147,2.67
-0.43191,0.18654,2.5012
-0.34404,0.10467,2.3241
-0.2943,0.0026402,2.1412
-0.12528,-0.085109,1.9519
-0.039651,-0.17967,1.7599
0.02504,-0.27279,1.5614
0.13498,-0.36291,1.364
0.16602,-0.49382,1.1566
0.17499,-0.54058,0.95143
0.13947,-0.70638,0.74005
0.079635,-0.73062,0.52221
0.048225,-0.90237,0.31274
0.038128,-0.9602,0.073893
0.061686,-0.20542,-0.037694
0.10656,-0.0037181,-0.011356
0.13984,-0.13559,-0.016901
0.17088,-0.021537,-0.017107
0.17162,-0.078687,-0.015116
0.15293,-0.034445,-0.018348
0.20229,-0.048879,-0.015097
0.20229,-0.046494,-0.01903
0.14545,-0.029436,-0.016694
0.14807,-0.051945,-0.018348
0.093097,-0.02842,-0.018307
0.053834,-0.036631,-0.01837
0.083001,-0.029219,-0.01966
0.066174,-0.0304,-0.018993
0.054208,-0.03133,-0.019859
0.046729,-0.027112,-0.020335
0.022797,-0.026212,-0.020676
0.015692,-0.025297,-0.020841
0.010831,-0.029204,-0.021688
0.023919,-0.028424,-0.022678
0.08861,-0.025886,-0.023754
0.14208,-0.027352,-0.024864
0.17312,-0.027985,-0.025944
0.22285,-0.021233,-0.026109
0.24716,-0.024675,-0.026705
0.25015,-0.018377,-0.027443
0.21201,-0.024188,-0.027601
0.1791,-0.01973,-0.028748
0.17125,-0.017987,-0.028066
0.074774,-0.027682,-0.030068
0.05159,-0.0070547,-0.029025
0.05159,-0.033223,-0.030057
0.021675,-0.0009026,-0.03066
0.070661,-0.032837,-0.029228
0.066174,-0.010335,-0.032853
0.093471,-0.011913,-0.027953
0.13273,-0.042089,-0.035302
0.15106,0.037064,-0.027451
0.10955,-0.10998,-0.035639
0.098706,0.15245,-0.028711
0.057573,-0.55424,-0.04151
-0.047504,-1.945,-0.32837
0.12488,-1.8118,-0.72155
0.061686,-1.709,-1.0484
0.12002,-1.8251,-1.3869
0.44834,-1.7531,-1.6925
0.34999,-1.8542,-1.9837
0.52649,-1.8291,-2.2603
0.62596,-1.9001,-2.52
0.41693,-1.927,-2.7734
0.58408,-1.9571,-3.0098
0.58857,-1.9879,-3.2363
0.56127,-1.9995,-3.4462
0.71458,-2.0523,-3.6489
0.74861,-2.0632,-3.8424
0.79498,-2.081,-4.0228
0.75796,-2.0822,-4.1905
0.71122,-2.0836,-4.3439
0.70823,-2.0794,-4.4843
0.59492,-2.0601,-4.6094
0.51415,-2.0361,-4.7181
0.50219,-2.0028,-4.8097
0.42628,-1.9876,-4.8873
0.47264,-1.9778,-4.9557
0.51453,-1.9464,-5.0129
0.50705,-1.9052,-5.0554
0.59305,-1.8641,-5.0839
0.522,-1.8219,-5.099
0.43862,-1.7833,-5.1024
0.31522,-1.7437,-5.0961
0.1174,-1.6977,-5.0798
-0.019084,-1.6489,-5.0528
-0.21989,-1.602,-5.0158
-0.33843,-1.5582,-4.9709
-0.42144,-1.5119,-4.9191
-0.49099,-1.4551,-4.8588
-0.47155,-1.396,-4.7892
-0.51867,-1.3372,-4.7113
-0.53138,-1.2756,-4.6249
-0.5153,-1.2206,-4.5318
-0.56466,-1.1624,-4.4333
-0.5669,-1.0942,-4.3273
-0.58037,-1.0247,-4.2135
-0.62038,-0.9634,-4.0938
-0.55419,-0.90218,-3.97
-0.55045,-0.83562,-3.8405
-0.5583,-0.77842,-3.7078
-0.48165,-0.70527,-3.5716
-0.48501,-0.62933,-3.4274
-0.4708,-0.57804,-3.2808
-0.4708,-0.50806,-3.1328
-0.47379,-0.4181,-2.9774
-0.47791,-0.35723,-2.8173
-0.4551,-0.27214,-2.6548
-0.34516,-0.16732,-2.4822
-0.31524,-0.08476,-2.3025
-0.18885,0.016587,-2.1162
-0.044886,0.093775,-1.926
-0.0015092,0.20704,-1.7303
0.12339,0.28396,-1.5298
0.17275,0.3956,-1.3304
0.18434,0.50304,-1.1193
0.19331,0.57496,-0.91403
0.1275,0.73182,-0.69574
0.11105,0.73082,-0.48341
0.091975,0.98692,-0.26267
0.060939,0.75828,-0.039441
0.1017,0.019162,0.012853
0.13834,0.053488,-0.013331
0.15779,0.078854,-0.00084675
0.18022,0.0134,-0.0067479
0.15368,0.06213,-0.0036061
0.14096,0.0074989,-0.0035537
0.18284,0.039699,-0.0042697
0.172,0.014423,-0.0017953
0.14956,0.020013,-0.0036549
0.15741,0.013561,-0.0012404
0.099454,0.0073377,-0.0023052
0.089732,0.019327,-0.0010867
0.10581,0.0059881,-0.00071178
0.059443,0.01268,-0.00068929
0.080009,0.0076601,0.00013928
0.07814,0.0087436,0.00018802
0.032145,0.0052495,0.00089286
0.025788,0.0068691,0.0012678
0.0078393,0.0099358,0.0024488
0.052338,0.0045185,0.0037085
0.1189,0.0076976,0.0044883
0.14956,0.0095684,0.0061042
0.21014,-2.9081e-05,0.0066591
0.24043,0.004241,0.0067191
0.24492,0.0039036,0.00799
0.23893,0.001508,0.0079525
0.20603,0.005272,0.0090998
0.18957,-0.0053414,0.0086911
0.13947,0.011923,0.0098946
0.098706,-0.010759,0.010374
0.076644,0.0084137,0.0096734
0.013074,-0.0036806,0.012275
0.039624,-0.0066311,0.009201
0.071783,0.014498,0.01361
0.093097,-0.03034,0.0099246
0.12451,0.04587,0.013708
0.12039,-0.059297,0.012515
0.12039,0.067701,0.010101
0.072531,-0.079823,0.019436
0.075896,0.11466,-0.0021252
0.0085872,1.6699,0.18944
0.10918,2.0198,0.58549
0.21425,1.678,0.92606
0.09908,1.8312,1.2627
0.32008,1.7464,1.5835
0.29764,1.8277,1.8771
0.23632,1.8342,2.1641
0.4719,1.8603,2.428
0.35411,1.918,2.6864
0.44535,1.9311,2.9282
0.58819,1.9822,3.1617
0.53547,1.9698,3.3795
0.63793,2.0223,3.5845
0.68168,2.0503,3.7839
0.77553,2.0625,3.971
0.77628,2.075,4.1465
0.71757,2.0724,4.3067
0.73365,2.0759,4.4543
0.64952,2.059,4.588
0.56688,2.037,4.7054
0.5164,2.0094,4.8074
0.45993,1.9836,4.8937
0.45582,1.9615,4.9664
0.52013,1.9432,5.0287
0.5422,1.9112,5.0797
0.5579,1.8659,5.1166
0.5594,1.8242,5.1388
0.479,1.7771,5.1478
0.34102,1.7408,5.1458
0.16639,1.6949,5.1342
0.011205,1.6421,5.1126
-0.15931,1.6043,5.0804
-0.30253,1.5599,5.0396
-0.40723,1.5092,4.9912
-0.48464,1.4579,4.9349
-0.48576,1.4081,4.8706
-0.51605,1.3433,4.7971
-0.52876,1.2789,4.7143
-0.50782,1.2321,4.6247
-0.53886,1.1716,4.5295
-0.54671,1.104,4.4264
-0.56653,1.0367,4.3156
-0.63346,0.97677,4.1991
-0.62225,0.92318,4.0779
-0.58971,0.84962,3.9519
-0.60766,0.78991,3.8194
-0.55569,0.7376,3.6856
-0.49623,0.65289,3.5468
-0.49885,0.58211,3.3992
-0.48539,0.53021,3.2513
-0.46407,0.45868,3.1013
-0.47978,0.37911,2.9435
-0.47678,0.31661,2.7829
-0.40274,0.22242,2.6178
-0.34927,0.12569,2.442
-0.26327,0.042016,2.2614
-0.12715,-0.058487,2.0728
-0.05947,-0.13115,1.8811
0.035137,-0.24236,1.6848
0.11441,-0.32045,1.4844
0.15517,-0.44642,1.282
0.20117,-0.52993,1.0709
0.13722,-0.62388,0.86482
0.067295,-0.75905,0.64286
0.069539,-0.76435,0.43277
0.063556,-1.0382,0.20436
0.0658,-0.66242,-0.0032912
0.11366,0.010157,-0.030045
0.14732,-0.10333,-0.0092074
0.14844,-0.076111,-0.020935
0.18209,-0.039922,-0.013931
0.1705,-0.072749,-0.018614
0.15928,-0.025646,-0.016604
0.18995,-0.06296,-0.017587
0.1447,-0.030793,-0.018697
0.13722,-0.045782,-0.017264
0.11553,-0.037167,-0.01954
0.066922,-0.030584,-0.018179
0.082627,-0.035225,-0.01966
0.056077,-0.025785,-0.019649
0.066922,-0.034258,-0.019855
0.069913,-0.028267,-0.020717
0.022423,-0.028851,-0.020882
0.034015,-0.025841,-0.021059
0.029902,-0.027764,-0.021647
0.022423,-0.030456,-0.023038
0.079635,-0.02526,-0.023953
0.13834,-0.027573,-0.024804
0.18808,-0.028649,-0.026195
0.22809,-0.022808,-0.026622
0.258,-0.025669,-0.02732
0.26548,-0.018227,-0.028054
0.22697,-0.023989,-0.027987
0.21126,-0.018995,-0.028992
0.17649,-0.018575,-0.028399
0.11404,-0.029927,-0.03039
0.094967,-0.0082244,-0.029457
0.051964,-0.0344,-0.030503
0.047851,-0.00074889,-0.030971
0.075896,-0.031892,-0.029745
0.091601,-0.0098102,-0.033521
0.13236,-0.010564,-0.028501
0.13423,-0.041523,-0.03571
0.17349,0.039077,-0.027796
0.11965,-0.1084,-0.036171
0.090106,0.15131,-0.029198
0.055329,-0.55964,-0.042155
-0.038529,-1.9492,-0.33024
0.12526,-1.8111,-0.72468
0.033267,-1.7102,-1.0529
0.10619,-1.8243,-1.3928
0.45619,-1.7527,-1.6998
0.36607,-1.8542,-1.9931
0.53659,-1.8256,-2.2717
0.6125,-1.8947,-2.5333
0.40721,-1.9162,-2.7878
0.57772,-1.952,-3.0254
0.56613,-1.9868,-3.2555
0.53472,-1.9883,-3.4681
0.68392,-2.0378,-3.6712
0.7172,-2.0542,-3.8661
0.75235,-2.0763,-4.0497
0.72131,-2.0757,-4.2207
0.70673,-2.078,-4.3773
0.69215,-2.0774,-4.5217
0.58969,-2.0563,-4.6507
0.51939,-2.0344,-4.7636
0.48723,-2.0035,-4.8601
0.436,-1.9829,-4.9416
0.47713,-1.9733,-5.0126
0.51976,-1.9484,-5.0738
0.52986,-1.9077,-5.1214
0.60764,-1.8668,-5.1539
0.54332,-1.8223,-5.1728
0.42927,-1.7805,-5.1793
0.29615,-1.7439,-5.1748
0.10432,-1.6988,-5.161
-0.040773,-1.6487,-5.1366
-0.21578,-1.602,-5.1019
-0.33618,-1.5594,-5.0589
-0.40274,-1.5126,-5.0087
-0.46856,-1.4583,-4.9506
-0.46893,-1.4027,-4.8834
-0.49473,-1.3436,-4.8079
-0.51717,-1.2792,-4.7233
-0.49399,-1.2241,-4.6312
-0.52988,-1.1688,-4.5342
-0.55195,-1.1022,-4.4301
-0.56466,-1.0346,-4.3183
-0.59308,-0.9723,-4.1997
-0.54821,-0.91424,-4.0771
-0.5512,-0.84471,-3.9494
-0.54708,-0.78566,-3.8164
-0.48389,-0.72546,-3.6811
-0.47192,-0.64419,-3.5391
-0.47192,-0.58381,-3.3916
-0.48352,-0.5268,-3.2436
-0.48015,-0.44508,-3.0905
-0.48426,-0.37134,-2.9304
-0.44911,-0.30586,-2.7683
-0.35937,-0.20215,-2.599
-0.29131,-0.11267,-2.4195
-0.17277,-0.021368,-2.2356
-0.063957,0.068803,-2.0446
0.017188,0.15982,-1.8511
0.09908,0.26043,-1.6505
0.14732,0.33475,-1.4506
0.20004,0.48407,-1.2435
0.18209,0.53299,-1.0322
0.12862,0.67148,-0.82223
0.09908,0.74412,-0.59861
0.071035,0.82939,-0.39023
0.072905,1.0326,-0.14976
0.084123,0.37662,0.0097184
0.12862,-0.050232,-0.0029313
0.15704,0.12175,-0.0079777
0.17312,0.017524,-0.0012029
0.18995,0.049765,-0.0067329
0.14694,0.03087,-0.0012029
0.15592,0.014198,-0.0048584
0.1634,0.033311,-0.0016903
0.13834,0.00342,-0.0027401
0.15629,0.027995,-0.0020577
0.1174,0.0079301,-0.0010155
0.10282,0.017299,-0.0016266
0.10843,0.01346,-7.0677e-05
0.075522,0.0087211,-0.00064805
0.09908,0.013066,0.00036048
0.091601,0.0078701,0.0007279
0.047851,0.0083275,0.001219
0.029902,0.0058344,0.0015752
0.01644,0.008215,0.0020026
0.047103,0.0065692,0.0030149
0.097584,0.0089011,0.0039559
0.16751,0.0070191,0.0052794
0.22734,0.005362,0.0064341
0.25314,0.0028089,0.0069778
0.27334,0.004511,0.0074239
0.24342,0.0044322,0.0084587
0.22098,-0.00079013,0.0081138
0.20191,0.0048296,0.0093622
0.14096,-0.0065111,0.0094522
0.094219,0.0095909,0.0097821
0.081505,-0.0053452,0.011102
0.059817,0.0054407,0.0099546
0.043737,0.003315,0.012751
0.093097,-0.011681,0.0099321
0.10955,0.024313,0.01355
0.13947,-0.037054,0.011379
0.16003,0.038934,0.01244
0.13685,-0.047398,0.014731
0.13947,0.036797,0.0084212
0.059069,-0.019033,0.021903
0.048972,-0.030569,-0.0045284
-0.01011,1.4369,0.13826
0.034015,2.0706,0.52314
0.19144,1.6654,0.87276
0.069539,1.7994,1.2026
0.25314,1.741,1.5287
0.34551,1.78,1.8216
0.17985,1.8164,2.1092
0.40234,1.8157,2.373
0.37093,1.8927,2.6312
0.36832,1.8925,2.8752
0.5508,1.9287,3.1055
0.48199,1.9395,3.3225
0.58931,1.9854,3.5288
0.66447,2.0081,3.7291
0.71421,2.0108,3.9144
0.78638,2.0179,4.0871
0.68317,2.0125,4.2457
0.67382,2.01,4.3901
0.60539,1.9902,4.5201
0.48087,1.9604,4.6339
0.45021,1.9327,4.7314
0.3642,1.9137,4.8144
0.36869,1.8935,4.8857
0.44759,1.8691,4.946
0.45357,1.8328,4.994
0.51153,1.7853,5.0271
0.52537,1.7395,5.0452
0.43675,1.7006,5.0516
0.34102,1.6615,5.0481
0.18621,1.6105,5.034
0.0026042,1.5633,5.0094
-0.181,1.5241,4.9759
-0.36049,1.4786,4.9336
-0.43042,1.4346,4.8838
-0.46295,1.3841,4.8269
-0.48239,1.3183,4.7603
-0.48838,1.255,4.6836
-0.51979,1.204,4.5996
-0.49174,1.1508,4.51
-0.53026,1.0865,4.4126
-0.53998,1.0232,4.3073
-0.4966,0.95853,4.1955
-0.59794,0.90103,4.0782
-0.58485,0.84103,3.9568
-0.51343,0.77294,3.8285
-0.54933,0.72339,3.6971
-0.4794,0.65126,3.5631
-0.39975,0.56835,3.42
-0.40387,0.52162,3.2734
-0.4106,0.45837,3.1266
-0.41284,0.36933,2.9732
-0.41995,0.31157,2.8143
-0.40798,0.23574,2.6531
-0.33618,0.13264,2.4821
-0.29094,0.056217,2.3044
-0.23036,-0.044072,2.1201
-0.096489,-0.11737,1.9305
-0.0067443,-0.21992,1.7382
0.077018,-0.308,1.5391
0.14582,-0.40553,1.3407
0.17836,-0.52031,1.1322
0.21276,-0.57633,0.92755
0.15517,-0.74345,0.71139
0.093471,-0.74168,0.49563
0.083375,-0.96323,0.28083
0.050468,-0.88116,0.046543
0.096837,-0.10776,-0.034147
0.13797,-0.037463,-0.005552
0.12413,-0.11767,-0.015813
0.16788,-0.022936,-0.012252
0.15517,-0.082725,-0.012998
0.13199,-0.028799,-0.014677
0.17088,-0.054652,-0.012694
0.15629,-0.040143,-0.015761
0.1361,-0.032784,-0.013335
0.12713,-0.041467,-0.015712
0.087114,-0.027678,-0.01479
0.074774,-0.037148,-0.0156
0.0658,-0.024709,-0.016398
0.064304,-0.028578,-0.016023
0.087114,-0.028859,-0.016991
0.07627,-0.02673,-0.017129
0.047477,-0.022377,-0.017561
0.037006,-0.026707,-0.017531
0.025788,-0.029882,-0.018498
0.03738,-0.024855,-0.019585
0.10357,-0.025852,-0.020582
0.14507,-0.024499,-0.021685
0.17611,-0.022831,-0.022536
0.22173,-0.018384,-0.022944
0.24828,-0.023787,-0.023597
0.24679,-0.018253,-0.024339
0.2064,-0.020281,-0.024245
0.19294,-0.023303,-0.025614
0.16826,-0.015809,-0.025006
0.097211,-0.027022,-0.02633
0.076644,-0.0061737,-0.026161
0.046355,-0.031956,-0.026521
0.025414,-0.0072684,-0.028051
0.077766,-0.022834,-0.025543
0.092349,-0.020997,-0.030064
0.12974,0.0034275,-0.025194
0.14582,-0.055781,-0.031133
0.15106,0.048209,-0.026592
0.12301,-0.1031,-0.029085
0.069539,0.11381,-0.031627
0.056451,-0.30981,-0.021636
-0.037407,-1.8048,-0.2587
0.11703,-1.8868,-0.65595
0.11292,-1.6604,-0.9869
0.068043,-1.8157,-1.3234
0.43862,-1.7264,-1.6358
0.38477,-1.818,-1.9271
0.45395,-1.8023,-2.208
0.66186,-1.849,-2.4682
0.40833,-1.8917,-2.7243
0.51228,-1.9022,-2.9628
0.57847,-1.937,-3.1901
0.48012,-1.9456,-3.4022
0.63531,-1.9977,-3.6069
0.66934,-2.0072,-3.803
0.74188,-2.0167,-3.9845
0.72468,-2.0181,-4.1536
0.65251,-2.0132,-4.3081
0.65662,-2.0039,-4.4488
0.51191,-1.9808,-4.5731
0.45582,-1.9606,-4.6824
0.42815,-1.934,-4.7769
0.34663,-1.9115,-4.8567
0.3915,-1.8921,-4.9253
0.41693,-1.8657,-4.9826
0.43824,-1.827,-5.0267
0.51303,-1.7828,-5.0563
0.47077,-1.7401,-5.0725
0.3986,-1.6969,-5.0768
0.28343,-1.658,-5.0704
0.083001,-1.6134,-5.0543
-0.071436,-1.5625,-5.0273
-0.2169,-1.5209,-4.991
-0.35525,-1.4793,-4.9475
-0.43453,-1.4286,-4.8963
-0.46033,-1.3744,-4.8361
-0.46781,-1.3197,-4.7673
-0.49473,-1.2568,-4.6899
-0.4895,-1.1983,-4.6035
-0.46706,-1.147,-4.5115
-0.50446,-1.0833,-4.4133
-0.50894,-1.0159,-4.3066
-0.51829,-0.95246,-4.1925
-0.57438,-0.89876,-4.0738
-0.52801,-0.8354,-3.9512
-0.51941,-0.77065,-3.822
-0.50146,-0.71783,-3.6899
-0.3934,-0.64166,-3.554
-0.37657,-0.57038,-3.4098
-0.37358,-0.51834,-3.2634
-0.36498,-0.45038,-3.1148
-0.36722,-0.36841,-2.9587
-0.39489,-0.30471,-2.799
-0.36834,-0.21363,-2.6348
-0.28121,-0.11557,-2.4596
-0.26588,-0.03479,-2.2791
-0.15071,0.060832,-2.0918
-0.01871,0.1353,-1.9008
0.047477,0.24394,-1.7042
0.14246,0.31611,-1.5045
0.17237,0.44369,-1.303
0.2165,0.52677,-1.0917
0.22921,0.61622,-0.88613
0.15368,0.75202,-0.66512
0.12675,0.75697,-0.4552
0.091228,1.0285,-0.22693
0.038876,0.64874,-0.018089
0.080009,-0.028604,0.009291
0.13199,0.084968,-0.011779
0.13573,0.059636,0.00048795
0.14208,0.024996,-0.0065792
0.15106,0.05672,-0.0015254
0.15181,0.0074727,-0.0032725
0.14545,0.043234,-0.0023464
0.1432,0.010502,-0.0010192
0.13573,0.024126,-0.0025489
0.11815,0.016748,-0.00017565
0.10581,0.012706,-0.0012554
0.12264,0.014918,0.00025175
0.10693,0.005407,0.00012803
0.082253,0.0134,0.00039797
0.1088,0.0074427,0.001174
0.08674,0.0083162,0.0015115
0.058695,0.0058081,0.0019951
0.053834,0.0060931,0.0024075
0.036259,0.0033938,0.0030486
0.068417,0.0030863,0.0030636
0.10207,0.0055082,0.003701
0.13722,0.0047434,0.0043758
0.20004,-0.0010076,0.0042596
0.22398,-0.005244,0.0040647
0.23482,-0.00082762,0.0043046
0.21986,-0.003152,0.0045295
0.1907,-0.004033,0.0044021
0.1892,-0.0024997,0.0043271
0.1548,-0.0022597,0.0045558
0.093471,-0.0041605,0.0046195
0.060191,-0.005855,0.0045933
0.041868,-0.0030058,0.0044846
0.032893,-0.003973,0.0044583
0.058321,-0.0043667,0.0047882
