0.088984,-0.010789,0.0011853
0.077766,-0.010421,0.0013428
0.077392,-0.010073,0.0014102
0.069165,-0.0074559,0.0016352
0.06393,-0.0096041,0.0022463
0.084497,-0.0083894,0.0023963
0.071035,-0.0050153,0.0030074
0.063182,-0.011377,0.0032098
0.078514,-0.0076996,0.0032286
0.072531,-0.012787,0.0038809
0.085992,-0.014095,0.003446
0.085245,-0.0045241,0.0042334
0.076644,-0.018358,0.0039409
0.092723,0.0015268,0.0041809
0.098706,-0.023588,0.0042596
0.090854,0.001598,0.0038847
0.086366,-0.0073509,0.0056168
0.076644,-0.02574,0.0029437
0.053086,0.011465,0.0055343
0.06393,-0.048635,0.0033486
0.077018,0.048626,0.0052344
0.075896,-0.076839,0.004657
0.067669,0.053638,0.0021563
0.068791,-0.074188,0.0088861
0.059069,0.025959,-0.0069841
0.098706,1.9058,0.10891
0.23258,2.614,0.35543
0.21874,2.3054,0.5501
0.2666,2.5337,0.7285
0.42141,2.4301,0.89198
0.40085,2.481,1.0287
0.46479,2.4565,1.1549
0.53995,2.3836,1.257
0.39225,2.346,1.3484
0.32868,2.2821,1.4248
0.34588,2.2694,1.4896
0.11479,2.1551,1.5418
-0.046756,2.1064,1.5817
0.003352,2.0588,1.6121
-0.0015092,2.0062,1.6317
0.054956,1.9729,1.6426
0.08674,1.9151,1.6417
0.067669,1.8403,1.6308
0.069539,1.7701,1.6098
0.045233,1.7039,1.5808
0.059069,1.6101,1.5467
-0.038155,1.5039,1.5032
-0.073679,1.4036,1.4521
-0.088637,1.2949,1.3945
-0.23298,1.187,1.3317
-0.17988,1.074,1.2636
-0.12379,0.97036,1.1896
-0.096116,0.87079,1.1151
-0.037781,0.72786,1.0335
-0.11631,0.58728,0.94416
-0.24008,0.47765,0.85192
-0.38966,0.36448,0.76004
-0.49847,0.19459,0.66049
-0.51979,0.097082,0.55757
-0.47978,-0.076749,0.45236
-0.38629,-0.23327,0.33322
-0.23073,-0.36449,0.21819
-0.065079,-0.6298,0.082703
0.09908,-0.28977,-0.0064668
0.23407,0.042668,0.0023438
0.29802,-0.073817,0.0054106
0.32905,-0.014302,0.0019876
0.23856,-0.029564,0.0053956
0.13722,-0.029815,0.0023025
0.017562,-0.013169,0.0047433
-0.1006,-0.030775,0.0028799
-0.057226,-0.0086893,0.003641
0.003352,-0.022227,0.0033486
0.11553,-0.010144,0.0028124
0.24043,-0.015715,0.0033186
0.32868,-0.012015,0.0023513
0.40421,-0.013439,0.0027599
0.39898,-0.017773,0.0022763
0.37355,-0.0089667,0.0022763
0.29054,-0.012727,0.0020514
0.24566,-0.0092966,0.0018227
0.25015,-0.010616,0.0019464
0.18995,-0.01032,0.0015827
0.19892,-0.0081644,0.001354
0.21837,-0.01059,0.00095285
0.21425,-0.0091242,0.00086661
0.25576,-0.007797,0.00094535
0.23108,-0.0096041,0.00075414
0.14694,-0.0078045,0.00076914
0.074026,-0.0057801,0.0010016
-0.053113,-0.0082132,0.0011553
-0.1623,-0.0064586,0.0007129
-0.18175,-0.0045391,0.00074289
-0.20082,-0.0060837,0.0010466
-0.13575,-0.0058475,0.00084787
-0.028059,-0.0045541,0.00090036
0.009335,-0.0051427,0.00095285
0.057199,-0.005885,0.00090786
0.072157,-0.0043105,0.00083662
0.037754,-0.0066798,0.0010316
-0.0041267,-0.0077295,0.0010841
-0.069566,-0.0043367,0.00071665
-0.12042,-0.0081232,0.00082912
-0.15445,-0.0085918,0.0009416
-0.14174,-0.0034032,0.00093035
-0.10434,-0.0032307,0.0011928
-0.044886,-0.0025297,0.0010991
0.081131,-0.0026609,0.00094535
0.16415,-0.0034969,0.00096784
0.23407,-0.0054951,0.00084787
0.27633,-0.0094503,0.00044671
0.22958,-0.0087568,-0.00016441
0.22771,-0.0093791,-0.00032562
0.21051,-0.0081944,-0.00085425
0.16639,-0.0064549,-0.00099672
0.19182,-0.01158,-0.0012254
0.18172,-0.0045016,-0.0015928
0.17649,-0.011816,-0.0016153
0.22734,-0.0066911,-0.0022489
0.23669,-0.006185,-0.0014991
0.21799,-0.014339,-0.0027326
0.22323,0.0031726,-0.0018215
0.22136,-0.023112,-0.0027251
0.16489,0.0098533,-0.0026089
0.12002,-0.019771,-0.0012704
0.090854,-0.0014874,-0.0040635
0.019805,-0.005184,-0.00029563
0.01457,-0.033714,-0.005387
0.041868,0.039553,0.00085162
0.028032,-0.090639,-0.005192
0.044859,0.1437,0.00069415
0.018684,-0.50363,-0.010073
0.0082132,-1.7779,-0.21636
0.0052217,-1.6967,-0.48164
-0.019458,-1.6213,-0.686
0.032519,-1.7264,-0.89327
0.049346,-1.6782,-1.0696
0.126,-1.7794,-1.228
0.21874,-1.7488,-1.366
0.2079,-1.7957,-1.4805
0.29615,-1.8111,-1.5815
0.33765,-1.8322,-1.6643
0.28455,-1.8477,-1.7351
0.34588,-1.8333,-1.7877
0.36084,-1.8489,-1.8275
0.3313,-1.8368,-1.8556
0.347,-1.8308,-1.8725
0.28343,-1.7984,-1.8785
0.20677,-1.7576,-1.8721
0.1619,-1.7134,-1.8562
0.13498,-1.6537,-1.8306
0.1346,-1.5958,-1.7964
0.083749,-1.5281,-1.7554
0.056451,-1.446,-1.7066
0.060191,-1.3609,-1.6499
0.0063435,-1.2688,-1.5857
0.033267,-1.182,-1.5159
0.053086,-1.0765,-1.4412
-0.0030049,-0.97997,-1.3601
-0.013101,-0.88989,-1.2788
-0.070314,-0.73217,-1.1887
-0.15258,-0.62876,-1.09
-0.18623,-0.51585,-0.99231
-0.22662,-0.38647,-0.89013
-0.27448,-0.25918,-0.78457
-0.29169,-0.11705,-0.67133
-0.2857,0.0046497,-0.55762
-0.25728,0.21629,-0.42961
-0.23186,0.28885,-0.30108
-0.1967,0.55698,-0.16859
-0.12902,0.58319,-0.027466
-0.12416,0.029671,0.011203
-0.087889,-0.01146,-0.0067967
-0.029555,0.055123,0.00024425
-0.027311,-0.012753,-0.0032987
0.026162,0.031568,-0.0017166
0.022423,-0.0069085,-0.0015853
0.052712,0.01584,-0.0025714
0.10731,0.0036075,-0.00073053
0.073652,0.0028502,-0.0022939
0.14919,0.010176,-0.00091049
0.16602,-0.0026796,-0.0015478
0.15517,0.0048671,-0.00083926
0.22771,-0.0027209,-0.00077927
0.2322,0.0010881,-0.00076802
0.27334,-0.00067391,-0.00013816
0.29689,0.0017629,-0.00038561
0.29091,0.00036457,-2.1938e-05
0.3298,-0.0035494,2.3052e-05
0.33616,-0.00080887,0.00029674
0.34139,-0.0022447,0.00050295
0.34102,-0.00085011,0.00083662
0.30998,-0.00068891,0.0011478
0.28007,-0.0027321,0.0012715
0.23968,-0.0023722,0.0014477
0.19256,-0.0054052,0.0013728
0.13423,-0.0050453,0.0011853
0.075148,-0.0017349,0.0011066
0.01831,-0.0043592,0.0013053
-0.029181,-0.006065,0.0011291
-0.054608,-0.0030245,0.0010353
-0.081906,-0.0041342,0.0012228
-0.064705,-0.010238,0.0010091
-0.062461,-0.0071747,0.0010428
-0.083028,-0.0048053,0.0012715
-0.078914,-0.0045166,0.0016764
-0.095368,-0.00081637,0.0025312
-0.11481,-0.0032457,0.0029324
-0.14248,-0.0010413,0.0035323
-0.14809,-0.0045016,0.0039784
-0.1552,-0.0037219,0.0043083
-0.13426,-0.0045054,0.0051894
-0.089385,-4.7826e-05,0.0048032
-0.079288,-0.00054644,0.0058718
-0.020206,-0.013998,0.0055081
0.02878,0.0063255,0.0064041
0.049346,-0.017563,0.0066516
0.089358,0.005227,0.0060517
0.13647,-0.010751,0.0079563
0.15517,-0.0035869,0.0055793
0.17237,0.0071315,0.009411
0.22659,-0.036308,0.0049982
0.24155,0.045521,0.0089836
0.26399,-0.072036,0.0068353
0.28568,0.082993,0.0061192
0.29727,-0.10738,0.012609
0.2939,0.18598,-0.0047271
0.304,1.9289,0.18652
0.37692,2.3331,0.55186
0.33279,2.0971,0.85342
0.37654,2.33,1.1443
0.45245,2.3309,1.4113
0.39187,2.5243,1.6524
0.56239,2.6084,1.8844
0.6039,2.6696,2.0909
0.63568,2.6924,2.2892
0.89258,2.7071,2.4664
0.86079,2.7695,2.6299
0.8765,2.7481,2.7768
0.83761,2.7744,2.9059
0.51041,2.7659,3.02
0.66223,2.7408,3.117
1.0508,2.6916,3.2028
0.45058,2.6208,3.2767
-0.28383,2.559,3.3393
0.020179,2.4655,3.3905
-0.037033,2.3677,3.4306
-0.70676,2.2826,3.4594
-0.48651,2.2028,3.4777
0.019431,2.1405,3.4869
-0.17726,2.0679,3.4864
-0.22176,1.9965,3.4768
-0.27299,1.9392,3.4587
-0.18436,1.8615,3.4325
0.28979,1.7814,3.3974
0.2509,1.6989,3.3535
0.083749,1.6144,3.3009
-0.2255,1.5354,3.2399
-0.43827,1.4582,3.1742
-0.50745,1.3707,3.1019
-0.62038,1.2753,3.0209
-0.42443,1.1847,2.9338
-0.51717,1.0991,2.8407
-0.57737,1.0191,2.7426
-0.64767,0.92923,2.6378
-0.74677,0.86675,2.5295
-0.64431,0.77656,2.4207
-0.68432,0.64048,2.3001
-0.40686,0.56285,2.1732
-0.2442,0.47784,2.0468
-0.34404,0.3786,1.9147
-0.23709,0.27089,1.7774
-0.097237,0.16785,1.6347
-0.078166,0.046331,1.487
0.061312,-0.090988,1.3276
0.30998,-0.17867,1.1674
0.095715,-0.33392,1.0014
-0.053487,-0.40904,0.83088
-0.080784,-0.56765,0.65927
-0.31973,-0.64888,0.47742
-0.29243,-0.76065,0.30655
-0.14585,-0.96674,0.1066
0.088984,-0.34025,-0.020174
0.27633,0.041915,-0.0067442
0.35224,-0.12292,-0.0037786
0.49059,-0.020334,-0.0082064
0.49209,-0.056305,-0.0036399
0.52425,-0.043383,-0.0079927
0.57772,-0.028649,-0.0047009
0.52874,-0.044489,-0.0074565
0.43002,-0.018684,-0.0065042
0.2509,-0.037542,-0.0070516
0.12413,-0.018092,-0.0075653
0.012327,-0.029676,-0.0072428
-0.014971,-0.024769,-0.0083151
0.11404,-0.020791,-0.007704
0.094219,-0.02664,-0.0087425
0.060939,-0.020607,-0.0085888
0.057199,-0.026662,-0.0088962
-0.11107,-0.020874,-0.0091849
-0.15669,-0.017949,-0.0092861
-0.087141,-0.022212,-0.010197
-0.053487,-0.017544,-0.010208
0.045233,-0.017492,-0.010415
0.084871,-0.019509,-0.011052
0.041494,-0.016495,-0.011183
0.017562,-0.014856,-0.010872
-0.04526,-0.014032,-0.010797
-0.096863,-0.012592,-0.011033
-0.081532,-0.010845,-0.010715
-0.070688,-0.014144,-0.010707
-0.16417,-0.015512,-0.011206
-0.24606,-0.01567,-0.011764
-0.21578,-0.017192,-0.012507
-0.18025,-0.01696,-0.012938
-0.020206,-0.014879,-0.013643
0.18209,-0.011044,-0.013946
0.27595,-0.014916,-0.014737
0.37131,-0.0092591,-0.014895
0.38552,-0.017035,-0.015086
0.34251,-0.010549,-0.016372
0.2954,-0.011482,-0.01545
0.23033,-0.018077,-0.017268
0.23033,-0.00020154,-0.016181
0.21313,-0.028394,-0.017478
0.13086,0.0087661,-0.017621
0.035137,-0.030325,-0.016541
0.033641,-0.0011238,-0.019529
0.072157,-0.0085318,-0.015071
0.092723,-0.030531,-0.021737
0.15928,0.038102,-0.013493
0.12114,-0.10904,-0.022764
0.1432,0.17325,-0.013511
0.13311,-0.6609,-0.032985
0.029154,-2.1275,-0.31388
0.129,-1.9567,-0.68217
0.11479,-1.8109,-0.98714
0.25987,-1.864,-1.2946
0.53846,-1.7957,-1.5674
0.46554,-1.907,-1.8314
0.5579,-1.8675,-2.0792
0.53547,-1.921,-2.3079
0.31858,-1.9184,-2.5251
0.40496,-1.9304,-2.7215
0.33429,-1.9468,-2.906
0.23931,-1.9331,-3.0707
0.3369,-1.9475,-3.2209
0.38552,-1.9243,-3.3546
0.41468,-1.9217,-3.4722
0.34999,-1.9036,-3.5759
0.27446,-1.8899,-3.6639
0.393,-1.8809,-3.7386
0.54968,-1.8556,-3.7993
0.47938,-1.8334,-3.8459
0.30624,-1.804,-3.8784
0.22996,-1.7755,-3.8984
0.25875,-1.7449,-3.908
0.25688,-1.7055,-3.9069
0.24342,-1.6632,-3.8957
0.2251,-1.6221,-3.8748
0.15704,-1.5765,-3.8446
0.13984,-1.5207,-3.805
0.023919,-1.4682,-3.7552
-0.079288,-1.4101,-3.6962
-0.15221,-1.3522,-3.6289
-0.22101,-1.2982,-3.5553
-0.20792,-1.23,-3.4752
-0.3317,-1.1608,-3.3871
-0.3661,-1.0882,-3.2916
-0.36423,-1.0219,-3.1901
-0.40985,-0.94625,-3.0832
-0.30066,-0.87064,-2.9699
-0.26701,-0.81075,-2.8539
-0.29243,-0.70834,-2.7325
-0.28869,-0.6081,-2.6005
-0.30328,-0.55038,-2.4658
-0.40162,-0.46191,-2.3305
-0.49698,-0.35829,-2.187
-0.49511,-0.27675,-2.0403
-0.50633,-0.15111,-1.8871
-0.46257,-0.045002,-1.7245
-0.44874,0.076867,-1.5565
-0.43378,0.17931,-1.3819
-0.33731,0.29248,-1.2082
-0.24906,0.43608,-1.0241
-0.10621,0.49688,-0.84336
0.013448,0.67409,-0.65533
0.10619,0.68805,-0.46537
0.19443,0.91515,-0.2776
0.22846,0.90353,-0.067252
0.28829,0.1133,0.014045
0.31148,-0.0028033,-0.011629
0.3485,0.10102,-0.0041085
0.41693,-0.0077895,-0.0061481
0.40197,0.059565,-0.0060618
0.38028,0.0073265,-0.0041085
0.31222,0.026139,-0.0063505
0.23407,0.018229,-0.0030775
0.22585,0.008946,-0.0050271
0.22061,0.018851,-0.0032425
0.2064,0.0035887,-0.0036361
0.20715,0.016455,-0.0032575
0.23744,0.0046422,-0.0025601
0.1963,0.0098196,-0.0025976
0.16788,0.0031951,-0.0019828
0.19556,0.001553,-0.0017765
0.14358,0.0065842,-0.0012479
0.11254,0.0040011,-0.0011617
0.0744,0.0052608,-0.00034062
-0.0037528,-0.0015137,-0.00044934
-0.054608,-0.00060268,-6.3179e-05
-0.09275,0.007199,0.0012603
-0.089385,0.0031276,0.0020663
-0.11631,-0.00017154,0.0027337
-0.13575,0.0065804,0.0033786
-0.099107,-0.0013712,0.0039484
-0.099855,0.00010963,0.0042071
-0.11706,0.0014105,0.0053806
-0.12267,-0.0048503,0.0052869
-0.10098,0.0011031,0.0061942
-0.039651,-0.016071,0.0064641
0.021301,0.007154,0.0067266
0.038502,-0.0071709,0.0077876
0.055329,0.0025352,0.0067716
0.086366,0.0039111,0.0094747
0.1103,-0.014399,0.0067903
0.14246,0.027406,0.010255
0.16115,-0.037643,0.0077313
0.13909,0.047242,0.0090848
0.11815,-0.051162,0.011458
0.14844,0.041499,0.004867
0.12937,-0.022673,0.018593
0.16564,-0.040196,-0.0084013
0.20827,1.619,0.13481
0.29727,2.3478,0.52221
0.43712,1.8897,0.87296
0.37953,2.0283,1.2046
0.51864,1.9569,1.5336
0.5594,1.9981,1.8285
0.45096,2.0347,2.1182
0.60876,2.038,2.3839
0.50144,2.122,2.642
0.43263,2.1334,2.8855
0.52387,2.1933,3.1173
0.44759,2.1865,3.3332
0.53509,2.2379,3.5335
0.62147,2.2878,3.7281
0.66971,2.3031,3.9096
0.75759,2.3306,4.0779
0.71757,2.3373,4.2303
0.67794,2.3491,4.3673
0.66036,2.3537,4.4895
0.59343,2.3507,4.5958
0.48125,2.3476,4.686
0.3915,2.3424,4.7608
0.30475,2.3442,4.8219
0.2595,2.3346,4.8704
0.28156,2.3072,4.9074
0.24492,2.2768,4.931
0.22547,2.2314,4.9418
0.1361,2.1753,4.9416
-0.029555,2.113,4.9305
-0.13912,2.0588,4.9099
-0.27112,2.0032,4.8801
-0.38255,1.9428,4.8411
-0.40611,1.8956,4.7935
-0.32197,1.8428,4.7381
-0.29468,1.7808,4.6744
-0.30552,1.7106,4.6021
-0.23971,1.6383,4.5209
-0.25055,1.5689,4.432
-0.23672,1.5001,4.3381
-0.27261,1.423,4.2381
-0.39938,1.3384,4.1299
-0.46594,1.2597,4.0153
-0.59757,1.1818,3.8953
-0.69217,1.1058,3.7711
-0.69516,1.0212,3.6421
-0.67422,0.94308,3.5078
-0.6043,0.87431,3.3743
-0.52203,0.76543,3.2351
-0.44837,0.66627,3.0836
-0.4177,0.60423,2.9321
-0.38667,0.51486,2.7793
-0.33955,0.41703,2.6198
-0.28084,0.31409,2.4553
-0.23821,0.21203,2.2851
-0.22999,0.087319,2.1076
-0.20979,-0.011456,1.9221
-0.17576,-0.11249,1.7369
-0.14136,-0.24503,1.5437
-0.10995,-0.33388,1.3493
-0.057226,-0.49058,1.1503
-0.0071182,-0.55414,0.94886
0.009335,-0.71344,0.74881
0.016814,-0.79156,0.53703
0.038876,-0.89474,0.33888
0.06393,-1.1225,0.10951
0.14545,-0.42246,-0.04094
0.25165,0.033007,-0.028377
0.29764,-0.1479,-0.023503
0.38701,-0.038396,-0.029355
0.42515,-0.074604,-0.02396
0.36084,-0.059994,-0.028834
0.34775,-0.046041,-0.025205
0.30288,-0.065217,-0.028313
0.21949,-0.034269,-0.027275
0.17873,-0.058161,-0.027683
0.11516,-0.03596,-0.028448
0.033641,-0.047319,-0.027938
-0.014971,-0.044781,-0.029228
-0.022076,-0.040556,-0.028591
0.011579,-0.039772,-0.029577
0.043737,-0.031555,-0.029442
0.058321,-0.039382,-0.030173
0.090106,-0.034168,-0.030836
0.11591,-0.030816,-0.030533
0.08861,-0.033103,-0.031279
0.096463,-0.037066,-0.032385
0.126,-0.032818,-0.033607
0.08861,-0.031704,-0.034274
0.094967,-0.032653,-0.035343
0.082253,-0.026673,-0.035497
0.017188,-0.035821,-0.035811
0.0048478,-0.026373,-0.036936
-0.023198,-0.030636,-0.036824
-0.023572,-0.031832,-0.038177
0.0085872,-0.020176,-0.037304
0.0055957,-0.034404,-0.038796
0.039624,-0.010942,-0.03868
0.0744,-0.041088,-0.038668
0.11666,-0.0089217,-0.040292
0.17237,-0.026561,-0.03793
0.19256,-0.025976,-0.042328
0.24267,0.0018229,-0.037274
0.23071,-0.062806,-0.043306
0.2049,0.04295,-0.038466
0.14134,-0.12171,-0.041458
0.044485,0.12459,-0.043314
0.019805,-0.37018,-0.034683
-0.028807,-2.0041,-0.27938
0.082627,-2.0848,-0.6824
0.03065,-1.8675,-1.016
0.072157,-2.0385,-1.3549
0.42852,-1.9387,-1.6694
0.35785,-2.0335,-1.9624
0.49433,-2.0114,-2.2438
0.63269,-2.0641,-2.5045
0.36645,-2.1086,-2.7603
0.49396,-2.1312,-2.9992
0.48237,-2.1676,-3.2279
0.4016,-2.1671,-3.4384
0.59679,-2.2259,-3.6387
0.61474,-2.244,-3.8308
0.6211,-2.2666,-4.0088
0.66447,-2.2765,-4.1741
0.6196,-2.2815,-4.3233
0.57286,-2.292,-4.4586
0.57174,-2.2837,-4.5783
0.50592,-2.273,-4.6811
0.50854,-2.261,-4.7682
0.53883,-2.2583,-4.8409
0.55865,-2.2499,-4.9017
0.68355,-2.2323,-4.9508
0.71907,-2.2054,-4.9867
0.73552,-2.1658,-5.0094
0.69551,-2.1296,-5.0195
0.53808,-2.0929,-5.0184
0.35373,-2.0469,-5.0062
0.13647,-1.9994,-4.9833
-0.066574,-1.9589,-4.9507
-0.22737,-1.9165,-4.9086
-0.31936,-1.8667,-4.8582
-0.35002,-1.8097,-4.8
-0.35152,-1.7468,-4.733
-0.31599,-1.6854,-4.6573
-0.2528,-1.6133,-4.574
-0.22138,-1.5381,-4.4825
-0.21802,-1.4759,-4.3849
-0.25803,-1.411,-4.2825
-0.34478,-1.3329,-4.1728
-0.43528,-1.2454,-4.0556
-0.54671,-1.1714,-3.9329
-0.61178,-1.0995,-3.8068
-0.65029,-1.0099,-3.6748
-0.70227,-0.94417,-3.5387
-0.69217,-0.86191,-3.4016
-0.70601,-0.7448,-3.2539
-0.75088,-0.67571,-3.1
-0.73293,-0.60197,-2.9481
-0.71984,-0.50111,-2.7901
-0.70825,-0.41226,-2.6271
-0.63945,-0.30748,-2.4588
-0.54148,-0.19459,-2.284
-0.4521,-0.068126,-2.1001
-0.34329,0.015683,-1.9115
-0.19334,0.14026,-1.7213
-0.075923,0.24936,-1.5231
0.010083,0.35561,-1.3272
0.0744,0.49728,-1.123
0.095715,0.56714,-0.92275
0.060939,0.74989,-0.71458
0.015318,0.76524,-0.50568
0.017936,1.0083,-0.29935
0.023545,0.9549,-0.071309
0.080009,0.1118,0.013685
0.14769,0.0055195,-0.014066
0.24566,0.10743,-0.0050083
0.40272,0.00029708,-0.0076627
0.41992,0.064285,-0.0072503
0.44385,0.0090135,-0.0050833
0.50106,0.034169,-0.007389
0.44647,0.014506,-0.0041385
0.43787,0.012054,-0.0062943
0.39,0.024471,-0.004101
0.27334,0.0049983,-0.0047984
0.1963,0.018487,-0.0039623
0.11853,0.0027377,-0.0032987
0.093471,0.010566,-0.0033662
0.076644,0.0046459,-0.0024064
0.034763,0.0066816,-0.0026389
0.03065,0.0095796,-0.0014579
0.014196,-0.0011425,-0.0014016
-0.0033789,0.0072777,-0.00093299
0.014196,0.0090398,0.00075039
0.032893,0.0058156,0.0016689
0.051216,0.0074052,0.0027262
0.087114,0.0027902,0.003806
0.089358,0.0034125,0.0041059
0.064304,0.0019242,0.0050732
0.058321,-0.0015887,0.0049944
0.031771,0.010322,0.0060705
0.0067175,-0.0075908,0.0063516
-0.016467,0.0079113,0.0062767
-0.046382,-0.0030433,0.0077988
-0.059096,-0.0023572,0.0063441
-0.073679,0.010419,0.009366
-0.059096,-0.019618,0.0069478
-0.0097358,0.023372,0.0096509
0.062808,-0.038363,0.0087174
0.14582,0.040558,0.0079863
0.21351,-0.035881,0.012572
0.26287,0.012594,0.0039372
0.24866,0.023635,0.019339
0.23706,-0.12045,-0.0072841
0.21463,1.3961,0.10269
0.23706,2.3636,0.48026
0.32494,1.9302,0.8443
0.23557,2.042,1.1774
0.3369,2.0068,1.5139
0.42403,2.0257,1.8124
0.25352,2.0925,2.1065
0.42179,2.0807,2.3771
0.45208,2.1581,2.6397
0.45582,2.1544,2.8871
0.654,2.2324,3.1219
0.5867,2.2533,3.349
0.67943,2.261,3.5572
0.77292,2.2857,3.7533
0.75833,2.327,3.9386
0.82789,2.3675,4.1161
0.78937,2.3719,4.2799
0.75759,2.387,4.4287
0.75497,2.3796,4.564
0.69439,2.3733,4.6826
0.64279,2.3749,4.7867
0.6454,2.3593,4.8759
0.63531,2.3413,4.9495
0.70785,2.3274,5.01
0.76506,2.3016,5.0581
0.74936,2.2795,5.0945
0.75646,2.2515,5.1188
0.63867,2.2061,5.1301
0.47377,2.1668,5.1292
0.27296,2.1238,5.1167
0.059817,2.0756,5.0938
-0.13089,2.0287,5.0614
-0.3403,1.9771,5.0194
-0.4263,1.927,4.9684
-0.46557,1.8787,4.9099
-0.48838,1.8162,4.8435
-0.47978,1.7478,4.7682
-0.47641,1.679,4.6852
-0.46706,1.604,4.5944
-0.49548,1.5407,4.4965
-0.53138,1.4668,4.3942
-0.55868,1.3797,4.2846
-0.59158,1.3006,4.1672
-0.64207,1.2227,4.044
-0.6832,1.1529,3.9167
-0.71124,1.0666,3.7858
-0.72097,0.98635,3.6488
-0.72583,0.93546,3.5104
-0.7808,0.8309,3.3694
-0.82903,0.71652,3.2164
-0.87054,0.66097,3.061
-0.92065,0.57222,2.9062
-0.89821,0.47228,2.7443
-0.83801,0.3786,2.5786
-0.75088,0.2656,2.4069
-0.59906,0.15787,2.2288
-0.45248,0.04106,2.0424
-0.33768,-0.042097,1.8536
-0.22961,-0.18085,1.6613
-0.13426,-0.28014,1.4618
-0.089385,-0.40172,1.264
-0.073305,-0.52884,1.0576
-0.041894,-0.60561,0.85726
-0.082654,-0.7856,0.64564
-0.11743,-0.79194,0.43922
-0.060217,-1.078,0.2269
0.0067175,-0.88243,0.0079001
0.1376,-0.060621,-0.049428
0.28381,-0.070833,-0.023203
0.39786,-0.11445,-0.034387
0.48573,-0.03332,-0.029003
0.48872,-0.094197,-0.031335
0.48573,-0.036439,-0.031185
0.48648,-0.072295,-0.030184
0.43039,-0.045366,-0.032722
0.40496,-0.048796,-0.030446
0.35972,-0.051807,-0.032756
0.23594,-0.041328,-0.031875
0.1877,-0.050978,-0.032726
0.15667,-0.037126,-0.032812
0.085618,-0.042393,-0.033048
0.073652,-0.035945,-0.033712
0.055703,-0.040271,-0.033577
0.011205,-0.0378,-0.034567
-0.029928,-0.03356,-0.034548
-0.058348,-0.042719,-0.035425
-0.013475,-0.042723,-0.037022
0.029528,-0.03572,-0.037739
0.080383,-0.035382,-0.038893
0.13872,-0.032589,-0.039666
0.1361,-0.035255,-0.039868
0.13124,-0.02944,-0.040644
0.085618,-0.031187,-0.040622
0.014944,-0.033313,-0.042088
-0.040399,-0.020465,-0.041491
-0.11369,-0.040286,-0.042477
-0.15894,-0.01603,-0.042837
-0.16193,-0.039349,-0.0425
-0.14735,-0.020746,-0.044712
-0.090506,-0.027326,-0.041716
0.014944,-0.041658,-0.046275
0.12226,0.0035662,-0.041983
0.2079,-0.074713,-0.046523
0.28867,0.04208,-0.044228
0.30175,-0.10756,-0.04328
0.29802,0.081099,-0.050887
0.24604,-0.20983,-0.031361
0.14994,-1.8655,-0.24146
0.26698,-2.153,-0.64762
0.22211,-1.8918,-0.98979
0.22809,-2.1027,-1.3296
0.58109,-2.0111,-1.6507
0.5579,-2.1098,-1.9445
0.66373,-2.1154,-2.2303
0.86827,-2.1609,-2.493
0.63157,-2.2179,-2.7501
0.74599,-2.2348,-2.9886
0.82078,-2.3133,-3.22
0.6985,-2.3131,-3.4386
0.85855,-2.342,-3.6401
0.87986,-2.3695,-3.8307
0.88996,-2.4073,-4.0111
0.95091,-2.4307,-4.1825
0.9094,-2.4347,-4.3391
0.89594,-2.4463,-4.4821
0.87388,-2.4439,-4.6109
0.80657,-2.4361,-4.7246
0.77591,-2.4165,-4.8228
0.70561,-2.393,-4.9049
0.67308,-2.3794,-4.9738
0.73365,-2.3607,-5.0307
0.69476,-2.3314,-5.0756
0.72206,-2.3025,-5.1086
0.71234,-2.2651,-5.1294
0.53734,-2.2222,-5.1376
0.37206,-2.1802,-5.134
0.17723,-2.1337,-5.1199
-0.051243,-2.0836,-5.0952
-0.25354,-2.031,-5.0606
-0.42556,-1.9806,-5.017
-0.53811,-1.9289,-4.965
-0.59757,-1.8747,-4.9045
-0.62786,-1.8119,-4.836
-0.58822,-1.7412,-4.7587
-0.56167,-1.6768,-4.6735
-0.534,-1.6055,-4.5808
-0.51231,-1.539,-4.4812
-0.54222,-1.4724,-4.3768
-0.5512,-1.3899,-4.2662
-0.64805,-1.3056,-4.1485
-0.72433,-1.2274,-4.0244
-0.76846,-1.1594,-3.8968
-0.86082,-1.0686,-3.7648
-0.85334,-0.99282,-3.6269
-0.88026,-0.9273,-3.4888
-0.9371,-0.80668,-3.3433
-0.91915,-0.72027,-3.1875
-0.90158,-0.657,-3.0332
-0.89373,-0.55373,-2.8758
-0.84025,-0.46295,-2.712
-0.73705,-0.35791,-2.544
-0.64169,-0.25116,-2.3691
-0.53101,-0.12586,-2.1866
-0.43266,-0.023513,-1.9966
-0.33057,0.075765,-1.8068
-0.21054,0.20968,-1.6091
-0.10846,0.29348,-1.4106
-0.051243,0.45525,-1.2084
-0.050869,0.51864,-1.0036
-0.049747,0.67001,-0.80068
-0.099107,0.77049,-0.58517
-0.098733,0.86589,-0.38445
-0.040399,1.1136,-0.15274
0.029528,0.4295,0.0055681
0.1634,-0.069206,-0.0045509
0.27446,0.12126,-0.010606
0.40347,0.016474,-0.0037111
0.48424,0.042995,-0.0094136
0.52986,0.033645,-0.0039623
0.56276,0.013216,-0.007749
0.51677,0.035155,-0.0044722
0.49433,0.0052945,-0.0053308
0.42815,0.026221,-0.0049746
0.31297,0.0059918,-0.0036886
0.21201,0.017063,-0.004371
0.10656,0.0094484,-0.0029088
0.069539,0.0079938,-0.0034599
0.048972,0.011664,-0.0023689
0.010831,0.0037762,-0.0024514
-0.013101,0.010866,-0.001874
-0.019832,0.0021566,-0.0011317
-0.025441,0.0020554,-0.0012967
-0.021328,0.0088186,-6.3179e-05
0.033641,0.0075477,0.0014177
0.086366,0.0015942,0.0021788
0.1533,0.004316,0.0031574
0.19144,0.0021004,0.0041059
0.16602,0.0028951,0.0041584
0.13498,0.0036937,0.0052831
0.078888,-0.0018923,0.0053206
0.0022302,0.0078813,0.0062654
-0.049373,-0.0066423,0.0063854
-0.099107,0.0091522,0.0067528
-0.16342,-0.0057351,0.00805
-0.17165,0.0020629,0.0066516
-0.1795,0.0025165,0.0096059
-0.13426,-0.01654,0.0067341
-0.017589,0.028163,0.010165
0.068791,-0.039217,0.0083537
0.15779,0.044734,0.0087998
0.20117,-0.04901,0.011833
0.23819,0.029168,0.0047657
0.22958,-0.014568,0.019264
0.1963,-0.063946,-0.0079889
0.16826,1.5562,0.12653
0.21051,2.3506,0.513
0.31783,1.9173,0.86827
0.26062,2.0662,1.2001
0.42889,2.0187,1.5296
0.50406,2.064,1.8241
0.40047,2.1157,2.1131
0.68429,2.1276,2.3779
0.68504,2.2031,2.6353
0.70486,2.2091,2.877
0.90716,2.2846,3.1085
0.80021,2.2754,3.3266
0.8922,2.3066,3.5262
0.97559,2.3479,3.7191
0.94867,2.3689,3.9014
0.99616,2.3956,4.0731
0.95502,2.3964,4.2299
0.9094,2.4038,4.3721
0.88285,2.3891,4.4998
0.81704,2.3725,4.611
0.7602,2.358,4.7077
0.73104,2.3326,4.7895
0.6555,2.3068,4.8573
0.68467,2.2865,4.9126
0.71122,2.2643,4.9563
0.66934,2.2249,4.9882
0.67195,2.1838,5.0074
0.56837,2.1432,5.0141
0.42815,2.0935,5.0089
0.23295,2.0491,4.9932
-0.027311,2.0036,4.9678
-0.27187,1.9447,4.9324
-0.56092,1.887,4.8881
-0.73705,1.8393,4.836
-0.81296,1.7806,4.7763
-0.85371,1.7063,4.7079
-0.78528,1.6354,4.6308
-0.70863,1.5691,4.5454
-0.62486,1.5043,4.4529
-0.54559,1.4387,4.3553
-0.51007,1.3626,4.2511
-0.49959,1.2789,4.1392
-0.55382,1.1982,4.0206
-0.65029,1.1282,3.8972
-0.76696,1.052,3.7705
-0.88101,0.96838,3.6373
-0.90981,0.91199,3.5016
-0.92364,0.82639,3.3651
-0.9472,0.70582,3.2171
-0.89186,0.64237,3.0637
-0.87615,0.56967,2.9119
-0.86269,0.46894,2.7536
-0.80697,0.37846,2.5907
-0.75649,0.27163,2.4224
-0.63309,0.16691,2.2472
-0.52801,0.042616,2.0639
-0.41284,-0.041519,1.8763
-0.28608,-0.16326,1.6868
-0.17763,-0.27109,1.4889
-0.038903,-0.37778,1.2931
0.034015,-0.52054,1.0889
0.10544,-0.58227,0.88861
0.10319,-0.76616,0.68098
0.027658,-0.78185,0.4724
-0.017589,-1.0186,0.2666
-0.090133,-0.98772,0.039101
-0.058722,-0.1472,-0.047254
0.0040999,-0.026043,-0.019769
0.10619,-0.13554,-0.028122
0.28455,-0.026441,-0.025614
0.35261,-0.095771,-0.025677
0.45657,-0.037669,-0.027466
0.53995,-0.063492,-0.025104
0.51714,-0.058184,-0.028444
0.54818,-0.042472,-0.026127
0.49433,-0.053299,-0.028043
0.3283,-0.036792,-0.027443
0.18957,-0.046108,-0.028216
0.057947,-0.034711,-0.028572
-0.041521,-0.042314,-0.028384
-0.084897,-0.036443,-0.029393
-0.10285,-0.033605,-0.029153
-0.10621,-0.036447,-0.030109
-0.10696,-0.030737,-0.029925
-0.092002,-0.035933,-0.030428
-0.040773,-0.037647,-0.03183
0.013074,-0.033703,-0.032823
0.065052,-0.032376,-0.033873
0.14208,-0.036023,-0.034769
0.19107,-0.029084,-0.034953
0.18509,-0.030516,-0.035463
0.17462,-0.028188,-0.036486
0.17162,-0.027787,-0.036378
0.12526,-0.028773,-0.037514
0.076644,-0.023779,-0.037
0.011579,-0.037883,-0.038293
-0.060217,-0.014624,-0.038155
-0.098733,-0.043525,-0.038335
-0.13014,-0.015205,-0.040138
-0.12304,-0.027262,-0.037367
-0.080036,-0.032702,-0.041863
0.012327,0.0018042,-0.037116
0.066548,-0.068441,-0.042657
0.14807,0.044629,-0.03862
0.21164,-0.11596,-0.040277
0.24342,0.11009,-0.044648
0.25875,-0.30227,-0.030821
0.18322,-1.9556,-0.26217
0.31634,-2.1218,-0.66637
0.26548,-1.9003,-1.0021
0.25688,-2.097,-1.3406
0.59679,-2.007,-1.6557
0.52612,-2.1158,-1.9473
0.65176,-2.11,-2.2283
0.87912,-2.1637,-2.4873
0.69065,-2.2115,-2.7408
0.84097,-2.249,-2.9768
0.91651,-2.3053,-3.2056
0.84135,-2.2866,-3.4165
1.01,-2.3394,-3.6135
1.0119,-2.3677,-3.8035
0.98307,-2.393,-3.9816
1.0036,-2.404,-4.1483
0.94568,-2.4049,-4.2995
0.89033,-2.4092,-4.4374
0.83013,-2.3959,-4.5607
0.77853,-2.3782,-4.6679
0.77329,-2.3529,-4.7591
0.71683,-2.3371,-4.8351
0.68542,-2.3192,-4.8995
0.70523,-2.2961,-4.9524
0.64391,-2.2678,-4.9928
0.63718,-2.2284,-5.0208
0.60764,-2.1867,-5.0361
0.4603,-2.144,-5.0392
0.2868,-2.0988,-5.0317
0.090854,-2.0507,-5.0136
-0.12267,-1.9997,-4.9852
-0.33581,-1.9444,-4.9475
-0.51904,-1.8881,-4.9012
-0.64992,-1.8318,-4.8468
-0.74116,-1.7692,-4.7845
-0.79164,-1.702,-4.7137
-0.77556,-1.6342,-4.6345
-0.76883,-1.564,-4.5476
-0.73181,-1.4977,-4.4535
-0.63496,-1.4307,-4.3541
-0.59906,-1.3567,-4.2488
-0.58373,-1.2786,-4.1365
-0.61439,-1.1954,-4.0172
-0.66263,-1.1234,-3.8927
-0.7004,-1.0414,-3.7642
-0.77182,-0.96275,-3.6293
-0.80435,-0.9038,-3.4932
-0.84399,-0.79735,-3.3529
-0.86344,-0.69796,-3.2007
-0.86568,-0.64063,-3.0477
-0.8956,-0.54936,-2.8938
-0.86231,-0.4574,-2.7332
-0.7636,-0.35625,-2.5683
-0.64431,-0.25142,-2.3969
-0.53288,-0.13724,-2.2182
-0.41808,-0.021552,-2.0303
-0.29542,0.065376,-1.8419
-0.16903,0.19893,-1.6472
-0.064705,0.28183,-1.4488
0.0044739,0.43172,-1.2499
0.09048,0.52068,-1.0444
0.11479,0.63453,-0.84443
0.077392,0.78087,-0.6295
0.075522,0.81024,-0.42764
0.037754,1.1131,-0.20425
0.0011084,0.63385,-0.011948
0.057199,-0.052298,0.0039597
0.11628,0.096433,-0.013174
0.20004,0.042462,-0.0022602
0.27147,0.026848,-0.0092074
0.29353,0.052712,-0.0038236
0.36757,0.0051333,-0.0063055
0.3986,0.043216,-0.0048171
0.41581,0.0058006,-0.004041
0.4446,0.024317,-0.0050383
0.37243,0.010026,-0.0030625
0.26249,0.011008,-0.004191
0.16938,0.015556,-0.0026801
0.066922,0.0052983,-0.0029275
-0.019084,0.011248,-0.0021027
-0.04713,0.00018086,-0.0018065
-0.068818,0.0067679,-0.0015141
-0.10584,0.0053395,-0.00045684
-0.096489,0.004256,-0.00054307
-0.079662,0.010427,0.00078413
-0.033668,0.0052608,0.0022013
0.060565,0.0062505,0.0031536
0.12488,0.0067791,0.0043946
0.1877,0.0035625,0.0048407
0.2408,0.0034987,0.005793
0.24118,-0.0086218,0.0058343
0.21351,0.0063517,0.0064266
0.1877,-0.0021773,0.0073527
0.14657,-0.00035899,0.0068015
0.084123,0.00033082,0.0088186
0.027284,-0.011602,0.007154
-0.017962,0.015008,0.0095234
-0.05573,-0.023029,0.0084812
-0.08415,0.026784,0.0089761
-0.056478,-0.025665,0.011023
0.0048478,0.014675,0.0071465
0.063182,0.00051078,0.014307
0.12937,-0.035585,0.0046683
0.1346,0.084226,0.018345
0.17424,-0.20129,0.00019551
0.17125,0.97789,0.052121
0.1877,2.3563,0.39052
0.37579,2.017,0.77465
0.32419,2.0177,1.1044
0.39561,2.0765,1.4464
0.5852,2.0387,1.7498
0.44273,2.1505,2.0447
0.60203,2.1234,2.3197
0.72617,2.2128,2.5821
0.68205,2.2221,2.8334
0.88884,2.282,3.0673
0.86453,2.3252,3.2957
0.88285,2.3277,3.5079
1.0018,2.3594,3.706
0.99765,2.3769,3.8915
1.0414,2.4196,4.0693
1.019,2.434,4.2374
0.98494,2.436,4.3907
0.96923,2.4409,4.531
0.93296,2.4299,4.6563
0.86191,2.4162,4.7661
0.82564,2.3939,4.8612
0.77479,2.3623,4.9412
0.73552,2.3434,5.0075
0.74712,2.3172,5.0615
0.68467,2.288,5.1035
0.65213,2.2616,5.134
0.56351,2.2081,5.1527
0.3915,2.1538,5.1585
0.20827,2.1163,5.1528
-0.0052485,2.0666,5.1366
-0.21952,2.0106,5.1103
-0.44537,1.9573,5.0743
-0.57737,1.898,5.0293
-0.69853,1.8379,4.9759
-0.8066,1.7823,4.9149
-0.80772,1.7242,4.8462
-0.81221,1.652,4.7685
-0.75126,1.5772,4.6826
-0.76958,1.5121,4.5897
-0.80398,1.4487,4.4916
-0.68133,1.3657,4.388
-0.68507,1.2775,4.2759
-0.70788,1.2067,4.1572
-0.70377,1.133,4.0331
-0.80398,1.06,3.9052
-0.81632,0.9796,3.7723
-0.81557,0.91101,3.6345
-0.87092,0.84417,3.4969
-0.86905,0.72889,3.3514
-0.8597,0.64471,3.1954
-0.87802,0.58428,3.0413
-0.85932,0.48276,2.8838
-0.75387,0.39747,2.7194
-0.65029,0.30012,2.5514
-0.53026,0.19101,2.376
-0.36946,0.074254,2.1939
-0.28271,-0.025091,2.0044
-0.20119,-0.11197,1.8142
-0.1208,-0.2541,1.6168
-0.068818,-0.32993,1.4165
0.0022302,-0.47724,1.2149
0.062434,-0.56416,1.0075
0.071783,-0.68148,0.80536
0.032893,-0.81395,0.58879
0.042616,-0.85263,0.38598
0.045233,-1.1458,0.15911
0.050468,-0.62588,-0.028249
0.14994,0.029142,-0.038571
0.20603,-0.13036,-0.023113
0.24604,-0.069375,-0.033236
0.29689,-0.059575,-0.02618
0.28007,-0.077487,-0.031354
0.29315,-0.036927,-0.028403
0.29727,-0.072224,-0.029993
0.27894,-0.03587,-0.030431
0.28642,-0.059121,-0.029554
0.18733,-0.04531,-0.031245
0.10207,-0.044893,-0.030405
0.072157,-0.048028,-0.031714
-0.023945,-0.039281,-0.031294
-0.053487,-0.041197,-0.032092
-0.062461,-0.036338,-0.032295
-0.095742,-0.042288,-0.032865
-0.071436,-0.033586,-0.033375
-0.062461,-0.036653,-0.03345
-0.031798,-0.041186,-0.035362
0.042616,-0.040957,-0.036183
0.11329,-0.041958,-0.037127
0.19443,-0.032882,-0.038335
0.26623,-0.033961,-0.038387
0.29315,-0.02881,-0.039467
0.26735,-0.028769,-0.039527
0.24641,-0.037778,-0.04043
0.21799,-0.018261,-0.040427
0.15741,-0.039,-0.040764
0.11179,-0.020427,-0.041896
0.064678,-0.028608,-0.040644
0.021675,-0.031787,-0.043613
-0.0078661,-0.013541,-0.04079
0.010457,-0.056542,-0.044202
0.080009,0.0079038,-0.041911
0.10132,-0.070316,-0.0428
0.17125,0.023305,-0.045766
0.2049,-0.062705,-0.038972
0.18022,-0.007962,-0.053144
0.19219,0.020647,-0.025501
0.077392,-1.5327,-0.16626
0.1907,-2.2378,-0.55975
0.26623,-1.8823,-0.91877
0.18471,-2.0882,-1.2543
0.54182,-2.0332,-1.586
0.61848,-2.0869,-1.8819
0.61885,-2.1348,-2.1727
0.92997,-2.1452,-2.4396
0.7688,-2.2254,-2.6998
0.77292,-2.2244,-2.9432
0.95129,-2.3025,-3.1754
0.8148,-2.3186,-3.3994
0.91539,-2.3358,-3.6064
0.98232,-2.3566,-3.8009
0.94418,-2.3901,-3.9839
1.0048,-2.424,-4.1598
0.96475,-2.4265,-4.3228
0.91875,-2.434,-4.472
0.9124,-2.4283,-4.6075
0.83387,-2.419,-4.7285
0.78937,-2.3981,-4.8344
0.76955,-2.3739,-4.9245
0.69289,-2.3532,-5.0009
0.72505,-2.3275,-5.0646
0.69813,-2.3017,-5.1155
0.66447,-2.2708,-5.1552
0.65961,-2.2319,-5.1832
0.51714,-2.1873,-5.1983
0.36121,-2.1424,-5.2019
0.17798,-2.0959,-5.1942
-0.023572,-2.0427,-5.1758
-0.24569,-1.9903,-5.1475
-0.41022,-1.9347,-5.1094
-0.56803,-1.8803,-5.0629
-0.72134,-1.8295,-5.0083
-0.81595,-1.7646,-4.9458
-0.91093,-1.6919,-4.8745
-0.88699,-1.6241,-4.7945
-0.90532,-1.5545,-4.7077
-0.8339,-1.484,-4.6132
-0.68469,-1.4184,-4.5125
-0.66637,-1.3476,-4.4073
-0.60131,-1.2712,-4.2951
-0.69629,-1.188,-4.1756
-0.81071,-1.1168,-4.0506
-0.74826,-1.0459,-3.922
-0.72321,-0.95741,-3.7874
-0.74639,-0.89963,-3.6496
-0.80473,-0.81406,-3.51
-0.84549,-0.69857,-3.3591
-0.84923,-0.64165,-3.2031
-0.78341,-0.56103,-3.0489
-0.67273,-0.4588,-2.8878
-0.57812,-0.37837,-2.7215
-0.49174,-0.26449,-2.5498
-0.44837,-0.16141,-2.3701
-0.39265,-0.042573,-2.1831
-0.31711,0.045057,-1.9909
-0.18623,0.15254,-1.7979
-0.012727,0.27455,-1.5957
0.087488,0.35616,-1.3955
0.15442,0.5098,-1.1891
0.17462,0.57228,-0.98291
0.13834,0.74725,-0.77441
0.12039,0.79212,-0.55737
0.15293,0.95133,-0.35227
0.1533,1.0841,-0.1156
0.12974,0.27065,0.013205
0.15854,-0.046412,-0.0090087
0.15779,0.12726,-0.0072353
0.1892,0.0047097,-0.0047759
0.24379,0.0572,-0.0081464
0.27558,0.018187,-0.0034524
0.33092,0.026281,-0.0069954
0.31858,0.030874,-0.003265
0.29689,0.0047134,-0.0050008
0.23893,0.024722,-0.0037261
0.12226,0.0021603,-0.0034599
0.064678,0.01767,-0.0035612
0.026536,0.0088786,-0.0022827
-0.013101,0.0094034,-0.0025639
-0.030302,0.008991,-0.0015816
-0.016093,0.0051183,-0.0018253
-0.046756,0.0076301,-0.00073428
-0.075175,0.00043205,-0.00051683
-0.023945,0.0073265,-0.00036686
0.010831,0.011405,0.0015452
0.069539,0.0046459,0.0025725
0.16489,0.0069366,0.0033148
0.22547,0.0052533,0.0045033
0.24978,-0.0013375,0.0048707
0.25576,0.0057256,0.0058155
0.27558,-0.0015699,0.0059955
0.2782,0.0079826,0.0065091
0.25576,-0.0025784,0.0074314
0.23407,0.0034238,0.0067865
0.17312,0.0056882,0.0087736
0.10805,-0.014114,0.0072964
0.061312,0.016519,0.0095534
0.023919,-0.025106,0.0087061
0.03738,0.018862,0.0089723
0.10319,-0.023614,0.011192
0.16003,0.012984,0.0072177
0.14769,0.0058231,0.014555
0.15517,-0.04384,0.004747
0.14694,0.085894,0.01782
0.13086,-0.20587,0.00079913
0.12189,0.91065,0.047135
0.15368,2.3227,0.3793
0.33578,2.0056,0.76282
0.30063,1.9875,1.0907
0.3485,2.0532,1.4315
0.522,2.0022,1.7333
0.39225,2.1112,2.0267
0.57959,2.0826,2.3004
0.70897,2.1627,2.5605
0.62446,2.1686,2.8103
0.81555,2.2284,3.0445
0.77516,2.2517,3.2722
0.78002,2.2464,3.4795
0.90978,2.2952,3.6759
0.92361,2.3166,3.8636
0.97036,2.3444,4.0414
0.92922,2.3377,4.2066
0.88061,2.3397,4.3567
0.80881,2.3386,4.4938
0.75385,2.3147,4.6148
0.69065,2.2989,4.7202
0.65213,2.2736,4.8116
0.63045,2.2423,4.8884
0.56613,2.2205,4.9517
0.61399,2.1945,5.0032
0.56164,2.1569,5.0435
0.55865,2.1136,5.0712
0.5579,2.0675,5.0865
0.42777,2.0222,5.0893
0.29689,1.9751,5.0808
0.04972,1.9232,5.0628
-0.1006,1.8714,5.0345
-0.38704,1.8221,4.9967
-0.48165,1.7651,4.9506
-0.64805,1.701,4.8965
-0.77631,1.6431,4.8343
-0.7449,1.5814,4.7634
-0.96814,1.5113,4.684
-0.58186,1.441,4.596
-4.5961,1.3789,4.5021
-13.28,1.3115,4.4037
-18.849,1.2254,4.2969
-20.03,1.143,4.1825
-18.329,1.0702,4.0624
-15.251,0.99246,3.9388
-13.343,0.9,3.8111
-12.42,0.81631,3.6782
-10.294,0.73294,3.5451
-8.0135,0.61453,3.4064
-1.9123,0.51598,3.2571
10.112,0.4584,3.1076
18.718,0.36716,2.9568
20.214,0.2714,2.7982
17.821,0.18692,2.636
16.176,0.082989,2.4667
16.865,-0.0038718,2.2897
17.263,-0.1121,2.1053
15.019,-0.18704,1.9161
7.748,-0.29236,1.724
-1.4427,-0.3862,1.5234
-9.0258,-0.48436,1.3248
-12.727,-0.61847,1.1175
-9.9124,-0.66252,0.91395
-3.9271,-0.83306,0.70308
1.44,-0.83786,0.48976
4.5617,-1.0544,0.28
5.2101,-1.0145,0.04658
5.7983,-0.16352,-0.045672
8.3407,-0.030692,-0.017748
12.032,-0.14032,-0.026026
14.72,-0.027674,-0.023807
15.034,-0.094845,-0.023349
11.824,-0.036559,-0.02579
7.0244,-0.057891,-0.022982
2.3521,-0.063526,-0.026551
-1.584,-0.049055,-0.024178
-4.1328,-0.048987,-0.025985
-7.0401,-0.035082,-0.025741
-10.231,-0.044421,-0.026026
-14.182,-0.035547,-0.026694
-17.579,-0.039922,-0.02648
-17.032,-0.034505,-0.027211
-12.611,-0.033575,-0.027293
-5.1039,-0.033976,-0.028122
2.2245,-0.032499,-0.027957
6.5009,-0.036514,-0.028808
7.7222,-0.037894,-0.03051
6.1378,-0.034074,-0.031163
3.3527,-0.036454,-0.032302
0.81555,-0.02953,-0.033277
-1.7127,-0.028687,-0.033479
-4.9203,-0.035573,-0.034552
-8.1623,-0.032844,-0.034447
-10.722,-0.040162,-0.035493
-11.29,-0.023888,-0.035512
-8.6724,-0.040233,-0.035868
-3.9047,-0.021905,-0.037157
1.7953,-0.027164,-0.035729
6.5555,-0.030606,-0.038781
9.1678,-0.0088243,-0.035789
9.8521,-0.051525,-0.039099
9.9595,0.012234,-0.037547
10.354,-0.070184,-0.037904
10.42,0.015837,-0.04115
10.43,-0.059792,-0.033757
9.0699,-0.016483,-0.048334
6.2309,0.04118,-0.02089
2.9765,-1.4857,-0.1539
-0.56466,-2.2246,-0.54319
-3.0742,-1.8378,-0.90242
-4.5168,-2.0063,-1.2371
-4.6122,-1.9409,-1.57
-4.4211,-1.975,-1.867
-4.8077,-2.0101,-2.1596
-4.1264,-2,-2.4281
-2.5379,-2.0659,-2.6901
0.27558,-2.0604,-2.9369
3.696,-2.1262,-3.1742
5.6962,-2.1131,-3.4009
5.5806,-2.1236,-3.6084
3.4458,-2.1513,-3.8081
0.35822,-2.1686,-3.9976
-2.9014,-2.1808,-4.1776
-5.4105,-2.1683,-4.3432
-6.8812,-2.1688,-4.4942
-7.7854,-2.1509,-4.6323
-8.1915,-2.1274,-4.7542
-8.0393,-2.1008,-4.8608
-6.8442,-2.0692,-4.9526
-4.2947,-2.0406,-5.0302
-0.69255,-2.0148,-5.0959
3.0337,-1.9849,-5.1501
5.9164,-1.9445,-5.1922
7.3471,-1.9043,-5.2215
7.6164,-1.8573,-5.238
6.9055,-1.8079,-5.2429
5.7493,-1.7639,-5.2371
5.2134,-1.7129,-5.221
4.5071,-1.663,-5.1944
3.5045,-1.6151,-5.1583
2.2937,-1.5609,-5.1138
0.46217,-1.5095,-5.0612
-0.87615,-1.4531,-4.9998
-1.3458,-1.3885,-4.9292
-1.2176,-1.3252,-4.8505
-0.95879,-1.2632,-4.7638
-0.97973,-1.2075,-4.6699
-1.0654,-1.1447,-4.5705
-0.99805,-1.0743,-4.4647
-0.27486,-0.99878,-4.351
0.77516,-0.93071,-4.2298
1.6427,-0.87377,-4.1051
2.0458,-0.79621,-3.9743
1.4886,-0.74171,-3.8389
0.11778,-0.67609,-3.7028
-1.7407,-0.56746,-3.5562
-3.4683,-0.50259,-3.4015
-4.4663,-0.45073,-3.2483
-4.7662,-0.3613,-3.0903
-4.6578,-0.28377,-2.9248
-4.2719,-0.19828,-2.7558
-3.6029,-0.084311,-2.5774
-2.7275,0.0032588,-2.3911
-1.5601,0.10315,-2.1992
-0.3474,0.17814,-2.0032
0.54145,0.29024,-1.804
0.87089,0.37986,-1.5971
0.41917,0.47517,-1.393
-0.4622,0.61561,-1.18
-1.1211,0.66285,-0.97077
-1.24,0.84228,-0.75347
-0.95804,0.8296,-0.53402
-0.31823,1.0411,-0.32008
0.36495,1.0286,-0.08085
0.81891,0.14773,0.016126
1.3267,-0.0009026,-0.011997
1.7668,0.12007,-0.0039436
2.1023,0.00084444,-0.0056344
2.4568,0.071607,-0.0058594
2.7914,0.012361,-0.0032875
3.0184,0.033573,-0.0059569
3.0397,0.024692,-0.0023314
3.0061,0.011949,-0.0045697
2.8475,0.025963,-0.0025076
2.8,0.0047509,-0.0029838
2.6703,0.018446,-0.0023502
1.8992,0.010221,-0.0014616
1.0003,0.0081813,-0.0018103
-0.10023,0.0071803,-0.00080551
-1.2808,0.006288,-0.00057307
-1.9793,0.00085194,0.00020301
-2.4665,0.0059956,0.00018052
-2.5409,0.013104,0.0015602
-2.1786,0.0069066,0.0031499
-1.7497,0.004541,0.0036372
-1.2703,0.0049571,0.0052156
-0.83464,0.0045297,0.0058043
-0.577,0.0093959,0.0062579
-0.49548,-0.0015624,0.0070602
-0.62337,0.0019804,0.0071915
-0.9917,0.0018042,0.0086499
-1.3817,-0.0050153,0.0077876
-1.6906,0.010194,0.009411
-1.8712,-0.014047,0.0089386
-1.7852,0.015001,0.0095234
-1.4438,-0.01621,0.011004
-0.90046,0.010116,0.0086311
-0.24793,0.0013393,0.013115
0.38552,-0.022474,0.0080275
0.77703,0.042365,0.014431
1.0414,-0.079163,0.0087399
1.2542,0.095173,0.013021
1.3473,-0.15991,0.013434
1.5571,0.38919,0.0079263
1.7665,2.0934,0.26127
2.0783,2.1323,0.66281
2.3479,1.8693,0.99628
2.3334,2.0189,1.3389
2.3337,1.9043,1.6547
2.0518,2.0043,1.9514
1.6801,1.9798,2.2371
1.4198,2.0175,2.5025
0.90641,2.0408,2.7617
0.44123,2.0622,3.0034
0.12488,2.1089,3.2391
-0.040773,2.0822,3.4573
0.077766,2.117,3.6614
0.36719,2.1353,3.858
0.63942,2.1486,4.0443
0.71757,2.1483,4.2197
0.69102,2.1453,4.3799
0.50219,2.1384,4.5268
0.13797,2.105,4.6584
-0.23485,2.0808,4.774
-0.49361,2.0496,4.8755
-0.63907,2.0191,4.9621
-0.71311,1.9998,5.0349
-0.59532,1.9697,5.096
-0.44687,1.9384,5.1453
-0.28009,1.9001,5.1828
-0.060965,1.8525,5.2071
-0.043016,1.803,5.2184
-0.14136,1.7529,5.2183
-0.29505,1.7078,5.2079
-0.54522,1.6552,5.1873
-0.73256,1.6044,5.1574
-0.80099,1.5586,5.1184
-0.73854,1.5035,5.0704
-0.50072,1.4476,5.0149
-0.1537,1.3897,4.9502
0.10469,1.3283,4.876
0.24716,1.2684,4.7935
0.33317,1.2102,4.7043
0.31073,1.157,4.6097
0.28792,1.0717,4.5072
0.27072,0.98654,4.3967
0.20977,0.94269,4.2791
0.26137,0.88492,4.1561
0.38776,0.80749,4.0295
0.44049,0.74155,3.8962
0.49359,0.69372,3.7609
0.53995,0.60999,3.622
0.47377,0.50948,3.4716
0.30026,0.45711,3.3173
0.0067175,0.39615,3.1637
-0.37881,0.30021,3.0031
-0.6989,0.22901,2.8366
-0.87503,0.14012,2.6661
-0.95655,0.033033,2.4853
-0.9012,-0.053351,2.2987
-0.75238,-0.15224,2.1059
-0.60916,-0.23008,1.9106
-0.49698,-0.34788,1.7097
-0.47604,-0.42354,1.5037
-0.52465,-0.54722,1.2984
-0.61028,-0.64568,1.0847
-0.73256,-0.73258,0.87718
-0.94084,-0.88513,0.65536
-1.0833,-0.87387,0.44328
-1.0571,-1.1618,0.2176
-0.93336,-0.8123,0.00065666
-0.64393,-0.017428,-0.038905
-0.35563,-0.1025,-0.01518
-0.12416,-0.099367,-0.02708
0.1017,-0.04213,-0.020316
0.2337,-0.089544,-0.024504
0.33317,-0.031843,-0.023166
0.39748,-0.069536,-0.022854
0.39786,-0.036349,-0.024796
0.42553,-0.049486,-0.023218
0.46217,-0.048834,-0.025273
0.4431,-0.038678,-0.024283
0.49396,-0.045175,-0.025513
0.57062,-0.036248,-0.025228
0.57174,-0.03975,-0.025569
0.59156,-0.034576,-0.026161
0.52088,-0.037624,-0.026495
0.34588,-0.029912,-0.026997
0.28455,-0.035356,-0.027087
0.31185,-0.043259,-0.028733
0.37168,-0.034258,-0.029873
0.53584,-0.036623,-0.030656
0.77217,-0.034351,-0.031875
0.99391,-0.026632,-0.032265
1.1338,-0.030029,-0.033037
1.142,-0.024885,-0.033476
1.0044,-0.035259,-0.034087
0.78227,-0.023415,-0.034747
0.46741,-0.028717,-0.034383
0.042989,-0.030932,-0.036321
-0.38405,-0.01672,-0.034627
-0.73592,-0.039337,-0.036989
-0.90532,-0.0035606,-0.035965
-0.94533,-0.046828,-0.036273
-0.86531,0.0037912,-0.038271
-0.73293,-0.037392,-0.034541
-0.61664,-0.021586,-0.041791
-0.45697,0.0056582,-0.031965
-0.42406,-0.10559,-0.045421
-0.3474,0.16607,-0.027271
-0.37956,-0.96116,-0.079486
-0.36049,-2.2325,-0.41968
-0.10285,-1.9091,-0.80483
-0.17352,-1.9453,-1.1343
0.047103,-1.9905,-1.4762
0.39262,-1.9371,-1.7795
0.36719,-2.0184,-2.0748
0.62035,-1.9796,-2.3502
0.67158,-2.0544,-2.6133
0.55865,-2.0498,-2.8665
0.71832,-2.1005,-3.1051
0.77217,-2.1103,-3.3368
0.92586,-2.0998,-3.5484
1.2254,-2.1366,-3.7504
1.5185,-2.1495,-3.9434
1.7863,-2.1667,-4.1263
1.9576,-2.158,-4.2966
2.0189,-2.1534,-4.4517
1.9512,-2.1397,-4.5937
1.7773,-2.1171,-4.7207
1.4808,-2.0911,-4.8325
1.1259,-2.0609,-4.9287
0.73664,-2.0336,-5.01
0.47676,-2.007,-5.0793
0.30587,-1.9796,-5.1372
0.18247,-1.9431,-5.1832
0.20079,-1.9005,-5.2168
0.15405,-1.8557,-5.2375
0.061312,-1.8097,-5.2461
-0.016467,-1.7644,-5.2433
-0.16716,-1.7173,-5.2303
-0.41882,-1.6671,-5.207
-0.6731,-1.6176,-5.1739
-0.88176,-1.5664,-5.1324
-1.0867,-1.5128,-5.0822
-1.2176,-1.4537,-5.0232
-1.3021,-1.3949,-4.9553
-1.3406,-1.3411,-4.8791
-1.2793,-1.2782,-4.7954
-1.2486,-1.2149,-4.7047
-1.2527,-1.1506,-4.6067
-1.1906,-1.0801,-4.5008
-1.1024,-1.0143,-4.3886
-0.97898,-0.94801,-4.2707
-0.78042,-0.88372,-4.1477
-0.57401,-0.80825,-4.0188
-0.32945,-0.74956,-3.884
-0.011232,-0.69494,-3.7486
0.24192,-0.59174,-3.6058
0.39487,-0.51293,-3.4521
0.4891,-0.46525,-3.2979
0.50106,-0.38378,-3.142
0.44423,-0.2962,-2.9781
0.34251,-0.22087,-2.8099
0.20528,-0.11401,-2.6347
0.1189,-0.020068,-2.45
0.097211,0.07449,-2.2604
0.088984,0.15905,-2.0647
0.17312,0.25747,-1.8673
0.29502,0.36593,-1.6612
0.39524,0.42964,-1.4561
0.46704,0.58484,-1.2465
0.45245,0.63973,-1.0341
0.38103,0.79086,-0.82272
0.20752,0.85684,-0.59837
0.019431,0.94841,-0.38953
-0.13501,1.1599,-0.14802
-0.30963,0.41001,0.0097596
-0.42219,-0.057108,-0.0041573
-0.48651,0.12983,-0.0083563
-0.51605,0.013449,-0.0022827
-0.54746,0.055824,-0.0077565
-0.58298,0.036299,-0.0020352
-0.56803,0.014802,-0.0061068
-0.59196,0.034019,-0.0025601
-0.5957,0.0078138,-0.0035724
-0.57401,0.026405,-0.0028713
-0.61664,0.0060781,-0.0018853
-0.54297,0.019368,-0.0025226
-0.41882,0.0053058,-0.00090674
-0.30552,0.0077914,-0.0014879
-0.11593,0.012785,-0.00036311
0.041868,0.0056094,-4.4433e-05
0.17836,0.0089835,0.00034923
0.26885,-0.0023835,0.00049545
0.3126,0.0046722,0.0010466
0.39113,0.0060331,0.002445
0.49583,0.0069066,0.003461
0.61399,0.0087548,0.0044508
0.74637,0.0014068,0.0056393
0.87612,0.00043205,0.0062429
0.97896,0.0057556,0.0066178
1.0911,0.0013543,0.0074614
1.1611,0.0012943,0.0073677
1.142,-0.0014275,0.0087886
1.0822,-0.0074334,0.008275
0.94007,0.0094934,0.0095534
0.74412,-0.012978,0.0096922
0.54743,0.013666,0.0093847
0.32643,-0.01077,0.011473
0.14395,-0.00044897,0.0087024
0.028032,0.010277,0.013381
-0.028433,-0.030763,0.0088861
-0.09275,0.046001,0.013812
-0.17277,-0.070675,0.010899
-0.24083,0.086805,0.010892
-0.32833,-0.12052,0.017168
-0.3661,0.21789,8.3039e-05
-0.46257,1.9349,0.21564
-0.42331,2.1807,0.61547
-0.34703,1.8375,0.95139
-0.4379,2.0006,1.2887
-0.26252,1.9035,1.6079
-0.23971,1.9767,1.9022
-0.24569,1.9561,2.1878
0.013822,1.9865,2.4511
-0.00038735,2.0282,2.7093
0.12488,2.0339,2.9519
0.26361,2.0625,3.1836
0.2236,2.0468,3.3976
0.40833,2.0969,3.6015
0.56576,2.1012,3.7986
0.70935,2.1028,3.9825
0.86378,2.1018,4.1541
0.98419,2.0864,4.3105
1.0994,2.0704,4.453
1.1274,2.0412,4.5791
1.1356,2.0211,4.69
1.148,1.9911,4.7868
1.1308,1.9578,4.8688
1.0579,1.9291,4.9372
1.044,1.8972,4.9944
1.0115,1.8609,5.0403
0.94044,1.8171,5.0727
0.91987,1.7734,5.0929
0.79087,1.7296,5.101
0.62259,1.6805,5.0976
0.41581,1.6308,5.0842
0.15704,1.5826,5.0608
-0.079662,1.5357,5.0279
-0.34553,1.4851,4.9864
-0.53774,1.4331,4.9369
-0.67871,1.3738,4.8786
-0.76808,1.3099,4.8108
-0.83016,1.2471,4.7342
-0.88999,1.1895,4.6493
-0.88513,1.1408,4.559
-0.93523,1.0708,4.4622
-0.99319,0.99158,4.3561
-1.0153,0.9294,4.2431
-1.0923,0.87093,4.1248
-1.1431,0.80026,4.0022
-1.111,0.72893,3.8732
-1.0781,0.68163,3.7403
-0.99805,0.61298,3.6059
-0.88139,0.51161,3.4606
-0.76846,0.4494,3.3081
-0.62,0.39537,3.157
-0.5153,0.29818,3.0003
-0.41733,0.22472,2.8366
-0.28608,0.14213,2.6698
-0.17053,0.037705,2.4935
-0.046756,-0.04724,2.3101
0.081131,-0.14723,2.1202
0.19406,-0.21832,1.9271
0.32868,-0.33585,1.7292
0.4876,-0.41373,1.5245
0.59567,-0.52641,1.3218
0.66261,-0.64255,1.1096
0.72767,-0.70394,0.9032
0.71907,-0.87312,0.68527
0.65438,-0.85253,0.47191
0.59642,-1.1183,0.25366
0.49695,-0.91904,0.02554
0.42665,-0.068167,-0.038237
0.36906,-0.069892,-0.01085
0.29278,-0.12297,-0.022075
0.22211,-0.031198,-0.016803
0.11366,-0.088888,-0.018951
0.06393,-0.028863,-0.019473
0.009335,-0.062645,-0.017992
-0.072931,-0.040946,-0.020796
-0.13762,-0.04408,-0.018772
-0.25242,-0.044001,-0.020815
-0.34179,-0.036095,-0.020106
-0.42144,-0.04381,-0.021055
-0.49922,-0.030392,-0.021148
-0.51081,-0.042007,-0.021422
-0.48912,-0.033556,-0.022153
-0.43827,-0.033643,-0.022236
-0.39975,-0.027888,-0.022843
-0.37844,-0.027292,-0.022659
-0.32459,-0.037452,-0.023589
-0.23073,-0.034149,-0.024943
-0.12304,-0.031195,-0.026045
-0.029928,-0.032057,-0.026941
0.097958,-0.031461,-0.028111
0.22884,-0.02899,-0.028171
0.33728,-0.032957,-0.028999
0.47526,-0.021548,-0.029757
0.58034,-0.027464,-0.029517
0.65587,-0.021473,-0.030638
0.72991,-0.020634,-0.030154
0.77217,-0.026148,-0.032002
0.75796,-0.0080895,-0.030975
0.69551,-0.038813,-0.032655
0.65774,-0.0029908,-0.032452
0.58595,-0.043825,-0.031579
0.53397,-0.0065111,-0.035107
0.50779,-0.019813,-0.030161
0.40309,-0.041947,-0.03757
0.36532,0.034571,-0.028902
0.29278,-0.12118,-0.038972
0.24305,0.16504,-0.028636
0.17611,-0.71153,-0.051933
0.071783,-2.172,-0.35712
0.20154,-1.962,-0.75055
0.079261,-1.8871,-1.0777
0.085992,-1.9851,-1.4168
0.33055,-1.9028,-1.7221
0.14807,-1.996,-2.0152
0.27595,-1.9501,-2.2916
0.31783,-2.0161,-2.5521
0.040372,-2.0304,-2.8061
0.15368,-2.0529,-3.0442
0.060565,-2.0607,-3.2712
0.017188,-2.0619,-3.4804
0.19817,-2.1076,-3.6833
0.21575,-2.1053,-3.876
0.31372,-2.1138,-4.0557
0.393,-2.1032,-4.2222
0.41468,-2.0917,-4.3734
0.45731,-2.0765,-4.511
0.50892,-2.0468,-4.6327
0.525,-2.0195,-4.7392
0.57099,-1.9894,-4.8305
0.60165,-1.9625,-4.9082
0.62222,-1.938,-4.9746
0.7086,-1.9043,-5.0287
0.71832,-1.8617,-5.0705
0.7774,-1.8186,-5.0994
0.7804,-1.7739,-5.1158
0.66074,-1.7306,-5.1212
0.56837,-1.687,-5.1154
0.42441,-1.6347,-5.0989
0.27184,-1.5846,-5.0727
0.13311,-1.5386,-5.0374
0.01831,-1.4852,-4.9934
-0.053861,-1.4307,-4.941
-0.13987,-1.3743,-4.8795
-0.21615,-1.3115,-4.8089
-0.26514,-1.2507,-4.7307
-0.34665,-1.1923,-4.6456
-0.44986,-1.1269,-4.553
-0.55456,-1.0605,-4.4523
-0.67273,-0.99823,-4.3446
-0.77855,-0.93415,-4.2316
-0.90307,-0.87476,-4.1132
-0.9386,-0.799,-3.9892
-0.95056,-0.73253,-3.8582
-0.95393,-0.68957,-3.7254
-0.81296,-0.59331,-3.5883
-0.75013,-0.49876,-3.439
-0.70638,-0.45478,-3.2862
-0.62599,-0.38265,-3.1338
-0.59757,-0.29003,-2.9736
-0.54372,-0.21941,-2.8082
-0.49399,-0.12002,-2.6372
-0.42556,-0.020555,-2.4565
-0.36797,0.074546,-2.2698
-0.2786,0.16171,-2.0768
-0.16567,0.24195,-1.8824
-0.075923,0.35617,-1.6795
0.063182,0.42372,-1.4756
0.15667,0.57016,-1.2693
0.24005,0.6332,-1.0574
0.32195,0.76156,-0.8493
0.31409,0.86102,-0.62605
0.32307,0.89661,-0.41802
0.36719,1.1708,-0.18217
0.38851,0.54513,-5.9429e-05
0.45395,-0.063957,0.0014215
0.51976,0.12575,-0.010396
0.55753,0.034016,-0.00092174
0.56164,0.037618,-0.0078352
0.479,0.044048,-0.001799
0.41655,0.0069141,-0.0054132
0.32718,0.038278,-0.0030025
0.22622,0.0065917,-0.0028076
0.17088,0.029888,-0.0030138
0.065052,0.011795,-0.0012667
-0.022076,0.016298,-0.0023952
-0.097611,0.016035,-0.00083551
-0.13276,0.0066142,-0.0013379
-0.089011,0.0077989,-0.00058806
-0.072183,0.0080763,4.1798e-05
-0.072183,0.0078963,0.00070165
-0.076671,-0.00057644,0.0010016
-0.089385,0.0069178,0.00089286
-0.090133,0.006153,0.0021751
-0.062087,0.0071053,0.0032061
-0.044512,0.0088261,0.0043383
-0.0033789,0.0046459,0.0053281
0.051964,-0.0024697,0.0060367
0.0658,-0.0043442,0.0064566
0.1017,0.0045934,0.0074389
0.12713,-0.0034444,0.0077876
0.15068,0.0046947,0.007945
0.16714,-0.0020948,0.009141
0.17387,-0.0018811,0.0086311
0.19256,0.0032026,0.010442
0.2236,-0.010181,0.0092198
0.26399,0.01812,0.010922
0.2868,-0.025545,0.010746
0.36084,0.016073,0.010052
0.42029,-0.02141,0.013318
0.43936,-0.0036281,0.0085824
0.42702,0.014345,0.016047
0.42029,-0.059905,0.0074314
0.35785,0.099338,0.017847
0.23258,-0.2011,0.0066066
0.18957,0.72173,0.032067
0.1103,2.235,0.33791
0.1907,1.9889,0.72708
0.17499,1.8753,1.0519
0.12713,1.9693,1.3902
0.3369,1.8839,1.6956
0.19406,1.9709,1.9887
0.24529,1.9212,2.2642
0.4345,1.9923,2.5247
0.29802,2.0035,2.779
0.43749,2.0164,3.0155
0.46143,2.0305,3.2392
0.40608,2.036,3.4479
0.53472,2.0738,3.6514
0.54594,2.0686,3.8434
0.58931,2.0679,4.0216
0.58071,2.0542,4.186
0.48498,2.0432,4.3352
0.43787,2.0174,4.4691
0.37729,1.993,4.5866
0.29428,1.9649,4.6907
0.29016,1.9264,4.7799
0.29203,1.905,4.8548
0.31522,1.8754,4.9183
0.45096,1.8315,4.9699
0.51527,1.7916,5.0093
0.56912,1.7523,5.0357
0.61923,1.7004,5.049
0.5149,1.658,5.0513
0.37467,1.6172,5.0431
0.19967,1.5587,5.0249
-0.012727,1.5171,4.997
-0.20119,1.4711,4.9601
-0.35899,1.4123,4.9149
-0.45472,1.3616,4.8612
-0.51867,1.297,4.798
-0.51081,1.2319,4.7254
-0.47267,1.1746,4.6442
-0.45921,1.1201,4.5569
-0.44874,1.0613,4.4638
-0.46108,0.99303,4.3619
-0.45884,0.91995,4.2521
-0.47192,0.85581,4.136
-0.51717,0.79786,4.0158
-0.51792,0.72135,3.89
-0.51119,0.67419,3.759
-0.51418,0.61749,3.6268
-0.47192,0.51135,3.4858
-0.44313,0.44448,3.3355
-0.43154,0.40041,3.1853
-0.41621,0.3111,3.0314
-0.42481,0.22772,2.8698
-0.42817,0.15852,2.7048
-0.41396,0.051449,2.5314
-0.36124,-0.034591,2.3501
-0.27822,-0.13045,2.1628
-0.17389,-0.20798,1.971
-0.054982,-0.30942,1.7766
0.049346,-0.40941,1.5729
0.16415,-0.49623,1.3711
0.23968,-0.6308,1.1611
0.24379,-0.67599,0.95342
0.20677,-0.8436,0.74036
0.13161,-0.85364,0.52232
0.051216,-1.037,0.31256
-0.010858,-1.0751,0.073241
-0.0041267,-0.22491,-0.037915
0.039624,-0.0063724,-0.011772
0.071035,-0.14998,-0.017276
0.15816,-0.02475,-0.016897
0.19144,-0.087205,-0.01515
0.19481,-0.042674,-0.018528
0.25539,-0.056096,-0.015232
0.25352,-0.053299,-0.018981
0.27558,-0.035682,-0.016788
0.28194,-0.049793,-0.018385
0.2049,-0.028818,-0.018333
0.16265,-0.041448,-0.018554
0.13311,-0.032368,-0.019379
0.10095,-0.037887,-0.019143
0.078888,-0.034246,-0.019982
0.0658,-0.029448,-0.019915
0.032519,-0.028154,-0.020789
-0.0063704,-0.023239,-0.020755
-0.017215,-0.033778,-0.021418
-0.014223,-0.033249,-0.022468
0.044111,-0.031787,-0.023199
0.10656,-0.030733,-0.024455
0.1462,-0.026969,-0.025423
0.21164,-0.023355,-0.025959
0.25389,-0.029819,-0.02621
0.27109,-0.034775,-0.027387
0.29091,-0.021923,-0.027346
0.27446,-0.029226,-0.028073
0.23258,-0.016851,-0.028291
0.17275,-0.027959,-0.028369
0.11815,-0.016922,-0.030083
0.072157,-0.018017,-0.028309
-0.0033789,-0.032436,-0.031204
0.0052217,0.00039831,-0.028943
0.023919,-0.047525,-0.03126
0.032519,0.011642,-0.031031
0.073652,-0.055342,-0.029659
0.071409,0.0073415,-0.034758
0.092349,-0.027142,-0.025842
0.056077,-0.052886,-0.04112
0.075896,0.11323,-0.015528
0.03925,-1.2828,-0.11394
0.042242,-2.2452,-0.4845
0.18247,-1.8362,-0.8507
0.094219,-1.9474,-1.1779
0.32494,-1.9261,-1.5101
0.52724,-1.9179,-1.8058
0.43413,-1.9672,-2.0957
0.68953,-1.939,-2.3629
0.62484,-2.017,-2.6226
0.49994,-2.0073,-2.871
0.65812,-2.0303,-3.1034
0.55454,-2.0264,-3.3225
0.61998,-2.0609,-3.529
0.73253,-2.0822,-3.7302
0.71795,-2.0706,-3.9172
0.79722,-2.0739,-4.091
0.7617,-2.0556,-4.2502
0.67345,-2.0436,-4.3946
0.62147,-2.017,-4.5239
0.51116,-1.9884,-4.6371
0.43226,-1.9616,-4.7359
0.42366,-1.9319,-4.8205
0.33616,-1.9067,-4.893
0.34887,-1.8754,-4.9538
0.42141,-1.8394,-5.0023
0.40234,-1.7959,-5.038
0.4345,-1.7506,-5.0604
0.39561,-1.7102,-5.0712
0.27034,-1.6639,-5.0711
0.1533,-1.6145,-5.0601
-0.027685,-1.5663,-5.0392
-0.22699,-1.5204,-5.0089
-0.35974,-1.4699,-4.9694
-0.45584,-1.4136,-4.9215
-0.50745,-1.3555,-4.8643
-0.52166,-1.2951,-4.7978
-0.51493,-1.2386,-4.7231
-0.48875,-1.1809,-4.6413
-0.50371,-1.1175,-4.5525
-0.51979,-1.0473,-4.4554
-0.51979,-0.98487,-4.3507
-0.52166,-0.92412,-4.2402
-0.54148,-0.86015,-4.1242
-0.54073,-0.79299,-4.0032
-0.47379,-0.72142,-3.8747
-0.47005,-0.6788,-3.7432
-0.42107,-0.60461,-3.6098
-0.31562,-0.4993,-3.4648
-0.29206,-0.44502,-3.313
-0.25654,-0.38816,-3.1628
-0.23447,-0.30127,-3.0063
-0.2528,-0.22941,-2.8427
-0.25878,-0.13319,-2.6749
-0.23036,-0.03428,-2.4968
-0.19895,0.056221,-2.3121
-0.14024,0.15568,-2.1207
-0.047504,0.22382,-1.9273
0.03065,0.34655,-1.7279
0.13086,0.41348,-1.5234
0.19443,0.53381,-1.3203
0.22248,0.63736,-1.108
0.24828,0.71688,-0.90136
0.20004,0.87185,-0.68022
0.13311,0.86104,-0.46889
0.10245,1.1459,-0.2435
0.058321,0.78667,-0.026926
0.059817,-0.019494,0.011177
0.07627,0.075971,-0.012525
0.10768,0.074677,8.0556e-06
0.17349,0.014412,-0.0067179
0.12039,0.065886,-0.0024289
0.10357,0.0031688,-0.0038498
0.12077,0.040243,-0.0037111
0.084871,0.012568,-0.0014766
0.081879,0.021348,-0.0030813
0.031397,0.012586,-0.00099672
-0.008614,0.0098721,-0.0020915
-0.021702,0.017111,-0.00064805
-0.015719,0.0024303,-0.00068179
0.018684,0.013381,-0.00031062
0.035511,0.0057107,0.00039047
0.064304,0.0084249,0.00085162
0.057199,0.0043835,0.0014252
0.036259,0.0020854,0.0013015
0.041494,0.0095459,0.0023775
0.072157,0.0080425,0.0034085
0.13161,0.006168,0.0044096
0.16751,0.002509,0.0053994
0.23071,0.0021004,0.0066216
0.29353,0.0011781,0.006884
0.31484,0.0057556,0.0075101
0.34812,-0.0030283,0.0084737
0.35897,-0.00040023,0.008305
0.33504,0.0018679,0.0095309
0.31522,-0.0025147,0.0088823
0.26847,0.0076564,0.010652
0.19331,-0.015134,0.0099883
0.16602,0.014727,0.010491
0.15255,-0.015681,0.011773
0.14283,0.0097221,0.0097559
0.14545,-0.0022672,0.014161
0.14021,-0.017848,0.0089911
0.11778,0.038305,0.015818
0.095341,-0.068711,0.0098571
0.046729,0.098967,0.014551
-0.011605,-0.16971,0.013175
0.013448,0.43721,0.011717
-0.028059,2.1005,0.27201
0.06393,2.085,0.67027
0.13984,1.8429,0.9991
0.095715,1.9862,1.3377
0.32083,1.876,1.6501
0.24305,1.9647,1.9438
0.2064,1.9237,2.2245
0.43974,1.9708,2.4861
0.30362,2.0016,2.7428
0.39187,1.9933,2.9824
0.47077,2.0146,3.2101
0.39412,2.0133,3.4215
0.56875,2.0583,3.6262
0.62671,2.0555,3.8218
0.68915,2.0522,4.0031
0.73403,2.0533,4.1713
0.69738,2.035,4.3243
0.66522,2.0034,4.4624
0.5923,1.9771,4.5844
0.53921,1.9554,4.6921
0.52574,1.9253,4.7852
0.49321,1.8879,4.8637
0.43263,1.8577,4.9298
0.49172,1.8346,4.9851
0.5164,1.7834,5.0281
0.52313,1.7347,5.0578
0.5579,1.696,5.0749
0.4618,1.6506,5.0797
0.30811,1.6091,5.0739
0.12526,1.5618,5.0584
-0.068444,1.5066,5.0324
-0.25878,1.4554,4.9975
-0.38517,1.4122,4.9547
-0.44949,1.3581,4.9031
-0.50857,1.2938,4.8424
-0.48539,1.2303,4.7723
-0.48464,1.1688,4.6935
-0.51717,1.12,4.6079
-0.5052,1.0594,4.5164
-0.5411,0.98815,4.4171
-0.57887,0.92249,4.3095
-0.59158,0.85212,4.1947
-0.65366,0.79578,4.075
-0.66338,0.72994,3.9508
-0.61065,0.67041,3.8203
-0.58523,0.62531,3.6891
-0.51119,0.52893,3.5518
-0.42481,0.4432,3.4025
-0.38592,0.40329,3.2514
-0.35039,0.32889,3.0995
-0.33693,0.23598,2.9394
-0.34105,0.17209,2.7745
-0.32871,0.072439,2.6039
-0.27224,-0.024803,2.4237
-0.19895,-0.11001,2.2382
-0.12192,-0.19645,2.0462
-0.021328,-0.28281,1.8522
0.067295,-0.39585,1.6496
0.17162,-0.45998,1.4459
0.23594,-0.60472,1.2393
0.24005,-0.66673,1.028
0.2423,-0.79188,0.81994
0.16489,-0.87966,0.59732
0.10619,-0.92835,0.38996
0.069539,-1.183,0.15325
0.050094,-0.53668,-0.023604
0.10619,0.035898,-0.021632
0.1103,-0.14764,-0.011198
0.1791,-0.055083,-0.019878
0.18883,-0.069528,-0.013275
0.13086,-0.0657,-0.018667
0.17723,-0.037279,-0.015105
0.11927,-0.066582,-0.017875
0.091601,-0.027176,-0.017223
0.087488,-0.050539,-0.017208
0.0048478,-0.031888,-0.018738
-0.011979,-0.036481,-0.017583
-0.041521,-0.037969,-0.019191
-0.046756,-0.032867,-0.018805
-0.0067443,-0.035491,-0.01957
0.013822,-0.029384,-0.019825
0.013074,-0.033452,-0.020384
-0.0078661,-0.026921,-0.020755
-0.011979,-0.02848,-0.020751
-0.0037528,-0.031716,-0.021782
0.034763,-0.02878,-0.022937
0.097958,-0.030066,-0.024095
0.17387,-0.032949,-0.024886
0.22846,-0.02851,-0.025887
0.26062,-0.026242,-0.026075
0.30512,-0.030763,-0.026945
0.30923,-0.0237,-0.027308
0.29764,-0.029635,-0.027638
0.27745,-0.017185,-0.028459
0.2236,-0.026801,-0.028148
0.17985,-0.027573,-0.029869
0.14881,-0.016019,-0.028549
0.10544,-0.042513,-0.031084
0.10693,-0.0063986,-0.029427
0.12825,-0.045812,-0.03024
0.14545,0.003435,-0.031909
0.1806,-0.038708,-0.028384
0.1619,-0.013001,-0.035422
0.14769,0.0018417,-0.025565
0.090854,-0.093631,-0.039493
0.083001,0.16518,-0.020042
0.022423,-1.0084,-0.078589
-0.034042,-2.2347,-0.42182
0.15031,-1.8816,-0.80192
0.057573,-1.9136,-1.1281
0.18471,-1.9461,-1.4648
0.47751,-1.8958,-1.7644
0.34438,-1.9692,-2.0563
0.55828,-1.9238,-2.3278
0.58445,-2.0006,-2.588
0.40047,-1.9985,-2.8396
0.57286,-2.018,-3.0749
0.4805,-2.0202,-3.2974
0.48536,-2.0385,-3.5055
0.62035,-2.0717,-3.7086
0.64802,-2.0619,-3.8991
0.72057,-2.0645,-4.0763
0.67532,-2.0487,-4.2395
0.611,-2.036,-4.3879
0.54556,-2.0127,-4.5215
0.47227,-1.9809,-4.6387
0.39374,-1.953,-4.7409
0.36495,-1.9228,-4.8287
0.32419,-1.8964,-4.9039
0.34027,-1.8695,-4.9675
0.43936,-1.8351,-5.0192
0.42478,-1.7951,-5.0581
0.48723,-1.7474,-5.0838
0.50817,-1.7029,-5.0973
0.38664,-1.6601,-5.0995
0.27633,-1.6089,-5.0912
0.097958,-1.5617,-5.0725
-0.097611,-1.5094,-5.0439
-0.23223,-1.4591,-5.0066
-0.34778,-1.4131,-4.9606
-0.43378,-1.3518,-4.9057
-0.45659,-1.2925,-4.8421
-0.44949,-1.2371,-4.7698
-0.45584,-1.178,-4.6898
-0.445,-1.1182,-4.6032
-0.44837,-1.0506,-4.5087
-0.49959,-0.98678,-4.406
-0.51007,-0.9261,-4.2972
-0.51455,-0.86372,-4.1828
-0.55232,-0.79888,-4.0631
-0.52988,-0.72841,-3.9366
-0.49473,-0.68007,-3.805
-0.46444,-0.61267,-3.6723
-0.38106,-0.51251,-3.5305
-0.33357,-0.45042,-3.3793
-0.3317,-0.39903,-3.2284
-0.31786,-0.3113,-3.074
-0.33768,-0.23177,-2.9114
-0.36049,-0.15396,-2.745
-0.36535,-0.050528,-2.57
-0.32646,0.033348,-2.3863
-0.24681,0.13442,-2.1966
-0.16604,0.2087,-2.0026
-0.044512,0.31117,-1.8055
0.053834,0.40152,-1.5997
0.12937,0.48635,-1.3971
0.20154,0.62592,-1.1861
0.2322,0.66811,-0.97731
0.20191,0.84096,-0.76252
0.13348,0.84905,-0.54286
0.13273,1.0374,-0.3306
0.096463,1.0568,-0.090077
0.071035,0.18645,0.017232
0.11666,-0.012674,-0.010175
0.14096,0.1242,-0.0035537
0.22659,0.00031958,-0.0039848
0.23819,0.068207,-0.005342
0.21089,0.010566,-0.002039
0.21687,0.030675,-0.0050196
0.17649,0.025622,-0.0012929
0.15592,0.0066029,-0.0035499
0.10581,0.028092,-0.0015928
0.0744,0.0043048,-0.0017278
0.064678,0.015897,-0.0012667
0.050468,0.0054032,-0.00023189
0.069913,0.0054032,-0.00071928
0.073278,0.0084737,0.00031174
0.080009,0.0074764,0.00041297
0.076644,0.0033788,0.0011328
0.066922,0.0025652,0.0012453
0.045233,0.0067566,0.0016914
0.025788,0.0058494,0.0030149
0.069539,0.0008182,0.0042221
0.10245,-0.0029158,0.0052419
0.16714,0.0022053,0.0063254
0.22958,-0.0022223,0.0066778
0.21949,0.0070378,0.0070977
0.23706,0.0030714,0.0080163
0.26623,-0.0019486,0.0079338
0.24866,-2.9081e-05,0.0094072
0.18396,-0.011876,0.0091673
0.15368,0.010457,0.010352
0.13311,-0.015003,0.010603
0.093097,0.0072965,0.010176
0.081879,-0.0079545,0.012545
0.10357,-0.0080107,0.0096359
0.14395,0.013081,0.014142
0.17312,-0.039784,0.0099696
0.17387,0.042916,0.014082
0.16041,-0.069918,0.012688
0.16452,0.073155,0.010472
0.1002,-0.089968,0.019575
0.063182,0.13443,-0.0020802
0.029902,1.8306,0.19189
0.091601,2.198,0.59015
0.19518,1.8171,0.93005
0.11366,1.9782,1.2649
0.30736,1.8744,1.587
0.3313,1.9398,1.8818
0.21351,1.9277,2.1685
0.45993,1.9311,2.4323
0.4001,1.9899,2.6922
0.4345,1.9884,2.9364
0.56949,2.0118,3.1676
0.45133,2.0031,3.383
0.56501,2.0347,3.5888
0.61138,2.0318,3.7879
0.62409,2.0396,3.9732
0.67607,2.0363,4.1455
0.58707,2.0162,4.3025
0.54743,2.0038,4.4455
0.47863,1.9723,4.5714
0.36345,1.9459,4.6822
0.32419,1.9124,4.7801
0.30811,1.8753,4.8623
0.26773,1.8524,4.9316
0.35037,1.8233,4.99
0.4259,1.7775,5.0362
0.41992,1.738,5.0699
0.47863,1.6966,5.0906
0.42852,1.6486,5.0988
0.29016,1.6041,5.0964
0.16153,1.5537,5.0837
-0.015345,1.5078,5.0609
-0.19932,1.4574,5.0287
-0.35301,1.4016,4.9878
-0.41621,1.356,4.9387
-0.45098,1.3003,4.8805
-0.48127,1.2375,4.8129
-0.45472,1.1704,4.7363
-0.43229,1.1182,4.6522
-0.40873,1.0733,4.5626
-0.41284,1.0014,4.4663
-0.43004,0.9301,4.3612
-0.43677,0.85483,4.2483
-0.47529,0.79895,4.1301
-0.47791,0.74356,4.0076
-0.48725,0.67227,3.8783
-0.48277,0.63533,3.747
-0.41995,0.55168,3.6129
-0.37358,0.44903,3.4665
-0.34815,0.40531,3.3146
-0.35974,0.34416,3.1635
-0.36124,0.25379,3.0057
-0.39003,0.18369,2.8413
-0.39788,0.094588,2.6731
-0.35675,-0.0049703,2.4948
-0.3317,-0.090718,2.3101
-0.23971,-0.18404,2.1193
-0.13762,-0.25372,1.9253
-0.041521,-0.37294,1.7256
0.051964,-0.44005,1.5201
0.12039,-0.56306,1.3161
0.16003,-0.67108,1.103
0.15779,-0.72735,0.89625
0.11815,-0.8871,0.67622
0.034763,-0.87179,0.46308
-1.3407e-05,-1.1485,0.24061
-0.017215,-0.86764,0.017232
0.017936,-0.03545,-0.033832
0.081879,-0.085379,-0.0079177
0.12264,-0.10787,-0.019833
0.19443,-0.034201,-0.013635
0.17237,-0.086867,-0.017006
0.18209,-0.02346,-0.016593
0.21351,-0.069165,-0.015821
0.1806,-0.037575,-0.018127
0.19518,-0.044031,-0.016042
0.15442,-0.045748,-0.018359
0.1088,-0.030014,-0.017426
0.099828,-0.041564,-0.018625
0.085992,-0.028825,-0.018802
0.10058,-0.036541,-0.018906
0.11105,-0.030853,-0.01957
0.098706,-0.031397,-0.019881
0.050468,-0.029249,-0.020504
0.017562,-0.024896,-0.020365
0.0059696,-0.03281,-0.021392
0.009335,-0.033699,-0.022528
0.040372,-0.032087,-0.023435
0.091975,-0.03398,-0.02447
0.17088,-0.025672,-0.025554
0.21014,-0.021743,-0.025651
0.23445,-0.028042,-0.026371
0.24305,-0.019183,-0.02696
0.23594,-0.033452,-0.027065
0.22622,-0.021207,-0.028392
0.18247,-0.019569,-0.027605
0.13797,-0.033313,-0.029378
0.087862,-0.0033395,-0.028429
0.057199,-0.037429,-0.029753
0.051964,-0.0066686,-0.030139
0.062808,-0.039169,-0.028613
0.10918,-0.010886,-0.032591
0.14582,-0.014605,-0.027522
0.13722,-0.047169,-0.034859
0.14657,0.04271,-0.027188
0.10955,-0.12465,-0.035163
0.091601,0.1635,-0.028726
0.068043,-0.60007,-0.040093
-0.0052485,-2.1259,-0.32645
0.16153,-1.9799,-0.72334
0.13498,-1.8539,-1.0513
0.17162,-1.972,-1.3902
0.50817,-1.8743,-1.6983
0.42441,-1.9645,-1.9913
0.55491,-1.9194,-2.2697
0.68205,-1.9769,-2.5306
0.42029,-1.9936,-2.7863
0.53958,-2.0032,-3.025
0.51939,-2.0137,-3.2517
0.4446,-2.0168,-3.4628
0.61736,-2.0577,-3.6675
0.62484,-2.0486,-3.8621
0.67121,-2.0514,-4.0428
0.6742,-2.0405,-4.2103
0.59343,-2.0282,-4.3625
0.5508,-2.0056,-4.5005
0.46068,-1.9749,-4.6219
0.37131,-1.9485,-4.7284
0.35111,-1.9144,-4.8205
0.30961,-1.8884,-4.8991
0.30699,-1.8624,-4.966
0.38365,-1.8268,-5.0208
0.38365,-1.7854,-5.0631
0.43263,-1.7427,-5.0921
0.45544,-1.6974,-5.1087
0.33765,-1.6525,-5.1147
0.25539,-1.6063,-5.1094
0.10992,-1.5565,-5.0939
-0.10285,-1.5089,-5.0688
-0.23522,-1.4597,-5.0337
-0.34591,-1.4094,-4.9905
-0.40125,-1.3538,-4.9386
-0.43715,-1.2925,-4.8773
-0.44276,-1.2353,-4.8074
-0.39601,-1.1788,-4.7295
-0.39975,-1.1233,-4.6453
-0.40162,-1.0556,-4.5534
-0.44014,-0.98651,-4.4526
-0.46145,-0.93001,-4.3456
-0.47716,-0.87137,-4.2325
-0.53175,-0.80931,-4.1141
-0.49062,-0.73372,-3.9897
-0.48389,-0.6787,-3.8589
-0.45996,-0.62472,-3.727
-0.36161,-0.52922,-3.5885
-0.32534,-0.45307,-3.4387
-0.30216,-0.40271,-3.2873
-0.30216,-0.33251,-3.1347
-0.32571,-0.24975,-2.974
-0.33693,-0.17382,-2.8082
-0.31936,-0.068542,-2.636
-0.28234,0.019432,-2.4538
-0.21877,0.11157,-2.2658
-0.12453,0.19832,-2.0719
-0.053861,0.28314,-1.8763
0.035137,0.39692,-1.6721
0.12077,0.45254,-1.4678
0.14657,0.60197,-1.26
0.15554,0.66137,-1.0477
0.1533,0.79219,-0.8376
0.10245,0.8707,-0.61361
0.028406,0.92067,-0.40546
0.015692,1.1687,-0.16627
0.02691,0.48187,0.0056468
0.054956,-0.062255,-0.00022439
0.12039,0.13104,-0.0087013
0.19518,0.021423,-0.00070804
0.20715,0.042833,-0.0067779
0.18509,0.037907,-0.00074553
0.22472,0.015057,-0.0047459
0.17873,0.036171,-0.0019415
0.14694,0.0021566,-0.0023539
0.17387,0.030882,-0.002204
0.12226,0.0074015,-0.000888
0.089732,0.011488,-0.0017203
0.080383,0.01166,-0.00016816
0.075148,0.0092572,-0.00057307
0.081879,0.0042785,0.00036423
0.10992,0.0051558,0.00067916
0.10506,0.0084699,0.0012865
0.068043,0.0012006,0.001534
0.062808,0.010356,0.0018976
0.047103,0.0033675,0.0032323
0.072905,0.0063217,0.0040347
0.10768,0.0045785,0.0051182
0.16003,0.005482,0.0063366
0.23407,0.0038174,0.007019
0.24716,0.0015792,0.0073452
0.25501,0.0056019,0.0083874
0.25389,-0.0081044,0.0082412
0.22435,0.0040686,0.0092722
0.17349,-0.0053489,0.009306
0.13984,0.0046834,0.0096959
0.093097,-0.0066798,0.011019
0.055329,0.00060075,0.0096247
0.043737,0.0045447,0.012751
0.027658,-0.01835,0.010015
0.069165,0.021599,0.01331
0.1189,-0.041501,0.011589
0.14582,0.044487,0.011893
0.13535,-0.046554,0.015226
0.1275,0.023702,0.0076376
0.082253,-0.003347,0.022267
0.055703,-0.070567,-0.0045434
0.055329,1.5047,0.12527
0.07627,2.2843,0.50954
0.2165,1.8148,0.86526
0.16751,1.9581,1.1955
0.2666,1.8969,1.5265
0.3642,1.9088,1.8232
0.19668,1.9445,2.1146
0.40982,1.9199,2.3819
0.42628,1.9873,2.6428
0.34588,1.9752,2.8908
0.53995,2.0062,3.1254
0.4704,1.9896,3.3453
0.51153,2.0188,3.5521
0.64279,2.0412,3.7538
0.65363,2.0318,3.9422
0.68504,2.0278,4.1182
0.64204,2.0106,4.2794
0.57847,1.9973,4.4257
0.5134,1.964,4.5569
0.39038,1.9405,4.6719
0.30774,1.9107,4.7728
0.29054,1.8721,4.8591
0.24192,1.8463,4.9317
0.30101,1.8106,4.9924
0.37056,1.7805,5.0419
0.37467,1.7397,5.0788
0.45843,1.6815,5.1025
0.41805,1.6462,5.1141
0.30587,1.601,5.1145
0.2165,1.5522,5.1048
0.023919,1.5092,5.0852
-0.14473,1.454,5.0556
-0.27673,1.4052,5.0177
-0.36759,1.357,4.9714
-0.41695,1.2994,4.9159
-0.45622,1.2304,4.851
-0.41434,1.1746,4.7772
-0.41546,1.1212,4.6952
-0.42144,1.0621,4.6069
-0.40349,1.0086,4.5125
-0.45846,0.93846,4.4096
-0.47903,0.86715,4.2987
-0.49025,0.81051,4.1816
-0.51418,0.75121,4.0602
-0.46444,0.67677,3.9327
-0.43416,0.62563,3.8012
-0.40424,0.56351,3.6676
-0.31038,0.46394,3.524
-0.27935,0.40402,3.3727
-0.30178,0.35627,3.2217
-0.31786,0.27224,3.0663
-0.34591,0.19253,2.9032
-0.36759,0.11321,2.7364
-0.38143,0.011447,2.5609
-0.36012,-0.069165,2.3772
-0.28121,-0.16278,2.1884
-0.19334,-0.24049,1.994
-0.10172,-0.3415,1.7967
0.015318,-0.42868,1.5911
0.11067,-0.51671,1.3873
0.14134,-0.65607,1.1756
0.14807,-0.69129,0.96605
0.13049,-0.85943,0.75152
0.055329,-0.86855,0.53106
0.009709,-1.0409,0.31967
-0.0097358,-1.094,0.078291
-0.0041267,-0.24245,-0.037079
0.058695,-0.003077,-0.011329
0.129,-0.14895,-0.016402
0.18209,-0.027506,-0.01647
0.16788,-0.089462,-0.014411
0.17536,-0.040492,-0.018067
0.16452,-0.052781,-0.014437
0.12039,-0.051495,-0.018314
0.14283,-0.034355,-0.016222
0.12675,-0.04745,-0.017714
0.08674,-0.027089,-0.017651
0.075148,-0.045966,-0.017872
0.091975,-0.031779,-0.018989
0.13086,-0.032278,-0.018423
0.14769,-0.034033,-0.019439
0.15031,-0.030688,-0.019638
0.11404,-0.031348,-0.020009
0.042616,-0.02586,-0.020035
0.0059696,-0.030486,-0.020792
0.0074654,-0.035184,-0.022041
0.020179,-0.033808,-0.023113
0.057573,-0.028552,-0.02414
0.13086,-0.028589,-0.025254
0.18135,-0.02625,-0.025408
0.19518,-0.029635,-0.026075
0.22435,-0.0218,-0.027106
0.21687,-0.020821,-0.026622
0.1791,-0.026295,-0.028096
0.16975,-0.022246,-0.027473
0.13161,-0.028945,-0.028688
0.083001,-0.0062599,-0.028771
0.040746,-0.041249,-0.02901
0.023545,-0.010957,-0.0309
0.044111,-0.024701,-0.028126
0.08861,-0.02863,-0.032722
0.15255,0.0076976,-0.027904
0.12376,-0.064767,-0.033318
0.11853,0.04428,-0.029472
0.094593,-0.11806,-0.030979
0.05159,0.11129,-0.03505
0.051216,-0.30196,-0.02188
-0.03292,-1.9454,-0.25214
0.11329,-2.0814,-0.6545
0.14769,-1.8148,-0.98955
0.13386,-1.9802,-1.3272
0.48947,-1.8685,-1.6434
0.46778,-1.9491,-1.9364
0.49321,-1.92,-2.2198
0.70075,-1.9546,-2.4824
0.47003,-1.9945,-2.7411
0.50555,-1.9924,-2.9834
0.55491,-2.0106,-3.214
0.40646,-2.0003,-3.428
0.53771,-2.0432,-3.6336
0.58819,-2.046,-3.8317
0.5953,-2.0464,-4.0156
0.6383,-2.0362,-4.1868
0.57436,-2.022,-4.3427
0.49695,-2.0049,-4.4848
0.43263,-1.9747,-4.6109
0.33354,-1.9457,-4.7212
0.31148,-1.9149,-4.8172
0.30998,-1.8875,-4.8991
0.27707,-1.856,-4.9688
0.36383,-1.8269,-5.0271
0.38888,-1.7873,-5.073
0.42216,-1.7426,-5.1058
0.48498,-1.6983,-5.1261
0.39225,-1.6496,-5.1347
0.27371,-1.6085,-5.1325
0.14096,-1.5614,-5.1202
-0.05947,-1.5077,-5.0978
-0.23073,-1.46,-5.0658
-0.32459,-1.4108,-5.0251
-0.38143,-1.3578,-4.9756
-0.41658,-1.2984,-4.9165
-0.41359,-1.239,-4.8491
-0.39489,-1.1852,-4.7735
-0.38816,-1.1271,-4.6904
-0.3646,-1.0635,-4.6005
-0.37433,-0.99849,-4.5021
-0.41808,-0.93724,-4.3963
-0.43116,-0.87567,-4.2846
-0.49025,-0.81519,-4.1671
-0.50894,-0.74326,-4.0445
-0.47604,-0.67548,-3.9147
-0.4723,-0.63234,-3.7826
-0.40162,-0.55112,-3.6467
-0.35301,-0.45815,-3.499
-0.35114,-0.40928,-3.3469
-0.33132,-0.34793,-3.1954
-0.33656,-0.2594,-3.0367
-0.34217,-0.1914,-2.8713
-0.3489,-0.094767,-2.7017
-0.32945,0.0085449,-2.5214
-0.25616,0.086614,-2.3345
-0.19371,0.18359,-2.1417
-0.11818,0.25441,-1.9461
-0.00076128,0.36563,-1.7444
0.087488,0.43248,-1.5379
0.13498,0.55857,-1.3325
0.17948,0.66129,-1.1184
0.18209,0.73431,-0.90999
0.11292,0.88182,-0.68723
0.055329,0.86458,-0.47398
0.019805,1.1506,-0.24729
-0.0033789,0.80022,-0.028276
0.034389,-0.01414,0.011912
0.078888,0.07299,-0.012327
0.16676,0.075911,0.00022176
0.22996,0.014378,-0.0066092
0.19593,0.065804,-0.0023277
0.20266,0.0068653,-0.0034112
0.19144,0.047557,-0.0034299
0.1548,0.013302,-0.0013117
0.15629,0.019601,-0.003145
0.13685,0.018277,-0.00060681
0.087114,0.0042935,-0.0016641
0.06393,0.013587,-0.00035561
0.10095,0.007274,-0.00027313
0.12563,0.0076751,-7.0677e-05
0.12638,0.0028764,0.00085537
0.12825,0.0019804,0.0011665
0.093471,-0.0016786,0.001579
0.044485,0.0070528,0.0016164
0.0048478,0.0060556,0.0024675
0.021301,-0.000344,0.0029287
0.060565,0.0040873,0.0033673
0.097584,0.0016467,0.003851
0.16975,-0.0066686,0.0038809
0.18957,-0.005229,0.0038622
0.20977,-0.0005202,0.0039597
0.21612,-0.0038418,0.0040047
0.17948,-0.0047791,0.0040084
0.16751,-0.0043179,0.0039784
0.11965,-0.0049403,0.0039634
0.054956,-0.0053677,0.0039559
0.041868,-0.0049365,0.0039259
0.052712,-0.007036,0.0040871
0.056077,-0.0084831,0.0042146
0.080757,-0.0050678,0.0041509
0.12226,-0.0058063,0.0041696
