0.065426,-0.0084756,0.001384
0.066174,-0.014924,0.001234
0.054582,-0.012213,0.001294
0.061686,-0.0038306,0.0017627
0.050468,-0.01378,0.0022238
0.046355,-0.010174,0.0025462
0.064304,-0.0028033,0.0028987
0.063182,-0.01173,0.0029699
0.067669,-0.005945,0.0034273
0.060565,-0.011224,0.0035698
0.048972,-0.0066686,0.0034535
0.05159,-0.0075421,0.0041546
0.058695,-0.015389,0.0034385
0.060191,0.0056769,0.0044546
0.057199,-0.025871,0.003806
0.063556,0.012942,0.0043608
0.063556,-0.024495,0.0047995
0.064678,-0.0082019,0.0029174
0.055703,-0.00048646,0.0058005
0.060939,-0.036582,0.0025087
0.055703,0.048303,0.0064079
0.056451,-0.099532,0.0022351
0.050842,0.098461,0.0052231
0.062808,-0.19565,0.0040047
0.056077,0.40609,0.0030711
0.071409,2.586,0.16072
0.21276,2.8577,0.39009
0.16078,2.5366,0.56462
0.28418,2.6264,0.73874
0.41356,2.4209,0.89346
0.22024,2.4386,1.0348
0.32195,2.3068,1.1589
0.28194,2.3147,1.2593
0.12526,2.2815,1.3495
0.21874,2.2124,1.4236
0.12974,2.205,1.4874
0.047477,2.1331,1.5366
0.13909,2.1081,1.5736
0.11628,2.0451,1.6009
0.034763,2.0116,1.6191
0.11703,1.9519,1.6282
0.10544,1.8592,1.6272
-0.011232,1.7923,1.6168
0.024293,1.7167,1.5956
-0.065079,1.6316,1.5674
-0.11145,1.5364,1.5313
-0.08415,1.4413,1.4873
-0.10621,1.3496,1.4386
-0.046756,1.2406,1.3809
-0.054982,1.1276,1.3158
-0.032546,1.0224,1.2445
-0.074427,0.92654,1.17
-0.12304,0.80336,1.0922
-0.13239,0.67988,1.0066
-0.20082,0.55719,0.91831
-0.24382,0.44867,0.82776
-0.28383,0.3233,0.73519
-0.28495,0.16439,0.63302
-0.28047,0.069193,0.53052
-0.20269,-0.13326,0.41961
-0.089011,-0.23857,0.30084
-0.011232,-0.44794,0.18091
0.03738,-0.59494,0.045129
0.10843,-0.12381,-0.0095448
0.10992,0.02122,0.0075514
0.056825,-0.073195,0.0030524
0.126,-0.0010638,0.0042446
0.062434,-0.041234,0.0047582
0.069539,-0.015434,0.0033673
0.12339,-0.024889,0.0051032
0.058695,-0.021488,0.0029774
0.13909,-0.0097765,0.0044546
0.14919,-0.021822,0.0033898
0.15966,-0.009649,0.003716
0.21388,-0.017406,0.0034048
0.22622,-0.010099,0.0028087
0.21463,-0.013162,0.0032023
0.16602,-0.012266,0.0026062
0.1907,-0.0082057,0.002685
0.16938,-0.012637,0.0023063
0.19518,-0.011137,0.0021676
0.215,-0.0086855,0.0019951
0.20191,-0.0092217,0.0015902
0.23258,-0.009679,0.0016914
0.16863,-0.010549,0.001309
0.15741,-0.0089105,0.0011553
0.129,-0.0068635,0.0015265
0.063182,-0.0080182,0.00099034
0.026162,-0.0091954,0.0011028
-0.014223,-0.013297,0.0015377
-0.038155,-0.011167,0.00096784
-0.094246,-0.0070247,0.0010616
-0.069192,-0.0035194,0.001369
-0.050121,-0.0068935,0.0011216
-0.044886,-0.0091429,0.0011516
0.013822,-0.0034969,0.0014177
0.0018563,-0.013443,0.0013428
0.003726,-0.01128,0.0011403
-0.0037528,-0.002241,0.0012115
-0.051243,-0.0059225,0.0013315
-0.044138,-0.0027584,0.0013428
-0.044512,-0.0034969,0.0013615
-0.040773,-0.0024359,0.0013615
-0.0071182,-0.0020685,0.0013615
0.016814,-0.0055814,0.0014815
0.044485,-0.0027621,0.0012865
0.057199,-0.0026384,0.0011553
0.088236,-0.0027096,0.0013803
0.13947,-0.0024547,0.0013165
0.1432,-0.0068373,0.0011366
0.14171,-0.011325,0.00061167
0.15779,-0.0056114,0.00013553
0.14956,-0.0061175,-8.5674e-05
0.14395,-0.007051,-0.00061056
0.16489,-0.0035719,-0.00071553
0.18583,-0.010841,-0.0012667
0.19817,-0.0050865,-0.0011054
0.19032,-0.0092029,-0.0013904
0.16714,-0.0016936,-0.001784
0.13498,-0.012491,-0.0012217
0.097958,-0.0086593,-0.0023727
0.099828,0.0012681,-0.0011129
0.07814,-0.020251,-0.0027888
0.035885,0.013505,-0.0013454
0.042616,-0.026546,-0.001979
0.052338,0.011927,-0.0027663
0.027658,-0.024952,-0.00037811
0.025414,-0.0010713,-0.0050308
0.050842,0.014221,0.0025612
0.018684,-0.066203,-0.0075653
0.036259,0.14376,0.0076938
-0.022824,-0.83487,-0.038781
-0.016093,-1.8854,-0.28211
0.03065,-1.6595,-0.53105
-0.081532,-1.7079,-0.73112
0.13273,-1.767,-0.93051
0.1634,-1.7905,-1.0973
0.15554,-1.8737,-1.2504
0.38477,-1.8434,-1.3748
0.22771,-1.9145,-1.4807
0.27072,-1.9199,-1.5728
0.32905,-1.9479,-1.6478
0.22846,-1.9399,-1.7102
0.28418,-1.9243,-1.7555
0.23332,-1.9239,-1.7906
0.2423,-1.8984,-1.8144
0.18845,-1.8846,-1.8289
0.17275,-1.8457,-1.8336
0.16788,-1.8021,-1.8263
0.084123,-1.7498,-1.8083
0.126,-1.6846,-1.7797
0.063556,-1.6238,-1.7425
0.033267,-1.5578,-1.699
0.013074,-1.4724,-1.6487
0.036633,-1.3741,-1.5899
0.044485,-1.2783,-1.5228
0.0052217,-1.18,-1.4513
0.051964,-1.0642,-1.3732
-0.026189,-0.9731,-1.2915
-0.048999,-0.84601,-1.2065
-0.11332,-0.71601,-1.1124
-0.16417,-0.62485,-1.0183
-0.18063,-0.48831,-0.92117
-0.23821,-0.37079,-0.82059
-0.21316,-0.21176,-0.71339
-0.224,-0.097867,-0.60138
-0.19297,0.083578,-0.48526
-0.17651,0.23736,-0.35583
-0.14286,0.37253,-0.23257
-0.065079,0.65549,-0.087876
-0.015345,0.29624,0.0083912
-0.0089879,-0.057366,-0.00022439
0.014944,0.066415,-0.0040298
0.091975,0.0069478,-0.00015316
0.075522,0.018195,-0.0036436
0.084123,0.017827,-0.00053182
0.072531,-0.00024277,-0.0028863
0.074026,0.01253,-0.00095548
0.14171,-0.0031258,-0.0017503
0.10992,0.013696,-0.0014204
0.13012,-0.00081637,-0.00068929
0.1619,0.0043835,-0.0012967
0.17462,-0.0023872,-0.00059556
0.19817,0.0012118,-0.00072303
0.21238,0.0038436,-0.00014566
0.25875,-0.004093,-0.00035186
0.25277,0.0029289,-6.9411e-06
0.28642,-0.0018324,0.0002555
0.28007,0.00082944,0.00018802
0.23856,-0.002316,0.0007054
0.25688,-0.0055401,0.00096784
0.21874,-0.00014155,0.0013503
0.21238,-0.0018998,0.0013615
0.17312,-0.0026871,0.0012828
0.10469,-0.0051352,0.0015602
0.085992,-0.005915,0.0013728
0.019431,-0.0023197,0.0011628
-0.015345,-0.0050565,0.0013615
-0.027311,-0.0053902,0.0015452
-0.07181,-0.0041043,0.001339
-0.091254,-0.0050378,0.001309
-0.070314,-0.0028333,0.0014815
-0.047504,-0.0074784,0.001204
-0.051243,-0.0065336,0.0011703
-0.031424,-0.00097383,0.0015752
-0.02058,-0.0028446,0.0021413
-0.029928,-0.0014087,0.0027
-0.039277,-0.0001453,0.0032061
-0.067322,-0.00011156,0.0039409
-0.062087,-0.0023047,0.0039259
-0.076671,-0.001255,0.0047283
-0.076671,-0.0089142,0.0052344
-0.032546,-0.0018511,0.0051294
-0.0033789,-0.0057988,0.0063217
0.033641,-0.0036656,0.0054443
0.05346,0.0053657,0.0070415
0.097584,-0.017612,0.0061529
0.11254,0.01331,0.0071165
0.13348,-0.020083,0.0073977
0.18396,0.015136,0.0059317
0.18284,-0.013829,0.0092572
0.20117,-0.01086,0.004777
0.20042,0.023492,0.010989
0.21463,-0.064486,0.003671
0.18322,0.097295,0.011608
0.19892,-0.194,0.0042671
0.1806,0.60359,0.018364
0.18509,2.2386,0.28565
0.31447,2.2435,0.64411
0.14395,2.2117,0.93147
0.28306,2.4065,1.2189
0.38813,2.442,1.4718
0.21463,2.6649,1.7098
0.47938,2.7344,1.9306
0.43114,2.9021,2.1283
0.44909,2.9605,2.312
0.69402,2.9076,2.4775
0.64765,2.8496,2.6365
0.75946,2.7865,2.7794
0.71346,2.7264,2.9078
0.78451,2.6619,3.0214
0.76506,2.615,3.1223
0.58557,2.5226,3.2138
0.52986,2.4394,3.2945
-0.27785,2.3521,3.3634
0.083749,2.2872,3.4174
0.3384,2.2141,3.4592
-1.0216,2.1116,3.491
-0.55681,2.0509,3.5118
-0.35675,1.9737,3.5237
-0.62374,1.8748,3.527
0.29839,1.806,3.5208
0.22958,1.7595,3.5067
0.55566,1.7057,3.4845
0.48162,1.624,3.4533
-0.4278,1.5276,3.4137
-0.084523,1.4386,3.3652
-0.045634,1.3624,3.3079
-0.018336,1.2825,3.2429
0.10058,1.2044,3.1709
-0.43341,1.1229,3.0936
-0.38779,1.0302,3.0089
-0.42817,0.95236,2.9148
-0.4708,0.87494,2.8149
-0.18362,0.7957,2.7097
-0.27187,0.72693,2.6013
-0.51119,0.63249,2.488
-0.89672,0.54081,2.3656
-1.0437,0.47985,2.2425
-0.78341,0.37808,2.1166
-0.3818,0.28684,1.9821
0.055703,0.19516,1.8438
0.32344,0.086626,1.6985
0.34513,-0.025087,1.5465
0.18808,-0.15648,1.3839
0.028406,-0.23035,1.2202
-0.042268,-0.37936,1.0505
-0.084523,-0.45388,0.87463
-0.059096,-0.58091,0.70101
-0.12379,-0.67915,0.51458
-0.40162,-0.75368,0.33951
-0.3848,-1.0009,0.13629
-0.17427,-0.44022,-0.010891
0.086366,0.047396,-0.0059306
0.45806,-0.11158,0.0017477
0.70411,-0.03154,-0.0050721
0.78189,-0.052414,0.00060417
0.49471,-0.04204,-0.004281
0.28717,-0.021863,-0.0011354
0.19294,-0.049662,-0.0035237
0.10544,-0.015325,-0.00316
0.30437,-0.035502,-0.0031262
0.30026,-0.017335,-0.0042023
0.27259,-0.026988,-0.0035012
0.21949,-0.024214,-0.0044909
0.016814,-0.01732,-0.0042285
-0.022824,-0.020716,-0.0051246
-0.050121,-0.017267,-0.0050421
0.012327,-0.020262,-0.0055107
0.0022302,-0.012746,-0.0059156
-0.1021,-0.018238,-0.0062081
-0.15707,-0.015224,-0.0067967
-0.19857,-0.012393,-0.0066505
-0.11631,-0.016247,-0.0072541
0.048972,-0.012768,-0.0078989
0.29689,-0.01158,-0.0078127
0.37991,-0.01005,-0.0077265
0.22024,-0.010058,-0.0078577
0.019805,-0.0083481,-0.0076552
-0.20755,-0.0080482,-0.007539
-0.34553,-0.011512,-0.007794
-0.30963,-0.012603,-0.0079477
-0.20044,-0.012813,-0.0087125
-0.12865,-0.0093304,-0.0093761
-0.053487,-0.011707,-0.0097848
-0.011232,-0.0082169,-0.010561
0.04972,-0.010305,-0.010816
0.21537,-0.01161,-0.011933
0.3571,-0.0051277,-0.011824
0.43824,-0.023277,-0.012375
0.41543,-0.0021885,-0.012975
0.25426,-0.013368,-0.01269
0.069913,-0.010931,-0.014456
-0.024319,-0.0017049,-0.012833
-0.038903,-0.022943,-0.01518
0.022797,0.011435,-0.013361
0.1002,-0.033538,-0.01485
0.12451,0.021966,-0.015056
0.093845,-0.034351,-0.01317
0.034763,0.0095009,-0.018539
0.011205,-0.00044897,-0.0094548
0.0055957,-0.055563,-0.023252
0.099828,0.14221,-0.0012479
0.096089,-1.1396,-0.080067
0.12937,-2.2085,-0.41839
0.19967,-1.8056,-0.76775
0.044111,-1.805,-1.0725
0.31559,-1.7782,-1.3763
0.56015,-1.7695,-1.6462
0.53098,-1.8339,-1.9129
0.71757,-1.7972,-2.1571
0.56389,-1.8533,-2.3884
0.3298,-1.8362,-2.6031
0.28343,-1.8802,-2.8013
0.20902,-1.8735,-2.9871
0.23258,-1.8604,-3.1507
0.3556,-1.8618,-3.2983
0.52425,-1.8434,-3.4285
0.54519,-1.8457,-3.5457
0.50555,-1.8237,-3.6492
0.47938,-1.8045,-3.7381
0.44161,-1.7716,-3.8125
0.43226,-1.7318,-3.8706
0.3313,-1.7068,-3.9161
0.21164,-1.6707,-3.9501
0.19144,-1.6277,-3.9714
0.13348,-1.5906,-3.9807
0.035885,-1.5479,-3.9808
0.14246,-1.4996,-3.9715
0.038128,-1.454,-3.9528
-0.28757,-1.4102,-3.9264
-0.18137,-1.3572,-3.8907
0.062808,-1.3063,-3.844
0.099828,-1.2526,-3.7873
0.0085872,-1.1869,-3.722
-0.14585,-1.1321,-3.65
-0.21615,-1.0749,-3.5714
-0.19072,-1.002,-3.4838
-0.1092,-0.93939,-3.3874
-0.072557,-0.87495,-3.2853
-0.16978,-0.79371,-3.1763
-0.27935,-0.7365,-3.0618
-0.43864,-0.66459,-2.9438
-0.55195,-0.57368,-2.8176
-0.43303,-0.51187,-2.6865
-0.30926,-0.44542,-2.5539
-0.24382,-0.3602,-2.4172
-0.26514,-0.26238,-2.2723
-0.42331,-0.1822,-2.1225
-0.54596,-0.065618,-1.9668
-0.52465,0.032711,-1.8006
-0.34478,0.13598,-1.6299
-0.14996,0.24962,-1.4511
0.032893,0.3372,-1.2723
0.13386,0.47554,-1.0858
0.11217,0.52459,-0.90014
0.13049,0.69117,-0.71065
0.16527,0.72817,-0.5123
0.25239,0.88396,-0.32342
0.30063,1.0049,-0.10355
0.28343,0.24733,0.01202
0.27259,-0.035139,-0.009931
0.12301,0.11392,-0.0072278
0.052712,-0.00080887,-0.0056569
0.14956,0.057361,-0.0082401
0.26885,0.019447,-0.0041873
0.43675,0.024838,-0.0077265
0.49882,0.028808,-0.0040036
0.43637,0.0040198,-0.0057357
0.33279,0.022214,-0.0045359
0.16302,0.004226,-0.0042248
0.11067,0.017438,-0.0042772
0.13386,0.0058231,-0.0030588
0.094593,0.01127,-0.0035387
0.11366,0.0071465,-0.0026501
0.059443,-0.0040068,-0.0026464
-0.054982,0.0086724,-0.0021777
-0.083028,0.0060893,-0.0016078
-0.051617,0.0041998,-0.0014016
0.02504,0.0022803,-0.0011617
0.060565,0.0031913,-0.00045684
0.060565,0.0057107,0.00036423
-0.031424,0.0050321,0.0012565
-0.14996,0.0051858,0.0020963
-0.1552,0.0051221,0.0026512
-0.11481,0.0024415,0.0034011
-0.025441,-0.00074514,0.0035623
0.03065,0.0055232,0.0046645
0.042616,-0.0026234,0.0048032
0.039624,0.005302,0.0050994
-0.044886,-0.002271,0.0062879
-0.086019,-0.00017904,0.0056618
-0.036659,0.0029626,0.0076751
0.0089611,-0.0093041,0.0063104
0.023545,0.015379,0.0083537
0.051216,-0.028424,0.0076676
0.070661,0.02182,0.0077276
0.080383,-0.020555,0.010142
0.1376,0.007154,0.0059017
0.1978,0.0062205,0.013171
0.28717,-0.043236,0.0037985
0.29839,0.091147,0.016088
0.2681,-0.2032,0.00036048
0.19892,0.87155,0.042235
0.12825,2.2918,0.3671
0.22771,1.9593,0.7502
0.13535,1.8832,1.0757
0.24492,1.9382,1.4151
0.45357,1.8675,1.7191
0.25539,1.9495,2.0143
0.36944,1.9062,2.2898
0.47713,1.9957,2.5515
0.33354,2.0018,2.8046
0.44086,2.0235,3.0384
0.51453,2.0594,3.2612
0.479,2.1005,3.4701
0.54033,2.1418,3.6721
0.56314,2.1377,3.8601
0.50667,2.161,4.0338
0.52126,2.1589,4.1928
0.52649,2.1693,4.3371
0.52275,2.1641,4.4683
0.50443,2.1367,4.5811
0.4547,2.119,4.6775
0.3829,2.0869,4.7599
0.18658,2.0743,4.8299
0.082253,2.054,4.8895
0.13012,2.0018,4.9356
0.2782,1.967,4.9679
0.31858,1.9189,4.9868
0.28119,1.8724,4.9932
0.27483,1.8417,4.9899
0.055703,1.7802,4.9766
-0.03105,1.7286,4.952
-0.066574,1.6879,4.9184
-0.19446,1.6394,4.8769
-0.21503,1.5962,4.8274
-0.24943,1.5464,4.7702
-0.27149,1.4848,4.7038
-0.29991,1.4181,4.6282
-0.22064,1.3636,4.5434
-0.10846,1.3066,4.4508
-0.085645,1.2435,4.351
-0.089759,1.182,4.246
-0.19147,1.0979,4.1346
-0.33805,1.0238,4.0135
-0.48539,0.9636,3.8871
-0.52166,0.88447,3.7557
-0.51306,0.82538,3.6204
-0.5082,0.7581,3.4841
-0.43528,0.66013,3.339
-0.4091,0.59568,3.1878
-0.3919,0.53044,3.038
-0.35189,0.4244,2.8817
-0.28533,0.33902,2.7186
-0.24569,0.24579,2.5522
-0.19932,0.13972,2.3772
-0.11967,0.030267,2.1951
-0.15108,-0.06705,2.0065
-0.13912,-0.16503,1.8169
-0.053861,-0.29235,1.6187
0.019057,-0.36247,1.4199
0.11965,-0.51726,1.2189
0.18434,-0.59418,1.0115
0.19219,-0.71683,0.80749
0.12825,-0.8237,0.58941
0.087114,-0.87954,0.38585
0.046729,-1.1478,0.15407
0.0089611,-0.55137,-0.022697
0.081505,0.033817,-0.023192
0.093471,-0.13823,-0.012027
0.14844,-0.051361,-0.020706
0.23332,-0.059515,-0.014164
0.17761,-0.062251,-0.019821
0.2236,-0.032233,-0.016342
0.26773,-0.06272,-0.018888
0.24155,-0.025061,-0.01861
0.25202,-0.054847,-0.018374
0.14807,-0.038561,-0.019829
0.052338,-0.036814,-0.018775
-0.0048746,-0.034273,-0.020391
-0.078166,-0.029762,-0.019945
-0.065453,-0.032432,-0.020609
-0.02245,-0.026238,-0.020905
-0.0030049,-0.032244,-0.021628
0.013074,-0.024581,-0.022045
0.038876,-0.025815,-0.021913
0.056451,-0.026628,-0.022746
0.074774,-0.025545,-0.023398
0.10469,-0.028432,-0.024706
0.11516,-0.025181,-0.025704
0.12413,-0.024045,-0.026596
0.1088,-0.023577,-0.027218
0.066922,-0.026853,-0.027308
0.058695,-0.024619,-0.028673
0.056077,-0.017994,-0.028298
0.051216,-0.024551,-0.029187
0.06206,-0.013608,-0.029528
0.057947,-0.030692,-0.029644
0.035511,-0.012221,-0.031226
0.017562,-0.016375,-0.029659
0.0085872,-0.026685,-0.032658
0.047103,-0.0032457,-0.030075
0.081505,-0.041339,-0.032985
0.11217,0.021824,-0.03159
0.13947,-0.055327,-0.031414
0.15816,0.025059,-0.035485
0.15554,-0.039975,-0.027537
0.093471,-0.020806,-0.042163
0.1275,0.070636,-0.015472
0.033641,-1.4255,-0.13782
0.05346,-2.2409,-0.52079
0.096837,-1.8125,-0.88073
-0.11556,-1.9385,-1.2106
0.2049,-1.8901,-1.5426
0.32756,-1.898,-1.8403
0.22697,-1.9299,-2.1318
0.58183,-1.9216,-2.3987
0.3829,-2.0039,-2.6601
0.24791,-1.9934,-2.9072
0.42777,-2.0354,-3.1378
0.27558,-2.0496,-3.3572
0.39973,-2.0937,-3.5645
0.53883,-2.1214,-3.7642
0.53135,-2.122,-3.9484
0.54818,-2.1347,-4.1188
0.50331,-2.1386,-4.2758
0.50705,-2.1367,-4.4188
0.45133,-2.1144,-4.5444
0.44647,-2.1,-4.6527
0.46965,-2.0871,-4.7461
0.41992,-2.0762,-4.8254
0.40496,-2.067,-4.8929
0.47788,-2.0509,-4.948
0.53584,-2.0227,-4.9891
0.57548,-1.9848,-5.0156
0.62783,-1.9548,-5.0287
0.57323,-1.9217,-5.0307
0.43226,-1.882,-5.0216
0.2322,-1.8461,-5.0012
0.060191,-1.8064,-4.9711
-0.09088,-1.7642,-4.932
-0.18997,-1.7187,-4.8846
-0.17128,-1.6682,-4.8299
-0.22812,-1.6094,-4.7672
-0.24793,-1.5454,-4.6949
-0.21353,-1.4839,-4.6131
-0.26027,-1.4158,-4.5237
-0.23859,-1.3502,-4.4282
-0.24681,-1.2885,-4.327
-0.28832,-1.2152,-4.219
-0.30403,-1.1348,-4.103
-0.43303,-1.0639,-3.9803
-0.49885,-0.98784,-3.8523
-0.49324,-0.91066,-3.7184
-0.53512,-0.84843,-3.5815
-0.49174,-0.75794,-3.4407
-0.43378,-0.66791,-3.2917
-0.44051,-0.61509,-3.1409
-0.45921,-0.52974,-2.9895
-0.46519,-0.42875,-2.83
-0.44724,-0.34107,-2.6654
-0.41396,-0.23777,-2.495
-0.35339,-0.13156,-2.3175
-0.27299,-0.011074,-2.131
-0.19708,0.071341,-1.9405
-0.10285,0.19183,-1.7476
-0.01871,0.28726,-1.5469
0.061686,0.39224,-1.3493
0.1634,0.53542,-1.1429
0.22024,0.59177,-0.94011
0.24417,0.77398,-0.72873
0.20752,0.78736,-0.51607
0.15891,1.0208,-0.30629
0.1361,0.97389,-0.07493
0.14994,0.12538,0.011855
0.22173,0.011345,-0.016031
0.23594,0.11597,-0.0068004
0.29802,0.0043048,-0.0093011
0.32718,0.072469,-0.0089375
0.30437,0.0096359,-0.0065417
0.34962,0.029791,-0.008945
0.31073,0.022221,-0.005297
0.30811,0.011735,-0.0073928
0.29091,0.020647,-0.0054132
0.21949,0.0056319,-0.0058331
0.19406,0.019252,-0.005372
0.1174,0.0064979,-0.0046034
0.085992,0.012373,-0.0045847
0.079635,0.0039711,-0.0039736
0.057199,0.0044435,-0.0038348
0.039624,0.0098421,-0.0028038
0.0052217,0.0017629,-0.002965
-0.0052485,0.0077539,-0.0022264
-0.015345,0.011612,-0.00078677
-0.011979,0.0067641,3.0551e-05
-0.0052485,0.0023478,0.0009116
0.02504,0.0048371,0.0023813
0.047851,0.0022016,0.0027112
0.040372,0.0056882,0.0029849
0.068791,-0.0010676,0.0042371
0.050094,0.0029926,0.0040946
0.040372,0.0033638,0.0053656
0.045607,-0.0086443,0.0049195
0.031023,0.012871,0.0061454
0.042989,-0.015003,0.0062204
0.0052217,0.013385,0.0060705
0.00073447,-0.0078645,0.0082862
0.0059696,-0.0023385,0.0053544
0.003726,0.013359,0.0098984
0.088236,-0.02899,0.0054481
0.10955,0.048682,0.010341
0.14507,-0.070514,0.0077163
0.18322,0.086333,0.0076451
0.14844,-0.11335,0.013827
0.18322,0.22071,-0.0034899
0.15816,1.9413,0.21151
0.25352,2.1928,0.61351
0.22771,1.8457,0.95296
0.11591,2.0044,1.2925
0.3556,1.8932,1.6142
0.19743,1.9724,1.9117
0.092723,1.9688,2.1996
0.35972,2.0059,2.4649
0.17462,2.0606,2.7248
0.19892,2.0769,2.9676
0.42515,2.1233,3.2007
0.36383,2.1152,3.417
0.47152,2.1703,3.6214
0.60427,2.1955,3.8186
0.60203,2.2152,4.003
0.60352,2.2275,4.1754
0.58483,2.2239,4.3315
0.56912,2.2357,4.4746
0.55042,2.2174,4.6031
0.50892,2.1993,4.7149
0.5048,2.1881,4.8103
0.48386,2.1691,4.8899
0.4876,2.1677,4.9576
0.59044,2.1508,5.0139
0.62147,2.122,5.0573
0.64166,2.0915,5.0875
0.63718,2.0457,5.1026
0.54294,2.0174,5.1042
0.41281,1.9814,5.096
0.258,1.935,5.0776
0.15779,1.8981,5.0479
0.012327,1.8542,5.0088
-0.095742,1.8096,4.9619
-0.10958,1.7647,4.9075
-0.22138,1.7077,4.8456
-0.30103,1.6335,4.7751
-0.31599,1.5656,4.6957
-0.36834,1.5053,4.6079
-0.40798,1.4351,4.5121
-0.44949,1.3656,4.4097
-0.47791,1.2995,4.3023
-0.51306,1.2184,4.1892
-0.5669,1.1334,4.0671
-0.56279,1.066,3.9392
-0.56354,0.98676,3.8071
-0.58448,0.91349,3.6696
-0.5168,0.84974,3.5316
-0.50072,0.74939,3.3878
-0.57027,0.66535,3.2353
-0.57139,0.60485,3.0834
-0.5957,0.50656,2.9282
-0.65254,0.41496,2.7653
-0.63384,0.31971,2.5992
-0.56877,0.21076,2.4258
-0.53026,0.10565,2.2453
-0.46108,-0.007111,2.0575
-0.34665,-0.094579,1.8675
-0.26738,-0.22973,1.6711
-0.15071,-0.31056,1.4706
-0.029928,-0.43873,1.272
0.040746,-0.5514,1.0644
0.12526,-0.63756,0.86178
0.12488,-0.80462,0.64602
0.11853,-0.80553,0.43913
0.17088,-1.1065,0.21929
0.17162,-0.80683,0.0056243
0.26212,-0.020262,-0.036273
0.32793,-0.1052,-0.012447
0.33541,-0.10467,-0.024114
0.40459,-0.035937,-0.017992
0.36906,-0.091692,-0.021737
0.36944,-0.03019,-0.02074
0.40945,-0.066274,-0.020564
0.37766,-0.036949,-0.022547
0.35373,-0.049722,-0.020725
0.29914,-0.04288,-0.022971
0.26698,-0.031367,-0.022097
0.23482,-0.042509,-0.023222
0.19369,-0.029046,-0.023154
0.18546,-0.036593,-0.023488
0.13947,-0.034932,-0.024009
0.099454,-0.03332,-0.024332
0.065052,-0.025991,-0.025171
0.015692,-0.025597,-0.024879
-0.014223,-0.029875,-0.025745
-0.028433,-0.030985,-0.027132
-0.021328,-0.027787,-0.028122
-0.020954,-0.02836,-0.028995
0.011579,-0.029466,-0.030094
0.054208,-0.024105,-0.030221
0.032893,-0.027423,-0.03099
0.026536,-0.020139,-0.031642
0.03065,-0.02788,-0.031894
0.0011084,-0.019606,-0.032951
-0.021328,-0.02036,-0.032092
-0.045634,-0.024285,-0.034034
-0.06994,-0.010388,-0.032943
-0.082654,-0.040155,-0.034496
-0.053487,0.00345,-0.034526
-0.040399,-0.045819,-0.033708
-0.019084,-0.0088955,-0.037045
0.063556,-0.01588,-0.032257
0.08861,-0.038843,-0.039654
0.1432,0.037259,-0.030889
0.12862,-0.1174,-0.04103
0.14732,0.17338,-0.030536
0.15255,-0.70407,-0.053909
0.087862,-2.1782,-0.36053
0.27521,-1.9774,-0.75688
0.13573,-1.9001,-1.0861
0.23519,-2.008,-1.4264
0.59604,-1.938,-1.7345
0.34251,-2.0339,-2.0297
0.58258,-2.0043,-2.3063
0.6656,-2.0884,-2.5671
0.3025,-2.1126,-2.8203
0.5493,-2.1553,-3.0571
0.50929,-2.1823,-3.2844
0.47414,-2.1945,-3.4929
0.67233,-2.252,-3.6937
0.67195,-2.2673,-3.8847
0.72692,-2.2937,-4.0629
0.67158,-2.2965,-4.2278
0.70935,-2.3102,-4.3785
0.66111,-2.3138,-4.5171
0.58632,-2.29,-4.6383
0.6454,-2.2752,-4.7426
0.58894,-2.2553,-4.8316
0.60352,-2.2421,-4.9064
0.6727,-2.2303,-4.9699
0.73814,-2.2049,-5.0211
0.76319,-2.174,-5.0592
0.76207,-2.1364,-5.0838
0.69551,-2.0985,-5.0948
0.52612,-2.0601,-5.0942
0.28829,-2.0133,-5.0827
0.077392,-1.9694,-5.0602
-0.051243,-1.9227,-5.0283
-0.23073,-1.8709,-4.9871
-0.30103,-1.823,-4.9375
-0.31113,-1.7737,-4.8816
-0.39078,-1.7169,-4.818
-0.39302,-1.6478,-4.7449
-0.38592,-1.5804,-4.6632
-0.41733,-1.5128,-4.5737
-0.42556,-1.4407,-4.4771
-0.43004,-1.3758,-4.3745
-0.44724,-1.3035,-4.2657
-0.49997,-1.2188,-4.1503
-0.55793,-1.142,-4.0274
-0.55082,-1.0724,-3.899
-0.57139,-0.98787,-3.7654
-0.59794,-0.91758,-3.6281
-0.60953,-0.84231,-3.4888
-0.6918,-0.73641,-3.3408
-0.72508,-0.67372,-3.1881
-0.73368,-0.60012,-3.0368
-0.77594,-0.49285,-2.8787
-0.7692,-0.41473,-2.7146
-0.70302,-0.30652,-2.5459
-0.57737,-0.19572,-2.3699
-0.46931,-0.07589,-2.186
-0.33282,0.018941,-1.9954
-0.18923,0.12583,-1.8041
-0.12192,0.24768,-1.604
0.0059696,0.32545,-1.4056
0.081131,0.48681,-1.2022
0.091601,0.54694,-0.99704
0.11254,0.71082,-0.79158
0.067295,0.77641,-0.57468
0.076644,0.89567,-0.37136
0.096463,1.0999,-0.13647
0.13872,0.35525,0.0076489
0.25576,-0.055102,-0.0092374
0.31185,0.1261,-0.011416
0.39561,0.0096696,-0.0063018
0.43675,0.055527,-0.010797
0.42815,0.029993,-0.0057207
0.49321,0.019012,-0.0093386
0.47638,0.035437,-0.0058931
0.44796,0.0064792,-0.0071828
0.42179,0.02537,-0.0063955
0.33765,0.0059206,-0.0056082
0.25277,0.017171,-0.0058481
0.172,0.0095871,-0.0045884
0.13535,0.010123,-0.0048696
0.080757,0.0098083,-0.0038498
0.045607,0.0033525,-0.0038611
0.014944,0.0087886,-0.0028713
-0.039277,0.00351,-0.0027888
-0.053487,0.0045822,-0.0027101
-0.046756,0.0090398,-0.0013304
0.01831,0.0052083,-0.00040435
0.053086,0.0017217,0.00066041
0.081879,0.0072965,0.0018526
0.13797,-0.0001453,0.0026362
0.11404,0.0015343,0.0027899
0.11105,0.0072515,0.0039297
0.10843,-0.0042955,0.003851
0.017562,0.0033038,0.0045408
-0.028433,-0.0078383,0.0051744
-0.059844,0.0061868,0.0049682
-0.15146,-0.003287,0.0068765
-0.16829,-0.0038868,0.0051632
-0.17202,0.011885,0.0078551
-0.14884,-0.022992,0.005928
-0.063583,0.029449,0.0078776
-0.0071182,-0.035037,0.0083912
0.057199,0.030803,0.005928
0.099828,-0.026283,0.012002
0.17162,-0.011572,0.0026212
0.1634,0.054317,0.017633
0.16228,-0.16631,-0.0060693
0.16377,1.2067,0.076933
0.19556,2.3274,0.43847
0.3642,1.9109,0.8113
0.21425,1.9795,1.1404
0.3571,1.9856,1.4762
0.52612,1.974,1.7759
0.24828,2.0469,2.0696
0.51602,2.0326,2.3397
0.54444,2.1223,2.5992
0.3556,2.1326,2.8466
0.63979,2.1852,3.0799
0.61212,2.1937,3.3011
0.62409,2.2239,3.5051
0.81929,2.268,3.7033
0.84845,2.2906,3.8899
0.84995,2.3104,4.0642
0.82676,2.3036,4.2243
0.84434,2.3135,4.3693
0.77778,2.3053,4.5014
0.70112,2.2869,4.6173
0.69888,2.2669,4.716
0.67607,2.2447,4.7994
0.65924,2.23,4.8697
0.71196,2.2147,4.9289
0.7804,2.1862,4.9764
0.78488,2.1474,5.0105
0.81405,2.1035,5.0305
0.74375,2.0597,5.0365
0.54519,2.0241,5.0316
0.33504,1.9801,5.0172
0.10955,1.9281,4.9919
-0.11332,1.8787,4.9567
-0.33357,1.831,4.9136
-0.42107,1.7795,4.8627
-0.45622,1.7305,4.8042
-0.56578,1.6735,4.7381
-0.53736,1.5996,4.6633
-0.46968,1.5324,4.5791
-0.49586,1.4581,4.4868
-0.49099,1.3894,4.388
-0.51081,1.3311,4.2834
-0.56354,1.2507,4.1733
-0.62075,1.1645,4.0553
-0.68843,1.0922,3.9302
-0.72358,1.017,3.8004
-0.76546,0.93722,3.665
-0.75986,0.87403,3.5282
-0.73742,0.78461,3.3879
-0.78267,0.69263,3.2383
-0.79127,0.62872,3.087
-0.78977,0.52538,2.9346
-0.81034,0.44441,2.7747
-0.77893,0.36081,2.6108
-0.70825,0.2427,2.4405
-0.6129,0.14948,2.2635
-0.49399,0.029266,2.0786
-0.38367,-0.057025,1.8896
-0.26738,-0.18334,1.697
-0.11556,-0.28095,1.4977
0.014196,-0.38836,1.3014
0.075522,-0.52997,1.0953
0.12002,-0.59395,0.89372
0.093471,-0.77213,0.68268
0.014944,-0.78372,0.47265
0.009709,-1.0389,0.26217
-0.01011,-0.94337,0.035509
0.060565,-0.11116,-0.039474
0.19032,-0.043975,-0.011914
0.23781,-0.12694,-0.021947
0.35336,-0.02547,-0.018288
0.4102,-0.086627,-0.019379
0.46479,-0.031686,-0.020515
0.53771,-0.061697,-0.018685
0.50331,-0.046251,-0.021782
0.49545,-0.039397,-0.01957
0.40047,-0.045355,-0.021763
0.28493,-0.031637,-0.021186
0.2049,-0.040953,-0.021936
0.09908,-0.03554,-0.022269
0.083749,-0.036623,-0.022281
0.053834,-0.028885,-0.022929
0.0044739,-0.036912,-0.023109
-0.012727,-0.028488,-0.024084
-0.032546,-0.027367,-0.02384
-0.041521,-0.033725,-0.024399
-0.025815,-0.029774,-0.025569
0.035885,-0.02896,-0.026705
0.070287,-0.024795,-0.027425
0.10245,-0.036608,-0.028602
0.13386,-0.02896,-0.02931
0.13685,-0.022426,-0.02925
0.15255,-0.025552,-0.030518
0.13535,-0.019501,-0.030461
0.097584,-0.024645,-0.031425
0.038502,-0.013852,-0.031286
-0.029555,-0.030441,-0.032302
-0.090506,-0.014613,-0.033015
-0.15856,-0.030036,-0.031901
-0.181,-0.017503,-0.034522
-0.14435,-0.010035,-0.031549
-0.090133,-0.038115,-0.035755
-0.0048746,0.014356,-0.032433
0.062434,-0.068385,-0.035073
0.14096,0.040831,-0.035257
0.20042,-0.080689,-0.03132
0.18359,0.042815,-0.042815
0.22659,-0.076111,-0.017748
0.13647,-1.7065,-0.19247
0.21164,-2.1999,-0.59248
0.23183,-1.8457,-0.94042
0.077766,-2.0398,-1.2745
0.50555,-1.9686,-1.5991
0.52462,-2.0365,-1.894
0.4977,-2.0563,-2.1805
0.90529,-2.0849,-2.4425
0.60988,-2.1592,-2.6992
0.62372,-2.1735,-2.9397
0.8148,-2.2299,-3.1696
0.63045,-2.2289,-3.3838
0.79947,-2.2826,-3.5848
0.86939,-2.3146,-3.7792
0.88211,-2.3332,-3.9603
0.87912,-2.345,-4.1295
0.81667,-2.3478,-4.2836
0.88772,-2.3589,-4.4254
0.79498,-2.3368,-4.5519
0.75908,-2.3176,-4.6608
0.80956,-2.2973,-4.7542
0.73029,-2.276,-4.8325
0.7243,-2.263,-4.8992
0.77965,-2.2418,-4.9547
0.76581,-2.2108,-4.9971
0.79274,-2.1719,-5.0258
0.77105,-2.1303,-5.0416
0.64017,-2.0896,-5.0453
0.46517,-2.0461,-5.0376
0.23033,-1.9989,-5.0196
0.034015,-1.9486,-4.9917
-0.18623,-1.8983,-4.9536
-0.38255,-1.8531,-4.9075
-0.46108,-1.805,-4.8548
-0.59682,-1.7464,-4.7945
-0.70638,-1.6796,-4.7253
-0.66899,-1.6098,-4.6474
-0.64805,-1.5425,-4.5612
-0.65179,-1.4733,-4.4673
-0.59869,-1.4035,-4.3671
-0.57588,-1.336,-4.2617
-0.56354,-1.2523,-4.1498
-0.5583,-1.1701,-4.0292
-0.62823,-1.1038,-3.9033
-0.69143,-1.0162,-3.773
-0.76173,-0.94063,-3.637
-0.80959,-0.87488,-3.4991
-0.83838,-0.76856,-3.3551
-0.89747,-0.69049,-3.2037
-0.87279,-0.63232,-3.0532
-0.84287,-0.53124,-2.8984
-0.81595,-0.43929,-2.7364
-0.72471,-0.34234,-2.5708
-0.61327,-0.23817,-2.398
-0.49286,-0.11566,-2.2171
-0.36348,-0.0093641,-2.0284
-0.23111,0.082584,-1.8388
-0.17389,0.21853,-1.6412
-0.072557,0.29017,-1.4423
0.056825,0.44151,-1.242
0.10282,0.52442,-1.0358
0.17686,0.65317,-0.83413
0.14881,0.77507,-0.61734
0.10394,0.8225,-0.41533
0.129,1.1176,-0.1875
0.092349,0.55882,-0.0060169
0.13124,-0.061787,-0.0013566
0.14732,0.11163,-0.014464
0.20079,0.037772,-0.0043897
0.30138,0.034211,-0.011273
0.29315,0.043741,-0.0056644
0.40907,0.010401,-0.00881
0.48311,0.040104,-0.0067367
0.47638,-0.00077888,-0.0062793
0.48798,0.02224,-0.0066805
0.38589,0.0078476,-0.0050833
0.29615,0.012268,-0.0060056
0.19743,0.013602,-0.004446
0.1017,0.0076751,-0.0047534
0.028406,0.011188,-0.0039398
-0.039277,0.0049796,-0.0037486
-0.065079,0.010543,-0.00328
-0.097985,0.0032925,-0.0025976
-0.087889,0.0068166,-0.0025864
-0.062087,0.0098796,-0.001008
0.0074654,0.0046534,0.00024425
0.10207,0.004301,0.00095285
0.13086,0.0076976,0.002385
0.17462,0.0017517,0.0028124
0.20266,0.0012756,0.0032323
0.18172,-0.00037774,0.0042296
0.17424,0.0032063,0.0041846
0.16265,0.004466,0.0054518
0.1103,-0.0044379,0.0047732
0.064678,0.012256,0.0063666
0.017188,-0.012356,0.0063666
-0.052365,0.0076489,0.0061417
-0.079288,-0.015486,0.0084549
-0.090506,0.0012606,0.0056243
-0.098733,0.008125,0.010097
-0.02245,-0.030456,0.0055943
0.0067175,0.046256,0.010637
0.040372,-0.071137,0.0073714
0.12039,0.091664,0.0080088
0.12974,-0.12502,0.013471
0.18883,0.24496,-0.0022789
0.15891,1.9767,0.21945
0.31073,2.2039,0.62361
0.37654,1.8845,0.96359
0.24604,2.0593,1.3039
0.56837,1.9713,1.6241
0.42291,2.0725,1.9205
0.31222,2.0752,2.2072
0.68766,2.1273,2.4714
0.44834,2.1789,2.7293
0.56389,2.203,2.9687
0.79722,2.2704,3.2007
0.64017,2.2621,3.4171
0.85556,2.3023,3.6185
0.91688,2.3351,3.8117
0.92511,2.3693,3.9944
0.95203,2.3803,4.1667
0.8765,2.3809,4.3235
0.94007,2.371,4.4669
0.8765,2.3644,4.5977
0.84434,2.3714,4.7131
0.90006,2.3355,4.8114
0.84995,2.3166,4.8936
0.82602,2.2945,4.9622
0.87799,2.2755,5.0204
0.84172,2.2562,5.0672
0.79236,2.193,5.1006
0.74412,2.159,5.1212
0.59006,2.1203,5.1269
0.39075,2.0727,5.1207
0.13498,2.0378,5.1066
-0.071436,1.9764,5.0819
-0.3029,1.9264,5.0466
-0.48314,1.8804,5.0037
-0.52801,1.8167,4.9526
-0.67946,1.7603,4.8936
-0.7277,1.7072,4.828
-0.6817,1.6386,4.7543
-0.6918,1.5652,4.6718
-0.6488,1.5001,4.5812
-0.62636,1.4355,4.4843
-0.61664,1.358,4.3809
-0.6402,1.2805,4.2713
-0.70825,1.2064,4.1547
-0.74901,1.1232,4.0304
-0.79239,1.0454,3.9004
-0.85671,0.96396,3.7651
-0.8926,0.90024,3.627
-0.89036,0.82593,3.4873
-0.92401,0.71466,3.3394
-0.92663,0.6496,3.186
-0.86269,0.58318,3.0333
-0.83502,0.47928,2.8753
-0.75499,0.39746,2.711
-0.61252,0.2927,2.5419
-0.52652,0.18904,2.3657
-0.41808,0.076376,2.1828
-0.25803,-0.027768,1.9922
-0.14323,-0.12719,1.8006
-0.039277,-0.2516,1.602
0.066174,-0.32791,1.4033
0.095715,-0.48811,1.201
0.12114,-0.55485,0.99376
0.11217,-0.69624,0.78986
0.0070914,-0.80365,0.57161
0.014944,-0.87546,0.36763
0.029154,-1.1297,0.13606
0.0052217,-0.49671,-0.030761
0.13199,0.031013,-0.025677
0.20453,-0.14778,-0.016829
0.27371,-0.046989,-0.024688
0.38103,-0.067609,-0.018423
0.40758,-0.062529,-0.023863
0.45245,-0.036537,-0.020387
0.45806,-0.065607,-0.023102
0.40571,-0.029133,-0.022494
0.32344,-0.054034,-0.022734
0.22323,-0.040136,-0.024092
0.12301,-0.044781,-0.023091
0.04112,-0.039694,-0.024631
-0.0089879,-0.035266,-0.024245
-0.066574,-0.038216,-0.024946
-0.074801,-0.030257,-0.025141
-0.071062,-0.034426,-0.025719
-0.096863,-0.029924,-0.026045
-0.074427,-0.033504,-0.026326
-0.0067443,-0.037212,-0.027897
0.052712,-0.032492,-0.02901
0.099828,-0.032825,-0.02985
0.17125,-0.030134,-0.031058
0.23183,-0.023543,-0.031406
0.2595,-0.026231,-0.032066
0.27707,-0.021286,-0.032535
0.24492,-0.029725,-0.032932
0.18808,-0.01859,-0.033809
0.15068,-0.023468,-0.03294
0.075896,-0.02827,-0.035268
0.0029781,-0.0074334,-0.034143
-0.026563,-0.037864,-0.035617
-0.044512,0.0021978,-0.035545
-0.039651,-0.042419,-0.034848
0.0078393,-0.0057838,-0.038027
0.079635,-0.020795,-0.033341
0.12675,-0.040391,-0.040899
0.19219,0.031594,-0.031965
0.18696,-0.11423,-0.04262
0.20079,0.17443,-0.03111
0.16527,-0.74136,-0.057699
0.097584,-2.1941,-0.37001
0.25539,-1.9847,-0.76697
0.097211,-1.9411,-1.0975
0.21687,-2.0521,-1.4393
0.59455,-1.9936,-1.7475
0.3728,-2.0974,-2.0433
0.66672,-2.0737,-2.32
0.77703,-2.1662,-2.5813
0.48498,-2.1847,-2.834
0.80732,-2.2367,-3.0696
0.70075,-2.2799,-3.2984
0.72842,-2.2821,-3.5088
0.96774,-2.3311,-3.7079
0.86939,-2.3549,-3.8976
0.98494,-2.3883,-4.0768
0.87986,-2.3954,-4.2442
0.89482,-2.402,-4.3967
0.94493,-2.408,-4.5375
0.80096,-2.3936,-4.664
0.88435,-2.3707,-4.7738
0.84172,-2.3451,-4.867
0.78114,-2.3266,-4.9451
0.832,-2.3081,-5.0115
0.80545,-2.2852,-5.0668
0.77628,-2.2552,-5.1098
0.76058,-2.2143,-5.1399
0.66485,-2.1694,-5.1568
0.51714,-2.1231,-5.1609
0.32008,-2.0774,-5.1536
0.11179,-2.0346,-5.1363
-0.035164,-1.9806,-5.1091
-0.27673,-1.9267,-5.0715
-0.42556,-1.881,-5.0256
-0.47641,-1.8268,-4.9726
-0.63346,-1.7724,-4.9122
-0.66936,-1.7069,-4.8441
-0.69442,-1.6335,-4.7669
-0.78005,-1.5676,-4.6815
-0.73256,-1.4967,-4.5889
-0.69554,-1.4283,-4.4891
-0.67497,-1.3642,-4.3841
-0.66001,-1.2868,-4.2738
-0.73443,-1.1964,-4.1548
-0.73817,-1.1252,-4.0289
-0.78379,-1.052,-3.8995
-0.85297,-0.96564,-3.7635
-0.84624,-0.90055,-3.6246
-0.90008,-0.80891,-3.4827
-0.8926,-0.71285,-3.3313
-0.87914,-0.6572,-3.1783
-0.84736,-0.56754,-3.0249
-0.75387,-0.46934,-2.8632
-0.65627,-0.38474,-2.6978
-0.51867,-0.27397,-2.5263
-0.4192,-0.17073,-2.3465
-0.29056,-0.048804,-2.1595
-0.18661,0.038263,-1.9675
-0.13014,0.15899,-1.7727
-0.039277,0.26627,-1.5703
0.017562,0.36054,-1.3711
0.06393,0.51031,-1.1644
0.13049,0.56702,-0.96012
0.13498,0.7554,-0.74889
0.090854,0.7731,-0.53429
0.13161,0.97378,-0.3271
0.1376,1.0205,-0.091243
0.14994,0.18315,0.012557
0.2408,-0.01227,-0.014396
0.25576,0.11884,-0.0075165
0.31073,-0.00085386,-0.0082701
0.35074,0.065316,-0.0092486
0.33317,0.015016,-0.0060506
0.36719,0.031811,-0.0090537
0.36158,0.02116,-0.0051958
0.3369,0.0076976,-0.0072766
0.29502,0.02227,-0.0053757
0.20042,0.0028652,-0.005507
0.12376,0.020519,-0.0053045
0.041494,0.0057669,-0.0043935
-0.041147,0.0068991,-0.0044497
-0.054234,0.0013131,-0.0035424
-0.060591,0.0023965,-0.0035087
-0.076297,0.0066779,-0.0024964
-0.073679,0.0021866,-0.0025301
-0.052365,0.011113,-0.0018215
0.031397,0.0066292,-5.1931e-05
0.1017,0.0019129,0.0007279
0.16751,0.0080463,0.0017627
0.25053,0.0051708,0.0030486
0.26847,-0.0015137,0.0032211
0.26586,-0.0032082,0.0040497
0.25389,-0.0018736,0.0043233
0.19481,0.0090098,0.0052119
0.1548,-0.0076058,0.0055231
0.12787,0.0066217,0.0054219
0.065052,-0.0018961,0.0072402
0.027284,-0.0018286,0.0055906
-0.0063704,0.010022,0.0082
0.0089611,-0.023374,0.0062542
0.035137,0.029033,0.0084287
0.060565,-0.035592,0.0082862
0.11853,0.033581,0.0067341
0.1174,-0.027457,0.01238
0.16714,-0.0042805,0.0031161
0.14059,0.042466,0.018281
0.13423,-0.15249,-0.0065567
0.091601,1.2679,0.08532
0.097584,2.3411,0.45343
0.31036,1.9246,0.82589
0.1533,2.0117,1.1576
0.33877,2.0068,1.494
0.53285,2.0152,1.7945
0.22622,2.0864,2.0893
0.56725,2.0736,2.3604
0.5751,2.1674,2.6217
0.41319,2.1703,2.8687
0.77479,2.234,3.1029
0.66634,2.2487,3.3279
0.75459,2.2736,3.5338
0.9367,2.3168,3.7304
0.89557,2.3367,3.9173
1.0003,2.3675,4.0944
0.89183,2.3678,4.258
0.90828,2.3673,4.4073
0.92025,2.3678,4.5433
0.79386,2.3512,4.6653
0.82676,2.3216,4.7713
0.77366,2.2971,4.86
0.70785,2.2737,4.9348
0.76245,2.2538,4.9975
0.77366,2.2332,5.0495
0.75085,2.1957,5.0895
0.72767,2.146,5.1162
0.62035,2.0977,5.1294
0.45918,2.0442,5.1291
0.24305,2.0023,5.1193
0.033641,1.9607,5.1
-0.1537,1.9034,5.0695
-0.38816,1.853,5.0301
-0.50857,1.8035,4.983
-0.5699,1.7508,4.9282
-0.66525,1.6903,4.8659
-0.64468,1.6251,4.796
-0.62823,1.5497,4.7168
-0.68282,1.4753,4.6282
-0.7004,1.4178,4.5335
-0.72022,1.3492,4.4321
-0.7535,1.278,4.3242
-0.80099,1.2057,4.211
-0.82118,1.1145,4.09
-0.81258,1.0357,3.9624
-0.84212,0.96676,3.8297
-0.84474,0.89669,3.6926
-0.82156,0.82959,3.554
-0.82043,0.73243,3.4096
-0.80398,0.64939,3.2572
-0.79127,0.59344,3.1051
-0.76733,0.49383,2.9502
-0.70937,0.39956,2.7873
-0.62524,0.31204,2.6207
-0.51081,0.20865,2.4467
-0.4005,0.10532,2.2663
-0.26738,-0.0099265,2.0778
-0.14622,-0.090913,1.8864
-0.076297,-0.22242,1.6911
-0.0097358,-0.30869,1.4898
0.046729,-0.42904,1.2907
0.074774,-0.55191,1.0821
0.079261,-0.62395,0.87924
0.036633,-0.80166,0.66409
0.032145,-0.80278,0.45419
0.077392,-1.0805,0.23817
0.071035,-0.87132,0.017067
0.18434,-0.055492,-0.038638
0.28081,-0.071444,-0.012274
0.29315,-0.11073,-0.023979
0.37093,-0.030321,-0.018295
0.3485,-0.087857,-0.021111
0.34887,-0.027884,-0.021156
0.3369,-0.064306,-0.020084
0.26885,-0.041099,-0.022727
0.25651,-0.044185,-0.02065
0.17387,-0.04378,-0.022809
0.095341,-0.032053,-0.021936
0.048225,-0.040691,-0.023143
0.01457,-0.03106,-0.023402
-0.0074922,-0.036563,-0.023555
-0.038903,-0.028563,-0.024084
-0.026189,-0.036721,-0.024204
-0.048999,-0.029076,-0.025153
-0.053113,-0.026981,-0.024931
0.0085872,-0.038374,-0.026101
0.044111,-0.028465,-0.027593
0.098332,-0.029654,-0.028261
0.19556,-0.034527,-0.029712
0.24716,-0.025474,-0.030371
0.25239,-0.027179,-0.030491
0.26174,-0.02355,-0.031556
0.24454,-0.024379,-0.031507
0.20042,-0.030494,-0.032838
0.16265,-0.019217,-0.032388
0.11666,-0.033894,-0.033273
0.072905,-0.010841,-0.033892
0.042242,-0.030921,-0.033067
0.034389,-0.014736,-0.035654
0.067669,-0.015048,-0.032786
0.070287,-0.036627,-0.037112
0.11067,0.015571,-0.033048
0.14171,-0.065997,-0.036648
0.16078,0.047126,-0.03616
0.17686,-0.089589,-0.033236
0.13124,0.062444,-0.043377
0.12937,-0.13213,-0.020207
0.0089611,-1.7821,-0.20989
0.14582,-2.1803,-0.61415
0.17798,-1.8568,-0.96102
0.035885,-2.0571,-1.2991
0.51901,-1.9786,-1.6241
0.4876,-2.057,-1.9208
0.49321,-2.0665,-2.2086
0.8937,-2.1071,-2.4725
0.52462,-2.1733,-2.7314
0.66261,-2.1885,-2.9724
0.81293,-2.2577,-3.2051
0.60726,-2.2513,-3.4238
0.89781,-2.2931,-3.6266
0.85182,-2.3245,-3.8213
0.91464,-2.3498,-4.0048
0.9797,-2.3678,-4.1784
0.83948,-2.3663,-4.337
0.94381,-2.3767,-4.4827
0.81517,-2.367,-4.6158
0.78526,-2.3452,-4.7328
0.82489,-2.3172,-4.8329
0.70075,-2.2925,-4.9172
0.71271,-2.2745,-4.989
0.73627,-2.2528,-5.0495
0.7071,-2.2204,-5.0979
0.72991,-2.1828,-5.1333
0.69177,-2.1421,-5.156
0.5579,-2.0908,-5.1657
0.40721,-2.047,-5.1633
0.17649,-2.0061,-5.1515
0.009335,-1.9501,-5.1293
-0.20007,-1.8954,-5.0961
-0.41882,-1.8496,-5.0548
-0.47379,-1.7981,-5.0057
-0.58373,-1.7416,-4.9486
-0.64468,-1.6852,-4.8844
-0.66338,-1.6154,-4.8112
-0.73218,-1.5434,-4.7287
-0.73966,-1.4736,-4.6387
-0.72171,-1.4029,-4.5412
-0.77257,-1.3441,-4.4384
-0.81632,-1.272,-4.331
-0.78341,-1.182,-4.215
-0.76472,-1.1105,-4.0913
-0.76023,-1.0394,-3.9637
-0.77743,-0.95451,-3.8305
-0.76771,-0.88727,-3.6922
-0.75312,-0.81001,-3.552
-0.75873,-0.71479,-3.4038
-0.72321,-0.64782,-3.2501
-0.71087,-0.57284,-3.0976
-0.68133,-0.47044,-2.9386
-0.62636,-0.39063,-2.7738
-0.53288,-0.28944,-2.6048
-0.402,-0.18007,-2.4271
-0.30178,-0.069532,-2.2429
-0.18324,0.031043,-2.0509
-0.099107,0.12759,-1.8573
-0.035164,0.25068,-1.6563
0.028032,0.32624,-1.4547
0.066174,0.48126,-1.2509
0.12825,0.54995,-1.0423
0.13498,0.68987,-0.83651
0.11965,0.79618,-0.61661
0.16377,0.85429,-0.41222
0.17686,1.1331,-0.17879
0.19892,0.51849,-0.002084
0.2696,-0.057944,-0.0027776
0.27932,0.12238,-0.013575
0.29128,0.030008,-0.0046184
0.30961,0.042717,-0.011056
0.27782,0.045791,-0.0052708
0.26025,0.0093809,-0.008675
0.24267,0.03847,-0.0059569
0.21874,0.0054482,-0.0061818
0.19593,0.026311,-0.0062868
0.17761,0.0071353,-0.0046934
0.14096,0.013171,-0.0055595
0.082253,0.0094784,-0.0039586
0.044485,0.00333,-0.004431
0.012327,0.011458,-0.0035462
-0.0078661,0.0040198,-0.0031225
-0.022824,0.0068429,-0.0026239
-0.037407,0.0027077,-0.0023389
-0.023945,0.0083237,-0.002024
0.040746,0.010213,-0.00046059
0.083749,0.0036187,0.00076914
0.10357,0.0088411,0.0017627
0.21051,0.0078138,0.0029774
0.27932,0.00046954,0.0034198
0.27446,0.0050246,0.0038584
0.25763,-0.0020011,0.0044283
0.22173,0.0066704,0.0048032
0.1907,0.00026709,0.0060705
0.12226,-0.0023497,0.0053731
0.090106,0.010881,0.0071802
0.091228,-0.013623,0.0062242
0.053086,0.018296,0.0074914
0.054582,-0.017365,0.0082037
0.077018,0.015402,0.0063929
0.097584,-0.0044979,0.010618
0.12152,-0.011876,0.0054706
0.10095,0.030889,0.01247
0.13647,-0.063807,0.0053881
0.11441,0.10465,0.012564
0.056825,-0.18435,0.0073564
0.058321,0.55512,0.015593
0.0044739,2.1841,0.29695
0.20752,2.085,0.69759
0.20229,1.909,1.0295
0.17798,2.0441,1.3711
0.54257,1.9629,1.6832
0.31484,2.0707,1.9801
0.39337,2.0438,2.2613
0.67681,2.1213,2.5237
0.3642,2.152,2.7787
0.62334,2.1834,3.0164
0.72281,2.2303,3.2471
0.6297,2.2275,3.4596
0.89781,2.277,3.6602
0.8492,2.3037,3.8522
0.94156,2.3272,4.0335
0.94231,2.3298,4.2032
0.86079,2.3316,4.3576
0.9539,2.333,4.4996
0.786,2.3187,4.6275
0.7703,2.2993,4.7399
0.78862,2.2605,4.8357
0.66261,2.2325,4.9155
0.70037,2.2214,4.9836
0.71047,2.1885,5.0409
0.69177,2.1538,5.0858
0.71271,2.1152,5.1185
0.62446,2.0576,5.1366
0.4891,2.0123,5.1409
0.31297,1.9721,5.136
0.077766,1.9219,5.1208
-0.10359,1.8705,5.0948
-0.31038,1.8194,5.0602
-0.48725,1.7669,5.0163
-0.54783,1.7173,4.9646
-0.64393,1.6651,4.9064
-0.71274,1.601,4.84
-0.72171,1.5288,4.7644
-0.74602,1.4569,4.6798
-0.76733,1.3908,4.5879
-0.79351,1.3193,4.4895
-0.78828,1.2527,4.3842
-0.78192,1.1914,4.2739
-0.79949,1.1071,4.1567
-0.79014,1.0263,4.0309
-0.78641,0.95518,3.9
-0.80473,0.88245,3.7648
-0.7535,0.81711,3.6271
-0.71461,0.7304,3.4852
-0.7277,0.63761,3.3347
-0.69255,0.58054,3.1823
-0.70937,0.50418,3.0296
-0.66039,0.40064,2.8684
-0.54671,0.32159,2.7023
-0.46856,0.21904,2.5312
-0.33955,0.11267,2.352
-0.26738,0.0031613,2.1657
-0.1724,-0.081499,1.974
-0.086019,-0.18778,1.7811
-0.033668,-0.301,1.5793
0.072157,-0.38739,1.3795
0.11179,-0.54147,1.173
0.16003,-0.5947,0.96605
0.16228,-0.76616,0.75654
0.12264,-0.8112,0.53734
0.17611,-0.95225,0.33233
0.15816,-1.1043,0.095327
0.18808,-0.32083,-0.037874
0.26698,0.01845,-0.016709
0.2337,-0.1499,-0.017819
0.26249,-0.029215,-0.020841
0.25015,-0.08157,-0.016867
0.20902,-0.04676,-0.021493
0.23968,-0.0488,-0.017755
0.21164,-0.0543,-0.021422
0.20079,-0.032184,-0.019908
0.19892,-0.055117,-0.02089
0.13348,-0.029987,-0.021328
0.059443,-0.041681,-0.021178
0.026162,-0.030981,-0.022243
-0.0063704,-0.036413,-0.022003
-0.043764,-0.036788,-0.022959
-0.033294,-0.028169,-0.022817
-0.040773,-0.031243,-0.023559
-0.044886,-0.023888,-0.023642
-0.023945,-0.032739,-0.024253
0.025788,-0.033174,-0.026
0.10581,-0.026876,-0.026802
0.14956,-0.033373,-0.027867
0.20827,-0.02679,-0.029123
0.24828,-0.021069,-0.029194
0.24417,-0.029208,-0.029982
0.24155,-0.023213,-0.030169
0.20416,-0.027809,-0.030878
0.18883,-0.014373,-0.031432
0.18396,-0.024803,-0.031234
0.13573,-0.019426,-0.033262
0.11404,-0.01555,-0.031672
0.075896,-0.033594,-0.034207
0.062434,0.0031951,-0.032478
0.077018,-0.044935,-0.034016
0.088984,0.013692,-0.034604
0.12713,-0.044177,-0.03195
0.1275,-0.003107,-0.038466
0.1346,-0.0065111,-0.028707
0.069913,-0.075864,-0.043685
0.069165,0.15043,-0.020905
0.013822,-1.1369,-0.097212
0.028406,-2.2611,-0.45763
0.23519,-1.8915,-0.83649
0.044485,-1.9825,-1.1675
0.3111,-2.0014,-1.5062
0.5852,-1.9863,-1.8077
0.34588,-2.0664,-2.1024
0.78451,-2.05,-2.3742
0.66597,-2.1385,-2.6355
0.42478,-2.1422,-2.8846
0.77666,-2.209,-3.1198
0.58744,-2.2222,-3.3462
0.74151,-2.2361,-3.554
0.86528,-2.2809,-3.7531
0.81816,-2.2986,-3.9416
0.98943,-2.3255,-4.1199
0.82564,-2.3194,-4.2849
0.87725,-2.3273,-4.4355
0.82564,-2.3261,-4.5746
0.68691,-2.3026,-4.698
0.75983,-2.277,-4.8047
0.65587,-2.2491,-4.8959
0.63942,-2.2326,-4.9733
0.69663,-2.2116,-5.0391
0.69065,-2.1786,-5.0932
0.69738,-2.1388,-5.1343
0.67794,-2.0946,-5.1621
0.58183,-2.049,-5.1769
0.43749,-2.0023,-5.1795
0.22659,-1.9581,-5.1715
0.029528,-1.908,-5.1536
-0.14174,-1.8548,-5.1256
-0.36722,-1.8065,-5.0881
-0.45024,-1.755,-5.043
-0.52839,-1.7018,-4.9903
-0.63047,-1.6461,-4.9296
-0.62486,-1.5785,-4.8606
-0.69329,-1.5087,-4.7822
-0.7262,-1.4392,-4.6951
-0.76883,-1.3719,-4.6005
-0.85558,-1.3144,-4.5001
-0.80847,-1.2469,-4.395
-0.79201,-1.1587,-4.282
-0.79388,-1.0814,-4.1606
-0.7535,-1.0175,-4.0346
-0.75761,-0.93297,-3.903
-0.71087,-0.86638,-3.7662
-0.666,-0.8024,-3.6282
-0.68395,-0.70177,-3.4835
-0.63421,-0.62624,-3.3309
-0.61813,-0.56657,-3.1786
-0.63907,-0.4743,-3.0227
-0.58037,-0.38565,-2.8588
-0.50707,-0.29384,-2.6913
-0.39489,-0.18573,-2.5159
-0.28645,-0.085173,-2.3331
-0.18175,0.025858,-2.1431
-0.098359,0.10522,-1.9493
-0.05947,0.22713,-1.7518
0.035885,0.3178,-1.5481
0.086366,0.42686,-1.3472
0.12526,0.55374,-1.1373
0.20677,0.62939,-0.93141
0.17275,0.79835,-0.71462
0.15368,0.79838,-0.50175
0.21537,1.0697,-0.28436
0.21463,0.90463,-0.055637
0.26399,0.061721,0.011424
0.30961,0.034769,-0.016087
0.29203,0.099102,-0.0048621
0.29315,0.0066966,-0.0094923
0.23968,0.06616,-0.007494
0.18995,0.0072515,-0.0065417
0.16788,0.040029,-0.0077715
0.16564,0.01749,-0.0047196
0.17387,0.016388,-0.0070291
0.13947,0.022184,-0.0047309
0.091228,0.0058794,-0.0052708
0.046355,0.018322,-0.0042847
0.033267,0.0067529,-0.0037749
0.0063435,0.0087811,-0.0038836
-0.0097358,0.0067754,-0.0032762
0.0014823,0.0054295,-0.0028751
-0.0078661,-0.00031026,-0.0022452
-0.008614,0.0023853,-0.0022152
0.010457,0.0095534,-0.0010642
0.072531,0.0065692,6.8042e-05
0.1189,0.0009944,0.00099784
0.1806,0.0034088,0.0020251
0.24379,0.006213,0.0032811
0.23931,-0.0019636,0.003431
0.25202,0.0050621,0.0039897
0.23893,2.7154e-05,0.004897
0.19705,0.0037649,0.0049532
0.18284,0.00075071,0.0062654
0.16489,-0.0042205,0.0056093
0.12301,0.0046947,0.0073077
0.095715,-0.015153,0.0067228
0.084123,0.016969,0.0076339
0.08674,-0.019651,0.0083949
0.11703,0.012793,0.0068803
0.11067,-0.0061475,0.010836
0.12713,-0.014676,0.0056543
0.10918,0.03321,0.012823
0.10469,-0.066529,0.0057743
0.06393,0.10297,0.012309
-0.023572,-0.17901,0.0084512
0.0026042,0.51592,0.012871
-0.053861,2.1468,0.28676
0.13012,2.0727,0.68633
0.18471,1.8777,1.0163
0.14021,2.0178,1.356
0.46591,1.9259,1.668
0.25239,2.0227,1.9629
0.33242,2.0034,2.2426
0.60128,2.0751,2.5033
0.28941,2.1094,2.758
0.58109,2.1337,2.9955
0.65812,2.1587,3.2228
0.54594,2.1634,3.4324
0.82789,2.2197,3.6337
0.7774,2.2311,3.8262
0.90566,2.2468,4.0054
0.9195,2.2424,4.1721
0.789,2.241,4.3234
0.82863,2.2378,4.4617
0.67083,2.2081,4.5851
0.64989,2.1832,4.6919
0.64241,2.1547,4.783
0.56015,2.1278,4.8603
0.59156,2.1054,4.9265
0.60801,2.071,4.9817
0.62147,2.0319,5.0235
0.64017,1.9827,5.0509
0.58183,1.9287,5.0651
0.43637,1.8917,5.0676
0.26249,1.85,5.0599
0.049346,1.7958,5.0419
-0.14099,1.7476,5.0143
-0.3575,1.6981,4.9778
-0.51829,1.6458,4.9328
-0.54708,1.6,4.8809
-0.64132,1.5378,4.8218
-0.64169,1.4746,4.753
-0.60392,1.3968,4.6744
-0.66974,1.3136,4.5881
-0.68133,1.267,4.4951
-0.7075,1.2037,4.3941
-0.73443,1.1372,4.2882
-0.74826,1.0655,4.1763
-0.77706,0.98583,4.0547
-0.73705,0.91913,3.928
-0.72209,0.84348,3.7961
-0.73106,0.78546,3.6606
-0.65964,0.70845,3.523
-0.61514,0.61338,3.3766
-0.60056,0.55489,3.2254
-0.56242,0.48665,3.0749
-0.54559,0.38703,2.9174
-0.53998,0.30989,2.7534
-0.50221,0.2144,2.5859
-0.39302,0.10707,2.4095
-0.30141,0.0058419,2.226
-0.21765,-0.087988,2.0358
-0.091628,-0.17622,1.8447
-0.020206,-0.3,1.6457
0.059443,-0.36716,1.445
0.12526,-0.5133,1.243
0.16153,-0.5939,1.0339
0.21313,-0.71358,0.82888
0.16564,-0.83266,0.60866
0.15816,-0.86329,0.40353
0.16489,-1.1506,0.17338
0.12451,-0.61279,-0.015454
0.21463,0.031538,-0.02438
0.2337,-0.13177,-0.0094923
0.24043,-0.063519,-0.01981
0.28306,-0.055387,-0.012702
0.22585,-0.075729,-0.018149
0.24566,-0.034756,-0.015169
0.22211,-0.064714,-0.017024
0.17686,-0.026939,-0.017497
0.16788,-0.046506,-0.016848
0.093097,-0.035735,-0.018603
0.074774,-0.034554,-0.017602
0.028406,-0.03575,-0.018955
-0.016841,-0.031525,-0.018715
-0.0093619,-0.033703,-0.019435
-0.021328,-0.027434,-0.01966
-0.013849,-0.029298,-0.02026
-0.028433,-0.024499,-0.020635
-0.013475,-0.029313,-0.02062
0.033641,-0.031052,-0.021883
0.066922,-0.028402,-0.022866
0.1174,-0.025669,-0.023998
0.16751,-0.027266,-0.02507
0.21313,-0.024026,-0.025869
0.23819,-0.021582,-0.025989
0.23744,-0.025384,-0.026896
0.23856,-0.018988,-0.02723
0.2165,-0.02914,-0.027938
0.18621,-0.014658,-0.028553
0.17424,-0.023457,-0.028328
0.12301,-0.020799,-0.030109
0.094219,-0.013312,-0.028272
0.067295,-0.030857,-0.030934
0.050468,0.0029701,-0.029363
0.087488,-0.04877,-0.030724
0.11067,0.012144,-0.031886
0.11067,-0.039791,-0.028879
0.095341,-0.0054464,-0.035339
0.11853,0.0013581,-0.025558
0.071035,-0.080348,-0.040265
0.081879,0.15623,-0.018603
0.0011084,-1.0922,-0.08899
-0.032172,-2.2552,-0.44339
0.18284,-1.8876,-0.8226
0.0014823,-1.9496,-1.1513
0.22211,-1.9749,-1.4882
0.52612,-1.9526,-1.7887
0.31933,-2.0287,-2.082
0.71159,-2.003,-2.3528
0.65924,-2.0918,-2.6125
0.4274,-2.0998,-2.8617
0.73702,-2.1466,-3.096
0.57922,-2.1534,-3.3189
0.68803,-2.1794,-3.5253
0.83686,-2.222,-3.7255
0.79797,-2.2282,-3.9139
0.93221,-2.244,-4.09
0.79386,-2.2362,-4.252
0.81068,-2.242,-4.4007
0.75048,-2.2243,-4.5367
0.61885,-2.1913,-4.6547
0.66036,-2.1668,-4.7563
0.55977,-2.1406,-4.8437
0.52799,-2.1212,-4.9184
0.55042,-2.0963,-4.9821
0.55641,-2.0605,-5.0335
0.57136,-2.0176,-5.0715
0.55678,-1.9697,-5.0959
0.4876,-1.9228,-5.1072
0.34924,-1.8819,-5.1077
0.17499,-1.833,-5.0976
-0.0089879,-1.7783,-5.0764
-0.19297,-1.7329,-5.0461
-0.37059,-1.6852,-5.0073
-0.45024,-1.6333,-4.9606
-0.50633,-1.5814,-4.9068
-0.57588,-1.5205,-4.8447
-0.58373,-1.4527,-4.7734
-0.61402,-1.3834,-4.693
-0.66188,-1.3184,-4.6041
-0.67609,-1.2616,-4.5087
-0.67834,-1.1967,-4.4083
-0.68544,-1.1176,-4.3007
-0.72732,-1.0404,-4.184
-0.73817,-0.97426,-4.0616
-0.70489,-0.89862,-3.9344
-0.71012,-0.82732,-3.8007
-0.67123,-0.76975,-3.6648
-0.59495,-0.68124,-3.5246
-0.56728,-0.59479,-3.3754
-0.52839,-0.5422,-3.2242
-0.50894,-0.46288,-3.072
-0.51156,-0.36473,-2.9117
-0.47342,-0.28727,-2.7461
-0.39863,-0.18451,-2.5746
-0.29131,-0.087404,-2.3953
-0.22288,0.018806,-2.2086
-0.13837,0.10909,-2.0156
-0.025815,0.20987,-1.8211
0.029154,0.31789,-1.6181
0.10768,0.39654,-1.4174
0.1432,0.54986,-1.2105
0.18957,0.60326,-1.0022
0.22809,0.76217,-0.79217
0.1548,0.81304,-0.57229
0.18359,0.9509,-0.36476
0.16489,1.1009,-0.12523
0.1432,0.31326,0.010963
0.2322,-0.042558,-0.0096573
0.21837,0.12832,-0.0093049
0.25015,0.005482,-0.0056532
0.25053,0.061365,-0.0094661
0.19705,0.022154,-0.0049221
0.20565,0.014686,-0.0084238
0.17162,0.031706,-0.0045209
0.16489,0.0076376,-0.0062081
0.13722,0.027249,-0.0050421
0.097211,0.0030714,-0.0044947
0.073652,0.011735,-0.0047759
0.026162,0.0075589,-0.0034974
0.038876,0.010228,-0.0038161
0.029528,0.0068091,-0.0027138
0.020927,0.003525,-0.0025301
0.059443,0.005437,-0.0016791
0.054956,0.00014337,-0.0016078
0.048972,0.0068991,-0.0014241
0.077766,0.0053582,0.00017302
0.13124,0.0050771,0.001234
0.16564,0.0047472,0.0020926
0.20191,0.002569,0.003626
0.24641,0.00075446,0.0040272
0.24866,0.003345,0.0042896
0.23968,-0.0020498,0.0051444
0.22622,0.0038212,0.0052381
0.2079,-0.00039273,0.0066553
0.17237,-0.0086368,0.0058755
0.14283,0.0091447,0.0073752
0.1376,-0.018309,0.0073152
0.092349,0.014731,0.0073377
0.08674,-0.010804,0.009321
0.11591,0.0028014,0.0067566
0.088236,0.0088223,0.011248
0.12039,-0.028866,0.0067003
0.1174,0.042264,0.012245
0.10319,-0.072025,0.0079563
0.088984,0.0922,0.0099171
0.022423,-0.13703,0.013782
0.023545,0.29237,0.0012115
-0.068444,1.9948,0.23337
0.10693,2.1391,0.63633
0.19331,1.841,0.97316
0.0658,2.0106,1.3128
0.39561,1.907,1.6315
0.27483,1.9954,1.9281
0.23632,1.9824,2.2131
0.58595,2.0325,2.4766
0.34027,2.0772,2.7343
0.49471,2.0904,2.9746
0.66373,2.1347,3.2062
0.52126,2.1269,3.4205
0.75123,2.174,3.6241
0.74936,2.1922,3.8201
0.81592,2.2083,4.0034
0.84808,2.205,4.1751
0.7071,2.1965,4.3315
0.77292,2.1962,4.4748
0.64204,2.172,4.6037
0.58221,2.1448,4.7166
0.61586,2.1116,4.8129
0.50256,2.0835,4.8944
0.50854,2.0612,4.9645
0.54968,2.036,5.0238
0.55229,1.9979,5.0706
0.58782,1.9523,5.1039
0.56314,1.901,5.1233
0.44123,1.8496,5.1292
0.27707,1.8123,5.1252
0.071783,1.7578,5.1117
-0.1021,1.7013,5.0874
-0.27336,1.6585,5.0537
-0.4364,1.6103,5.0118
-0.4809,1.5654,4.963
-0.55606,1.508,4.9065
-0.59944,1.4428,4.8407
-0.57102,1.3789,4.7663
-0.61701,1.3092,4.6829
-0.62524,1.2421,4.5918
-0.64655,1.1774,4.4931
-0.68208,1.1183,4.3889
-0.68806,1.0441,4.2795
-0.7262,0.96566,4.1603
-0.71648,0.90335,4.0347
-0.69778,0.82851,3.9044
-0.67834,0.76551,3.7693
-0.60318,0.702,3.6326
-0.56653,0.60918,3.4887
-0.55718,0.54002,3.3377
-0.5067,0.48456,3.187
-0.49586,0.39307,3.0323
-0.49548,0.30936,2.869
-0.43565,0.22934,2.7028
-0.34478,0.12111,2.5289
-0.26925,0.028553,2.3466
-0.20979,-0.076663,2.1585
-0.1092,-0.15534,1.9656
-0.047877,-0.26871,1.7693
0.028032,-0.35986,1.565
0.10319,-0.4539,1.3641
0.10357,-0.5994,1.1542
0.17013,-0.64462,0.94641
0.1361,-0.81707,0.73254
0.070661,-0.82728,0.51517
0.14096,-1.0351,0.30337
0.10432,-1.0435,0.064992
0.13984,-0.1916,-0.037101
0.22472,-0.01654,-0.0097398
0.20378,-0.14166,-0.016994
0.26361,-0.022021,-0.015915
0.2322,-0.08662,-0.014689
0.17948,-0.033894,-0.017707
0.19219,-0.054004,-0.014895
0.16452,-0.046277,-0.018445
0.15667,-0.031948,-0.016016
0.11142,-0.046944,-0.017984
0.084497,-0.028222,-0.018149
0.041494,-0.041917,-0.018355
0.003726,-0.028791,-0.018993
0.036633,-0.034959,-0.018614
0.014196,-0.034584,-0.019634
0.03925,-0.029028,-0.019836
0.055329,-0.027431,-0.020387
0.027658,-0.023903,-0.020586
0.064304,-0.028773,-0.021418
0.093471,-0.029474,-0.022689
0.14358,-0.028746,-0.023642
0.18583,-0.028525,-0.024601
0.21874,-0.023708,-0.025835
0.24641,-0.020161,-0.026075
0.22585,-0.027232,-0.026836
0.21724,-0.019843,-0.027286
0.19481,-0.024746,-0.02762
0.17723,-0.014759,-0.028692
0.17948,-0.021578,-0.028039
0.13722,-0.026227,-0.029974
0.10656,-0.0073621,-0.028632
0.073652,-0.033778,-0.030563
0.071409,0.0023365,-0.030079
0.083749,-0.042513,-0.029888
0.085992,0.0013056,-0.032531
0.12974,-0.027423,-0.028212
0.10805,-0.031648,-0.035706
0.12413,0.026251,-0.026337
0.073278,-0.10752,-0.038395
0.041868,0.17599,-0.02399
-0.019084,-0.82908,-0.061036
-0.080036,-2.2128,-0.38448
0.15966,-1.9401,-0.77587
0.00073447,-1.9042,-1.1052
0.12638,-1.979,-1.4454
0.48835,-1.922,-1.7511
0.2767,-2.0135,-2.0471
0.62297,-1.9757,-2.3233
0.65625,-2.0543,-2.5847
0.37056,-2.0682,-2.8378
0.67719,-2.1109,-3.0755
0.5579,-2.1246,-3.3035
0.60464,-2.1338,-3.5131
0.77591,-2.1821,-3.7156
0.72468,-2.1885,-3.9082
0.86827,-2.2045,-4.0885
0.73926,-2.1939,-4.2554
0.72842,-2.1979,-4.4082
0.7086,-2.1889,-4.5494
0.55753,-2.1564,-4.6735
0.61698,-2.1313,-4.7811
0.53285,-2.0992,-4.874
0.47751,-2.0773,-4.9531
0.51266,-2.056,-5.0213
0.52986,-2.0183,-5.0773
0.57735,-1.9767,-5.1197
0.57286,-1.9302,-5.1487
0.49246,-1.8851,-5.1644
0.37916,-1.8418,-5.169
0.20603,-1.7914,-5.163
0.015318,-1.7439,-5.1459
-0.1294,-1.6946,-5.1196
-0.33394,-1.6441,-5.0843
-0.41359,-1.5977,-5.0405
-0.44911,-1.5483,-4.9895
-0.55195,-1.4895,-4.9307
-0.52315,-1.4235,-4.8624
-0.54222,-1.359,-4.7847
-0.59383,-1.2915,-4.6986
-0.59495,-1.2323,-4.606
-0.62337,-1.1738,-4.5074
-0.63533,-1.0994,-4.402
-0.66039,-1.0232,-4.2885
-0.67946,-0.95338,-4.1678
-0.67161,-0.88384,-4.0417
-0.67348,-0.81264,-3.9094
-0.62262,-0.75358,-3.7739
-0.56055,-0.67727,-3.6353
-0.55756,-0.58727,-3.4881
-0.52353,-0.53175,-3.3363
-0.50221,-0.46905,-3.185
-0.49623,-0.37093,-3.0271
-0.46557,-0.29284,-2.8614
-0.40387,-0.19973,-2.6923
-0.2872,-0.092918,-2.5139
-0.21578,0.0011519,-2.3284
-0.13276,0.1036,-2.136
-0.027685,0.18045,-1.9411
0.03065,0.30097,-1.7409
0.10058,0.37219,-1.5361
0.14433,0.49792,-1.3326
0.172,0.60316,-1.1195
0.19855,0.68329,-0.91259
0.1376,0.84552,-0.69093
0.11853,0.8379,-0.47784
0.13236,1.1205,-0.25403
0.088984,0.80097,-0.034934
0.16676,0.0015193,0.0085599
0.215,0.070482,-0.016046
0.22248,0.078805,-0.0036474
0.26174,0.018356,-0.0099085
0.20715,0.063674,-0.0060581
0.1963,0.0050058,-0.0069242
0.20827,0.041757,-0.0067704
0.19406,0.009216,-0.0046072
0.17275,0.019661,-0.0062943
0.12713,0.015938,-0.0039698
0.08861,0.0095721,-0.0048996
0.068043,0.017696,-0.0035761
0.055329,0.0056319,-0.0037786
0.023171,0.0119,-0.0033624
0.037006,0.0050433,-0.0024739
0.053086,0.0057256,-0.0021665
0.035511,0.0025727,-0.0017541
0.054208,0.0042298,-0.0015853
0.079635,0.0067266,-5.1931e-05
0.12526,0.0025015,0.00097534
0.17723,0.0038924,0.0017777
0.21313,0.0069666,0.0033523
0.24866,-0.0028333,0.0042971
0.26473,0.0023628,0.0043871
0.25688,0.0036,0.0053019
0.21276,-0.0031145,0.0052681
0.18135,0.0052833,0.0065091
0.18135,-0.0067098,0.0064116
0.13834,0.010813,0.0070602
0.10843,-0.0095141,0.0079713
0.1088,0.0075289,0.0070377
0.071409,0.00045079,0.0096472
0.076644,-0.011295,0.0066891
0.077018,0.021415,0.010851
0.095341,-0.037819,0.0078513
0.10581,0.043152,0.010082
0.080757,-0.060561,0.010802
0.094967,0.05973,0.0065766
0.016066,-0.054056,0.018401
0.020553,0.039324,-0.0071828
-0.041147,1.6967,0.1608
0.042616,2.2378,0.55821
0.21874,1.8306,0.90879
0.042616,1.9882,1.2455
0.30063,1.9095,1.5737
0.32606,1.9601,1.872
0.15255,1.9715,2.1631
0.52051,1.9854,2.4301
0.34775,2.0437,2.6912
0.37542,2.0497,2.9365
0.6282,2.1038,3.172
0.4704,2.0897,3.3924
0.66971,2.1305,3.5982
0.72206,2.1548,3.7977
0.75609,2.1648,3.9854
0.84397,2.1733,4.1619
0.69065,2.1586,4.3235
0.72543,2.1574,4.4717
0.62633,2.1375,4.6063
0.53771,2.1076,4.7251
0.57847,2.0747,4.8271
0.4603,2.0391,4.9136
0.44011,2.0219,4.9882
0.51939,1.9995,5.0517
0.52948,1.9572,5.1031
0.56089,1.9142,5.141
0.55566,1.8619,5.1651
0.45507,1.8117,5.1755
0.30662,1.7736,5.1752
0.088984,1.7251,5.1661
-0.068444,1.6701,5.1461
-0.23896,1.6257,5.1156
-0.41359,1.5826,5.0777
-0.42481,1.5319,5.032
-0.47791,1.4743,4.9781
-0.52988,1.413,4.916
-0.49137,1.3488,4.845
-0.52465,1.2816,4.7644
-0.5598,1.2208,4.6753
-0.58448,1.16,4.5793
-0.61664,1.1001,4.477
-0.63197,1.0327,4.3695
-0.67796,0.95219,4.2536
-0.67535,0.88359,4.1296
-0.65179,0.81363,4.0009
-0.65291,0.74903,3.8663
-0.58971,0.69356,3.7302
-0.534,0.61032,3.5895
-0.54035,0.52887,3.4397
-0.51829,0.47606,3.2883
-0.49885,0.40299,3.1351
-0.49847,0.30994,2.9737
-0.44276,0.24023,2.8073
-0.36124,0.13623,2.6361
-0.28234,0.037045,2.4546
-0.19184,-0.049119,2.2683
-0.083402,-0.14869,2.0757
-0.0011352,-0.23395,1.8797
0.050094,-0.34912,1.6772
0.11441,-0.4155,1.4734
0.13273,-0.55831,1.2678
0.13947,-0.63426,1.0546
0.14919,-0.74467,0.84622
0.085245,-0.86259,0.62312
0.079635,-0.88679,0.4134
0.091975,-1.1694,0.17959
0.091228,-0.6331,-0.013481
0.1993,0.03051,-0.024905
0.22024,-0.12982,-0.0091437
0.21837,-0.066375,-0.019656
0.25314,-0.055267,-0.012612
0.21276,-0.071838,-0.017894
0.2064,-0.029939,-0.015022
0.17723,-0.065329,-0.016889
0.14171,-0.02628,-0.017246
0.14283,-0.04832,-0.016541
0.11105,-0.034344,-0.018558
0.059069,-0.035663,-0.017339
0.054208,-0.037755,-0.018899
0.058321,-0.024967,-0.018734
0.026162,-0.032683,-0.019034
0.051964,-0.028593,-0.019634
0.06206,-0.029466,-0.020155
0.038502,-0.024521,-0.020511
0.048599,-0.02845,-0.020954
0.074026,-0.030531,-0.022243
0.12152,-0.027652,-0.023237
0.16826,-0.031135,-0.024114
0.23295,-0.029114,-0.025595
0.26473,-0.020435,-0.025996
0.26922,-0.02385,-0.026375
0.26249,-0.019247,-0.027222
0.21575,-0.022163,-0.027151
0.19032,-0.020259,-0.028508
0.15181,-0.017263,-0.027942
0.10731,-0.028413,-0.02967
0.10207,-0.0047941,-0.029048
0.073278,-0.033639,-0.029558
0.050468,-0.0021585,-0.030971
0.072905,-0.028274,-0.028861
0.082253,-0.01663,-0.03303
0.11815,0.00013213,-0.027991
0.10955,-0.053126,-0.034765
0.11217,0.049334,-0.028696
0.088984,-0.11838,-0.033618
0.048972,0.14488,-0.032299
0.021301,-0.45547,-0.030878
-0.10397,-2.0605,-0.29404
0.10058,-2.0416,-0.6985
0.067295,-1.8423,-1.0326
0.042989,-1.9894,-1.3738
0.46891,-1.8935,-1.6888
0.30549,-1.9869,-1.9862
0.49022,-1.9551,-2.2695
0.69514,-2.0164,-2.5328
0.33616,-2.0478,-2.7909
0.56949,-2.0703,-3.0323
0.55342,-2.1027,-3.265
0.51752,-2.0924,-3.48
0.74225,-2.1411,-3.6849
0.68504,-2.1531,-3.8815
0.81779,-2.1672,-4.0662
0.74076,-2.161,-4.2382
0.69364,-2.1583,-4.3952
0.69888,-2.1573,-4.5415
0.51266,-2.1236,-4.672
0.55192,-2.0945,-4.7851
0.48798,-2.0636,-4.8829
0.4274,-2.0388,-4.9666
0.48536,-2.0177,-5.0392
0.47863,-1.9855,-5.1001
0.51901,-1.9462,-5.148
0.56052,-1.8994,-5.1824
0.50779,-1.8537,-5.2031
0.39524,-1.8067,-5.212
0.24454,-1.7594,-5.21
0.06393,-1.7144,-5.197
-0.071436,-1.6617,-5.1741
-0.2427,-1.6113,-5.1418
-0.3646,-1.5666,-5.101
-0.38854,-1.519,-5.0529
-0.45659,-1.4637,-4.9973
-0.46295,-1.4004,-4.9328
-0.45547,-1.337,-4.8586
-0.50782,-1.2727,-4.7756
-0.52353,-1.2095,-4.685
-0.54409,-1.1505,-4.5885
-0.59084,-1.0886,-4.4854
-0.61327,-1.0149,-4.3748
-0.60841,-0.93917,-4.2565
-0.60056,-0.87382,-4.132
-0.60729,-0.80102,-4.002
-0.60505,-0.74186,-3.867
-0.54222,-0.67942,-3.7298
-0.48576,-0.58595,-3.5855
-0.47604,-0.52143,-3.4338
-0.45846,-0.46945,-3.2824
-0.46257,-0.37706,-3.1273
-0.44463,-0.28825,-2.9626
-0.37395,-0.21779,-2.7945
-0.31001,-0.11145,-2.6196
-0.22699,-0.013953,-2.4348
-0.11556,0.086547,-2.2443
-0.025067,0.16936,-2.0481
0.042616,0.26722,-1.8499
0.11179,0.3685,-1.6439
0.13872,0.44545,-1.4401
0.14657,0.59565,-1.229
0.18471,0.6412,-1.0172
0.15629,0.80311,-0.80343
0.092723,0.84354,-0.57946
0.1174,0.97383,-0.36909
0.11329,1.1211,-0.12646
0.10693,0.3132,0.011147
0.19705,-0.044069,-0.009901
0.23482,0.13702,-0.0091137
0.22846,0.0092085,-0.0056232
0.23332,0.060892,-0.0095186
0.21276,0.026383,-0.0045922
0.20416,0.023485,-0.0081951
0.19705,0.035107,-0.0043297
0.17761,0.0025502,-0.0060693
0.18097,0.024883,-0.0049146
0.15068,0.0055494,-0.004251
0.094967,0.018596,-0.0045097
0.085992,0.010063,-0.00322
0.057199,0.0065692,-0.0036249
0.056077,0.011908,-0.0025451
0.093845,0.0030151,-0.0022339
0.073652,0.004286,-0.0017541
0.072905,0.0033375,-0.0017016
0.080383,0.0039149,-0.001068
0.10432,0.007229,0.00012053
0.15517,0.0059693,0.0010278
0.18696,0.0048859,0.0022276
0.24379,0.0055607,0.0033073
0.26062,0.001733,0.0039672
0.25726,0.0055982,0.0043608
0.25314,0.0036112,0.0055868
0.21238,-0.0039918,0.0052831
0.18995,0.0064942,0.0059092
0.16826,-0.0083294,0.0065803
0.11927,0.0086086,0.0065653
0.077392,-0.0013037,0.00829
0.051964,-0.0027284,0.0067566
0.032145,0.011698,0.0094335
0.063182,-0.022846,0.0073452
0.069165,0.02744,0.0095572
0.079261,-0.035738,0.0094447
0.10506,0.030844,0.0080013
0.069539,-0.026786,0.013239
0.074026,0.0011968,0.0043533
0.00036053,0.034106,0.019451
-0.002631,-0.14208,-0.005567
-0.037407,1.2745,0.089804
-0.028807,2.2875,0.45799
0.19967,1.8439,0.82579
0.060191,1.9238,1.1539
0.19817,1.9091,1.4878
0.35747,1.8978,1.7869
0.11105,1.9497,2.0799
0.40608,1.9188,2.3486
0.37841,2.0093,2.6091
0.25576,2.0003,2.8576
0.54781,2.0212,3.0899
0.44983,2.0384,3.3104
0.57062,2.0743,3.5182
0.6985,2.0991,3.7197
0.69514,2.0891,3.907
0.82564,2.0897,4.0813
0.69402,2.0835,4.2413
0.6727,2.0716,4.387
0.60128,2.0397,4.5189
0.44609,2.0074,4.6333
0.47115,1.9819,4.7316
0.40945,1.9535,4.8164
0.37879,1.9306,4.8894
0.43675,1.9015,4.9513
0.44759,1.853,5.0002
0.46479,1.807,5.035
0.47227,1.7529,5.0555
0.39599,1.7098,5.064
0.27969,1.676,5.0633
0.096463,1.6203,5.0519
-0.076297,1.5715,5.0292
-0.20044,1.5265,4.9979
-0.3762,1.4764,4.9589
-0.42855,1.4277,4.912
-0.40948,1.3752,4.8566
-0.45248,1.3144,4.7927
-0.43042,1.2453,4.7193
-0.43266,1.1831,4.6364
-0.48165,1.12,4.5461
-0.50296,1.0562,4.4491
-0.54297,0.99892,4.3466
-0.56316,0.92784,4.2366
-0.58373,0.85913,4.118
-0.60318,0.79049,3.9937
-0.55307,0.72191,3.8634
-0.53325,0.6744,3.7303
-0.5082,0.59611,3.5945
-0.4379,0.50968,3.4492
-0.42144,0.45642,3.2996
-0.40948,0.39118,3.1497
-0.39751,0.29962,2.9929
-0.3848,0.22325,2.8295
-0.37283,0.13783,2.6621
-0.33057,0.039246,2.4851
-0.22587,-0.04558,2.3025
-0.1623,-0.15036,2.1129
-0.065079,-0.23119,1.9191
0.029154,-0.34156,1.7199
0.069165,-0.41169,1.5164
0.14246,-0.53228,1.3141
0.15554,-0.63644,1.1015
0.15891,-0.70365,0.89524
0.12974,-0.86239,0.67537
0.083375,-0.85235,0.46248
0.082253,-1.1267,0.24021
0.046729,-0.84164,0.019185
0.12301,-0.031007,-0.029359
0.17499,-0.084108,-0.0039398
0.19219,-0.104,-0.016185
0.25613,-0.032518,-0.010182
0.18696,-0.082811,-0.013286
0.21313,-0.021965,-0.012612
0.23145,-0.062495,-0.012488
0.16639,-0.03398,-0.014812
0.18658,-0.039484,-0.012765
0.13311,-0.037407,-0.015169
0.11666,-0.028128,-0.01392
0.10394,-0.03804,-0.015176
0.066174,-0.024679,-0.015401
0.094219,-0.032181,-0.015356
0.067669,-0.028683,-0.016421
0.056451,-0.02899,-0.016556
0.054582,-0.022519,-0.017036
0.044485,-0.023318,-0.017272
0.059817,-0.027783,-0.018063
0.084871,-0.024596,-0.019101
0.13722,-0.026381,-0.02011
0.16527,-0.024746,-0.02116
0.21051,-0.025346,-0.022217
0.24753,-0.019321,-0.022521
0.23706,-0.021541,-0.023136
0.2408,-0.018999,-0.024197
0.22024,-0.016701,-0.023844
0.17499,-0.020712,-0.025074
0.14919,-0.010856,-0.024815
0.11067,-0.027108,-0.025947
0.075522,-0.0029533,-0.026266
0.056451,-0.02484,-0.025464
0.031397,-0.0095253,-0.028006
0.047851,-0.010249,-0.025254
0.057199,-0.032522,-0.02946
0.094219,0.015364,-0.025591
0.10768,-0.062683,-0.02946
0.087488,0.051017,-0.028107
0.075522,-0.091089,-0.025985
0.031023,0.071202,-0.035208
0.054582,-0.14476,-0.013305
-0.081532,-1.7954,-0.20688
0.023171,-2.146,-0.60776
0.12002,-1.7931,-0.95037
-0.034042,-1.9701,-1.2859
0.37766,-1.8715,-1.6084
0.38664,-1.9337,-1.9033
0.36345,-1.9295,-2.1895
0.72692,-1.957,-2.4529
0.3986,-2.0152,-2.7125
0.46778,-2.0023,-2.9547
0.61698,-2.0375,-3.1836
0.44647,-2.0436,-3.3993
0.67382,-2.0878,-3.6061
0.67943,-2.0942,-3.8042
0.74487,-2.0922,-3.987
0.74113,-2.0924,-4.157
0.59717,-2.0826,-4.3131
0.6454,-2.0653,-4.4557
0.48835,-2.032,-4.5812
0.43076,-2.0031,-4.6906
0.41655,-1.9726,-4.7854
0.32681,-1.9486,-4.8669
0.35149,-1.9249,-4.9372
0.36495,-1.8871,-4.9948
0.38664,-1.8442,-5.0391
0.44086,-1.8001,-5.0698
0.4431,-1.7521,-5.088
0.34064,-1.7085,-5.0948
0.21238,-1.6624,-5.0904
0.06393,-1.6127,-5.076
-0.080784,-1.5624,-5.0514
-0.25504,-1.5157,-5.0173
-0.38068,-1.4731,-4.9763
-0.36685,-1.4195,-4.9277
-0.41957,-1.3603,-4.8699
-0.41359,-1.2988,-4.8026
-0.38704,-1.2343,-4.7261
-0.44425,-1.1734,-4.6414
-0.43042,-1.1129,-4.5496
-0.47379,-1.0537,-4.4516
-0.48838,-0.9866,-4.3477
-0.46557,-0.91034,-4.2349
-0.52427,-0.84749,-4.1148
-0.50633,-0.78126,-3.99
-0.50446,-0.71715,-3.8588
-0.52016,-0.66137,-3.7251
-0.43827,-0.57689,-3.5861
-0.38816,-0.50129,-3.4382
-0.37395,-0.45204,-3.2889
-0.34628,-0.37564,-3.1379
-0.33506,-0.28161,-2.9777
-0.3317,-0.21243,-2.8124
-0.31861,-0.11276,-2.6418
-0.2442,-0.011898,-2.4606
-0.14959,0.074389,-2.274
-0.087889,0.16354,-2.0809
-0.0033789,0.25456,-1.8853
0.064678,0.36295,-1.6824
0.12488,0.42927,-1.479
0.16265,0.57498,-1.2725
0.17649,0.63408,-1.0605
0.18883,0.76351,-0.85129
0.1174,0.85403,-0.6268
0.12002,0.89914,-0.41849
0.096089,1.1604,-0.18088
0.025414,0.52325,-0.00087675
0.13161,-0.05992,-0.002084
0.13984,0.12386,-0.012837
0.15068,0.031313,-0.0034037
0.21089,0.043831,-0.010201
0.16003,0.045379,-0.0042135
0.19331,0.013291,-0.0076365
0.17649,0.04283,-0.0049708
0.16975,0.0023778,-0.0051208
0.18471,0.026117,-0.0052745
0.12226,0.007139,-0.0036699
0.14881,0.013119,-0.0045997
0.11179,0.013674,-0.0029388
0.079635,0.0038174,-0.0033962
0.11366,0.0088673,-0.0027851
0.085992,0.0042335,-0.0021215
0.09908,0.0074689,-0.0016828
0.089358,0.0021678,-0.0014054
0.080757,0.0074165,-0.00081301
0.10619,0.0051296,-2.1938e-05
0.12301,0.0031463,0.00094535
0.17088,0.0094597,0.0023588
0.18995,0.0068653,0.0033186
0.23295,0.0031463,0.0040272
0.28717,0.0044847,0.0041284
0.26511,0.0068016,0.0055418
0.24454,-0.0034782,0.0058605
0.22024,0.007379,0.0061005
0.18022,-0.003137,0.0070977
0.16489,-0.00010406,0.0065204
0.11404,-0.0012738,0.0084962
0.072531,-0.014965,0.0070827
0.05159,0.013876,0.0091635
0.035885,-0.022996,0.00826
0.044859,0.024456,0.0087211
0.039624,-0.025076,0.010967
0.055703,0.011492,0.006779
0.040746,0.0030114,0.01412
0.042616,-0.041332,0.0046608
0.0048478,0.085137,0.017329
-0.032546,-0.19646,0.00093785
-0.038903,0.90293,0.046145
-0.053861,2.2562,0.37613
0.15629,1.9155,0.76194
0.093097,1.8769,1.0888
0.12862,1.9311,1.4276
0.39935,1.8667,1.7326
0.13273,1.9437,2.0282
0.31073,1.9008,2.3028
0.47115,1.9857,2.5642
0.20603,1.9869,2.8179
0.49284,2.0049,3.0537
0.51041,2.0197,3.2779
0.48536,2.037,3.4883
0.68504,2.0783,3.6932
0.65999,2.0723,3.8855
0.75871,2.07,4.0637
0.66672,2.0609,4.2282
0.60988,2.0563,4.3789
0.63045,2.0273,4.5156
0.46816,1.9937,4.635
0.45806,1.9629,4.7383
0.4274,1.9268,4.8267
0.35897,1.91,4.9037
0.40085,1.8809,4.9696
0.45245,1.8382,5.0225
0.45694,1.7959,5.0623
0.44759,1.743,5.0874
0.41842,1.6981,5.0991
0.30101,1.6569,5.1016
0.11628,1.6035,5.0938
-0.044512,1.5551,5.0741
-0.1623,1.5146,5.046
-0.32459,1.4668,5.01
-0.40574,1.4133,4.9653
-0.41284,1.3548,4.9129
-0.46706,1.3014,4.8523
-0.43042,1.2442,4.7818
-0.41209,1.1728,4.7015
-0.44724,1.1127,4.6137
-0.46594,1.0582,4.5195
-0.51007,0.99874,4.4191
-0.51119,0.92426,4.3118
-0.54035,0.85259,4.1958
-0.56092,0.78861,4.0734
-0.52353,0.71551,3.9445
-0.52502,0.66873,3.8113
-0.49174,0.60464,3.6767
-0.41135,0.51328,3.5337
-0.39714,0.45512,3.3847
-0.39265,0.39968,3.2351
-0.35301,0.31443,3.0809
-0.35862,0.23362,2.9188
-0.34254,0.15697,2.7523
-0.28084,0.052232,2.5779
-0.21017,-0.030111,2.3952
-0.14435,-0.13118,2.207
-0.06994,-0.21329,2.0123
0.023171,-0.30286,1.8159
0.057199,-0.40101,1.6118
0.10357,-0.47912,1.4093
0.14956,-0.62406,1.1992
0.16041,-0.66674,0.98881
0.13423,-0.82956,0.77595
0.05346,-0.86103,0.55318
0.04112,-0.99436,0.34309
0.003352,-1.1201,0.10131
0.033267,-0.31029,-0.031834
0.13535,0.018424,-0.0096385
0.12451,-0.15197,-0.011337
0.20042,-0.0252,-0.014168
0.19743,-0.079291,-0.010268
0.14096,-0.041339,-0.014891
0.20603,-0.042719,-0.011161
0.16228,-0.052725,-0.014966
0.14358,-0.02676,-0.013174
0.14844,-0.047833,-0.014422
0.09908,-0.025695,-0.014947
0.091601,-0.036867,-0.014737
0.071783,-0.029088,-0.016023
0.089732,-0.029384,-0.015375
0.093471,-0.029702,-0.016305
0.076644,-0.024979,-0.016724
0.085992,-0.026347,-0.017204
0.06206,-0.021676,-0.017246
0.072157,-0.02646,-0.017853
0.083001,-0.025541,-0.018895
0.1088,-0.022482,-0.019848
0.18172,-0.024626,-0.020849
0.21126,-0.025399,-0.02206
0.24604,-0.017005,-0.022821
0.26922,-0.018902,-0.022971
0.25239,-0.020776,-0.024152
0.24492,-0.014991,-0.023825
0.19855,-0.022508,-0.024961
0.17462,-0.011122,-0.025141
0.15143,-0.023884,-0.025265
0.087488,-0.010024,-0.0269
0.066174,-0.021575,-0.025351
0.033641,-0.020446,-0.028283
0.039998,-0.0016187,-0.025692
0.050468,-0.043278,-0.028718
0.0744,0.022221,-0.027233
0.091228,-0.059481,-0.02732
0.063556,0.029592,-0.030806
0.079261,-0.044938,-0.023241
0.0059696,-0.015348,-0.037881
0.020553,0.059419,-0.011097
-0.072183,-1.4558,-0.1375
-0.04339,-2.2254,-0.52206
0.13834,-1.8018,-0.8819
-0.062087,-1.9407,-1.2129
0.27221,-1.8863,-1.5445
0.45208,-1.9022,-1.8421
0.26997,-1.9335,-2.1335
0.69289,-1.9251,-2.4008
0.49658,-1.9996,-2.6621
0.36383,-1.9865,-2.9098
0.62222,-2.0198,-3.1424
0.41805,-2.0213,-3.3623
0.59193,-2.0595,-3.571
0.67083,-2.0759,-3.7726
0.66447,-2.0705,-3.9599
0.75123,-2.0736,-4.1346
0.5751,-2.0639,-4.2952
0.61362,-2.0533,-4.4428
0.49658,-2.0169,-4.5743
0.38963,-1.9861,-4.6881
0.44011,-1.9563,-4.7873
0.32756,-1.9316,-4.873
0.3298,-1.9102,-4.9475
0.38851,-1.8748,-5.0099
0.43226,-1.8332,-5.059
0.46105,-1.7845,-5.0941
0.44011,-1.7377,-5.1162
0.38215,-1.6952,-5.1263
0.26025,-1.6512,-5.1256
0.097584,-1.6029,-5.1149
-0.041894,-1.5488,-5.0936
-0.19446,-1.5014,-5.0625
-0.35787,-1.4603,-5.0236
-0.3762,-1.4122,-4.9771
-0.39414,-1.3555,-4.9222
-0.42705,-1.2938,-4.8587
-0.37769,-1.2301,-4.7856
-0.38554,-1.1707,-4.7038
-0.41957,-1.1105,-4.6145
-0.4465,-1.0526,-4.5185
-0.47192,-0.99383,-4.4172
-0.48352,-0.91286,-4.3071
-0.50072,-0.84478,-4.1879
-0.50483,-0.78498,-4.0643
-0.46669,-0.71339,-3.9349
-0.44724,-0.66188,-3.8015
-0.41658,-0.58872,-3.6642
-0.35077,-0.50584,-3.5183
-0.35525,-0.45558,-3.3686
-0.33394,-0.3892,-3.2183
-0.30851,-0.29328,-3.0609
-0.33282,-0.22499,-2.8963
-0.30963,-0.13975,-2.7282
-0.24906,-0.031086,-2.5496
-0.16754,0.050875,-2.3642
-0.081906,0.1538,-2.1726
0.023171,0.22493,-1.9764
0.1002,0.33519,-1.7762
0.1346,0.41281,-1.5701
0.17499,0.51834,-1.3666
0.18322,0.63345,-1.1535
0.20191,0.69565,-0.94451
0.16115,0.86036,-0.72337
0.087114,0.839,-0.5071
0.10058,1.1083,-0.28622
0.045233,0.91843,-0.053909
0.070287,0.055584,0.01238
0.15405,0.042552,-0.015555
0.13161,0.10034,-0.0038573
0.20191,0.010457,-0.008525
0.18097,0.068402,-0.0061818
0.15293,0.0080163,-0.0056869
0.19406,0.044112,-0.0068792
0.13311,0.016545,-0.0038761
0.17424,0.017539,-0.0060843
0.15442,0.024276,-0.0034899
0.1017,0.0091747,-0.004311
0.10843,0.019027,-0.0032875
0.073652,0.0032625,-0.00295
0.1088,0.0091485,-0.002995
0.093097,0.0076414,-0.0017278
0.10319,0.0056994,-0.0015778
0.1174,0.0043873,-0.0013042
0.063182,0.0018267,-0.00098172
0.096089,0.0023665,-0.00013816
0.11366,0.0037274,0.00021801
0.13199,0.0035587,0.00060417
0.19144,0.0014893,0.0010428
0.24679,0.0018679,0.0010691
0.27857,-0.0018361,0.0011178
0.26287,-0.0026047,0.0014027
0.26436,-0.0001303,0.0014215
0.24903,-0.0016074,0.0012415
0.19556,-0.00085386,0.0013315
0.16228,-0.0013112,0.0013015
0.12787,-0.0036694,0.0012603
0.097211,-0.00608,0.0014102
0.078514,-0.0082169,0.001399
0.048225,-0.0079657,0.0013653
0.04972,-0.0079695,0.0013615
0.087862,-0.0067735,0.0015565
