0.041868,-0.016682,0.00081038
0.041494,-0.020274,0.00090786
0.045233,-0.018872,0.0012378
0.031023,-0.012243,0.0016952
0.048972,-0.015438,0.0019351
0.057199,-0.016,0.0022838
0.051216,-0.014058,0.0024975
0.040746,-0.013484,0.0022276
0.04112,-0.014155,0.00267
0.050094,-0.020038,0.0026662
0.03738,-0.0038868,0.0032548
0.057947,-0.025252,0.0029362
0.069539,-0.0088805,0.0030824
0.060565,-0.021766,0.0036372
0.072157,-0.017544,0.0025013
0.04972,-0.0072159,0.0042259
0.051216,-0.042468,0.0022538
0.067669,0.022832,0.0044058
0.066548,-0.067193,0.0027562
0.055329,0.02837,0.0034985
0.059443,-0.059953,0.0047395
0.077392,-0.00014905,0.00054044
0.027658,-0.0015324,0.0086611
0.059443,-0.14974,-0.0083938
0.042616,1.9038,0.078684
0.18808,3.1239,0.30526
0.393,2.6727,0.49826
0.37991,3.0135,0.66635
0.60988,2.9097,0.8215
0.68355,3.0895,0.94623
0.64802,3.2359,1.0525
0.42104,3.3125,1.1311
-0.21877,3.5689,1.1869
-0.61402,3.4245,1.2283
-0.59794,3.3965,1.2609
-0.30814,2.6872,1.2951
-0.083776,2.1306,1.3454
0.20117,2.1244,1.3914
0.37392,1.9893,1.4266
0.28568,1.983,1.4533
0.43375,1.8831,1.4673
0.52724,1.8288,1.4713
0.41319,1.775,1.4626
0.26997,1.6812,1.4454
-0.051243,1.6155,1.419
-0.43752,1.5163,1.3848
-0.55643,1.4364,1.3445
-0.34478,1.3257,1.2944
-0.02058,1.2233,1.237
0.17985,1.1077,1.1723
0.1619,1.0021,1.1029
-0.10659,0.87192,1.0288
-0.51605,0.74124,0.94799
-0.74041,0.63537,0.86664
-0.82305,0.49628,0.78192
-0.7348,0.38134,0.69599
-0.4895,0.23021,0.60367
-0.34291,0.12158,0.50956
-0.17016,-0.061847,0.40962
0.092723,-0.19522,0.29899
0.36757,-0.35601,0.19131
0.44796,-0.59289,0.061993
0.568,-0.21906,-0.0098672
0.5407,0.035174,0.0032061
0.059817,-0.07778,0.0029549
-0.26663,-0.011685,0.0016614
-0.52689,-0.036447,0.0038285
-0.66525,-0.028672,0.0012903
-0.48202,-0.019903,0.0033148
-0.17427,-0.02361,0.0015527
0.16975,-0.0082732,0.0026812
0.39075,-0.026002,0.0019576
0.52387,-0.010429,0.0018901
0.522,-0.017811,0.0021751
0.51116,-0.011805,0.0014177
0.45918,-0.011921,0.0017514
0.34251,-0.018519,0.0012003
0.26586,-0.010444,0.0011178
0.057947,-0.013567,0.00097159
-0.049373,-0.01934,0.00076914
-0.019832,-0.021897,0.00070915
0.011579,-0.015985,0.00060417
0.19518,-0.016596,0.00032673
0.35411,-0.015595,-8.5674e-05
0.36794,-0.013747,-8.1924e-05
0.32943,-0.016693,-4.8182e-05
0.17424,-0.01104,-8.5674e-05
-0.05573,-0.011614,-1.4439e-05
-0.16118,-0.011595,-0.00022064
-0.14286,-0.0082357,-0.00014941
-0.12902,-0.0088992,7.5541e-05
-0.028059,-0.0060013,-8.5674e-05
0.10058,-0.01059,-3.1919e-06
0.088236,-0.014601,1.1805e-05
0.080009,-0.0083519,-0.00012691
0.14096,-0.0048953,0.00010553
0.10095,-0.0077071,0.00021051
0.043363,-0.0090117,-4.0684e-05
0.031397,-0.007992,4.1798e-05
-0.12902,-0.010031,0.00015427
-0.33394,-0.0085618,-8.5674e-05
-0.38667,-0.0078495,6.0544e-05
-0.29318,-0.0083594,7.5541e-05
-0.13613,-0.0053902,3.8049e-05
0.065052,-0.0070022,0.00022551
0.261,-0.0069985,4.9296e-05
0.29502,-0.0042992,8.3039e-05
0.26025,-0.0035644,0.00020676
0.23108,-0.0076696,7.5541e-05
0.15554,-0.011505,-0.00041935
0.083001,-0.0074146,-0.001023
0.050094,-0.0092179,-0.0012554
0.017936,-0.0091504,-0.0017316
-0.078914,-0.0065749,-0.0018628
-0.083402,-0.012907,-0.002099
0.01831,-0.0054689,-0.0025114
0.13124,-0.0126,-0.0027026
0.29091,-0.010954,-0.0034037
0.38888,-0.005124,-0.0025114
0.38365,-0.015662,-0.0037074
0.31148,0.0031688,-0.0030738
0.20079,-0.02577,-0.00322
0.08861,0.0057969,-0.0041798
0.012327,-0.015348,-0.0021477
0.0078393,-0.015809,-0.005252
-0.015345,0.0091785,-0.0014429
-0.040399,-0.044335,-0.0058931
0.028406,0.051539,-0.0015816
0.022423,-0.089788,-0.0039361
0.02504,0.11333,-0.004371
0.078888,-0.3012,0.0011778
0.060565,-1.6872,-0.17573
0.087488,-1.801,-0.45064
0.014944,-1.6533,-0.66352
0.012327,-1.8023,-0.87496
0.092349,-1.7442,-1.0587
0.14507,-1.8545,-1.2196
0.36196,-1.8211,-1.3639
0.47003,-1.8344,-1.4825
0.52013,-1.8534,-1.59
0.60053,-1.8451,-1.6795
0.55902,-1.8505,-1.7565
0.49957,-1.8133,-1.8166
0.49508,-1.8216,-1.8642
0.3986,-1.7984,-1.9008
0.31297,-1.7649,-1.9267
0.24978,-1.7273,-1.943
0.013074,-1.6759,-1.9468
-0.029181,-1.6263,-1.9408
0.23594,-1.5776,-1.9245
0.14545,-1.5198,-1.8982
-0.15295,-1.4364,-1.8625
0.0067175,-1.3605,-1.8186
0.053834,-1.2908,-1.7689
0.054956,-1.1963,-1.7128
0.13498,-1.0926,-1.6475
-0.12827,-1.0019,-1.5742
-0.26701,-0.89845,-1.4965
-0.29954,-0.78446,-1.4111
-0.37395,-0.69897,-1.3214
-0.37021,-0.59464,-1.2297
-0.34927,-0.49468,-1.1353
-0.38367,-0.36613,-1.0365
-0.47529,-0.25828,-0.93163
-0.49137,-0.14,-0.82587
-0.45921,0.021037,-0.70828
-0.41957,0.1219,-0.58844
-0.37171,0.31112,-0.45898
-0.32123,0.37193,-0.32648
-0.32235,0.60637,-0.19159
-0.4091,0.64683,-0.04052
-0.30889,0.057087,0.012302
-0.14697,-0.024251,-0.0072166
-0.046382,0.062283,-0.0008505
0.15181,-0.016817,-0.003145
0.20154,0.028797,-0.0029313
0.16714,-0.0071672,-0.0017915
0.15218,0.015151,-0.0031187
0.1174,-0.00098883,-0.0011992
0.14096,-0.0061325,-0.0029088
0.11927,0.0085936,-0.0014804
0.11553,-0.0075084,-0.0017653
0.18471,0.0036337,-0.0011842
0.20341,-0.001195,-0.0010042
0.22734,0.0013431,-0.0011467
0.35373,-0.0026684,-0.00059931
0.45918,-0.0017649,-0.00068179
0.49695,-0.0014912,-0.00024689
0.54556,-0.0055664,-0.00033687
0.5321,-0.0016786,-5.568e-05
0.43151,-0.0015662,0.00036423
0.35111,0.00051078,0.00081413
0.31522,-0.0040368,0.0010016
0.25352,-0.010204,0.0010166
0.20528,-0.0036619,0.0011103
0.18209,-0.00118,0.00099034
0.13236,-0.0090454,0.0011441
0.09048,-0.010339,0.0010653
0.022049,-0.0080332,0.0010841
-0.048251,-0.010718,0.0011478
-0.09088,-0.0097878,0.0009416
-0.13762,-0.0069722,0.00089661
-0.17165,-0.0065449,0.00098659
-0.21428,-0.0049403,0.0013915
-0.22924,-0.0014874,0.0019239
-0.24906,-0.0019673,0.0025987
-0.25205,-0.0043554,0.0031424
-0.2068,-0.007722,0.0037235
-0.14174,-0.0066573,0.0041734
-0.073679,-0.00121,0.0050844
-0.10135,-0.0096078,0.0050282
-0.12977,-0.0018886,0.0053619
-0.1537,-0.012315,0.005988
-0.18063,-0.0026271,0.0056805
-0.13725,-0.0039918,0.0071952
-0.088637,-0.014032,0.0055118
-0.037033,0.0073602,0.0078626
0.048225,-0.027659,0.0063929
0.14208,0.019687,0.0072627
0.17125,-0.031558,0.0083574
0.20603,0.0195,0.0055456
0.30288,-0.013556,0.011368
0.35934,-0.020994,0.0022988
0.36233,0.06682,0.015935
0.35523,-0.18491,-0.0042472
0.27446,1.0758,0.059354
0.25688,2.3186,0.38552
0.39337,1.9503,0.73085
0.33952,2.0121,1.0259
0.53397,2.0972,1.3284
0.82676,2.1266,1.5931
0.76469,2.2907,1.8484
1.0736,2.3332,2.0815
1.1409,2.4728,2.2986
1.1506,2.5367,2.4999
1.3043,2.628,2.6823
1.1158,2.6884,2.8513
1.0152,2.7239,3.0008
0.43076,2.731,3.1341
0.27969,2.679,3.2499
0.25913,2.6397,3.3547
-0.32459,2.5893,3.4473
-0.23298,2.5422,3.5264
-0.21652,2.4936,3.5924
-0.23559,2.4196,3.6462
-0.041521,2.3346,3.6896
-0.21054,2.2653,3.721
-0.39527,2.1957,3.7418
-0.41658,2.1306,3.7519
-0.30739,2.0789,3.7512
-0.27448,2.0071,3.743
-0.35226,1.927,3.7274
-0.30963,1.8546,3.7027
-0.12453,1.7754,3.6699
-0.1178,1.6964,3.6284
-0.0045007,1.6035,3.5775
-0.027685,1.5185,3.5191
-0.55344,1.4578,3.4527
-0.6387,1.3767,3.3781
-0.89672,1.2938,3.2974
-1.2262,1.2101,3.2102
-1.0422,1.1168,3.1151
-1.0538,1.0349,3.0125
-0.85035,0.95288,2.9042
-0.53961,0.86498,2.7915
-0.27785,0.77023,2.6724
-0.075923,0.68711,2.549
0.042242,0.60596,2.4239
0.11853,0.51903,2.2959
-0.059096,0.41768,2.1627
-0.10995,0.32671,2.0246
-0.26401,0.21673,1.882
-0.34142,0.10039,1.7295
-0.27598,-0.0021135,1.5733
-0.25429,-0.13611,1.4086
-0.081158,-0.21808,1.2408
-0.016093,-0.36838,1.0685
0.17237,-0.45286,0.89023
0.30774,-0.5876,0.71321
0.34625,-0.69622,0.52248
0.38103,-0.76642,0.34499
0.32681,-1.0281,0.14011
0.41581,-0.47212,-0.013774
0.4517,0.046699,-0.011277
0.51752,-0.11978,-0.0022002
0.57024,-0.036676,-0.0097735
0.58109,-0.054866,-0.0037524
0.55566,-0.052504,-0.008825
0.45843,-0.020038,-0.0058744
0.37318,-0.053194,-0.0081951
0.16228,-0.019843,-0.0075728
0.063182,-0.038591,-0.0074528
-0.10584,-0.020967,-0.0087425
-0.22138,-0.032458,-0.007779
-0.17016,-0.028968,-0.0090462
-0.2513,-0.018081,-0.0085026
-0.14622,-0.032567,-0.0095373
-0.075923,-0.021916,-0.0097585
-0.025067,-0.021841,-0.0099122
0.071409,-0.019591,-0.01061
0.043363,-0.018189,-0.010561
0.045233,-0.021248,-0.011108
-0.016093,-0.017807,-0.011521
-0.059844,-0.018388,-0.011806
-0.13239,-0.01612,-0.012169
-0.20119,-0.013597,-0.012229
-0.19222,-0.01603,-0.012308
-0.19633,-0.01363,-0.012267
-0.1279,-0.012442,-0.012057
-0.064331,-0.015228,-0.012083
-0.0011352,-0.01567,-0.012567
0.065052,-0.017871,-0.013436
0.14358,-0.017796,-0.013909
0.21949,-0.016708,-0.01461
0.22323,-0.014275,-0.015262
0.24828,-0.017754,-0.015483
0.25539,-0.013402,-0.016342
0.24828,-0.01167,-0.016162
0.22285,-0.019505,-0.017208
0.2408,-0.0047153,-0.017133
0.25539,-0.026538,-0.017692
0.17611,-0.0065336,-0.018539
0.17761,-0.02072,-0.017321
0.14246,-0.019464,-0.019964
0.071035,0.00016962,-0.017246
0.044111,-0.036631,-0.02083
-0.0033789,0.023151,-0.018232
-0.050869,-0.058304,-0.019469
-0.045634,0.03673,-0.02101
-0.0033789,-0.058244,-0.015663
-0.026937,0.01839,-0.02777
0.033267,-0.012776,-0.0028451
0.052338,-1.5707,-0.14819
0.1189,-2.1718,-0.5189
0.16788,-1.7467,-0.84792
0.034389,-1.8672,-1.1561
0.28044,-1.7889,-1.4581
0.37579,-1.8341,-1.7306
0.30662,-1.8531,-1.9977
0.50331,-1.8433,-2.2401
0.38327,-1.8926,-2.4744
0.37505,-1.8784,-2.691
0.51303,-1.9224,-2.8951
0.50892,-1.9043,-3.0845
0.58071,-1.9065,-3.254
0.60801,-1.8986,-3.4083
0.63381,-1.8923,-3.5448
0.56538,-1.8991,-3.6684
0.5407,-1.8821,-3.7767
0.48947,-1.8718,-3.869
0.35373,-1.8599,-3.9466
0.39636,-1.8479,-4.0102
0.36084,-1.8289,-4.0602
0.27894,-1.8038,-4.0964
0.22734,-1.7803,-4.1197
0.18135,-1.7569,-4.131
0.17985,-1.7281,-4.1317
0.14657,-1.7018,-4.1224
0.13086,-1.6717,-4.1035
0.092349,-1.6266,-4.0739
-0.0033789,-1.5823,-4.034
-0.15669,-1.5334,-3.9857
-0.20904,-1.4755,-3.9277
-0.23522,-1.4165,-3.8604
-0.35675,-1.3507,-3.7847
-0.36834,-1.2881,-3.7008
-0.38667,-1.2295,-3.6112
-0.47828,-1.1613,-3.5157
-0.52203,-1.0828,-3.412
-0.51081,-1.0008,-3.3012
-0.53213,-0.92453,-3.1838
-0.52091,-0.84665,-3.0609
-0.46519,-0.76237,-2.9324
-0.45734,-0.69349,-2.8006
-0.46482,-0.61533,-2.6672
-0.47529,-0.52834,-2.529
-0.44126,-0.4399,-2.3868
-0.42556,-0.3412,-2.2389
-0.35525,-0.24082,-2.0862
-0.31973,-0.11267,-1.9241
-0.31936,-0.019393,-1.7559
-0.23447,0.10857,-1.5834
-0.22625,0.20867,-1.4026
-0.14024,0.3206,-1.2229
-0.035164,0.4527,-1.0335
0.060191,0.52395,-0.84821
0.15741,0.69668,-0.65343
0.17499,0.70501,-0.46022
0.30662,0.96658,-0.26442
0.34924,0.85542,-0.053807
0.4001,0.058718,0.012403
0.5164,0.017479,-0.013556
0.48125,0.088219,-0.0038386
0.49957,-0.0023347,-0.007494
0.45096,0.059621,-0.0059606
0.35186,0.0048521,-0.0048734
0.31933,0.032486,-0.0061031
0.24903,0.013587,-0.0034487
0.22136,0.011837,-0.0056869
0.15966,0.015893,-0.0033624
0.11778,0.0028802,-0.0040148
0.13236,0.01427,-0.00331
0.090106,0.0048146,-0.0029088
0.063556,0.011079,-0.0027101
0.04112,0.0029139,-0.0018515
0.03065,0.0032176,-0.0021327
0.026162,0.0046309,-0.0012854
-0.013849,0.0019654,-0.0011054
-0.032546,0.0010844,-0.00082051
-0.027311,-0.0024809,-0.00034812
-0.044886,-0.00084637,7.1791e-05
-0.054982,0.0038586,0.0011066
-0.041894,0.0040798,0.0023325
-0.058348,-0.00075639,0.0028012
-0.088637,0.0030451,0.0032098
-0.11107,-0.0012063,0.0039784
-0.1451,0.00082194,0.0044508
-0.1709,-0.0033432,0.0053769
-0.16716,-0.0047303,0.0052007
-0.13276,0.0090623,0.0063142
-0.059844,-0.010493,0.0062879
-0.013475,0.0074502,0.0069403
0.020553,-0.0082919,0.0078851
0.085245,0.0048409,0.0067678
0.1103,-0.0046141,0.0096022
0.15255,-0.020652,0.0065016
0.17611,0.021576,0.010348
0.15031,-0.043551,0.0077088
0.13797,0.042683,0.0095084
0.12077,-0.06098,0.011049
0.12077,0.05098,0.0053956
0.096089,-0.03614,0.018364
0.129,0.00038706,-0.0081351
0.14171,1.6871,0.14791
0.23145,2.3035,0.53835
0.35224,1.8559,0.8838
0.25539,2.026,1.2165
0.41842,1.9332,1.5447
0.48798,1.9745,1.8387
0.37505,2.0047,2.1259
0.53285,2.0128,2.3884
0.45806,2.0811,2.645
0.45769,2.0712,2.8837
0.60764,2.1377,3.1105
0.55229,2.16,3.3272
0.61025,2.2102,3.5313
0.64615,2.2398,3.7256
0.6454,2.2651,3.904
0.66709,2.2914,4.0703
0.63306,2.306,4.2213
0.62596,2.3232,4.3572
0.61287,2.3169,4.476
0.5766,2.3301,4.5767
0.50705,2.3319,4.6633
0.4087,2.3187,4.7358
0.30998,2.314,4.7946
0.304,2.3041,4.8406
0.24903,2.2782,4.8735
0.14919,2.2472,4.8934
0.10132,2.2183,4.9016
-0.022076,2.1669,4.8986
-0.1193,2.1115,4.8836
-0.22699,2.072,4.8588
-0.30253,2.0175,4.8258
-0.35563,1.9599,4.7841
-0.45734,1.917,4.7345
-0.45098,1.8567,4.6773
-0.4637,1.7809,4.611
-0.45173,1.7097,4.5357
-0.3818,1.6336,4.4531
-0.36535,1.5598,4.3631
-0.3216,1.4873,4.2657
-0.32347,1.4134,4.1618
-0.36236,1.3334,4.0522
-0.43079,1.2396,3.9355
-0.52315,1.1627,3.8111
-0.57363,1.0858,3.6819
-0.63272,0.999,3.548
-0.66076,0.91908,3.4089
-0.64506,0.83557,3.2663
-0.59644,0.76112,3.121
-0.53661,0.68283,2.9735
-0.45622,0.58662,2.8225
-0.33843,0.49953,2.6668
-0.25317,0.39238,2.5068
-0.18212,0.2824,2.3393
-0.13725,0.17128,2.1665
-0.10995,0.049315,1.9857
-0.0662,-0.040263,1.8017
-0.041521,-0.17855,1.6127
-0.0071182,-0.27102,1.419
0.039624,-0.41132,1.2239
0.049346,-0.51611,1.0202
0.066174,-0.61192,0.82341
0.072531,-0.77692,0.61301
0.070287,-0.79248,0.41244
0.12077,-1.0949,0.19754
0.12488,-0.75108,-0.0047496
0.17611,-0.0037968,-0.037307
0.2236,-0.098804,-0.015678
0.20565,-0.090594,-0.027072
0.27558,-0.041021,-0.020447
0.261,-0.080472,-0.024429
0.25875,-0.032687,-0.023139
0.30549,-0.068812,-0.023709
0.25539,-0.035648,-0.025044
0.24866,-0.04973,-0.023469
0.1963,-0.041433,-0.025689
0.10992,-0.038663,-0.024425
0.050468,-0.04468,-0.025704
-0.028807,-0.034381,-0.025659
-0.048625,-0.040327,-0.026169
-0.056852,-0.033178,-0.026615
-0.043016,-0.035161,-0.026424
-0.019458,-0.031041,-0.027316
0.020553,-0.036398,-0.027511
0.1088,-0.034842,-0.028174
0.1376,-0.028458,-0.028598
0.17237,-0.034869,-0.029434
0.19182,-0.03518,-0.030949
0.14956,-0.031836,-0.031327
0.12451,-0.029991,-0.031946
0.064678,-0.025871,-0.032407
-0.013101,-0.02977,-0.033183
-0.045634,-0.023659,-0.034061
-0.046756,-0.031851,-0.033603
-0.053113,-0.027479,-0.034968
-0.058722,-0.017672,-0.034537
-0.020206,-0.037943,-0.035879
0.019805,-0.01059,-0.035422
0.028406,-0.035896,-0.035958
0.072531,-0.007036,-0.037337
0.093845,-0.030756,-0.034983
0.07627,-0.028192,-0.039369
0.083749,-0.0029571,-0.034301
0.051964,-0.064827,-0.040532
0.059817,0.044041,-0.035009
0.022423,-0.11894,-0.039043
0.014944,0.13199,-0.039512
0.020927,-0.40718,-0.033468
-0.054234,-2.0389,-0.285
0.095341,-2.0829,-0.68587
0.010083,-1.8816,-1.0164
0.013448,-2.053,-1.3539
0.38066,-1.9554,-1.6653
0.35037,-2.0546,-1.9558
0.49321,-2.0307,-2.233
0.67719,-2.088,-2.4892
0.522,-2.1249,-2.7396
0.63493,-2.1453,-2.9709
0.70112,-2.2075,-3.1942
0.68168,-2.2276,-3.405
0.77815,-2.2796,-3.6052
0.81742,-2.2952,-3.7932
0.81816,-2.3199,-3.9666
0.77553,-2.343,-4.1278
0.75198,-2.3555,-4.2748
0.71757,-2.3478,-4.4055
0.69925,-2.3371,-4.5169
0.69476,-2.3452,-4.6138
0.69663,-2.3405,-4.6979
0.67233,-2.328,-4.7679
0.65251,-2.3144,-4.8243
0.65662,-2.292,-4.8675
0.57361,-2.2651,-4.8977
0.5063,-2.2384,-4.9157
0.36682,-2.2005,-4.9219
0.19668,-2.1568,-4.9163
0.020927,-2.1142,-4.8995
-0.16567,-2.0703,-4.8728
-0.28608,-2.0273,-4.8376
-0.42107,-1.9758,-4.7944
-0.46257,-1.921,-4.7423
-0.4966,-1.8563,-4.6815
-0.52502,-1.787,-4.6121
-0.50707,-1.725,-4.5351
-0.53362,-1.6452,-4.4502
-0.52054,-1.5687,-4.3565
-0.53774,-1.498,-4.2561
-0.5497,-1.4205,-4.1504
-0.52951,-1.3465,-4.0391
-0.56503,-1.2601,-3.9211
-0.60692,-1.1737,-3.7963
-0.61327,-1.0855,-3.6654
-0.63982,-0.9984,-3.5282
-0.70937,-0.92113,-3.387
-0.70414,-0.83657,-3.2431
-0.709,-0.76136,-3.0962
-0.7176,-0.67473,-2.9475
-0.67348,-0.57759,-2.7939
-0.62673,-0.49621,-2.6367
-0.50184,-0.38081,-2.4737
-0.39788,-0.27049,-2.3035
-0.26701,-0.15292,-2.1272
-0.14921,-0.045999,-1.9431
-0.075549,0.06797,-1.7571
0.050094,0.19177,-1.5631
0.061686,0.28503,-1.3692
0.073652,0.44499,-1.169
0.10207,0.50683,-0.9683
0.095715,0.67609,-0.76689
0.11666,0.7434,-0.55559
0.13012,0.88336,-0.35781
0.16751,1.0741,-0.1278
0.19817,0.3237,0.0094822
0.26698,-0.05845,-0.0084801
0.30325,0.12056,-0.0095448
0.3212,0.0046347,-0.0052558
0.38589,0.050286,-0.0093124
0.33765,0.022877,-0.0044947
0.31896,0.018847,-0.0079927
0.34551,0.028313,-0.0045097
0.27595,0.0041473,-0.0059494
0.261,0.027136,-0.0049633
0.23295,-0.0015062,-0.0043672
0.14919,0.010333,-0.0045884
0.12264,0.0057331,-0.0033025
0.089358,0.010791,-0.0037861
0.038876,0.0078326,-0.0028076
-0.0097358,-0.0027921,-0.0028376
-0.033294,0.0067791,-0.0020465
-0.040399,-0.00051645,-0.0015141
-0.052739,0.0033863,-0.0011842
-0.022076,0.0083575,1.1805e-05
0.011205,0.0066254,0.0011478
0.042242,0.0073677,0.0021863
0.076644,0.0023253,0.0032698
0.077766,-0.00096258,0.0037535
0.080383,0.0047921,0.0048407
0.040372,-0.0053977,0.0052381
0.003726,0.002344,0.0052981
-0.03292,-0.00139,0.0066328
-0.092376,-0.0036956,0.0057818
-0.076671,0.0044772,0.0077913
-0.071436,-0.011329,0.0067491
-0.069192,0.019121,0.0081475
-0.024319,-0.025076,0.0083687
0.015692,0.016628,0.0072477
0.069539,-0.011793,0.010847
0.13685,-0.0051915,0.005913
0.1533,0.027744,0.013396
0.16078,-0.061869,0.0048032
0.1462,0.10367,0.014555
0.12713,-0.19858,0.0052869
0.12413,0.6686,0.024966
0.097211,2.2742,0.32681
0.25913,2.0962,0.72204
0.22659,1.9774,1.0522
0.23071,2.096,1.3972
0.51976,2.0179,1.7066
0.40608,2.14,2.0022
0.4603,2.0995,2.2809
0.60913,2.1829,2.5425
0.52313,2.2199,2.7957
0.69626,2.2504,3.0298
0.76357,2.2998,3.2557
0.7789,2.3253,3.4658
0.8664,2.3827,3.6669
0.92586,2.4038,3.8571
1.0051,2.4382,4.0353
0.99092,2.4616,4.2024
1.0167,2.4881,4.3553
0.99279,2.5001,4.4963
0.94755,2.4924,4.623
0.91352,2.4806,4.7332
0.85257,2.4678,4.8267
0.82041,2.466,4.9054
0.79311,2.4354,4.9723
0.80321,2.4072,5.0266
0.76058,2.3973,5.0672
0.70523,2.3605,5.0953
0.58408,2.32,5.1108
0.3986,2.2835,5.1153
0.19518,2.2427,5.1087
-0.038529,2.1916,5.0902
-0.21204,2.1392,5.0615
-0.41284,2.0942,5.0243
-0.53288,2.0394,4.9787
-0.56653,1.9804,4.9248
-0.6488,1.9212,4.864
-0.66413,1.85,4.7946
-0.62374,1.7737,4.7158
-0.58897,1.7085,4.6298
-0.54634,1.6326,4.5367
-0.53437,1.5535,4.4361
-0.58747,1.4859,4.3287
-0.66749,1.4108,4.2163
-0.74527,1.3195,4.0977
-0.82193,1.2259,3.9708
-0.9027,1.1543,3.8386
-0.97188,1.0682,3.7028
-1.0055,0.97234,3.5613
-1.0515,0.90019,3.4156
-1.0912,0.81499,3.2676
-1.0631,0.72964,3.1169
-0.99768,0.64405,2.964
-0.9128,0.54962,2.806
-0.80136,0.46301,2.6444
-0.67048,0.34265,2.4767
-0.54895,0.23689,2.302
-0.4364,0.1219,2.122
-0.32721,0.016373,1.9351
-0.22176,-0.093439,1.7472
-0.11668,-0.22681,1.5506
-0.064331,-0.31663,1.3539
-0.041147,-0.47341,1.1511
-0.026937,-0.53731,0.94656
-0.032546,-0.70347,0.74307
-0.049747,-0.78099,0.52887
-0.025441,-0.90186,0.32918
0.055703,-1.1125,0.098184
0.1275,-0.38587,-0.045987
0.24716,0.030672,-0.030203
0.33653,-0.15492,-0.027533
0.41431,-0.039446,-0.032471
0.52425,-0.082702,-0.027556
0.51565,-0.061899,-0.032508
0.52238,-0.049771,-0.029029
0.51939,-0.064722,-0.031984
0.42478,-0.037894,-0.03033
0.36495,-0.066139,-0.031312
0.25501,-0.043589,-0.03204
0.13797,-0.049617,-0.031489
0.077766,-0.039255,-0.032782
0.027658,-0.04062,-0.032358
-0.021702,-0.042933,-0.033345
-0.070314,-0.031858,-0.033195
-0.058348,-0.040338,-0.033719
-0.06807,-0.034696,-0.034214
-0.056852,-0.037197,-0.034968
0.017562,-0.037605,-0.03643
0.055703,-0.032312,-0.036962
0.10992,-0.041429,-0.038031
0.14507,-0.032057,-0.039309
0.13049,-0.030614,-0.039549
0.10058,-0.037039,-0.04046
0.047477,-0.026632,-0.040434
-0.021328,-0.038063,-0.041356
-0.091254,-0.019966,-0.041743
-0.14174,-0.033054,-0.041465
-0.19521,-0.025549,-0.043171
-0.21428,-0.023592,-0.041465
-0.20755,-0.042535,-0.044326
-0.18511,-0.0085393,-0.042223
-0.11706,-0.062488,-0.044423
-0.021328,0.0039674,-0.044187
0.063182,-0.057093,-0.04238
0.12862,-0.0020348,-0.048041
0.17312,-0.023985,-0.038586
0.17312,-0.065408,-0.054377
0.20117,0.11474,-0.028857
0.096089,-1.2644,-0.12379
0.16041,-2.2694,-0.49763
0.27782,-1.9083,-0.86939
0.13161,-2.0787,-1.2021
0.45619,-2.0794,-1.541
0.62932,-2.0854,-1.8392
0.59679,-2.1647,-2.1309
0.92586,-2.1575,-2.3989
0.8305,-2.2546,-2.6578
0.80844,-2.256,-2.9025
0.99017,-2.3226,-3.1317
0.92922,-2.352,-3.352
1.0048,-2.3918,-3.5569
1.0915,-2.4382,-3.7543
1.1454,-2.4597,-3.9389
1.151,-2.4963,-4.1126
1.1502,-2.5071,-4.2741
1.1633,-2.5278,-4.4223
1.1446,-2.5406,-4.559
1.1166,-2.5254,-4.6806
1.0362,-2.5005,-4.7839
1.013,-2.491,-4.8715
0.90566,-2.4855,-4.9481
0.9008,-2.4633,-5.0124
0.89968,-2.4332,-5.0626
0.76955,-2.4021,-5.1
0.72131,-2.3676,-5.1247
0.5164,-2.3292,-5.1376
0.25651,-2.285,-5.1396
0.040372,-2.2332,-5.1301
-0.1724,-2.1797,-5.1095
-0.37806,-2.1292,-5.0794
-0.58635,-2.0797,-5.0413
-0.69816,-2.0262,-4.9957
-0.76173,-1.9638,-4.9415
-0.81146,-1.8967,-4.8786
-0.7965,-1.8291,-4.8072
-0.74378,-1.7603,-4.7285
-0.71648,-1.6862,-4.6419
-0.67871,-1.6088,-4.5466
-0.68507,-1.5351,-4.445
-0.72059,-1.4593,-4.3372
-0.74602,-1.3823,-4.2234
-0.83763,-1.3039,-4.1042
-0.88251,-1.2184,-3.9783
-0.95655,-1.1311,-3.8457
-1.0669,-1.0408,-3.7073
-1.0908,-0.9577,-3.5641
-1.1656,-0.88097,-3.4178
-1.1704,-0.79545,-3.2686
-1.0975,-0.71833,-3.1175
-1.0268,-0.62445,-2.9626
-0.88513,-0.533,-2.8028
-0.73817,-0.43831,-2.639
-0.58149,-0.31807,-2.4671
-0.45996,-0.21487,-2.2897
-0.30365,-0.085844,-2.1051
-0.18474,0.0050396,-1.916
-0.12678,0.13034,-1.724
-0.028807,0.23794,-1.5248
-0.0078661,0.34534,-1.3272
0.02878,0.48609,-1.1201
0.041868,0.56441,-0.91812
0.034389,0.74959,-0.70736
0.041868,0.76154,-0.49788
0.071409,1.0217,-0.28782
0.14582,0.92288,-0.062149
0.1892,0.077313,0.012294
0.31222,0.015357,-0.015251
0.40122,0.10029,-0.0050721
0.46105,-0.0027621,-0.0084501
0.52574,0.065174,-0.0073703
0.50966,0.0058119,-0.0056682
0.50256,0.03754,-0.0073591
0.42927,0.019604,-0.0045472
0.37692,0.00817,-0.0064368
0.30886,0.014993,-0.0041873
0.13872,0.0021903,-0.0047159
0.045607,0.019042,-0.0038911
-0.036285,0.0049384,-0.0035049
-0.1092,0.0094784,-0.0033624
-0.13388,0.0090848,-0.0024439
-0.15557,0.0055157,-0.0026089
-0.13201,0.0044285,-0.0018328
-0.098733,0.0056394,-0.0013079
-0.046382,0.011462,-0.00051683
0.02878,0.0096321,0.00089661
0.096089,0.0041398,0.0020401
0.16564,0.0052758,0.0031161
0.19668,0.0033863,0.0039597
0.18097,0.004571,0.0044283
0.14059,-0.00058019,0.0052381
0.077392,-0.0007189,0.0051182
-0.0056225,0.0030863,0.0064041
-0.075175,-0.0059713,0.0059842
-0.138,0.013996,0.0069553
-0.17651,-0.01137,0.0075101
-0.17016,0.01376,0.0070003
-0.15894,-0.0030658,0.009366
-0.095742,-0.0054164,0.0065279
-0.028807,0.013359,0.010918
0.052338,-0.036863,0.006869
0.13348,0.052416,0.010989
0.16078,-0.070424,0.0094934
0.18434,0.079634,0.0074389
0.16302,-0.090373,0.016441
0.14881,0.14061,-0.0055557
0.093097,1.8978,0.19197
0.21051,2.2779,0.59386
0.30549,1.9243,0.93619
0.22211,2.127,1.2769
0.47003,2.0339,1.6019
0.51228,2.1262,1.8969
0.48573,2.1399,2.1836
0.72019,2.1844,2.4463
0.68355,2.2492,2.7036
0.80395,2.2575,2.9421
0.96213,2.3312,3.1697
0.94493,2.3314,3.3844
1.0545,2.3892,3.5872
1.1076,2.4295,3.7811
1.1667,2.4521,3.9622
1.1547,2.4727,4.133
1.1053,2.4848,4.2906
1.1039,2.4999,4.4358
1.0193,2.4923,4.5678
0.96811,2.4765,4.684
0.94642,2.4473,4.7831
0.88809,2.434,4.8675
0.83536,2.4257,4.9394
0.84995,2.3989,4.9992
0.82377,2.3624,5.0462
0.75235,2.3294,5.0801
0.64578,2.2878,5.1019
0.51527,2.2381,5.1117
0.31148,2.2043,5.1105
-0.0018831,2.1494,5.0983
-0.20942,2.0931,5.0749
-0.47828,2.0478,5.0428
-0.69741,1.9897,5.0028
-0.78491,1.9385,4.9542
-0.92327,1.8761,4.8983
-0.95019,1.8055,4.8346
-0.88699,1.7285,4.7615
-0.78603,1.6569,4.6796
-0.71124,1.5975,4.5911
-0.66114,1.5149,4.4952
-0.66001,1.4413,4.3908
-0.65964,1.3797,4.2819
-0.74415,1.2864,4.1675
-0.97001,1.1955,4.0436
-0.97599,1.1268,3.9141
-0.96365,1.0466,3.7812
-1.0052,0.95525,3.6424
-1.0104,0.87162,3.4983
-1.0975,0.7987,3.3522
-1.0915,0.7214,3.2032
-1.0302,0.64156,3.0513
-0.92364,0.5497,2.8959
-0.80697,0.45903,2.7353
-0.71723,0.35661,2.5701
-0.57102,0.2461,2.3971
-0.45285,0.13985,2.2188
-0.28495,0.020039,2.0333
-0.10434,-0.068411,1.8453
0.033641,-0.20218,1.6516
0.14956,-0.29299,1.4522
0.16975,-0.42658,1.2532
0.10731,-0.53899,1.0453
0.020927,-0.62716,0.84395
-0.01871,-0.79563,0.6298
-0.073305,-0.805,0.42503
-0.049373,-1.1063,0.20796
0.01457,-0.80532,-0.0033212
0.081505,-0.017811,-0.044033
0.25464,-0.089188,-0.020507
0.34289,-0.10105,-0.032077
0.4532,-0.039746,-0.025689
0.54033,-0.089053,-0.029292
0.49919,-0.032004,-0.028381
0.4962,-0.067894,-0.028347
0.41356,-0.039049,-0.02997
0.30288,-0.048613,-0.028268
0.16714,-0.048957,-0.030514
0.044485,-0.041831,-0.02952
-0.011605,-0.046029,-0.030773
-0.096863,-0.038546,-0.030694
-0.098733,-0.044661,-0.031129
-0.11893,-0.031472,-0.031699
-0.1365,-0.035528,-0.031552
-0.11219,-0.036698,-0.032231
-0.10846,-0.035026,-0.03261
-0.062461,-0.039075,-0.033956
-0.011605,-0.037066,-0.034975
0.068791,-0.037864,-0.035834
0.1548,-0.036053,-0.037352
0.215,-0.028495,-0.037615
0.22771,-0.031495,-0.03829
0.21313,-0.025429,-0.038788
0.18209,-0.030584,-0.03892
0.10731,-0.026756,-0.040355
0.028406,-0.027517,-0.039291
-0.084897,-0.034078,-0.041188
-0.15108,-0.013372,-0.040333
-0.19857,-0.041662,-0.041345
-0.21503,-0.0068748,-0.042073
-0.16567,-0.043683,-0.040734
-0.087141,-0.015666,-0.044258
0.029154,-0.026137,-0.039231
0.081505,-0.052958,-0.046542
0.17462,0.037626,-0.038485
0.15966,-0.12692,-0.047276
0.1432,0.16612,-0.039669
0.11404,-0.6326,-0.053879
0.052712,-2.1567,-0.3491
0.24155,-2.024,-0.74882
0.10544,-1.9745,-1.0804
0.20528,-2.1183,-1.4252
0.56052,-2.0386,-1.7344
0.49321,-2.1567,-2.028
0.77628,-2.1336,-2.3058
0.89519,-2.2192,-2.5655
0.78114,-2.2439,-2.8176
0.96736,-2.2819,-3.0508
0.97185,-2.3323,-3.2762
0.98008,-2.3499,-3.4864
1.0489,-2.4058,-3.6873
1.1151,-2.4231,-3.8774
1.1439,-2.4573,-4.0557
1.1027,-2.469,-4.223
1.0986,-2.48,-4.3761
1.0549,-2.4968,-4.5181
1.0231,-2.4863,-4.6469
0.95054,-2.4578,-4.758
0.94418,-2.4352,-4.8521
0.86266,-2.4283,-4.9338
0.76469,-2.4089,-5.0045
0.77666,-2.3777,-5.062
0.67607,-2.3449,-5.1055
0.6297,-2.308,-5.1366
0.53135,-2.2675,-5.1556
0.38552,-2.2258,-5.1631
0.23108,-2.1787,-5.1602
0.0044739,-2.1252,-5.1456
-0.15931,-2.0758,-5.12
-0.4364,-2.0258,-5.0865
-0.70788,-1.9727,-5.0452
-0.83801,-1.9132,-4.9952
-1.0553,-1.8461,-4.9367
-1.0197,-1.7824,-4.8701
-1.0171,-1.7158,-4.7957
-1.0721,-1.6406,-4.7131
-0.8769,-1.5644,-4.6221
-0.8582,-1.497,-4.5242
-0.5138,-1.424,-4.4211
-1.1394,-1.3374,-4.3105
-4.0191,-1.2572,-4.1923
-8.6769,-1.1769,-4.0685
-13.573,-1.0942,-3.9393
-16.044,-1.0156,-3.8048
-16.482,-0.92448,-3.6645
-16.324,-0.83484,-3.519
-15.944,-0.75483,-3.3716
-15.142,-0.66425,-3.2225
-12.962,-0.56482,-3.0713
-8.6945,-0.453,-2.9156
-4.0946,-0.34785,-2.7553
-0.22812,-0.2357,-2.5899
3.8624,-0.12658,-2.4167
5.968,-0.0063799,-2.2384
10.667,0.10243,-2.0519
21.707,0.18176,-1.8634
28.192,0.3146,-1.6683
26.218,0.38797,-1.4696
20.653,0.52681,-1.2692
12.928,0.60556,-1.0608
6.0907,0.70722,-0.85822
0.82676,0.84213,-0.64022
-4.3886,0.85116,-0.43468
-8.5748,1.1381,-0.20831
-10.474,0.6454,-0.01332
-9.0946,-0.052193,0.0028762
-4.5078,0.10618,-0.014437
2.3857,0.053267,-0.0028226
9.3002,0.029716,-0.010032
13.137,0.058178,-0.0046784
13.156,0.0083312,-0.0069729
11.016,0.043666,-0.005462
8.0202,0.008125,-0.0046784
5.7437,0.029839,-0.0055332
6.3958,0.016545,-0.0034412
8.1272,0.012939,-0.0046934
7.7708,0.017674,-0.003085
4.9674,0.0069066,-0.0032387
-0.22587,0.014018,-0.0024701
-6.3263,0.0073377,-0.0021515
-10.585,0.003405,-0.0019303
-12.995,0.0025165,-0.001023
-15.155,0.0089798,-0.00085425
-16.806,0.010157,0.00057043
-16.446,0.0068091,0.0016727
-12.944,0.0044397,0.00255
-6.431,0.0053882,0.0040609
1.3308,-0.00049021,0.0043346
8.2539,0.0020479,0.0048182
11.634,-0.0019186,0.0058455
10.367,0.0010206,0.0058905
5.9351,0.0004358,0.0071877
-0.5684,-0.0070247,0.0064791
-6.6355,0.01148,0.0079338
-10.209,-0.014234,0.0077201
-11.191,0.010933,0.0081962
-10.017,-0.012566,0.0098009
-7.8785,0.004496,0.0074801
-4.5583,-0.003047,0.011874
0.10095,-0.027517,0.0067491
4.7883,0.037791,0.012991
9.0957,-0.073795,0.0078851
11.979,0.098802,0.011203
12.154,-0.15096,0.012969
10.644,0.36344,0.0045708
8.454,2.0726,0.25167
6.9455,2.1551,0.65455
6.3685,1.8889,0.9883
5.9931,2.045,1.3325
5.7272,1.9327,1.6519
3.957,2.0152,1.9487
0.99952,1.9822,2.2345
-2.2754,2.0362,2.4995
-5.4722,2.0562,2.759
-6.8943,2.0516,2.9986
-6.7971,2.1131,3.2294
-5.8462,2.1199,3.4472
-4.2218,2.1692,3.6553
-2.2709,2.1715,3.8536
0.14919,2.1771,4.0388
2.8154,2.1947,4.2137
4.869,2.1835,4.3744
5.1577,2.1765,4.5232
3.5681,2.158,4.6577
0.57959,2.1197,4.7744
-3.1998,2.1015,4.8757
-6.7788,2.0889,4.9644
-8.9061,2.0518,5.0398
-9.046,2.0262,5.1023
-7.9675,1.9956,5.1527
-5.7235,1.9491,5.1895
-2.7847,1.9074,5.2139
0.038128,1.8561,5.2272
2.8127,1.8094,5.2286
5.4307,1.7658,5.2187
7.3722,1.7175,5.1989
8.0931,1.67,5.17
7.7719,1.6228,5.1321
6.2758,1.5823,5.087
4.3837,1.5203,5.0332
3.2417,1.4516,4.9689
2.5611,1.3997,4.8963
2.2919,1.3375,4.8163
2.0308,1.2704,4.7277
1.3222,1.2075,4.6305
0.016066,1.1485,4.5277
-1.5081,1.0745,4.4191
-2.6041,0.99196,4.3011
-3.398,0.92884,4.1759
-3.5846,0.85906,4.0461
-3.3363,0.78193,3.9105
-2.7604,0.71544,3.7699
-1.6394,0.65005,3.6252
-0.55793,0.58138,3.4775
0.40758,0.50963,3.3267
0.96961,0.43013,3.172
0.7718,0.34452,3.0122
-0.10023,0.26886,2.8471
-1.7003,0.16341,2.6762
-3.5393,0.064791,2.4959
-4.9281,-0.017451,2.3118
-5.4016,-0.13171,2.1207
-4.807,-0.20691,1.9252
-3.3681,-0.33037,1.725
-1.7112,-0.41488,1.5189
-0.18137,-0.53299,1.3136
1.0081,-0.64679,1.099
1.5851,-0.7106,0.89132
1.7489,-0.8695,0.67094
1.3585,-0.86355,0.45712
0.65662,-1.1382,0.23514
-0.053113,-0.8707,0.012159
-0.47641,-0.043855,-0.040393
-0.3029,-0.085799,-0.014527
0.25202,-0.11254,-0.026315
1.4303,-0.033781,-0.020481
2.5805,-0.091696,-0.023469
3.1235,-0.031757,-0.023188
3.3419,-0.06927,-0.022551
2.8386,-0.037857,-0.024759
1.9426,-0.044586,-0.022809
1.1166,-0.045801,-0.025254
0.43525,-0.029867,-0.024065
0.21762,-0.042269,-0.025198
0.33466,-0.030471,-0.025509
0.65438,-0.035873,-0.025764
0.95951,-0.028383,-0.026424
1.2153,-0.032053,-0.026375
1.1876,-0.035352,-0.027158
0.57959,-0.029279,-0.027383
-0.2958,-0.03437,-0.028763
-1.308,-0.031108,-0.029967
-2.2395,-0.029571,-0.030893
-2.8199,-0.029785,-0.03228
-2.8898,-0.025211,-0.032523
-2.5095,-0.03067,-0.033438
-1.8746,-0.021893,-0.033689
-1.05,-0.031764,-0.034128
-0.25167,-0.027191,-0.03517
0.24716,-0.029219,-0.034447
0.29802,-0.027922,-0.036453
0.0018563,-0.016705,-0.035122
-0.43565,-0.041129,-0.037345
-0.88251,-0.00016405,-0.036483
-1.225,-0.049509,-0.036423
-1.2703,-0.0016899,-0.038612
-0.78267,-0.037992,-0.034728
-0.091628,-0.029939,-0.042335
0.51752,0.012901,-0.032553
1.1502,-0.1109,-0.045477
1.5193,0.17508,-0.028673
1.6154,-0.91454,-0.074615
1.5963,-2.2442,-0.40865
1.3948,-1.9363,-0.79582
0.93558,-1.9553,-1.1261
0.77329,-2.0102,-1.4696
0.95241,-1.9508,-1.7746
0.99578,-2.0347,-2.0705
1.3895,-1.9878,-2.3458
1.7725,-2.0728,-2.6077
1.9994,-2.0723,-2.8604
2.0477,-2.1068,-3.0958
1.5907,-2.1334,-3.3235
1.1053,-2.1494,-3.5364
0.40421,-2.1903,-3.7417
-0.18885,-2.1951,-3.9351
-0.54148,-2.2136,-4.1171
-0.7722,-2.2109,-4.2871
-0.58635,-2.2187,-4.4435
-0.48426,-2.2139,-4.589
-0.10621,-2.1779,-4.7172
0.34326,-2.1482,-4.827
0.53322,-2.1357,-4.9237
0.71832,-2.1186,-5.0088
0.59492,-2.0839,-5.081
0.46068,-2.0504,-5.1396
0.17125,-2.0155,-5.1854
-0.083402,-1.9757,-5.2182
-0.098733,-1.9382,-5.2392
-0.020206,-1.8933,-5.249
0.20378,-1.8416,-5.2468
0.38626,-1.7961,-5.2333
0.4876,-1.7516,-5.2107
0.32419,-1.7023,-5.1793
0.13573,-1.6523,-5.1391
-0.17651,-1.5976,-5.0901
-0.63571,-1.5409,-5.032
-0.92551,-1.4819,-4.9655
-1.0848,-1.4196,-4.8911
-1.0067,-1.353,-4.8075
-0.84624,-1.289,-4.7163
-0.50146,-1.2315,-4.619
-0.023572,-1.1578,-4.5144
0.27857,-1.0861,-4.402
0.37056,-1.0176,-4.2826
0.27969,-0.94028,-4.1566
0.043737,-0.87286,-4.0253
-0.32871,-0.79563,-3.8883
-0.57027,-0.71772,-3.7449
-0.73518,-0.65564,-3.5979
-0.79239,-0.58619,-3.4494
-0.59458,-0.51936,-3.2977
-0.36498,-0.43909,-3.1415
-0.23522,-0.34196,-2.9793
-0.16903,-0.26317,-2.8122
-0.11818,-0.16179,-2.6375
-0.25429,-0.064092,-2.4544
-0.43266,0.043647,-2.2667
-0.62075,0.13062,-2.0717
-0.78865,0.22248,-1.8752
-0.72433,0.34661,-1.671
-0.6458,0.41342,-1.4663
-0.45996,0.56818,-1.2568
-0.20418,0.63035,-1.0441
-0.014971,0.77466,-0.83377
0.060565,0.84982,-0.60921
0.058695,0.91417,-0.40148
0.10656,1.1569,-0.1628
-0.11481,0.45613,0.0040946
-0.25504,-0.060688,-0.0046859
-0.22924,0.13594,-0.011536
-0.2771,0.025933,-0.0038648
-0.10846,0.050699,-0.01001
0.12825,0.037356,-0.004026
0.43899,0.012376,-0.0077152
0.71196,0.04127,-0.0047684
0.78114,0.0058681,-0.005462
0.79049,0.022626,-0.0048659
0.65662,0.0078438,-0.0037149
0.38402,0.021014,-0.0044834
0.13086,0.012013,-0.0027851
-0.076671,0.0079413,-0.0033512
-0.35413,0.0094634,-0.0022227
-0.42107,-0.00031026,-0.0021927
-0.31375,0.0046722,-0.0016716
-0.32871,0.0028014,-0.0010042
-0.21952,0.004211,-0.00090299
-0.084897,0.0024228,9.8036e-05
0.01644,0.0074015,0.0011216
0.088984,0.0047547,0.0026437
0.050468,0.0029026,0.0035885
0.040746,0.0042223,0.0042859
0.097211,0.0012643,0.0045595
0.24492,0.005302,0.0054968
0.40833,-0.0052515,0.0058942
0.60951,0.0054257,0.0063441
0.78451,-0.0055251,0.0073002
0.84583,-0.0003515,0.0067003
0.80769,0.0026027,0.0084324
0.6039,-0.007917,0.0070677
0.30549,0.016122,0.0094222
0.0044739,-0.024656,0.0084137
-0.25803,0.028261,0.0089948
-0.48239,-0.025436,0.010768
-0.51605,0.015098,0.0069103
-0.44724,-0.0032982,0.014281
-0.37021,-0.040117,0.0045595
-0.084897,0.085201,0.017847
0.17387,-0.19941,-0.00022814
0.24753,0.96419,0.051522
0.35186,2.2985,0.38711
0.4446,1.9443,0.76684
0.28044,1.9421,1.0914
0.19219,1.9827,1.429
0.17387,1.9295,1.7305
-0.056478,2.0015,2.0223
-0.023198,1.9555,2.2925
0.10992,2.0325,2.5498
0.084497,2.0242,2.7963
0.16751,2.0667,3.0262
0.25464,2.0851,3.2493
0.23407,2.1097,3.4591
0.25501,2.1407,3.6601
0.41319,2.1339,3.8474
0.5063,2.1493,4.0223
0.68467,2.1368,4.1845
0.96101,2.1402,4.3325
1.1136,2.0855,4.464
1.3607,2.0406,4.5778
1.4748,2.045,4.6781
1.464,2.021,4.7651
1.4445,1.9999,4.8389
1.2568,1.9635,4.8996
1.022,1.9261,4.9478
0.76394,1.8885,4.984
0.52425,1.8439,5.0072
0.30063,1.8085,5.0188
0.19219,1.7599,5.0192
0.12675,1.7052,5.0082
0.079635,1.6551,4.9878
0.084497,1.62,4.9589
-0.044512,1.5725,4.9215
-0.15071,1.5154,4.8757
-0.28009,1.4589,4.8205
-0.48314,1.386,4.7554
-0.65216,1.3351,4.6822
-0.84511,1.2713,4.6013
-0.99768,1.195,4.5113
-1.1151,1.146,4.4146
-1.2224,1.0748,4.3131
-1.2826,0.99278,4.2023
-1.3047,0.92964,4.0834
-1.3256,0.86347,3.9598
-1.3099,0.78938,3.8301
-1.2834,0.71899,3.6943
-1.2695,0.64838,3.5542
-1.1248,0.57949,3.4106
-0.89148,0.51198,3.264
-0.66301,0.43703,3.1142
-0.37732,0.35325,2.9591
-0.092002,0.27766,2.7988
0.11666,0.18228,2.6331
0.27371,0.082085,2.4582
0.3369,-0.0036919,2.2787
0.30961,-0.11648,2.0918
0.2853,-0.19811,1.9004
0.23183,-0.31694,1.7044
0.16041,-0.39585,1.5021
0.16003,-0.51395,1.3006
0.18097,-0.62621,1.09
0.26511,-0.68884,0.88571
0.35934,-0.85055,0.6693
0.4259,-0.84656,0.45874
0.52275,-1.1225,0.23953
0.54594,-0.86681,0.018199
0.5781,-0.043023,-0.034739
0.52275,-0.079103,-0.0087425
0.36308,-0.10991,-0.020661
0.28081,-0.031318,-0.014936
0.12413,-0.085769,-0.017677
-0.0033789,-0.027048,-0.017538
-0.042268,-0.062589,-0.016949
-0.12229,-0.032038,-0.019398
-0.17689,-0.039742,-0.017141
-0.28869,-0.041096,-0.019488
-0.4278,-0.028683,-0.018644
-0.53063,-0.039705,-0.019724
-0.64618,-0.027865,-0.01996
-0.69965,-0.034606,-0.020117
-0.7176,-0.026546,-0.020811
-0.70302,-0.027918,-0.020699
-0.63907,-0.032259,-0.021602
-0.49511,-0.030572,-0.021857
-0.28495,-0.03257,-0.022273
-0.078166,-0.031176,-0.023169
0.13797,-0.028184,-0.024373
0.2509,-0.02676,-0.02531
0.32195,-0.030655,-0.026386
0.39412,-0.025114,-0.026967
0.37953,-0.021732,-0.027155
0.39711,-0.021376,-0.028414
0.47152,-0.021901,-0.027987
0.53509,-0.031772,-0.029089
0.61624,-0.01465,-0.02919
0.71047,-0.028454,-0.029284
0.74898,-0.013769,-0.030698
0.75385,-0.024229,-0.029468
0.74038,-0.022958,-0.032276
0.66261,-0.0044342,-0.029423
0.51378,-0.043199,-0.033071
0.35448,0.017186,-0.030938
0.19406,-0.064636,-0.031639
0.062434,0.030027,-0.034571
-0.039277,-0.063372,-0.027691
-0.12267,-0.0043142,-0.041866
-0.094994,0.026431,-0.01467
-0.19259,-1.5435,-0.15462
-0.14174,-2.2398,-0.54348
-0.071062,-1.833,-0.89577
-0.31263,-2.0056,-1.2261
-0.15183,-1.9445,-1.5554
-0.056478,-1.9709,-1.8493
-0.14809,-1.9917,-2.1356
0.03738,-1.9908,-2.3979
0.029154,-2.0573,-2.655
0.053834,-2.0389,-2.8952
0.20902,-2.0963,-3.1225
0.29951,-2.1096,-3.3413
0.3844,-2.1424,-3.5479
0.48349,-2.1539,-3.745
0.59156,-2.1552,-3.927
0.55192,-2.1693,-4.0976
0.5665,-2.1592,-4.256
0.59941,-2.14,-4.3991
0.6211,-2.1057,-4.5238
0.74749,-2.0901,-4.6332
0.86977,-2.0705,-4.7304
1.022,-2.0385,-4.8137
1.1166,-2.0115,-4.8833
1.2516,-1.9785,-4.9405
1.3024,-1.9427,-4.985
1.2291,-1.9074,-5.0169
1.13,-1.8672,-5.0379
0.94343,-1.8158,-5.0464
0.73478,-1.7649,-5.0425
0.41842,-1.7228,-5.0287
0.18359,-1.6739,-5.0056
-0.026563,-1.6255,-4.9735
-0.2498,-1.5763,-4.933
-0.36647,-1.5168,-4.8835
-0.52465,-1.461,-4.8248
-0.63122,-1.4046,-4.7581
-0.74639,-1.3377,-4.6826
-0.86381,-1.2732,-4.5986
-0.95056,-1.2072,-4.5071
-1.0526,-1.1437,-4.4075
-1.0856,-1.0892,-4.3028
-1.0811,-1.015,-4.1926
-1.0672,-0.93208,-4.0732
-1.0302,-0.86244,-3.9468
-0.96702,-0.79019,-3.8152
-0.96477,-0.71048,-3.6773
-0.92364,-0.6435,-3.5354
-0.8668,-0.58042,-3.391
-0.9012,-0.50676,-3.2434
-0.88251,-0.42828,-3.0915
-0.84287,-0.34615,-2.9337
-0.74265,-0.26618,-2.7717
-0.59495,-0.16045,-2.6026
-0.4177,-0.072029,-2.4244
-0.17053,0.030852,-2.2416
0.063182,0.13028,-2.0511
0.30101,0.21456,-1.8586
0.42029,0.3316,-1.6586
0.48536,0.40081,-1.4568
0.55715,0.5544,-1.251
0.55753,0.61153,-1.0415
0.5579,0.73893,-0.8354
0.48723,0.83789,-0.61408
0.47863,0.89107,-0.40864
0.50555,1.1519,-0.17411
0.46591,0.50481,0.0006904
0.52088,-0.063597,-0.0017428
0.52537,0.12604,-0.011618
0.48125,0.029956,-0.0027363
0.44086,0.043583,-0.0092561
0.26623,0.043887,-0.0036961
0.13124,0.013674,-0.0069729
0.039624,0.037907,-0.004266
-0.084897,0.00079945,-0.0047684
-0.13164,0.026139,-0.0047459
-0.18025,0.0099808,-0.0031225
-0.22512,0.016208,-0.0038273
-0.26813,0.012241,-0.0022864
-0.28944,0.0064829,-0.0026014
-0.31412,0.0081962,-0.0016416
-0.40125,0.0011444,-0.0015291
-0.42705,0.0075364,-0.0011579
-0.46706,0.0018117,-0.00051683
-0.48725,-0.00054644,-0.00018315
-0.42107,0.0048709,0.00094535
-0.30216,0.0073227,0.0022013
-0.10995,0.0071615,0.0032623
0.060191,0.010824,0.0045146
0.23071,-0.0017686,0.0049532
0.35635,0.0039636,0.0052719
0.3915,0.0040798,0.0065204
0.41319,0.0011631,0.0062617
0.38776,0.0081925,0.0074839
0.34924,-0.0066311,0.0072177
0.32419,0.0097333,0.00829
0.33578,-0.018069,0.0085337
0.37467,0.0050283,0.0082562
0.40833,-0.0090042,0.010581
0.47152,-0.0031595,0.0076826
0.48424,0.014566,0.012185
0.50929,-0.034344,0.0077988
0.48012,0.049582,0.012358
0.34513,-0.070657,0.010082
0.21425,0.080668,0.0093022
0.067669,-0.10449,0.017074
-0.026563,0.18129,-0.0026876
-0.13949,1.9098,0.20557
-0.042268,2.2102,0.60732
0.0744,1.8622,0.9458
-0.0071182,2.0394,1.2853
0.22435,1.9298,1.6078
0.28941,2.0043,1.9031
0.16115,1.9934,2.1903
0.28119,2.0199,2.4541
0.21762,2.0635,2.7121
0.17237,2.0509,2.9515
0.24679,2.0988,3.1814
0.21463,2.112,3.3989
0.26735,2.1582,3.606
0.42403,2.1634,3.804
0.55229,2.1757,3.9883
0.59343,2.1842,4.1614
0.6368,2.1775,4.3204
0.63979,2.1759,4.4678
0.61287,2.1388,4.5998
0.58483,2.1061,4.7129
0.56538,2.0904,4.8121
0.59754,2.0696,4.8991
0.66747,2.0423,4.9723
0.82115,2.0085,5.0333
0.9023,1.9663,5.0816
0.9898,1.9259,5.1162
1.0298,1.8892,5.1395
0.9023,1.8397,5.1507
0.73515,1.799,5.1503
0.45245,1.7493,5.1394
0.17536,1.6944,5.1177
-0.10359,1.6552,5.0876
-0.3474,1.5953,5.0498
-0.44126,1.5437,5.0027
-0.5082,1.494,4.9466
-0.50782,1.4351,4.8811
-0.50558,1.3748,4.8072
-0.51455,1.303,4.7257
-0.52502,1.2368,4.6355
-0.61215,1.1794,4.5383
-0.68619,1.1168,4.4355
-0.78416,1.0335,4.325
-0.92177,0.96602,4.2064
-1.01,0.89956,4.0817
-1.0519,0.81872,3.9511
-1.0642,0.75065,3.8151
-1.0164,0.67613,3.6745
-0.95916,0.61437,3.53
-0.91803,0.55219,3.3824
-0.84137,0.47706,3.2317
-0.80174,0.39885,3.0768
-0.76546,0.31044,2.9161
-0.69778,0.22601,2.7506
-0.59458,0.12099,2.5772
-0.44463,0.030563,2.3966
-0.29692,-0.072932,2.2112
-0.09088,-0.16037,2.0179
0.08674,-0.25239,1.8231
0.21313,-0.37046,1.6205
0.33466,-0.44498,1.4174
0.37019,-0.59633,1.2088
0.36271,-0.64686,0.99834
0.31335,-0.79157,0.78892
0.1963,-0.85894,0.56666
0.13872,-0.95249,0.35955
0.13199,-1.1587,0.12142
0.15143,-0.42553,-0.033659
0.29054,0.02771,-0.020436
0.39786,-0.15613,-0.016132
0.47339,-0.036316,-0.02215
0.53621,-0.074289,-0.016649
0.47564,-0.056171,-0.021951
0.43525,-0.042505,-0.018134
0.34887,-0.062945,-0.021512
0.20977,-0.032229,-0.020444
0.12563,-0.052665,-0.021006
-0.011605,-0.026876,-0.021891
-0.11107,-0.039285,-0.021137
-0.15183,-0.036132,-0.022536
-0.17801,-0.033212,-0.022007
-0.16642,-0.037362,-0.023158
-0.15595,-0.031667,-0.023117
-0.15146,-0.031468,-0.023458
-0.18586,-0.027738,-0.024227
-0.19371,-0.032672,-0.02465
-0.16829,-0.034554,-0.025932
-0.13239,-0.029526,-0.02696
-0.060591,-0.027554,-0.027897
0.019805,-0.031007,-0.029112
0.11329,-0.026999,-0.029472
0.17574,-0.031176,-0.030296
0.21537,-0.023213,-0.030746
0.23258,-0.028199,-0.031009
0.20191,-0.023543,-0.032089
0.16153,-0.020862,-0.031309
0.085618,-0.029076,-0.033296
0.036259,-0.01441,-0.032145
0.0026042,-0.040732,-0.033716
-0.026189,-4.7826e-05,-0.033667
0.01457,-0.042254,-0.03276
0.089732,-0.0093154,-0.036355
0.19518,-0.01717,-0.031245
0.26997,-0.041497,-0.038818
0.3313,0.034286,-0.030195
0.29353,-0.11872,-0.040037
0.27558,0.17667,-0.030311
0.2064,-0.69653,-0.051112
0.080757,-2.1866,-0.35438
0.23781,-1.985,-0.7492
0.12937,-1.9131,-1.078
0.13984,-2.0233,-1.4208
0.4719,-1.9374,-1.7292
0.42029,-2.0244,-2.0232
0.55491,-1.9802,-2.2991
0.66186,-2.0572,-2.5597
0.49246,-2.0644,-2.8133
0.54968,-2.0894,-3.0479
0.53584,-2.1259,-3.2748
0.49097,-2.1422,-3.4881
0.55753,-2.1818,-3.6934
0.63419,-2.1793,-3.8869
0.67495,-2.1965,-4.0675
0.66747,-2.1944,-4.2363
0.6985,-2.2003,-4.3919
0.66036,-2.1845,-4.5351
0.6125,-2.1439,-4.6598
0.55678,-2.1248,-4.768
0.5063,-2.1063,-4.8641
0.46704,-2.0798,-4.947
0.45096,-2.0489,-5.0165
0.48424,-2.0158,-5.0737
0.47264,-1.9761,-5.1176
0.50368,-1.9375,-5.1491
0.47713,-1.8979,-5.1696
0.41281,-1.8479,-5.178
0.29802,-1.8007,-5.1744
0.13161,-1.7547,-5.1602
-0.015345,-1.708,-5.1365
-0.20904,-1.6636,-5.1043
-0.34067,-1.6099,-5.0637
-0.44537,-1.552,-5.0143
-0.4981,-1.4954,-4.9552
-0.534,-1.4341,-4.8875
-0.56429,-1.3726,-4.8123
-0.54671,-1.3095,-4.7284
-0.59271,-1.237,-4.6361
-0.6028,-1.1703,-4.536
-0.62524,-1.1154,-4.4305
-0.67161,-1.0443,-4.3202
-0.7004,-0.96379,-4.2012
-0.72059,-0.89183,-4.0744
-0.70563,-0.81556,-3.9424
-0.69816,-0.73925,-3.804
-0.63833,-0.6761,-3.6608
-0.61514,-0.61339,-3.5151
-0.56466,-0.53925,-3.3668
-0.46407,-0.47024,-3.2147
-0.4435,-0.3871,-3.0577
-0.41695,-0.30616,-2.8954
-0.37806,-0.21202,-2.7277
-0.3029,-0.10003,-2.5502
-0.24719,-0.022984,-2.3672
-0.18287,0.090011,-2.1778
-0.066948,0.17584,-1.9829
0.0059696,0.28598,-1.7853
0.080383,0.37965,-1.58
0.14582,0.47823,-1.3763
0.18883,0.60665,-1.1638
0.20191,0.65588,-0.95572
0.19107,0.82933,-0.73819
0.15068,0.8315,-0.52134
0.13386,1.0667,-0.30674
0.13722,0.97732,-0.07093
0.11703,0.10473,0.014379
0.17162,0.014656,-0.013969
0.20117,0.1129,-0.0040823
0.2251,0.0027339,-0.0070591
0.25352,0.069448,-0.006628
0.20977,0.0077539,-0.0044572
0.21276,0.037941,-0.0065605
0.16602,0.020714,-0.0031825
0.084871,0.010314,-0.0053533
0.06393,0.022334,-0.0031075
0.0070914,0.0037799,-0.0036324
-0.034042,0.019241,-0.0029238
-0.046382,0.01006,-0.0023164
-0.055356,0.013527,-0.0023802
-0.032546,0.0056019,-0.0013042
0.014196,0.0065579,-0.0013529
0.044111,0.010299,-0.00055057
0.054956,0.0046309,-0.00024689
0.072905,0.0067604,0.00037547
0.10282,0.0051895,0.0012715
0.15068,0.0028951,0.0025575
0.19406,0.0030076,0.0037122
0.2322,0.0073227,0.0045146
0.24566,0.0033938,0.0052194
0.22771,0.005392,0.0056168
0.21051,-0.00036649,0.0063629
0.17723,-0.0021098,0.0063366
0.11703,0.0027564,0.0077801
0.080757,-0.0097165,0.0073039
0.038502,0.010922,0.0083799
-0.011232,-0.010721,0.0089461
-0.039651,0.0081962,0.0082187
-0.051991,-0.0095703,0.010888
-0.023945,-0.0088543,0.0078701
-0.015719,0.016886,0.012253
0.027658,-0.03539,0.0084962
0.036633,0.049207,0.012062
0.003352,-0.065183,0.010933
0.0029781,0.073489,0.0085861
-0.063209,-0.086755,0.018109
-0.065079,0.12678,-0.0043222
-0.11706,1.833,0.1872
-0.028059,2.22,0.58581
0.10132,1.8426,0.92578
0.02504,2.0097,1.2603
0.26324,1.9138,1.5827
0.33877,1.981,1.8773
0.26885,1.9692,2.1619
0.49545,1.9887,2.4228
0.49807,2.0323,2.6788
0.53734,2.0243,2.9161
0.69551,2.0824,3.1438
0.70187,2.0799,3.3606
0.74151,2.124,3.5668
0.8133,2.1317,3.7634
0.88285,2.1275,3.9451
0.82602,2.1352,4.1153
0.7688,2.1385,4.2719
0.75534,2.1128,4.4145
0.64765,2.0564,4.5392
0.56351,2.0542,4.6469
0.51864,2.0367,4.7423
0.50144,2.0017,4.8251
0.46816,1.9737,4.8943
0.50331,1.937,4.9508
0.54407,1.9048,4.995
0.52238,1.8548,5.0258
0.49658,1.8136,5.0442
0.40384,1.7737,5.0524
0.27109,1.7183,5.0485
0.031397,1.6745,5.0335
-0.17427,1.6342,5.0105
-0.33768,1.5808,4.9788
-0.5497,1.5259,4.9381
-0.63122,1.4772,4.889
-0.70339,1.4121,4.8301
-0.75724,1.3499,4.7616
-0.72059,1.2902,4.6855
-0.71199,1.2139,4.6015
-0.67796,1.156,4.5096
-0.65291,1.1028,4.4115
-0.65553,1.0303,4.3065
-0.62524,0.95685,4.1933
-0.6316,0.88316,4.0729
-0.6215,0.81319,3.9464
-0.56391,0.74147,3.8146
-0.55718,0.66687,3.6772
-0.50446,0.60799,3.5353
-0.4379,0.54275,3.3908
-0.43939,0.47096,3.2431
-0.40349,0.40191,3.0917
-0.37919,0.31472,2.9349
-0.36572,0.22961,2.7726
-0.32571,0.12893,2.6034
-0.28308,0.039309,2.426
-0.20531,-0.054405,2.2437
-0.11818,-0.15212,2.0534
0.011205,-0.23363,1.861
0.11067,-0.35459,1.6616
0.1619,-0.4261,1.4592
0.22921,-0.56936,1.2541
0.23332,-0.63652,1.0429
0.19743,-0.74849,0.83714
0.09048,-0.87034,0.61536
0.021675,-0.88813,0.40821
0.0085872,-1.1719,0.17748
-0.048251,-0.63155,-0.013954
-0.0067443,0.033468,-0.024958
0.003352,-0.13146,-0.0094698
0.030276,-0.064055,-0.020114
0.11292,-0.051507,-0.01299
0.066174,-0.071118,-0.018299
0.092723,-0.029215,-0.015491
0.15181,-0.06639,-0.017381
0.1174,-0.030554,-0.017759
0.10282,-0.047237,-0.016927
0.070287,-0.033631,-0.018734
0.035137,-0.03263,-0.017759
0.013822,-0.040293,-0.01918
-0.0045007,-0.040271,-0.018865
-0.0018831,-0.034891,-0.019746
-0.010484,-0.02484,-0.019855
-0.016841,-0.031682,-0.020166
-0.013475,-0.026343,-0.021047
0.011205,-0.026321,-0.021074
0.033267,-0.027614,-0.021842
0.088236,-0.031738,-0.022757
0.16489,-0.027416,-0.02399
0.19182,-0.022669,-0.025149
0.26249,-0.025507,-0.025944
0.31036,-0.018171,-0.025902
0.3025,-0.025912,-0.026881
0.29951,-0.021117,-0.027458
0.258,-0.025594,-0.027331
0.18957,-0.025721,-0.028939
0.11067,-0.01717,-0.028051
0.045981,-0.024836,-0.029723
-0.025815,-0.0069535,-0.029085
-0.10247,-0.03542,-0.03009
-0.10434,-0.00070765,-0.030604
-0.096116,-0.037647,-0.029239
-0.075549,-0.019063,-0.033251
-0.026937,-0.014125,-0.027949
-0.056478,-0.046629,-0.035178
-0.030676,0.043703,-0.027687
-0.030676,-0.1221,-0.035429
-0.027685,0.16606,-0.029569
-0.037407,-0.58212,-0.039066
-0.13874,-2.1379,-0.32316
0.053086,-2.0098,-0.71982
0.038876,-1.8774,-1.0474
0.073278,-2.0074,-1.3873
0.44423,-1.9122,-1.6959
0.39225,-1.9972,-1.9879
0.51415,-1.9512,-2.2638
0.67607,-2.0188,-2.5222
0.51714,-2.0286,-2.7739
0.59492,-2.0482,-3.0066
0.64204,-2.0926,-3.2327
0.6484,-2.101,-3.446
0.73926,-2.1369,-3.6498
0.82564,-2.1298,-3.8416
0.8836,-2.1436,-4.0199
0.83424,-2.1441,-4.1866
0.80844,-2.1332,-4.3396
0.74263,-2.1036,-4.4771
0.64653,-2.0695,-4.5953
0.55304,-2.0605,-4.6999
0.49396,-2.0343,-4.7932
0.44796,-2.0004,-4.8724
0.40085,-1.9731,-4.9384
0.4603,-1.9356,-4.9916
0.46292,-1.8934,-5.0317
0.44946,-1.8564,-5.0603
0.41057,-1.8128,-5.0772
0.30961,-1.7604,-5.0813
0.15554,-1.7126,-5.0743
-0.05573,-1.6675,-5.0575
-0.22213,-1.6229,-5.032
-0.39788,-1.5744,-4.9981
-0.49997,-1.5179,-4.955
-0.57513,-1.461,-4.9024
-0.6215,-1.405,-4.8414
-0.61215,-1.3441,-4.7722
-0.63533,-1.2769,-4.694
-0.6286,-1.2111,-4.6073
-0.63234,-1.1477,-4.5125
-0.64356,-1.0916,-4.412
-0.6488,-1.032,-4.3066
-0.63047,-0.9533,-4.1931
-0.6473,-0.87673,-4.0715
-0.63496,-0.80358,-3.9436
-0.55793,-0.72899,-3.8092
-0.54708,-0.65797,-3.6692
-0.45547,-0.59385,-3.5264
-0.3848,-0.5329,-3.381
-0.3747,-0.46326,-3.2317
-0.33431,-0.38887,-3.0783
-0.35301,-0.30919,-2.9193
-0.33731,-0.21703,-2.7553
-0.30515,-0.11048,-2.5823
-0.2599,-0.026857,-2.4021
-0.18474,0.079596,-2.2165
-0.081158,0.16767,-2.0232
0.045233,0.26618,-1.8288
0.083749,0.36885,-1.6256
0.15293,0.44124,-1.4231
0.21014,0.59543,-1.2141
0.19294,0.63965,-1.0046
0.18995,0.7939,-0.79342
0.075148,0.8457,-0.57243
-0.054608,0.98194,-0.36403
-0.083402,1.115,-0.12358
-0.019832,0.30782,0.012388
0.093845,-0.047417,-0.0085588
0.10955,0.12966,-0.0077902
0.13124,0.012279,-0.0041048
0.17948,0.061762,-0.0080227
0.15181,0.026555,-0.0033549
0.15928,0.026874,-0.0068604
0.17088,0.037911,-0.0031937
0.12862,0.0074614,-0.0048659
0.070661,0.024962,-0.0034674
0.025414,0.004421,-0.0031187
0.023171,0.011225,-0.00328
-0.026189,0.007424,-0.0016266
0.045981,0.01103,-0.0022752
0.14358,0.0094559,-0.0014241
0.044485,0.0062468,-0.0013529
0.047851,0.0095534,-0.00061806
0.02878,0.0036,-0.00021689
-0.068444,0.0020441,0.00019551
-0.028059,0.0083275,0.001294
0.059817,0.007214,0.00246
0.11591,-0.00097008,0.0036035
0.16489,0.0063855,0.0045895
0.23407,0.0010281,0.0052944
0.25763,0.0027827,0.0055718
0.26062,0.0030151,0.0067566
0.25838,-0.0077633,0.0065916
0.20229,0.0050058,0.0077501
0.11105,-0.0066986,0.0078551
0.039998,0.010018,0.0081962
-0.028059,-0.0044867,0.0093735
-0.1107,0.0021903,0.0078813
-0.10808,-0.0011913,0.010888
-0.054982,-0.015959,0.0081287
-0.02058,0.02416,0.011638
0.043737,-0.041576,0.0095234
0.080009,0.045109,0.010476
0.084497,-0.053104,0.012946
0.056451,0.037551,0.0064529
-0.011232,-0.022077,0.020482
0.0018563,-0.036016,-0.0066655
-0.052739,1.5814,0.13649
0.009335,2.2785,0.52568
0.18546,1.84,0.8771
0.098332,1.9928,1.2088
0.24492,1.9243,1.5389
0.42141,1.9547,1.8352
0.30849,1.9665,2.1243
0.4517,1.957,2.3882
0.48985,2.0268,2.6466
0.45806,2.0087,2.8881
0.59006,2.0606,3.1172
0.56501,2.0727,3.3372
0.6297,2.1074,3.5453
0.72057,2.118,3.745
0.80582,2.1179,3.9301
0.83163,2.1248,4.1038
0.75085,2.1189,4.264
0.75721,2.111,4.4112
0.657,2.0673,4.5414
0.54893,2.0422,4.6533
0.4633,2.0249,4.7529
0.39075,1.9906,4.8393
0.35336,1.9599,4.9123
0.33391,1.9306,4.973
0.38589,1.8958,5.0207
0.39262,1.8521,5.056
0.38851,1.802,5.079
0.36458,1.7645,5.0905
0.25875,1.7165,5.0908
0.079261,1.6609,5.079
-0.10397,1.6259,5.0584
-0.29206,1.5732,5.0298
-0.4809,1.5218,4.992
-0.56055,1.4739,4.9457
-0.58971,1.4106,4.8904
-0.60729,1.3512,4.8251
-0.60243,1.284,4.751
-0.56653,1.2223,4.6696
-0.53325,1.1641,4.5802
-0.54933,1.0982,4.483
-0.56167,1.0273,4.3801
-0.58261,0.95601,4.2695
-0.61851,0.88821,4.1505
-0.63683,0.8213,4.0255
-0.60355,0.74935,3.8952
-0.55868,0.67331,3.7594
-0.51193,0.61168,3.6181
-0.42443,0.54988,3.4741
-0.38031,0.4805,3.3274
-0.34366,0.41072,3.1766
-0.32684,0.32668,3.0213
-0.35563,0.25152,2.8598
-0.36012,0.16309,2.6929
-0.36946,0.061845,2.5173
-0.30365,-0.019232,2.3363
-0.22475,-0.13315,2.1485
-0.15744,-0.2075,1.9556
-0.038529,-0.31913,1.76
0.036259,-0.41378,1.5555
0.093097,-0.50362,1.3524
0.1174,-0.63278,1.1406
0.1447,-0.6854,0.9332
0.10693,-0.85739,0.71667
0.0026042,-0.84704,0.49991
-0.00038735,-1.0726,0.28665
-0.031798,-1.0095,0.05103
-0.017215,-0.14014,-0.037199
0.053834,-0.029451,-0.0091249
0.066922,-0.13298,-0.018337
0.15368,-0.023697,-0.0156
0.1963,-0.092997,-0.015701
0.18546,-0.036211,-0.017808
0.2236,-0.059316,-0.0156
0.2079,-0.042719,-0.018734
0.16938,-0.036192,-0.016402
0.15031,-0.047567,-0.018809
0.11254,-0.029013,-0.018142
0.075522,-0.039915,-0.018727
0.067295,-0.029256,-0.019409
0.077018,-0.036856,-0.019293
0.075148,-0.032705,-0.020372
0.082253,-0.03028,-0.019908
0.071409,-0.029511,-0.02074
0.050842,-0.029279,-0.021175
0.054582,-0.029013,-0.021407
0.054208,-0.028308,-0.022614
0.083749,-0.030479,-0.023912
0.11591,-0.025849,-0.024766
0.15405,-0.026947,-0.025917
0.19294,-0.022621,-0.026442
0.20304,-0.025792,-0.026941
0.2049,-0.021875,-0.02771
0.18209,-0.022489,-0.027451
0.15629,-0.022021,-0.028834
0.10207,-0.018306,-0.028309
0.031023,-0.029249,-0.029685
-0.019458,-0.0060987,-0.029532
-0.09275,-0.037808,-0.029832
-0.11033,-0.0066273,-0.031466
-0.088637,-0.026145,-0.028831
-0.09088,-0.023888,-0.033521
-0.029928,0.0052233,-0.028647
-0.0037528,-0.06729,-0.034402
0.020553,0.048776,-0.03
0.017936,-0.1181,-0.032355
-0.00076128,0.12145,-0.035189
0.017936,-0.33504,-0.024234
-0.06994,-1.9893,-0.26216
0.080757,-2.0862,-0.66388
0.11142,-1.8398,-0.99751
0.090106,-2.0097,-1.3367
0.45395,-1.8992,-1.6525
0.4446,-1.986,-1.9457
0.5164,-1.9463,-2.2271
0.73739,-1.993,-2.4873
0.57062,-2.0281,-2.7425
0.61287,-2.0272,-2.9786
0.66373,-2.0799,-3.2066
0.60801,-2.0801,-3.4227
0.68429,-2.1163,-3.6289
0.76731,-2.1209,-3.8241
0.80171,-2.1286,-4.0055
0.73777,-2.127,-4.1758
0.74188,-2.1225,-4.3326
0.68654,-2.1003,-4.4754
0.58744,-2.058,-4.5991
0.50181,-2.0497,-4.7075
0.40122,-2.0275,-4.8047
0.37056,-1.9929,-4.8884
0.32718,-1.9646,-4.9582
0.35411,-1.9262,-5.0153
0.36271,-1.8912,-5.0599
0.36869,-1.8535,-5.092
0.35448,-1.8086,-5.1128
0.27707,-1.7622,-5.1215
0.15517,-1.709,-5.1184
-0.039277,-1.6612,-5.1049
-0.16529,-1.6207,-5.0821
-0.31637,-1.573,-5.0514
-0.4349,-1.5168,-5.0114
-0.50483,-1.4587,-4.9614
-0.56466,-1.404,-4.9029
-0.54596,-1.3497,-4.8363
-0.56204,-1.2803,-4.7606
-0.55569,-1.2117,-4.676
-0.53512,-1.1558,-4.5837
-0.55718,-1.092,-4.4846
-0.58934,-1.0289,-4.3799
-0.58635,-0.95991,-4.2685
-0.56653,-0.88332,-4.1492
-0.54671,-0.80904,-4.0228
-0.48875,-0.73603,-3.89
-0.47865,-0.67111,-3.7521
-0.41995,-0.6051,-3.6102
-0.36236,-0.54089,-3.465
-0.37096,-0.46935,-3.3161
-0.32197,-0.39551,-3.1637
-0.32272,-0.31682,-3.0063
-0.34404,-0.23299,-2.8429
-0.33095,-0.1351,-2.6728
-0.29281,-0.044054,-2.4937
-0.24569,0.047917,-2.3101
-0.18736,0.1524,-2.1181
-0.073305,0.22782,-1.9232
-0.0052485,0.34999,-1.7227
0.057573,0.42013,-1.5175
0.11179,0.54639,-1.3122
0.13984,0.63674,-1.0987
0.16115,0.72462,-0.89117
0.080009,0.86775,-0.66885
0.054208,0.87141,-0.45753
0.092723,1.1541,-0.22913
0.051216,0.7172,-0.020864
0.055703,-0.037939,0.0069253
0.10245,0.09382,-0.014093
0.12563,0.066932,-0.0015254
0.1634,0.022802,-0.0087387
0.17686,0.059381,-0.0041423
0.16714,0.0096996,-0.0058181
0.18135,0.048817,-0.0047909
0.17462,0.0035925,-0.0032162
0.15405,0.01917,-0.0047721
0.13423,0.016781,-0.0023164
0.091601,0.010397,-0.0033849
0.095341,0.015481,-0.002054
0.10805,0.0084699,-0.0020165
0.10693,0.013913,-0.0015478
0.10843,0.0025915,-0.00097798
0.082627,0.0043948,-0.00067054
0.069539,0.0044285,7.929e-05
0.050094,0.0039374,0.00015052
0.018684,0.001583,0.00097534
0.031397,0.0071278,0.0022201
0.059443,0.0097596,0.0034873
0.087114,0.0035175,0.0045708
0.12787,-0.00085011,0.0057368
0.1447,0.0044285,0.0059017
0.14807,0.0085337,0.0066403
0.1447,-0.0040518,0.0069478
0.11441,0.0078026,0.0076601
0.070661,-0.004989,0.0083537
0.042989,0.0053657,0.0079038
0.003352,0.0011968,0.0096996
-0.027685,-0.0096003,0.0081175
-0.041894,0.011023,0.010877
-0.056478,-0.027176,0.0093247
-0.040399,0.025839,0.010374
-0.0093619,-0.033736,0.011754
0.0074654,0.018948,0.0088786
-0.002631,-0.011883,0.015282
0.031023,-0.018167,0.0055906
0.0022302,0.064503,0.020152
0.003352,-0.18208,-0.0014616
0.00073447,1.1047,0.068475
-0.0052485,2.3021,0.4205
0.20715,1.8999,0.79498
0.17649,1.9372,1.1217
0.26025,1.9461,1.4604
0.48125,1.9101,1.7617
0.34064,1.9783,2.0548
0.46965,1.9348,2.3249
0.55528,2.0117,2.5853
0.47564,2.0002,2.8337
0.59829,2.0212,3.0651
0.5953,2.0453,3.2897
0.62596,2.0828,3.501
0.6742,2.102,3.7041
0.72019,2.0974,3.8937
0.74525,2.1005,4.0712
0.65999,2.0883,4.2363
0.65363,2.0883,4.3879
0.57959,2.0597,4.5244
0.49471,2.0295,4.6426
0.41431,2,4.7461
0.3485,1.9665,4.8372
0.32195,1.9441,4.9154
0.30288,1.9082,4.98
0.35672,1.8701,5.0322
0.36607,1.8367,5.0717
0.38514,1.7912,5.0984
0.32531,1.7486,5.1141
0.21126,1.7018,5.1187
0.08861,1.6495,5.111
-0.10846,1.6097,5.0937
-0.26514,1.5662,5.0684
-0.41695,1.5075,5.034
-0.48052,1.4586,4.9907
-0.51268,1.41,4.9391
-0.54895,1.341,4.8775
-0.4966,1.2816,4.8062
-0.47978,1.2255,4.7275
-0.46407,1.158,4.6414
-0.445,1.0946,4.5463
-0.48277,1.0376,4.4451
-0.50371,0.96694,4.3376
-0.5082,0.88834,4.2206
-0.52241,0.82292,4.0971
-0.50259,0.7534,3.9689
-0.48725,0.68083,3.8347
-0.45285,0.61329,3.6951
-0.39489,0.55655,3.5522
-0.39227,0.49105,3.4064
-0.37545,0.41714,3.2566
-0.35712,0.34645,3.103
-0.36535,0.25906,2.9432
-0.36685,0.18155,2.7781
-0.35189,0.07822,2.6057
-0.30029,-0.012832,2.4248
-0.2513,-0.10232,2.2398
-0.16043,-0.19452,2.0473
-0.04339,-0.2803,1.8527
0.024667,-0.39671,1.6499
0.081505,-0.46298,1.4455
0.10469,-0.60689,1.237
0.10619,-0.66652,1.0245
0.082627,-0.79602,0.81463
0.0078393,-0.87407,0.59157
-0.023198,-0.93246,0.38436
-0.026937,-1.1804,0.14634
-0.03292,-0.50423,-0.02498
0.035511,0.043051,-0.020005
0.10432,-0.14919,-0.011333
0.1619,-0.048564,-0.019045
0.23033,-0.065899,-0.012735
0.21425,-0.060159,-0.018228
0.2079,-0.033478,-0.014715
0.22323,-0.060861,-0.017744
0.18808,-0.025983,-0.016934
0.18135,-0.046959,-0.016927
0.14582,-0.028312,-0.018344
0.10731,-0.036117,-0.017351
0.126,-0.03136,-0.018899
0.11217,-0.031165,-0.018678
0.089358,-0.034081,-0.019574
0.079261,-0.022744,-0.019615
0.055703,-0.030385,-0.020114
0.029902,-0.023877,-0.020699
-0.00824,-0.027078,-0.020744
-0.024319,-0.030137,-0.021745
0.026162,-0.027959,-0.023072
0.052338,-0.029987,-0.024219
0.081505,-0.028139,-0.025235
0.13535,-0.02331,-0.02588
0.16228,-0.024952,-0.026195
0.16863,-0.02171,-0.027237
0.11965,-0.022621,-0.02708
0.097211,-0.03073,-0.028219
0.065052,-0.014013,-0.028118
-0.0018831,-0.031052,-0.028744
-0.041521,-0.012809,-0.029697
-0.081532,-0.028874,-0.028583
-0.085271,-0.023007,-0.031414
-0.064705,-0.0086218,-0.028501
-0.070688,-0.046483,-0.032415
-0.017215,0.018217,-0.029539
0.037006,-0.063099,-0.031556
0.04972,0.03694,-0.033078
0.078888,-0.067871,-0.027346
0.060939,0.019803,-0.040498
0.085992,-0.031731,-0.013973
0.00073447,-1.6382,-0.17101
0.077018,-2.2129,-0.56565
0.21612,-1.8174,-0.91631
0.12264,-1.9936,-1.25
0.43226,-1.9125,-1.5779
0.55005,-1.9529,-1.8733
0.50555,-1.9558,-2.1614
0.75385,-1.9586,-2.4253
0.60464,-2.0224,-2.6837
0.55117,-2.0028,-2.9254
0.64503,-2.0565,-3.1556
0.55117,-2.0643,-3.376
0.62932,-2.0964,-3.5851
0.7101,-2.1056,-3.7851
0.7359,-2.105,-3.9708
0.7157,-2.1103,-4.145
0.68691,-2.1058,-4.3062
0.64204,-2.094,-4.4545
0.53883,-2.0463,-4.5848
0.44909,-2.0229,-4.6977
0.35635,-2.0128,-4.7985
0.31036,-1.9806,-4.8872
0.26025,-1.9477,-4.9621
0.3298,-1.9162,-5.0232
0.35111,-1.8754,-5.0718
0.31073,-1.8349,-5.1077
0.347,-1.7944,-5.1317
0.26436,-1.7488,-5.1441
0.16452,-1.6979,-5.145
0.023545,-1.6494,-5.1347
-0.11332,-1.609,-5.1149
-0.24606,-1.5601,-5.0871
-0.39265,-1.5076,-5.0502
-0.42929,-1.4543,-5.0042
-0.45884,-1.3976,-4.9488
-0.46856,-1.3419,-4.8851
-0.45697,-1.277,-4.8131
-0.43864,-1.212,-4.7312
-0.44762,-1.1508,-4.6418
-0.46145,-1.09,-4.5455
-0.46594,-1.0285,-4.4421
-0.50371,-0.95802,-4.333
-0.49473,-0.88722,-4.217
-0.49174,-0.81606,-4.0927
-0.47192,-0.7411,-3.9615
-0.44986,-0.67135,-3.8251
-0.41284,-0.60529,-3.6842
-0.34815,-0.5447,-3.5399
-0.34366,-0.47726,-3.3926
-0.31263,-0.40895,-3.2413
-0.29617,-0.32888,-3.0858
-0.30664,-0.24417,-2.9242
-0.31225,-0.16352,-2.7569
-0.3029,-0.057663,-2.5806
-0.26214,0.027729,-2.3978
-0.20044,0.13182,-2.2084
-0.09275,0.20818,-2.013
-0.03105,0.30584,-1.8158
0.023545,0.40257,-1.61
0.071783,0.48695,-1.4061
0.074774,0.62592,-1.1934
0.10843,0.67044,-0.9829
0.08861,0.8397,-0.76688
0.027284,0.85134,-0.5457
0.038502,1.0386,-0.33273
0.045981,1.059,-0.092469
0.025414,0.19087,0.015488
0.10132,-0.016195,-0.011697
0.17649,0.12184,-0.0049596
0.18509,0.0023515,-0.0052258
0.22061,0.072008,-0.0069242
0.20453,0.017899,-0.0033474
0.17237,0.03523,-0.0061781
0.18135,0.028962,-0.0023989
0.16489,0.0072627,-0.0045847
0.15405,0.02663,-0.0028076
0.11329,0.0095984,-0.0026951
0.079635,0.021618,-0.0024327
0.10693,0.0089123,-0.0017203
0.11067,0.012665,-0.0015778
0.09908,0.0086386,-0.00061431
0.10506,0.008275,-0.00082801
0.095341,0.010007,0.00020301
0.059817,0.00348,0.00042046
0.038502,0.0090473,0.0010016
0.048599,0.0045747,0.0019501
0.064304,0.0065692,0.0030111
0.096089,0.0077689,0.0042446
0.14694,0.0040648,0.0052119
0.15741,0.0011556,0.0058155
0.14844,0.0062618,0.0062354
0.13797,0.00046204,0.0073302
0.10581,-0.0037294,0.0070602
0.065426,0.008005,0.0082225
0.014196,-0.0087155,0.0082037
-0.03479,0.012995,0.0089423
-0.054234,-0.0072759,0.0097896
-0.060591,0.0028914,0.0087811
-0.071062,0.00018836,0.011672
-0.02245,-0.016941,0.0086536
0.0052217,0.024902,0.012646
0.026536,-0.038543,0.0096472
0.04972,0.03718,0.011739
0.020927,-0.057419,0.01301
0.040746,0.051595,0.0077763
0.0026042,-0.049722,0.020452
0.0044739,0.018813,-0.0058331
-0.021702,1.6705,0.1545
0.048599,2.2399,0.54761
0.22846,1.8177,0.89464
0.14919,1.9822,1.2277
0.33354,1.8921,1.555
0.44535,1.93,1.85
0.31821,1.9366,2.1375
0.48835,1.9284,2.4008
0.47115,1.9798,2.6585
0.46853,1.9702,2.8984
0.59679,2.028,3.1277
0.57697,2.0334,3.3478
0.63643,2.0629,3.5559
0.67607,2.0659,3.7545
0.71496,2.0645,3.9386
0.70523,2.0716,4.1115
0.66298,2.0575,4.2707
0.6039,2.0371,4.4154
0.47489,2.002,4.5427
0.4274,1.9697,4.6535
0.3369,1.9445,4.7518
0.27894,1.9188,4.8368
0.2666,1.8809,4.9086
0.2853,1.8556,4.968
0.34999,1.8151,5.0148
0.34289,1.7648,5.0478
0.33803,1.7272,5.0694
0.29689,1.6731,5.0796
0.16564,1.628,5.0775
0.0052217,1.5901,5.0655
-0.12603,1.5367,5.0445
-0.29094,1.4923,5.0146
-0.42369,1.4505,4.9766
-0.45098,1.3908,4.9303
-0.48725,1.3296,4.8732
-0.49735,1.2666,4.8069
-0.46519,1.2044,4.7331
-0.43378,1.1455,4.6505
-0.41658,1.0862,4.5591
-0.43939,1.0164,4.4617
-0.46295,0.94704,4.3587
-0.46968,0.886,4.2461
-0.50072,0.80678,4.1255
-0.50558,0.73777,4.0003
-0.46706,0.67809,3.8691
-0.43715,0.61127,3.7322
-0.37358,0.54778,3.5912
-0.33843,0.48185,3.4472
-0.33918,0.4217,3.2999
-0.30926,0.35272,3.1485
-0.31823,0.2663,2.9916
-0.34291,0.19454,2.8291
-0.35525,0.098739,2.6607
-0.32197,0.00096066,2.4826
-0.25691,-0.080944,2.2997
-0.20044,-0.18047,2.11
-0.087515,-0.25441,1.9167
-0.0018831,-0.37429,1.7171
0.057947,-0.44426,1.5121
0.11628,-0.56407,1.3075
0.11591,-0.66351,1.0937
0.1189,-0.73865,0.88609
0.056825,-0.88365,0.6648
-0.010484,-0.87754,0.45255
0.0029781,-1.1628,0.22687
-0.014223,-0.80781,0.010461
0.037754,-0.01107,-0.029378
0.10656,-0.093424,-0.0057094
0.11254,-0.092618,-0.017977
0.20715,-0.033939,-0.011449
0.20715,-0.083572,-0.015165
0.15854,-0.031753,-0.014134
0.19743,-0.063522,-0.014269
0.1634,-0.029706,-0.016271
0.15741,-0.043259,-0.014516
0.15106,-0.035603,-0.016623
0.10058,-0.030902,-0.015622
0.094219,-0.042933,-0.016792
0.096463,-0.02911,-0.016811
0.10544,-0.034318,-0.017306
0.088984,-0.029616,-0.01783
0.07627,-0.030715,-0.017845
0.047851,-0.028124,-0.018869
0.0078393,-0.026103,-0.018966
-0.014223,-0.025714,-0.019454
-0.016093,-0.027104,-0.020702
0.036259,-0.027746,-0.021966
0.066174,-0.02541,-0.022716
0.11366,-0.023112,-0.02372
0.14657,-0.0191,-0.024264
0.1361,-0.023674,-0.024819
0.1361,-0.017087,-0.025479
0.10282,-0.024184,-0.025494
0.071783,-0.019651,-0.026735
0.032519,-0.015764,-0.026067
-0.01011,-0.026752,-0.027691
-0.040025,-0.0037593,-0.027106
-0.081906,-0.044961,-0.027668
-0.073305,-0.0051315,-0.028995
-0.043764,-0.026475,-0.026731
-0.014597,-0.021338,-0.031331
0.04972,0.003525,-0.026304
0.031397,-0.059612,-0.032692
0.04972,0.049582,-0.027072
0.052712,-0.11647,-0.031331
0.031023,0.14215,-0.031395
0.053834,-0.42381,-0.026551
-0.038155,-2.051,-0.28111
0.13685,-2.0504,-0.68217
0.15442,-1.8305,-1.0122
0.12825,-1.9851,-1.3505
0.52275,-1.8826,-1.6641
0.48199,-1.9636,-1.9575
0.55267,-1.9181,-2.237
0.7531,-1.9671,-2.4965
0.52761,-1.9839,-2.7507
0.57249,-1.9917,-2.9857
0.60651,-2.0402,-3.2139
0.55155,-2.0414,-3.4299
0.63531,-2.0744,-3.6358
0.68729,-2.0683,-3.8303
0.72131,-2.0729,-4.0104
0.66223,-2.0737,-4.1797
0.65475,-2.063,-4.3356
0.57249,-2.0267,-4.4755
0.45881,-1.9915,-4.5964
0.37654,-1.982,-4.7039
0.28231,-1.9531,-4.7997
0.25838,-1.9197,-4.8814
0.23108,-1.8867,-4.9499
0.30699,-1.8493,-5.0053
0.3227,-1.8136,-5.0484
0.3227,-1.773,-5.0793
0.31933,-1.7249,-5.0983
0.22136,-1.6742,-5.1052
0.13872,-1.6271,-5.1001
-0.01871,-1.5828,-5.0859
-0.15482,-1.5394,-5.063
-0.29355,-1.4886,-5.0305
-0.39676,-1.4331,-4.9889
-0.4192,-1.3795,-4.9384
-0.45921,-1.3227,-4.8793
-0.43453,-1.2617,-4.8117
-0.42892,-1.1987,-4.7346
-0.42817,-1.1385,-4.6494
-0.40648,-1.0729,-4.5572
-0.44575,-1.009,-4.4573
-0.47305,-0.9534,-4.352
-0.47118,-0.8825,-4.2403
-0.48239,-0.80598,-4.1195
-0.47566,-0.73716,-3.9916
-0.43752,-0.66984,-3.8584
-0.41322,-0.60273,-3.7198
-0.35226,-0.54111,-3.5771
-0.31898,-0.48289,-3.4319
-0.33656,-0.41162,-3.2828
-0.29842,-0.33374,-3.1295
-0.28982,-0.25574,-2.9701
-0.31936,-0.17497,-2.8051
-0.3201,-0.075129,-2.6326
-0.28271,0.0061455,-2.4516
-0.21465,0.10485,-2.2658
-0.13276,0.19849,-2.0724
-0.037407,0.28031,-1.8772
0.03925,0.39155,-1.6739
0.10357,0.45979,-1.4696
0.13647,0.60557,-1.2606
0.13947,0.65554,-1.0478
0.14283,0.79151,-0.83779
0.081505,0.87494,-0.61306
0.044485,0.93018,-0.4041
0.057573,1.1615,-0.16484
0.045981,0.4648,0.004747
0.09908,-0.066705,-0.0026126
0.13199,0.12617,-0.010321
0.16676,0.019496,-0.0020652
0.2165,0.045634,-0.0083676
0.18845,0.040509,-0.0025714
0.19705,0.01692,-0.0060431
0.18621,0.035294,-0.0030138
0.1619,0.0016205,-0.0037711
0.16115,0.03048,-0.0035199
0.12114,0.0082,-0.0020165
0.090106,0.016107,-0.0028638
0.085245,0.0097746,-0.0012817
0.11254,0.006303,-0.0016791
0.11254,0.012609,-0.00072303
0.07627,0.004361,-0.0004081
0.069539,0.0069628,-2.9436e-05
0.03738,0.0017554,0.00049545
-0.013849,0.0070603,0.00087411
-0.017589,0.0061418,0.0018002
-0.00038735,0.0035287,0.0029549
0.022423,0.0070528,0.0041959
0.070287,0.0075927,0.0050994
0.11404,0.0036524,0.0060217
0.13086,0.0016205,0.0064079
0.12563,-0.00028776,0.0074389
0.1088,-0.0045729,0.0073639
0.093097,0.002644,0.00814
0.048599,-0.0072834,0.0084512
0.0078393,0.0064567,0.0084024
-0.026937,-0.012465,0.010015
-0.055356,0.0023365,0.0086274
-0.070314,0.00026334,0.011518
-0.048251,-0.037902,0.0090848
0.0067175,0.029367,0.011814
0.042616,-0.039926,0.011106
0.072157,0.037671,0.010217
0.059443,-0.035274,0.014832
0.084497,0.0082037,0.0062954
0.06393,0.020178,0.021453
0.042616,-0.12174,-0.0048621
0.037006,1.3818,0.10476
0.074774,2.2931,0.4805
0.24379,1.8355,0.84177
0.19144,1.9579,1.1714
0.32531,1.9096,1.506
0.47414,1.905,1.804
0.32531,1.9445,2.0959
0.47339,1.9098,2.3635
0.47227,1.9708,2.6232
0.40608,1.958,2.868
0.55977,2.0097,3.0992
0.54182,2.0167,3.3227
0.56725,2.0463,3.5333
0.64204,2.0542,3.7353
0.68841,2.0398,3.9231
0.67756,2.0466,4.0995
0.62222,2.0398,4.2622
0.59829,2.0233,4.4111
0.50069,1.9854,4.5439
0.41057,1.9606,4.6592
0.33167,1.9398,4.7614
0.26623,1.911,4.8505
0.21238,1.8727,4.9259
0.24417,1.8436,4.989
0.30475,1.8085,5.0394
0.30886,1.7609,5.0765
0.33541,1.712,5.1022
0.2853,1.6692,5.1161
0.19182,1.6266,5.1177
0.057947,1.5736,5.1087
-0.088637,1.5327,5.0902
-0.23372,1.482,5.0625
-0.3732,1.4412,5.0266
-0.4177,1.3907,4.9826
-0.4521,1.3139,4.9284
-0.46744,1.2695,4.8644
-0.44238,1.208,4.7929
-0.41583,1.14,4.713
-0.4278,1.0841,4.6239
-0.44463,1.0171,4.5281
-0.43528,0.96779,4.4269
-0.47342,0.89071,4.317
-0.49922,0.81525,4.1983
-0.49511,0.763,4.0748
-0.46968,0.68457,3.9455
-0.43378,0.61703,3.81
-0.37433,0.55822,3.6701
-0.29804,0.49186,3.5266
-0.30739,0.4257,3.3798
-0.30889,0.35928,3.2291
-0.2958,0.27919,3.0733
-0.31562,0.20354,2.9115
-0.33768,0.12353,2.7445
-0.34254,0.013366,2.5683
-0.27561,-0.056684,2.3863
-0.22101,-0.15436,2.1991
-0.13276,-0.24062,2.0049
-0.026937,-0.33607,1.8083
0.022049,-0.43573,1.6027
0.092723,-0.51533,1.3984
0.10058,-0.6534,1.1863
0.099828,-0.69012,0.97544
0.08861,-0.8549,0.76133
0.0029781,-0.87837,0.53973
-0.013475,-1.0347,0.32806
-0.01871,-1.106,0.086644
0.023919,-0.2619,-0.034837
0.11404,0.0074202,-0.010077
0.13086,-0.14652,-0.013751
0.19668,-0.025162,-0.015431
0.22136,-0.086871,-0.012518
0.16975,-0.035667,-0.016241
0.17536,-0.052781,-0.013118
0.16489,-0.051953,-0.016777
0.15255,-0.027266,-0.014685
0.15255,-0.050667,-0.01626
0.11628,-0.022864,-0.016413
0.10357,-0.040447,-0.016653
0.11366,-0.031101,-0.017639
0.12376,-0.026058,-0.016953
0.13049,-0.029286,-0.018055
0.098332,-0.026021,-0.018055
0.059443,-0.02625,-0.018779
0.038502,-0.028132,-0.01924
0.009709,-0.032728,-0.019615
0.009335,-0.031974,-0.020747
0.03738,-0.031832,-0.021992
0.058695,-0.026722,-0.022817
0.10432,-0.024945,-0.023919
0.16265,-0.020547,-0.024455
0.18097,-0.025451,-0.024729
0.14096,-0.020754,-0.025662
0.097211,-0.020607,-0.025423
0.072157,-0.024176,-0.026817
0.048972,-0.01417,-0.026386
0.0022302,-0.031667,-0.027593
-0.037781,-0.0057013,-0.027713
-0.036285,-0.029001,-0.0272
-0.046008,-0.013683,-0.029622
-0.031798,-0.020652,-0.026776
0.0059696,-0.029736,-0.031414
0.056077,0.010052,-0.026956
0.053834,-0.067433,-0.031586
0.063182,0.054122,-0.029355
0.071035,-0.10527,-0.028249
0.032519,0.088736,-0.035909
0.056077,-0.20396,-0.016593
-0.041521,-1.8789,-0.22519
0.088984,-2.1311,-0.62717
0.19369,-1.8059,-0.96493
0.11591,-1.9884,-1.302
0.46778,-1.8788,-1.6231
0.5336,-1.9437,-1.917
0.53098,-1.9187,-2.2011
0.73552,-1.9495,-2.4633
0.53584,-1.9878,-2.7208
0.54182,-1.975,-2.9595
0.61212,-2.0277,-3.1896
0.52986,-2.0288,-3.4086
0.61923,-2.0633,-3.6169
0.65887,-2.0608,-3.8152
0.68729,-2.06,-3.9989
0.66261,-2.065,-4.1712
0.63718,-2.0546,-4.3306
0.55342,-2.0272,-4.4757
0.43338,-1.9847,-4.6013
0.37579,-1.9692,-4.7117
0.29689,-1.949,-4.8113
0.28268,-1.9139,-4.897
0.23744,-1.8822,-4.969
0.28418,-1.8459,-5.0283
0.3298,-1.8046,-5.0745
0.31671,-1.7662,-5.1086
0.30886,-1.7239,-5.1313
0.22958,-1.6712,-5.1419
0.13124,-1.6202,-5.1402
-0.019832,-1.5836,-5.1283
-0.14136,-1.5372,-5.1078
-0.29692,-1.4847,-5.0785
-0.40013,-1.4353,-5.04
-0.42069,-1.3784,-4.9921
-0.45884,-1.3299,-4.9353
-0.43341,-1.2707,-4.8703
-0.41209,-1.2021,-4.796
-0.39751,-1.1455,-4.7132
-0.4091,-1.0777,-4.6231
-0.42481,-1.0116,-4.5245
-0.43191,-0.96058,-4.4203
-0.45659,-0.89202,-4.3106
-0.4794,-0.81278,-4.1917
-0.4637,-0.75035,-4.0651
-0.40798,-0.68548,-3.9333
-0.40237,-0.61117,-3.7963
-0.32497,-0.54766,-3.6545
-0.26401,-0.48766,-3.51
-0.27635,-0.42004,-3.3622
-0.25728,-0.35515,-3.2098
-0.27935,-0.27468,-3.0521
-0.27,-0.18981,-2.8882
-0.28682,-0.094789,-2.7183
-0.27299,0.0014105,-2.5385
-0.19072,0.081159,-2.3538
-0.13127,0.18249,-2.1622
-0.02245,0.25316,-1.9663
0.025788,0.36464,-1.7658
0.065052,0.44281,-1.559
0.12077,0.55602,-1.353
0.11179,0.6621,-1.1378
0.10319,0.72541,-0.92917
0.053834,0.88528,-0.70694
0.013448,0.86291,-0.4914
0.025788,1.1284,-0.26869
0.020927,0.86609,-0.042103
0.055329,0.018817,0.012437
0.12862,0.053953,-0.013965
0.16639,0.093366,-0.0014279
0.20864,0.011788,-0.0073928
0.2079,0.063907,-0.0041948
0.17649,0.0093135,-0.0041235
0.17162,0.044483,-0.0048734
0.14545,0.0080463,-0.0023839
0.14096,0.020081,-0.004251
0.13049,0.021479,-0.0016978
0.097958,0.010191,-0.0027888
0.10693,0.01836,-0.0016378
0.11553,0.0012231,-0.0011992
0.11404,0.014476,-0.0010455
0.11067,0.0072927,-0.00037436
0.10394,0.0069591,-0.00028063
0.078888,0.0059656,0.00063042
0.032145,0.0028464,0.00096034
0.014196,0.0093547,0.001459
0.032519,0.0031613,0.0017777
0.048225,0.00072822,0.0023363
0.07814,2.3405e-05,0.0029324
0.12488,-0.0010188,0.0028612
0.14171,-0.00049021,0.0029549
0.16452,-0.0027321,0.0031274
0.15554,-0.00145,0.0032286
0.12713,-0.0072009,0.0032623
0.094967,-0.008678,0.0030261
0.024667,-0.0016899,0.0031349
-0.0052485,-0.00084637,0.0032136
-0.030302,-0.00088386,0.0031461
-0.043764,-0.0031445,0.0032848
-0.024319,-0.0031033,0.0032398
-0.008614,-0.0044304,0.0031236
0.036633,-0.0091879,0.0031986
