0.034389,-0.010305,-0.0010192
0.043737,-0.011752,-0.0012742
0.021301,-0.004078,-0.0010417
0.023545,-0.00136,-0.00059931
0.03065,-0.0025747,-0.00022814
0.031771,-0.0007039,-0.00052808
0.043737,0.0011669,-0.00025814
0.031771,-0.0061662,-5.1931e-05
0.042616,0.0034163,0.00021801
0.054956,-0.0092179,0.00034173
0.048972,0.0037837,0.00052544
0.043363,-0.0075871,0.00081413
0.037006,-0.014437,0.00039422
0.045233,0.012159,0.0011815
0.039998,-0.031689,0.00023301
0.048972,0.02846,0.0013952
0.044111,-0.044507,0.00066416
0.03925,0.025322,0.00066791
0.042989,-0.016131,0.0016164
0.047103,-0.024982,-0.00045309
0.040372,0.056184,0.0030824
0.05346,-0.14651,-0.0025414
0.061686,0.19466,0.0040647
0.013822,-0.35736,-0.0045697
0.067295,1.0518,0.01568
0.032893,4.026,0.18159
0.093471,3.9201,0.3763
0.15891,3.8195,0.52723
0.12002,3.7052,0.67507
0.26997,3.1303,0.81155
0.18322,3.2998,0.93973
0.14171,3.3938,1.0348
0.069539,3.3695,1.1045
-0.0011352,2.8977,1.1776
0.22173,2.6571,1.2494
0.042989,2.592,1.312
-0.032172,2.5121,1.3594
0.12376,2.509,1.3951
-0.047877,2.4581,1.4176
0.022423,2.5006,1.4278
-0.067696,2.912,1.4114
-0.53475,2.9835,1.3616
-0.31674,2.2917,1.3259
0.11366,2.1808,1.2973
-0.034416,1.9576,1.2553
-0.0074922,1.4315,1.2271
0.30886,1.3853,1.1948
0.19892,1.2255,1.1525
0.18696,1.0924,1.106
0.32419,0.98779,1.0497
0.11853,0.81744,0.98896
0.0127,0.69745,0.91956
-0.092002,0.53394,0.84591
-0.2786,0.38405,0.76479
-0.3489,0.2868,0.68297
-0.2857,0.10179,0.59899
-0.15856,-0.034175,0.50672
-0.11743,-0.22263,0.41371
-0.10808,-0.43256,0.3078
-0.16791,-0.56716,0.20418
-0.2154,-0.91891,0.08342
-0.20082,-0.48821,-0.010133
-0.10434,0.076672,-0.0095973
0.065426,-0.084044,-0.0025826
0.1346,-0.027202,-0.0071416
0.20752,-0.026287,-0.003295
0.30587,-0.045718,-0.0061406
0.26249,-0.010545,-0.0042023
0.18883,-0.041317,-0.005267
0.16901,-0.0069535,-0.0048996
0.048225,-0.029418,-0.0047384
-0.097237,-0.016637,-0.005432
-0.17876,-0.016885,-0.0046222
-0.28982,-0.0237,-0.0055595
-0.30926,-0.016379,-0.0051433
-0.15894,-0.017972,-0.0053495
0.027658,-0.011865,-0.0054582
0.15854,-0.016813,-0.005582
0.28904,-0.015329,-0.0057019
0.37766,-0.016041,-0.0056269
0.31559,-0.017308,-0.0060731
0.25015,-0.013574,-0.0061143
0.17574,-0.017897,-0.0063018
0.071035,-0.014335,-0.006598
0.009709,-0.011036,-0.0066505
-0.028059,-0.018635,-0.0065605
-0.030676,-0.012944,-0.006448
-0.051991,-0.013379,-0.0063918
-0.035911,-0.013252,-0.006388
-0.012353,-0.0081344,-0.006418
0.0048478,-0.013349,-0.0064218
0.06393,-0.010174,-0.0064518
0.04112,-0.010643,-0.0064105
-0.046008,-0.011209,-0.006418
-0.06994,-0.0073359,-0.0062081
-0.025815,-0.011778,-0.0060993
-0.011605,-0.0093604,-0.0062156
0.047477,-0.0068898,-0.0062306
0.16041,-0.0082619,-0.0062118
0.14545,-0.0086068,-0.0060543
0.090854,-0.013829,-0.0062231
0.063182,-0.010785,-0.0060581
-0.039651,-0.0066948,-0.0059156
-0.12827,-0.0070585,-0.0060543
-0.12491,-0.0059638,-0.0058631
-0.1466,-0.013128,-0.0061181
-0.15669,-0.010301,-0.0060468
-0.070314,-0.0049515,-0.0058594
-0.038529,-0.010699,-0.0060206
0.024293,-0.010211,-0.0061181
0.18583,-0.01026,-0.0068867
0.22061,-0.0098552,-0.0073178
0.20229,-0.011823,-0.007434
0.18396,-0.010129,-0.0078877
0.093097,-0.012734,-0.0077827
0.022423,-0.011853,-0.0083338
-0.016093,-0.006961,-0.0081839
-0.025067,-0.020997,-0.0086488
-0.0063704,-0.0025447,-0.008765
0.022049,-0.019318,-0.00872
0.056077,-0.0073809,-0.0094473
0.077018,-0.015925,-0.0080227
0.082253,-0.019745,-0.010193
0.0658,0.0063405,-0.0079739
0.069913,-0.048691,-0.0097435
0.053834,0.03748,-0.0088925
0.011579,-0.058772,-0.0082364
0.025788,0.040644,-0.010955
-0.0030049,-0.036181,-0.0045959
-0.028059,-0.031457,-0.015498
0.027284,0.1233,0.0042334
0.045607,-1.7243,-0.078372
0.042242,-2.8969,-0.33926
0.091975,-2.5243,-0.56634
0.14134,-2.708,-0.75987
0.12862,-2.632,-0.94348
0.16676,-2.6387,-1.0911
0.19369,-2.628,-1.2306
0.15293,-2.5461,-1.3413
0.17162,-2.5617,-1.4363
0.1634,-2.4776,-1.518
0.15854,-2.4844,-1.585
0.20677,-2.3893,-1.6395
0.16302,-2.3226,-1.681
0.11179,-2.2511,-1.714
0.13872,-2.1591,-1.7358
0.10132,-2.0777,-1.7492
0.0011084,-1.9507,-1.7527
-0.071062,-1.8534,-1.7457
-0.1279,-1.7437,-1.7292
-0.15782,-1.6366,-1.7046
-0.14847,-1.5371,-1.6721
-0.081532,-1.4234,-1.6309
0.0082132,-1.3149,-1.5826
0.067669,-1.1976,-1.5272
0.11516,-1.0842,-1.4655
0.098332,-0.94644,-1.3975
0.048225,-0.80944,-1.3205
0.0022302,-0.69112,-1.2393
-0.068444,-0.53056,-1.1519
-0.13463,-0.43063,-1.0604
-0.19783,-0.2851,-0.9679
-0.21952,-0.14057,-0.86926
-0.22999,0.012815,-0.76764
-0.22438,0.18927,-0.65741
-0.15894,0.33093,-0.54473
-0.12341,0.58587,-0.41944
-0.066574,0.62995,-0.2945
-0.023945,0.97116,-0.16477
-0.020954,0.87802,-0.026701
-0.0067443,0.001703,0.01175
-0.028059,-0.018039,-0.0063055
0.011579,0.071806,0.00025175
0.047103,-0.022159,-0.0029988
0.068043,0.050376,-0.0022189
0.12339,-0.012937,-0.001799
0.10282,0.021693,-0.0026651
0.084123,0.0037124,-0.0013754
0.062434,0.0078626,-0.0027251
0.009335,0.010798,-0.0013716
-0.002257,-0.0061962,-0.002144
-0.010484,0.011177,-0.0016078
0.010083,-0.0019673,-0.0015141
0.039998,0.0076676,-0.0014466
0.054956,-0.00063267,-0.0011767
0.11404,-0.0015287,-0.0013829
0.15741,0.0049009,-0.00067429
0.19443,0.00085569,-0.00080926
0.21463,0.0010919,-0.00055807
0.19556,-0.0025597,-0.0001719
0.16975,0.00046579,-0.0002019
0.10581,0.0029364,7.5541e-05
0.04112,0.00048453,0.0002705
0.023171,-0.00080513,0.00019551
0.0063435,-0.0019636,5.3046e-05
-0.026189,-0.0016487,-7.4426e-05
-0.024693,-0.0065674,7.5541e-05
-0.02058,-0.0069535,0.00020676
-0.020206,-0.00077138,-2.9436e-05
-0.012727,-0.0027809,-2.1938e-05
-0.01871,-0.0054651,-2.5687e-05
-0.031798,-0.0051727,-0.00016816
-0.050121,-0.0054277,-0.0001869
-0.043016,-0.0014987,-8.9423e-05
-0.032546,0.0038361,0.00056668
-0.035164,0.0017517,0.001204
-0.022076,-0.00023153,0.0015227
-0.014971,0.0016392,0.0023588
-0.016467,-0.0037181,0.0027075
0.003726,0.0059393,0.0030036
0.017562,-0.00071515,0.0037235
-0.032546,0.0017817,0.0035248
-0.054608,0.0065954,0.0045071
-0.046382,-0.0090604,0.0040122
-0.067322,0.011308,0.0052794
-0.00038735,-0.022587,0.0048482
0.056451,0.021288,0.004657
0.070287,-0.017035,0.0065878
0.13348,0.0023178,0.003776
0.14807,0.012294,0.0078813
0.13348,-0.045456,0.0032586
0.16115,0.072229,0.008095
0.14657,-0.10824,0.004582
0.11965,0.1387,0.0050582
0.10918,-0.20141,0.010105
0.046729,0.38859,-0.0049821
0.088236,3.0377,0.20427
0.16265,3.4373,0.57664
0.2064,3.1002,0.87792
0.25053,3.4258,1.1737
0.24417,3.322,1.4421
0.30213,3.5301,1.6836
0.31821,3.5464,1.9143
0.36458,3.6281,2.1197
0.39337,3.6716,2.3144
0.32045,3.625,2.4847
0.34513,3.6606,2.641
0.32232,3.5934,2.7798
0.27483,3.5754,2.9029
0.21911,3.5358,3.0129
0.16938,3.5084,3.1052
0.21762,3.4686,3.1838
0.14545,3.3744,3.2467
0.089358,3.3197,3.296
0.083375,3.2573,3.3327
-0.046756,3.1365,3.3574
-0.11481,3.0535,3.371
-0.10995,2.9643,3.3742
-0.11706,2.8639,3.368
-0.095368,2.7707,3.3541
-0.089759,2.6586,3.3337
-0.14024,2.5816,3.3051
-0.046756,2.4922,3.2674
0.03925,2.3817,3.2221
-0.053861,2.2621,3.1685
-0.04526,2.1421,3.1062
-0.11893,2.0422,3.0368
-0.29131,1.9193,2.9609
-0.34778,1.8011,2.8787
-0.33805,1.6949,2.7909
-0.34329,1.5571,2.6972
-0.33319,1.4278,2.5974
-0.23485,1.3084,2.4927
-0.22924,1.1693,2.3827
-0.18399,1.0317,2.267
-0.14361,0.89757,2.1469
-0.14697,0.75848,2.0233
-0.080784,0.62325,1.8953
-0.15744,0.51382,1.7673
-0.22999,0.34579,1.6358
-0.22812,0.19649,1.4974
-0.20381,0.027594,1.3566
-0.17614,-0.16461,1.2058
-0.14061,-0.29876,1.0532
-0.0576,-0.50306,0.89409
-0.023198,-0.58826,0.73455
0.011205,-0.82926,0.57306
0.060939,-0.91556,0.40473
0.050468,-1.1403,0.24511
0.03738,-1.3702,0.060396
0.071409,-0.36179,-0.038327
0.072531,0.063832,-0.0193
0.095341,-0.17358,-0.020414
0.11965,-0.020195,-0.02185
0.10619,-0.093229,-0.018738
0.14694,-0.049081,-0.021958
0.15779,-0.053366,-0.01903
0.15293,-0.06837,-0.021722
0.15405,-0.03317,-0.01999
0.093097,-0.06215,-0.021059
0.0055957,-0.035401,-0.021291
-0.036285,-0.050401,-0.020627
-1.3407e-05,-0.04059,-0.021328
0.009709,-0.043922,-0.021257
0.011579,-0.045021,-0.021831
0.075896,-0.033313,-0.021407
0.093471,-0.034902,-0.021913
0.070661,-0.033665,-0.022236
0.066548,-0.036758,-0.022401
0.05346,-0.033324,-0.022607
-0.0063704,-0.032548,-0.022693
-0.036285,-0.030047,-0.023061
-0.040399,-0.02842,-0.023121
-0.10285,-0.027352,-0.023147
-0.097237,-0.024371,-0.023166
-0.047877,-0.023682,-0.023139
-0.042642,-0.021762,-0.023109
-0.032172,-0.022861,-0.022911
-0.016093,-0.022594,-0.022888
0.0044739,-0.021436,-0.022911
0.032145,-0.024169,-0.022772
0.046729,-0.027787,-0.023424
0.027658,-0.024113,-0.024174
0.044111,-0.02421,-0.024553
0.089732,-0.026726,-0.025501
0.10619,-0.021099,-0.025591
0.12152,-0.029901,-0.026307
0.13498,-0.017863,-0.02663
0.14769,-0.027985,-0.026622
0.15554,-0.024135,-0.027537
0.14208,-0.022733,-0.02675
0.11441,-0.029984,-0.028606
0.11479,-0.009769,-0.027147
0.11778,-0.045538,-0.028771
0.080757,0.006348,-0.028531
0.080757,-0.056478,-0.027728
0.093845,0.0076676,-0.030683
0.07814,-0.029463,-0.025985
0.075148,-0.0439,-0.033018
0.054956,0.048528,-0.0242
0.069539,-0.16514,-0.034589
0.050842,0.27456,-0.022832
-0.0093619,-1.165,-0.050403
-0.020206,-3.3586,-0.35006
-0.068818,-3.0872,-0.72002
-0.019084,-3.051,-1.0185
0.07627,-3.1655,-1.3214
0.15368,-3.0676,-1.5876
0.25501,-3.232,-1.8411
0.26361,-3.1855,-2.076
0.24417,-3.2831,-2.2921
0.18322,-3.2359,-2.4932
0.1877,-3.2006,-2.6724
0.22585,-3.1302,-2.842
0.24566,-3.0021,-2.9961
0.30662,-2.9022,-3.1395
0.33578,-2.7021,-3.2716
0.37579,-2.5455,-3.3944
0.31896,-2.4124,-3.5064
0.36084,-2.2983,-3.605
0.4016,-2.198,-3.6915
0.18583,-2.0868,-3.7645
0.15554,-1.9903,-3.8251
0.26025,-1.894,-3.8733
0.23893,-1.8029,-3.9097
0.22921,-1.7249,-3.9361
0.23482,-1.6484,-3.9527
0.27483,-1.5656,-3.9599
0.31933,-1.4784,-3.9576
0.094967,-1.3926,-3.9457
-0.046756,-1.3,-3.9242
0.059069,-1.204,-3.8922
-0.13426,-1.1169,-3.8511
-0.20718,-1.027,-3.8009
-0.074427,-0.93515,-3.742
-0.19035,-0.85049,-3.675
-0.1638,-0.76123,-3.6004
-0.083028,-0.66977,-3.518
-0.12603,-0.5899,-3.4285
-0.091254,-0.48957,-3.3329
-0.10883,-0.37519,-3.2269
-0.26476,-0.30044,-3.1139
-0.34404,-0.20677,-2.9963
-0.32497,-0.10942,-2.8711
-0.39265,-0.041508,-2.743
-0.34965,0.054733,-2.6105
-0.30851,0.15174,-2.4716
-0.3317,0.26782,-2.3257
-0.28196,0.38122,-2.1725
-0.32123,0.52842,-2.011
-0.32384,0.62736,-1.8407
-0.30552,0.72858,-1.6687
-0.27112,0.85573,-1.4879
-0.22176,0.92393,-1.3066
-0.2255,1.0963,-1.1183
-0.17277,1.1259,-0.92724
-0.1021,1.3329,-0.73484
-0.0015092,1.3531,-0.53203
0.066174,1.4965,-0.34118
0.10955,1.7064,-0.11762
0.17686,0.44551,0.015473
0.14096,-0.12665,-0.0033624
0.079261,0.17745,-0.0047834
0.11965,-0.010226,-0.00098922
0.10656,0.0704,-0.0052783
0.044485,0.024632,-0.00076052
0.13423,0.027121,-0.0043672
0.18097,0.039605,-0.0012292
0.15554,-0.0020498,-0.0030775
0.22024,0.0425,-0.0019153
0.23594,0.00339,-0.0013829
0.20752,0.024621,-0.0020615
0.215,0.012815,-0.0011092
0.18471,0.013291,-0.0015853
0.12638,0.01632,-0.00041185
0.096463,0.0079451,-0.00058431
0.042616,0.017321,3.8049e-05
0.021301,0.0063067,0.00031174
0.026536,0.0049683,0.00025925
0.0018563,0.013182,0.0012903
0.044859,0.016751,0.002475
0.04112,0.0045485,0.0032211
-0.0041267,0.0094747,0.0041959
-0.013849,0.0084362,0.0053581
-0.061713,0.0065354,0.0052456
-0.069192,0.0094259,0.0062729
-0.069566,-0.0010226,0.0062429
-0.10659,0.014746,0.007094
-0.091628,-0.0090005,0.0074689
-0.056852,0.016347,0.007214
-0.066948,0.00012838,0.0090023
-0.056104,-0.0003365,0.0074689
0.0044739,0.012264,0.010457
0.01831,-0.028162,0.0080238
0.010831,0.04103,0.010573
0.0040999,-0.057831,0.0099021
-0.015719,0.066921,0.0090061
-0.022076,-0.060474,0.013666
-0.019832,0.032291,0.004882
-0.0067443,0.029851,0.020602
0.0070914,-0.18133,-0.0065905
0.064304,2.2159,0.10591
0.1548,3.6358,0.49156
0.24566,2.9232,0.86213
0.25613,3.086,1.2036
0.27932,2.9419,1.5519
0.33391,2.8762,1.8626
0.29989,2.8903,2.1699
0.36607,2.8049,2.4535
0.39636,2.8678,2.7304
0.3986,2.7936,2.9926
0.48611,2.8378,3.2406
0.52761,2.8043,3.4792
0.58333,2.7829,3.7003
0.6039,2.7823,3.9119
0.5923,2.7729,4.1112
0.46666,2.7702,4.3
0.43076,2.7086,4.476
0.6125,2.6677,4.6359
0.49957,2.6126,4.7801
0.44236,2.5514,4.9099
0.61661,2.4984,5.0256
0.49994,2.4194,5.1271
0.41805,2.3538,5.2152
0.33915,2.2865,5.2898
0.12226,2.2038,5.3512
0.093097,2.1382,5.3991
-0.056852,2.0673,5.434
-0.33918,1.9792,5.4571
-0.30889,1.8944,5.4677
-0.059096,1.8215,5.4668
0.12077,1.7441,5.4551
0.065052,1.6704,5.4337
-0.087515,1.598,5.4037
-0.097985,1.5134,5.3655
-0.25354,1.436,5.3185
-0.49212,1.3583,5.2625
-0.43004,1.2684,5.1976
-0.35488,1.1774,5.1236
-0.42182,1.0901,5.0412
-0.37993,1.0064,4.9514
-0.32983,0.91808,4.8541
-0.25205,0.83112,4.7497
-0.087141,0.75419,4.6391
-0.18175,0.66208,4.5219
-0.29393,0.57602,4.3977
-0.3934,0.49516,4.2684
-0.66039,0.39248,4.1323
-0.65141,0.31142,3.9891
-0.48688,0.225,3.8421
-0.2685,0.13435,3.6896
-0.016841,0.060079,3.5334
0.051216,-0.032297,3.3746
0.087114,-0.13403,3.2103
0.055329,-0.25447,3.0383
-0.023945,-0.3677,2.86
-0.15034,-0.49553,2.6743
-0.24457,-0.58732,2.4822
-0.30178,-0.69613,2.2877
-0.43229,-0.81141,2.0861
-0.36572,-0.89667,1.8836
-0.29468,-1.0453,1.6746
-0.1552,-1.0999,1.4636
0.11142,-1.2725,1.2495
0.19518,-1.3226,1.0293
0.22098,-1.4754,0.8142
0.16078,-1.5931,0.58486
0.050094,-1.5905,0.37146
-0.10659,-1.9736,0.13236
-0.13987,-0.90458,-0.055116
-0.059096,0.11922,-0.05864
-0.08228,-0.20957,-0.044446
0.024667,-0.077559,-0.053811
0.08674,-0.090238,-0.046245
0.049346,-0.11089,-0.051382
0.075148,-0.059466,-0.047595
0.045981,-0.11361,-0.049638
-0.021328,-0.050854,-0.049466
-0.050869,-0.088944,-0.048697
-0.11107,-0.058795,-0.050238
-0.19521,-0.067755,-0.048881
-0.17689,-0.06455,-0.050178
-0.11444,-0.052451,-0.049567
0.0014823,-0.063361,-0.050137
0.15143,-0.047608,-0.050291
0.21986,-0.056433,-0.050347
0.20939,-0.057153,-0.051419
0.1533,-0.05761,-0.052518
0.070287,-0.054045,-0.053365
-0.017215,-0.05319,-0.054209
-0.064331,-0.047218,-0.055228
-0.078914,-0.050629,-0.056199
-0.042268,-0.041129,-0.056889
0.019057,-0.04411,-0.056597
0.080757,-0.049141,-0.058119
0.16003,-0.028732,-0.057268
0.19331,-0.055897,-0.058449
0.22921,-0.018069,-0.0587
0.24791,-0.055732,-0.05804
0.21687,-0.021732,-0.060526
0.15442,-0.034902,-0.057362
0.062808,-0.0546,-0.062059
0.033267,0.014082,-0.057388
0.021301,-0.10957,-0.061861
0.032145,0.077838,-0.059791
0.060191,-0.16743,-0.058408
0.10245,0.14304,-0.066618
0.088236,-0.33949,-0.04587
0.056077,-2.9076,-0.26015
0.054208,-3.2515,-0.67842
-0.023945,-2.8256,-1.0304
0.10656,-3.0977,-1.3812
0.22921,-2.8467,-1.7167
0.25277,-2.9128,-2.0254
0.3814,-2.8245,-2.3268
0.37355,-2.8174,-2.6055
0.36233,-2.8265,-2.8802
0.36084,-2.7761,-3.137
0.304,-2.815,-3.3847
0.32083,-2.7501,-3.6188
0.33541,-2.7532,-3.838
0.32606,-2.7345,-4.0474
0.33653,-2.7353,-4.2456
0.32008,-2.7128,-4.4343
0.32307,-2.6448,-4.607
0.35972,-2.5943,-4.7636
0.35785,-2.5416,-4.9055
0.36532,-2.4912,-5.0335
0.31372,-2.4308,-5.1472
0.28717,-2.3727,-5.2463
0.37505,-2.3108,-5.3322
0.37355,-2.2421,-5.4044
0.42366,-2.1778,-5.4633
0.45096,-2.108,-5.5094
0.38514,-2.0342,-5.5421
0.37168,-1.9619,-5.5623
0.2595,-1.8875,-5.5705
0.20453,-1.8114,-5.5672
0.097584,-1.7421,-5.5533
-0.027685,-1.6778,-5.5303
-0.065827,-1.6107,-5.4984
-0.16642,-1.5453,-5.458
-0.10846,-1.4687,-5.4086
-0.095368,-1.382,-5.3496
-0.10434,-1.2996,-5.2814
-0.10434,-1.2124,-5.2043
-0.21241,-1.1237,-5.1189
-0.22475,-1.0394,-5.0257
-0.29169,-0.95549,-4.9253
-0.30963,-0.87306,-4.8179
-0.33805,-0.78864,-4.7039
-0.40985,-0.6996,-4.5835
-0.40013,-0.61192,-4.4571
-0.45884,-0.50747,-4.3239
-0.35226,-0.40941,-4.1822
-0.32123,-0.33743,-4.0363
-0.4622,-0.24091,-3.8867
-0.41546,-0.14926,-3.7311
-0.40761,-0.069779,-3.5723
-0.45996,0.02783,-3.4093
-0.40873,0.13801,-3.2403
-0.37358,0.2547,-3.0639
-0.36124,0.37656,-2.8806
-0.25504,0.50205,-2.6891
-0.20493,0.58804,-2.4934
-0.22026,0.72021,-2.2941
-0.13987,0.81033,-2.089
-0.1107,0.93199,-1.8823
-0.11107,1.0438,-1.6681
-0.075549,1.1284,-1.4555
-0.099107,1.2997,-1.2344
-0.069192,1.3175,-1.0155
-0.021328,1.5631,-0.79218
0.011953,1.5293,-0.5635
0.10357,1.7544,-0.34697
0.11778,1.7761,-0.10082
0.17649,0.29773,0.018465
0.22248,-0.075557,-0.0084838
0.18434,0.19423,-0.0041348
0.22211,-0.013912,-0.0034337
0.16302,0.10413,-0.0058331
0.10245,0.019593,-0.0022752
0.11067,0.049319,-0.0057769
0.083375,0.041649,-0.0019565
0.085618,0.0097333,-0.0043485
0.12787,0.051396,-0.0026089
0.15667,0.0093247,-0.0026614
0.12937,0.033506,-0.0026988
0.10955,0.010506,-0.0015628
0.088236,0.015361,-0.0022864
0.074026,0.019713,-0.0011129
0.062808,0.0097558,-0.0010417
0.011205,0.017962,-0.00078302
0.0026042,0.012376,-0.00032562
-0.0011352,0.012298,6.0544e-05
-0.032546,0.014727,0.00081788
-0.0052485,0.018184,0.0020738
0.033267,0.012946,0.0030786
0.038128,0.014528,0.0039634
0.054582,0.0083125,0.004597
0.049346,0.0053957,0.0047245
-0.0048746,0.0097108,0.0057705
-0.03479,0.0034425,0.0056955
-0.038155,0.01845,0.0066816
-0.037033,-0.0088318,0.0069553
-0.0048746,0.017468,0.0068803
0.028032,-0.0012588,0.0085299
0.067669,-0.0028033,0.0067903
0.085245,0.023755,0.0098646
0.094967,-0.029403,0.0074989
0.12451,0.04912,0.0096172
0.11815,-0.055226,0.0093847
0.10544,0.056364,0.0079038
0.055329,-0.041444,0.013115
0.037754,0.010427,0.0038659
0.047477,0.052581,0.019462
0.020927,-0.20912,-0.0062381
0.059069,2.0657,0.091589
0.12563,3.588,0.46472
0.23519,2.8625,0.83422
0.27109,2.983,1.1664
0.29652,2.8768,1.5062
0.3642,2.7947,1.81
0.2337,2.7987,2.1088
0.22061,2.7051,2.3841
0.28904,2.771,2.6516
0.19369,2.6643,2.9048
0.22098,2.687,3.141
0.27633,2.6696,3.3695
0.27782,2.6624,3.5849
0.37467,2.6412,3.7904
0.44834,2.5626,3.9797
0.42478,2.5198,4.1524
0.39262,2.4566,4.3087
0.32344,2.4038,4.4501
0.22734,2.3414,4.577
0.15966,2.2697,4.6891
0.056077,2.1918,4.7867
0.049346,2.1345,4.8699
0.10656,2.0686,4.9393
0.12152,1.9836,4.9949
0.19294,1.9279,5.038
0.22809,1.8523,5.0681
0.22996,1.777,5.0856
0.21126,1.7102,5.092
0.14246,1.6357,5.0874
0.041868,1.5807,5.0734
-0.075923,1.5044,5.0507
-0.14622,1.4278,5.019
-0.21615,1.3652,4.9779
-0.21241,1.2809,4.9274
-0.15557,1.1909,4.8673
-0.14622,1.1079,4.7973
-0.092002,1.0279,4.719
-0.059096,0.94494,4.6332
-0.093872,0.85912,4.5395
-0.12753,0.77856,4.4387
-0.17763,0.69161,4.3312
-0.25167,0.60145,4.2159
-0.31001,0.52638,4.0954
-0.34067,0.42602,3.9687
-0.34142,0.32235,3.8338
-0.31225,0.24758,3.6944
-0.27598,0.15909,3.5496
-0.27374,0.073433,3.4004
-0.27,-0.00035524,3.2487
-0.24195,-0.10438,3.092
-0.31637,-0.21891,2.9278
-0.38667,-0.328,2.7575
-0.40013,-0.46345,2.5783
-0.41583,-0.55813,2.3925
-0.35152,-0.6774,2.2033
-0.31001,-0.76771,2.0077
-0.26962,-0.87739,1.8109
-0.19297,-1.0047,1.6062
-0.13501,-1.0701,1.4018
-0.10023,-1.2524,1.1902
-0.090506,-1.2717,0.97735
-0.062087,-1.4856,0.76462
-0.081158,-1.5123,0.54132
-0.11444,-1.646,0.33239
-0.1178,-1.8476,0.092121
-0.046008,-0.51338,-0.051697
0.033267,0.096823,-0.033063
0.061312,-0.22164,-0.030731
0.19967,-0.02069,-0.034694
0.21724,-0.10949,-0.029963
0.15293,-0.064568,-0.034496
0.20229,-0.060726,-0.030551
0.14582,-0.083366,-0.033727
0.12264,-0.039049,-0.031864
0.15667,-0.077982,-0.0327
0.10207,-0.040425,-0.033018
0.085618,-0.059031,-0.032441
0.097584,-0.04763,-0.033813
0.092723,-0.04982,-0.033195
0.10731,-0.049591,-0.033914
0.14358,-0.044009,-0.033783
0.12488,-0.049992,-0.034346
0.087862,-0.037643,-0.034529
0.063556,-0.042535,-0.034668
0.012327,-0.038723,-0.035403
0.023545,-0.045475,-0.036018
0.036633,-0.047878,-0.037225
0.041868,-0.03512,-0.037787
0.073278,-0.038434,-0.03853
0.076644,-0.032136,-0.039182
0.066548,-0.036867,-0.039418
0.043363,-0.032038,-0.040243
0.01831,-0.033377,-0.040007
-0.022076,-0.040312,-0.041304
-0.050121,-0.018872,-0.040914
-0.087141,-0.049887,-0.041896
-0.13687,-0.013383,-0.042211
-0.13538,-0.043611,-0.041356
-0.10322,-0.017672,-0.044101
-0.071436,-0.018373,-0.04097
-0.008614,-0.052133,-0.045394
0.070287,0.024774,-0.041446
0.070661,-0.10502,-0.044787
0.073652,0.077545,-0.044011
0.065426,-0.1463,-0.041147
0.0658,0.10744,-0.051063
0.074026,-0.22746,-0.027882
0.056077,-2.7867,-0.2207
0.11628,-3.2914,-0.62846
0.10656,-2.7678,-0.9755
0.21463,-3.0347,-1.3145
0.40347,-2.8052,-1.6424
0.46068,-2.8473,-1.9414
0.59904,-2.7743,-2.2329
0.62185,-2.7572,-2.5014
0.51116,-2.7726,-2.7656
0.49396,-2.6937,-3.0107
0.46891,-2.7291,-3.2439
0.43525,-2.6981,-3.4669
0.4805,-2.7111,-3.6791
0.54893,-2.6561,-3.879
0.53921,-2.5918,-4.0604
0.50219,-2.5437,-4.2269
0.49059,-2.4908,-4.3777
0.39898,-2.4404,-4.5147
0.30175,-2.3721,-4.636
0.22884,-2.3194,-4.7428
0.14433,-2.253,-4.8362
0.12937,-2.1805,-4.9147
0.12713,-2.1171,-4.979
0.14919,-2.048,-5.0303
0.21687,-1.9752,-5.0687
0.27371,-1.9044,-5.0945
0.27857,-1.8317,-5.1084
0.21313,-1.7612,-5.111
0.12862,-1.6952,-5.1032
0.022423,-1.6306,-5.0861
-0.13127,-1.5626,-5.0599
-0.25242,-1.4897,-5.0249
-0.31076,-1.415,-4.9808
-0.33693,-1.3313,-4.9271
-0.33132,-1.2433,-4.8639
-0.32534,-1.1586,-4.7916
-0.28121,-1.0738,-4.7109
-0.25354,-0.98722,-4.6227
-0.23559,-0.90452,-4.5266
-0.20157,-0.82019,-4.4235
-0.25915,-0.73006,-4.3133
-0.28757,-0.64776,-4.197
-0.29281,-0.54731,-4.0744
-0.31038,-0.44044,-3.9433
-0.31225,-0.36324,-3.8063
-0.30403,-0.27753,-3.6654
-0.27,-0.1759,-3.5192
-0.30216,-0.10006,-3.3685
-0.29842,-0.016161,-3.2145
-0.29767,0.10619,-3.0545
-0.35675,0.19744,-2.888
-0.36909,0.33277,-2.7148
-0.38816,0.46549,-2.5316
-0.3489,0.55428,-2.3446
-0.30066,0.69062,-2.1513
-0.26177,0.76734,-1.955
-0.15894,0.90999,-1.7548
-0.089759,0.98585,-1.5484
-0.017215,1.1294,-1.3425
0.011205,1.2401,-1.1267
0.02504,1.3128,-0.91711
0.020179,1.5396,-0.69532
-0.046756,1.4535,-0.48095
-0.053861,1.867,-0.25875
-0.077419,1.3335,-0.035568
-0.076671,-0.052646,0.01553
-0.064331,0.072214,-0.011348
0.0078393,0.11747,0.00075414
0.1174,0.00048078,-0.005282
0.081505,0.094937,-0.0024514
0.14246,-0.0019373,-0.0028638
0.1907,0.068357,-0.0035612
0.14545,0.015672,-0.0013266
0.20304,0.028156,-0.0036174
0.20004,0.027811,-0.0011317
0.17088,0.01157,-0.0021702
0.17162,0.028992,-0.0014054
0.13685,0.0058531,-0.0011317
0.12077,0.023136,-0.00091799
0.12114,0.01325,-0.00028063
0.09908,0.011634,-0.00034437
0.069913,0.013644,9.8036e-05
0.057573,0.010584,0.00039797
0.020553,0.01262,0.0011028
-0.0097358,0.01229,0.0013615
0.003726,0.016545,0.0023663
0.021675,0.0090248,0.003746
0.050094,0.0094784,0.0043833
0.083001,0.0075589,0.0050882
0.092349,3.0903e-05,0.0052981
0.085245,0.014929,0.0061792
0.082627,0.00012463,0.0066291
0.060191,0.011222,0.0066516
0.021301,0.0019466,0.0077876
-0.0093619,-0.003332,0.0068053
-0.040025,0.012643,0.0088223
-0.070314,-0.017728,0.0080613
-0.098359,0.028448,0.0092348
-0.098359,-0.030036,0.0096959
-0.083028,0.034023,0.0082787
-0.071436,-0.018369,0.011912
-0.062087,-0.0082207,0.0067153
-0.069192,0.0447,0.01412
-0.047504,-0.098298,0.0062429
-0.040399,0.16729,0.014544
-0.031424,-0.29878,0.0074764
0.022797,0.98413,0.020411
0.054208,3.4255,0.31194
0.17499,3.134,0.71097
0.24903,2.8864,1.041
0.26361,3.007,1.3849
0.37392,2.8019,1.6984
0.33952,2.8763,1.997
0.34738,2.7498,2.2798
0.44385,2.8039,2.5462
0.4001,2.7541,2.8052
0.42628,2.7201,3.0428
0.49658,2.7376,3.2731
0.49022,2.7184,3.491
0.53995,2.7124,3.6984
0.64615,2.6493,3.892
0.60502,2.6157,4.0685
0.54631,2.5459,4.2289
0.54294,2.4785,4.3732
0.40945,2.4284,4.5036
0.34027,2.374,4.619
0.27782,2.3119,4.7204
0.19705,2.2492,4.807
0.21986,2.1715,4.8793
0.21949,2.1049,4.9384
0.2696,2.0415,4.9837
0.32905,1.9583,5.0161
0.35972,1.8906,5.0364
0.35336,1.8094,5.0446
0.26773,1.7406,5.0418
0.13947,1.6813,5.0295
-0.013849,1.6078,5.0079
-0.12042,1.5381,4.9775
-0.23335,1.4637,4.9385
-0.30365,1.3857,4.8901
-0.32609,1.3036,4.8323
-0.34703,1.2229,4.7653
-0.33244,1.1341,4.6897
-0.32646,1.0477,4.606
-0.27486,0.96452,4.5148
-0.31076,0.87853,4.4164
-0.37694,0.79315,4.3112
-0.37395,0.68761,4.1982
-0.39714,0.60779,4.0792
-0.37246,0.52503,3.9552
-0.39863,0.41091,3.8227
-0.42369,0.32549,3.6842
-0.38816,0.24161,3.5419
-0.37021,0.15114,3.3942
-0.38928,0.073875,3.2433
-0.41695,-0.02072,3.0891
-0.41322,-0.13778,2.9278
-0.46071,-0.24448,2.7605
-0.45547,-0.37917,2.5854
-0.45397,-0.48348,2.4025
-0.44837,-0.59843,2.216
-0.3388,-0.70784,2.0226
-0.27411,-0.80012,1.8284
-0.17315,-0.9434,1.6271
-0.079662,-1.0051,1.4241
-0.04339,-1.1874,1.2168
-0.0056225,-1.2347,1.0042
-0.015719,-1.408,0.79553
-0.044138,-1.5091,0.57325
-0.091628,-1.5505,0.36632
-0.12715,-1.8989,0.13142
-0.094246,-0.77266,-0.041649
-0.046008,0.12936,-0.038031
-0.050869,-0.20201,-0.02726
0.044111,-0.054,-0.035422
0.13348,-0.090009,-0.028516
0.08861,-0.087936,-0.033656
0.1619,-0.048661,-0.029918
0.18022,-0.092978,-0.032433
0.12713,-0.037534,-0.031867
0.19294,-0.079579,-0.031339
0.18135,-0.04438,-0.03276
0.15517,-0.058529,-0.031665
0.18509,-0.054738,-0.032741
0.16452,-0.042764,-0.032314
0.13273,-0.053134,-0.032921
0.14171,-0.045711,-0.033127
0.10506,-0.047915,-0.033446
0.024667,-0.039394,-0.033629
0.012327,-0.042325,-0.033764
-0.011232,-0.040376,-0.034282
-0.03479,-0.042865,-0.03478
-0.0048746,-0.04808,-0.035976
0.029154,-0.037613,-0.036813
0.068791,-0.04008,-0.037532
0.10132,-0.042037,-0.038275
0.11815,-0.035165,-0.038372
0.11254,-0.036882,-0.039193
0.087488,-0.026996,-0.039081
0.057947,-0.041954,-0.040056
0.030276,-0.024139,-0.040607
-0.021702,-0.040473,-0.040134
-0.065453,-0.02872,-0.041926
-0.072183,-0.022317,-0.040071
-0.092376,-0.045984,-0.042815
-0.086767,0.0065467,-0.040929
-0.050869,-0.070113,-0.042448
-0.014597,0.026559,-0.043014
-0.0093619,-0.073626,-0.040374
0.010457,0.0069441,-0.046669
0.019805,-0.017098,-0.036944
-0.0030049,-0.10665,-0.052109
0.020553,0.22695,-0.028467
-0.0063704,-1.8429,-0.10899
0.057199,-3.4641,-0.47516
0.093845,-2.8365,-0.85373
0.13573,-2.9918,-1.1835
0.37505,-2.9343,-1.5231
0.4633,-2.8396,-1.8258
0.55342,-2.8731,-2.1212
0.65849,-2.7815,-2.394
0.61175,-2.8517,-2.6583
0.5852,-2.7574,-2.9089
0.58557,-2.782,-3.1419
0.57996,-2.7756,-3.3679
0.5665,-2.7753,-3.5807
0.62409,-2.7557,-3.7843
0.65027,-2.6808,-3.9696
0.61175,-2.6456,-4.1386
0.57024,-2.5845,-4.2931
0.46891,-2.5399,-4.432
0.39337,-2.482,-4.5572
0.29802,-2.4189,-4.6674
0.22211,-2.3567,-4.7631
0.22585,-2.2871,-4.8441
0.22061,-2.2243,-4.9117
0.27109,-2.157,-4.9667
0.33279,-2.0841,-5.0083
0.36869,-2.0096,-5.0369
0.40646,-1.9349,-5.0534
0.42179,-1.8601,-5.0582
0.35934,-1.7915,-5.0526
0.22809,-1.7285,-5.0377
0.077392,-1.6558,-5.0134
-0.12491,-1.5814,-4.9802
-0.25205,-1.5074,-4.938
-0.31823,-1.4215,-4.8864
-0.37881,-1.3337,-4.8257
-0.41322,-1.2479,-4.756
-0.43939,-1.1622,-4.678
-0.42705,-1.0753,-4.5922
-0.4895,-0.98685,-4.4988
-0.4435,-0.89815,-4.3987
-0.35413,-0.81014,-4.2917
-0.46332,-0.72509,-4.178
-0.46407,-0.62905,-4.0585
-0.4278,-0.51585,-3.9309
-0.45024,-0.42183,-3.7955
-0.37694,-0.34868,-3.6561
-0.3489,-0.25247,-3.5124
-0.37582,-0.15887,-3.3635
-0.36311,-0.083433,-3.2115
-0.40723,0.029142,-3.0547
-0.50558,0.1385,-2.8907
-0.52652,0.26074,-2.7209
-0.51904,0.39687,-2.5421
-0.49698,0.49156,-2.3577
-0.42855,0.62933,-2.1677
-0.38442,0.70679,-1.9734
-0.29542,0.84255,-1.7766
-0.16081,0.94279,-1.5724
-0.054234,1.0494,-1.37
0.0011084,1.2094,-1.1572
0.029528,1.2491,-0.94846
0.046355,1.5002,-0.73202
-0.011605,1.4387,-0.51522
-0.034042,1.7603,-0.30188
-0.064331,1.5745,-0.067192
-0.066948,0.11465,0.019736
-0.0059964,-0.019078,-0.0094998
0.012327,0.16078,-0.00035561
0.12376,-0.018186,-0.0031225
0.11591,0.10077,-0.0032687
0.080757,0.0050583,-0.0012629
0.17237,0.054613,-0.0037524
0.1548,0.030319,-0.00043435
0.19032,0.019335,-0.0028188
0.20977,0.037514,-0.00082801
0.18396,0.0073752,-0.0014354
0.21388,0.02879,-0.0008805
0.18359,0.0070753,-0.00031062
0.17686,0.019672,-0.00066679
0.1877,0.015079,0.0002705
0.14844,0.0098945,0.00028549
0.081879,0.012286,0.00073539
0.035885,0.01124,0.00087411
-0.024319,0.014926,0.0014665
-0.068818,0.010746,0.0018077
-0.033668,0.015181,0.0023513
-0.014597,0.017711,0.0037647
0.023919,0.0064904,0.0046608
0.062434,0.0049908,0.0051444
0.078514,0.0046459,0.005703
0.093471,0.0097146,0.0062392
0.07627,0.0065092,0.0070602
0.061686,0.0010431,0.006779
0.029902,0.015447,0.0080313
-0.015719,-0.011284,0.0079075
-0.054608,0.017535,0.008215
-0.065079,-0.010781,0.0095722
-0.07181,0.0042785,0.0082375
-0.087889,0.011192,0.011049
-0.074053,-0.020555,0.0080913
-0.043016,0.041203,0.01163
-0.012353,-0.058949,0.0095534
-0.0078661,0.073167,0.010273
-0.002257,-0.08055,0.013239
0.032519,0.065466,0.0059242
0.044859,-0.02457,0.020216
0.064304,-0.07117,-0.0071866
0.097958,2.4558,0.1309
0.15741,3.5407,0.52203
0.28568,2.8329,0.87875
0.30063,3.0539,1.2116
0.34251,2.877,1.5445
0.43301,2.8727,1.8439
0.36084,2.856,2.1372
0.45245,2.788,2.4059
0.52088,2.8418,2.6687
0.47938,2.74,2.914
0.59268,2.7882,3.1453
0.57735,2.7721,3.3679
0.55753,2.7737,3.5776
0.65288,2.7451,3.777
0.67457,2.6654,3.9582
0.61362,2.6216,4.1234
0.56202,2.5624,4.2724
0.49919,2.5117,4.4068
0.36682,2.4558,4.5276
0.33167,2.3903,4.6332
0.26399,2.3159,4.7238
0.22585,2.2432,4.8004
0.28231,2.1839,4.8634
0.26997,2.1151,4.9131
0.3197,2.0372,4.9501
0.37505,1.9655,4.9742
0.39674,1.8873,4.9863
0.36009,1.8129,4.9873
0.28343,1.747,4.9783
0.16901,1.6772,4.9602
0.023545,1.6112,4.9333
-0.084523,1.5362,4.8974
-0.26551,1.4533,4.8522
-0.36124,1.365,4.7976
-0.40873,1.2773,4.7342
-0.44163,1.197,4.6619
-0.40387,1.1077,4.5815
-0.43116,1.0254,4.4938
-0.42518,0.93153,4.3985
-0.43453,0.84269,4.2964
-0.48838,0.75233,4.1873
-0.54372,0.65566,4.0714
-0.57214,0.57976,3.9501
-0.54372,0.47474,3.8219
-0.50857,0.37754,3.6864
-0.47865,0.29188,3.5462
-0.48875,0.19625,3.4012
-0.46968,0.11899,3.252
-0.46332,0.031226,3.1004
-0.48202,-0.086725,2.9422
-0.47716,-0.19436,2.7772
-0.55307,-0.32484,2.6059
-0.61552,-0.43777,2.4258
-0.62823,-0.54254,2.2417
-0.61028,-0.66771,2.0512
-0.52128,-0.74359,1.859
-0.40873,-0.8975,1.6611
-0.2498,-0.96614,1.4593
-0.13575,-1.1218,1.2567
-0.077045,-1.215,1.0449
-0.02058,-1.3239,0.83953
-0.019458,-1.5107,0.62004
-0.026189,-1.4681,0.4116
-0.059096,-1.887,0.18633
-0.070688,-1.1223,-0.018007
-0.029181,0.093464,-0.044311
-0.03292,-0.1462,-0.022929
0.023919,-0.10223,-0.034256
0.12077,-0.048226,-0.027008
0.14096,-0.11207,-0.031252
0.20117,-0.031536,-0.02913
0.2337,-0.098422,-0.029738
0.20042,-0.037827,-0.030634
0.23071,-0.069671,-0.029059
0.20528,-0.053246,-0.031159
0.17611,-0.046802,-0.029779
0.21313,-0.060846,-0.030923
0.19144,-0.039128,-0.030668
0.17873,-0.050603,-0.031009
0.18396,-0.040942,-0.031234
0.16003,-0.046266,-0.03132
0.096837,-0.043986,-0.031946
0.058321,-0.042772,-0.031819
0.03738,-0.04402,-0.032321
-0.027311,-0.040147,-0.032786
-0.044138,-0.045951,-0.033551
-0.043764,-0.042393,-0.034705
-0.037781,-0.037842,-0.035467
-0.0011352,-0.043491,-0.036078
0.02504,-0.03305,-0.036355
0.055703,-0.036781,-0.036906
0.066548,-0.032893,-0.037611
0.042989,-0.034291,-0.037371
0.023919,-0.031457,-0.038646
-0.0030049,-0.02165,-0.038143
-0.057226,-0.047499,-0.039591
-0.074801,-0.0097915,-0.039223
-0.074801,-0.04961,-0.039017
-0.079288,-0.0085093,-0.041019
-0.050121,-0.038089,-0.038402
-0.019458,-0.035795,-0.042759
-0.0041267,0.0044547,-0.037967
0.02691,-0.10037,-0.043583
0.058695,0.086899,-0.039448
0.047477,-0.17731,-0.041113
0.091975,0.19165,-0.044757
0.096463,-0.51032,-0.031661
0.097958,-3.0571,-0.26789
0.20266,-3.1935,-0.67685
0.21014,-2.8223,-1.0142
0.34064,-3.067,-1.3542
0.53921,-2.8371,-1.6734
0.61063,-2.9146,-1.9695
0.74599,-2.8189,-2.2543
0.78152,-2.8482,-2.5181
0.68392,-2.8359,-2.777
0.67457,-2.785,-3.0149
0.6555,-2.8238,-3.2439
0.57323,-2.7883,-3.4617
0.60091,-2.8052,-3.6686
0.64727,-2.7408,-3.8612
0.61549,-2.6905,-4.0352
0.58445,-2.6382,-4.1948
0.52836,-2.5834,-4.3381
0.43749,-2.5446,-4.4683
0.34326,-2.4768,-4.5841
0.28081,-2.4147,-4.6848
0.24978,-2.3461,-4.7716
0.24155,-2.2799,-4.844
0.27072,-2.2121,-4.903
0.28829,-2.1399,-4.9496
0.32456,-2.0685,-4.9832
0.36607,-1.989,-5.0045
0.38739,-1.913,-5.0137
0.3556,-1.8427,-5.012
0.2322,-1.7753,-5.0008
0.14956,-1.705,-4.9804
-0.023198,-1.6303,-4.9513
-0.23597,-1.5534,-4.913
-0.32721,-1.4702,-4.8654
-0.40723,-1.3813,-4.8086
-0.41022,-1.2916,-4.7424
-0.44612,-1.2056,-4.6678
-0.4708,-1.1182,-4.5851
-0.43752,-1.0314,-4.4951
-0.47978,-0.9422,-4.398
-0.47791,-0.85372,-4.294
-0.49922,-0.75961,-4.183
-0.51829,-0.66738,-4.0646
-0.49847,-0.58557,-3.9413
-0.5168,-0.48476,-3.8117
-0.51081,-0.38646,-3.6751
-0.50707,-0.29261,-3.5339
-0.49847,-0.19641,-3.3866
-0.48613,-0.12662,-3.2364
-0.48688,-0.027449,-3.0835
-0.5239,0.093906,-2.9228
-0.577,0.20508,-2.7558
-0.60056,0.351,-2.5803
-0.61664,0.45234,-2.3976
-0.58373,0.57602,-2.2108
-0.52128,0.67415,-2.018
-0.4192,0.78305,-1.8243
-0.30889,0.917,-1.6223
-0.19596,0.98692,-1.4209
-0.1006,1.1734,-1.2127
-0.080784,1.204,-1.0024
-0.025441,1.4182,-0.79279
-0.017589,1.4517,-0.57228
-0.017215,1.5959,-0.36609
-0.031424,1.8235,-0.12824
-0.05573,0.49418,0.016283
0.013074,-0.13933,-0.0022227
0.0029781,0.19453,-0.0045059
0.090854,-0.0027809,0.00016552
0.17649,0.079731,-0.0046522
0.13834,0.03562,0.00033423
0.23033,0.024396,-0.0037374
0.24529,0.052116,-0.00046434
0.22472,0.003405,-0.0021365
0.27595,0.043317,-0.0013866
0.25913,0.011034,-0.00052433
0.24492,0.025299,-0.0010192
0.24716,0.013265,0.00012428
0.21612,0.013122,-0.00034062
0.17275,0.012519,0.00053294
0.18022,0.0067191,0.00049545
0.13348,0.01713,0.0010803
0.077766,0.0083799,0.001204
0.0744,0.013554,0.0015077
-0.0045007,0.013074,0.0022201
-0.027685,0.012658,0.0024263
-0.0059964,0.018791,0.0038959
-0.0018831,0.0087623,0.004882
0.017188,0.0076414,0.0051369
0.032145,0.0095646,0.0061792
0.057573,0.0087136,0.0063479
0.059443,0.011139,0.0072439
0.053834,-0.0026309,0.0073864
0.02878,0.016961,0.0078438
0.0059696,-0.0035232,0.0085861
-0.015719,0.0092347,0.0081325
-0.074427,0.0055832,0.010191
-0.088263,-0.0065111,0.0084999
-0.097237,0.023515,0.011004
-0.10995,-0.033047,0.0096434
-0.077419,0.047321,0.010648
-0.044512,-0.047492,0.011852
-0.0097358,0.037195,0.0084924
0.0078393,-0.022201,0.015162
0.035885,-0.025481,0.0053056
0.038876,0.10699,0.01989
0.054956,-0.28391,-0.0013716
0.11142,1.7238,0.065026
0.14694,3.5681,0.41726
0.28717,2.9377,0.79656
0.33167,3.0014,1.1253
0.34364,2.9729,1.4659
0.46479,2.857,1.7696
0.42029,2.9062,2.0657
0.50032,2.7886,2.3393
0.6211,2.8708,2.6034
0.57099,2.7926,2.8548
0.64353,2.7892,3.0873
0.63606,2.7974,3.3125
0.56725,2.7987,3.5245
0.62521,2.7897,3.7274
0.67457,2.7251,3.9141
0.64166,2.6717,4.084
0.57884,2.5898,4.2372
0.53173,2.5486,4.3748
0.42328,2.5074,4.4992
0.37243,2.435,4.6082
0.3313,2.368,4.7032
0.28044,2.3093,4.7848
0.29016,2.2383,4.852
0.27147,2.1644,4.9058
0.31559,2.0926,4.9471
0.34064,2.0074,4.9751
0.3571,1.9383,4.9907
0.34999,1.86,4.9955
0.27334,1.7806,4.989
0.18883,1.7244,4.9726
0.0082132,1.6475,4.9488
-0.14809,1.5763,4.9159
-0.29019,1.5043,4.8745
-0.41995,1.4142,4.8244
-0.46856,1.3289,4.7639
-0.5168,1.2351,4.6949
-0.50146,1.1424,4.6176
-0.46893,1.0616,4.5321
-0.47529,0.97587,4.4393
-0.4637,0.88672,4.3394
-0.45024,0.79527,4.233
-0.46444,0.70228,4.1192
-0.46108,0.62198,3.9997
-0.47305,0.52045,3.8746
-0.5254,0.41385,3.7408
-0.53288,0.33132,3.6018
-0.52988,0.23771,3.4589
-0.53736,0.15341,3.3109
-0.55082,0.080395,3.1606
-0.54372,-0.031003,3.0059
-0.53549,-0.1428,2.8438
-0.58485,-0.26175,2.6761
-0.58747,-0.40149,2.4986
-0.55045,-0.49816,2.3153
-0.5052,-0.62675,2.127
-0.4278,-0.70879,1.9338
-0.31562,-0.83877,1.7391
-0.20979,-0.94198,1.5367
-0.15931,-1.0422,1.3362
-0.099107,-1.2083,1.1265
-0.05947,-1.2395,0.91916
-0.032546,-1.4819,0.7059
-0.0093619,-1.4418,0.48982
-0.023945,-1.7313,0.27968
-0.049373,-1.6403,0.045163
-0.044512,-0.2146,-0.052435
-0.023945,0.016482,-0.024163
-0.019084,-0.19524,-0.031076
0.060939,-0.015861,-0.029438
0.1017,-0.12551,-0.028242
0.11479,-0.039034,-0.030799
0.20378,-0.080067,-0.027642
0.20079,-0.063414,-0.030938
0.22098,-0.046476,-0.028399
0.27558,-0.070814,-0.02994
0.25165,-0.041384,-0.029715
0.24679,-0.060812,-0.029764
0.21051,-0.041576,-0.03045
0.16041,-0.052515,-0.030278
0.14096,-0.043608,-0.030746
0.11516,-0.04005,-0.03063
0.0658,-0.043218,-0.031301
0.029902,-0.037201,-0.031324
0.0074654,-0.042663,-0.031751
-0.035538,-0.039956,-0.03222
-0.016467,-0.041726,-0.032816
0.010457,-0.042419,-0.034132
0.024293,-0.039101,-0.034882
0.057947,-0.040098,-0.035395
0.068417,-0.033654,-0.035834
0.072157,-0.036844,-0.036186
0.085992,-0.032511,-0.03709
0.075522,-0.030445,-0.036876
0.036259,-0.038134,-0.038053
0.026162,-0.014433,-0.037761
-0.0093619,-0.045167,-0.038361
-0.041521,-0.014159,-0.039201
-0.059096,-0.038172,-0.03772
-0.084897,-0.027172,-0.040779
-0.066574,-0.0097878,-0.037821
-0.054608,-0.064707,-0.041596
-0.030302,0.033498,-0.038818
-0.028807,-0.10308,-0.0404
-0.017215,0.062853,-0.042283
0.003352,-0.10851,-0.036261
0.042616,0.035429,-0.049601
0.072905,-0.033691,-0.022187
0.058695,-2.5248,-0.1781
0.1705,-3.3887,-0.5786
0.19406,-2.7952,-0.93386
0.26885,-3.0709,-1.2683
0.49321,-2.8873,-1.5985
0.56276,-2.904,-1.8959
0.6813,-2.8693,-2.1867
0.77853,-2.8309,-2.4532
0.70075,-2.8793,-2.7147
0.69065,-2.7951,-2.9583
0.72281,-2.8329,-3.1879
0.67308,-2.8123,-3.4084
0.66896,-2.8278,-3.6174
0.73178,-2.7841,-3.8155
0.7101,-2.7226,-3.9949
0.64279,-2.684,-4.1592
0.5923,-2.6223,-4.3081
0.49695,-2.5725,-4.4424
0.41207,-2.5077,-4.5616
0.33242,-2.4461,-4.6662
0.27745,-2.3827,-4.7571
0.27558,-2.3187,-4.8338
0.27595,-2.2495,-4.8975
0.31709,-2.1751,-4.9481
0.37692,-2.1033,-4.9855
0.3844,-2.0277,-5.0109
0.35485,-1.9494,-5.0242
0.33317,-1.8765,-5.0261
0.22323,-1.8054,-5.0179
0.065052,-1.733,-5.0002
-0.10247,-1.6626,-4.9738
-0.26551,-1.5839,-4.9387
-0.34404,-1.5025,-4.8947
-0.4364,-1.4174,-4.8416
-0.49735,-1.328,-4.779
-0.52764,-1.2442,-4.7078
-0.53325,-1.1548,-4.6285
-0.51119,-1.0641,-4.5412
-0.52727,-0.97538,-4.4467
-0.48015,-0.88803,-4.3453
-0.48239,-0.79373,-4.2368
-0.52427,-0.69603,-4.1211
-0.51867,-0.61249,-3.9993
-0.55494,-0.51171,-3.8721
-0.55905,-0.4144,-3.7377
-0.55269,-0.32728,-3.5978
-0.52577,-0.2204,-3.4527
-0.50745,-0.14566,-3.3028
-0.55494,-0.07264,-3.1512
-0.5497,0.052783,-2.9941
-0.5325,0.1568,-2.8297
-0.53923,0.28669,-2.659
-0.53213,0.41117,-2.4788
-0.51343,0.52191,-2.2937
-0.49025,0.65471,-2.102
-0.4177,0.72125,-1.9082
-0.30627,0.87458,-1.7091
-0.22213,0.95534,-1.5056
-0.10696,1.1054,-1.3014
-0.026563,1.2013,-1.0882
0.023545,1.3029,-0.88151
0.042989,1.4995,-0.66119
-0.02245,1.447,-0.45194
-0.036659,1.87,-0.22742
-0.045634,1.1518,-0.018007
-0.044886,-0.11145,0.013265
-0.030302,0.10564,-0.0094698
0.0089611,0.079814,0.0024713
0.1103,0.015544,-0.0045547
0.08861,0.083161,-0.00033312
0.13423,-0.0027434,-0.0021852
0.23033,0.069762,-0.0016753
0.20117,0.0094109,-0.00018315
0.23819,0.034169,-0.0020052
0.24454,0.022956,0.00020301
0.20229,0.01659,-0.00092174
0.18808,0.027132,0.00031549
0.16489,0.009992,8.6788e-05
0.14657,0.017797,0.00037922
0.1447,0.0094409,0.0009416
0.1376,0.01752,0.001159
0.087862,0.0070978,0.0017102
0.060939,0.012526,0.0015827
0.034389,0.010914,0.0023063
0.019431,0.0083012,0.0030599
0.022797,0.018967,0.0042071
0.027284,0.010686,0.0053244
0.047851,0.012024,0.0059955
0.068417,0.0045972,0.0064641
0.09048,0.0057706,0.0065916
0.07814,0.0099245,0.0078551
0.083375,-0.0055926,0.0076264
0.062808,0.0089011,0.008245
0.044485,-0.0091767,0.0089836
0.053834,0.015657,0.0087549
-0.010858,-0.0022522,0.010356
-0.03479,-0.0014874,0.0088186
-0.042268,0.020182,0.011642
-0.063209,-0.028608,0.0095384
-0.040025,0.046249,0.011638
-0.024319,-0.060639,0.011406
-0.0018831,0.055906,0.0096509
0.013448,-0.042149,0.015256
0.044859,0.0078064,0.0059692
0.047103,0.054943,0.021326
0.056825,-0.2219,-0.0041423
0.094219,2.0329,0.09064
0.11965,3.5922,0.46327
0.25913,2.9001,0.83438
0.29727,3.0355,1.1659
0.32606,2.9593,1.5057
0.44273,2.8903,1.8086
0.41356,2.9087,2.105
0.5149,2.8245,2.3773
0.62932,2.8989,2.6417
0.59717,2.8139,2.8927
0.65513,2.8248,3.127
0.67607,2.8026,3.3519
0.63793,2.8181,3.5632
0.66859,2.8134,3.767
0.72356,2.759,3.9549
0.6828,2.7224,4.1271
0.62072,2.6491,4.2835
0.56949,2.6006,4.4239
0.45619,2.5426,4.5508
0.40795,2.4825,4.6625
0.33429,2.4177,4.7595
0.29689,2.3397,4.843
0.3369,2.2788,4.9126
0.33204,2.2156,4.9694
0.3829,2.1307,5.0131
0.41394,2.0496,5.0432
0.41394,1.9781,5.0616
0.38701,1.8977,5.0685
0.30662,1.821,5.0642
0.16489,1.7543,5.0503
-0.027311,1.681,5.0271
-0.18175,1.6025,4.9953
-0.34778,1.5294,4.9549
-0.47305,1.4517,4.9057
-0.52914,1.363,4.8479
-0.5684,1.2708,4.7805
-0.59383,1.1804,4.7047
-0.59009,1.0917,4.6209
-0.57588,1.0065,4.5296
-0.58336,0.92341,4.4314
-0.56503,0.82607,4.3262
-0.57438,0.73237,4.2144
-0.58261,0.65464,4.0956
-0.57326,0.55539,3.9716
-0.57812,0.44508,3.8399
-0.55606,0.36105,3.7014
-0.55232,0.27387,3.5593
-0.54895,0.17953,3.4118
-0.55344,0.10524,3.2607
-0.57476,0.010446,3.1069
-0.60729,-0.10686,2.9465
-0.64169,-0.20537,2.78
-0.6387,-0.34384,2.6067
-0.6316,-0.45454,2.4248
-0.56915,-0.56484,2.239
-0.46968,-0.6845,2.0465
-0.3646,-0.76994,1.8521
-0.2412,-0.92284,1.6512
-0.14772,-0.98272,1.4479
-0.065827,-1.1569,1.242
-0.02058,-1.2271,1.0286
0.00073447,-1.3648,0.82127
0.0029781,-1.515,0.59952
-0.015719,-1.5046,0.39166
-0.041894,-1.9063,0.16139
-0.038155,-0.96247,-0.029937
0.019057,0.11865,-0.040888
0.021301,-0.17448,-0.024054
0.09048,-0.077716,-0.034469
0.17611,-0.072501,-0.026945
0.14096,-0.10259,-0.031912
0.1963,-0.038584,-0.028921
0.21051,-0.097575,-0.030274
0.172,-0.035345,-0.030401
0.23744,-0.073112,-0.029408
0.21014,-0.04889,-0.031264
0.18658,-0.05045,-0.029929
0.20154,-0.053974,-0.031241
0.14657,-0.042839,-0.030911
0.12713,-0.051507,-0.031496
0.10619,-0.039746,-0.031571
0.067669,-0.049876,-0.031646
0.023545,-0.039754,-0.032186
-0.022076,-0.040357,-0.032201
-0.050495,-0.044121,-0.032955
-0.04713,-0.041497,-0.033558
-0.022076,-0.044635,-0.034773
-0.002631,-0.040901,-0.035699
0.052338,-0.041384,-0.036445
0.083001,-0.031498,-0.036775
0.070287,-0.037605,-0.037011
0.07814,-0.034284,-0.03811
0.083749,-0.029403,-0.037667
0.060191,-0.03831,-0.038871
0.033267,-0.020637,-0.038518
0.0052217,-0.047784,-0.039362
-0.016093,-0.015126,-0.040093
-0.030676,-0.04688,-0.039021
-0.026937,-0.022129,-0.041525
-0.027685,-0.025425,-0.038537
-0.033294,-0.058083,-0.042721
0.023171,0.026664,-0.038841
0.047851,-0.1058,-0.042189
0.061312,0.07542,-0.041705
0.046355,-0.14229,-0.038582
0.066922,0.10419,-0.048971
0.081131,-0.20394,-0.024744
0.03738,-2.7712,-0.21414
0.1619,-3.3241,-0.62226
0.18097,-2.811,-0.97066
0.28941,-3.0972,-1.3095
0.52238,-2.8818,-1.637
0.55678,-2.9316,-1.9355
0.69925,-2.87,-2.2257
0.76581,-2.8611,-2.4921
0.69028,-2.8921,-2.7549
0.69102,-2.8189,-2.9988
0.67083,-2.8482,-3.2303
0.66597,-2.8195,-3.4497
0.68953,-2.8525,-3.6589
0.72318,-2.8128,-3.8586
0.73141,-2.7577,-4.0404
0.6828,-2.7113,-4.2073
0.64353,-2.6519,-4.3578
0.5579,-2.6138,-4.4945
0.4547,-2.5491,-4.6174
0.36794,-2.4785,-4.7246
0.30923,-2.4149,-4.8177
0.30849,-2.3506,-4.8969
0.31073,-2.2828,-4.9626
0.3384,-2.2131,-5.0157
0.38365,-2.1369,-5.056
0.41805,-2.0608,-5.0837
0.41917,-1.9838,-5.0995
0.38776,-1.9058,-5.1037
0.26922,-1.8344,-5.0975
0.093845,-1.7623,-5.0816
-0.080784,-1.688,-5.0569
-0.27336,-1.6108,-5.0235
-0.37919,-1.5302,-4.9808
-0.4551,-1.4468,-4.9291
-0.52577,-1.358,-4.8682
-0.51829,-1.2694,-4.7985
-0.50109,-1.1804,-4.7205
-0.53138,-1.0933,-4.6347
-0.56279,-1.0048,-4.5418
-0.53475,-0.91637,-4.4414
-0.53848,-0.8274,-4.3347
-0.57064,-0.72613,-4.2209
-0.56653,-0.64014,-4.1002
-0.56503,-0.54978,-3.9745
-0.58747,-0.44278,-3.8418
-0.5856,-0.35039,-3.7025
-0.55382,-0.25413,-3.558
-0.55195,-0.16786,-3.4084
-0.55195,-0.095831,-3.2564
-0.56728,0.0134,-3.1006
-0.60692,0.13363,-2.9368
-0.6286,0.24361,-2.767
-0.63608,0.37559,-2.5891
-0.62524,0.47187,-2.4047
-0.54634,0.60114,-2.2159
-0.42107,0.69206,-2.0211
-0.30851,0.80896,-1.825
-0.17128,0.94062,-1.6206
-0.068444,1.0177,-1.417
-0.0048746,1.1998,-1.2058
0.059817,1.2278,-0.99459
0.044111,1.4571,-0.78184
0.021301,1.4615,-0.56012
0.037754,1.6391,-0.35198
-0.0037528,1.7801,-0.11278
-0.0071182,0.39517,0.01932
0.043737,-0.11686,-0.0035949
0.083749,0.19009,-0.0026464
0.18621,-0.011718,0.00035673
0.20191,0.084507,-0.0036361
0.17499,0.025419,0.00077289
0.24118,0.03577,-0.003025
0.22547,0.047133,0.00071665
0.21463,0.0084174,-0.0014429
0.24641,0.048067,-0.00035186
0.20229,0.008961,0.0002705
0.18284,0.03108,-0.00013066
0.18172,0.015571,0.00096034
0.1462,0.012733,0.00026675
0.12339,0.017501,0.0013503
0.11516,0.012031,0.0014402
0.082627,0.016148,0.0018376
0.029902,0.010108,0.0021526
-0.017962,0.012688,0.0025087
-0.047877,0.013261,0.0033036
-0.025815,0.017595,0.0041509
-0.0074922,0.014206,0.0053544
0.023545,0.012024,0.0063666
0.084497,0.0094934,0.0070302
0.10245,0.0074539,0.0071202
0.1017,0.013434,0.0082637
0.096089,-0.0029571,0.0083462
0.084497,0.011109,0.0086086
0.063556,-0.0026834,0.0095984
0.035885,0.0088861,0.0090585
-0.0015092,0.0069891,0.010982
-0.037033,-0.015265,0.0092123
-0.054234,0.028782,0.011481
-0.04526,-0.03302,0.010689
-0.016467,0.040869,0.010869
0.0070914,-0.040293,0.01328
0.049346,0.027751,0.0089836
0.054582,0.0091635,0.016276
0.068043,-0.055882,0.0065391
0.092349,0.13883,0.019654
0.09048,-0.31184,0.0027374
0.10955,1.4727,0.048668
0.13273,3.5678,0.38395
0.27147,3.0129,0.77235
0.3369,2.9895,1.1025
0.35672,3.0199,1.447
0.48872,2.8617,1.7552
0.44423,2.9343,2.0543
0.50181,2.8218,2.3328
0.64316,2.8998,2.5987
0.59455,2.8397,2.8557
0.63082,2.8274,3.0931
0.65027,2.8282,3.321
0.6196,2.8124,3.535
0.65363,2.8089,3.7413
0.70785,2.7723,3.9338
0.68691,2.7338,4.111
0.63718,2.6639,4.2721
0.63082,2.6191,4.4165
0.49246,2.5604,4.5474
0.41094,2.4921,4.6643
0.36158,2.4327,4.7667
0.27633,2.3719,4.8546
0.29727,2.2989,4.9286
0.29764,2.2237,4.9889
0.33541,2.149,5.0367
0.3728,2.0598,5.0715
0.39262,1.9864,5.0937
0.39636,1.9216,5.1042
0.30774,1.8402,5.1035
0.1634,1.7675,5.0931
-0.026563,1.702,5.0736
-0.17726,1.6286,5.0455
-0.32609,1.5424,5.0084
-0.45846,1.4592,4.9622
-0.52427,1.3657,4.9069
-0.55905,1.277,4.8423
-0.54148,1.2003,4.7688
-0.54821,1.1016,4.6873
-0.53138,1.0254,4.5984
-0.47566,0.94251,4.5024
-0.47903,0.84532,4.3995
-0.51493,0.75682,4.2901
-0.56279,0.66658,4.1736
-0.5957,0.58563,4.0519
-0.60654,0.47262,3.9231
-0.63234,0.37641,3.7864
-0.63234,0.30335,3.6459
-0.59607,0.20254,3.5006
-0.60056,0.11917,3.3501
-0.60505,0.043373,3.1973
-0.5942,-0.071054,3.0395
-0.60355,-0.18187,2.8737
-0.61252,-0.30285,2.7022
-0.60953,-0.4374,2.5218
-0.55269,-0.5237,2.3365
-0.47903,-0.65073,2.1462
-0.39975,-0.73475,1.9515
-0.28009,-0.86585,1.7545
-0.1623,-0.96777,1.5497
-0.070688,-1.0688,1.3466
-0.0030049,-1.2318,1.134
0.029528,-1.2678,0.92449
0.026536,-1.5104,0.70822
-0.00076128,-1.4603,0.49022
-0.047877,-1.7584,0.27766
-0.077045,-1.6324,0.041789
-0.048251,-0.18779,-0.052739
-0.0033789,0.0094334,-0.024028
0.054582,-0.19509,-0.031612
0.15554,-0.010515,-0.029318
0.17387,-0.12631,-0.028362
0.18845,-0.037935,-0.030791
0.27408,-0.081604,-0.027953
0.23744,-0.064291,-0.031151
0.23071,-0.048511,-0.028508
0.26922,-0.07057,-0.030304
0.19256,-0.039769,-0.029854
0.16265,-0.06576,-0.030176
0.15143,-0.045152,-0.030574
0.11067,-0.048583,-0.030131
0.11516,-0.043536,-0.03117
0.10432,-0.042937,-0.030998
0.059069,-0.041714,-0.031466
0.024293,-0.036132,-0.031436
-0.002257,-0.045767,-0.03198
-0.017215,-0.042164,-0.032846
-0.0041267,-0.043952,-0.033731
0.020927,-0.044893,-0.03484
0.072905,-0.043754,-0.035643
0.11853,-0.032016,-0.036213
0.10506,-0.03527,-0.036419
0.10394,-0.039525,-0.037379
0.11142,-0.026073,-0.037034
0.078888,-0.039971,-0.037986
0.062808,-0.019554,-0.038095
0.019431,-0.043922,-0.038203
-0.029181,-0.021278,-0.039714
-0.050495,-0.033684,-0.038125
-0.080784,-0.039967,-0.041023
-0.066948,-0.0054314,-0.038155
-0.04713,-0.070443,-0.041379
0.010083,0.031485,-0.039816
0.044111,-0.093334,-0.039561
0.060565,0.046301,-0.04343
0.093097,-0.078087,-0.03541
0.091975,-0.016536,-0.050343
0.1174,0.07825,-0.022723
0.085992,-2.314,-0.1514
0.14994,-3.4416,-0.54444
0.19817,-2.8135,-0.90909
0.24417,-3.0774,-1.2439
0.46928,-2.9263,-1.5804
0.54818,-2.9082,-1.8813
0.67046,-2.9017,-2.1761
0.79573,-2.8414,-2.4463
0.70673,-2.9065,-2.711
0.70187,-2.8262,-2.9606
0.70897,-2.8506,-3.1953
0.66784,-2.8183,-3.4188
0.68429,-2.8434,-3.6298
0.73328,-2.8289,-3.8334
0.73627,-2.7684,-4.0205
0.68429,-2.7233,-4.1921
0.6656,-2.6601,-4.3474
0.57249,-2.6206,-4.4882
0.4633,-2.5581,-4.6153
0.40122,-2.498,-4.7273
0.33055,-2.4341,-4.8256
0.30213,-2.3637,-4.9098
0.28941,-2.2999,-4.9804
0.30288,-2.2278,-5.0381
0.33765,-2.1538,-5.0829
0.37056,-2.0763,-5.1151
0.36869,-1.9945,-5.1349
0.34251,-1.9181,-5.1428
0.258,-1.8439,-5.1402
0.10693,-1.7722,-5.128
-0.082654,-1.7026,-5.1065
-0.26962,-1.6293,-5.0764
-0.35114,-1.5491,-5.0376
-0.45098,-1.4615,-4.9894
-0.52502,-1.3733,-4.9321
-0.54783,-1.2843,-4.8654
-0.56503,-1.1939,-4.79
-0.51941,-1.107,-4.7064
-0.51979,-1.0204,-4.6154
-0.50221,-0.93197,-4.5177
-0.49137,-0.84568,-4.413
-0.51044,-0.75176,-4.3018
-0.54035,-0.65701,-4.1833
-0.58859,-0.57112,-4.0591
-0.57962,-0.47134,-3.9289
-0.59233,-0.37012,-3.7915
-0.56728,-0.28235,-3.6491
-0.5583,-0.19194,-3.5011
-0.57887,-0.11009,-3.3496
-0.56279,-0.024585,-3.1956
-0.57326,0.099428,-3.0346
-0.56279,0.20708,-2.8667
-0.57326,0.33883,-2.6917
-0.53848,0.46107,-2.5076
-0.48165,0.55604,-2.3201
-0.42855,0.68526,-2.1261
-0.313,0.76111,-1.9297
-0.22026,0.90448,-1.7285
-0.10397,0.9786,-1.5227
-0.010484,1.1281,-1.3164
0.025414,1.2256,-1.1012
0.061312,1.3277,-0.89235
0.041494,1.5257,-0.6693
0.019805,1.4744,-0.4572
0.0082132,1.8898,-0.23076
-0.023572,1.1706,-0.018494
0.0018563,-0.10525,0.01433
0.032519,0.10952,-0.0088362
0.096837,0.088039,0.0032586
0.17499,0.015724,-0.0039098
0.16714,0.08976,0.0004767
0.22697,0.0014555,-0.0013229
0.24679,0.068147,-0.00093673
0.20378,0.0058831,0.00052169
0.25464,0.037469,-0.0012967
0.21238,0.028085,0.0011066
0.16228,0.010228,-0.0002094
0.16415,0.028936,0.001219
0.12413,0.013839,0.0009416
0.1017,0.020737,0.0013465
0.068043,0.010941,0.0020738
0.075148,0.016901,0.0019651
0.041868,0.010213,0.0026625
0.0011084,0.0098383,0.0028012
0.0052217,0.014322,0.0034648
-0.020954,0.012849,0.0040122
-0.0037528,0.017501,0.0051819
0.022049,0.012324,0.0061342
0.070287,0.012095,0.006914
0.094219,0.0044322,0.0075889
0.092349,0.0084737,0.0078176
0.10506,0.0050283,0.0089086
0.090106,0.0011331,0.0085224
0.071783,0.013629,0.0095834
0.035885,-0.0061475,0.0096809
-0.0015092,0.022697,0.010326
-0.044138,-0.012978,0.011139
-0.065079,0.017164,0.010153
-0.071436,0.0027077,0.012864
-0.054234,-0.016652,0.0098384
-0.011232,0.036104,0.013861
0.0082132,-0.056058,0.010716
0.047103,0.07963,0.013108
0.068043,-0.096529,0.013827
0.08861,0.096242,0.0087811
0.094967,-0.088389,0.021108
0.10805,0.066246,-0.0050533
0.12563,2.6892,0.16259
0.17237,3.4707,0.56253
0.31933,2.8224,0.91335
0.34364,3.0875,1.2513
0.40646,2.8891,1.5826
0.4719,2.9074,1.8823
0.42777,2.8695,2.1754
0.5594,2.8337,2.444
0.59941,2.8741,2.708
0.58782,2.8013,2.9549
0.66971,2.8254,3.1884
0.62446,2.7824,3.41
0.61063,2.8047,3.6201
0.69589,2.7817,3.8212
0.72393,2.7328,4.006
0.66186,2.6777,4.1758
0.63979,2.6089,4.3279
0.56089,2.5632,4.4654
0.42702,2.4936,4.5892
0.37093,2.4369,4.6984
0.25726,2.3704,4.7942
0.23519,2.2962,4.8753
0.25838,2.2341,4.943
0.23706,2.1561,4.9981
0.29016,2.0705,5.0396
0.33204,1.9911,5.0683
0.34999,1.9163,5.0855
0.30362,1.8394,5.0906
0.22585,1.763,5.0852
0.0658,1.6949,5.0702
-0.13538,1.6233,5.0464
-0.25317,1.5522,5.0145
-0.40723,1.474,4.9735
-0.4981,1.3831,4.9236
-0.53213,1.2945,4.8646
-0.56429,1.2071,4.7964
-0.52876,1.1206,4.7195
-0.51717,1.0362,4.6346
-0.51605,0.94848,4.5427
-0.48763,0.85878,4.4431
-0.48314,0.7688,4.3369
-0.50558,0.67869,4.2237
-0.5239,0.59583,4.1044
-0.5497,0.49207,3.9796
-0.56017,0.38764,3.8461
-0.54596,0.31112,3.7077
-0.53101,0.2213,3.5652
-0.53213,0.12741,3.4168
-0.53923,0.051021,3.2653
-0.534,-0.043679,3.11
-0.55681,-0.16017,2.948
-0.57588,-0.26524,2.7795
-0.57476,-0.40528,2.6029
-0.54708,-0.50652,2.4188
-0.48763,-0.61417,2.2311
-0.40424,-0.72103,2.037
-0.2943,-0.81178,1.8416
-0.1896,-0.95721,1.639
-0.08041,-1.0171,1.435
-0.027311,-1.1982,1.2265
0.015692,-1.244,1.0132
0.063556,-1.4135,0.80396
0.020179,-1.5136,0.58074
-0.0074922,-1.554,0.37316
-0.044886,-1.9078,0.13752
-0.058722,-0.77865,-0.036723
0.0018563,0.1325,-0.033416
0.010457,-0.20293,-0.022787
0.1002,-0.049104,-0.031114
0.16714,-0.083055,-0.024099
0.11815,-0.088952,-0.029348
0.18097,-0.044616,-0.025441
0.19443,-0.090905,-0.0278
0.16788,-0.034512,-0.02723
0.20715,-0.075872,-0.026918
0.16377,-0.044923,-0.028227
0.14994,-0.05331,-0.027091
0.14096,-0.04997,-0.028534
0.10357,-0.040856,-0.027912
0.090854,-0.049955,-0.028493
0.078514,-0.039172,-0.028643
0.064304,-0.044968,-0.028939
0.020553,-0.039814,-0.029359
0.01644,-0.041958,-0.029442
-0.025815,-0.042674,-0.03015
-0.042268,-0.042093,-0.030968
0.024293,-0.040605,-0.032164
0.048972,-0.036878,-0.03294
0.10805,-0.035843,-0.033731
0.14171,-0.027588,-0.033802
0.12526,-0.038914,-0.034496
0.14021,-0.029673,-0.03514
0.12226,-0.033511,-0.034844
0.086366,-0.032098,-0.036351
0.065426,-0.023247,-0.035504
0.020553,-0.041636,-0.037052
-0.013101,-0.0085956,-0.036441
-0.039277,-0.053974,-0.036989
-0.060591,-0.002256,-0.038237
-0.039651,-0.051177,-0.036295
0.0044739,-0.023104,-0.0404
0.013074,-0.003152,-0.035129
0.019805,-0.081293,-0.042005
0.074774,0.079641,-0.035463
0.052338,-0.1887,-0.040937
0.088236,0.24543,-0.038927
0.1002,-0.77458,-0.038721
0.069913,-3.2401,-0.30876
0.18172,-3.1153,-0.7169
0.19331,-2.8735,-1.0515
0.33915,-3.0716,-1.3949
0.5235,-2.8445,-1.7122
0.54781,-2.9387,-2.0103
0.7086,-2.8235,-2.2942
0.73814,-2.8712,-2.5599
0.66373,-2.8465,-2.8201
0.6828,-2.7989,-3.0598
0.64578,-2.82,-3.2901
0.65027,-2.8037,-3.5073
0.6985,-2.8283,-3.716
0.7344,-2.7653,-3.9123
0.7243,-2.7228,-4.0912
0.66971,-2.6683,-4.2555
0.61923,-2.6101,-4.4038
0.50742,-2.5602,-4.5381
0.41506,-2.4942,-4.6578
0.3283,-2.4337,-4.7634
0.26324,-2.3598,-4.8545
0.24604,-2.2942,-4.932
0.2337,-2.2313,-4.9972
0.2666,-2.1508,-5.0485
0.30512,-2.0735,-5.0869
0.34625,-1.9956,-5.113
0.33915,-1.9159,-5.1268
0.27371,-1.8408,-5.1295
0.17088,-1.7649,-5.1218
0.013822,-1.6935,-5.1051
-0.15931,-1.6213,-5.0792
-0.31225,-1.5453,-5.0446
-0.42107,-1.4667,-5.0018
-0.48725,-1.3774,-4.9493
-0.50857,-1.2864,-4.8876
-0.5153,-1.2006,-4.817
-0.51717,-1.1104,-4.7381
-0.51193,-1.024,-4.6513
-0.4981,-0.93898,-4.5574
-0.48239,-0.85204,-4.4562
-0.48389,-0.75996,-4.3483
-0.50259,-0.66458,-4.2333
-0.52988,-0.58651,-4.1119
-0.51792,-0.48682,-3.9849
-0.52241,-0.38169,-3.8504
-0.52764,-0.29495,-3.7101
-0.49473,-0.19814,-3.565
-0.50707,-0.11806,-3.415
-0.50595,-0.044331,-3.2626
-0.49623,0.064551,-3.1055
-0.53624,0.1787,-2.9406
-0.57214,0.29332,-2.7697
-0.55419,0.43133,-2.5896
-0.49698,0.52526,-2.4032
-0.43902,0.65027,-2.2122
-0.33693,0.74145,-2.0158
-0.23859,0.85254,-1.8179
-0.13987,0.96268,-1.6123
-0.013849,1.0609,-1.4077
0.017562,1.2306,-1.1944
0.045607,1.2605,-0.9826
0.077766,1.4978,-0.7668
0.044485,1.4643,-0.54524
0.022049,1.7074,-0.33397
-0.024319,1.7179,-0.093612
-0.01871,0.27567,0.021914
0.0089611,-0.076839,-0.0048171
0.04972,0.18486,-0.00019815
0.17125,-0.014298,0.00031549
0.14732,0.092691,-0.002144
0.13311,0.012369,0.0013578
0.21837,0.042942,-0.0021927
0.18621,0.04139,0.0017364
0.19294,0.010588,-0.00085425
0.215,0.043504,0.00085537
0.1705,0.0059431,0.0010653
0.15629,0.025116,0.0007279
0.14919,0.01253,0.0019539
0.11927,0.014776,0.0014177
0.092723,0.015972,0.0022913
0.088236,0.013936,0.0022501
0.048972,0.010089,0.0026812
0.019057,0.0093847,0.0030599
-0.0018831,0.011289,0.003461
-0.027685,0.012136,0.0042259
0.00073447,0.01872,0.0052381
0.01831,0.0097221,0.0064416
0.069165,0.016227,0.0073677
0.11965,0.0055419,0.0079975
0.11067,0.0029476,0.0082112
0.11591,0.013599,0.0092235
0.10282,0.0013468,0.0090473
0.087862,0.01737,0.0098534
0.086366,-0.0053452,0.010277
0.04972,0.016249,0.010386
-0.002257,-0.0017836,0.012024
-0.029555,-0.00145,0.010168
-0.048251,0.017284,0.012984
-0.051617,-0.027667,0.010581
-0.015719,0.049949,0.013205
0.009709,-0.055046,0.012699
0.027658,0.062587,0.011248
0.045607,-0.050337,0.016639
0.075896,0.020148,0.0072289
0.084123,0.045818,0.022563
0.080757,-0.20487,-0.0034674
0.085245,2.1163,0.099365
0.12937,3.5742,0.47697
0.28231,2.8651,0.8466
0.31372,3.0515,1.18
0.35822,2.9386,1.5198
0.43862,2.8727,1.8229
0.38066,2.894,2.12
0.48162,2.806,2.3933
0.56949,2.8843,2.6597
0.56426,2.7992,2.9122
0.61885,2.8158,3.1481
0.61212,2.7836,3.3739
0.61025,2.7869,3.5866
0.65438,2.791,3.7922
0.71421,2.7421,3.9824
0.67868,2.6813,4.1573
0.63755,2.5951,4.3157
0.60352,2.5664,4.4583
0.45208,2.5194,4.5874
0.38926,2.4424,4.7022
0.32606,2.3709,4.8023
0.24828,2.3079,4.888
0.2408,2.2365,4.9604
0.23332,2.1631,5.0197
0.27034,2.0911,5.0661
0.31222,2.0044,5.0994
0.3485,1.9269,5.1205
0.31559,1.8536,5.13
0.23108,1.7735,5.1287
0.10619,1.6978,5.1171
-0.077793,1.63,5.0964
-0.21914,1.5588,5.0676
-0.3474,1.4758,5.0298
-0.45921,1.3951,4.983
-0.52988,1.31,4.9273
-0.54335,1.2198,4.8626
-0.52951,1.1344,4.789
-0.54522,1.0468,4.7071
-0.52801,0.95848,4.618
-0.49698,0.87049,4.5214
-0.48763,0.78432,4.4179
-0.49361,0.68932,4.3072
-0.51979,0.60617,4.1898
-0.54708,0.51938,4.067
-0.56354,0.4077,3.9363
-0.55157,0.32298,3.7989
-0.53063,0.2331,3.6574
-0.5138,0.14341,3.5106
-0.49324,0.072222,3.36
-0.488,-0.017102,3.2063
-0.51119,-0.12657,3.0466
-0.52727,-0.2345,2.8796
-0.53624,-0.35741,2.7069
-0.54297,-0.47964,2.525
-0.48277,-0.57027,2.3384
-0.4005,-0.69734,2.1466
-0.32235,-0.77385,1.9504
-0.21428,-0.91195,1.751
-0.1006,-1.0009,1.5446
-0.02058,-1.1161,1.3397
0.034389,-1.2602,1.1249
0.097584,-1.3008,0.9149
0.081505,-1.5422,0.69551
0.028032,-1.4727,0.47812
-0.0074922,-1.8157,0.26153
-0.040025,-1.5379,0.02849
-0.0033789,-0.094789,-0.04887
0.012327,-0.029601,-0.019814
0.080757,-0.17413,-0.029738
0.18359,-0.013567,-0.025479
0.13685,-0.12886,-0.026079
0.16153,-0.029594,-0.027267
0.19817,-0.084266,-0.024939
0.14395,-0.054791,-0.028047
0.19294,-0.053805,-0.025647
0.19331,-0.069232,-0.027608
0.13161,-0.038381,-0.026686
0.126,-0.059608,-0.027282
0.091975,-0.036185,-0.02765
0.063556,-0.049932,-0.027432
0.081131,-0.049632,-0.028291
0.078514,-0.039131,-0.02783
0.029528,-0.041613,-0.028396
0.010083,-0.040095,-0.028714
0.00036053,-0.0436,-0.029134
-0.039277,-0.04826,-0.030161
-0.015345,-0.040702,-0.031219
0.017188,-0.040503,-0.03198
0.051216,-0.045051,-0.033022
0.12226,-0.030565,-0.033438
0.14208,-0.036987,-0.033727
0.13834,-0.027569,-0.0346
0.13872,-0.027708,-0.034248
0.12413,-0.036151,-0.035721
0.089732,-0.016424,-0.035215
0.042616,-0.048121,-0.036085
0.010457,-0.006916,-0.036576
-0.017589,-0.044822,-0.0358
-0.028059,-0.020652,-0.038301
-0.01871,-0.019816,-0.035275
-0.0011352,-0.052759,-0.039602
0.035511,0.025539,-0.0352
0.056451,-0.10642,-0.039407
0.090854,0.075334,-0.038282
0.093845,-0.14759,-0.035512
0.10619,0.12478,-0.045323
0.10245,-0.25624,-0.022427
0.061312,-2.8436,-0.22023
0.16564,-3.312,-0.62966
0.18883,-2.8154,-0.9768
0.27109,-3.0876,-1.3176
0.48685,-2.8574,-1.6454
0.54407,-2.9224,-1.9448
0.6727,-2.8486,-2.2358
0.75272,-2.8425,-2.5035
0.66335,-2.8704,-2.7681
0.65774,-2.7957,-3.0141
0.66597,-2.8177,-3.2469
0.62446,-2.7855,-3.4677
0.63194,-2.8212,-3.679
0.70262,-2.7802,-3.8812
0.71234,-2.7244,-4.0658
0.65999,-2.6714,-4.2349
0.63493,-2.6107,-4.3878
0.5164,-2.5662,-4.5273
0.40833,-2.5011,-4.6526
0.35485,-2.4408,-4.763
0.25913,-2.3718,-4.8596
0.2322,-2.3052,-4.9422
0.2322,-2.2354,-5.0116
0.23669,-2.1599,-5.0679
0.27558,-2.086,-5.1113
0.3126,-2.006,-5.1424
0.32756,-1.9272,-5.1612
0.29727,-1.8514,-5.1684
0.20079,-1.7752,-5.1648
0.070661,-1.7023,-5.152
-0.092376,-1.6318,-5.1302
-0.26962,-1.5539,-5.0992
-0.36647,-1.4711,-5.0588
-0.43416,-1.3884,-5.0095
-0.4809,-1.2996,-4.9513
-0.49025,-1.2097,-4.8835
-0.50109,-1.1252,-4.8075
-0.49623,-1.0425,-4.7239
-0.48613,-0.95124,-4.6324
-0.46295,-0.86467,-4.5339
-0.47978,-0.78128,-4.4288
-0.50446,-0.68134,-4.3164
-0.49324,-0.59828,-4.197
-0.51493,-0.50673,-4.0724
-0.53362,-0.39909,-3.9405
-0.52614,-0.31671,-3.802
-0.49922,-0.22406,-3.6589
-0.48875,-0.13602,-3.51
-0.49735,-0.060643,-3.3581
-0.49025,0.03631,-3.2031
-0.49922,0.15456,-3.0402
-0.51792,0.2576,-2.8706
-0.52353,0.38772,-2.6934
-0.49436,0.5003,-2.5079
-0.43116,0.5983,-2.3194
-0.33992,0.71821,-2.1237
-0.24793,0.80349,-1.9265
-0.15669,0.95076,-1.7236
-0.053487,1.0075,-1.5168
0.009709,1.1687,-1.3082
0.047851,1.2492,-1.0911
0.071409,1.3718,-0.8807
0.055703,1.5496,-0.65521
0.036259,1.5022,-0.44335
0.0052217,1.92,-0.21273
-0.037781,1.0674,-0.0083451
-0.008614,-0.14322,0.012669
0.042989,0.13197,-0.007449
0.11479,0.071472,0.0042709
0.17686,0.026814,-0.0030475
0.14395,0.083409,0.0018526
0.16975,0.0051296,-0.00076427
0.19817,0.072454,0.00043921
0.19144,0.0073977,0.0012678
0.23519,0.037832,-0.00015316
0.21799,0.024834,0.0020626
0.15966,0.018214,0.00080288
0.14208,0.026919,0.0021638
0.13012,0.012819,0.0018526
0.11329,0.020448,0.00231
0.11254,0.010243,0.0028499
0.092349,0.016913,0.0029699
0.053834,0.013797,0.0034235
0.031771,0.015319,0.0035885
-0.00076128,0.017235,0.0044358
0.0011084,0.016785,0.0055193
0.037006,0.013332,0.0065803
0.066174,0.014555,0.0075251
0.10955,0.010344,0.0085562
0.1275,0.0027939,0.0085149
0.12638,0.0097108,0.0093585
0.12152,-0.00086136,0.0097334
0.11516,0.01427,0.010352
0.083375,-0.0061925,0.011196
0.059443,0.0057144,0.010292
0.049346,0.0086424,0.012369
-0.0052485,-0.010987,0.010914
-0.019832,0.026949,0.01304
-0.02245,-0.036514,0.01196
-0.022076,0.0428,0.012403
0.0067175,-0.037954,0.014514
0.038128,0.028985,0.010273
0.077018,-0.0014312,0.017652
0.094967,-0.053524,0.0077538
0.07814,0.13408,0.021191
0.071035,-0.31483,0.0035323
0.093845,1.514,0.052721
0.1189,3.5676,0.39139
0.24417,2.9876,0.77919
0.30662,2.9874,1.1108
0.31596,3.0034,1.4566
0.41693,2.8488,1.7654
0.39225,2.9158,2.0659
0.4431,2.797,2.3455
0.5594,2.876,2.6127
0.54631,2.8057,2.871
0.58857,2.7959,3.1108
0.60315,2.7848,3.3405
0.58969,2.7808,3.5558
0.63007,2.7915,3.7645
0.6828,2.737,3.96
0.68093,2.6974,4.1407
0.63606,2.6172,4.3049
0.60764,2.5661,4.4517
0.47676,2.5158,4.5856
0.39038,2.4537,4.7051
0.31858,2.3921,4.8104
0.23557,2.3176,4.9018
0.24379,2.2461,4.9792
0.2079,2.1738,5.0434
0.24604,2.098,5.0949
0.27707,2.0228,5.1334
0.29914,1.9383,5.1589
0.3197,1.8543,5.1722
0.22921,1.7821,5.1745
0.13685,1.6977,5.1662
-0.036285,1.6279,5.1492
-0.19446,1.5599,5.1235
-0.30926,1.4737,5.089
-0.43042,1.4047,5.0459
-0.49174,1.3209,4.9932
-0.5239,1.2295,4.9314
-0.52054,1.1441,4.8605
-0.52577,1.0537,4.781
-0.51343,0.9706,4.6942
-0.50333,0.88109,4.6
-0.48127,0.79818,4.4988
-0.47417,0.712,4.3911
-0.53512,0.62046,4.276
-0.53886,0.53414,4.1551
-0.53886,0.42838,4.0276
-0.54073,0.33673,3.892
-0.48352,0.25738,3.7518
-0.47828,0.16946,3.6072
-0.49885,0.090453,3.4579
-0.48838,0.012249,3.3055
-0.48464,-0.087651,3.1485
-0.48987,-0.20918,2.9839
-0.51754,-0.31397,2.8127
-0.51268,-0.44411,2.6336
-0.46183,-0.54274,2.4472
-0.42369,-0.65243,2.2575
-0.35451,-0.75805,2.0612
-0.25354,-0.84613,1.8636
-0.13725,-0.99095,1.659
-0.038529,-1.047,1.4531
0.0059696,-1.2238,1.2426
0.038128,-1.2717,1.027
0.044485,-1.4389,0.81538
0.035511,-1.5403,0.58967
0.022423,-1.5733,0.37995
-0.014597,-1.9242,0.1424
-0.017589,-0.79931,-0.03481
0.022049,0.13,-0.032891
0.045233,-0.20368,-0.021685
0.11404,-0.057224,-0.030101
0.14807,-0.083958,-0.022971
0.11479,-0.084847,-0.028182
0.18359,-0.042884,-0.024541
0.16377,-0.089885,-0.026873
0.13573,-0.030002,-0.026232
0.1978,-0.072917,-0.025794
0.13984,-0.041726,-0.027218
0.12974,-0.051128,-0.026094
0.12974,-0.050881,-0.027455
0.085992,-0.043986,-0.026963
0.075148,-0.052155,-0.027638
0.066548,-0.038089,-0.027874
0.066174,-0.042262,-0.028002
0.029154,-0.037159,-0.028238
0.018684,-0.041268,-0.028534
0.003352,-0.041639,-0.029532
-0.014971,-0.041553,-0.030375
0.02504,-0.042607,-0.031406
0.056077,-0.0393,-0.032546
0.097584,-0.030254,-0.033045
0.12413,-0.035585,-0.03321
0.12301,-0.036379,-0.034271
0.14283,-0.027596,-0.033952
0.13834,-0.039424,-0.034983
0.10843,-0.018204,-0.035159
0.060191,-0.04453,-0.035444
0.029902,-0.016746,-0.036715
0.025414,-0.031547,-0.035054
-0.00076128,-0.035532,-0.038005
-1.3407e-05,-0.0039693,-0.03532
0.0052217,-0.069648,-0.038485
0.033641,0.034214,-0.036513
0.050094,-0.093979,-0.036872
0.066922,0.050665,-0.040404
0.080757,-0.078949,-0.032482
0.083749,-0.0081607,-0.047498
0.10319,0.069118,-0.01975
0.04112,-2.3511,-0.15191
0.1174,-3.4468,-0.54632
0.16826,-2.8073,-0.91057
0.18845,-3.0716,-1.2467
0.40945,-2.9086,-1.584
0.48985,-2.8951,-1.8863
0.59006,-2.8764,-2.1826
0.70374,-2.8018,-2.4541
0.62596,-2.8761,-2.7204
0.63718,-2.7988,-2.9723
0.65213,-2.8161,-3.2093
0.59978,-2.7769,-3.4343
0.61287,-2.7969,-3.647
0.64466,-2.7883,-3.8531
0.67719,-2.7302,-4.0432
0.65849,-2.6866,-4.2188
0.60988,-2.6217,-4.3782
0.52387,-2.5727,-4.5226
0.42067,-2.508,-4.6526
0.3485,-2.4448,-4.7679
0.28119,-2.3782,-4.8694
0.25165,-2.3077,-4.9565
0.22809,-2.2458,-5.0306
0.22921,-2.1745,-5.0924
0.25426,-2.0935,-5.1407
0.30886,-2.0177,-5.1763
0.33952,-1.9391,-5.1997
0.30288,-1.856,-5.2108
0.22547,-1.7789,-5.2108
0.097584,-1.7048,-5.2008
-0.068444,-1.6351,-5.1815
-0.23111,-1.5645,-5.1537
-0.31936,-1.4859,-5.1172
-0.41434,-1.4029,-5.0718
-0.46669,-1.315,-5.017
-0.47192,-1.2244,-4.9529
-0.49511,-1.1362,-4.8802
-0.48426,-1.0546,-4.7991
-0.488,-0.97018,-4.7103
-0.46295,-0.87506,-4.614
-0.46183,-0.78992,-4.5108
-0.48015,-0.70073,-4.4009
-0.49773,-0.6058,-4.2833
-0.52427,-0.52778,-4.1602
-0.52801,-0.42718,-4.031
-0.53624,-0.32993,-3.8943
-0.46482,-0.24689,-3.7526
-0.45472,-0.1547,-3.6055
-0.51007,-0.07787,-3.4545
-0.48912,0.0051521,-3.3006
-0.5067,0.11527,-3.1411
-0.52054,0.2294,-2.9736
-0.48239,0.34603,-2.7996
-0.46482,0.47507,-2.6167
-0.43079,0.56772,-2.4278
-0.35114,0.68666,-2.2348
-0.28608,0.76616,-2.0362
-0.20942,0.89561,-1.8356
-0.10472,1.0072,-1.6274
-0.026189,1.085,-1.4207
0.034015,1.2533,-1.2053
0.059443,1.2789,-0.9917
0.061686,1.5245,-0.77399
0.043363,1.4837,-0.55042
0.034015,1.7191,-0.33746
0.028032,1.7525,-0.094703
0.027284,0.29066,0.022882
0.063556,-0.077367,-0.0038461
0.079635,0.18996,0.00057793
0.14769,-0.016892,0.0014252
0.14171,0.096137,-0.0012704
0.11815,0.016103,0.0023063
0.20154,0.044569,-0.00098547
0.16714,0.041802,0.0024975
0.18322,0.013407,0.00014303
0.22098,0.047043,0.0019351
0.14021,0.0078551,0.0019839
0.12937,0.033596,0.0018526
0.1103,0.011687,0.0026137
0.083001,0.017565,0.0021826
0.080757,0.020261,0.0033036
0.063556,0.0082975,0.0030224
0.060939,0.012245,0.003581
0.031023,0.010389,0.0039784
0.010831,0.015229,0.0044433
0.014944,0.0099958,0.0050807
0.038128,0.015342,0.0055906
0.050468,0.014772,0.0068803
0.068417,0.010202,0.0077801
0.11292,0.0134,0.0084737
0.10693,0.00029708,0.0088636
0.094593,0.012841,0.009471
0.099828,0.00027459,0.010277
0.093097,0.0013993,0.0099059
0.06393,0.013647,0.011188
0.041494,-0.010575,0.010652
0.025414,0.020789,0.011893
-0.014971,-0.014425,0.01202
-0.017962,0.022727,0.011855
-0.0037528,-0.013552,0.013925
0.0078393,0.003435,0.011049
0.028406,0.021438,0.015698
0.052712,-0.044346,0.011034
0.066174,0.071495,0.015676
0.073652,-0.10962,0.012568
0.091975,0.14795,0.012995
0.086366,-0.19334,0.019058
0.096463,0.39157,0.0021001
0.084871,3.051,0.22214
0.16415,3.3204,0.62676
0.30063,2.8229,0.96517
0.28418,3.0497,1.3052
0.36981,2.8079,1.6267
0.40384,2.8838,1.9242
0.33765,2.7933,2.2121
0.48349,2.8036,2.4781
0.5306,2.7903,2.7391
0.50406,2.7157,2.9791
0.56389,2.7613,3.2096
0.55342,2.7288,3.4296
0.55192,2.7382,3.6388
0.6125,2.668,3.8349
0.62708,2.6119,4.0126
0.5665,2.5586,4.176
0.54332,2.4915,4.3232
0.4446,2.4413,4.4562
0.32456,2.3666,4.5745
0.28044,2.2976,4.6779
0.18284,2.2251,4.7676
0.15442,2.1463,4.843
0.15143,2.0771,4.9053
0.16527,2.0111,4.9554
0.22884,1.9293,4.9923
0.26212,1.8449,5.017
0.27034,1.767,5.0298
0.23744,1.6955,5.0314
0.16826,1.6239,5.0236
0.010831,1.5527,5.0064
-0.13575,1.4793,4.9806
-0.25205,1.3989,4.9461
-0.36872,1.3208,4.9022
-0.42556,1.2268,4.8492
-0.46818,1.1358,4.7869
-0.47155,1.0558,4.7155
-0.46744,0.97257,4.636
-0.45921,0.88748,4.5487
-0.44238,0.79565,4.4538
-0.44949,0.71179,4.352
-0.46594,0.6238,4.2431
-0.48875,0.54107,4.1278
-0.49473,0.44401,4.0067
-0.51567,0.33442,3.8767
-0.52876,0.2602,3.7407
-0.50408,0.17367,3.6009
-0.47342,0.082374,3.4552
-0.43341,0.013599,3.3058
-0.42182,-0.071324,3.1533
-0.42892,-0.18486,2.9942
-0.44014,-0.28546,2.8283
-0.47118,-0.41518,2.6553
-0.45248,-0.53082,2.4728
-0.39452,-0.62799,2.2866
-0.36049,-0.74626,2.0938
-0.31412,-0.81939,1.8988
-0.21989,-0.96578,1.6979
-0.13949,-1.0279,1.4927
-0.072557,-1.1799,1.2867
0.0059696,-1.266,1.0716
0.046355,-1.3684,0.86306
0.077018,-1.553,0.64043
0.093845,-1.4933,0.42882
0.042242,-1.9103,0.20138
0.034763,-1.1505,-0.007524
0.097584,0.092999,-0.036591
0.075522,-0.13888,-0.014164
0.10955,-0.099775,-0.025977
0.18434,-0.042479,-0.018685
0.11067,-0.1063,-0.022866
0.13236,-0.022662,-0.020894
0.18845,-0.093151,-0.021156
0.14919,-0.032379,-0.022404
0.19892,-0.059796,-0.020526
0.20229,-0.048204,-0.022776
0.16527,-0.042708,-0.021606
0.15928,-0.051237,-0.022558
0.11142,-0.032188,-0.022401
0.1017,-0.045673,-0.022611
0.10394,-0.035221,-0.023091
0.091601,-0.036979,-0.023207
0.069913,-0.032664,-0.023735
0.051964,-0.035577,-0.023773
0.034389,-0.036439,-0.024347
0.021301,-0.034134,-0.024748
0.05159,-0.03954,-0.025839
0.061312,-0.031281,-0.027151
0.068043,-0.0286,-0.027275
0.093845,-0.032972,-0.028141
0.094593,-0.028023,-0.028598
0.091975,-0.031667,-0.029205
0.088236,-0.019483,-0.029374
0.056451,-0.032338,-0.028962
0.045607,-0.024315,-0.030176
0.051964,-0.026411,-0.029573
0.01831,-0.033875,-0.03126
-0.002257,-0.007141,-0.030188
-0.0056225,-0.048912,-0.03174
0.0011084,0.007409,-0.031905
0.02691,-0.060294,-0.030956
0.053086,0.0048334,-0.033884
0.044859,-0.030599,-0.029329
0.063182,-0.04898,-0.036629
0.10918,0.060982,-0.027466
0.084123,-0.17721,-0.03799
0.12152,0.29208,-0.027031
0.090106,-1.1712,-0.051914
0.087488,-3.3996,-0.36332
0.19219,-2.9855,-0.76078
0.172,-2.897,-1.0894
0.32307,-2.9886,-1.4318
0.479,-2.8028,-1.7414
0.51153,-2.8858,-2.0379
0.66186,-2.7617,-2.3167
0.67943,-2.8279,-2.581
0.59118,-2.7515,-2.8366
0.59268,-2.7405,-3.0718
0.57136,-2.7542,-3.3004
0.54631,-2.7199,-3.5162
0.59044,-2.7292,-3.722
0.62932,-2.6569,-3.9131
0.59791,-2.6076,-4.0871
0.54145,-2.539,-4.2456
0.45843,-2.4811,-4.388
0.35373,-2.4294,-4.5171
0.29016,-2.3568,-4.6317
0.2049,-2.2924,-4.7317
0.16302,-2.2222,-4.818
0.1533,-2.1474,-4.8907
0.13161,-2.0731,-4.95
0.16078,-1.9967,-4.9964
0.21164,-1.9212,-5.0303
0.24379,-1.8441,-5.0522
0.23893,-1.767,-5.0629
0.20939,-1.692,-5.063
0.097584,-1.6162,-5.0531
-0.025067,-1.5434,-5.0336
-0.14996,-1.4716,-5.0054
-0.29468,-1.3945,-4.9685
-0.36722,-1.3087,-4.9223
-0.41135,-1.2189,-4.8664
-0.43042,-1.1319,-4.8012
-0.43976,-1.0445,-4.7276
-0.43528,-0.96079,-4.6459
-0.43303,-0.87573,-4.5571
-0.42294,-0.78699,-4.4604
-0.40237,-0.69913,-4.3569
-0.4379,-0.6088,-4.2458
-0.44986,-0.52601,-4.1279
-0.44425,-0.4312,-4.0048
-0.45024,-0.32913,-3.8736
-0.4536,-0.24461,-3.7362
-0.43715,-0.15983,-3.5941
-0.40424,-0.076921,-3.4466
-0.41097,-0.0013787,-3.2961
-0.40798,0.097681,-3.1416
-0.39901,0.20949,-2.9797
-0.41434,0.31599,-2.811
-0.42855,0.45504,-2.6337
-0.42369,0.54816,-2.4492
-0.37993,0.66321,-2.2607
-0.34815,0.75894,-2.0653
-0.27598,0.85535,-1.8689
-0.16118,0.99133,-1.6645
-0.086393,1.0458,-1.4593
-0.0067443,1.236,-1.2483
0.039624,1.2625,-1.0337
0.072157,1.4523,-0.82158
0.10357,1.5234,-0.59624
0.091228,1.5968,-0.38726
0.050094,1.8895,-0.14757
0.04112,0.63766,0.015158
0.057199,-0.15025,0.0037197
0.030276,0.19346,-0.0027663
0.10319,0.010176,0.0041246
0.15031,0.072008,-0.0020952
0.097584,0.051479,0.0034273
0.15517,0.022251,-0.00044559
0.17798,0.054609,0.0025087
0.1877,-0.00017154,0.0013578
0.22285,0.047943,0.0017402
0.16302,0.009156,0.0027937
0.15293,0.022919,0.0018751
0.15629,0.021531,0.0034273
0.11778,0.012136,0.0027749
0.11516,0.019548,0.0036447
0.097958,0.012898,0.0037722
0.069165,0.01602,0.0040384
0.063556,0.010299,0.0045333
0.03738,0.015023,0.0047508
-0.01011,0.0072365,0.0053919
0.0063435,-0.00038149,0.0055006
0.029154,0.0072328,0.0059017
0.020179,0.0068241,0.0064754
0.044859,0.0026627,0.0063179
0.052338,0.0040498,0.0061754
0.060565,0.0029364,0.0062579
0.0744,0.0018267,0.0061829
0.054582,0.0015343,0.0061454
0.055703,-0.0017461,0.006018
0.060191,-0.0025672,0.0059955
0.026162,-0.0021698,0.0059617
-0.0078661,-0.003137,0.0058905
-0.028433,-0.004258,0.0059205
-0.023945,-0.0023347,0.005703
-0.0052485,-0.0027959,0.0057068
