0.10282,-0.016184,-0.0028151
0.083749,-0.012986,-0.0027888
0.094219,-0.011149,-0.0028038
0.10693,-0.0086443,-0.0020465
0.089732,-0.0083931,-0.0018178
0.10245,-0.0068073,-0.0017503
0.10319,-0.0098177,-0.0012779
0.085992,-0.0084569,-0.0013341
0.078888,-0.013975,-0.00094048
0.071783,-0.016341,-0.0011917
0.080757,-0.0090417,-0.00054682
0.080757,-0.017574,-0.00080551
0.077018,-0.0007039,-0.00044934
0.08674,-0.020135,1.5554e-05
0.080009,-0.00038899,-0.00091799
0.087862,-0.011951,0.00076164
0.096837,-0.028177,-0.0015441
0.092349,0.0024978,0.0010803
0.1002,-0.036968,-0.0012217
0.10581,0.031395,0.00043171
0.11778,-0.065573,0.00054419
0.077766,0.04175,-0.0031187
0.10506,-0.070027,0.0051369
0.097584,0.019477,-0.012608
0.10469,1.7878,0.098712
0.18284,3.005,0.33807
0.023545,3.1445,0.50752
0.045607,3.6241,0.64736
0.16003,3.7281,0.76242
0.25501,3.1708,0.86645
0.48498,2.7593,0.98469
0.38028,2.8612,1.0747
0.26698,2.8764,1.1531
0.261,2.788,1.2182
0.13498,2.6016,1.2728
0.13984,2.2606,1.3254
0.12563,2.1372,1.3716
0.075522,2.0864,1.4074
0.026536,2.0184,1.4328
-0.033294,1.9499,1.4515
0.003352,1.8586,1.4592
0.034389,1.7826,1.4558
0.12526,1.6934,1.4428
0.14358,1.6125,1.4217
0.097584,1.5217,1.3928
-0.0011352,1.4376,1.3566
-0.10771,1.3502,1.3135
-0.086767,1.2457,1.2617
-0.056104,1.1447,1.2028
0.075896,1.0388,1.1381
0.12488,0.94176,1.0694
0.12825,0.81812,0.99615
0.098706,0.68981,0.91805
-0.016467,0.55872,0.83297
-0.082654,0.45956,0.74671
-0.15482,0.31389,0.65934
-0.21091,0.16433,0.56192
-0.2528,0.051336,0.46587
-0.23746,-0.14354,0.35818
-0.24345,-0.24228,0.24843
-0.19633,-0.51896,0.12749
-0.040399,-0.48642,0.0095309
0.10095,-0.016124,-0.011881
0.21238,-0.026017,0.0022875
0.28755,-0.052485,-0.0040598
0.30736,-0.0043067,-0.00028813
0.19518,-0.04685,-0.0024064
0.11441,-0.008768,-0.0017616
0.057947,-0.027877,-0.0015066
-0.0071182,-0.012247,-0.0026464
0.085618,-0.017357,-0.0014804
0.10581,-0.020686,-0.0025751
0.1103,-0.012543,-0.0019828
0.16377,-0.02036,-0.0025151
0.16901,-0.01483,-0.0025601
0.21051,-0.019681,-0.0027363
0.20603,-0.012011,-0.003055
0.21276,-0.012689,-0.0030625
0.20416,-0.016588,-0.0033512
0.18209,-0.013522,-0.0034337
0.13236,-0.011175,-0.0036061
0.1103,-0.0098215,-0.0037449
0.1892,-0.010556,-0.004026
0.22323,-0.0096565,-0.004176
0.28343,-0.009724,-0.004296
0.27221,-0.0084006,-0.0041385
0.20229,-0.0095853,-0.0041723
0.12713,-0.0081719,-0.0044872
0.0067175,-0.0061625,-0.0040785
-0.042268,-0.014418,-0.0040973
-0.0576,-0.010972,-0.0043672
-0.042642,-0.0053939,-0.004221
-0.014597,-0.0066198,-0.0044122
-0.0011352,-0.0064849,-0.004326
0.014196,-0.0091129,-0.0041423
0.047103,-0.0053114,-0.0041235
0.10581,-0.007947,-0.0041648
0.13311,-0.0096378,-0.004161
0.13086,-0.0055964,-0.0039248
0.091975,-0.0064174,-0.0040373
0.0063435,-0.0080407,-0.0042135
-0.060217,-0.009619,-0.004191
-0.083776,-0.005139,-0.0040785
-0.059096,-0.0036319,-0.0039661
0.025414,-0.0039918,-0.0040485
0.071409,-0.0029796,-0.0040223
0.092349,-0.0067661,-0.0040823
0.13273,-0.0048653,-0.0041873
0.12451,-0.0030583,-0.0040598
0.14657,-0.010856,-0.0046184
0.17275,-0.0089555,-0.0053533
0.1634,-0.009038,-0.0054582
0.1619,-0.013878,-0.0060056
0.14395,-0.0051727,-0.0061068
0.13834,-0.008738,-0.0063693
0.13273,-0.0072759,-0.0065267
0.15554,-0.01206,-0.0065305
0.17873,-0.0066573,-0.0072128
0.20677,-0.004899,-0.0064818
0.23594,-0.018437,-0.0078052
0.17686,-6.2822e-05,-0.0066692
0.12339,-0.021024,-0.007419
0.092349,0.0086986,-0.007614
0.068043,-0.019243,-0.0060431
0.080383,-0.0034294,-0.0087912
0.08861,-0.00087636,-0.0050046
0.11628,-0.033886,-0.010088
0.126,0.043186,-0.0041723
0.10656,-0.092015,-0.0094436
0.10132,0.14121,-0.0046822
0.05346,-0.45815,-0.012285
0.094219,-1.8089,-0.21209
0.11217,-1.8517,-0.47602
0.060939,-1.8342,-0.67487
0.12937,-2.0279,-0.87023
0.13124,-2.042,-1.0349
0.22098,-2.1587,-1.1825
0.3197,-2.1277,-1.3074
0.28381,-2.1692,-1.4086
0.34513,-2.1716,-1.4993
0.29502,-2.1744,-1.572
0.21313,-2.173,-1.6333
0.24155,-2.1338,-1.6774
0.21687,-2.1239,-1.7102
0.18022,-2.0811,-1.7328
0.18172,-2.0494,-1.7451
0.18359,-1.9915,-1.7486
0.13086,-1.9183,-1.741
0.10955,-1.841,-1.7247
0.07814,-1.7534,-1.699
0.025414,-1.6752,-1.665
0.034015,-1.5905,-1.6237
-1.3407e-05,-1.5109,-1.5763
0.018684,-1.4175,-1.5232
0.02691,-1.3105,-1.4615
0.019431,-1.2147,-1.3939
0.054582,-1.0921,-1.3196
0.050468,-0.99931,-1.2411
0.046355,-0.88547,-1.1613
0.0022302,-0.74018,-1.0725
-0.035164,-0.63255,-0.98081
-0.10771,-0.50133,-0.88653
-0.14248,-0.37786,-0.78951
-0.17689,-0.22374,-0.6855
-0.20531,-0.11319,-0.57849
-0.15146,0.081144,-0.46628
-0.15333,0.22379,-0.34088
-0.10733,0.37118,-0.22089
-0.08228,0.63721,-0.080284
-0.03479,0.24997,0.0064304
0.0089611,-0.057685,-0.0048284
0.025788,0.065474,-0.0068192
0.10992,-0.0073846,-0.0040785
0.080383,0.021554,-0.0071191
0.10656,0.01364,-0.0041348
0.12039,-0.00022403,-0.006523
0.056451,0.018832,-0.0047121
0.10432,-0.0033694,-0.005537
0.13348,0.0097821,-0.0048284
0.15629,-0.00602,-0.0045884
0.1533,0.0054032,-0.0049746
0.16228,0.0014705,-0.004116
0.17237,-0.0010113,-0.0044272
0.15517,0.0033225,-0.0039998
0.19481,-0.0017724,-0.0042135
0.19443,0.0012231,-0.0037711
0.23295,-0.0061737,-0.0035686
0.258,-0.00040398,-0.0035237
0.24679,0.0020479,-0.0031412
0.2509,-0.0018436,-0.00301
0.23968,0.00016212,-0.0026164
0.28119,-0.00066266,-0.0025414
0.26361,-0.0032157,-0.0026014
0.20004,-0.0047528,-0.0024214
0.14881,-0.0035831,-0.0024551
0.089358,-0.0064024,-0.0026239
0.027658,-0.0037181,-0.0025414
0.0022302,-0.0016299,-0.0024327
0.0029781,-0.005154,-0.0025639
-0.035538,-0.0025334,-0.0026726
-0.00076128,-0.0077033,-0.0025376
0.018684,-0.010058,-0.0024814
-0.020206,-0.004198,-0.0026988
0.0074654,-0.0017424,-0.0023914
0.013074,-0.0012475,-0.0014654
-0.0074922,-0.0033395,-0.0011129
-0.013475,0.001538,-0.00056932
-0.01871,-0.0025259,0.00024425
-0.03479,-0.0013675,0.000263
-0.036285,0.0039036,0.0010766
-0.028059,-0.0079545,0.00096784
-0.013101,0.0045072,0.0016802
0.02691,-0.0071859,0.0020663
0.052338,0.0038886,0.0016089
0.085618,-0.0016449,0.0032211
0.09048,-0.0063986,0.0015565
0.10319,0.014161,0.0040572
0.13012,-0.02189,0.0021001
0.1432,0.024692,0.0034123
0.16003,-0.034711,0.0037572
0.14994,0.029686,0.0014927
0.20453,-0.019651,0.0068765
0.21687,-0.0096153,-0.0020127
0.23519,0.054418,0.011769
0.25875,-0.17014,-0.010302
0.19556,1.2093,0.065922
0.29876,2.454,0.39752
0.33952,2.2252,0.73095
0.31073,2.4475,1.0152
0.34476,2.5631,1.2984
0.29315,2.6626,1.5389
0.38813,2.8555,1.7712
0.46517,2.9292,1.9807
0.46068,3.0924,2.1756
0.57323,3.1548,2.3522
0.59941,3.2709,2.5092
0.56613,3.3357,2.6531
0.53921,3.358,2.7756
0.5048,3.3804,2.8827
0.41955,3.3848,2.9723
0.29689,3.388,3.0488
0.19256,3.3648,3.1134
0.010457,3.344,3.1653
-0.017589,3.3036,3.2047
-0.011979,3.2437,3.2301
-0.043016,3.1902,3.2436
0.003352,3.1459,3.2465
0.011953,3.0739,3.2386
0.047477,3.005,3.2208
0.017936,2.9289,3.1953
0.038876,2.8276,3.162
0.014196,2.7417,3.1215
-0.070314,2.6487,3.0756
-0.077793,2.5559,3.0229
-0.1264,2.4629,2.9615
-0.14996,2.364,2.8921
-0.18549,2.2553,2.8164
-0.22999,2.1412,2.735
-0.25728,2.0413,2.6488
-0.25654,1.9314,2.5581
-0.2872,1.8122,2.4614
-0.34628,1.6828,2.3582
-0.3833,1.564,2.2509
-0.41434,1.4485,2.1398
-0.37545,1.3355,2.026
-0.30216,1.2167,1.9115
-0.18474,1.0582,1.7885
-0.087141,0.95318,1.6636
-0.0071182,0.82592,1.5401
0.015318,0.67164,1.4099
-0.049747,0.53483,1.277
-0.051617,0.3833,1.1386
-0.11369,0.23022,0.99721
-0.16604,0.037607,0.84478
-0.16791,-0.070001,0.69326
-0.1896,-0.27329,0.5388
-0.11332,-0.3911,0.37814
-0.033668,-0.59843,0.22367
0.071035,-0.80455,0.048886
0.22211,-0.25376,-0.033978
0.31297,-0.0014012,-0.014295
0.39,-0.12029,-0.017628
0.41169,-0.032511,-0.017913
0.32307,-0.072779,-0.015888
0.26324,-0.043791,-0.018543
0.23071,-0.047589,-0.016207
0.16714,-0.050806,-0.018723
0.20453,-0.032076,-0.017099
0.23594,-0.048481,-0.018528
0.2064,-0.032109,-0.018633
0.23744,-0.038723,-0.018213
0.23445,-0.030973,-0.01897
0.18696,-0.032672,-0.018794
0.14807,-0.031701,-0.019364
0.11217,-0.028627,-0.019259
0.043737,-0.029954,-0.019705
-0.0078661,-0.028143,-0.019934
0.0022302,-0.030385,-0.020091
0.0026042,-0.025189,-0.020492
0.025788,-0.028375,-0.020605
0.079635,-0.031375,-0.021167
0.12002,-0.024169,-0.021366
0.10506,-0.022283,-0.021145
0.059069,-0.025327,-0.02143
-0.020954,-0.02463,-0.021328
-0.11257,-0.022264,-0.021115
-0.15595,-0.02018,-0.0211
-0.18923,-0.018898,-0.021047
-0.1623,-0.022531,-0.020991
-0.11406,-0.024769,-0.02107
-0.03105,-0.022973,-0.021557
0.057573,-0.022058,-0.022127
0.1017,-0.021942,-0.022641
0.18135,-0.023209,-0.02348
0.21313,-0.020326,-0.023893
0.22061,-0.026347,-0.024189
0.20154,-0.023547,-0.025156
0.14134,-0.020761,-0.02471
0.12002,-0.025417,-0.025726
0.10544,-0.014223,-0.02567
0.10768,-0.034516,-0.026112
0.14807,-0.014433,-0.026521
0.18209,-0.031693,-0.02576
0.20004,-0.02057,-0.028129
0.19518,-0.012659,-0.025126
0.17499,-0.041906,-0.028786
0.16265,0.012729,-0.025531
0.12638,-0.065307,-0.028032
0.12077,0.038091,-0.027897
0.085245,-0.080723,-0.024227
0.063556,0.035238,-0.034372
0.068791,-0.083403,-0.011284
0.056451,-1.6869,-0.1764
0.14844,-2.2784,-0.54718
0.1447,-2.0683,-0.86315
0.21724,-2.3163,-1.1602
0.34887,-2.3,-1.4388
0.31783,-2.4471,-1.684
0.41207,-2.546,-1.9225
0.38178,-2.6315,-2.1364
0.24828,-2.7426,-2.3395
0.26885,-2.7867,-2.5201
0.27745,-2.8891,-2.685
0.32868,-2.9325,-2.835
0.39337,-2.9808,-2.9662
0.44796,-2.9998,-3.0794
0.42852,-3.0215,-3.174
0.3642,-3.0471,-3.256
0.32868,-3.0538,-3.3239
0.19855,-3.0604,-3.3789
0.13984,-3.0446,-3.4202
0.091601,-3.014,-3.4463
0.017936,-2.9792,-3.4588
-0.0011352,-2.9431,-3.4605
0.026162,-2.8973,-3.4519
0.10469,-2.8434,-3.432
0.16751,-2.7913,-3.403
0.22398,-2.7291,-3.3665
0.20902,-2.6562,-3.3214
0.12974,-2.5868,-3.2691
0.0026042,-2.5086,-3.2091
-0.035164,-2.4237,-3.1406
-0.07181,-2.33,-3.0648
-0.15595,-2.2351,-2.9817
-0.17988,-2.1397,-2.8926
-0.22325,-2.0406,-2.7992
-0.20344,-1.9395,-2.7017
-0.20942,-1.82,-2.5987
-0.16118,-1.712,-2.4902
-0.11406,-1.5749,-2.3765
-0.14174,-1.3719,-2.2604
-0.12453,-1.0961,-2.15
-0.18549,-0.80573,-2.0424
-0.20904,-0.61268,-1.9308
-0.20231,-0.48206,-1.8182
-0.17576,-0.36254,-1.7057
-0.11855,-0.23363,-1.5849
-0.062835,-0.14229,-1.459
-0.015345,-0.01474,-1.3279
-0.057974,0.096973,-1.185
-0.029555,0.20893,-1.0377
-0.038903,0.328,-0.88062
-0.070688,0.40152,-0.72569
-0.0037528,0.56929,-0.55927
-0.013849,0.58553,-0.39487
-0.026563,0.83248,-0.22661
0.014196,0.74645,-0.045811
0.10506,0.043538,0.0077913
0.18733,0.0091935,-0.014854
0.27782,0.071573,-0.0061781
0.37206,-0.0084044,-0.009916
0.35224,0.045814,-0.0083226
0.33092,-0.0010601,-0.007749
0.26773,0.025835,-0.0090574
0.20603,0.0094372,-0.0064593
0.21238,0.010104,-0.0082139
0.19107,0.015713,-0.0065005
0.19518,0.0029889,-0.0071716
0.20341,0.010329,-0.0064892
0.20154,0.0022353,-0.0062718
0.19182,0.0069328,-0.006493
0.17611,-0.0013562,-0.0057619
0.14246,0.0028727,-0.0057507
0.10282,0.0059956,-0.0051845
0.09048,0.0030189,-0.0048659
0.035885,0.0027077,-0.0046672
-0.0052485,-0.00060268,-0.0043035
-0.023572,0.0047209,-0.0035499
-0.025067,0.0052158,-0.0026951
0.021675,-0.0014799,-0.001874
0.047103,0.0028052,-0.0010005
0.046729,0.001733,-0.00015691
0.010083,0.00072822,-1.069e-05
-0.039651,0.0072627,0.0010503
-0.1021,-0.0097578,0.0012603
-0.13912,0.00072072,0.0014852
-0.13613,-0.0017049,0.0026325
-0.12453,0.001448,0.0020101
-0.045634,0.0039861,0.003836
0.011953,-0.012697,0.0025425
0.061312,0.015874,0.0047845
0.13722,-0.024221,0.0040234
0.16489,0.022982,0.0040009
0.21388,-0.024079,0.0066141
0.24305,0.0040611,0.002325
0.21687,0.0069553,0.0097409
0.1978,-0.04234,0.0002405
0.15181,0.094933,0.012766
0.13498,-0.20723,-0.0027138
0.14694,0.90079,0.03813
0.24716,2.3735,0.36712
0.34214,2.0518,0.75991
0.32195,2.0029,1.0946
0.45731,2.0838,1.4412
0.51789,2.0333,1.7511
0.42553,2.1435,2.0522
0.52275,2.1197,2.3348
0.57174,2.2052,2.604
0.47302,2.1881,2.8636
0.61175,2.2301,3.1064
0.71234,2.273,3.342
0.40459,2.2743,3.5636
0.37841,2.2967,3.7758
0.84621,2.289,3.9723
0.89819,2.3267,4.1578
0.61811,2.3425,4.3356
0.49807,2.346,4.5015
0.25202,2.345,4.6556
0.013822,2.3413,4.795
0.033641,2.3454,4.9217
0.29465,2.3276,5.0344
0.43002,2.3003,5.1297
0.43637,2.2817,5.2103
0.48573,2.272,5.2777
0.43712,2.2475,5.3333
0.61175,2.226,5.3775
0.81891,2.1999,5.4077
0.7,2.1596,5.4259
0.40234,2.1255,5.4316
0.052712,2.0645,5.425
-0.41396,2.0077,5.4086
-0.70227,1.9588,5.3815
-0.4966,1.9033,5.3442
-0.33319,1.8611,5.2973
-0.12229,1.8171,5.2425
0.059443,1.7654,5.1803
-0.18287,1.7032,5.1097
-0.26962,1.6387,5.0305
-0.36049,1.5679,4.9428
-0.40574,1.4991,4.8481
-0.27822,1.4323,4.7456
-0.31711,1.3665,4.6364
-0.33618,1.3032,4.5228
-0.4521,1.229,4.4028
-0.49623,1.1586,4.274
-0.34852,1.0835,4.1404
-0.18436,1.0058,4.0027
-0.1006,0.94387,3.8597
-0.19783,0.87595,3.7166
-0.42443,0.77652,3.5679
-0.7348,0.67999,3.4106
-0.93448,0.61804,3.2529
-0.8956,0.53034,3.0927
-0.62112,0.43183,2.9245
-0.31001,0.35381,2.7532
-0.066574,0.22541,2.5752
0.097584,0.1206,2.388
0.075522,0.024606,2.1974
0.065426,-0.076048,2.0015
0.081879,-0.1865,1.8035
0.08861,-0.30783,1.5974
0.070287,-0.38365,1.3932
-0.059096,-0.55251,1.1847
-0.15707,-0.61369,0.97357
-0.25579,-0.75977,0.76474
-0.24681,-0.84103,0.54408
-0.026937,-0.93961,0.33735
0.20416,-1.1699,0.09914
0.44796,-0.45267,-0.05741
0.57099,0.024287,-0.044937
0.42067,-0.16156,-0.039752
0.25763,-0.050884,-0.045713
0.172,-0.093162,-0.040108
0.095715,-0.076745,-0.045267
0.18845,-0.054802,-0.041383
0.26997,-0.077322,-0.044393
0.20079,-0.044991,-0.04319
0.19107,-0.073348,-0.043786
0.13498,-0.053063,-0.044734
0.057573,-0.054236,-0.043846
0.07627,-0.048196,-0.045319
0.10805,-0.045373,-0.044933
0.070287,-0.049231,-0.045601
-0.041147,-0.047507,-0.045822
-0.1623,-0.047409,-0.046838
-0.25728,-0.040203,-0.047655
-0.18474,-0.044571,-0.048364
-0.0097358,-0.041943,-0.050036
0.15517,-0.036661,-0.050977
0.31409,-0.042183,-0.051554
0.30288,-0.037984,-0.052986
0.20528,-0.03028,-0.052866
0.094593,-0.03969,-0.053897
-0.056104,-0.024563,-0.054216
-0.10509,-0.038426,-0.054336
-0.11818,-0.02658,-0.055667
-0.13575,-0.032353,-0.054066
-0.14024,-0.034542,-0.057088
-0.1264,-0.011733,-0.054482
-0.066574,-0.059507,-0.057635
0.054208,0.0011893,-0.056271
0.19032,-0.068359,-0.055971
0.29241,0.014356,-0.05999
0.32718,-0.054075,-0.05197
0.27334,-0.030096,-0.067031
0.19743,0.055321,-0.039516
0.029154,-1.414,-0.16471
0.092723,-2.2055,-0.55815
0.17836,-1.8472,-0.93028
0.16714,-2.0203,-1.2714
0.52462,-1.9687,-1.6127
0.54556,-1.993,-1.9191
0.49732,-2.0388,-2.2204
0.61437,-2.0395,-2.4979
0.34139,-2.1185,-2.7688
0.36345,-2.1132,-3.0243
0.41655,-2.1738,-3.2665
0.34214,-2.1942,-3.4991
0.49583,-2.2346,-3.7189
0.54743,-2.2459,-3.9284
0.63568,-2.257,-4.1205
0.67906,-2.305,-4.3036
0.7531,-2.3282,-4.4773
0.77404,-2.3486,-4.6392
0.68317,-2.3568,-4.7873
0.63344,-2.3707,-4.9221
0.44273,-2.3665,-5.0434
0.35224,-2.3482,-5.1467
0.31036,-2.3422,-5.2344
0.36832,-2.3352,-5.3097
0.48237,-2.3306,-5.3721
0.55454,-2.3166,-5.4218
0.66859,-2.2911,-5.4586
0.63344,-2.271,-5.4826
0.53509,-2.238,-5.4946
0.37505,-2.1971,-5.4937
0.21612,-2.1637,-5.481
0.03065,-2.1166,-5.4576
-0.14921,-2.0625,-5.4231
-0.25728,-2.0172,-5.3795
-0.34628,-1.9676,-5.3281
-0.29767,-1.9122,-5.2683
-0.27149,-1.8546,-5.2005
-0.21353,-1.7905,-5.1249
-0.13687,-1.7239,-5.0408
-0.13874,-1.6523,-4.9483
-0.16193,-1.5835,-4.8482
-0.26364,-1.5194,-4.7416
-0.36535,-1.4465,-4.6287
-0.4794,-1.3777,-4.5103
-0.50483,-1.2989,-4.3877
-0.49473,-1.2107,-4.2577
-0.47491,-1.1305,-4.1218
-0.4263,-1.0488,-3.9813
-0.45622,-0.98232,-3.8375
-0.43827,-0.89804,-3.6925
-0.51567,-0.7874,-3.5397
-0.59308,-0.71004,-3.3805
-0.58485,-0.63951,-3.222
-0.62449,-0.53241,-3.0582
-0.60467,-0.44296,-2.8877
-0.55643,-0.34342,-2.714
-0.47604,-0.22341,-2.5312
-0.35712,-0.12023,-2.3416
-0.1825,-0.0054052,-2.1462
-0.026937,0.07611,-1.9491
0.055329,0.2077,-1.7465
0.1017,0.2962,-1.5395
0.047851,0.42158,-1.3349
-0.026937,0.55101,-1.1214
-0.085645,0.63848,-0.91505
-0.14323,0.81107,-0.69539
-0.13837,0.8136,-0.48356
-0.052739,1.1007,-0.26232
0.04972,0.82642,-0.043006
0.19518,0.010449,0.003536
0.31821,0.061155,-0.021722
0.37392,0.081602,-0.0093274
0.46965,0.011619,-0.015367
0.4704,0.063682,-0.011637
0.42815,0.0020066,-0.01245
0.39636,0.041765,-0.01275
0.30437,0.011323,-0.010253
0.2782,0.019638,-0.012184
0.2494,0.02107,-0.009706
0.21911,0.010982,-0.010666
0.22173,0.018941,-0.0094811
0.22285,0.0083612,-0.0092674
0.21724,0.013182,-0.0090049
0.17462,0.0011631,-0.0084051
0.12862,0.0062693,-0.0080826
0.0744,0.0054857,-0.0073103
0.050094,0.004241,-0.0073178
0.02878,0.0066704,-0.0062493
0.05346,0.0022391,-0.0055332
0.11142,0.0070978,-0.0045997
0.13535,0.0076414,-0.0031562
0.18733,0.005467,-0.0023539
0.19556,-0.00058768,-0.0021777
0.18135,0.0039936,-0.0015666
0.14358,0.00058576,-0.00044559
0.061686,-3.6579e-05,-0.00070804
-0.027685,0.0053245,0.0006904
-0.11593,-0.008022,0.00042421
-0.15071,0.013089,0.001219
-0.15108,-0.010957,0.0018414
-0.093872,0.010026,0.0010541
-0.017215,-0.0021098,0.003701
0.064304,-0.011996,0.00082537
0.15181,0.016699,0.0050507
0.21238,-0.033616,0.001474
0.22996,0.047235,0.0047058
0.20939,-0.068006,0.0043758
0.20752,0.069148,0.0010578
0.1447,-0.072767,0.011233
0.12376,0.085291,-0.012368
0.10656,1.7913,0.16914
0.172,2.2599,0.56617
0.24679,1.8597,0.90974
0.20117,2.0158,1.244
0.39262,1.9267,1.567
0.38178,1.9932,1.8617
0.30437,2,2.1488
0.42553,2.0192,2.4115
0.3384,2.0915,2.6692
0.38813,2.0903,2.9103
0.47863,2.1239,3.1379
0.50555,2.1293,3.3509
0.59118,2.1843,3.5536
0.67981,2.2026,3.7482
0.73178,2.2091,3.9278
0.63119,2.2143,4.0943
0.60689,2.2171,4.2455
0.51677,2.2188,4.3832
0.41693,2.1893,4.503
0.38701,2.1787,4.6053
0.31335,2.1757,4.6947
0.34102,2.1621,4.7703
0.38402,2.1482,4.8332
0.49433,2.125,4.8837
0.56202,2.0939,4.9208
0.61586,2.0536,4.9444
0.64952,2.0151,4.9558
0.54108,1.978,4.9555
0.41581,1.9297,4.9436
0.23594,1.8882,4.9212
0.044485,1.8396,4.8887
-0.14622,1.7977,4.8478
-0.27261,1.7521,4.7992
-0.30851,1.6865,4.7421
-0.33656,1.6303,4.6762
-0.33581,1.5624,4.6016
-0.30141,1.4982,4.5187
-0.27598,1.4323,4.4275
-0.30739,1.3579,4.3293
-0.34291,1.2992,4.226
-0.36946,1.2234,4.1168
-0.3833,1.1349,3.9991
-0.41508,1.0692,3.8754
-0.47678,0.99969,3.7484
-0.49473,0.9127,3.6153
-0.50707,0.85364,3.4798
-0.51193,0.77094,3.3414
-0.52353,0.6717,3.1933
-0.56167,0.61189,3.0428
-0.60205,0.51336,2.8906
-0.65328,0.42324,2.7312
-0.67871,0.34281,2.5685
-0.69703,0.22856,2.3986
-0.66114,0.12009,2.2213
-0.53923,0.010502,2.0366
-0.40798,-0.067676,1.8495
-0.26065,-0.20286,1.6577
-0.13613,-0.29087,1.459
-0.039651,-0.40931,1.2624
0.032893,-0.5404,1.0574
0.073278,-0.613,0.85785
0.073278,-0.78641,0.64768
0.06206,-0.79675,0.44313
0.071783,-1.0759,0.23133
0.045981,-0.87885,0.012587
0.10805,-0.066304,-0.045098
0.16938,-0.068598,-0.018981
0.20715,-0.11158,-0.02979
0.34962,-0.031622,-0.024643
0.36944,-0.087786,-0.026978
0.37654,-0.030074,-0.027207
0.4431,-0.071346,-0.026187
0.39113,-0.043514,-0.028654
0.3657,-0.04297,-0.026622
0.33354,-0.047773,-0.028553
0.25688,-0.035618,-0.02777
0.22771,-0.047522,-0.028744
0.16788,-0.034797,-0.029052
0.12862,-0.041459,-0.0294
0.11329,-0.032106,-0.029697
0.06393,-0.033043,-0.029854
0.026536,-0.032998,-0.030806
0.026536,-0.025856,-0.03045
0.020927,-0.031041,-0.031211
-0.013475,-0.031914,-0.03192
0.014196,-0.03398,-0.032643
0.047103,-0.030325,-0.034203
0.052712,-0.028458,-0.034867
0.099454,-0.031476,-0.035418
0.11703,-0.024649,-0.035598
0.084123,-0.027779,-0.03637
0.047851,-0.026396,-0.037004
-0.00038735,-0.032428,-0.036951
-0.062461,-0.022227,-0.038282
-0.12416,-0.02153,-0.037551
-0.16642,-0.032638,-0.039362
-0.15557,-0.0067511,-0.038496
-0.14361,-0.039075,-0.039354
-0.091628,-0.0035606,-0.040243
-0.017215,-0.03572,-0.038687
0.067669,-0.017837,-0.042804
0.16639,-0.0076921,-0.037476
0.17985,-0.051863,-0.04448
0.23482,0.04211,-0.037405
0.21612,-0.12221,-0.044131
0.22958,0.15014,-0.039752
0.23332,-0.52947,-0.045349
0.14994,-2.079,-0.32262
0.28381,-2.0133,-0.72318
0.22024,-1.8803,-1.0516
0.32456,-2.0297,-1.3883
0.60689,-1.9467,-1.697
0.55005,-2.0432,-1.9885
0.73664,-2.0187,-2.2645
0.75796,-2.0932,-2.5226
0.56725,-2.1271,-2.7752
0.66784,-2.1483,-3.0091
0.65737,-2.1783,-3.2313
0.65625,-2.1941,-3.4385
0.75684,-2.2468,-3.6382
0.81255,-2.2502,-3.8264
0.77778,-2.2685,-3.9998
0.72692,-2.2789,-4.1608
0.7157,-2.2771,-4.3071
0.60315,-2.2624,-4.4373
0.54519,-2.2473,-4.5493
0.50106,-2.2399,-4.647
0.46891,-2.224,-4.7315
0.42403,-2.21,-4.803
0.4259,-2.1918,-4.8622
0.52612,-2.1662,-4.9083
0.56052,-2.1333,-4.9409
0.64391,-2.0957,-4.9604
0.63157,-2.0565,-4.9676
0.50032,-2.0159,-4.9636
0.32606,-1.9701,-4.9484
0.10544,-1.9221,-4.9231
-0.14061,-1.8765,-4.8889
-0.34703,-1.8273,-4.8456
-0.42742,-1.7764,-4.7942
-0.52353,-1.7164,-4.7347
-0.56129,-1.6476,-4.6663
-0.54895,-1.5834,-4.5893
-0.52839,-1.5167,-4.5037
-0.45136,-1.4501,-4.4112
-0.39564,-1.3794,-4.3116
-0.35862,-1.3114,-4.2059
-0.36423,-1.2426,-4.0962
-0.38405,-1.1577,-3.9787
-0.43341,-1.0805,-3.8539
-0.46856,-0.99948,-3.7243
-0.50109,-0.93139,-3.5897
-0.55232,-0.86844,-3.4543
-0.52689,-0.75896,-3.3128
-0.5856,-0.67828,-3.1626
-0.65627,-0.61531,-3.0126
-0.67796,-0.5107,-2.8581
-0.72396,-0.42676,-2.6969
-0.72919,-0.32996,-2.5317
-0.69292,-0.22024,-2.3595
-0.59084,-0.096341,-2.1789
-0.48763,-0.0055326,-1.9904
-0.37545,0.083454,-1.8023
-0.2427,0.22078,-1.6062
-0.093498,0.29685,-1.4093
0.03065,0.45684,-1.2091
0.11479,0.53377,-1.0053
0.19668,0.67611,-0.80414
0.1548,0.7776,-0.59001
0.10207,0.86071,-0.39027
0.060939,1.1037,-0.16066
0.024667,0.44708,-0.00047559
0.077392,-0.060831,-0.0090049
0.080009,0.12299,-0.01611
0.16003,0.021235,-0.0085625
0.23931,0.043579,-0.014452
0.22884,0.033618,-0.0091812
0.34064,0.015844,-0.012544
0.39935,0.037364,-0.0094323
0.44871,-0.0022335,-0.010276
0.52425,0.028636,-0.010107
0.44609,0.0072815,-0.0089112
0.37617,0.012185,-0.0094548
0.30961,0.011837,-0.0080751
0.21687,0.0090848,-0.0084726
0.14059,0.012118,-0.007389
0.072905,0.00027459,-0.0075428
0.031397,0.0083874,-0.0067254
-0.020206,0.003525,-0.0062306
-0.054234,0.0048146,-0.0064368
-0.077045,0.010577,-0.0049708
-0.060965,0.0058831,-0.0037111
-0.017215,0.0046272,-0.0028938
0.019431,0.0032888,-0.0015553
0.06393,0.00043205,-0.00080926
0.10058,0.0052533,-0.00075677
0.11553,0.0025202,0.00016927
0.091601,0.0019504,0.00026675
0.079635,-0.0007039,0.0015452
0.062808,-0.0086181,0.0010916
0.020927,0.0095496,0.0020364
-0.017962,-0.016262,0.0025575
-0.08041,0.010637,0.0020214
-0.12341,-0.0063799,0.0047358
-0.14061,-0.0069685,0.0018264
-0.15183,0.017696,0.0059542
-0.092376,-0.034985,0.0020026
-0.017215,0.047846,0.0058755
0.029902,-0.071028,0.004822
0.095341,0.071412,0.00237
0.15068,-0.088176,0.011968
0.20341,0.12263,-0.010681
0.2236,1.8525,0.18092
0.36944,2.2655,0.58255
0.48798,1.898,0.92752
0.43899,2.0696,1.2659
0.58595,1.9765,1.5902
0.57024,2.0663,1.8866
0.50219,2.0779,2.1756
0.66261,2.1115,2.4411
0.58483,2.1745,2.7007
0.60165,2.1809,2.9415
0.71122,2.2545,3.1742
0.67906,2.2461,3.3933
0.72804,2.2802,3.5957
0.81405,2.3182,3.7896
0.88061,2.3389,3.9727
0.86453,2.3607,4.1456
0.86079,2.3652,4.3033
0.82527,2.3752,4.4478
0.78825,2.3735,4.5789
0.79124,2.3427,4.6931
0.75198,2.3214,4.7905
0.71944,2.3079,4.8727
0.69776,2.2913,4.9429
0.71458,2.2826,5.0014
0.68878,2.2483,5.0474
0.6828,2.2096,5.0805
0.66074,2.1766,5.1008
0.52724,2.1332,5.1084
0.34588,2.0883,5.1041
0.12301,2.0432,5.0891
-0.093498,1.9974,5.0634
-0.28234,1.9447,5.0271
-0.44388,1.8985,4.9831
-0.52016,1.8473,4.9316
-0.54335,1.7828,4.8716
-0.56391,1.7232,4.8034
-0.53175,1.6554,4.7269
-0.5067,1.5864,4.6417
-0.50408,1.5116,4.5482
-0.5067,1.4402,4.4478
-0.54073,1.3778,4.3425
-0.57924,1.2957,4.232
-0.62524,1.2163,4.1134
-0.66114,1.1473,3.988
-0.69741,1.0679,3.859
-0.73705,0.98493,3.7241
-0.74004,0.92154,3.5862
-0.73031,0.84135,3.447
-0.75051,0.73427,3.2987
-0.79388,0.66557,3.1453
-0.81408,0.58843,2.9925
-0.82716,0.48542,2.8329
-0.80398,0.40651,2.6687
-0.70489,0.29563,2.4997
-0.61739,0.18726,2.3224
-0.4895,0.0756,2.1387
-0.35189,-0.022666,1.9487
-0.27261,-0.12714,1.7575
-0.17539,-0.25131,1.5579
-0.1006,-0.33456,1.3597
-0.056478,-0.49488,1.1566
-0.036659,-0.55983,0.95158
-0.03105,-0.7133,0.74809
-0.067322,-0.79329,0.53357
-0.071436,-0.91442,0.33197
-0.0097358,-1.1201,0.099267
0.054956,-0.40497,-0.047156
0.17686,0.026409,-0.032182
0.24716,-0.14945,-0.028677
0.32793,-0.046427,-0.033783
0.39,-0.083092,-0.028861
0.36645,-0.056317,-0.033697
0.42478,-0.053512,-0.03
0.41543,-0.074604,-0.033356
0.36794,-0.036751,-0.031976
0.37692,-0.057164,-0.03252
0.32307,-0.03876,-0.03333
0.25464,-0.046569,-0.032677
0.1993,-0.040001,-0.033794
0.14657,-0.043019,-0.033521
0.063556,-0.042948,-0.034511
0.022797,-0.033459,-0.034379
0.0074654,-0.039915,-0.035324
-0.052365,-0.033058,-0.035617
-0.062461,-0.03488,-0.035534
-0.04713,-0.039574,-0.03709
-0.014597,-0.03494,-0.038188
0.01831,-0.033946,-0.038826
0.083375,-0.035371,-0.040243
0.1432,-0.026501,-0.040723
0.13049,-0.031884,-0.041199
0.11703,-0.029301,-0.041949
0.078888,-0.032773,-0.04193
0.035885,-0.027393,-0.042961
-0.0063704,-0.023798,-0.042361
-0.052739,-0.035978,-0.04427
-0.098733,-0.01489,-0.043355
-0.1193,-0.044654,-0.044386
-0.085271,-0.0096003,-0.045031
-0.087141,-0.038738,-0.043441
-0.027685,-0.018909,-0.047299
0.051964,-0.016776,-0.04217
0.089732,-0.054356,-0.04932
0.15218,0.033502,-0.041731
0.12264,-0.12401,-0.049402
0.18209,0.15631,-0.043876
0.1533,-0.57141,-0.053024
0.13909,-2.0997,-0.33928
0.34326,-2.0171,-0.74304
0.27072,-1.9274,-1.0748
0.46629,-2.0747,-1.4153
0.7157,-2.0065,-1.7257
0.63119,-2.1144,-2.0208
0.91053,-2.0885,-2.2994
0.89407,-2.1739,-2.5598
0.71421,-2.2031,-2.8135
0.8765,-2.2438,-3.0491
0.80433,-2.2923,-3.2783
0.80919,-2.2878,-3.4897
0.92436,-2.3355,-3.6887
0.94306,-2.3612,-3.8786
0.94156,-2.3918,-4.0574
0.93483,-2.3989,-4.2244
0.92586,-2.4087,-4.3767
0.82714,-2.415,-4.5172
0.83125,-2.3941,-4.6413
0.78002,-2.3748,-4.748
0.75123,-2.3594,-4.8401
0.76245,-2.3429,-4.9189
0.7172,-2.3253,-4.9856
0.75833,-2.3035,-5.0401
0.74861,-2.2714,-5.0817
0.73664,-2.2381,-5.1109
0.65326,-2.1965,-5.1281
0.49545,-2.1485,-5.1325
0.29876,-2.104,-5.1255
0.090854,-2.0543,-5.1078
-0.21091,-2.0013,-5.0797
-0.49885,-1.9497,-5.0426
-0.64842,-1.897,-4.9967
-0.81894,-1.8405,-4.9427
-0.7363,-1.7798,-4.8812
-0.66525,-1.7147,-4.811
-0.65441,-1.6442,-4.7321
-0.53923,-1.5738,-4.6455
-0.54148,-1.5031,-4.5513
-0.48314,-1.4257,-4.4499
-0.49137,-1.3613,-4.3423
-0.48651,-1.2991,-4.231
-0.5153,-1.2118,-4.1134
-0.67983,-1.1328,-3.9874
-0.74116,-1.055,-3.8572
-0.85035,-0.97291,-3.7216
-0.84923,-0.90779,-3.5836
-0.79987,-0.81578,-3.4426
-0.79688,-0.71874,-3.2918
-0.76098,-0.65813,-3.1391
-0.82567,-0.5671,-2.9848
-0.83053,-0.4683,-2.8227
-0.81707,-0.38149,-2.6572
-0.75051,-0.26706,-2.4845
-0.577,-0.15566,-2.3042
-0.41733,-0.044657,-2.1159
-0.26701,0.037712,-1.925
-0.10808,0.17023,-1.7309
0.019805,0.26032,-1.5291
0.039624,0.3709,-1.3306
0.10357,0.51276,-1.1234
0.13273,0.58416,-0.92171
0.038128,0.76693,-0.70992
-0.016467,0.77353,-0.5003
-0.074053,1.0418,-0.28951
-0.14286,0.92024,-0.063315
-0.089011,0.070827,0.0082
0.079261,0.024902,-0.019563
0.21837,0.10259,-0.0091062
0.36645,-0.00021278,-0.013118
0.47676,0.06075,-0.011322
0.48237,0.0079113,-0.010193
0.48648,0.039002,-0.011787
0.43151,0.0146,-0.0086375
0.39038,0.015668,-0.010865
0.35411,0.022517,-0.0085138
0.21874,0.0044247,-0.0093124
0.12451,0.014116,-0.0084913
0.054956,0.0046422,-0.0080489
-0.016841,0.013276,-0.0078952
-0.03292,0.0037424,-0.0070516
-0.0067443,0.006453,-0.0070591
-0.018336,0.0067604,-0.0060319
-0.034416,0.0029214,-0.0063205
-0.0033789,0.0091447,-0.005567
0.0052217,0.0092685,-0.0038536
0.035137,0.0069328,-0.0029425
0.088236,0.0054745,-0.0018665
0.17798,0.0041436,-0.00063305
0.24753,0.0022166,-0.00055432
0.23519,0.0057369,0.00035298
0.23295,-0.00073015,0.00066416
0.19443,0.0083725,0.0010428
0.12488,-0.0043517,0.0019464
0.054956,0.0033938,0.0014777
-0.018336,0.0021866,0.003446
-0.068818,-0.0081944,0.0019989
-0.12566,0.017175,0.0043421
-0.11519,-0.021653,0.0031686
-0.09275,0.027436,0.0038285
-0.055356,-0.027768,0.0055681
0.0658,0.01466,0.0023963
0.14433,-0.0099227,0.0091073
0.22472,-0.030137,-0.00076052
0.24043,0.074464,0.013254
0.23968,-0.19527,-0.0064218
0.21238,1.0359,0.053392
0.18135,2.3391,0.39866
0.34102,1.973,0.78052
0.2939,1.9989,1.1096
0.34663,2.0382,1.449
0.50368,2.0033,1.7511
0.38178,2.1071,2.0458
0.57249,2.087,2.3192
0.66709,2.1757,2.5804
0.6297,2.1847,2.8295
0.83387,2.2458,3.0634
0.84658,2.2582,3.2894
0.89819,2.2674,3.4957
0.98494,2.3222,3.6929
1.0066,2.3427,3.8802
1.0193,2.3649,4.0572
0.97671,2.3628,4.2208
0.95016,2.3753,4.3695
0.88323,2.3745,4.5066
0.82041,2.3505,4.6271
0.72767,2.325,4.7301
0.70561,2.3004,4.8176
0.68691,2.2876,4.8919
0.63905,2.2713,4.9555
0.66859,2.2384,5.0066
0.67345,2.2086,5.0448
0.65924,2.1664,5.0713
0.58333,2.1119,5.0838
0.4532,2.0728,5.084
0.26773,2.0307,5.0744
0.05159,1.9744,5.0533
-0.15931,1.9211,5.0216
-0.40349,1.8751,4.9821
-0.57064,1.819,4.9349
-0.68021,1.7617,4.879
-0.75986,1.7052,4.8152
-0.75051,1.6387,4.7433
-0.75126,1.5705,4.6632
-0.70115,1.5004,4.5753
-0.6989,1.4304,4.4798
-0.73256,1.362,4.3787
-0.61103,1.29,4.2715
-0.60766,1.2071,4.1567
-0.6316,1.1284,4.0349
-0.60878,1.0591,3.9081
-0.71124,0.97751,3.7762
-0.73256,0.90863,3.6396
-0.72919,0.84068,3.5016
-0.76584,0.73973,3.3574
-0.79014,0.65971,3.2056
-0.83427,0.59273,3.053
-0.84549,0.49475,2.8966
-0.86418,0.4096,2.7341
-0.80735,0.30743,2.5672
-0.69367,0.20196,2.3926
-0.57139,0.10098,2.2116
-0.40798,-0.011385,2.0229
-0.27822,-0.094729,1.8325
-0.14361,-0.22765,1.6365
-0.050869,-0.31022,1.4366
0.009335,-0.44908,1.2367
0.079635,-0.55318,1.0292
0.11329,-0.64702,0.82851
0.083375,-0.80649,0.61388
0.051964,-0.82362,0.40966
0.054956,-1.1195,0.189
0.034015,-0.74429,-0.014295
0.10544,-0.0012325,-0.043149
0.15031,-0.10549,-0.021981
0.20266,-0.089945,-0.033644
0.31596,-0.045715,-0.026896
0.28941,-0.085083,-0.031144
0.31559,-0.03419,-0.029303
0.3399,-0.072452,-0.029933
0.32531,-0.03864,-0.031099
0.36271,-0.051495,-0.029682
0.31671,-0.050761,-0.031867
0.26399,-0.045328,-0.030559
0.19331,-0.044995,-0.032077
0.10581,-0.03738,-0.03192
0.032893,-0.042393,-0.032373
-0.034042,-0.033185,-0.032756
-0.062461,-0.041163,-0.032902
-0.11818,-0.033178,-0.033866
-0.13052,-0.030621,-0.033476
-0.091628,-0.0405,-0.03466
-0.053861,-0.034854,-0.036153
0.011205,-0.03491,-0.036693
0.093471,-0.036128,-0.038098
0.19219,-0.026655,-0.038972
0.24679,-0.030437,-0.038905
0.23332,-0.027322,-0.039789
0.22472,-0.028675,-0.039928
0.21724,-0.037223,-0.041075
0.16153,-0.017406,-0.040764
0.12039,-0.035337,-0.041476
0.069165,-0.017316,-0.042481
0.0011084,-0.032267,-0.041177
0.003726,-0.028803,-0.044202
-0.016093,-0.012708,-0.041143
-0.026937,-0.049119,-0.044836
0.056451,0.013737,-0.042313
0.075896,-0.068703,-0.04364
0.11815,0.029457,-0.045781
0.15405,-0.068793,-0.039797
0.14807,0.0070116,-0.05335
0.19892,-0.0081832,-0.026116
0.1447,-1.5698,-0.17705
0.28455,-2.2065,-0.57439
0.34102,-1.8614,-0.93116
0.28792,-2.0591,-1.2653
0.60838,-2.0051,-1.5943
0.61362,-2.062,-1.8903
0.67158,-2.0934,-2.1796
0.9124,-2.1144,-2.4445
0.69925,-2.1903,-2.7033
0.73926,-2.1957,-2.9456
0.8421,-2.2682,-3.1777
0.77105,-2.265,-3.3975
0.89819,-2.2944,-3.6001
0.96026,-2.3285,-3.7949
0.98905,-2.3536,-3.9784
0.97148,-2.3733,-4.1512
0.94082,-2.3739,-4.3099
0.89146,-2.3858,-4.4561
0.82153,-2.3694,-4.5881
0.78339,-2.3462,-4.7026
0.72318,-2.326,-4.8012
0.69589,-2.3103,-4.8862
0.64989,-2.2956,-4.9589
0.67345,-2.2691,-5.0194
0.66036,-2.2377,-5.0672
0.61624,-2.2039,-5.1026
0.58333,-2.164,-5.126
0.48274,-2.1163,-5.1365
0.33653,-2.0699,-5.1344
0.15255,-2.0247,-5.1217
-0.031424,-1.9716,-5.0987
-0.27374,-1.9188,-5.0656
-0.43416,-1.8687,-5.0234
-0.54783,-1.8157,-4.9735
-0.6488,-1.759,-4.9158
-0.67273,-1.6941,-4.8495
-0.68731,-1.6283,-4.7744
-0.69965,-1.563,-4.6916
-0.76173,-1.4923,-4.6016
-0.72433,-1.4194,-4.5035
-0.67086,-1.3511,-4.3991
-0.62187,-1.2891,-4.2907
-0.55382,-1.2075,-4.1765
-0.61439,-1.125,-4.0536
-0.63421,-1.0526,-3.9257
-0.6746,-0.96994,-3.7927
-0.69965,-0.90975,-3.6556
-0.68881,-0.83142,-3.5173
-0.73331,-0.72676,-3.3704
-0.74153,-0.66032,-3.2169
-0.78566,-0.58077,-3.0642
-0.79501,-0.48264,-2.9048
-0.74303,-0.40088,-2.7404
-0.66039,-0.29114,-2.5716
-0.55045,-0.18729,-2.3932
-0.43042,-0.075845,-2.2081
-0.29094,0.017887,-2.0173
-0.22999,0.12417,-1.8251
-0.1365,0.24919,-1.6243
-0.037781,0.3212,-1.4243
0.0074654,0.48109,-1.2207
0.1346,0.55096,-1.0143
0.17312,0.70489,-0.80928
0.13909,0.78753,-0.59184
0.17611,0.88507,-0.38972
0.15068,1.1215,-0.15548
0.12451,0.42047,0.0019201
0.18022,-0.061832,-0.0094923
0.22996,0.12348,-0.014861
0.2681,0.010097,-0.0084013
0.28306,0.045229,-0.013879
0.27034,0.034379,-0.0084238
0.29241,0.014352,-0.012038
0.32419,0.037037,-0.0086413
0.34064,0.0014255,-0.0097923
0.37318,0.024996,-0.0092449
0.3485,0.0068354,-0.0081501
0.25501,0.013152,-0.0087912
0.16489,0.0057144,-0.0071603
0.087862,0.0044135,-0.007659
0.029902,0.008185,-0.0066655
0.0055957,0.0033113,-0.0067779
-0.028807,0.0073377,-0.0060281
-0.064705,0.00016962,-0.0054732
-0.044512,0.0045785,-0.005507
-0.025067,0.0050546,-0.0039886
0.0040999,0.0043873,-0.00292
0.075148,0.0073302,-0.0020165
0.15068,0.0062318,-0.00064805
0.19256,0.0019017,-2.1938e-05
0.20341,0.0026665,0.00059293
0.19182,-0.0053002,0.0012003
0.1634,0.0014893,0.0012565
0.14881,0.00096441,0.0024975
0.12937,-0.0061887,0.0017852
0.10394,0.0089086,0.003551
0.088236,-0.017158,0.0031799
0.047851,0.011844,0.003491
0.022049,-0.015587,0.0049907
0.024293,0.0078064,0.0026475
0.013448,0.0045485,0.007154
0.044859,-0.024,0.0019914
0.068417,0.040445,0.0081775
0.10058,-0.069704,0.0032548
0.11366,0.098337,0.0067453
0.13049,-0.15688,0.0078288
0.16826,0.36933,0.00040547
0.1462,2.0768,0.24844
0.33616,2.1613,0.65149
0.41917,1.9071,0.98621
0.39524,2.0693,1.3267
0.57436,1.9799,1.6421
0.49957,2.0831,1.9383
0.53472,2.0686,2.2222
0.70224,2.1325,2.4845
0.61549,2.165,2.7408
0.72505,2.1873,2.9785
0.8305,2.2536,3.2089
0.7961,2.2385,3.4227
0.88173,2.2751,3.6228
0.96363,2.3072,3.8146
0.96774,2.3326,3.9957
0.92586,2.3395,4.1653
0.92287,2.3396,4.3197
0.85219,2.3485,4.462
0.77853,2.3232,4.5893
0.74973,2.2857,4.6992
0.65999,2.2729,4.7933
0.61063,2.2574,4.8735
0.59492,2.2332,4.9424
0.60988,2.2045,4.9994
0.611,2.1741,5.0435
0.56837,2.1364,5.0753
0.51602,2.0853,5.0937
0.39748,2.0484,5.1
0.21612,1.9985,5.0955
0.040372,1.9422,5.0793
-0.18436,1.8971,5.0524
-0.35937,1.8438,5.0166
-0.43603,1.7927,4.9728
-0.55456,1.7364,4.9207
-0.59682,1.6803,4.8607
-0.66413,1.6185,4.7927
-0.65515,1.5457,4.7153
-0.6903,1.4797,4.6293
-0.72807,1.4125,4.536
-0.62599,1.3412,4.4366
-0.74565,1.2716,4.3313
-0.71835,1.202,4.2197
-2.6381,1.1205,4.1008
-7.794,1.045,3.9757
-13.419,0.96465,3.8462
-16.161,0.88289,3.7117
-15.239,0.8243,3.5754
-13.46,0.73169,3.4354
-11.39,0.62663,3.2867
-9.7392,0.55353,3.1354
-8.2906,0.45819,2.9833
-5.5982,0.35121,2.8246
-2.1928,0.26109,2.6616
4.6409,0.14754,2.4924
15.023,0.043984,2.3148
23.125,-0.059908,2.1304
22.858,-0.13826,1.9412
16.396,-0.24004,1.7508
10.969,-0.34497,1.5511
8.0655,-0.42443,1.3531
7.1164,-0.5765,1.1484
4.7367,-0.62635,0.94407
-1.4296,-0.78971,0.73781
-7.8651,-0.82901,0.52159
-12.009,-0.96989,0.31739
-10.873,-1.1015,0.081717
-4.8309,-0.31359,-0.047366
1.9987,0.009111,-0.025235
6.9399,-0.15165,-0.02687
7.1617,-0.032289,-0.029288
4.887,-0.088506,-0.025546
4.086,-0.047267,-0.03003
5.2187,-0.049692,-0.026375
8.6563,-0.058814,-0.029895
13.115,-0.034194,-0.028006
14.398,-0.053929,-0.029262
10.896,-0.034411,-0.029577
4.7554,-0.045261,-0.029325
-2.327,-0.034014,-0.030589
-7.3737,-0.037497,-0.030195
-9.1783,-0.036717,-0.031039
-10.737,-0.033148,-0.031061
-12.786,-0.034816,-0.031837
-14.993,-0.027352,-0.031695
-15.524,-0.034876,-0.032182
-11.112,-0.035641,-0.033922
-3.0951,-0.033024,-0.03466
5.4266,-0.03909,-0.035928
11.303,-0.036237,-0.037217
12.233,-0.028743,-0.03715
8.5583,-0.030505,-0.038068
2.7013,-0.022549,-0.038301
-2.4654,-0.030685,-0.038751
-5.8364,-0.020712,-0.039538
-7.0783,-0.030775,-0.039066
-7.4694,-0.034854,-0.041304
-7.8479,-0.019351,-0.039681
-7.7731,-0.040455,-0.04184
-6.3622,-0.001345,-0.040903
-2.8517,-0.048691,-0.041162
1.5709,0.0013018,-0.043276
6.0305,-0.036065,-0.039414
8.5725,-0.027397,-0.046793
8.4435,0.012864,-0.036974
7.2622,-0.10204,-0.050235
6.103,0.17,-0.032775
6.5211,-0.91235,-0.081011
7.7846,-2.2011,-0.41868
8.2072,-1.9082,-0.80817
7.0319,-1.9376,-1.1383
4.1234,-1.9921,-1.4795
0.093097,-1.9425,-1.7846
-4.0169,-2.0263,-2.0806
-6.072,-1.9922,-2.3564
-6.3024,-2.073,-2.6201
-5.4535,-2.0705,-2.8734
-3.702,-2.1227,-3.1115
-2.3813,-2.1421,-3.3422
-0.53549,-2.14,-3.5536
2.3046,-2.1803,-3.7561
5.206,-2.1885,-3.9485
7.2073,-2.207,-4.1299
6.9803,-2.2034,-4.2987
4.635,-2.2091,-4.4535
0.68878,-2.1998,-4.5963
-3.5191,-2.1651,-4.7216
-6.7425,-2.1394,-4.8299
-8.2397,-2.1188,-4.9241
-7.8875,-2.1003,-5.006
-6.8307,-2.0774,-5.076
-5.3922,-2.0466,-5.1334
-3.76,-2.0101,-5.1782
-1.9681,-1.9681,-5.2108
0.16714,-1.9216,-5.2304
2.6826,-1.8767,-5.2373
4.9636,-1.831,-5.2335
5.9879,-1.7774,-5.219
5.8996,-1.7272,-5.1933
4.8373,-1.6843,-5.1587
3.6234,-1.6357,-5.1159
3.1706,-1.5822,-5.0646
3.0061,-1.5231,-5.0049
2.8101,-1.4589,-4.9364
2.1139,-1.397,-4.8596
0.38963,-1.3316,-4.7742
-1.6648,-1.2641,-4.6806
-2.9605,-1.2031,-4.5803
-3.407,-1.1428,-4.475
-3.0484,-1.0682,-4.3639
-2.0814,-0.99448,-4.2446
-1.1536,-0.92964,-4.1193
-0.076297,-0.85807,-3.9883
1.087,-0.79917,-3.8524
1.9953,-0.73177,-3.7155
2.7705,-0.63808,-3.5711
2.9066,-0.56451,-3.4187
2.2032,-0.50418,-3.2656
0.70112,-0.41286,-3.1082
-1.5691,-0.32963,-2.9437
-3.6418,-0.25578,-2.7759
-4.7576,-0.13726,-2.5989
-4.7756,-0.044192,-2.4135
-3.9503,0.055396,-2.2228
-2.784,0.14072,-2.0264
-1.7355,0.24571,-1.8282
-1.0399,0.34656,-1.6222
-0.47155,0.41878,-1.419
-0.025815,0.57573,-1.2088
0.1791,0.6337,-0.99935
0.15629,0.79727,-0.78678
-0.15782,0.83019,-0.56627
-0.61103,0.99119,-0.35669
-0.91728,1.0939,-0.11549
-0.83801,0.26429,0.0097521
-0.26289,-0.02977,-0.014276
0.56987,0.13113,-0.011123
1.157,0.0048221,-0.0092374
1.3495,0.065159,-0.012098
1.1734,0.021681,-0.0077865
0.81106,0.027339,-0.011217
0.60427,0.032032,-0.0074678
0.66522,0.008275,-0.0095073
1.1487,0.029224,-0.0078877
1.8398,0.0064942,-0.0075653
2.4803,0.01454,-0.0076515
2.9051,0.0053545,-0.0064743
2.9369,0.0075402,-0.0068642
2.8131,0.011432,-0.0059419
2.4459,0.004571,-0.0057657
1.6592,-0.00012656,-0.0049971
0.63568,0.0069328,-0.0047909
-0.49062,0.01184,-0.0035462
-1.4214,0.0036824,-0.0018815
-1.9598,0.0069628,-0.0013791
-2.0918,0.0071465,-5.568e-05
-1.7882,-0.001105,0.00097534
-1.191,0.0057219,0.0015752
-0.50745,-0.00074514,0.0019801
-0.068444,0.0027564,0.0023513
0.0048478,0.0024003,0.0034985
-0.21765,-0.0034294,0.0025875
-0.62898,0.0094747,0.004732
-0.97749,-0.011321,0.0040047
-1.2613,0.01611,0.0046608
-1.4614,-0.017724,0.0058343
-1.4404,0.012545,0.0040047
-1.2624,-0.0037631,0.0080725
-0.96365,-0.013451,0.0029137
-0.65254,0.034342,0.0098871
-0.37059,-0.068565,0.0032286
-0.12154,0.099976,0.009321
0.090106,-0.17392,0.0062317
0.2423,0.49528,0.0090136
0.24791,2.1248,0.28078
0.47788,2.0949,0.6839
0.76656,1.9017,1.0188
1.1674,2.0187,1.3625
1.8644,1.9285,1.6776
2.1916,2.026,1.9772
2.4945,1.993,2.2625
2.6475,2.0588,2.5286
2.2346,2.0772,2.7883
1.8285,2.0974,3.0298
1.305,2.146,3.265
0.80545,2.1283,3.484
0.58894,2.1556,3.6894
0.43749,2.177,3.8852
0.31896,2.2032,4.0714
0.31634,2.2048,4.2466
0.55005,2.1967,4.4068
0.76282,2.2008,4.5548
0.91539,2.1889,4.6894
0.93072,2.1554,4.8075
0.72991,2.1199,4.9081
0.49882,2.0993,4.9943
0.20939,2.0786,5.0691
-0.054608,2.0461,5.1323
-0.18511,2.0141,5.1827
-0.088637,1.9784,5.2209
0.040746,1.9294,5.2461
-0.019458,1.8782,5.2574
-0.21989,1.8345,5.2582
-0.48501,1.7888,5.2487
-0.73779,1.729,5.2275
-0.9745,1.6778,5.1964
-1.1981,1.6344,5.1567
-1.335,1.5744,5.1087
-1.298,1.5235,5.0528
-1.1473,1.4752,4.9891
-0.89073,1.4053,4.916
-0.55269,1.3407,4.8339
-0.20344,1.2836,4.7445
0.1174,1.2178,4.6477
0.25987,1.1561,4.5448
0.20004,1.0933,4.4357
-0.0033789,1.0106,4.3192
-0.17315,0.93905,4.195
-0.18923,0.87656,4.0656
-0.14211,0.80518,3.9314
-0.033294,0.74531,3.7938
0.13049,0.67064,3.6538
0.31484,0.58493,3.5056
0.42665,0.52144,3.3519
0.41955,0.45201,3.1976
0.35111,0.35522,3.0372
0.258,0.2786,2.8701
0.13423,0.19517,2.7
-0.1279,0.086509,2.5203
-0.42593,-0.0015549,2.3334
-0.57214,-0.10559,2.1411
-0.58261,-0.18111,1.9449
-0.4794,-0.29653,1.745
-0.32609,-0.38102,1.5378
-0.22849,-0.48349,1.3332
-0.23784,-0.61686,1.1202
-0.30814,-0.67815,0.91236
-0.46482,-0.85039,0.69466
-0.63197,-0.84223,0.47906
-0.67385,-1.0896,0.26343
-0.67609,-0.98094,0.029593
-0.53325,-0.12213,-0.049001
-0.38704,-0.048376,-0.020556
-0.3044,-0.13162,-0.030671
-0.061713,-0.029234,-0.02678
0.12488,-0.094317,-0.027803
0.21351,-0.038127,-0.029205
0.22211,-0.063953,-0.027076
0.10095,-0.046359,-0.030281
-0.030676,-0.04387,-0.027859
-0.16455,-0.054202,-0.030143
-0.2326,-0.039667,-0.029505
-0.22737,-0.049246,-0.03009
-0.13949,-0.039559,-0.030821
0.054956,-0.044961,-0.030488
0.26361,-0.039885,-0.031346
0.40683,-0.039367,-0.031665
0.43189,-0.033549,-0.031972
0.44722,-0.034321,-0.032441
0.4704,-0.042363,-0.034109
0.42366,-0.031824,-0.03499
0.36944,-0.034786,-0.035632
0.3556,-0.036578,-0.037079
0.41094,-0.030977,-0.037611
0.5422,-0.033808,-0.038357
0.69476,-0.024585,-0.038567
0.79498,-0.034569,-0.039384
0.89893,-0.026246,-0.039808
0.94156,-0.032585,-0.039459
0.81405,-0.027356,-0.041559
0.60053,-0.017901,-0.039917
0.31447,-0.035817,-0.042631
0.056077,-0.0018099,-0.04106
-0.12304,-0.049703,-0.041986
-0.21877,0.0041023,-0.043332
-0.29056,-0.046697,-0.040209
-0.313,-0.010129,-0.046984
-0.23933,-0.0024434,-0.037052
-0.27673,-0.087284,-0.051584
-0.26887,0.15365,-0.030495
-0.36423,-1.0571,-0.097084
-0.3904,-2.2202,-0.45176
-0.27673,-1.8873,-0.83644
-0.4521,-1.9636,-1.1685
-0.2528,-1.9862,-1.5099
-0.034042,-1.9564,-1.8141
0.021675,-2.0318,-2.111
0.42366,-2.007,-2.3866
0.43787,-2.0885,-2.6515
0.40833,-2.0799,-2.9041
0.60091,-2.136,-3.1422
0.57323,-2.1513,-3.3734
0.5938,-2.1502,-3.5864
0.67233,-2.1814,-3.7892
0.77142,-2.1965,-3.9812
0.87164,-2.2192,-4.164
1.0354,-2.2113,-4.334
1.2071,-2.2161,-4.4898
1.3323,-2.21,-4.6342
1.5051,-2.1838,-4.7627
1.5989,-2.1562,-4.8743
1.6229,-2.1297,-4.9707
1.4789,-2.1102,-5.0543
1.3368,-2.0879,-5.1264
1.1712,-2.0566,-5.1862
0.98419,-2.0205,-5.2328
0.88136,-1.9836,-5.2671
0.65288,-1.9351,-5.2892
0.47302,-1.8902,-5.2979
0.30736,-1.8486,-5.2957
0.11441,-1.7924,-5.283
-0.12229,-1.7446,-5.2589
-0.37059,-1.6989,-5.2258
-0.53175,-1.6457,-5.1842
-0.72171,-1.5938,-5.1338
-0.85371,-1.5358,-5.075
-0.97524,-1.4742,-5.0076
-1.0523,-1.4126,-4.9318
-1.0242,-1.3516,-4.8473
-1.013,-1.2873,-4.7549
-1.0063,-1.2242,-4.6558
-1.0111,-1.1641,-4.5511
-1.0287,-1.0944,-4.4411
-1.0571,-1.0176,-4.3237
-1.096,-0.94615,-4.1991
-1.1514,-0.87214,-4.0685
-1.1379,-0.80845,-3.9322
-0.97524,-0.75434,-3.7945
-0.78304,-0.66283,-3.6517
-0.61439,-0.57633,-3.4997
-0.4192,-0.5271,-3.3455
-0.18623,-0.44728,-3.1894
-0.0030049,-0.35288,-3.0258
0.1361,-0.28038,-2.8574
0.22211,-0.16931,-2.6831
0.22884,-0.07324,-2.4987
0.28904,0.017051,-2.3095
0.30175,0.11833,-2.114
0.28306,0.19708,-1.9165
0.31335,0.32271,-1.712
0.33017,0.38729,-1.5059
0.40309,0.524,-1.2988
0.45843,0.61869,-1.0846
0.44647,0.72832,-0.87574
0.35261,0.84964,-0.65186
0.29615,0.87986,-0.44179
0.27259,1.1604,-0.20853
0.14582,0.62844,-0.013227
0.12376,-0.054682,-0.00064805
0.081131,0.10662,-0.017133
0.011579,0.047036,-0.0058781
0.021675,0.028985,-0.013043
-0.069192,0.05369,-0.007599
-0.098733,0.0055457,-0.01025
-0.13463,0.041401,-0.0084988
-0.22924,0.0053732,-0.0079027
-0.29019,0.026634,-0.0087275
-0.44388,0.013958,-0.0067404
-0.57588,0.011214,-0.0076965
-0.63982,0.012534,-0.0059906
-0.63459,0.0018942,-0.0064443
-0.56429,0.01301,-0.0059981
-0.46557,0.0050583,-0.0052633
-0.32609,0.0051633,-0.0048959
-0.1967,0.0022241,-0.0044759
-0.031798,0.0043835,-0.0041423
0.11441,0.0098383,-0.0032425
0.23819,0.0056507,-0.0025114
0.38776,0.0064455,-0.0011917
0.48685,0.0025352,-0.00010442
0.54145,-0.0037219,0.00062667
0.56314,-0.0039056,0.0011328
0.58296,0.00076946,0.0017252
0.63531,-0.0027096,0.0025013
0.65326,-0.00045647,0.0024263
0.64578,-0.0015399,0.0037572
0.64802,-0.0094953,0.0032811
0.61437,0.0085412,0.0045708
0.58595,-0.01369,0.0048182
0.54332,0.013812,0.0045708
0.44946,-0.0090529,0.0066028
0.41431,-0.0048391,0.0039634
0.38589,0.0076226,0.0082562
0.35934,-0.032548,0.0038247
0.31222,0.045488,0.0087099
0.23557,-0.07093,0.0058755
0.19369,0.07933,0.0058193
0.13012,-0.11685,0.012279
0.09908,0.20609,-0.0057657
-0.052365,1.9013,0.2058
-0.034416,2.1681,0.60528
0.035511,1.8342,0.94178
-0.14211,1.9909,1.2769
-0.026189,1.8888,1.5951
-0.075549,1.9679,1.8888
-0.11818,1.9467,2.1727
0.13797,1.9808,2.4338
0.10843,2.0387,2.691
0.20603,2.0209,2.9297
0.29989,2.0523,3.1549
0.30437,2.0642,3.3675
0.43899,2.1081,3.5714
0.48985,2.1018,3.7654
0.55416,2.0952,3.9438
0.53023,2.0985,4.1097
0.52126,2.0839,4.2611
0.52163,2.0643,4.3973
0.48386,2.0343,4.5158
0.51415,2.0104,4.6191
0.57884,1.9906,4.7092
0.66784,1.9587,4.7867
0.6914,1.9279,4.8518
0.789,1.9057,4.9041
0.84583,1.8568,4.9441
0.87612,1.8039,4.9701
0.93334,1.7711,4.9842
0.85219,1.7187,4.9872
0.73253,1.6725,4.9783
0.52799,1.6322,4.9599
0.30961,1.575,4.9321
0.10581,1.5347,4.8952
-0.11593,1.4766,4.8506
-0.26027,1.4132,4.7973
-0.34441,1.3606,4.7343
-0.42107,1.2934,4.662
-0.534,1.2303,4.582
-0.59084,1.1646,4.4941
-0.62636,1.1115,4.3986
-0.66301,1.0528,4.2981
-0.68021,0.96979,4.1905
-0.74153,0.90401,4.0741
-0.79837,0.844,3.9524
-0.85259,0.76867,3.8256
-0.88961,0.71213,3.6945
-0.93523,0.65339,3.5613
-0.95767,0.55845,3.4203
-0.9214,0.49274,3.2718
-0.92252,0.43983,3.1228
-0.9128,0.34103,2.9689
-0.88326,0.26819,2.8071
-0.84624,0.18812,2.6422
-0.71124,0.078119,2.4684
-0.52353,-0.0096265,2.2867
-0.37769,-0.11343,2.0994
-0.1982,-0.18447,1.9089
-0.0018831,-0.30223,1.7136
0.15966,-0.38179,1.511
0.31634,-0.48243,1.3106
0.41468,-0.61082,1.1018
0.52425,-0.67204,0.89798
0.59455,-0.83997,0.68313
0.58782,-0.83395,0.47196
0.58707,-1.0938,0.25722
0.51415,-0.93455,0.029012
0.52013,-0.089323,-0.039804
0.54444,-0.059211,-0.012214
0.50293,-0.11763,-0.022974
0.52051,-0.027464,-0.01831
0.43525,-0.094227,-0.020162
0.38664,-0.029538,-0.02086
0.40384,-0.061134,-0.019169
0.30512,-0.040575,-0.022127
0.26623,-0.043446,-0.019923
0.22771,-0.050352,-0.022303
0.11778,-0.03536,-0.02119
0.034015,-0.042479,-0.022071
-0.068818,-0.027611,-0.022641
-0.18736,-0.035978,-0.022479
-0.24083,-0.029957,-0.023252
-0.26514,-0.036867,-0.023383
-0.33918,-0.031896,-0.024208
-0.36086,-0.026876,-0.024013
-0.35152,-0.033395,-0.024845
-0.35899,-0.026122,-0.025505
-0.29804,-0.032702,-0.026191
-0.2169,-0.031101,-0.027751
-0.12379,-0.027419,-0.028471
-0.00824,-0.025695,-0.029288
0.070661,-0.022036,-0.029453
0.11628,-0.02896,-0.030304
0.172,-0.022917,-0.030728
0.19892,-0.034044,-0.030709
0.22846,-0.023648,-0.032145
0.27745,-0.022291,-0.031504
0.27782,-0.029163,-0.03315
0.3212,-0.010305,-0.032014
0.32681,-0.041688,-0.033573
0.33616,-0.0025259,-0.033584
0.39973,-0.04095,-0.032621
0.38739,-0.0063724,-0.036123
0.41655,-0.018793,-0.03141
0.42141,-0.046003,-0.038593
0.41543,0.030192,-0.03003
0.3657,-0.11282,-0.039857
0.34177,0.17289,-0.029933
0.31409,-0.69011,-0.051655
0.26174,-2.1464,-0.35439
0.44834,-1.9493,-0.74846
0.36345,-1.8684,-1.0738
0.39075,-1.9752,-1.4107
0.61287,-1.8961,-1.716
0.49134,-1.9836,-2.0083
0.63456,-1.9462,-2.2829
0.60838,-2.0216,-2.542
0.39113,-2.0306,-2.795
0.4633,-2.0428,-3.0278
0.40384,-2.0647,-3.2499
0.37729,-2.0769,-3.4592
0.40234,-2.1144,-3.6613
0.46816,-2.1023,-3.8502
0.48386,-2.111,-4.0244
0.39524,-2.1062,-4.1867
0.4087,-2.0882,-4.3333
0.32456,-2.0607,-4.463
0.27521,-2.0354,-4.5761
0.25613,-2.0222,-4.6761
0.24305,-1.9965,-4.7637
0.23931,-1.9665,-4.8383
0.28343,-1.9351,-4.9
0.39075,-1.9029,-4.9495
0.42441,-1.8606,-4.986
0.52051,-1.8137,-5.0091
0.52649,-1.7725,-5.0207
0.48611,-1.723,-5.021
0.4087,-1.6717,-5.0096
0.25688,-1.6268,-4.988
0.10693,-1.582,-4.9578
-0.039277,-1.5316,-4.9187
-0.089385,-1.4764,-4.8713
-0.16043,-1.4175,-4.8151
-0.16417,-1.3573,-4.7492
-0.16081,-1.2964,-4.6746
-0.1997,-1.2317,-4.5913
-0.181,-1.1679,-4.5009
-0.22774,-1.1067,-4.4043
-0.28944,-1.0479,-4.3017
-0.37283,-0.98154,-4.193
-0.44612,-0.91172,-4.0765
-0.52353,-0.83824,-3.9538
-0.61552,-0.77006,-3.8249
-0.63758,-0.71974,-3.6929
-0.64543,-0.64389,-3.5581
-0.59046,-0.5524,-3.4138
-0.5755,-0.49368,-3.2642
-0.59458,-0.42595,-3.1146
-0.55157,-0.32918,-2.9578
-0.54746,-0.25774,-2.7946
-0.54035,-0.16483,-2.6266
-0.55419,-0.061753,-2.4485
-0.51119,0.037472,-2.264
-0.37993,0.11962,-2.0727
-0.30664,0.19544,-1.8803
-0.21316,0.32941,-1.6805
-0.10733,0.38338,-1.4785
-0.011979,0.52392,-1.2754
0.082627,0.61698,-1.0652
0.13872,0.72082,-0.86057
0.17873,0.83846,-0.64052
0.18583,0.86005,-0.43366
0.16415,1.1443,-0.2031
0.16602,0.61184,-0.011416
0.22472,-0.052185,-4.8182e-05
0.26623,0.11459,-0.015877
0.31671,0.044284,-0.0053008
0.41244,0.031748,-0.012252
0.41468,0.052247,-0.0067142
0.41805,0.0095946,-0.0095186
0.44348,0.042676,-0.007779
0.41132,-0.0020723,-0.0072653
0.41394,0.020051,-0.0079589
0.35373,0.0072927,-0.0059119
0.28081,0.010532,-0.0069541
0.21986,0.017018,-0.0056419
0.10245,0.0087811,-0.0056194
0.066174,0.013062,-0.0049971
0.035885,0.0039936,-0.0047196
-0.019832,0.0038811,-0.0041198
-0.041147,-0.00049771,-0.0038273
-0.04339,0.0039261,-0.0038461
-0.04713,0.0037199,-0.0027813
-0.05947,0.0065654,-0.0016978
-0.03105,0.0029251,-0.00067054
-0.002257,0.00070198,0.00036423
0.044859,0.0046422,0.0016015
0.099454,-0.0055026,0.0017402
0.077766,0.0035775,0.0025462
0.079635,-0.0035869,0.0031274
0.11516,-0.00040023,0.0031836
0.10132,-0.00043772,0.0046233
0.10132,-0.0039843,0.0038247
0.085992,0.0070228,0.0054931
0.069913,-0.015033,0.0047882
0.087488,0.014622,0.0060367
0.087488,-0.022598,0.0063666
0.11778,0.0086536,0.0050544
0.13685,-0.013679,0.0090098
0.18658,-0.016086,0.0038847
0.23594,0.023316,0.011199
0.25202,-0.064223,0.0035473
0.25688,0.10146,0.011214
0.26473,-0.18822,0.0052456
0.29502,0.57442,0.015552
0.26324,2.161,0.29917
0.42328,2.0337,0.69623
0.43338,1.8709,1.0253
0.36719,1.9846,1.365
0.54594,1.8857,1.6755
0.40085,1.9763,1.9706
0.41917,1.9405,2.2503
0.54594,2.0099,2.5126
0.42216,2.0249,2.768
0.51116,2.037,3.0064
0.5422,2.0602,3.2337
0.54781,2.0612,3.4447
0.6297,2.1051,3.6491
0.70636,2.1037,3.8424
0.74786,2.1097,4.0223
0.66821,2.1014,4.1888
0.62708,2.0978,4.3412
0.53696,2.0791,4.4803
0.45694,2.0419,4.6007
0.39674,2.0185,4.7054
0.32793,1.9852,4.7964
0.27857,1.9701,4.8747
0.28493,1.9473,4.9423
0.3485,1.8972,4.9966
0.32681,1.8648,5.0378
0.3915,1.8206,5.0661
0.41543,1.7695,5.0815
0.34438,1.7288,5.086
0.26249,1.6813,5.0788
0.087488,1.6322,5.0606
-0.070314,1.5736,5.0331
-0.2341,1.5313,4.9968
-0.31038,1.4942,4.9528
-0.33506,1.4358,4.9005
-0.40312,1.3728,4.8388
-0.40574,1.3047,4.7682
-0.41546,1.2494,4.6893
-0.42182,1.1895,4.6021
-0.43603,1.1254,4.5071
-0.47865,1.073,4.4068
-0.47791,0.97679,4.3003
-0.47155,0.90121,4.1841
-0.51044,0.8605,4.0624
-0.54783,0.77704,3.9367
-0.50969,0.72488,3.8042
-0.44201,0.67885,3.6705
-0.38928,0.58567,3.5317
-0.34179,0.5104,3.383
-0.33282,0.45546,3.2325
-0.36647,0.37673,3.0792
-0.4091,0.28553,2.9177
-0.42593,0.21648,2.753
-0.41284,0.11099,2.5816
-0.38667,0.012553,2.3998
-0.3317,-0.078728,2.2132
-0.25579,-0.16942,2.021
-0.16417,-0.25556,1.8265
-0.060965,-0.36174,1.6236
0.049346,-0.43004,1.4209
0.12862,-0.58463,1.2143
0.17088,-0.6442,1.004
0.18247,-0.77396,0.79635
0.093097,-0.85235,0.57598
0.085618,-0.92964,0.37016
0.094967,-1.1614,0.13299
0.047103,-0.47805,-0.032621
0.13647,0.031957,-0.024538
0.1432,-0.14842,-0.017156
0.1462,-0.04522,-0.02435
0.20004,-0.068692,-0.018123
0.15442,-0.056759,-0.023683
0.18808,-0.040462,-0.019893
0.19331,-0.065532,-0.022892
0.1806,-0.031045,-0.022063
0.19481,-0.055001,-0.022131
0.15667,-0.035236,-0.023379
0.16714,-0.044376,-0.022536
0.16041,-0.038666,-0.023972
0.13984,-0.031285,-0.023574
0.15368,-0.035011,-0.024489
0.1619,-0.028147,-0.024733
0.14395,-0.035225,-0.025288
0.12226,-0.032267,-0.025411
0.10245,-0.028312,-0.025745
0.059817,-0.031641,-0.026817
0.064304,-0.03422,-0.027661
0.093471,-0.033204,-0.029108
0.14545,-0.032953,-0.030045
0.19294,-0.023625,-0.03078
0.18696,-0.024214,-0.030769
0.20004,-0.028754,-0.031819
0.19967,-0.017398,-0.032115
0.16714,-0.030171,-0.032516
0.1462,-0.018793,-0.033236
0.13311,-0.022621,-0.032895
0.087862,-0.022137,-0.034732
0.057199,-0.014826,-0.033247
0.048972,-0.032874,-0.035841
0.020553,-0.012442,-0.034008
0.015318,-0.052916,-0.035519
0.057199,0.012849,-0.036438
0.090854,-0.043709,-0.033599
0.087488,-0.0047378,-0.040097
0.081131,-0.013451,-0.030383
0.014196,-0.079658,-0.045233
0.037754,0.14799,-0.022764
0.016814,-1.1135,-0.097362
0.044485,-2.2251,-0.45553
0.23819,-1.8559,-0.8328
0.16078,-1.9296,-1.1602
0.37318,-1.9455,-1.496
0.58857,-1.9208,-1.7961
0.5134,-1.9834,-2.0894
0.77666,-1.951,-2.3596
0.70374,-2.0326,-2.6199
0.57922,-2.0327,-2.8701
0.72917,-2.0637,-3.1047
0.65737,-2.0622,-3.3274
0.66747,-2.089,-3.5354
0.74225,-2.1201,-3.7377
0.79909,-2.1099,-3.9264
0.77329,-2.1181,-4.1019
0.72767,-2.1125,-4.2646
0.65625,-2.1034,-4.4137
0.52724,-2.0721,-4.5463
0.50443,-2.0433,-4.6609
0.42366,-2.0255,-4.7621
0.38552,-2.0018,-4.8502
0.37542,-1.9746,-4.926
0.40197,-1.9448,-4.9896
0.44722,-1.9082,-5.0406
0.46853,-1.8688,-5.0784
0.51602,-1.8247,-5.1026
0.4633,-1.7788,-5.1154
0.37953,-1.7355,-5.117
0.21388,-1.6839,-5.1069
0.011953,-1.6372,-5.0866
-0.19558,-1.591,-5.0572
-0.34703,-1.5363,-5.0188
-0.40985,-1.4863,-4.972
-0.50857,-1.4297,-4.9166
-0.48539,-1.3688,-4.852
-0.44687,-1.3092,-4.7789
-0.46631,-1.244,-4.6972
-0.4465,-1.1842,-4.608
-0.45061,-1.1224,-4.5118
-0.45397,-1.0624,-4.4093
-0.46744,-0.99925,-4.3015
-0.49286,-0.92261,-4.1858
-0.51493,-0.84897,-4.063
-0.51941,-0.77898,-3.9339
-0.49773,-0.72569,-3.8006
-0.44911,-0.66313,-3.6657
-0.39863,-0.57378,-3.5229
-0.37806,-0.50572,-3.3728
-0.35152,-0.45152,-3.2221
-0.34217,-0.36021,-3.0668
-0.38779,-0.27792,-2.9034
-0.40835,-0.19963,-2.7365
-0.3115,-0.084873,-2.5608
-0.24307,0.00037956,-2.3766
-0.19446,0.10123,-2.1866
-0.060217,0.17769,-1.9923
0.02691,0.28324,-1.7948
0.10768,0.37244,-1.5897
0.18546,0.4588,-1.3875
0.20977,0.60224,-1.1762
0.25913,0.65027,-0.96868
0.23145,0.82492,-0.75395
0.12787,0.83013,-0.53553
0.094967,1.0349,-0.3237
0.031771,1.0217,-0.086092
0.0011084,0.15507,0.012482
0.069539,-0.00022403,-0.015742
0.075522,0.1181,-0.007629
0.1275,0.00045829,-0.0090874
0.1634,0.068986,-0.0099235
0.16452,0.0089236,-0.0069841
0.20528,0.035399,-0.0097098
0.16302,0.022862,-0.0060768
0.1705,0.011717,-0.0082401
0.1791,0.029284,-0.0062868
0.12077,0.0039711,-0.0066467
0.070661,0.01265,-0.0062193
0.038128,0.0023478,-0.005387
0.058695,0.0093359,-0.0053945
0.068791,0.0038474,-0.0045209
0.083749,0.0065692,-0.0045134
0.085618,0.0082525,-0.0035911
0.078888,0.0036599,-0.0035649
0.07814,0.006408,-0.0027513
0.081131,0.0042148,-0.0016116
0.10058,0.0055607,-0.00070804
0.13797,0.0040648,0.00058168
0.21724,0.0063142,0.0017139
0.2494,-0.0011088,0.0019239
0.26399,0.00036082,0.00252
0.25688,-0.0024247,0.0037422
0.24529,0.0013618,0.0032811
0.23145,0.0057219,0.004537
0.19369,-0.0083594,0.0043421
0.19144,0.0089685,0.0053469
0.14582,-0.014107,0.0055793
0.11067,0.010907,0.0053506
0.081505,-0.010474,0.0074726
0.076644,-0.0044417,0.004837
0.11329,0.012665,0.0093922
0.13573,-0.031082,0.0048782
0.1705,0.045709,0.0094072
0.16602,-0.070552,0.007169
0.13236,0.081759,0.0066666
0.091228,-0.11341,0.013678
0.097211,0.19396,-0.0050271
0.059069,1.8931,0.20424
0.14919,2.1689,0.60609
0.26847,1.8313,0.94568
0.20042,1.9918,1.2828
0.347,1.8878,1.6039
0.32382,1.9623,1.9001
0.27034,1.9406,2.1871
0.48087,1.9724,2.4511
0.41132,2.0287,2.7103
0.45507,2.0202,2.9531
0.57249,2.0497,3.1844
0.52313,2.0466,3.4001
0.60427,2.0859,3.6059
0.69289,2.0927,3.8038
0.73066,2.0913,3.9878
0.71271,2.0841,4.159
0.69215,2.0825,4.3152
0.60951,2.0738,4.4588
0.522,2.0377,4.5855
0.49284,2.0065,4.6949
0.42104,1.9825,4.7908
0.40085,1.9582,4.8735
0.41132,1.9281,4.9441
0.45843,1.9023,5.0028
0.51714,1.8608,5.0482
0.54182,1.8094,5.0804
0.55229,1.7652,5.1001
0.49097,1.7212,5.1076
0.36458,1.6784,5.1045
0.20827,1.6293,5.0908
0.0029781,1.5791,5.0662
-0.19596,1.5338,5.0329
-0.31936,1.4832,4.9917
-0.40761,1.4239,4.9418
-0.46856,1.3677,4.8826
-0.46519,1.3139,4.8147
-0.45024,1.2486,4.7385
-0.46407,1.1837,4.6533
-0.48352,1.1215,4.5603
-0.50969,1.0638,4.4619
-0.54783,0.99549,4.3576
-0.57363,0.91911,4.2443
-0.58149,0.8636,4.124
-0.59308,0.79446,3.9996
-0.57064,0.73013,3.8686
-0.54596,0.68102,3.7353
-0.49623,0.59583,3.5989
-0.42443,0.50396,3.4525
-0.40648,0.44683,3.3018
-0.40125,0.38807,3.1502
-0.43079,0.2978,2.9914
-0.43079,0.2286,2.8268
-0.40499,0.1342,2.6579
-0.38554,0.029442,2.4781
-0.27561,-0.046089,2.2931
-0.18773,-0.14651,2.1026
-0.075549,-0.224,1.9082
0.054208,-0.34168,1.7081
0.11553,-0.40994,1.5032
0.1978,-0.52774,1.2995
0.22136,-0.6387,1.0868
0.25464,-0.71206,0.8809
0.20715,-0.8684,0.66181
0.11815,-0.86262,0.44989
0.13236,-1.1365,0.22725
0.054956,-0.83696,0.008245
0.098706,-0.031599,-0.037559
0.13797,-0.087246,-0.012458
0.12563,-0.11103,-0.024639
0.24566,-0.039735,-0.018378
0.21537,-0.084101,-0.021737
0.18097,-0.029541,-0.021145
0.19668,-0.066626,-0.020852
0.17013,-0.03347,-0.022809
0.14358,-0.044462,-0.020826
0.10731,-0.044672,-0.023259
0.088984,-0.029204,-0.022123
0.052712,-0.045924,-0.023139
0.04972,-0.033763,-0.023218
0.042989,-0.033868,-0.023409
0.059443,-0.034141,-0.024212
0.060191,-0.032567,-0.024407
0.0044739,-0.029729,-0.024838
0.026162,-0.030861,-0.024973
-0.0037528,-0.032743,-0.025996
-0.0078661,-0.03524,-0.027016
0.072157,-0.031555,-0.027994
0.10693,-0.028113,-0.029059
0.19256,-0.032795,-0.030229
0.24566,-0.026988,-0.030203
0.23632,-0.027123,-0.030904
0.25352,-0.021612,-0.031474
0.26062,-0.024248,-0.031691
0.23781,-0.017668,-0.032962
0.1892,-0.018902,-0.032107
0.14956,-0.024915,-0.034128
0.12114,-0.011692,-0.032985
0.081879,-0.04038,-0.034432
0.083375,-0.0022935,-0.034634
0.084497,-0.038276,-0.033783
0.11329,-0.0046366,-0.037127
0.16527,-0.022703,-0.032257
0.14208,-0.038831,-0.039579
0.16452,0.034076,-0.031039
0.12226,-0.11392,-0.04112
0.11853,0.1723,-0.030638
0.094593,-0.70698,-0.053935
0.035137,-2.1497,-0.36005
0.20752,-1.9429,-0.75576
0.14807,-1.8718,-1.0839
0.25688,-1.972,-1.4238
0.53659,-1.8939,-1.7316
0.4603,-1.9789,-2.0265
0.64802,-1.9376,-2.3038
0.67981,-2.011,-2.5653
0.4805,-2.0236,-2.8206
0.60988,-2.043,-3.0587
0.59492,-2.0545,-3.2859
0.56688,-2.0604,-3.4967
0.67158,-2.1028,-3.701
0.72954,-2.0966,-3.8945
0.72954,-2.1044,-4.0738
0.67831,-2.1003,-4.2408
0.65326,-2.0904,-4.3942
0.53322,-2.0644,-4.5319
0.46891,-2.0321,-4.6513
0.42291,-2.0121,-4.7567
0.36345,-1.9883,-4.8491
0.3399,-1.964,-4.9286
0.34401,-1.9341,-4.9961
0.43226,-1.902,-5.0509
0.45395,-1.8632,-5.0932
0.49059,-1.8142,-5.1225
0.48798,-1.7726,-5.1388
0.3986,-1.7277,-5.1435
0.28792,-1.6746,-5.137
0.10207,-1.6268,-5.1198
-0.10098,-1.58,-5.0933
-0.22812,-1.5292,-5.0582
-0.31637,-1.481,-5.0143
-0.40835,-1.4289,-4.9619
-0.4091,-1.3656,-4.9004
-0.40948,-1.3047,-4.8294
-0.41434,-1.2443,-4.7499
-0.38517,-1.1828,-4.6627
-0.41957,-1.1175,-4.5681
-0.43677,-1.0609,-4.4667
-0.43528,-1.0062,-4.3611
-0.46519,-0.92611,-4.2482
-0.51867,-0.85548,-4.1263
-0.50371,-0.78755,-3.9989
-0.46893,-0.72586,-3.8665
-0.47379,-0.6734,-3.7324
-0.40349,-0.58825,-3.5927
-0.38966,-0.51251,-3.4435
-0.37358,-0.45844,-3.2927
-0.33693,-0.37662,-3.1395
-0.39227,-0.28589,-2.9776
-0.39377,-0.21735,-2.8115
-0.37956,-0.11146,-2.6389
-0.3216,-0.014976,-2.4554
-0.23186,0.073946,-2.2672
-0.16529,0.15869,-2.0736
-0.032546,0.2436,-1.8775
0.035885,0.3609,-1.6734
0.11329,0.42384,-1.4696
0.18621,0.57053,-1.2619
0.19406,0.63322,-1.0503
0.22809,0.77053,-0.84168
0.13049,0.85818,-0.61804
0.092349,0.91058,-0.41039
0.077766,1.1592,-0.17225
0.0048478,0.49174,0.00054044
0.091975,-0.059117,-0.0046971
0.12376,0.12723,-0.013658
0.18658,0.024579,-0.005402
0.25688,0.044719,-0.011689
0.21164,0.040235,-0.0058219
0.2408,0.010566,-0.0094361
0.25389,0.039643,-0.0066392
0.24492,0.008976,-0.0072428
0.22622,0.030304,-0.0072128
0.17948,0.0049646,-0.0058069
0.13722,0.015166,-0.0065492
0.10693,0.014869,-0.0048846
0.11778,0.0018379,-0.005297
0.1017,0.0073115,-0.0044497
0.10544,0.0064904,-0.0040073
0.1103,0.0089535,-0.0036099
0.066548,0.0063142,-0.0034037
0.054956,0.0090773,-0.0028113
0.020553,0.008155,-0.0015066
0.041494,0.0085562,-0.00059181
0.092349,0.0039486,0.00041297
0.11516,0.0021116,0.0016577
0.19182,0.0012193,0.0023513
0.21126,0.0032401,0.0026962
0.21463,0.0011331,0.0037835
0.22697,-0.00073015,0.0035435
0.19107,0.0075589,0.0046083
0.15891,-0.005885,0.0044396
0.12451,0.0087886,0.0054106
0.096463,-0.0097015,0.0062279
0.056451,0.0048559,0.0051594
0.035137,-0.0024472,0.0079038
0.075148,-0.0088655,0.004867
0.082627,0.017614,0.0092085
0.11142,-0.041321,0.0061417
0.14694,0.044097,0.0083574
0.15255,-0.06353,0.0090848
0.17275,0.054212,0.004612
0.12114,-0.055627,0.016752
0.13535,0.033824,-0.0091587
0.12825,1.6841,0.15711
0.19967,2.2337,0.55299
0.34551,1.8244,0.90233
0.25763,1.9703,1.2373
0.40197,1.8902,1.5642
0.4274,1.9417,1.8623
0.27521,1.9444,2.1538
0.46741,1.9499,2.4205
0.44273,2.0148,2.6815
0.4345,2.0088,2.9269
0.58744,2.0411,3.1613
0.55566,2.0331,3.3805
0.59642,2.0687,3.5874
0.7101,2.0772,3.7882
0.75759,2.0873,3.9753
0.69738,2.087,4.1505
0.66934,2.0724,4.3104
0.60614,2.0694,4.4578
0.46928,2.0303,4.5892
0.4102,1.9989,4.7024
0.32681,1.9761,4.802
0.2696,1.9479,4.8875
0.28418,1.9243,4.9615
0.32382,1.8927,5.0239
0.39412,1.8508,5.0728
0.44535,1.8129,5.1093
0.45582,1.7677,5.1327
0.42104,1.7187,5.1437
0.31409,1.6799,5.144
0.18696,1.6296,5.133
0.031397,1.576,5.1113
-0.15258,1.5338,5.0809
-0.29393,1.4837,5.0423
-0.37059,1.4305,4.9954
-0.42817,1.3741,4.9393
-0.47267,1.311,4.8744
-0.42069,1.252,4.8004
-0.38928,1.1889,4.717
-0.42443,1.1262,4.6262
-0.43827,1.0598,4.5295
-0.46706,0.99895,4.4272
-0.47641,0.93556,4.3166
-0.4809,0.86793,4.1982
-0.48352,0.80847,4.0754
-0.46407,0.73445,3.9463
-0.45547,0.68104,3.8129
-0.3575,0.619,3.678
-0.29767,0.52703,3.5346
-0.33357,0.46183,3.3839
-0.33244,0.40468,3.2321
-0.37059,0.31715,3.0755
-0.40835,0.23581,2.9121
-0.43191,0.16255,2.7446
-0.41359,0.052352,2.5679
-0.35226,-0.02887,2.3834
-0.29542,-0.12269,2.194
-0.16118,-0.20413,1.9987
-0.074053,-0.30356,1.8011
0.0089611,-0.40217,1.5955
0.10656,-0.47486,1.392
0.1088,-0.62485,1.1809
0.15181,-0.66989,0.97127
0.11965,-0.83309,0.75887
0.036259,-0.8631,0.53712
0.040372,-1.0085,0.32705
-0.0097358,-1.115,0.08628
0.0011084,-0.29208,-0.040719
0.078514,0.011424,-0.017174
0.11292,-0.15123,-0.019844
0.16826,-0.026681,-0.021835
0.19219,-0.083445,-0.018389
0.19518,-0.041204,-0.022652
0.18247,-0.045767,-0.01909
0.16676,-0.054536,-0.022757
0.17761,-0.035832,-0.020815
0.18845,-0.054866,-0.022187
0.20902,-0.033298,-0.022434
0.17275,-0.04098,-0.02221
0.1634,-0.031446,-0.023409
0.16788,-0.037729,-0.022974
0.12114,-0.03401,-0.023852
0.14059,-0.030936,-0.024238
0.11292,-0.033571,-0.024744
0.079635,-0.027026,-0.02465
0.062434,-0.032593,-0.02537
0.029902,-0.032199,-0.026619
0.06393,-0.029616,-0.027571
0.088236,-0.033388,-0.028741
0.16115,-0.029463,-0.030075
0.21799,-0.019914,-0.030079
0.21724,-0.02998,-0.03075
0.19855,-0.02568,-0.031717
0.17088,-0.028702,-0.03147
0.14096,-0.023524,-0.03285
0.10132,-0.019202,-0.032107
0.10245,-0.03512,-0.033746
0.068043,-0.010549,-0.033198
0.046355,-0.03512,-0.033974
0.056451,-0.00042273,-0.03505
0.043363,-0.032473,-0.032951
0.066922,-0.017226,-0.037401
0.10955,-0.0022785,-0.032257
0.10656,-0.061247,-0.038908
0.12675,0.043733,-0.032478
0.10544,-0.11612,-0.037862
0.075522,0.14347,-0.035894
0.0744,-0.47431,-0.035984
0.048225,-2.0449,-0.30234
0.22472,-2.012,-0.70589
0.21463,-1.8372,-1.0386
0.24155,-1.9822,-1.379
0.53098,-1.8826,-1.6927
0.46292,-1.9658,-1.988
0.59604,-1.9331,-2.2697
0.70523,-1.9919,-2.5327
0.48274,-2.0169,-2.7905
0.58707,-2.0318,-3.0312
0.61698,-2.0514,-3.2618
0.57473,-2.0434,-3.4755
0.67532,-2.0872,-3.6811
0.7516,-2.0901,-3.8778
0.74973,-2.0954,-4.0605
0.67121,-2.0891,-4.231
0.64765,-2.084,-4.3877
0.52649,-2.0618,-4.5304
0.44123,-2.0268,-4.6546
0.38626,-2.0063,-4.7637
0.31559,-1.9796,-4.8598
0.31821,-1.9573,-4.9424
0.32793,-1.9303,-5.0132
0.39225,-1.894,-5.0716
0.44161,-1.8579,-5.1172
0.47526,-1.8168,-5.15
0.4274,-1.7697,-5.1699
0.34102,-1.7228,-5.1779
0.23557,-1.6736,-5.1748
0.068417,-1.6259,-5.1607
-0.097237,-1.5769,-5.1365
-0.24756,-1.5266,-5.1034
-0.32347,-1.485,-5.0621
-0.38517,-1.4289,-5.0124
-0.40125,-1.3714,-4.9535
-0.39414,-1.3189,-4.8855
-0.4005,-1.2478,-4.8088
-0.37806,-1.1847,-4.7239
-0.38928,-1.1194,-4.6311
-0.40574,-1.058,-4.531
-0.42518,-1.0097,-4.4271
-0.43191,-0.93457,-4.3164
-0.44051,-0.862,-4.1966
-0.43528,-0.79405,-4.0711
-0.43976,-0.72593,-3.9398
-0.41658,-0.68252,-3.8058
-0.31749,-0.60393,-3.6679
-0.33805,-0.51546,-3.5207
-0.35002,-0.46541,-3.37
-0.33095,-0.39548,-3.2179
-0.36161,-0.30623,-3.0584
-0.36909,-0.23687,-2.8931
-0.38068,-0.13826,-2.723
-0.31674,-0.032263,-2.5416
-0.24158,0.048641,-2.3543
-0.15333,0.14757,-2.1618
-0.03292,0.21851,-1.9652
0.026162,0.33312,-1.7636
0.10768,0.40349,-1.5573
0.14657,0.51516,-1.3524
0.15143,0.62561,-1.1386
0.17836,0.69182,-0.93099
0.093097,0.85783,-0.71034
0.034389,0.83767,-0.49632
0.028406,1.1197,-0.27449
-0.025441,0.88182,-0.046902
0.01644,0.027507,0.0099771
0.10581,0.051966,-0.016871
0.14956,0.092958,-0.0048659
0.18247,0.009201,-0.010433
0.19668,0.069459,-0.0073928
0.19668,0.0041548,-0.0073328
0.20042,0.029626,-0.0083113
0.19144,0.011559,-0.0056494
0.20117,0.024602,-0.0076815
0.22547,0.016257,-0.0052483
0.172,0.005467,-0.0059756
0.13834,0.020587,-0.0048771
0.16377,0.0042523,-0.0044947
0.11927,0.013805,-0.0044347
0.11853,0.0061868,-0.0037711
0.13834,-0.00063267,-0.0034074
0.079261,0.0026102,-0.0028451
0.072157,0.0024003,-0.0028376
0.04972,0.006228,-0.0019528
0.038876,0.0076601,-0.0012404
0.097958,0.0036862,-0.00013441
0.1619,0.0035887,0.00096034
0.21463,0.0033075,0.0017252
0.25426,-0.00093634,0.0024825
0.2853,-0.00053895,0.0028349
0.24454,-0.0040218,0.0040796
0.21949,-0.0047228,0.0038772
0.18396,0.0071953,0.0048107
0.12713,-0.0089217,0.0055006
0.10544,0.0081625,0.0050807
0.052338,-0.0022972,0.006884
0.037754,-0.0093716,0.0052419
0.020179,0.0084999,0.0079525
0.035511,-0.019505,0.0061454
0.077392,0.024396,0.0081287
0.1002,-0.038936,0.0081887
0.14507,0.028823,0.0062617
0.10805,-0.028889,0.011975
0.094593,-0.0041905,0.002565
0.065052,0.042833,0.017637
0.082253,-0.15693,-0.006343
0.10581,1.2219,0.081058
0.12002,2.2812,0.44428
0.29727,1.8481,0.81315
0.24305,1.911,1.1387
0.304,1.9069,1.4723
0.40459,1.8828,1.7713
0.25239,1.9313,2.0636
0.41992,1.9057,2.332
0.44535,1.9835,2.5924
0.39,1.9635,2.8407
0.55379,1.9908,3.0706
0.54182,2.0027,3.2903
0.58221,2.0247,3.4987
0.69102,2.0392,3.6997
0.7359,2.0266,3.8856
0.69738,2.032,4.0579
0.64353,2.0155,4.2168
0.57062,1.9909,4.3608
0.42889,1.9535,4.4869
0.37766,1.9252,4.5959
0.2954,1.9032,4.6923
0.23669,1.8744,4.7758
0.25352,1.8519,4.847
0.27147,1.8204,4.9062
0.32494,1.7785,4.9522
0.3642,1.7315,4.9848
0.37056,1.6808,5.0047
0.3399,1.6393,5.0135
0.27408,1.5934,5.011
0.14545,1.5362,4.9972
-0.027311,1.4821,4.9737
-0.17651,1.4409,4.9418
-0.29019,1.4027,4.9015
-0.34703,1.3497,4.8524
-0.37021,1.2914,4.7947
-0.37507,1.2325,4.7277
-0.3575,1.1685,4.6513
-0.36685,1.1108,4.5669
-0.37919,1.0488,4.4762
-0.40237,0.98415,4.3789
-0.42369,0.91774,4.2739
-0.42107,0.85071,4.1607
-0.43154,0.78985,4.0418
-0.44425,0.71974,3.917
-0.42518,0.6661,3.7868
-0.38031,0.60207,3.6555
-0.35039,0.51986,3.5175
-0.30627,0.4514,3.3706
-0.27972,0.38781,3.2215
-0.29281,0.31532,3.0696
-0.29729,0.2353,2.91
-0.33805,0.16955,2.7461
-0.37171,0.064135,2.5753
-0.3216,-0.02872,2.3952
-0.25915,-0.11544,2.2096
-0.20007,-0.19656,2.0171
-0.10659,-0.28456,1.823
-0.027311,-0.39324,1.6205
0.027284,-0.45566,1.4181
0.071783,-0.60597,1.2103
0.11366,-0.65679,1.0006
0.12301,-0.79881,0.79256
0.087488,-0.87068,0.57086
0.082253,-0.94509,0.36469
0.019057,-1.1525,0.12707
0.0018563,-0.43719,-0.030833
0.096089,0.034252,-0.018213
0.081131,-0.15126,-0.01305
0.11703,-0.038993,-0.019416
0.18546,-0.073037,-0.013676
0.14732,-0.057981,-0.019139
0.172,-0.037905,-0.015296
0.18135,-0.058847,-0.018513
0.1806,-0.029313,-0.017336
0.20677,-0.053404,-0.017827
0.16788,-0.030137,-0.018802
0.15517,-0.041017,-0.018145
0.15554,-0.037519,-0.019844
0.10843,-0.026381,-0.019139
0.10432,-0.033332,-0.019829
0.12413,-0.029193,-0.020249
0.095341,-0.029129,-0.0208
0.095715,-0.030299,-0.020841
0.091228,-0.02923,-0.02131
0.035885,-0.026265,-0.022277
0.040746,-0.028409,-0.022611
0.1017,-0.027989,-0.024182
0.13161,-0.025331,-0.025254
0.16265,-0.023895,-0.025696
0.21089,-0.02144,-0.026195
0.18696,-0.029399,-0.026731
0.16115,-0.02111,-0.027672
0.15741,-0.017961,-0.027282
0.11217,-0.025627,-0.028842
0.10992,-0.015726,-0.028501
0.07627,-0.036882,-0.029187
0.037754,-0.0076208,-0.029997
0.044111,-0.02499,-0.028801
0.025788,-0.015557,-0.031612
0.066922,-0.0080595,-0.028692
0.084497,-0.034595,-0.032801
0.10843,0.019642,-0.029614
0.11217,-0.06203,-0.032291
0.097958,0.044247,-0.032171
0.09048,-0.084738,-0.028789
0.048599,0.051036,-0.039542
0.099454,-0.097597,-0.015622
0.019057,-1.7124,-0.19417
0.12488,-2.1443,-0.59282
0.22061,-1.7858,-0.9377
0.13423,-1.9575,-1.2698
0.4517,-1.8666,-1.5924
0.50293,-1.9228,-1.886
0.49882,-1.9186,-2.1719
0.71271,-1.9347,-2.4346
0.54332,-1.9919,-2.6933
0.53135,-1.9679,-2.9344
0.61437,-2.0017,-3.1615
0.55603,-2.0058,-3.3776
0.62484,-2.0385,-3.584
0.68467,-2.0357,-3.7803
0.69402,-2.0295,-3.9609
0.61474,-2.0318,-4.1299
0.56314,-2.0096,-4.284
0.46928,-1.9833,-4.4216
0.36308,-1.9556,-4.5424
0.31484,-1.9324,-4.6488
0.25651,-1.907,-4.7421
0.26287,-1.8793,-4.8225
0.24155,-1.8452,-4.8902
0.28306,-1.8139,-4.9448
0.32718,-1.776,-4.9873
0.36345,-1.7262,-5.0165
0.3728,-1.6813,-5.0333
0.30961,-1.6362,-5.0389
0.22884,-1.5888,-5.0334
0.085992,-1.5398,-5.0173
-0.060217,-1.4947,-4.9917
-0.23896,-1.4541,-4.9578
-0.33132,-1.3991,-4.915
-0.36984,-1.3376,-4.863
-0.40536,-1.2813,-4.802
-0.38293,-1.2219,-4.7321
-0.40162,-1.1606,-4.6536
-0.36722,-1.0981,-4.5668
-0.34217,-1.0383,-4.4726
-0.38106,-0.98817,-4.3738
-0.36909,-0.91845,-4.2691
-0.35264,-0.84521,-4.1553
-0.37956,-0.78575,-4.035
-0.36834,-0.7139,-3.9086
-0.34254,-0.65784,-3.7776
-0.37844,-0.59379,-3.6438
-0.32871,-0.51099,-3.5018
-0.27635,-0.45153,-3.3539
-0.29393,-0.39063,-3.205
-0.28271,-0.30145,-3.0505
-0.30403,-0.22926,-2.889
-0.3317,-0.14681,-2.7234
-0.34703,-0.038314,-2.5474
-0.2872,0.039017,-2.3639
-0.19783,0.13799,-2.1748
-0.12528,0.20578,-1.981
-0.025815,0.31653,-1.7835
0.029902,0.39892,-1.5786
0.099828,0.48308,-1.3762
0.12825,0.6278,-1.1651
0.16639,0.67645,-0.95786
0.20304,0.83806,-0.74149
0.12825,0.83311,-0.52504
0.09048,1.0594,-0.31068
0.034015,0.99166,-0.074285
0.034763,0.12173,0.013408
0.06393,0.012568,-0.014966
0.047103,0.11509,-0.0060019
0.13086,0.0049234,-0.0085625
0.13909,0.065867,-0.0080452
0.1619,0.0062843,-0.0061443
0.22809,0.037611,-0.0082214
0.20004,0.020797,-0.0048134
0.23258,0.01424,-0.0070929
0.22211,0.024152,-0.0046747
0.19967,0.0051258,-0.0053757
0.19892,0.02272,-0.0048171
0.13012,0.0089273,-0.0039961
0.11217,0.015057,-0.004071
0.1088,0.009261,-0.0031637
0.10095,0.0065729,-0.0032162
0.083749,0.0058231,-0.0025601
0.059817,-0.006871,-0.0025189
0.043737,1.9656e-05,-0.0017915
0.033641,0.0010169,-0.0011992
0.054208,0.0025015,-0.0010267
0.060191,0.0042598,-0.0002094
0.11591,-0.0047528,-4.4433e-05
0.16938,-0.0019936,-0.00032187
0.16377,-0.0015174,-0.00010442
0.1791,-0.0017124,-9.3172e-05
0.16452,-0.0018286,-9.6921e-05
0.14358,-0.003122,0.00014303
0.15592,-0.00082387,0.00010178
0.12713,-0.0077933,1.1805e-05
0.078888,-0.0053039,2.3052e-05
0.059817,-0.0043892,-5.568e-05
0.033641,-0.010781,2.6801e-05
0.023919,-0.0071372,0.00012428
0.055329,-0.0051615,-4.0684e-05
0.086366,-0.0048691,2.6801e-05
