0.080009,-0.0084831,0.00031549
0.097211,-0.0070135,0.00015802
0.084123,-0.0070885,0.00020676
0.079635,-0.0029721,0.00077289
0.083749,-0.0020423,0.0013653
0.060191,-0.0096865,0.0013915
0.071035,-0.0018474,0.0017777
0.078514,-0.019213,0.0018751
0.072531,-0.021203,0.0023025
0.081879,-0.0070622,0.0027637
0.062808,-0.0053077,0.00249
0.065052,-0.0026346,0.0031948
0.085618,-0.0070097,0.0024863
0.080757,0.00093816,0.0034498
0.08861,-0.01883,0.0028424
0.085618,0.0053845,0.0030711
0.083001,-0.028248,0.0035473
0.060191,0.0042485,0.0024263
0.080757,-0.0017536,0.0049045
0.093845,-0.023948,0.0012003
0.049346,0.030162,0.0054781
0.084123,-0.081817,0.00065666
0.059817,0.089767,0.0051144
0.081131,-0.17297,0.0019764
0.06393,0.41976,0.0043458
0.097584,2.1721,0.18031
0.33466,2.4,0.42387
0.5306,2.3447,0.60774
0.78413,2.4766,0.78998
0.78638,2.3629,0.94412
0.93259,2.5007,1.0791
0.85855,2.423,1.1969
0.33466,2.4196,1.2937
0.45357,2.4008,1.3793
0.45058,2.3455,1.4474
0.27147,2.2975,1.5057
0.15704,2.1849,1.5511
-0.18436,2.1256,1.5874
-0.24831,2.0288,1.6158
-0.20792,1.9747,1.6359
-0.16754,1.9148,1.647
-0.067696,1.8271,1.6472
-0.1279,1.7496,1.6381
-0.26177,1.6545,1.6198
-0.36012,1.5718,1.5936
-0.35376,1.4738,1.5581
-0.17502,1.3671,1.5148
-0.13762,1.249,1.4681
-0.062461,1.1158,1.4139
0.032519,1.015,1.3513
-0.04713,0.90053,1.2838
-0.12603,0.78399,1.2108
-0.40237,0.66514,1.1329
-0.48314,0.5521,1.051
-0.46071,0.44778,0.96912
-0.63459,0.31224,0.88073
-0.67572,0.22385,0.78884
-0.78865,0.081414,0.69276
-0.85783,-0.026295,0.5892
-0.67535,-0.17673,0.48201
-0.4349,-0.32762,0.35991
-0.13874,-0.41606,0.24257
0.091975,-0.67535,0.10544
0.27408,-0.35921,-0.001083
0.28455,0.049814,-0.00077927
0.1907,-0.064212,0.0067828
0.261,-0.024589,0.0013353
0.25277,-0.020619,0.0055981
0.28455,-0.027809,0.0022988
0.28119,-0.0087793,0.0042634
0.2165,-0.031626,0.0030899
0.16901,-0.0041492,0.0032998
0.065052,-0.018988,0.0033786
0.14582,-0.0086668,0.0025125
0.26548,-0.010388,0.0031836
0.36495,-0.011576,0.0024188
0.44909,-0.009634,0.0027187
0.44348,-0.014313,0.0022688
0.42067,-0.0071447,0.0021301
0.37206,-0.0097653,0.0019539
0.393,-0.0072422,0.0016277
0.48125,-0.010245,0.0015302
0.53883,-0.010099,0.0013728
0.51453,-0.007797,0.001189
0.45133,-0.012851,0.0009191
0.34551,-0.013739,0.00063417
0.16975,-0.0091542,0.00049545
0.093471,-0.0059525,0.0007279
0.050468,-0.0064961,0.00061917
-0.017962,-0.0069048,0.00063417
-0.078914,-0.008082,0.00075414
-0.18362,-0.0061925,0.00070165
-0.28346,-0.0049778,0.00076539
-0.32609,-0.0043779,0.00065291
-0.26588,-0.0029908,0.00063042
-0.17689,-0.005855,0.00084787
-0.064705,-0.0045654,0.00079913
0.0085872,-0.0035869,0.00067916
-0.021702,-0.0044792,0.0010353
-0.040399,-0.0052777,0.00096409
-0.099107,-0.0062749,0.00082912
-0.138,-0.008052,0.00093785
-0.087515,-0.012056,0.00075039
-0.058348,-0.0052627,0.00088161
-0.048251,-0.0039543,0.00088536
-0.056852,-0.0085506,0.00090036
-0.053113,-0.0049628,0.00086661
0.0074654,-0.0042317,0.00070915
0.099454,-0.002346,0.00088161
0.23744,-0.004033,0.00073164
0.33578,-0.007767,0.00013928
0.36719,-0.0048766,-0.00042685
0.3728,-0.0067623,-0.00086925
0.32008,-0.006856,-0.0012929
0.29652,-0.0058925,-0.0013079
0.28568,-0.0076921,-0.0018703
0.29652,-0.00087261,-0.0017578
0.35822,-0.011835,-0.0022115
0.32606,-0.0063537,-0.0025301
0.26287,-0.010283,-0.0020915
0.23183,-0.0054089,-0.0033025
0.19817,-0.0022972,-0.0019228
0.19406,-0.016678,-0.0037486
0.19518,0.0076414,-0.0022527
0.18583,-0.031982,-0.0031712
0.12077,0.014896,-0.0032387
0.050094,-0.027712,-0.0012479
0.016066,0.008275,-0.0055932
-0.037033,0.002539,0.0016277
-0.014971,-0.051211,-0.0090874
0.0055957,0.12677,0.0080725
-0.0052485,-0.90568,-0.049511
0.0067175,-1.7927,-0.30116
-0.025441,-1.4522,-0.54893
-0.039277,-1.4621,-0.76042
0.0044739,-1.4418,-0.97267
0.21463,-1.4157,-1.1497
0.34812,-1.4684,-1.3167
0.42777,-1.4219,-1.4567
0.52687,-1.4753,-1.5781
0.45432,-1.483,-1.6852
0.54893,-1.5068,-1.7755
0.52986,-1.4989,-1.8506
0.65887,-1.4994,-1.9088
0.63419,-1.5036,-1.9574
0.050468,-1.4947,-1.9932
0.083001,-1.4947,-2.0188
0.14134,-1.4633,-2.0323
0.07627,-1.4303,-2.0336
0.38365,-1.3872,-2.0242
0.258,-1.342,-2.0035
0.043737,-1.2946,-1.9738
0.17536,-1.2371,-1.9353
0.22958,-1.1778,-1.8888
0.25613,-1.1085,-1.8336
0.3111,-1.0274,-1.7703
0.091601,-0.93493,-1.6995
-0.15819,-0.85517,-1.6222
-0.12977,-0.76067,-1.5388
-0.23784,-0.66632,-1.4478
-0.26514,-0.58977,-1.3561
-0.16642,-0.48105,-1.2609
-0.35376,-0.38041,-1.1613
-0.50745,-0.26046,-1.0569
-0.69666,-0.15959,-0.94742
-0.85932,-0.0084344,-0.83292
-0.83427,0.12044,-0.70637
-0.76509,0.24105,-0.57943
-0.69516,0.40453,-0.43956
-0.56803,0.44629,-0.30423
-0.37059,0.72434,-0.1559
-0.28196,0.53221,-0.014306
-0.082654,-0.02646,0.007124
0.16452,0.03505,-0.00878
0.23856,0.037791,-0.00056182
0.25352,-0.002076,-0.0053757
0.19443,0.033022,-0.0025226
0.042242,-0.0073434,-0.0036774
-0.13089,0.022649,-0.00328
-0.14959,-0.0029383,-0.0022902
-0.12192,0.00053327,-0.0037074
-0.041894,0.0034313,-0.0018553
0.15106,-5.1575e-05,-0.0026838
0.2408,0.0058944,-0.0021252
0.34476,0.00075071,-0.0018928
0.44423,0.0021303,-0.0016978
0.51864,-0.0013487,-0.0016078
0.6039,0.0008032,-0.0014804
0.62895,-0.00074514,-0.00095923
0.64129,-0.0014387,-0.00098547
0.5781,-0.003242,-0.00067429
0.55267,-0.0017236,-0.00035561
0.51116,-0.0010113,-1.069e-05
0.44123,-0.0012325,0.00030799
0.47638,-0.00090635,0.00018802
0.44161,-0.0017274,0.00017677
0.37243,-0.0012962,0.00037172
0.28343,-0.004018,0.00019551
0.12787,-0.0024584,0.00020301
-0.053113,-0.0015924,0.00028549
-0.16268,-0.0024284,0.00029299
-0.17838,-0.0035794,0.00029674
-0.18137,-0.0056001,0.00013553
-0.13501,-0.0046179,0.00041671
-0.13463,-0.0025184,0.00064916
-0.13501,-0.00065891,0.0012528
-0.11369,-0.0032532,0.0019989
-0.12042,0.00078071,0.0023925
-0.11406,-0.002301,0.0031686
-0.14398,-0.0039093,0.0032023
-0.19708,-0.0051127,0.0040009
-0.29655,-0.017496,0.0040197
-0.39377,-0.0035681,0.004687
-0.4192,-0.012112,0.0053769
-0.3919,0.0040086,0.0051032
-0.27374,-0.0062187,0.0065616
-0.12379,-0.0085018,0.0048782
0.0044739,0.012564,0.0074914
0.1088,-0.025395,0.0055343
0.16041,0.023462,0.007124
0.21089,-0.035094,0.0073039
0.30512,0.027466,0.0052007
0.36009,-0.024967,0.010333
0.38365,-0.0078645,0.0017252
0.39412,0.045188,0.015372
0.3642,-0.15814,-0.0072616
0.37916,1.2008,0.076221
0.42216,2.2803,0.41386
0.55715,1.8488,0.7499
0.64952,1.9195,1.0432
0.79423,1.9593,1.3436
1.0164,1.981,1.6096
1.0134,2.0929,1.8678
1.2086,2.104,2.102
1.2856,2.2139,2.3216
1.3578,2.2785,2.5245
1.6262,2.3843,2.7098
1.4161,2.4421,2.8776
1.4318,2.5067,3.0213
1.3806,2.5518,3.1492
0.789,2.5551,3.2612
0.32756,2.5273,3.361
-0.14622,2.4565,3.4479
-0.52016,2.4107,3.5217
-0.59794,2.3518,3.5818
-0.7004,2.3074,3.6301
-0.83502,2.2448,3.6675
-0.81856,2.1534,3.6922
-0.8137,2.0894,3.7063
-0.68507,2.0237,3.7111
-0.41247,1.959,3.707
-0.24906,1.9057,3.6949
-0.11967,1.8363,3.675
-0.27336,1.7491,3.6462
-0.38854,1.6771,3.6081
-0.33319,1.614,3.5615
-0.33731,1.5355,3.507
-0.25093,1.4575,3.4445
-0.34516,1.3822,3.3733
-0.4794,1.3073,3.2946
-0.76322,1.2362,3.2101
-1.0399,1.1537,3.1186
-1.0994,1.0619,3.0188
-1.1596,0.98243,2.9122
-0.95655,0.89724,2.8005
-0.78641,0.8025,2.6834
-0.58934,0.73097,2.5622
-0.30103,0.64955,2.4378
-0.10883,0.55617,2.3101
0.18471,0.46514,2.1777
0.38813,0.38137,2.0397
0.48498,0.26752,1.8986
0.44161,0.14507,1.748
0.2337,0.052866,1.5916
-0.0071182,-0.081799,1.4276
-0.21652,-0.16435,1.2604
-0.30328,-0.30478,1.0897
-0.26439,-0.4024,0.91139
-0.064331,-0.52563,0.73693
0.088984,-0.66852,0.54815
0.22173,-0.71601,0.37009
0.3657,-1.0059,0.16984
0.42815,-0.56889,0.0016202
0.54743,0.046361,-0.00866
0.60876,-0.091539,0.0053694
0.65887,-0.04345,-0.0039398
0.59717,-0.029309,0.0024225
0.39748,-0.055552,-0.0024027
0.28081,-0.017796,0.00010553
0.13498,-0.046892,-0.0017016
0.086366,-0.011164,-0.0021627
0.099828,-0.029687,-0.0011392
0.050094,-0.02036,-0.0027626
0.0022302,-0.016847,-0.0019078
-0.12416,-0.019704,-0.003205
-0.23746,-0.016187,-0.0027363
-0.29169,-0.019168,-0.0035312
-0.29169,-0.011602,-0.0038198
-0.19783,-0.017106,-0.0038836
-0.09275,-0.013424,-0.0045247
-0.023198,-0.011055,-0.0044984
0.034389,-0.015261,-0.0051883
0.069539,-0.016832,-0.0055407
0.10805,-0.012393,-0.0057619
0.15554,-0.010178,-0.0061181
0.1548,-0.011962,-0.0064967
0.10843,-0.010005,-0.006643
-0.01871,-0.0085018,-0.0063355
-0.14024,-0.0090904,-0.006448
-0.20344,-0.010144,-0.006478
-0.23447,-0.0099302,-0.006358
-0.14361,-0.0095891,-0.0069654
0.0040999,-0.0092366,-0.0076815
0.19294,-0.0070885,-0.0080339
0.32569,-0.0094016,-0.00881
0.37766,-0.0053002,-0.0093611
0.47938,-0.009859,-0.0097735
0.48087,-0.0080482,-0.010568
0.47377,-0.0045804,-0.010313
0.46367,-0.011685,-0.011581
0.35298,0.0022878,-0.011374
0.22323,-0.016225,-0.012192
0.055703,-0.00061018,-0.012518
-0.013849,-0.019025,-0.011584
-0.040773,-0.0084044,-0.014051
-0.032546,0.00076571,-0.011367
0.022797,-0.024293,-0.015296
0.02691,0.023683,-0.011854
0.063556,-0.054566,-0.014632
0.022797,0.052465,-0.014149
0.0127,-0.069989,-0.011074
0.034389,0.060154,-0.020695
0.054956,-0.087029,0.0013053
0.095341,-1.7052,-0.16819
0.093845,-2.1498,-0.53878
0.1705,-1.7205,-0.85628
0.11853,-1.8395,-1.1612
0.28194,-1.7596,-1.4569
0.47751,-1.812,-1.7282
0.4259,-1.8031,-1.9904
0.53771,-1.7943,-2.2278
0.36757,-1.8288,-2.4578
0.2853,-1.8147,-2.6686
0.3556,-1.8501,-2.8674
0.24267,-1.8246,-3.0495
0.41955,-1.8244,-3.2113
0.55977,-1.8213,-3.3587
0.60091,-1.8255,-3.4902
0.70823,-1.8259,-3.6085
0.71982,-1.8137,-3.7105
0.65774,-1.8065,-3.7974
0.6297,-1.7908,-3.8693
0.56912,-1.7789,-3.9264
0.41356,-1.7659,-3.9704
0.38327,-1.7486,-4.0002
0.27932,-1.7274,-4.0161
0.15405,-1.7142,-4.0212
0.14059,-1.6987,-4.0169
0.14919,-1.675,-4.0024
0.23893,-1.646,-3.9777
0.23519,-1.6116,-3.9431
0.20528,-1.5745,-3.8985
0.099454,-1.5236,-3.8437
-0.051243,-1.4658,-3.7797
-0.14435,-1.4097,-3.7073
-0.27561,-1.3486,-3.627
-0.3145,-1.2877,-3.5393
-0.37545,-1.2263,-3.4455
-0.39227,-1.1527,-3.3448
-0.41621,-1.0707,-3.2362
-0.51343,-0.99734,-3.1214
-0.48987,-0.91874,-3.0019
-0.52016,-0.8347,-2.876
-0.5512,-0.77232,-2.7457
-0.57027,-0.69004,-2.6135
-0.61739,-0.59862,-2.478
-0.67161,-0.5072,-2.3379
-0.70937,-0.40957,-2.1917
-0.62748,-0.30813,-2.0413
-0.55344,-0.17495,-1.8807
-0.45173,-0.082282,-1.7141
-0.34815,0.046245,-1.5426
-0.28271,0.14129,-1.3649
-0.20979,0.25955,-1.1881
-0.15856,0.38592,-1.0021
-0.077045,0.4755,-0.82059
-0.0011352,0.66433,-0.62683
0.07814,0.68372,-0.43831
0.14956,0.97042,-0.2423
0.23744,0.79542,-0.040363
0.32008,0.019627,0.0096284
0.34738,0.031301,-0.014407
0.44647,0.074175,-0.0037786
0.49882,0.0020254,-0.0090199
0.47751,0.054725,-0.0061668
0.49022,-0.0067848,-0.0061631
0.43525,0.033881,-0.0068004
0.35186,0.010228,-0.0044722
0.32905,0.013062,-0.0064218
0.29166,0.015466,-0.0041535
0.25165,0.0030001,-0.0050158
0.26922,0.016058,-0.0041123
0.21612,0.0024565,-0.0039473
0.15928,0.0096584,-0.0034749
0.17125,0.004346,-0.0027776
0.1275,0.0013393,-0.0029613
0.097584,0.0047434,-0.0020652
0.091228,0.0044885,-0.0020877
0.053834,-0.0023985,-0.0016491
0.035885,-0.0066536,-0.0012029
0.02504,-0.0016974,-0.00072678
-0.013475,0.0017854,-0.00029563
-0.023945,0.0052495,-5.1931e-05
-0.01871,-0.00029151,0.001189
-0.052365,-0.0027584,0.0016839
-0.083776,0.0027114,0.0021638
-0.11743,-0.0013937,0.0029549
-0.16006,0.00327,0.0032436
-0.17689,0.0019616,0.0044021
-0.17838,-0.0027734,0.0041134
-0.16754,0.0046684,0.0052981
-0.13052,-0.013001,0.0052719
-0.067322,0.0096696,0.0054069
0.0026042,-0.0069835,0.006989
0.052338,-0.0038568,0.0053619
0.09048,0.0058569,0.0083799
0.14021,-0.01603,0.005703
0.18546,0.024891,0.0088261
0.19294,-0.041628,0.0072814
0.1907,0.043924,0.0073639
0.19593,-0.042817,0.010652
0.20603,0.025082,0.0031499
0.21051,-0.0031295,0.017663
0.25651,-0.077769,-0.0090612
0.30138,1.5045,0.11722
0.34812,2.3116,0.49314
0.48835,1.8542,0.84094
0.47601,1.9942,1.1661
0.55155,1.9349,1.4924
0.66821,1.9629,1.7844
0.55865,2.0036,2.0699
0.6641,1.9833,2.3293
0.67532,2.058,2.5818
0.61848,2.0575,2.8186
0.7273,2.1365,3.043
0.66747,2.168,3.2585
0.6555,2.216,3.4597
0.7172,2.2561,3.6498
0.68579,2.282,3.8226
0.66373,2.3127,3.9824
0.68542,2.3274,4.1255
0.60352,2.3471,4.2507
0.55678,2.3501,4.3586
0.50779,2.3697,4.4513
0.3313,2.3814,4.5316
0.3283,2.3735,4.5969
0.23557,2.3592,4.6484
0.13872,2.3443,4.6868
0.14246,2.329,4.7125
0.051216,2.2898,4.726
0.060939,2.2467,4.7269
-0.011979,2.2106,4.7162
-0.072183,2.161,4.6944
-0.12678,2.1162,4.6633
-0.20456,2.0758,4.6249
-0.19596,2.0225,4.5788
-0.27187,1.9611,4.5239
-0.27374,1.8886,4.4603
-0.30141,1.8233,4.3888
-0.33918,1.7536,4.3089
-0.30664,1.6724,4.2208
-0.30702,1.5968,4.1255
-0.27673,1.5184,4.0233
-0.32197,1.4443,3.9154
-0.37059,1.3488,3.8016
-0.41172,1.2546,3.6814
-0.50745,1.1834,3.5558
-0.59233,1.0982,3.4243
-0.62449,1.0174,3.2885
-0.6458,0.93158,3.1501
-0.67722,0.84576,3.0075
-0.64356,0.76185,2.8627
-0.64207,0.66519,2.7139
-0.59271,0.57857,2.5611
-0.49324,0.47254,2.4038
-0.42817,0.36566,2.24
-0.35525,0.23443,2.0691
-0.30178,0.12621,1.8903
-0.25579,0.0272,1.7104
-0.27635,-0.11101,1.5229
-0.25953,-0.19589,1.3351
-0.21278,-0.35076,1.1425
-0.19222,-0.43917,0.94596
-0.15707,-0.60813,0.75078
-0.16903,-0.71102,0.54421
-0.091628,-0.81852,0.35214
-0.012353,-1.0823,0.12919
0.061312,-0.44271,-0.023612
0.19705,0.050676,-0.014325
0.25688,-0.12765,-0.0083338
0.32456,-0.032327,-0.014599
0.33728,-0.054558,-0.0091699
0.30811,-0.049355,-0.014437
0.31447,-0.028495,-0.010868
0.29278,-0.054457,-0.013785
0.2853,-0.026073,-0.012859
0.29091,-0.042247,-0.013129
0.27521,-0.026201,-0.014258
0.2337,-0.032499,-0.013763
0.2165,-0.026741,-0.014921
0.18546,-0.028829,-0.014456
0.14358,-0.03052,-0.01566
0.15255,-0.017818,-0.015645
0.129,-0.02667,-0.015986
0.11479,-0.027329,-0.016413
0.098706,-0.020124,-0.016616
0.11067,-0.020581,-0.017287
0.16265,-0.020109,-0.017501
0.15592,-0.018827,-0.018037
0.21537,-0.02192,-0.018861
0.20304,-0.019112,-0.019803
0.12937,-0.017916,-0.020309
0.10319,-0.019217,-0.02095
0.0082132,-0.015194,-0.021475
-0.020206,-0.019531,-0.022097
-0.061713,-0.014197,-0.022809
-0.10958,-0.01621,-0.022626
-0.078914,-0.017046,-0.02399
-0.071436,-0.0067998,-0.023342
-0.036285,-0.025042,-0.024508
0.011205,-0.0051202,-0.024489
0.071409,-0.027761,-0.024676
0.13049,-0.002406,-0.026559
0.17088,-0.017454,-0.02363
0.18546,-0.023667,-0.028287
0.13909,0.015061,-0.023668
0.097584,-0.061453,-0.028726
0.091228,0.05453,-0.025168
0.082253,-0.10372,-0.02618
0.081131,0.1047,-0.031312
0.08861,-0.26531,-0.016005
0.068417,-1.9421,-0.23692
0.1376,-2.1499,-0.63218
0.18583,-1.8628,-0.96052
0.23744,-2.0478,-1.2913
0.5422,-1.954,-1.602
0.68691,-2.0449,-1.888
0.74562,-2.037,-2.1636
0.90679,-2.0743,-2.4167
0.79797,-2.1254,-2.6634
0.80134,-2.1515,-2.8917
0.9008,-2.2259,-3.1123
0.83312,-2.2507,-3.3208
0.90828,-2.3022,-3.5163
0.96736,-2.3194,-3.699
0.91277,-2.3512,-3.8657
0.91875,-2.3758,-4.0201
0.90828,-2.3737,-4.1576
0.84135,-2.3739,-4.2762
0.90006,-2.3775,-4.3791
0.91763,-2.3831,-4.469
0.83723,-2.3761,-4.5444
0.85892,-2.3705,-4.6063
0.76506,-2.3587,-4.6553
0.65849,-2.3332,-4.6906
0.6297,-2.3072,-4.713
0.56202,-2.2776,-4.7234
0.4891,-2.2354,-4.7215
0.34438,-2.1908,-4.7075
0.18957,-2.1485,-4.6836
0.01457,-2.1038,-4.651
-0.1365,-2.0584,-4.6101
-0.22662,-2.0064,-4.5619
-0.3302,-1.9483,-4.5055
-0.39078,-1.8868,-4.4407
-0.48165,-1.8137,-4.3673
-0.58298,-1.7409,-4.2848
-0.60654,-1.6683,-4.195
-0.58224,-1.5847,-4.0972
-0.57326,-1.5163,-3.9928
-0.56915,-1.446,-3.8845
-0.58186,-1.3523,-3.7689
-0.68282,-1.2686,-3.6461
-0.78641,-1.1864,-3.5191
-0.90457,-1.0975,-3.3864
-0.98384,-1.0117,-3.2484
-1.0388,-0.92724,-3.1069
-1.1102,-0.85072,-2.9636
-1.0822,-0.75776,-2.8178
-1.0598,-0.6625,-2.6673
-1.0119,-0.56619,-2.5137
-0.92102,-0.45738,-2.3533
-0.79239,-0.34574,-2.1872
-0.65216,-0.20344,-2.0121
-0.56092,-0.10915,-1.8312
-0.46631,0.013917,-1.648
-0.45809,0.1244,-1.4582
-0.38854,0.23994,-1.2699
-0.30552,0.37855,-1.0725
-0.26252,0.47049,-0.8789
-0.13762,0.66903,-0.6763
-0.053487,0.69235,-0.47613
0.050468,0.96706,-0.27412
0.088984,0.88418,-0.057924
0.14395,0.069549,0.010806
0.26025,0.0093659,-0.01578
0.35859,0.08859,-0.0057657
0.48985,-0.0075346,-0.0092486
0.46479,0.056394,-0.0079327
0.47788,0.0036187,-0.0068792
0.50854,0.035579,-0.0082851
0.47638,0.013539,-0.005147
0.52836,0.011394,-0.007419
0.49246,0.019574,-0.0053008
0.46965,0.0022503,-0.0056532
0.42291,0.015098,-0.0050421
0.31484,0.0030039,-0.0048246
0.2509,0.012159,-0.0046259
0.18209,0.0039711,-0.0035986
0.14881,0.0022278,-0.0037411
0.097211,0.005212,-0.0031375
0.048599,0.0011144,-0.0028975
0.048972,0.0088561,-0.0019828
0.058321,0.005182,-0.00055432
0.0658,0.0019766,0.00031174
0.083749,0.0074952,0.0013278
0.10245,0.00066449,0.002325
0.096837,0.0010694,0.0025762
0.0744,0.0050358,0.003566
0.0014823,-0.00030651,0.003611
-0.082654,0.010656,0.004687
-0.14884,-0.0063087,0.0048257
-0.18063,0.0042785,0.004807
-0.18474,-0.0048128,0.0066216
-0.18399,-0.0033807,0.0049607
-0.13276,0.0057182,0.0077988
-0.12267,-0.018875,0.0054781
-0.076671,0.023327,0.0082412
0.023919,-0.04324,0.0073302
0.091228,0.039767,0.0064529
0.1877,-0.035686,0.011327
0.22024,0.013351,0.0026287
0.21089,0.01725,0.017865
0.22659,-0.12566,-0.0086975
0.22248,1.4184,0.10199
0.27296,2.3849,0.48003
0.44123,1.9491,0.84273
0.48274,2.0972,1.1758
0.57323,2.0802,1.5135
0.74487,2.102,1.8123
0.70112,2.1753,2.1053
0.86977,2.166,2.3738
0.97746,2.2607,2.6351
0.98531,2.2736,2.8812
1.1596,2.3492,3.1119
1.1214,2.385,3.3329
1.1842,2.4336,3.5385
1.2665,2.4859,3.7355
1.2789,2.5215,3.92
1.3215,2.5658,4.0946
1.3196,2.5924,4.2567
1.3925,2.613,4.4052
1.391,2.6368,4.5415
1.4269,2.6552,4.6638
1.3398,2.6314,4.7689
1.2878,2.6199,4.8555
1.2759,2.6296,4.9293
1.0747,2.6195,4.9925
1.0766,2.5916,5.0422
0.95839,2.5728,5.0789
0.76357,2.5429,5.1036
0.59343,2.4941,5.1154
0.28381,2.4546,5.1162
0.0014823,2.3945,5.1062
-0.36423,2.3337,5.0849
-0.64057,2.285,5.0529
-0.90195,2.2235,5.012
-1.111,2.1738,4.9645
-1.0856,2.1222,4.9102
-1.1951,2.0497,4.8478
-1.1129,1.978,4.7772
-0.9715,1.9038,4.6985
-1.3133,1.8261,4.6122
-1.3152,1.7489,4.5182
-1.0257,1.6727,4.4164
-0.89298,1.6011,4.3099
-0.61252,1.5128,4.1973
-0.64244,1.4186,4.0755
-0.8223,1.3404,3.9482
-0.80809,1.2619,3.8178
-0.94907,1.1609,3.6818
-0.97749,1.0646,3.54
-1.0508,0.99168,3.3946
-1.3009,0.90652,3.2465
-1.4442,0.829,3.0963
-1.5623,0.73923,2.9439
-1.4524,0.63971,2.7862
-1.1409,0.54826,2.6253
-0.74191,0.41991,2.4577
-0.42331,0.31697,2.283
-0.30627,0.19563,2.1023
-0.24868,0.083326,1.915
-0.26738,-0.028372,1.7267
-0.21428,-0.14847,1.531
-0.099855,-0.24291,1.3366
0.0052217,-0.40394,1.1345
0.074774,-0.47831,0.93168
0.097211,-0.66808,0.72731
0.10656,-0.73841,0.51565
0.12862,-0.90904,0.31493
0.22809,-1.0719,0.084346
0.32195,-0.30296,-0.040603
0.4102,0.02879,-0.019308
0.43002,-0.13961,-0.020654
0.35448,-0.022628,-0.023166
0.21911,-0.078098,-0.020016
0.14732,-0.04943,-0.024238
0.27969,-0.047293,-0.02077
0.38664,-0.056006,-0.024197
0.51004,-0.034602,-0.022378
0.6196,-0.050483,-0.023582
0.50368,-0.029106,-0.023735
0.33877,-0.041744,-0.023574
0.17649,-0.030756,-0.025018
0.043363,-0.031719,-0.024586
-0.073679,-0.031659,-0.02549
-0.15819,-0.025687,-0.025355
-0.21989,-0.030257,-0.025906
-0.34516,-0.028563,-0.026405
-0.31711,-0.034632,-0.027125
-0.21989,-0.03157,-0.028707
-0.10172,-0.028124,-0.029374
0.12526,-0.030149,-0.030638
0.25875,-0.021912,-0.031496
0.30512,-0.031225,-0.031954
0.26847,-0.02628,-0.033037
0.13348,-0.021342,-0.032486
0.039624,-0.02866,-0.033866
0.01457,-0.014834,-0.033588
-0.013101,-0.03043,-0.034563
0.0070914,-0.0080707,-0.034818
0.035885,-0.031573,-0.034484
0.0014823,-0.014088,-0.036869
0.027284,-0.017717,-0.033809
0.098706,-0.032278,-0.03844
0.19556,0.010048,-0.033971
0.30213,-0.069097,-0.03847
0.37766,0.049008,-0.036374
0.37505,-0.099981,-0.035485
0.33877,0.084759,-0.043254
0.28231,-0.19978,-0.023331
0.20154,-1.8703,-0.23319
0.3743,-2.181,-0.63798
0.4704,-1.9225,-0.97907
0.49658,-2.1419,-1.3204
0.77329,-2.055,-1.6432
0.80059,-2.1581,-1.9383
0.84172,-2.1638,-2.2243
0.97597,-2.2086,-2.4864
0.85294,-2.2802,-2.7437
0.91614,-2.3014,-2.9825
1.0014,-2.3754,-3.211
0.92511,-2.397,-3.4252
1.0134,-2.4593,-3.6273
1.1584,-2.4987,-3.8205
1.2104,-2.5421,-4.0014
1.2957,-2.5761,-4.1726
1.4142,-2.597,-4.3297
1.4015,-2.6225,-4.4745
1.3768,-2.6325,-4.6063
1.323,-2.6321,-4.724
1.1828,-2.6113,-4.8243
1.1057,-2.6006,-4.9078
1.0526,-2.5953,-4.9797
0.92361,-2.582,-5.0397
0.83387,-2.5587,-5.087
0.76693,-2.5271,-5.1222
0.57099,-2.4949,-5.1446
0.3743,-2.4533,-5.1546
0.075896,-2.4068,-5.1533
-0.22812,-2.3524,-5.1404
-0.47005,-2.2963,-5.1163
-0.64954,-2.2434,-5.0829
-0.81146,-2.1878,-5.0409
-0.8754,-2.1333,-4.9912
-1.0134,-2.0731,-4.9346
-1.7328,-2.0065,-4.8704
-1.4935,-1.9359,-4.7981
-0.76584,-1.8612,-4.7177
-0.71199,-1.7848,-4.6291
-0.28308,-1.7075,-4.5334
-0.36199,-1.6246,-4.4298
-0.69965,-1.5497,-4.3196
-0.66787,-1.4787,-4.2065
-0.8511,-1.3844,-4.0866
-0.79538,-1.2954,-3.9585
-0.76621,-1.2166,-3.8264
-1.0186,-1.1218,-3.6892
-1.3731,-1.031,-3.5458
-1.6207,-0.95371,-3.3994
-1.5051,-0.8698,-3.2508
-1.2445,-0.78753,-3.0998
-0.8496,-0.69764,-2.9452
-0.65104,-0.60224,-2.786
-0.69629,-0.49919,-2.6232
-0.79276,-0.38255,-2.452
-0.88139,-0.27415,-2.2743
-0.65515,-0.14394,-2.089
-0.28645,-0.051552,-1.8999
0.083749,0.07323,-1.7083
0.26885,0.1753,-1.5102
0.30325,0.29302,-1.3139
0.215,0.43078,-1.1082
0.10207,0.51792,-0.90769
0.1877,0.72053,-0.69667
0.2064,0.74372,-0.48886
0.27371,1.0229,-0.27877
0.24155,0.89576,-0.056353
0.048972,0.05654,0.010105
-0.067322,0.020804,-0.016961
-0.0063704,0.090963,-0.0058556
0.33242,-0.0033432,-0.01022
0.58183,0.059434,-0.0083863
0.82078,0.0013993,-0.0074865
0.91165,0.036063,-0.0087612
0.66859,0.009246,-0.0056869
0.45283,0.012155,-0.0079364
0.22024,0.022221,-0.0055782
0.0744,0.0052458,-0.006358
0.011205,0.018041,-0.0055857
-0.049373,0.004271,-0.0049896
-0.14473,0.010236,-0.0047834
-0.31524,0.0028689,-0.0040635
-0.37806,0.0045597,-0.0041423
-0.37208,0.0066704,-0.0032275
-0.21578,0.0060218,-0.0027701
0.013822,0.011912,-0.0013829
0.14208,0.0069066,-0.00034437
0.16751,0.010641,0.00058543
0.072905,0.0058006,0.0020214
0.019057,-0.00059893,0.0023288
0.01831,0.0036787,0.0034048
0.11105,-0.00012281,0.0034498
0.2251,0.0099358,0.0043421
0.26473,-0.0041905,0.0049045
0.24043,0.009902,0.0044321
0.060939,-0.0029233,0.0065841
-0.048625,-0.010238,0.004942
-0.064705,0.018783,0.0076076
-0.042642,-0.023243,0.0057255
0.079261,0.027882,0.0073789
0.16041,-0.030891,0.0080088
0.18172,0.015604,0.0054968
0.15779,-0.024986,0.0119
0.18621,-0.007812,0.0022088
0.26361,0.055869,0.017273
0.39449,-0.1719,-0.0062043
0.49845,1.2041,0.074755
0.52051,2.3838,0.43647
0.61399,1.9779,0.80925
0.4517,2.0634,1.1404
0.35897,2.0908,1.4821
0.50181,2.0637,1.7835
0.47713,2.1515,2.0777
0.68205,2.1522,2.3495
0.82901,2.2528,2.6123
0.80171,2.265,2.8621
0.95839,2.3282,3.0949
0.97522,2.3583,3.3187
1.053,2.3955,3.5269
1.2747,2.4501,3.7259
1.3697,2.4774,3.9127
1.3439,2.526,4.0901
1.2362,2.544,4.2562
1.1345,2.5584,4.4089
1.0444,2.5834,4.5494
1.1072,2.5889,4.677
1.1225,2.5681,4.7891
0.99765,2.5385,4.8817
0.95951,2.5274,4.9603
0.81218,2.5236,5.0291
0.65139,2.497,5.0848
0.6469,2.4695,5.1271
0.45096,2.4382,5.158
0.5321,2.3914,5.1765
0.33466,2.3483,5.1832
-0.062835,2.3046,5.1786
-0.16455,2.2494,5.1623
-0.85633,2.1896,5.1352
-0.50259,2.1387,5.0981
-1.2052,2.0888,5.0538
-0.71124,2.0302,5.003
-0.91354,1.9629,4.9442
-1.3911,1.8985,4.8771
-0.30552,1.8326,4.8022
-2.1008,1.7588,4.7197
0.65475,1.6749,4.6283
-2.8662,1.5904,4.5295
1.1558,1.5297,4.4256
-3.5139,1.4458,4.3153
-35.655,1.3734,4.1963
-36.396,1.3262,4.0695
-23.701,1.2365,3.9382
-20.498,1.1363,3.8034
-16.14,1.021,3.6641
-21.11,0.89729,3.521
-19.119,0.79468,3.376
-12.774,0.68749,3.2302
-4.8582,0.57826,3.0827
6.8864,0.46434,2.9318
11.194,0.36064,2.7763
11.303,0.25056,2.6168
9.6136,0.12789,2.4486
8.3175,0.033157,2.2745
11.992,-0.0883,2.094
17.985,-0.17168,1.9077
24.08,-0.275,1.7198
24.648,-0.36867,1.5238
17.488,-0.45497,1.3285
7.6302,-0.58271,1.1226
1.3974,-0.63437,0.91975
-0.98571,-0.82193,0.70974
0.65849,-0.83301,0.49583
5.4546,-1.0347,0.28753
5.0253,-1.0262,0.054412
3.7734,-0.17567,-0.041836
4.838,-0.012862,-0.014591
6.33,-0.13225,-0.022273
11.94,-0.01486,-0.020575
16.147,-0.079681,-0.019825
15.775,-0.027127,-0.022468
15.51,-0.050311,-0.019893
12.784,-0.041602,-0.023177
5.5462,-0.032758,-0.021047
0.28755,-0.045043,-0.023079
-1.4049,-0.022669,-0.022573
-2.13,-0.043578,-0.023057
-1.2546,-0.030411,-0.023724
-1.5642,-0.029508,-0.023574
-5.8869,-0.027108,-0.024455
-10.992,-0.0246,-0.024328
-13.237,-0.02815,-0.025119
-12.021,-0.025762,-0.025681
-8.2379,-0.028274,-0.0272
-4.718,-0.025635,-0.028137
-3.7648,-0.029534,-0.029262
-5.4532,-0.027311,-0.030443
-8.0995,-0.027356,-0.030788
-8.8388,-0.026407,-0.031871
-7.1134,-0.023284,-0.031552
-4.7101,-0.025901,-0.033146
-2.8539,-0.013833,-0.032936
-2.5993,-0.031599,-0.033375
-4.267,-0.014129,-0.034334
-5.9243,-0.031386,-0.033326
-5.8383,-0.019573,-0.036081
-3.4358,-0.013758,-0.033033
0.77292,-0.039829,-0.037337
4.1283,0.014832,-0.034031
4.7258,-0.068231,-0.036588
3.6466,0.039965,-0.037322
3.4627,-0.086774,-0.03327
5.3653,0.043471,-0.044603
7.5173,-0.071114,-0.019259
9.6053,-1.7044,-0.19503
10.449,-2.1784,-0.59761
9.8428,-1.8126,-0.94991
9.532,-1.9901,-1.2939
7.7394,-1.8788,-1.6288
6.0641,-1.9257,-1.9328
5.7721,-1.9132,-2.2307
5.1663,-1.9062,-2.5048
4.304,-1.9623,-2.7748
2.3031,-1.9483,-3.0283
-0.7176,-1.9975,-3.2711
-3.3187,-1.9952,-3.5016
-3.9578,-2.0272,-3.7188
-2.7466,-2.0473,-3.9282
-1.7448,-2.0645,-4.126
-1.6667,-2.0812,-4.3145
-2.8045,-2.0825,-4.4899
-4.4742,-2.0864,-4.6531
-5.6921,-2.0789,-4.8038
-5.9471,-2.0695,-4.941
-5.1686,-2.0379,-5.0621
-4.116,-2.0119,-5.1659
-3.5334,-1.9991,-5.2573
-3.6998,-1.977,-5.3366
-4.1769,-1.9524,-5.403
-4.3714,-1.9222,-5.4569
-2.9728,-1.8835,-5.4979
-0.93486,-1.8445,-5.5262
0.21874,-1.8045,-5.5423
0.81555,-1.7558,-5.5463
0.50705,-1.7069,-5.5385
0.38552,-1.6623,-5.5202
1.1622,-1.6167,-5.4921
2.7357,-1.5727,-5.4555
5.0313,-1.5246,-5.4112
6.631,-1.4698,-5.3586
6.9837,-1.4164,-5.2974
6.3098,-1.3596,-5.2275
5.4011,-1.2982,-5.1485
4.4757,-1.2354,-5.0614
3.9346,-1.1695,-4.9657
3.7356,-1.1094,-4.8618
2.3794,-1.0566,-4.7533
0.67345,-0.98996,-4.6387
-0.56167,-0.91211,-4.5153
-1.4621,-0.84618,-4.3861
-1.5369,-0.77531,-4.2513
-0.86045,-0.70207,-4.1096
-0.072183,-0.64348,-3.9629
0.11628,-0.58305,-3.8131
-0.22438,-0.5147,-3.661
-1.0265,-0.44322,-3.5045
-1.8521,-0.37611,-3.3434
-1.9632,-0.29231,-3.1775
-1.6745,-0.20442,-3.0042
-1.5896,-0.10488,-2.8231
-2.2758,-0.0080482,-2.6328
-3.1976,0.072653,-2.4388
-3.7929,0.16905,-2.2385
-4.4618,0.23448,-2.0352
-4.9689,0.3525,-1.828
-4.8691,0.42246,-1.6144
-4.417,0.5282,-1.4026
-4.0677,0.63563,-1.1805
-3.785,0.7056,-0.96339
-3.4219,0.89087,-0.73469
-2.4837,0.87405,-0.51179
-0.76883,1.1487,-0.28339
0.79386,0.91183,-0.05004
1.8959,0.033809,0.011316
2.5409,0.044757,-0.016323
2.6306,0.089089,-0.0040335
2.6475,0.0041848,-0.0093199
2.7338,0.068702,-0.0068079
2.8165,0.002494,-0.006388
2.9971,0.035054,-0.0073103
3.4152,0.01244,-0.0043372
3.5935,0.017809,-0.0063993
3.2409,0.021813,-0.0039361
3.0367,0.0059281,-0.0046934
3.2136,0.01448,-0.0035761
3.5962,0.005182,-0.00322
3.8486,0.011364,-0.0029838
3.6773,0.0080425,-0.0022414
3.0768,0.010371,-0.0022227
2.167,0.010903,-0.00076052
1.3548,0.012515,0.000278
0.48461,0.010273,0.0013053
-0.41695,0.0084812,0.0026325
-1.0025,0.0065054,0.003611
-1.5242,0.0098008,0.0044846
-2.1662,0.0076676,0.005688
-3.1422,0.00099815,0.0055568
-3.8583,0.0074352,0.006839
-3.8763,-0.0077408,0.0066028
-3.7428,0.010318,0.0075551
-3.4679,-0.0053902,0.0083799
-3.2503,0.0091635,0.0074352
-3.1149,0.00018086,0.010352
-2.8016,-0.011891,0.0073152
-2.4534,0.019387,0.011361
-1.9381,-0.036582,0.0080388
-1.3873,0.047441,0.011016
-0.80622,-0.060122,0.011462
-0.21952,0.060604,0.0070077
-0.1092,-0.057235,0.018956
-0.24943,0.047186,-0.0067254
-0.2412,1.732,0.16597
0.26174,2.2562,0.56441
1.0837,1.8381,0.91349
1.6001,1.9919,1.2565
2.1445,1.8794,1.5903
2.6751,1.9214,1.892
3.0035,1.9175,2.1889
3.469,1.9103,2.4627
3.6702,1.96,2.7322
3.6672,1.9406,2.9841
3.7177,1.9949,3.2249
3.3909,1.9904,3.4541
2.7286,2.0199,3.6701
1.9467,2.0406,3.8783
1.3794,2.0492,4.0747
1.1401,2.0637,4.2617
0.89594,2.0642,4.4354
0.50518,2.0742,4.5963
0.068043,2.0665,4.7456
-0.1552,2.0364,4.8797
-0.39527,2.0019,4.9958
-0.53699,1.9848,5.0962
-0.48651,1.9683,5.1848
-0.51904,1.9409,5.2612
-0.41209,1.9093,5.3244
-0.47379,1.8721,5.375
-0.77743,1.8322,5.4126
-1.0826,1.791,5.4378
-1.3036,1.7587,5.4519
-1.3705,1.6959,5.4538
-1.63,1.6278,5.4431
-1.9426,1.6068,5.422
-2.3009,1.5671,5.3926
-2.4702,1.5167,5.3549
-2.2724,1.4686,5.3085
-2.1655,1.4128,5.2541
-1.6581,1.3631,5.1907
-0.9128,1.2981,5.1182
-0.34179,1.2352,5.0369
0.18957,1.1785,4.9476
0.47938,1.1211,4.8515
0.8305,1.0558,4.7481
1.2373,0.98191,4.6364
1.495,0.92051,4.5174
1.5616,0.85519,4.3923
1.3925,0.78534,4.2613
1.2299,0.72294,4.1251
1.1745,0.6525,3.9834
1.1768,0.58681,3.8365
1.1132,0.53279,3.687
1.1364,0.46203,3.535
1.2908,0.39224,3.378
1.2471,0.32055,3.217
1.0455,0.2291,3.0491
0.86752,0.14994,2.8749
0.74076,0.047268,2.6926
0.73964,-0.039154,2.5021
0.75272,-0.12462,2.3086
0.48311,-0.20824,2.1088
0.035885,-0.28697,1.9075
-0.37021,-0.40019,1.6979
-0.75088,-0.46359,1.4872
-1.1981,-0.60015,1.272
-1.7594,-0.65724,1.0523
-2.192,-0.80281,0.83469
-2.4444,-0.89432,0.60437
-2.6703,-0.95832,0.39064
-2.8805,-1.204,0.14593
-2.852,-0.50889,-0.02774
-2.4568,0.048993,-0.021482
-1.9695,-0.14129,-0.013189
-1.4333,-0.041703,-0.021096
-1.0751,-0.063953,-0.014625
-0.90756,-0.055919,-0.020286
-0.54073,-0.029897,-0.016683
-0.2169,-0.059965,-0.019521
-0.025441,-0.026362,-0.018772
0.17125,-0.048796,-0.018933
0.36383,-0.028105,-0.020245
0.62372,-0.034621,-0.019518
0.80171,-0.031555,-0.02116
0.82751,-0.028821,-0.020699
0.9094,-0.032822,-0.021576
1.1596,-0.025657,-0.021651
1.4359,-0.030587,-0.022131
1.5675,-0.02947,-0.023439
1.6087,-0.029279,-0.024553
1.6565,-0.027299,-0.025483
1.833,-0.028844,-0.026825
1.9972,-0.024008,-0.027822
2.0032,-0.029564,-0.028666
2.0028,-0.0249,-0.029438
1.9101,-0.024664,-0.02964
1.707,-0.019681,-0.030904
1.3895,-0.014643,-0.029959
0.9008,-0.026411,-0.031931
0.44198,-0.0034482,-0.031178
0.14059,-0.033148,-0.031995
-0.15669,0.0002146,-0.033281
-0.55793,-0.02809,-0.030968
-0.90607,-0.013638,-0.035523
-1.1338,-0.0032532,-0.030356
-1.2822,-0.056365,-0.037116
-1.3832,0.050695,-0.030776
-1.501,-0.11759,-0.03658
-1.5717,0.15356,-0.034151
-1.6356,-0.48226,-0.035287
-1.7224,-2.0832,-0.30604
-1.7403,-2.0309,-0.70983
-1.8166,-1.8573,-1.0444
-1.6865,-1.9965,-1.3924
-1.1817,-1.8731,-1.7118
-0.84175,-1.9554,-2.0128
-0.54746,-1.9032,-2.3005
-0.16155,-1.9495,-2.5696
0.095341,-1.9655,-2.8343
0.5837,-1.9757,-3.0803
1.0063,-2.0148,-3.3178
1.2516,-2.0125,-3.5411
1.7253,-2.0541,-3.7547
2.0798,-2.0625,-3.9591
2.2575,-2.084,-4.152
2.3397,-2.0888,-4.3346
2.2975,-2.0865,-4.5035
2.321,-2.0874,-4.6602
2.4115,-2.0749,-4.8039
2.3098,-2.0495,-4.9322
2.0559,-2.0168,-5.0431
1.9078,-1.9998,-5.1401
1.7698,-1.9762,-5.2249
1.6558,-1.9467,-5.2971
1.5208,-1.9172,-5.3572
1.3716,-1.879,-5.4045
1.2882,-1.8391,-5.4384
1.0852,-1.7988,-5.46
0.79199,-1.754,-5.4695
0.32344,-1.7071,-5.467
-0.14473,-1.6598,-5.4536
-0.46669,-1.6149,-5.4301
-0.87839,-1.5752,-5.3976
-1.2938,-1.5304,-5.3575
-1.7609,-1.4773,-5.3086
-2.103,-1.4252,-5.2507
-2.2302,-1.3685,-5.1843
-2.3532,-1.307,-5.109
-2.3985,-1.2502,-5.0253
-2.3424,-1.1844,-4.9328
-2.1094,-1.1206,-4.8321
-1.845,-1.0691,-4.7264
-1.6274,-0.99969,-4.6151
-1.3428,-0.92451,-4.4948
-1.0336,-0.86447,-4.3681
-0.61514,-0.79626,-4.2359
-0.2513,-0.72065,-4.0967
-0.064331,-0.6571,-3.9526
0.088984,-0.59543,-3.8049
0.25875,-0.53119,-3.6546
0.43151,-0.4605,-3.5005
0.54145,-0.38942,-3.3417
0.61212,-0.3106,-3.1787
0.72206,-0.22522,-3.0086
0.87388,-0.13274,-2.8311
0.97746,-0.033515,-2.644
1.025,0.046057,-2.4521
1.0822,0.15029,-2.2545
1.1532,0.22173,-2.0526
1.2344,0.32206,-1.8489
1.1981,0.40342,-1.6371
0.99391,0.49863,-1.4273
0.74973,0.62719,-1.2071
0.53921,0.67373,-0.99052
0.30587,0.87029,-0.76612
0.022049,0.87375,-0.54063
-0.26214,1.0908,-0.31936
-0.50595,1.0291,-0.077165
-0.60056,0.13004,0.014247
-0.75462,0.004511,-0.014711
-0.96552,0.1182,-0.0051733
-1.0063,0.0023478,-0.0075728
-1.0702,0.070512,-0.007434
-1.0923,0.011375,-0.0051395
-1.1267,0.038548,-0.0074828
-1.2564,0.022476,-0.0038236
-1.2449,0.013707,-0.0061668
-1.1734,0.024212,-0.0038648
-1.1106,0.0046797,-0.004341
-1.0624,0.021509,-0.0036961
-1.0063,0.0046197,-0.0029238
-0.85484,0.012883,-0.0030588
-0.69629,0.0066629,-0.0019678
-0.57588,0.0016542,-0.0021065
-0.48725,0.0090098,-0.0012967
-0.2958,0.0039074,-0.00084301
0.0063435,0.0067266,-0.00035936
0.2767,0.0059506,0.00068665
0.52986,0.0056057,0.0019989
0.77666,0.0068953,0.0028837
1.0575,0.0056207,0.0040347
1.3155,-0.00020528,0.0045483
1.4759,0.0044097,0.0050769
1.5141,-0.00029526,0.0061304
1.5051,-0.0012775,0.0058155
1.5133,0.0036637,0.0073264
1.4453,-0.0082432,0.0067753
1.3144,0.0060218,0.0078851
1.1297,-0.01636,0.00832
1.0227,0.008125,0.0078813
0.98644,-0.0080707,0.010071
0.85219,-0.0030283,0.0071915
0.68242,0.011867,0.011829
0.54444,-0.03112,0.0075926
0.47115,0.04617,0.011964
0.36084,-0.070627,0.0098684
0.1892,0.079829,0.0087586
-0.023572,-0.10066,0.016291
-0.23223,0.17697,-0.0029463
-0.39115,1.8675,0.20099
-0.49773,2.1674,0.59707
-0.58523,1.7951,0.93134
-0.79538,1.949,1.2655
-0.79388,1.8358,1.5859
-0.76023,1.883,1.8797
-0.90307,1.8614,2.1639
-0.79239,1.8723,2.426
-0.73144,1.8991,2.6827
-0.58747,1.8891,2.9213
-0.27561,1.9422,3.1517
-0.20605,1.9416,3.3715
-0.019458,1.9703,3.58
0.28493,1.9699,3.7776
0.50331,1.973,3.9594
0.68018,1.9791,4.1304
0.75534,1.9496,4.2862
0.80171,1.9167,4.4233
0.90193,1.899,4.5441
0.97783,1.8801,4.6519
0.95054,1.8493,4.7469
0.96923,1.8262,4.8284
1.0829,1.7948,4.8964
1.1884,1.7553,4.9519
1.2452,1.7167,4.9944
1.2919,1.6751,5.0243
1.2923,1.6318,5.0427
1.2718,1.5858,5.0483
1.2299,1.5398,5.042
1.0048,1.5005,5.027
0.7258,1.4607,5.0031
0.5235,1.4083,4.9703
0.32494,1.3635,4.9297
0.053834,1.3126,4.8799
-0.18137,1.2485,4.8199
-0.40312,1.1974,4.7508
-0.63533,1.1377,4.6734
-0.71872,1.079,4.5877
-0.96739,1.0204,4.4948
-1.2146,0.94896,4.3945
-1.2662,0.88542,4.2861
-1.3727,0.82142,4.1707
-1.3783,0.75816,4.0488
-1.3944,0.69363,3.922
-1.4202,0.62184,3.7892
-1.3245,0.55888,3.6503
-1.2142,0.50406,3.5087
-1.1802,0.43914,3.364
-1.1731,0.3708,3.215
-1.0893,0.29273,3.0612
-1.0205,0.21588,2.9007
-0.91093,0.13607,2.7347
-0.81969,0.032119,2.5593
-0.72732,-0.046348,2.377
-0.47305,-0.14059,2.189
-0.20718,-0.21115,1.9963
0.05159,-0.30996,1.8015
0.29689,-0.40403,1.5974
0.52836,-0.47845,1.3944
0.73851,-0.60793,1.182
0.86902,-0.65966,0.97112
0.96662,-0.84104,0.75475
0.9625,-0.85702,0.53425
0.97223,-1.043,0.32208
0.99204,-1.0809,0.080499
0.97933,-0.22009,-0.030176
0.94455,0.0067379,-0.0035836
0.81891,-0.13471,-0.0096685
0.80395,-0.01567,-0.0094173
0.74038,-0.078788,-0.0078652
0.58333,-0.030771,-0.011179
0.45619,-0.045208,-0.0080227
0.27334,-0.038539,-0.011618
0.18696,-0.025417,-0.0093161
0.065052,-0.041771,-0.011311
-0.097237,-0.023138,-0.011119
-0.20568,-0.039161,-0.011386
-0.3231,-0.02147,-0.012304
-0.36647,-0.026951,-0.011959
-0.45397,-0.025327,-0.013099
-0.59458,-0.018969,-0.012919
-0.70563,-0.02322,-0.013714
-0.798,-0.018129,-0.014044
-0.83801,-0.018654,-0.014362
-0.85895,-0.021897,-0.015026
-0.84885,-0.026913,-0.016076
-0.72732,-0.019348,-0.017429
-0.57027,-0.019809,-0.018048
-0.45921,-0.022876,-0.01909
-0.32983,-0.014875,-0.01951
-0.17801,-0.021331,-0.020189
0.0063435,-0.013758,-0.020496
0.17162,-0.016787,-0.020702
0.25539,-0.012719,-0.02215
0.34177,-0.014103,-0.021351
0.42665,-0.023157,-0.023196
0.5508,-0.0063012,-0.02215
0.65513,-0.029822,-0.023454
0.68766,0.0087286,-0.023784
0.75572,-0.032046,-0.022802
0.82302,9.8385e-05,-0.026037
0.90866,-0.010777,-0.021418
0.90193,-0.037298,-0.028831
0.85892,0.038574,-0.020207
0.83649,-0.11046,-0.029708
0.82003,0.17998,-0.02035
0.82003,-0.67734,-0.040393
0.66896,-2.1664,-0.33856
0.69289,-1.9565,-0.72841
0.65475,-1.8348,-1.0514
0.57361,-1.9282,-1.3885
0.74936,-1.8295,-1.6948
0.55641,-1.904,-1.9873
0.47564,-1.8454,-2.2625
0.47264,-1.8923,-2.5223
0.13872,-1.8904,-2.774
0.084497,-1.9144,-3.0082
-0.04339,-1.952,-3.2372
-0.14847,-1.9569,-3.4526
-0.045634,-1.984,-3.6584
-0.077045,-1.9736,-3.8505
-0.097611,-1.9811,-4.0283
-0.13501,-1.9764,-4.1942
-0.15482,-1.9549,-4.3445
-0.21839,-1.9224,-4.4774
-0.26252,-1.9009,-4.5936
-0.28495,-1.8876,-4.6975
-0.28196,-1.8579,-4.7881
-0.17576,-1.8276,-4.8655
-0.099481,-1.7988,-4.9305
0.026162,-1.7596,-4.9825
0.12152,-1.7173,-5.021
0.29203,-1.6764,-5.0466
0.44348,-1.6308,-5.0604
0.46554,-1.5837,-5.062
0.50293,-1.5401,-5.0528
0.49134,-1.5014,-5.0348
0.52051,-1.458,-5.0086
0.52537,-1.4104,-4.9735
0.52574,-1.361,-4.9296
0.51602,-1.3043,-4.8765
0.52013,-1.2458,-4.814
0.53921,-1.1853,-4.7424
0.44759,-1.1231,-4.6615
0.37542,-1.0653,-4.5723
0.22435,-1.009,-4.4771
0.11853,-0.94599,-4.3758
0.034389,-0.88265,-4.2665
-0.15146,-0.81831,-4.15
-0.26887,-0.74625,-4.0271
-0.37096,-0.67965,-3.8976
-0.38891,-0.6134,-3.7628
-0.41658,-0.54926,-3.6232
-0.48725,-0.49003,-3.4803
-0.55307,-0.42309,-3.3339
-0.62449,-0.35918,-3.1833
-0.69329,-0.28379,-3.0274
-0.81482,-0.20487,-2.8654
-0.87877,-0.10762,-2.6959
-0.91392,-0.0095628,-2.5162
-0.86755,0.073598,-2.3316
-0.82417,0.16566,-2.1397
-0.79875,0.23267,-1.9454
-0.66861,0.34776,-1.7463
-0.60018,0.40886,-1.5418
-0.48651,0.51964,-1.3376
-0.38367,0.61122,-1.1228
-0.33469,0.69399,-0.9143
-0.2427,0.87039,-0.69159
-0.1724,0.85891,-0.4776
-0.052739,1.1425,-0.25179
0.024293,0.80941,-0.032347
0.14807,-0.0091279,0.0097671
0.31148,0.070681,-0.014685
0.44796,0.071892,-0.002114
0.59268,0.0095196,-0.0084763
0.56314,0.062823,-0.0045322
0.59081,0.0008107,-0.0054432
0.63419,0.043909,-0.005357
0.57548,0.0073715,-0.0032275
0.59193,0.018424,-0.0049408
0.52724,0.019694,-0.0027776
0.48237,0.0063742,-0.0036661
0.49433,0.014645,-0.002174
0.45731,-0.0012213,-0.0023802
0.45507,0.0059731,-0.0019153
0.44011,0.0063592,-0.0011017
0.39524,0.0075589,-0.0010642
0.3313,0.0078064,-0.0002094
0.20304,0.0032138,-0.00012691
0.071409,7.2142e-05,0.00047295
0.015692,0.0064567,0.0016764
-0.033668,0.0072477,0.0029699
-0.07854,0.0078701,0.0038659
-0.13426,0.0037162,0.0049794
-0.20979,-0.0054876,0.0052831
-0.21839,0.0090473,0.0061079
-0.24532,3.8401e-05,0.0067041
-0.30178,0.00088568,0.0065466
-0.35376,-0.00035899,0.0080575
-0.3747,-0.0033732,0.0073339
-0.3317,0.010581,0.0091335
-0.33618,-0.015539,0.0082337
-0.34553,0.014787,0.0091598
-0.29056,-0.020465,0.010318
-0.19633,0.0086986,0.0085374
-0.089011,-0.0030245,0.012467
0.016814,-0.011906,0.0073602
0.069539,0.03168,0.014397
0.10955,-0.063751,0.0073152
0.21014,0.10078,0.01427
0.24679,-0.17947,0.010168
0.29802,0.52299,0.015518
0.37617,2.1309,0.28957
0.54594,2.0372,0.68392
0.6383,1.8307,1.0106
0.59268,1.9464,1.351
0.78376,1.8345,1.6632
0.75572,1.8989,1.9583
0.7602,1.8488,2.2389
0.964,1.8915,2.5019
0.85967,1.8872,2.758
0.88846,1.9067,2.9955
0.89931,1.9525,3.2259
0.82115,1.9577,3.4439
0.82302,1.9895,3.6532
0.78376,1.9795,3.8501
0.77292,1.9898,4.0331
0.6656,1.9845,4.2043
0.58183,1.9737,4.3614
0.39711,1.9408,4.5024
0.23108,1.9053,4.6235
0.16078,1.901,4.7314
0.020179,1.8672,4.8273
0.035885,1.8377,4.9089
-0.027685,1.8166,4.9785
-0.091628,1.7677,5.0353
-0.035911,1.7269,5.0785
-0.037033,1.6965,5.1101
-0.051243,1.6549,5.1299
-0.08415,1.6038,5.1362
-0.13725,1.5558,5.131
-0.27972,1.5169,5.1161
-0.37246,1.4751,5.092
-0.47529,1.4341,5.0599
-0.61028,1.3831,5.0202
-0.53213,1.3242,4.971
-0.43341,1.2705,4.9121
-0.39601,1.2126,4.8444
-0.30552,1.1569,4.7678
-0.22961,1.0963,4.6824
-0.19035,1.0348,4.5894
-0.11332,0.9749,4.4897
-0.10733,0.90519,4.3819
-0.12753,0.84005,4.2661
-0.080784,0.77829,4.1446
-0.090506,0.7133,4.0178
-0.05947,0.64766,3.8851
-0.051243,0.58011,3.7468
-0.050495,0.52046,3.6042
0.029528,0.46165,3.4592
0.03065,0.3944,3.3103
-0.017215,0.32273,3.1567
-0.077045,0.24278,2.997
-0.15894,0.16671,2.8316
-0.21989,0.065237,2.6585
-0.22325,-0.020622,2.4759
-0.26289,-0.10367,2.2892
-0.29019,-0.19229,2.0959
-0.19297,-0.26659,1.9005
-0.16118,-0.38527,1.6977
-0.17464,-0.44357,1.4919
-0.1982,-0.57119,1.2832
-0.24943,-0.63853,1.0674
-0.27635,-0.75771,0.85614
-0.36348,-0.88308,0.63077
-0.42668,-0.90849,0.42011
-0.49361,-1.1915,0.18378
-0.46818,-0.6286,-0.0092749
-0.35301,0.039283,-0.018921
-0.33357,-0.12645,-0.0036361
-0.18287,-0.05394,-0.014201
-0.082654,-0.048373,-0.0070629
-0.046382,-0.065667,-0.012484
0.095341,-0.026775,-0.0096985
0.096837,-0.061172,-0.011521
0.14395,-0.017852,-0.011866
0.22996,-0.042112,-0.011303
0.2337,-0.031243,-0.013035
0.31335,-0.032226,-0.012046
0.34588,-0.029867,-0.013575
0.35747,-0.020682,-0.013133
0.44011,-0.02812,-0.014108
0.49097,-0.017889,-0.014392
0.5063,-0.023787,-0.014415
0.49845,-0.022129,-0.015274
0.49545,-0.018804,-0.015409
0.48947,-0.026246,-0.016293
0.48274,-0.024956,-0.017658
0.46891,-0.01844,-0.01864
0.43712,-0.021252,-0.019668
0.45544,-0.017192,-0.02056
0.41356,-0.022208,-0.020605
0.31185,-0.024169,-0.021782
0.2423,-0.0080595,-0.021831
0.14059,-0.020941,-0.022521
0.032893,-0.008993,-0.023233
-0.042268,-0.020023,-0.022791
-0.13987,-0.022542,-0.024838
-0.22325,-0.014448,-0.023154
-0.26551,-0.029163,-0.025857
-0.29842,0.0060481,-0.024249
-0.30103,-0.041744,-0.025441
-0.28495,0.01869,-0.026589
-0.26887,-0.038164,-0.023582
-0.24943,-0.0017386,-0.030131
-0.22288,0.0044922,-0.02044
-0.25691,-0.076453,-0.034945
-0.23672,0.16241,-0.013425
-0.2326,-1.096,-0.084078
-0.23971,-2.2498,-0.43571
-0.04713,-1.8552,-0.80935
-0.038155,-1.9019,-1.1348
0.12713,-1.9037,-1.4719
0.46442,-1.8553,-1.7726
0.46479,-1.9095,-2.0653
0.68729,-1.8566,-2.3365
0.76432,-1.9216,-2.598
0.67794,-1.8999,-2.8475
0.88622,-1.9392,-3.0816
0.85257,-1.962,-3.3087
0.87874,-1.979,-3.5229
1.0063,-2.0024,-3.729
1.0006,-1.9934,-3.9202
1.0152,-2.0013,-4.0987
0.9711,-1.9917,-4.2647
0.87164,-1.9811,-4.416
0.70748,-1.9479,-4.551
0.64129,-1.9201,-4.6683
0.50555,-1.9048,-4.7727
0.41394,-1.8742,-4.8641
0.44796,-1.8499,-4.9419
0.35448,-1.8233,-5.0078
0.40907,-1.7832,-5.0613
0.4102,-1.7391,-5.1011
0.34364,-1.6997,-5.1282
0.34513,-1.6611,-5.1436
0.22958,-1.6075,-5.1467
0.085992,-1.5606,-5.1381
-0.15183,-1.5232,-5.1205
-0.34553,-1.4779,-5.0946
-0.50932,-1.432,-5.0597
-0.66936,-1.3832,-5.0162
-0.66525,-1.3307,-4.9638
-0.73854,-1.2749,-4.9023
-0.73106,-1.2119,-4.8314
-0.65702,-1.1499,-4.7516
-0.68245,-1.0916,-4.6635
-0.62673,-1.0314,-4.5683
-0.61813,-0.97221,-4.4668
-0.56466,-0.90745,-4.3581
-0.46968,-0.83749,-4.2421
-0.45809,-0.7713,-4.119
-0.38554,-0.70415,-3.9893
-0.30889,-0.64171,-3.8549
-0.22325,-0.58063,-3.7151
-0.11893,-0.51753,-3.5715
-0.065453,-0.45294,-3.4253
-0.034416,-0.38623,-3.2748
-0.052739,-0.30904,-3.1192
-0.088263,-0.22782,-2.9574
-0.094994,-0.14139,-2.7894
-0.088263,-0.037662,-2.6115
-0.037407,0.038912,-2.4272
0.035137,0.13295,-2.2371
0.13311,0.2089,-2.041
0.21911,0.30157,-1.8439
0.26137,0.38886,-1.6384
0.30774,0.46601,-1.4337
0.28605,0.60237,-1.2198
0.23594,0.64386,-1.0068
0.15928,0.833,-0.79015
0.026536,0.86099,-0.56623
-0.050121,1.0126,-0.3534
-0.15295,1.1051,-0.10963
-0.2255,0.25333,0.014289
-0.23447,-0.041651,-0.010482
-0.23784,0.12382,-0.0068042
-0.1451,0.002389,-0.0049296
-0.16455,0.063742,-0.0077565
-0.21316,0.020069,-0.0035199
-0.17801,0.024111,-0.0067854
-0.21465,0.027845,-0.0031487
-0.17202,0.0089723,-0.0050308
-0.12416,0.028122,-0.0034299
-0.11107,0.0067116,-0.0032837
-0.048999,0.019488,-0.0031337
-0.00824,0.00826,-0.0020652
0.04112,0.0099208,-0.0023502
0.069539,0.0085262,-0.0011729
0.10581,0.0072402,-0.0013491
0.13049,0.010269,-0.00046809
0.11778,0.0023815,-8.9423e-05
0.11516,0.0056132,0.00042421
0.12077,0.009036,0.0019126
0.17162,0.0094147,0.0029062
0.24716,0.0070678,0.0038772
0.36121,0.0055982,0.0050994
0.44909,0.00013962,0.0052906
0.48461,0.0027902,0.0060555
0.51153,-0.00038524,0.0067153
0.51303,0.0061568,0.006899
0.47152,-0.0018136,0.0080763
0.38739,-0.00091385,0.0074127
0.33915,0.010753,0.0094147
0.27221,-0.011415,0.0083537
0.18696,0.014108,0.0097709
0.13685,-0.022418,0.0099696
0.097958,0.016669,0.0091185
0.083001,-0.013421,0.012654
0.09908,-0.0055064,0.0076676
0.092349,0.023871,0.015241
0.057199,-0.056373,0.0066516
0.015692,0.10044,0.016077
-0.042642,-0.19218,0.007109
-0.066948,0.66914,0.026593
-0.10509,2.1996,0.32457
0.013074,1.9877,0.71524
0.097211,1.8543,1.0416
0.050468,1.948,1.3839
0.21201,1.839,1.6935
0.13535,1.9172,1.9899
0.129,1.8636,2.2698
0.33092,1.9123,2.5339
0.24192,1.9078,2.7901
0.38178,1.9222,3.0273
0.46891,1.953,3.2581
0.39337,1.9689,3.4758
0.55641,2.0063,3.6854
0.63119,2.0005,3.8832
0.66261,2.0056,4.0673
0.70149,1.9954,4.2391
0.70187,1.9973,4.3974
0.61885,1.9684,4.541
0.56202,1.9241,4.6645
0.49658,1.9157,4.7735
0.37692,1.8924,4.8716
0.48611,1.8572,4.9553
0.45956,1.8336,5.0261
0.43899,1.799,5.0846
0.53846,1.7563,5.1299
0.49172,1.7201,5.1628
0.54556,1.6801,5.1843
0.50069,1.6281,5.193
0.37579,1.5715,5.1892
0.22285,1.5339,5.1754
0.046355,1.4949,5.1529
-0.083028,1.4499,5.1217
-0.29094,1.4107,5.0826
-0.31001,1.3489,5.0346
-0.35301,1.2903,4.9765
-0.41135,1.2392,4.9093
-0.35488,1.1775,4.8341
-0.49025,1.1177,4.7499
-0.51306,1.0587,4.6576
-0.52689,1.0027,4.5596
-0.61178,0.92736,4.4535
-0.58149,0.85671,4.3383
-0.61514,0.80477,4.2175
-0.59383,0.73637,4.0919
-0.54185,0.66706,3.9595
-0.50932,0.60024,3.8217
-0.44799,0.53483,3.6799
-0.39227,0.47881,3.5345
-0.36236,0.4148,3.3856
-0.34366,0.34419,3.2324
-0.33244,0.26459,3.0738
-0.40985,0.18759,2.9089
-0.4005,0.098341,2.7374
-0.33544,0.00094191,2.5559
-0.31225,-0.074113,2.3697
-0.20082,-0.16876,2.1779
-0.089759,-0.23907,1.9817
-0.0052485,-0.346,1.7816
0.075522,-0.42057,1.5744
0.129,-0.51662,1.3681
0.14358,-0.63153,1.151
0.13685,-0.69126,0.93921
0.09908,-0.87573,0.71768
0.044485,-0.87034,0.49813
0.034015,-1.1158,0.27691
-0.029555,-0.9671,0.042445
-0.022076,-0.09062,-0.031297
0.041494,-0.037965,-0.0030663
0.078514,-0.11629,-0.014003
0.14208,-0.019775,-0.010028
0.11404,-0.086481,-0.011153
0.096463,-0.021406,-0.012154
0.084497,-0.05863,-0.010808
0.057573,-0.035922,-0.013815
0.064678,-0.030197,-0.011592
0.062434,-0.042877,-0.013774
0.082627,-0.020536,-0.012897
0.084497,-0.037328,-0.013988
0.075896,-0.02664,-0.01449
0.064304,-0.026613,-0.014471
0.066174,-0.020188,-0.015349
0.077018,-0.023715,-0.015274
0.061312,-0.026493,-0.01608
0.029154,-0.019052,-0.016237
-0.036285,-0.030801,-0.016976
-0.034416,-0.030452,-0.018415
0.0070914,-0.022921,-0.019386
0.028032,-0.027536,-0.020444
0.085245,-0.021072,-0.021565
0.13535,-0.017552,-0.021636
0.15854,-0.019603,-0.022794
0.1432,-0.011284,-0.022896
0.12002,-0.022246,-0.023439
0.09908,-0.013983,-0.024084
0.084123,-0.026302,-0.023739
0.087488,-0.014133,-0.025629
0.0658,-0.011718,-0.024219
0.048599,-0.026692,-0.026637
0.04972,0.0067191,-0.024699
0.073652,-0.045107,-0.026772
0.12114,0.019466,-0.026982
0.15517,-0.043278,-0.025198
0.1791,0.0091635,-0.030833
0.20229,-0.009784,-0.021313
0.16901,-0.058285,-0.036524
0.15779,0.13879,-0.012285
0.12488,-1.2211,-0.10079
0.1189,-2.2517,-0.46561
0.23781,-1.8321,-0.8342
0.22173,-1.9224,-1.1622
0.36345,-1.8995,-1.4995
0.57323,-1.8679,-1.7996
0.54257,-1.9102,-2.0931
0.69589,-1.865,-2.3637
0.65587,-1.9314,-2.6267
0.48985,-1.9071,-2.8768
0.63344,-1.9492,-3.1111
0.54668,-1.967,-3.3382
0.49583,-1.992,-3.5529
0.63232,-2.0128,-3.7598
0.58445,-2.0052,-3.952
0.56837,-2.0162,-4.132
0.58557,-2.0071,-4.299
0.48835,-2.0016,-4.4525
0.33765,-1.9684,-4.5908
0.2767,-1.9344,-4.7099
0.17424,-1.9218,-4.8156
0.12376,-1.8959,-4.9093
0.20565,-1.8666,-4.9888
0.16415,-1.8395,-5.0562
0.25165,-1.8016,-5.111
0.35523,-1.7605,-5.1523
0.33803,-1.7232,-5.1815
0.38664,-1.6827,-5.1987
0.33541,-1.6321,-5.2035
0.24267,-1.5833,-5.1964
0.13273,-1.5417,-5.1797
0.019057,-1.4981,-5.1545
-0.10659,-1.4537,-5.1206
-0.21054,-1.4069,-5.0786
-0.17801,-1.3544,-5.0276
-0.23485,-1.3005,-4.9676
-0.23896,-1.2366,-4.8985
-0.18923,-1.1746,-4.8201
-0.25766,-1.1189,-4.7334
-0.24906,-1.0519,-4.6386
-0.28869,-0.99863,-4.537
-0.32796,-0.93938,-4.4302
-0.30253,-0.86046,-4.3155
-0.35787,-0.79482,-4.1927
-0.3302,-0.73234,-4.0644
-0.28907,-0.66607,-3.9304
-0.32871,-0.5954,-3.7906
-0.30066,-0.53602,-3.6469
-0.28608,-0.47668,-3.5011
-0.33469,-0.40586,-3.3511
-0.37545,-0.33543,-3.1964
-0.45547,-0.25381,-3.0356
-0.51007,-0.17763,-2.8681
-0.4981,-0.074657,-2.6924
-0.47903,0.016455,-2.5075
-0.41621,0.10197,-2.3183
-0.3216,0.19132,-2.1226
-0.21652,0.26258,-1.9257
-0.1208,0.37329,-1.7217
-0.0662,0.43527,-1.515
-0.042642,0.56562,-1.3052
-0.046382,0.62374,-1.0883
-0.040399,0.75547,-0.87621
-0.072183,0.88639,-0.6483
-0.10135,0.90422,-0.43639
-0.095368,1.1895,-0.19952
-0.075923,0.61083,-0.0064855
0.031023,-0.06684,0.0017702
0.10319,0.10924,-0.012968
0.20154,0.039692,-0.0021702
0.27147,0.032179,-0.0094623
0.22585,0.050421,-0.0037261
0.27109,0.0066329,-0.0067142
0.25726,0.041701,-0.0045584
0.24454,0.0041698,-0.0040973
0.28792,0.024999,-0.0047646
0.25239,0.012331,-0.0029275
0.26436,0.015859,-0.0039286
0.27147,0.013696,-0.002174
0.25127,0.0018679,-0.0023802
0.23519,0.010326,-0.0017915
0.22697,0.0017967,-0.0013529
0.18322,0.0070116,-0.0010305
0.12077,0.0040798,-0.00047559
0.096837,0.0048146,-1.4439e-05
0.020179,0.010157,0.00079163
0.026162,0.0056019,0.0018489
0.045607,0.0055644,0.0031499
0.071409,0.0042448,0.0038809
0.1447,0.0010694,0.0049045
0.10357,0.0024415,0.0053131
0.097584,0.0050846,0.0063067
0.038876,-0.0025934,0.0064754
-0.013849,0.0070603,0.0066928
-0.014597,-0.0029308,0.0079525
-0.10172,-9.6563e-05,0.0071577
-0.11556,0.010281,0.0094222
-0.12154,-0.014373,0.0079488
-0.13501,0.006363,0.0095122
-0.085271,-0.022947,0.0096434
-0.016093,0.022502,0.0089798
0.018684,-0.021845,0.012103
0.094593,-0.00041523,0.0075139
0.16452,0.01917,0.014926
0.14844,-0.051353,0.0059992
0.16602,0.096575,0.016748
0.1533,-0.19717,0.0048707
0.16302,0.75106,0.033042
0.19855,2.2223,0.34156
0.34027,1.9525,0.72808
0.40085,1.8464,1.0519
0.36196,1.9226,1.3904
0.5508,1.8321,1.6961
0.46965,1.9076,1.9904
0.45507,1.8418,2.2662
0.61586,1.8955,2.5268
0.51004,1.887,2.7789
0.64204,1.9109,3.0136
0.64503,1.9472,3.2424
0.55491,1.9496,3.458
0.68055,1.9776,3.6647
0.66672,1.9681,3.8583
0.67382,1.9757,4.038
0.6297,1.9718,4.2059
0.51415,1.9486,4.3585
0.36495,1.9099,4.4928
0.2681,1.8816,4.6097
0.16153,1.8637,4.7144
0.023919,1.8417,4.8061
0.10319,1.8159,4.8844
0.055703,1.7785,4.9508
0.074774,1.7383,5.0034
0.20977,1.7074,5.0434
0.17873,1.6669,5.0718
0.25127,1.6099,5.0872
0.24454,1.5665,5.0906
0.10469,1.5155,5.0833
0.0048478,1.4765,5.0661
-0.098733,1.4451,5.0403
-0.2255,1.3927,5.0071
-0.32347,1.3471,4.9651
-0.29692,1.2904,4.9123
-0.29169,1.2371,4.8508
-0.29318,1.181,4.7817
-0.22213,1.1145,4.7035
-0.23784,1.0577,4.6163
-0.23933,0.99509,4.523
-0.22587,0.92946,4.422
-0.28495,0.8632,4.3111
-0.27598,0.80341,4.1937
-0.3029,0.74106,4.0714
-0.30664,0.67245,3.9429
-0.22325,0.60664,3.8089
-0.23186,0.54322,3.6698
-0.18324,0.4836,3.5266
-0.14473,0.42236,3.3806
-0.22512,0.35215,3.2301
-0.27112,0.26213,3.0743
-0.33469,0.19528,2.9133
-0.41658,0.11991,2.7461
-0.46145,0.011323,2.5687
-0.445,-0.059616,2.3855
-0.41284,-0.156,2.1965
-0.35563,-0.23005,2.0016
-0.23859,-0.32555,1.8046
-0.16642,-0.41522,1.5996
-0.094246,-0.49316,1.3958
-0.058348,-0.61869,1.1819
-0.073679,-0.66326,0.97049
-0.11257,-0.84852,0.75336
-0.18474,-0.86584,0.53151
-0.19222,-1.0523,0.31731
-0.22812,-1.0683,0.076161
-0.18549,-0.20102,-0.030555
-0.091628,0.0054857,-0.0033287
-0.038155,-0.13686,-0.010081
0.12937,-0.015033,-0.0095336
0.14694,-0.07721,-0.0082251
0.15629,-0.031408,-0.011359
0.22248,-0.045617,-0.0082701
0.16078,-0.039199,-0.011806
0.2337,-0.028552,-0.0096498
0.23258,-0.042262,-0.011791
0.22547,-0.018767,-0.011423
0.29689,-0.034291,-0.011674
0.2494,-0.021987,-0.012679
0.29989,-0.026595,-0.012327
0.3025,-0.025114,-0.013328
0.26399,-0.018999,-0.013208
0.24753,-0.025177,-0.014055
0.16938,-0.021545,-0.014374
0.11666,-0.023622,-0.014865
0.031397,-0.028282,-0.015802
0.04972,-0.024079,-0.016773
0.098332,-0.018815,-0.017864
0.10693,-0.020285,-0.018708
0.15704,-0.015066,-0.019563
0.13909,-0.018036,-0.019731
0.1462,-0.015824,-0.020706
0.12787,-0.01236,-0.020702
0.044485,-0.027592,-0.021565
0.016814,-0.0069235,-0.022063
-0.0067443,-0.019663,-0.021906
-0.068818,-0.0079245,-0.023687
-0.11818,-0.013758,-0.022093
-0.10546,-0.025189,-0.024875
-0.087889,0.0069291,-0.022678
-0.05573,-0.046794,-0.024924
0.028032,0.022457,-0.024736
0.075148,-0.046813,-0.023368
0.084123,0.018206,-0.028272
0.10544,-0.02,-0.01951
0.094593,-0.04101,-0.034492
0.11366,0.11692,-0.0091737
0.084871,-1.3071,-0.11065
0.12002,-2.2407,-0.48079
0.29128,-1.8092,-0.84275
0.24903,-1.9177,-1.1695
0.43936,-1.8781,-1.5034
0.6641,-1.8575,-1.8005
0.57884,-1.8926,-2.0912
0.75609,-1.8528,-2.3592
0.70449,-1.9098,-2.6193
0.57286,-1.8869,-2.8649
0.67831,-1.9352,-3.0972
0.55603,-1.9506,-3.3225
0.57174,-1.9716,-3.5347
0.65961,-1.9839,-3.738
0.66784,-1.9772,-3.926
0.67569,-1.9855,-4.102
0.61698,-1.9722,-4.2649
0.54332,-1.9533,-4.4124
0.41431,-1.9164,-4.5428
0.35785,-1.8969,-4.6564
0.20977,-1.8784,-4.7579
0.16302,-1.8453,-4.8455
0.23744,-1.8212,-4.9199
0.13348,-1.7876,-4.9831
0.2165,-1.7463,-5.0324
0.2939,-1.7089,-5.0689
0.25875,-1.6661,-5.094
0.3111,-1.6192,-5.106
0.24417,-1.572,-5.1058
0.10544,-1.5305,-5.0953
-0.013849,-1.4872,-5.0753
-0.13127,-1.4395,-5.0464
-0.27935,-1.3964,-5.0095
-0.35264,-1.3445,-4.9637
-0.32272,-1.2911,-4.9089
-0.35712,-1.2361,-4.8451
-0.30365,-1.1721,-4.7719
-0.24083,-1.1132,-4.6908
-0.29879,-1.0503,-4.6013
-0.27561,-0.9942,-4.5037
-0.30141,-0.9372,-4.4015
-0.35339,-0.86216,-4.2917
-0.32123,-0.79468,-4.173
-0.37171,-0.73063,-4.0483
-0.33918,-0.66487,-3.9182
-0.25467,-0.59474,-3.782
-0.27336,-0.53489,-3.641
-0.22325,-0.48511,-3.4977
-0.20269,-0.41436,-3.3507
-0.22026,-0.34809,-3.1988
-0.2442,-0.2689,-3.0415
-0.32347,-0.18805,-2.8784
-0.34142,-0.098167,-2.7078
-0.35451,-0.0019036,-2.527
-0.34329,0.079731,-2.3419
-0.27448,0.17889,-2.1496
-0.16978,0.24313,-1.954
-0.067322,0.3474,-1.754
0.0026042,0.41978,-1.5481
0.059443,0.5309,-1.3416
0.047477,0.61783,-1.1261
0.035885,0.70797,-0.91628
-0.0093619,0.87601,-0.69199
-0.077419,0.86575,-0.47806
-0.10172,1.1548,-0.25073
-0.14847,0.80633,-0.030904
-0.11444,-0.016543,0.0096022
-0.046756,0.065447,-0.014497
0.024667,0.073065,-0.0018703
0.1189,0.014907,-0.0084313
0.12974,0.060225,-0.004281
0.16041,0.0019616,-0.0052745
0.16901,0.04626,-0.0049746
0.13386,0.0085786,-0.00307
0.15667,0.020999,-0.0047909
0.15816,0.017629,-0.0023502
0.17462,0.0090173,-0.0032912
0.18434,0.020092,-0.0020352
0.17649,0.0042898,-0.0022414
0.20453,0.012564,-0.0014954
0.21724,0.0070416,-0.00098547
0.22846,0.0076301,-0.0010792
0.17349,0.0056094,-1.069e-05
0.12974,0.0054257,7.5541e-05
0.091975,0.0075289,0.00077663
0.038128,0.00802,0.0017964
0.082627,0.01196,0.0031011
0.10731,0.0044285,0.0039597
0.16003,0.005512,0.0047732
0.21687,0.002644,0.0055568
0.19294,0.0018567,0.0059617
0.19256,0.0038137,0.0068615
0.19331,-0.0020498,0.0067041
0.14994,0.0071165,0.00802
0.080383,-0.0057426,0.0079113
0.034763,0.0055419,0.0085037
-0.011979,-0.0093979,0.0094597
-0.046008,0.002569,0.008305
-0.040773,-0.0017874,0.011094
-0.019832,-0.013612,0.0082337
0.03925,0.019859,0.012084
0.096089,-0.04035,0.0094747
0.12451,0.0453,0.011237
0.14881,-0.052474,0.012763
0.15629,0.044487,0.0073002
0.10693,-0.042385,0.020167
0.13348,7.964e-05,-0.0061631
0.14994,1.6239,0.14721
0.1907,2.2292,0.5358
0.36196,1.7842,0.88203
0.31634,1.9262,1.2118
0.4001,1.8434,1.5386
0.48012,1.8746,1.8349
0.33092,1.8716,2.1234
0.48199,1.8447,2.3874
0.48648,1.8936,2.6458
0.42964,1.8795,2.8878
0.55902,1.9292,3.1194
0.52126,1.9329,3.3418
0.5321,1.959,3.5522
0.60876,1.9531,3.7529
0.63905,1.9542,3.938
0.61698,1.9688,4.1114
0.59417,1.9475,4.271
0.49545,1.9098,4.4134
0.36794,1.8718,4.537
0.30138,1.8668,4.6473
0.19967,1.8393,4.7457
0.19705,1.808,4.8295
0.15218,1.7801,4.9006
0.17387,1.7377,4.9586
0.25539,1.7081,5.0042
0.27109,1.6673,5.0378
0.33504,1.6191,5.0582
0.29577,1.5749,5.0669
0.27296,1.5206,5.0636
0.14395,1.4736,5.0496
-0.0078661,1.437,5.0276
-0.10472,1.3917,4.9974
-0.27149,1.3424,4.9581
-0.27149,1.2919,4.909
-0.29954,1.2337,4.8512
-0.29355,1.176,4.7844
-0.26663,1.1174,4.7083
-0.28009,1.057,4.6237
-0.24681,1.0054,4.5329
-0.31562,0.9405,4.4355
-0.30515,0.86218,4.3281
-0.35339,0.80236,4.2132
-0.4106,0.74476,4.0936
-0.3747,0.67962,3.9675
-0.38966,0.61547,3.8357
-0.34404,0.54593,3.6984
-0.29655,0.49079,3.557
-0.2427,0.43484,3.4129
-0.25691,0.36121,3.2644
-0.30851,0.29166,3.1114
-0.33357,0.21769,2.9525
-0.39714,0.13429,2.7875
-0.42705,0.035751,2.6134
-0.44425,-0.038078,2.4319
-0.39414,-0.13299,2.2463
-0.33693,-0.21496,2.0528
-0.24233,-0.28949,1.8583
-0.096863,-0.39763,1.6556
-0.040025,-0.45927,1.4518
0.042242,-0.59498,1.2418
0.064678,-0.64292,1.028
0.023171,-0.80006,0.81615
0.0022302,-0.88394,0.59039
-0.070314,-0.95407,0.38089
-0.11631,-1.173,0.14035
-0.084897,-0.44722,-0.021505
-0.013101,0.051081,-0.010043
0.037754,-0.14318,-0.0046297
0.13348,-0.028094,-0.011266
0.20079,-0.060564,-0.0053083
0.15106,-0.048084,-0.010895
0.17275,-0.027738,-0.0071229
0.17686,-0.053891,-0.010456
0.14283,-0.021346,-0.0093986
0.18097,-0.044616,-0.0098523
0.16489,-0.021875,-0.010812
0.1447,-0.030501,-0.010066
0.16714,-0.026197,-0.011783
0.17536,-0.024833,-0.011232
0.18883,-0.027536,-0.012203
0.19705,-0.016682,-0.012435
0.17798,-0.024086,-0.012672
0.12974,-0.021578,-0.013219
0.097211,-0.019569,-0.01377
0.059443,-0.020169,-0.014276
0.017188,-0.023404,-0.01506
0.057573,-0.020105,-0.01656
0.081131,-0.019355,-0.017309
0.098332,-0.021492,-0.018145
0.16153,-0.014463,-0.018449
0.14171,-0.021605,-0.019191
0.12189,-0.014973,-0.019941
0.11927,-0.019014,-0.019728
0.075522,-0.019584,-0.021287
0.050468,-0.010541,-0.020631
0.02504,-0.021282,-0.022056
0.009709,0.00093441,-0.021662
-0.014971,-0.029294,-0.022101
-0.008614,0.0017292,-0.023492
0.060191,-0.023704,-0.021508
0.10394,-0.014212,-0.025809
0.16714,0.0058456,-0.020815
0.19593,-0.052823,-0.027035
0.17611,0.057203,-0.02128
0.13535,-0.1127,-0.025824
0.10469,0.14296,-0.025734
0.1346,-0.41417,-0.021306
0.083749,-2.032,-0.27376
0.17387,-2.0322,-0.67073
0.23893,-1.8014,-0.99878
0.23033,-1.9409,-1.3359
0.51153,-1.8188,-1.6483
0.5579,-1.8952,-1.9405
0.61549,-1.8481,-2.2207
0.75385,-1.8785,-2.4817
0.55416,-1.8888,-2.7362
0.60277,-1.8954,-2.9725
0.59193,-1.9439,-3.2025
0.47077,-1.9444,-3.4209
0.60277,-1.9723,-3.6285
0.60988,-1.9627,-3.8233
0.59081,-1.9681,-4.0037
0.57099,-1.9645,-4.1725
0.48985,-1.9424,-4.3255
0.3728,-1.9125,-4.4623
0.26735,-1.8845,-4.5818
0.2165,-1.8687,-4.6886
0.14246,-1.8399,-4.7826
0.12862,-1.8089,-4.8623
0.16676,-1.7784,-4.9295
0.20977,-1.7415,-4.9838
0.24716,-1.7026,-5.0253
0.30811,-1.6598,-5.0545
0.33765,-1.6112,-5.0707
0.34214,-1.5671,-5.0747
0.27072,-1.5256,-5.0686
0.092349,-1.4824,-5.0529
-0.046008,-1.4394,-5.028
-0.18212,-1.3967,-4.9948
-0.25766,-1.3483,-4.9531
-0.29542,-1.29,-4.902
-0.29729,-1.2336,-4.8416
-0.28234,-1.1787,-4.7718
-0.27635,-1.1137,-4.6933
-0.22961,-1.0441,-4.6057
-0.28421,-0.99075,-4.5101
-0.28645,-0.94173,-4.4104
-0.28047,-0.86709,-4.3038
-0.31562,-0.7954,-4.1874
-0.30776,-0.73805,-4.0652
-0.34291,-0.6698,-3.9377
-0.32497,-0.60081,-3.8033
-0.32347,-0.54155,-3.664
-0.26401,-0.48593,-3.5227
-0.22886,-0.41789,-3.3772
-0.30926,-0.35191,-3.227
-0.313,-0.28074,-3.0722
-0.37844,-0.19879,-2.9107
-0.43116,-0.11148,-2.7427
-0.4192,-0.013282,-2.564
-0.41322,0.064784,-2.3802
-0.34628,0.16026,-2.1903
-0.2513,0.23039,-1.9951
-0.15445,0.3289,-1.7978
-0.063209,0.40786,-1.5925
0.055329,0.4994,-1.3881
0.087114,0.61264,-1.174
0.091228,0.67214,-0.96338
0.088236,0.86152,-0.74311
0.015692,0.85283,-0.52434
-0.01011,1.0915,-0.30648
-0.078914,0.99428,-0.068703
-0.040773,0.10352,0.014754
0.027284,0.012061,-0.013699
0.070287,0.10594,-0.0035424
0.22398,-0.0028746,-0.0066242
0.20266,0.065335,-0.0056457
0.18883,0.0073602,-0.0040898
0.25015,0.037678,-0.0061031
0.22173,0.015473,-0.0027626
0.24679,0.011724,-0.0050683
0.26473,0.022191,-0.0024364
0.22398,0.0049009,-0.00319
0.21051,0.021606,-0.0024776
0.23145,0.0035325,-0.0015478
0.22098,0.012673,-0.0017091
0.22435,0.0077989,-0.001038
0.2236,0.0052008,-0.001068
0.16153,0.011855,-3.6934e-05
0.10768,0.0053358,0.00011678
0.04972,0.0081513,0.00051794
-0.013101,0.0078738,0.001459
-0.011979,0.0088073,0.0027562
0.051216,0.0060706,0.0039709
0.083375,0.0012306,0.0046983
0.10469,0.0030526,0.0057818
0.13161,0.0012418,0.0061192
0.12862,0.0032888,0.0069178
0.1361,-0.0022372,0.0071465
0.10357,0.0058156,0.0076601
0.071035,-0.0020048,0.0084174
0.039998,0.002449,0.0080013
-0.017589,-0.00053145,0.0098646
-0.019084,-0.011385,0.0082075
-0.029555,0.013351,0.010667
0.0048478,-0.020971,0.0096284
0.0658,0.023189,0.010416
0.13086,-0.026073,0.012242
0.21762,0.017914,0.00832
0.17462,-0.0061475,0.015571
0.19182,-0.031866,0.0061304
0.19107,0.077804,0.019361
0.14395,-0.19209,0.00091535
0.1877,0.97476,0.055158
0.18957,2.2591,0.39167
0.34438,1.8792,0.76827
0.37542,1.8606,1.0899
0.37692,1.8976,1.4265
0.51939,1.8273,1.7286
0.39038,1.8847,2.0212
0.4618,1.8225,2.2923
0.54968,1.8766,2.5514
0.42964,1.8645,2.8006
0.53397,1.9043,3.034
0.51303,1.9274,3.261
0.47975,1.9348,3.4745
0.57735,1.9585,3.679
0.58183,1.9362,3.8689
0.57996,1.95,4.0456
0.55528,1.9402,4.2106
0.45769,1.8999,4.3581
0.33504,1.8752,4.4867
0.26885,1.8555,4.6003
0.1533,1.8364,4.7023
0.13311,1.8003,4.7916
0.14844,1.7612,4.867
0.10955,1.7395,4.9294
0.20939,1.7032,4.9788
0.22285,1.6589,5.0152
0.28418,1.6152,5.0395
0.33429,1.5624,5.0517
0.24192,1.5176,5.0516
0.1791,1.4834,5.0408
0.041868,1.4414,5.022
-0.067696,1.395,4.9948
-0.22026,1.3516,4.9587
-0.29056,1.2992,4.914
-0.26551,1.2402,4.8592
-0.29767,1.1842,4.7952
-0.24569,1.1236,4.7224
-0.27112,1.0658,4.6403
-0.24158,1.0086,4.5517
-0.2584,0.93906,4.4564
-0.32384,0.87583,4.3517
-0.27972,0.81575,4.2394
-0.356,0.7505,4.1216
-0.37433,0.68708,3.9973
-0.36049,0.62539,3.8671
-0.36797,0.55881,3.7317
-0.31337,0.49485,3.5915
-0.27299,0.44222,3.4485
-0.26588,0.37647,3.3016
-0.28944,0.30554,3.1502
-0.32758,0.23001,2.9933
-0.40274,0.14865,2.8299
-0.42219,0.053248,2.6585
-0.42406,-0.027776,2.4781
-0.41359,-0.11386,2.2931
-0.32684,-0.20387,2.1006
-0.2498,-0.27122,1.9067
-0.14585,-0.38624,1.7067
-0.050869,-0.44387,1.5024
0.0044739,-0.56933,1.2953
0.034015,-0.6392,1.0804
0.028406,-0.74917,0.87071
-0.0048746,-0.89237,0.64496
-0.054608,-0.89386,0.43366
-0.081158,-1.1836,0.20122
-0.096489,-0.68606,-0.0004006
-0.041147,0.033817,-0.018625
0.017936,-0.11272,-0.0006443
0.10095,-0.059241,-0.011978
0.20079,-0.04417,-0.0046259
0.1963,-0.070327,-0.009721
0.23519,-0.018545,-0.0071716
0.23258,-0.059616,-0.0088812
0.19892,-0.019816,-0.0094961
0.24192,-0.041328,-0.0084538
0.22285,-0.027453,-0.010572
0.20416,-0.024034,-0.0094211
0.19817,-0.028424,-0.011153
0.19967,-0.017931,-0.0107
0.21724,-0.026171,-0.011322
0.215,-0.016394,-0.011731
0.21164,-0.023573,-0.011761
0.1548,-0.020517,-0.012747
0.10132,-0.017874,-0.013002
0.036259,-0.023007,-0.013395
-0.008614,-0.022028,-0.014156
0.036633,-0.024011,-0.015735
0.070287,-0.018118,-0.016679
0.11067,-0.017721,-0.017381
0.13498,-0.017305,-0.018235
0.1447,-0.020098,-0.018498
0.13834,-0.018523,-0.019304
0.11105,-0.012161,-0.019109
0.090106,-0.021466,-0.020399
0.050842,-0.0053752,-0.020579
0.023919,-0.024739,-0.020946
-0.028059,-0.010238,-0.022052
-0.042642,-0.014358,-0.020564
-0.025815,-0.015749,-0.023503
0.0070914,0.0033375,-0.020695
0.067669,-0.037369,-0.024167
0.126,0.024879,-0.022397
0.17013,-0.055076,-0.022993
0.16228,0.034424,-0.025734
0.17948,-0.048613,-0.019026
0.16901,0.0051595,-0.032805
0.17536,0.035069,-0.0060731
0.14994,-1.5168,-0.14267
0.16527,-2.21,-0.52686
0.28306,-1.7812,-0.8783
0.25576,-1.9235,-1.2063
0.43226,-1.8442,-1.5337
0.60764,-1.8621,-1.8282
0.57099,-1.8722,-2.1166
0.71421,-1.8404,-2.3807
0.61698,-1.8906,-2.6381
0.50144,-1.8726,-2.8805
0.60016,-1.9274,-3.1124
0.49246,-1.9342,-3.3359
0.49882,-1.9562,-3.5466
0.58969,-1.9605,-3.7467
0.56164,-1.9535,-3.9316
0.54631,-1.9567,-4.1049
0.5048,-1.9363,-4.2635
0.38813,-1.9095,-4.4058
0.30437,-1.8783,-4.5304
0.20229,-1.8614,-4.6404
0.085992,-1.8346,-4.7388
0.1361,-1.8064,-4.8231
0.096837,-1.7806,-4.8949
0.1346,-1.7445,-4.9542
0.24043,-1.7052,-5.0001
0.23295,-1.6611,-5.0332
0.33728,-1.6137,-5.0536
0.32531,-1.5661,-5.0618
0.26324,-1.5205,-5.0583
0.15629,-1.4779,-5.0446
-0.01011,-1.438,-5.0226
-0.10247,-1.3954,-4.9923
-0.21839,-1.3456,-4.9533
-0.2442,-1.2918,-4.9054
-0.27074,-1.2381,-4.848
-0.23821,-1.1798,-4.7813
-0.20718,-1.1208,-4.7056
-0.24083,-1.0585,-4.6211
-0.20231,-0.99337,-4.528
-0.24681,-0.9464,-4.4298
-0.24382,-0.8841,-4.3261
-0.27187,-0.80572,-4.2131
-0.31749,-0.74523,-4.0931
-0.29243,-0.67891,-3.9676
-0.30664,-0.61412,-3.8355
-0.27299,-0.55363,-3.6977
-0.25579,-0.49068,-3.5565
-0.21391,-0.42915,-3.4125
-0.22812,-0.36444,-3.264
-0.27673,-0.29348,-3.1109
-0.30365,-0.21599,-2.9516
-0.39639,-0.12919,-2.7862
-0.40574,-0.026662,-2.6105
-0.38928,0.051951,-2.4275
-0.34965,0.14858,-2.2391
-0.26401,0.22071,-2.0436
-0.17016,0.3075,-1.8476
-0.0662,0.40428,-1.6432
0.013822,0.46849,-1.4398
0.099454,0.5983,-1.2284
0.081131,0.64434,-1.0161
0.070661,0.8213,-0.80156
0.052712,0.86179,-0.5777
-0.021328,1.0032,-0.36624
-0.040025,1.1328,-0.12208
-0.05573,0.29874,0.01361
0.011953,-0.048792,-0.0082064
0.069913,0.12608,-0.0071753
0.15704,0.0025165,-0.0038123
0.22024,0.059441,-0.0073853
0.18135,0.018502,-0.0028338
0.21874,0.021142,-0.0062343
0.18509,0.034177,-0.0024701
0.18509,0.007304,-0.0043035
0.23744,0.023777,-0.0029538
0.20004,0.00011338,-0.0026501
0.20752,0.015394,-0.0027551
0.21425,0.0058794,-0.0012592
0.2236,0.0097558,-0.0016566
0.23706,0.0093734,-0.00076052
0.22248,0.0039486,-0.00085425
0.21612,0.010344,0.00011303
0.16564,0.003525,0.00052919
0.090854,0.0076826,0.00075039
0.036633,0.011162,0.0021488
0.025788,0.0078813,0.0033673
0.045607,0.0077389,0.0043421
0.080009,0.0079601,0.0054518
0.12451,-0.0017386,0.0056693
0.13199,0.0037799,0.0063441
0.13311,0.00064949,0.0072702
0.12563,0.0054107,0.0072514
0.10506,0.0028727,0.0085674
0.094219,-0.0057688,0.008065
0.061312,0.0087324,0.0096734
0.0089611,-0.015366,0.0090585
-0.025441,0.017827,0.0098871
-0.03479,-0.016412,0.010821
-0.017589,0.0030938,0.0088411
0.044859,-0.00085386,0.013295
0.11441,-0.016101,0.0081625
0.15368,0.035572,0.014986
0.17237,-0.066334,0.0087924
0.16901,0.10064,0.014161
0.1432,-0.17252,0.012354
0.16676,0.45029,0.011548
0.14769,2.0927,0.27421
0.24566,2.0472,0.67217
0.35485,1.8186,1.0014
0.28717,1.9557,1.3425
0.44759,1.8308,1.6579
0.39898,1.9083,1.9551
0.35934,1.8522,2.2383
0.56089,1.8866,2.5027
0.43862,1.901,2.7618
0.53023,1.8973,3.0013
0.59044,1.9411,3.2331
0.46442,1.9449,3.4528
0.55528,1.9778,3.6641
0.5923,1.9819,3.8641
0.59567,1.9859,4.0503
0.58782,1.976,4.2247
0.55117,1.9705,4.3851
0.43076,1.952,4.5323
0.35448,1.9036,4.6594
0.25539,1.8768,4.77
0.16452,1.8652,4.8702
0.21238,1.8393,4.9565
0.16863,1.8061,5.0296
0.2509,1.7742,5.0908
0.27259,1.7386,5.139
0.27221,1.6978,5.1745
0.35448,1.6492,5.1976
0.29054,1.6018,5.2086
0.25651,1.5461,5.2075
0.11404,1.5017,5.195
-0.0089879,1.4712,5.1737
-0.16978,1.4255,5.1444
-0.29355,1.3778,5.1063
-0.26626,1.3264,5.0594
-0.34179,1.2743,5.0036
-0.2498,1.215,4.9386
-0.26663,1.1523,4.8641
-0.29804,1.0963,4.7815
-0.25915,1.0352,4.6914
-0.36386,0.9764,4.5938
-0.31263,0.91482,4.4886
-0.35114,0.84895,4.3759
-0.37844,0.78052,4.2563
-0.34852,0.71569,4.1304
-0.37021,0.65616,3.999
-0.33843,0.589,3.8623
-0.31263,0.52751,3.7204
-0.24831,0.47417,3.5758
-0.27411,0.40071,3.428
-0.3044,0.33401,3.2752
-0.3403,0.26693,3.1181
-0.40274,0.17544,2.9538
-0.40349,0.092901,2.7826
-0.42219,0.0021903,2.6027
-0.36909,-0.081465,2.4162
-0.28608,-0.17412,2.2242
-0.19072,-0.24105,2.0273
-0.1092,-0.34267,1.8285
-0.04339,-0.43156,1.6206
0.034763,-0.50279,1.414
0.013822,-0.63055,1.1984
0.029528,-0.67531,0.98456
-0.0067443,-0.86294,0.76522
-0.069566,-0.87547,0.54141
-0.059096,-1.0511,0.32686
-0.11257,-1.1004,0.082418
-0.029555,-0.22674,-0.031714
0.059069,0.010187,-0.005237
0.10768,-0.13926,-0.010861
0.24641,-0.015228,-0.01088
0.20715,-0.080329,-0.0091287
0.16003,-0.02905,-0.012679
0.21762,-0.045437,-0.0094436
0.18022,-0.04327,-0.013137
0.16938,-0.023839,-0.01091
0.20378,-0.042164,-0.012765
0.20042,-0.025102,-0.012604
0.18808,-0.039806,-0.012829
0.17237,-0.024484,-0.0138
0.17873,-0.026996,-0.013429
0.1634,-0.023265,-0.014734
0.16714,-0.023115,-0.014539
0.14732,-0.028994,-0.015082
0.0744,-0.02204,-0.015577
0.052712,-0.022699,-0.016256
0.0059696,-0.022542,-0.017699
0.017188,-0.024806,-0.018704
0.090106,-0.025219,-0.019679
0.12226,-0.017574,-0.020777
0.1548,-0.018174,-0.02092
0.16975,-0.024799,-0.02191
0.15442,-0.013795,-0.022108
0.11853,-0.02117,-0.022577
0.092349,-0.0093679,-0.023477
0.054208,-0.016716,-0.023023
0.017562,-0.014714,-0.025006
0.014196,-0.0051015,-0.023428
-0.011605,-0.027738,-0.025884
0.010457,0.010671,-0.024718
0.044485,-0.040822,-0.025498
0.067295,0.012264,-0.027083
0.15143,-0.03428,-0.023705
0.16788,-0.007827,-0.030608
0.17686,0.013257,-0.020672
0.17536,-0.085027,-0.034807
0.1462,0.17425,-0.015097
0.091975,-1.0233,-0.075174
0.060191,-2.2364,-0.41971
0.22248,-1.8598,-0.79812
0.22285,-1.8951,-1.1253
0.3227,-1.9116,-1.4655
0.56127,-1.8476,-1.7681
0.4805,-1.9058,-2.0628
0.64877,-1.8535,-2.3368
0.6641,-1.9156,-2.6004
0.47302,-1.8943,-2.8528
0.62372,-1.93,-3.0883
0.50892,-1.9518,-3.3173
0.47489,-1.9719,-3.5333
0.60053,-1.9958,-3.7416
0.58034,-1.9882,-3.9363
0.61885,-1.9993,-4.1186
0.58071,-1.9864,-4.2881
0.51378,-1.9801,-4.4436
0.37355,-1.9517,-4.5844
0.32494,-1.9171,-4.7068
0.21537,-1.8976,-4.8149
0.12451,-1.8698,-4.9101
0.2337,-1.8421,-4.9917
0.16863,-1.8157,-5.0609
0.27633,-1.7801,-5.1179
0.37131,-1.7395,-5.1621
0.34214,-1.6998,-5.1934
0.43301,-1.6536,-5.2122
0.34887,-1.6065,-5.2192
0.24866,-1.5594,-5.2144
0.10581,-1.515,-5.199
-0.058722,-1.4777,-5.1752
-0.14398,-1.4313,-5.1431
-0.2584,-1.3823,-5.1021
-0.25579,-1.3347,-5.0525
-0.26177,-1.2778,-4.9939
-0.2614,-1.2186,-4.9258
-0.23859,-1.1563,-4.8487
-0.2857,-1.0906,-4.763
-0.28832,-1.0319,-4.669
-0.33357,-0.97978,-4.5691
-0.33805,-0.91665,-4.4638
-0.33656,-0.84369,-4.35
-0.37881,-0.77776,-4.2292
-0.31263,-0.71148,-4.1018
-0.30178,-0.64327,-3.9678
-0.32609,-0.5807,-3.8289
-0.28308,-0.52307,-3.6859
-0.27261,-0.46458,-3.5402
-0.3302,-0.39744,-3.3903
-0.37881,-0.33097,-3.236
-0.38816,-0.25086,-3.0768
-0.44313,-0.16872,-2.9105
-0.43976,-0.07288,-2.7364
-0.36161,0.018034,-2.5527
-0.30889,0.099537,-2.3645
-0.20381,0.19821,-2.1686
-0.10247,0.25751,-1.9704
-0.03105,0.36861,-1.7676
0.042616,0.43645,-1.5591
0.070287,0.54489,-1.3507
0.078888,0.64191,-1.1325
0.060565,0.72573,-0.9201
-0.016467,0.88766,-0.694
-0.068818,0.88292,-0.47755
-0.08041,1.1614,-0.24742
-0.077793,0.79701,-0.028891
0.0052217,-0.015074,0.0094747
0.0744,0.073556,-0.01425
0.14657,0.073684,-0.0017503
0.21949,0.013891,-0.0082776
0.18546,0.06129,-0.0039548
0.19182,0.0018154,-0.005237
0.2064,0.038916,-0.0049483
0.20752,0.0069103,-0.0030175
0.25239,0.024182,-0.0047046
0.2423,0.019031,-0.002114
0.22547,0.010033,-0.0032575
0.21949,0.018094,-0.0019228
0.20715,0.0062992,-0.0016941
0.19817,0.015672,-0.0012629
0.18696,0.006228,-0.00074178
0.16377,0.0073302,-0.00061431
0.089358,0.0061493,0.00030049
0.032519,0.0061268,0.00039422
0.017188,0.0078663,0.00097159
0.024293,0.00034207,0.0014027
0.044111,0.0014968,0.0020139
0.12451,0.0030151,0.0024788
0.1806,0.00073572,0.0025387
0.16302,0.0011069,0.0027674
0.17462,-0.0014837,0.00264
0.1447,-0.0027846,0.00261
0.11553,-0.001435,0.0027599
0.075522,-0.0012063,0.00267
0.032893,-0.00035524,0.0026175
0.0063435,-0.0050752,0.0027449
-0.04526,-0.008007,0.0027524
-0.041521,-0.0021923,0.0025987
-0.021328,-0.0017986,0.0026662
0.046729,-0.007081,0.0027899
0.14021,-0.0089967,0.0027637
