0.060939,-0.0083556,0.0014177
0.060565,-0.0092142,0.001369
0.053834,-0.0090717,0.0012753
0.06206,-0.0039655,0.001549
0.053834,-0.0017124,0.0020888
0.04972,-0.0071897,0.0020251
0.071035,0.0053358,0.0021413
0.074026,0.00327,0.0023063
0.064304,0.00055202,0.0021188
0.054208,0.0077651,0.0021713
0.057947,-0.012667,0.001519
0.060191,-0.00023903,0.0024113
0.057199,-0.010208,0.0017402
0.048972,-0.0039168,0.0024638
0.060565,0.0022353,0.00252
0.061686,-0.00608,0.001399
0.055703,0.016313,0.0038097
0.051216,-0.025459,-0.00036311
0.032145,0.010048,0.0041884
0.071035,-0.027472,-0.00011192
0.033641,0.015023,0.0030111
0.081879,-0.021845,0.0025725
0.071035,-0.018534,-0.0023052
0.040746,0.038792,0.0099546
0.079261,-0.13129,-0.014917
0.010457,1.6141,0.087727
0.18845,3.6244,0.29214
-0.078914,4.6516,0.43418
-0.074053,6.454,0.43489
0.25913,6.0745,0.37896
-0.02245,5.4329,0.42929
0.11853,6.5352,0.3123
0.20154,5.2546,0.24442
-0.062087,3.5835,0.39153
0.11142,3.621,0.44457
0.40122,3.4397,0.5004
0.072157,4.0926,0.53085
0.022423,5.1653,0.48416
0.258,5.0222,0.4297
-0.18175,4.5514,0.37053
-0.06807,3.6343,0.33989
0.04972,2.9006,0.33314
-0.1982,2.7757,0.32917
0.1189,2.3683,0.31711
0.029528,2.1683,0.30648
-0.023198,2.0067,0.29259
0.099454,1.8694,0.27152
-0.011605,1.7558,0.24413
0.13311,1.4136,0.21266
0.085245,1.1399,0.18296
0.020553,0.8264,0.15236
0.034763,0.6099,0.12289
0.090854,0.36175,0.092834
0.027284,0.08228,0.061074
0.054208,-0.20132,0.028157
0.20902,-0.51655,-0.0014316
0.031771,-0.34306,-0.0097135
0.10132,-0.13781,-0.005387
0.1103,-0.17581,-0.0058294
-0.08415,-0.12929,-0.0056832
-0.0662,-0.12448,-0.0057394
-0.010858,-0.10704,-0.0058144
-0.025441,-0.098845,-0.0056007
-0.0056225,-0.10224,-0.0058856
0.16377,-0.08933,-0.0056082
0.12413,-0.097755,-0.0059006
0.12974,-0.085402,-0.0057094
0.2494,-0.081761,-0.005552
0.083375,-0.083617,-0.0054957
0.1548,-0.085675,-0.005552
0.14657,-0.080936,-0.0056344
-0.044138,-0.069689,-0.0054245
0.032145,-0.072295,-0.0054845
-0.038155,-0.073592,-0.0057094
-0.023945,-0.066405,-0.0057919
0.094593,-0.067657,-0.0056944
0.095715,-0.070923,-0.0058032
0.13012,-0.068906,-0.0059044
0.16901,-0.065805,-0.0056532
0.11553,-0.0626,-0.005537
0.0074654,-0.060242,-0.0056344
0.080383,-0.056422,-0.005357
0.023919,-0.056827,-0.0053982
0.018684,-0.055721,-0.0055032
0.10319,-0.056665,-0.0051733
0.0063435,-0.057884,-0.0053682
0.087862,-0.052242,-0.0052633
0.09908,-0.053198,-0.0052445
0.045981,-0.05196,-0.0055745
0.074774,-0.050037,-0.0051883
0.060939,-0.053929,-0.0050533
-0.023572,-0.051162,-0.0051658
-0.022824,-0.049392,-0.0050008
0.010083,-0.055215,-0.0049783
-0.10696,-0.052392,-0.0051583
0.039624,-0.044361,-0.0049408
0.097211,-0.046543,-0.0046784
0.071035,-0.04742,-0.0049221
0.1791,-0.046363,-0.0049896
0.10282,-0.04874,-0.0049858
0.093097,-0.04742,-0.0049408
0.039998,-0.044264,-0.0048059
-0.0041267,-0.043833,-0.0047234
-0.019458,-0.047701,-0.0047159
-0.024319,-0.045703,-0.0046971
0.029528,-0.043233,-0.0045697
-0.024693,-0.046847,-0.0046896
0.089732,-0.043259,-0.0046784
0.12937,-0.044354,-0.0045997
0.11703,-0.051391,-0.0046971
0.19256,-0.056542,-0.0048809
0.14283,-0.053284,-0.0050608
0.16975,-0.04558,-0.0051133
0.09048,-0.056272,-0.0054732
0.017936,-0.053407,-0.0053495
0.040746,-0.055484,-0.0054545
0.052338,-0.050873,-0.0054582
0.096089,-0.048305,-0.0052145
0.07814,-0.053876,-0.0056757
0.14059,-0.034767,-0.0049146
0.081879,-0.065487,-0.0056307
0.06206,-0.029193,-0.0048396
0.10095,-0.066926,-0.0053308
0.0074654,-0.036117,-0.0052633
0.040372,-0.038854,-0.0041573
0.015318,-0.081008,-0.0064743
0.018684,0.0071915,-0.0033062
0.047851,-0.1344,-0.0067742
0.06393,0.069695,-0.0023689
0.11366,-0.17234,-0.0063768
0.093097,0.117,-0.0032725
0.11105,-0.35186,-0.0046784
0.061312,-3.767,-0.12849
0.080757,-5.0383,-0.2724
0.093471,-4.6843,-0.35918
0.036633,-5.0677,-0.4436
0.067295,-4.9505,-0.49942
0.063556,-5.1046,-0.53986
0.13124,-5.0825,-0.56451
0.18696,-5.0039,-0.57315
0.12488,-4.9728,-0.5764
0.10132,-4.8111,-0.57266
0.070661,-4.6687,-0.5671
0.013822,-4.4085,-0.55365
-0.0033789,-4.2138,-0.53726
0.022423,-3.9865,-0.51729
0.023545,-3.776,-0.49515
-0.021702,-3.5607,-0.47288
-0.027311,-3.2969,-0.44736
-0.065453,-3.0415,-0.41956
-0.042268,-2.7571,-0.38971
0.029154,-2.4918,-0.3601
0.017188,-2.2276,-0.33015
0.047103,-1.9763,-0.30056
0.087488,-1.7179,-0.27049
0.05346,-1.4284,-0.23665
0.038876,-1.1771,-0.20318
0.071783,-0.8867,-0.16834
0.053834,-0.66185,-0.13454
0.066174,-0.39257,-0.10219
0.070661,-0.093443,-0.06675
0.031023,0.18658,-0.032898
-0.0067443,0.55275,-0.0016828
-0.04713,0.38611,0.0099246
-0.0078661,0.098555,0.0052531
0.00036053,0.14235,0.005898
0.020553,0.092826,0.0058193
0.084871,0.090577,0.0052831
0.055703,0.08411,0.0055118
0.083001,0.063865,0.0052007
0.11628,0.070032,0.0056131
0.099828,0.055734,0.0052756
0.12264,0.065031,0.0056168
0.093845,0.051606,0.0055868
0.086366,0.049143,0.005763
0.085618,0.047816,0.005913
0.091601,0.046399,0.0056468
0.11292,0.045491,0.0056918
0.10992,0.042852,0.0055868
0.12825,0.045881,0.005748
0.074026,0.034349,0.0057518
0.066922,0.039422,0.0056431
0.077018,0.039103,0.0058118
0.063556,0.026821,0.0058718
0.089358,0.038226,0.005943
0.082253,0.037311,0.006003
0.12787,0.035594,0.005988
0.1002,0.035766,0.0058867
0.076644,0.028685,0.005748
0.10432,0.032539,0.005913
0.048225,0.029247,0.0058455
0.043737,0.030574,0.005703
0.014944,0.028805,0.0057443
-0.018336,0.021921,0.0054556
-0.036659,0.029329,0.0057743
-0.040773,0.023189,0.0059842
-0.0033789,0.021951,0.0056206
-0.029928,0.03018,0.0057143
0.0026042,0.015413,0.0056243
0.023919,0.01701,0.0056655
0.024667,0.028066,0.005763
0.052712,0.025674,0.0056506
-0.0045007,0.024669,0.0056056
0.0059696,0.016875,0.0052906
0.020179,0.027954,0.0055118
-1.3407e-05,0.034184,0.0060442
0.04112,0.0208,0.0061604
0.045981,0.035024,0.0065766
0.065052,0.031823,0.0068578
0.097211,0.029551,0.0066966
0.079261,0.040385,0.0072702
0.054208,0.015743,0.0069403
0.071409,0.043197,0.007214
0.1002,0.019357,0.0073152
0.10058,0.030878,0.006869
0.11666,0.032947,0.0079038
0.10731,0.013734,0.0064791
0.1017,0.063558,0.0077801
0.12226,-0.020776,0.0065953
0.12825,0.085778,0.0076976
0.13086,-0.030662,0.007064
0.1017,0.067476,0.005883
0.07814,0.020429,0.0093585
0.057947,-0.028,0.0031461
0.057947,0.19796,0.012482
0.061312,-0.38257,-0.0030663
0.043363,2.4208,0.051679
0.11479,5.8272,0.26078
0.14769,5.7802,0.44408
0.20154,6.2204,0.58547
0.26735,6.416,0.71645
0.23145,6.3448,0.80812
0.31185,6.5197,0.88595
0.23071,6.3978,0.94598
0.087862,6.5107,0.99847
0.1103,6.4449,1.0381
-0.002631,6.4775,1.0656
-0.077419,6.4821,1.0857
-0.099855,6.4615,1.0969
-0.12453,6.4946,1.1014
-0.094994,6.4603,1.0949
-0.096489,6.4784,1.0852
-0.071062,6.4588,1.0726
-0.077045,6.4202,1.0561
-0.075923,6.4116,1.0363
-0.026937,6.1872,1.0089
-0.015719,5.8696,0.97731
-0.0052485,5.6555,0.94376
0.029902,5.3429,0.90844
0.066174,5.0676,0.87263
0.068791,4.8241,0.83578
0.084123,4.5332,0.79737
0.079261,4.2952,0.75849
0.033267,4.0298,0.7205
-0.02245,3.7217,0.68363
-0.10472,3.4647,0.64546
-0.15595,3.2075,0.60475
-0.19783,2.9224,0.56248
-0.1537,2.6742,0.52033
-0.10958,2.3906,0.47887
-0.066574,2.1181,0.4371
0.054208,1.8558,0.39312
0.08674,1.5901,0.34781
0.17574,1.319,0.30353
0.20939,1.0408,0.25793
0.17462,0.80904,0.21416
0.18396,0.52406,0.17089
0.092349,0.2556,0.12492
0.040746,-0.02923,0.080926
0.021675,-0.28223,0.040297
0.023919,-0.77172,0.0014215
0.041494,-1.2378,-0.030713
0.057199,-0.86931,-0.038815
0.078888,-0.53284,-0.033637
0.069913,-0.52591,-0.033701
0.10432,-0.42006,-0.032786
0.10731,-0.40827,-0.032291
0.12226,-0.36332,-0.032059
0.14582,-0.34096,-0.031369
0.14395,-0.33177,-0.031522
0.16228,-0.30131,-0.030836
0.1533,-0.30188,-0.030686
0.15966,-0.27915,-0.030443
0.13498,-0.27581,-0.030173
0.12376,-0.27218,-0.029974
0.097584,-0.25733,-0.029768
0.037754,-0.25662,-0.029738
0.009709,-0.24678,-0.029427
-0.056104,-0.23425,-0.02937
-0.037033,-0.23447,-0.02925
-0.029181,-0.22623,-0.029003
-0.05573,-0.22082,-0.028947
-0.0015092,-0.21817,-0.028628
0.026536,-0.21602,-0.028561
0.053086,-0.2122,-0.028302
0.071783,-0.20647,-0.027923
0.099828,-0.20213,-0.028006
0.072531,-0.19356,-0.027732
0.022423,-0.19744,-0.02756
0.012327,-0.19351,-0.02735
-0.02245,-0.19232,-0.027012
-0.012353,-0.19198,-0.027158
0.0011084,-0.17748,-0.026776
0.026536,-0.18495,-0.02627
0.023545,-0.18351,-0.026532
0.036633,-0.17194,-0.026416
0.07814,-0.17311,-0.025966
0.078514,-0.17155,-0.026007
0.11553,-0.1705,-0.025981
0.13311,-0.16121,-0.025569
0.14358,-0.16437,-0.025423
0.1002,-0.17826,-0.02585
0.10768,-0.17127,-0.026225
0.15368,-0.1629,-0.02618
0.10282,-0.16643,-0.026435
0.14096,-0.15826,-0.026589
0.14134,-0.16153,-0.026592
0.098706,-0.16314,-0.026825
0.098332,-0.15594,-0.026221
0.062434,-0.16699,-0.026941
0.064304,-0.14365,-0.026274
0.055329,-0.16765,-0.02642
0.066922,-0.14231,-0.026596
0.068417,-0.1582,-0.025625
0.052712,-0.15924,-0.02717
0.084497,-0.12852,-0.024538
0.096837,-0.19098,-0.02732
0.10469,-0.090137,-0.02414
0.096089,-0.22109,-0.026195
0.076644,-0.079613,-0.025576
0.044111,-0.209,-0.022806
-0.0052485,-0.1241,-0.030705
-0.039277,-0.084337,-0.011708
-0.034416,-2.942,-0.14015
-0.017962,-4.9469,-0.40705
0.06206,-4.9113,-0.59958
0.14208,-5.3309,-0.7612
0.16115,-5.3154,-0.89643
0.261,-5.3811,-0.99551
0.24454,-5.4058,-1.0822
0.19743,-5.357,-1.1466
0.22846,-5.4167,-1.2008
0.13311,-5.3595,-1.2372
0.074774,-5.4033,-1.2623
0.057199,-5.3754,-1.275
0.072531,-5.3862,-1.2779
0.079261,-5.3875,-1.2731
0.022423,-5.3769,-1.2566
0.069539,-5.3884,-1.2361
0.020927,-5.3742,-1.2119
-0.026563,-5.382,-1.1841
0.011953,-5.3753,-1.152
-0.037407,-5.3736,-1.1156
-0.040025,-5.3742,-1.0755
-0.030676,-5.3579,-1.0334
0.0048478,-5.3338,-0.99111
0.042989,-5.2332,-0.94866
0.088984,-5.0623,-0.90548
0.1017,-4.8014,-0.86113
0.055329,-4.4278,-0.81725
0.032519,-4.105,-0.77421
-0.063957,-3.8316,-0.73069
-0.13164,-3.5396,-0.68573
-0.18137,-3.2595,-0.6398
-0.18287,-2.9705,-0.59353
-0.1724,-2.6903,-0.54691
-0.15632,-2.4377,-0.50211
-0.054234,-2.1568,-0.45709
-0.018336,-1.8808,-0.40972
0.075896,-1.6005,-0.36151
0.13311,-1.3273,-0.31359
0.13872,-1.0717,-0.26598
0.16078,-0.80974,-0.21997
0.086366,-0.55876,-0.17509
0.059443,-0.22334,-0.12542
0.057947,-0.031217,-0.081338
0.044111,0.35622,-0.038147
0.031771,0.70462,0.00267
0.097584,0.30045,0.0096322
0.15592,0.10076,0.0040759
0.10805,0.1559,0.006078
0.13722,0.081531,0.0050357
0.14283,0.105,0.0053956
0.12638,0.072705,0.0053094
0.15068,0.074471,0.0053806
0.12264,0.059378,0.0057518
0.12413,0.048895,0.0055156
0.16377,0.062632,0.0057743
0.1806,0.049004,0.0055043
0.19144,0.055434,0.0057593
0.21126,0.046207,0.0058755
0.19182,0.045311,0.0059542
0.14507,0.042447,0.0059992
0.10357,0.037409,0.006033
0.011579,0.037517,0.0061417
-0.056478,0.037817,0.0061079
-0.072183,0.040621,0.0062392
-0.088263,0.034758,0.0062804
-0.077419,0.029359,0.0064004
-0.034416,0.029967,0.0064679
0.019057,0.031256,0.0063554
0.042989,0.028662,0.0062204
0.039998,0.025663,0.0062392
0.029528,0.030027,0.0064304
0.0078393,0.036805,0.0066966
-0.028059,0.033176,0.0073677
-0.062087,0.030147,0.0074277
-0.088263,0.041105,0.0077726
-0.092002,0.029101,0.0083649
-0.061713,0.033326,0.00823
-0.030676,0.034357,0.0086611
0.022423,0.032715,0.0085037
0.054208,0.039823,0.0089723
0.055329,0.014862,0.0085112
0.087488,0.053863,0.0092423
0.094967,0.0039186,0.0090885
0.087114,0.051276,0.0085712
0.10506,0.021944,0.0099134
0.13647,0.01662,0.0077501
0.16041,0.067599,0.010611
0.16564,-0.051117,0.0072402
0.1877,0.14084,0.010438
0.19817,-0.11503,0.0083387
0.18845,0.18717,0.008095
0.16863,-0.13918,0.012778
0.10768,0.26102,-0.0006293
0.12226,4.3109,0.14415
0.14134,5.9262,0.40778
0.14171,5.657,0.61212
0.22809,6.3404,0.80584
0.12451,6.2754,0.97283
0.15928,6.4696,1.1095
0.30662,6.4672,1.2296
0.16302,6.4515,1.3226
0.24417,6.5118,1.4024
0.22809,6.4428,1.4619
0.072157,6.5092,1.5113
0.16714,6.4599,1.55
0.069539,6.4906,1.5796
0.044111,6.4793,1.6034
0.097958,6.476,1.6205
0.02504,6.4905,1.6337
-0.031424,6.4758,1.6426
-0.138,6.4875,1.6516
-0.086393,6.4838,1.6567
-0.096489,6.489,1.6564
-0.1092,6.4878,1.6555
-0.021702,6.4868,1.6532
-0.075923,6.4916,1.6478
-0.027685,6.4949,1.6383
-0.025441,6.4945,1.6237
0.022049,6.4969,1.604
0.091228,6.4975,1.5785
0.026162,6.4936,1.5464
0.031771,6.5003,1.5104
-0.064331,6.4935,1.4725
-0.14622,6.5019,1.4328
-0.13987,6.4836,1.3915
-0.1294,6.4735,1.3459
-0.14286,6.4027,1.2967
-0.10808,6.0735,1.2463
-0.048251,5.7064,1.1953
-0.062087,5.3833,1.1448
0.009709,5.0588,1.0934
0.029902,4.7735,1.0409
0.061686,4.4978,0.98863
0.10581,4.2565,0.93776
0.047851,3.9882,0.88779
0.035885,3.7112,0.83636
0.036633,3.4452,0.78375
0.034389,3.1585,0.73015
0.027284,2.8915,0.67614
0.059069,2.6352,0.62381
0.032519,2.3641,0.57164
-0.025815,2.0805,0.51768
0.0085872,1.7966,0.46249
-0.013475,1.5402,0.40809
0.0022302,1.2651,0.35461
0.046729,0.98921,0.30047
0.063182,0.75933,0.25024
0.10095,0.47675,0.19905
0.11404,0.20491,0.14467
0.13086,-0.046805,0.09638
0.1376,-0.35843,0.04772
0.129,-0.80812,0.0030524
0.11142,-1.2985,-0.032568
0.093471,-1.5685,-0.065265
0.043737,-1.8407,-0.10515
0.020927,-2.0006,-0.15191
0.009709,-2.2021,-0.2008
-0.027311,-2.454,-0.26377
0.015692,-1.9971,-0.28785
0.024667,-1.5416,-0.26601
0.00073447,-1.4474,-0.25663
0.037006,-1.2902,-0.24765
0.058321,-1.2363,-0.23836
0.023545,-1.1575,-0.23219
0.0052217,-1.0976,-0.22393
0.064304,-1.0584,-0.21858
0.06206,-1.0002,-0.21182
0.049346,-0.98253,-0.20669
0.091975,-0.90632,-0.20154
0.072157,-0.83793,-0.1967
0.038502,-0.81533,-0.19272
0.046729,-0.78927,-0.1882
0.075148,-0.76839,-0.18438
0.084123,-0.75225,-0.18049
0.087114,-0.73692,-0.17687
0.080383,-0.71174,-0.17327
0.072157,-0.66567,-0.16999
0.081879,-0.63749,-0.16734
0.096837,-0.63233,-0.165
0.12413,-0.61513,-0.16295
0.14171,-0.60177,-0.16036
0.13872,-0.5992,-0.15829
0.11591,-0.57888,-0.15602
0.1103,-0.57164,-0.15362
0.1002,-0.55623,-0.15138
0.072531,-0.55146,-0.14931
0.060191,-0.54065,-0.14747
0.07814,-0.52091,-0.1443
0.088236,-0.52689,-0.14399
0.080757,-0.4876,-0.14066
0.079635,-0.52108,-0.13988
0.064304,-0.4697,-0.13758
0.063556,-0.49654,-0.13488
0.074026,-0.47781,-0.13576
0.089358,-0.44428,-0.12949
0.083001,-0.5184,-0.13435
0.060191,-0.37186,-0.12463
0.053834,-0.5915,-0.13235
0.03925,-0.21452,-0.12081
0.017936,-1.1379,-0.13949
0.048225,-3.9847,-0.39101
0.060191,-4.8808,-0.68541
0.093471,-5.0913,-0.89727
0.21612,-5.4275,-1.0968
0.18995,-5.331,-1.2445
0.20042,-5.4433,-1.3736
0.25127,-5.3753,-1.481
0.17611,-5.4073,-1.5668
0.20453,-5.4048,-1.6423
0.16714,-5.3854,-1.6985
0.13311,-5.4117,-1.7477
0.14694,-5.3822,-1.7832
0.11516,-5.4001,-1.8114
0.12713,-5.3892,-1.8329
0.11254,-5.3826,-1.8457
0.10432,-5.3932,-1.8573
0.055703,-5.3722,-1.8596
0.061686,-5.3857,-1.8652
0.027284,-5.3729,-1.8599
0.017188,-5.3625,-1.8519
0.017188,-5.3873,-1.8457
0.021675,-5.3257,-1.8269
0.11666,-5.4344,-1.9411
0.24903,-4.7498,-2.1611
0.64578,-3.3245,-2.3412
0.69514,-2.7514,-2.5174
0.60352,-2.5847,-2.681
0.56314,-2.4403,-2.8216
0.11404,-2.4189,-2.9498
0.0014823,-2.3275,-3.0601
0.17649,-2.2726,-3.1608
0.18434,-2.2018,-3.2466
0.20304,-2.1438,-3.3202
-0.12229,-2.0847,-3.3769
-0.57102,-2.0324,-3.4195
-0.056104,-1.9792,-3.4523
0.7187,-1.9181,-3.474
0.49059,-1.8654,-3.486
0.37879,-1.7942,-3.487
0.35972,-1.737,-3.4784
-0.033668,-1.6707,-3.4624
0.054582,-1.5977,-3.439
0.044485,-1.5307,-3.4057
0.093471,-1.4592,-3.3623
-1.3407e-05,-1.3821,-3.3108
-0.16081,-1.311,-3.2517
-0.21839,-1.2498,-3.1861
-0.41471,-1.1756,-3.115
-0.17913,-1.0997,-3.0357
-0.25018,-1.0309,-2.9475
-0.18175,-0.9551,-2.8532
-0.27374,-0.87544,-2.7535
-0.49735,-0.80901,-2.6487
-0.45173,-0.74245,-2.5404
-0.61402,-0.64889,-2.4252
-0.27074,-0.5826,-2.304
-0.14398,-0.51147,-2.183
-0.011979,-0.40374,-2.0542
0.2079,-0.33979,-1.9205
0.094219,-0.23097,-1.7832
-0.019458,-0.1457,-1.6375
-0.22587,-0.024349,-1.486
-0.32646,0.07738,-1.3226
-0.50558,0.1552,-1.1622
-0.46818,0.30761,-0.98825
-0.50558,0.32408,-0.81739
-0.58523,0.54738,-0.63903
-0.39601,0.54059,-0.45382
-0.24233,0.77957,-0.27805
0.080009,0.86444,-0.064931
0.33204,0.20486,0.022424
0.52013,0.93402,0.090948
0.57436,1.4982,0.31151
0.54481,1.1913,0.51115
0.37804,1.3221,0.72121
0.17312,1.2571,0.94452
0.30512,1.3548,1.1516
0.21537,1.444,1.3773
0.304,1.4869,1.5951
0.48125,1.5952,1.8191
0.33803,1.6498,2.0426
0.45133,1.7854,2.2682
0.5781,1.851,2.4935
0.71159,1.9527,2.716
0.82527,2.0468,2.9411
0.89632,2.1247,3.1621
0.82452,2.2238,3.3831
0.64241,2.3144,3.6023
0.75983,2.4069,3.8168
0.76993,2.4826,4.0281
0.87986,2.5598,4.237
0.98868,2.6058,4.4411
0.89519,2.6874,4.6415
0.87463,2.7876,4.8398
0.75459,2.8489,5.0344
0.73328,2.9403,5.226
0.6742,2.9927,5.4153
0.59343,3.0394,5.6004
0.59829,3.112,5.7802
0.59941,3.1492,5.956
0.70299,3.209,6.1276
0.71234,3.2424,6.2931
0.7531,3.2623,6.4548
0.81816,3.3028,6.611
0.90978,3.3074,6.759
0.95914,3.3371,6.9042
0.76843,3.379,7.0424
0.47489,3.3811,7.1795
0.046355,3.3786,7.3103
-0.044138,3.3894,7.4415
0.10282,3.398,7.5734
0.074774,3.3888,7.6367
0.0011084,3.3693,7.6442
0.050094,3.3412,7.6489
0.33765,3.3234,7.6441
0.41693,3.296,7.642
0.33466,3.2466,7.6463
0.43974,3.2264,7.6524
0.67158,3.1973,7.658
0.68729,3.149,7.6602
0.34962,3.1129,7.6619
0.07814,3.0889,7.6627
-0.016841,3.0623,7.6637
-0.099481,2.999,7.6624
-0.22438,2.9653,7.6612
-0.30365,2.9342,7.661
-0.63683,2.857,7.6602
-0.98459,2.8107,7.6619
-0.49062,2.7646,7.6626
-0.098359,2.704,7.6617
-0.32422,2.6498,7.6602
-0.67273,2.588,7.6576
-1.3398,2.5277,7.6545
-1.854,2.4392,7.6481
-2.1008,2.3624,7.6427
-1.7586,2.3284,7.639
-1.0362,2.257,7.6439
-1.1723,2.1815,7.6465
-0.76883,2.1235,7.6432
-0.20867,2.0316,7.6275
0.53883,1.9478,7.5326
3.0379,1.8961,7.3875
2.0144,1.8519,7.2555
0.52387,1.7796,7.118
1.2669,1.6998,6.9777
-1.1465,1.6553,6.8364
-1.1873,1.6042,6.6919
-0.13463,1.5385,6.5455
-0.54447,1.4716,6.3932
0.17985,1.4023,6.2378
-0.65328,1.3472,6.076
-0.68133,1.2845,5.91
-0.22774,1.224,5.742
-0.37133,1.1611,5.5715
-0.01011,1.0742,5.3972
-0.58747,1.0083,5.2183
-1.0908,0.93627,5.037
-1.2699,0.86543,4.8541
-1.001,0.81169,4.6688
-0.2442,0.73828,4.4807
0.66298,0.69466,4.2955
1.4561,0.62644,4.1136
1.142,0.52608,3.923
0.67308,0.47027,3.7279
-0.17502,0.40239,3.5361
-1.0571,0.31347,3.3402
-1.4894,0.24311,3.1409
-1.9026,0.16443,2.9407
-1.8824,0.067952,2.7341
-1.9916,-0.012933,2.5227
-1.6274,-0.086118,2.3111
-0.92551,-0.16961,2.0979
-0.44762,-0.25338,1.8821
0.40122,-0.33401,1.6651
0.99092,-0.42676,1.4466
0.6742,-0.51463,1.2259
0.090854,-0.59993,1.0039
-0.32422,-0.69231,0.78104
-1.0298,-0.78921,0.55788
-1.3447,-0.89887,0.33584
-0.92177,-0.98957,0.1132
-0.60729,-1.1902,-0.10738
-0.32048,-1.4109,-0.32253
0.22173,-1.3902,-0.54126
0.52986,-1.3134,-0.77062
0.41394,-1.3365,-1.0056
0.58071,-1.3994,-1.2433
0.69102,-1.4655,-1.4841
0.60053,-1.5186,-1.7254
0.73889,-1.5752,-1.9662
0.69177,-1.6372,-2.2069
0.79124,-1.7069,-2.4469
1.1031,-1.7695,-2.6853
1.3402,-1.8418,-2.9224
1.6835,-1.9039,-3.1588
1.7586,-1.9452,-3.3896
1.5129,-2.0304,-3.6179
1.1065,-2.1004,-3.8492
0.52874,-2.1413,-4.0762
0.022797,-2.215,-4.2987
-0.077045,-2.2848,-4.5227
0.11553,-2.3369,-4.7443
0.30736,-2.3967,-4.9612
0.74412,-2.4566,-5.1767
1.1461,-2.5016,-5.3862
1.3432,-2.554,-5.5911
1.5444,-2.6093,-5.791
1.6446,-2.6542,-5.9869
1.48,-2.7049,-6.1767
1.2856,-2.7542,-6.3603
0.91651,-2.7994,-6.5412
0.44983,-2.8334,-6.7106
0.22884,-2.8734,-6.8811
0.21799,-2.923,-7.0383
0.53098,-2.9587,-7.206
0.75534,-2.9937,-7.3656
1.4064,-3.0315,-7.4138
1.1626,-3.0689,-7.4104
1.4236,-3.0991,-7.4131
1.2172,-3.1276,-7.4152
0.50555,-3.1472,-7.4291
0.67569,-3.1494,-7.433
-1.6098,-3.1618,-7.4318
0.044111,-3.16,-7.4277
-6.3192,-3.1069,-7.4213
-17.798,-3.0675,-7.4164
-9.1271,-3.0786,-7.4094
3.3052,-3.0893,-7.4039
7.3535,-3.0973,-7.3978
8.1032,-3.0972,-7.3923
5.9269,-3.0977,-7.3872
5.6573,-3.1088,-7.3823
5.9867,-3.1221,-7.3782
8.5542,-3.1473,-7.3743
4.0449,-3.1186,-7.371
-13.321,-3.0565,-7.3683
-20.167,-3.0131,-7.3661
-15.222,-2.9535,-7.3641
-11.152,-2.88,-7.3626
-5.7979,-2.7756,-7.3617
-2.1423,-2.6535,-7.3613
-1.6539,-2.5559,-7.3619
-1.4027,-2.4797,-7.3627
-1.1087,-2.413,-7.3644
-1.209,-2.3453,-7.3668
-1.1689,-2.2742,-7.3698
0.10619,-2.1896,-7.3744
-0.015345,-2.1012,-7.3786
-1.3383,-2.025,-7.3851
1.1551,-1.9436,-7.3911
5.2576,-1.8475,-7.3978
9.9389,-1.7656,-7.406
13.563,-1.7061,-7.4115
12.143,-1.651,-7.4173
7.0723,-1.601,-7.4101
0.053834,-1.5463,-7.404
-3.9997,-1.4875,-7.4015
-5.6656,-1.4322,-7.4095
-6.6647,-1.3724,-7.3867
-3.7076,-1.3168,-7.2382
-0.1967,-1.262,-7.0533
2.674,-1.1903,-6.8912
6.2997,-1.1172,-6.7131
10.302,-1.0575,-6.5372
12.287,-0.98756,-6.3555
9.7415,-0.91868,-6.1685
6.8019,-0.88815,-5.9817
1.8476,-0.82982,-5.7958
-6.1797,-0.72653,-5.6021
-9.4838,-0.67215,-5.3983
-8.4402,-0.62666,-5.1991
-6.0739,-0.53414,-4.9946
-1.6005,-0.46355,-4.7832
3.0708,-0.39778,-4.571
5.366,-0.28703,-4.3502
4.5071,-0.19842,-4.1201
3.0633,-0.12463,-3.8867
1.1831,-0.045565,-3.6494
-1.8626,0.040348,-3.407
-4.0382,0.12352,-3.1605
-6.1524,0.2015,-2.9129
-7.7375,0.30131,-2.6573
-7.2267,0.36672,-2.3997
-4.9158,0.47958,-2.1393
-1.3054,0.54071,-1.8741
1.1951,0.64314,-1.6123
1.6191,0.73278,-1.3421
0.9797,0.78134,-1.0832
-1.1502,0.93765,-0.81332
-3.8564,0.92028,-0.55702
-5.2875,1.2039,-0.29318
-4.8365,0.88009,-0.033843
-2.3416,0.00053702,0.021866
1.1229,0.064874,-0.0073703
4.0482,0.086948,0.0074464
6.1614,0.013602,0.000248
6.9549,0.072413,0.0047657
6.6034,-0.0014912,0.0041959
5.59,0.043647,0.0039447
3.15,0.022506,0.0075551
-0.42668,0.030769,0.006063
-3.1878,0.02317,0.0097934
-4.1246,0.013947,0.0098834
-3.7061,0.021741,0.011642
-1.6648,0.0082112,0.012305
1.5272,0.018817,0.014146
4.5437,0.011675,0.014682
6.4493,0.020452,0.016099
6.4669,0.0075252,0.017164
4.7879,0.01869,0.017798
2.0836,-0.0034069,0.019455
-0.60205,0.0099095,0.019028
-2.3061,0.0090548,0.022601
-3.1919,-0.0053189,0.02031
-3.4937,0.030398,0.024738
-3.0128,-0.033538,0.022016
-1.8783,0.048614,0.024021
-0.6316,-0.048088,0.02551
0.03738,0.04022,0.019999
-0.092376,-0.034351,0.033451
-0.85671,-0.0019073,0.0066403
-2.3854,1.5342,0.16602
-3.9567,2.114,0.56443
-4.5004,1.6906,0.9254
-4.0901,1.7976,1.2786
-2.5641,1.6837,1.6231
-0.14435,1.721,1.9365
2.0645,1.7378,2.251
3.3452,1.7245,2.5424
3.3538,1.7864,2.8286
2.4725,1.7778,3.0991
1.1196,1.8255,3.3592
-0.46931,1.8229,3.6095
-1.4442,1.8546,3.8468
-1.6435,1.866,4.0752
-1.519,1.8732,4.2908
-0.52614,1.895,4.4976
1.526,1.8823,4.6915
3.5352,1.8841,4.8739
4.9607,1.9032,5.0486
5.4449,1.9209,5.2151
4.6237,1.9181,5.3716
2.9907,1.9094,5.5155
1.0635,1.8961,5.6472
-0.56429,1.8802,5.7681
-1.5118,1.8622,5.8769
-1.4767,1.8321,5.9706
-0.50707,1.789,6.0474
0.38664,1.763,6.1101
1.0111,1.7417,6.1628
1.3828,1.7036,6.2045
1.2942,1.6703,6.2332
1.0208,1.607,6.2482
0.25875,1.5555,6.2495
-0.91055,1.531,6.239
-1.9228,1.4861,6.2188
-2.3756,1.4451,6.1888
-2.0866,1.3979,6.1486
-1.3686,1.3446,6.099
-0.49623,1.3044,6.0411
0.088984,1.267,5.9761
0.20191,1.22,5.9045
-0.24831,1.162,5.8241
-1.3383,1.1112,5.7349
-2.3532,1.0579,5.6371
-2.8763,0.99673,5.5321
-2.8105,0.95313,5.4223
-2.3024,0.89981,5.3058
-1.5268,0.83462,5.1811
-0.23485,0.7802,5.0504
1.0545,0.72093,4.9146
2.0881,0.65713,4.7727
2.6284,0.61197,4.625
2.238,0.56278,4.4753
1.4,0.47646,4.3198
0.34551,0.43125,4.1583
-0.65254,0.39555,3.9973
-1.2826,0.31025,3.8317
-1.2871,0.25376,3.659
-0.54073,0.19601,3.4841
0.3126,0.10971,3.3019
1.0825,0.034368,3.111
1.7321,-0.055908,2.9133
2.0021,-0.11909,2.7088
1.8876,-0.19289,2.5015
1.3701,-0.27968,2.2869
0.5766,-0.34173,2.0705
-0.21652,-0.44362,1.8465
-0.68731,-0.49214,1.62
-0.77145,-0.61153,1.3898
-0.61477,-0.66701,1.1521
-0.32497,-0.75816,0.9206
-0.059096,-0.86799,0.67433
0.089358,-0.89311,0.44601
-0.16866,-1.1565,0.19359
-0.86942,-0.60959,-0.0099985
-1.4771,0.037172,-0.019015
-1.857,-0.1285,-0.0036474
-1.9785,-0.061393,-0.014629
-1.7672,-0.050105,-0.0071191
-1.3413,-0.070822,-0.013279
-0.56092,-0.032132,-0.0097998
0.37243,-0.072861,-0.011854
1.1072,-0.031333,-0.012214
1.4684,-0.050701,-0.011626
1.2172,-0.047285,-0.013913
0.69813,-0.041549,-0.01314
0.13834,-0.039742,-0.015693
-0.52689,-0.03539,-0.016256
-0.91766,-0.038996,-0.017684
-0.85147,-0.031375,-0.018134
-0.30253,-0.045996,-0.019555
0.53734,-0.03455,-0.021283
1.2609,-0.033444,-0.021032
1.8386,-0.03314,-0.023132
2.2197,-0.02598,-0.023087
2.2919,-0.037268,-0.025179
2.0817,-0.015782,-0.025036
1.5017,-0.041651,-0.025955
0.78339,-0.0085468,-0.027327
0.29914,-0.037579,-0.025055
0.051216,-0.028761,-0.02982
-0.0059964,-0.0028783,-0.02459
0.042242,-0.063095,-0.03135
0.17237,0.039815,-0.025569
0.24716,-0.11525,-0.030251
0.10207,0.12258,-0.030098
-0.27523,-0.38452,-0.025914
-0.80735,-1.879,-0.28683
-1.0545,-1.8819,-0.69714
-1.1738,-1.6829,-1.0439
-1.2205,-1.8048,-1.4024
-0.80922,-1.6755,-1.732
-0.36386,-1.7602,-2.0458
0.17948,-1.7303,-2.3521
0.67083,-1.7714,-2.6396
0.70673,-1.7934,-2.9226
0.65475,-1.8043,-3.1879
0.31484,-1.8471,-3.4466
-0.1795,-1.8429,-3.6921
-0.59308,-1.876,-3.9275
-0.96477,-1.8773,-4.1518
-0.97824,-1.8991,-4.3642
-0.65403,-1.9105,-4.569
-0.15595,-1.9039,-4.76
0.33765,-1.9157,-4.9398
0.87612,-1.9292,-5.1115
1.2979,-1.9393,-5.2753
1.4572,-1.9349,-5.429
1.4871,-1.9261,-5.5701
1.2344,-1.9156,-5.6996
0.93446,-1.8976,-5.8163
0.7875,-1.8781,-5.9201
0.75646,-1.8452,-6.0103
0.82489,-1.8046,-6.0837
0.93296,-1.7775,-6.1439
1.1644,-1.7535,-6.194
1.3738,-1.7209,-6.2325
1.3387,-1.6761,-6.2582
1.0642,-1.6271,-6.2704
0.71608,-1.5843,-6.269
0.38701,-1.5458,-6.2562
0.081505,-1.5073,-6.2344
-0.16305,-1.4586,-6.2029
-0.35114,-1.4081,-6.1611
-0.3489,-1.368,-6.1097
-0.17913,-1.3266,-6.0507
-0.088263,-1.2812,-5.985
-0.18773,-1.2316,-5.9109
-0.43191,-1.1751,-5.8287
-0.72059,-1.1172,-5.7377
-1.056,-1.0656,-5.6381
-1.4423,-1.0204,-5.5319
-1.7826,-0.96749,-5.4206
-1.8611,-0.90778,-5.3038
-1.6465,-0.8469,-5.1787
-1.2968,-0.78993,-5.0459
-0.89223,-0.73472,-4.9093
-0.55157,-0.6689,-4.7663
-0.29505,-0.62424,-4.6182
-0.15445,-0.57119,-4.4694
-0.22475,-0.4934,-4.3125
-0.45173,-0.44939,-4.1496
-0.68469,-0.39728,-3.987
-0.74901,-0.3166,-3.8181
-0.65291,-0.2576,-3.643
-0.42069,-0.19172,-3.4653
-0.065079,-0.10187,-3.2791
0.32456,-0.027502,-3.0843
0.74749,0.053019,-2.8832
1.0104,0.12226,-2.6771
1.0392,0.20613,-2.4662
0.93932,0.27321,-2.2496
0.76768,0.34773,-2.032
0.67756,0.44665,-1.8041
0.57473,0.50631,-1.5766
0.49209,0.6299,-1.3422
0.56725,0.65692,-1.1055
0.69551,0.792,-0.86976
0.79909,0.85212,-0.62347
0.78376,0.9522,-0.39535
0.61998,1.1167,-0.13525
0.40459,0.36557,0.024771
0.16003,-0.055893,0.0068765
-0.21054,0.12566,0.0047208
-0.48501,0.01118,0.010356
-0.56952,0.049372,0.0050807
-0.57251,0.032726,0.011072
-0.37769,0.015447,0.0070415
-0.20306,0.028497,0.010836
-0.096863,0.0053433,0.0095234
-0.011232,0.029693,0.010446
-0.1193,0.0074652,0.011747
-0.31599,0.017899,0.011102
-0.60467,0.010652,0.012478
-0.88251,-0.0018736,0.012497
-0.99357,0.0091747,0.013498
-1.0059,0.0021528,0.013396
-0.90008,-0.0024997,0.014405
-0.6574,0.0047172,0.014997
-0.29692,0.0080275,0.01511
0.08674,0.0086499,0.016212
0.41506,0.0038924,0.01746
0.56351,0.0040161,0.018563
0.54033,0.0091972,0.019631
0.47713,-0.0013637,0.020542
0.38477,-0.00042273,0.020621
0.30325,0.0031126,0.021674
0.26062,-0.0036206,0.021884
0.35485,0.0048746,0.022556
0.54594,-0.0068185,0.022769
0.72692,0.0074314,0.02296
0.85556,-0.0039243,0.024513
0.9023,-0.0026121,0.022915
0.97933,0.0096509,0.025675
1.016,-0.020011,0.023628
0.88884,0.022293,0.02614
0.6914,-0.035142,0.025409
0.59044,0.026428,0.024576
0.5781,-0.030055,0.029165
0.60016,0.0043948,0.020958
0.62072,0.017498,0.035325
0.59455,-0.11554,0.010015
0.53247,1.2117,0.11335
0.38215,2.0774,0.47726
0.24118,1.6199,0.83271
-0.13762,1.6552,1.154
-0.53587,1.6081,1.4802
-0.63907,1.5734,1.7735
-0.86718,1.608,2.063
-0.83614,1.572,2.3307
-0.68769,1.6055,2.5866
-0.5699,1.5859,2.8267
-0.15744,1.6379,3.0577
0.024293,1.6457,3.2823
0.12301,1.6358,3.4907
0.2423,1.6239,3.6871
0.21537,1.6161,3.8673
0.15181,1.612,4.0344
-0.0015092,1.5747,4.1867
-0.1294,1.547,4.3214
-0.18175,1.5213,4.4391
-0.043016,1.4864,4.5435
0.080383,1.4576,4.6366
0.17013,1.4393,4.716
0.36458,1.402,4.7808
0.43488,1.3542,4.8306
0.54481,1.314,4.8668
0.61474,1.2847,4.8917
0.57024,1.2446,4.9058
0.54668,1.1979,4.9086
0.54182,1.1637,4.9007
0.55641,1.1216,4.8826
0.48125,1.0841,4.8558
0.43936,1.0465,4.8219
0.38103,0.99479,4.7787
0.29203,0.93993,4.7246
0.16228,0.88633,4.6612
-0.13762,0.84476,4.5901
-0.3201,0.79881,4.5124
-0.44874,0.74328,4.4275
-0.59532,0.69308,4.3344
-0.5957,0.64053,4.2327
-0.55718,0.59056,4.1244
-0.42705,0.5354,4.0107
-0.2442,0.48349,3.8898
-0.16529,0.43869,3.7659
-0.16081,0.37115,3.6362
-0.22512,0.31969,3.4984
-0.31225,0.27852,3.3591
-0.43303,0.21655,3.2155
-0.63533,0.15123,3.0646
-0.798,0.095245,2.9086
-0.84923,0.030589,2.7481
-0.79239,-0.059608,2.5775
-0.68469,-0.12365,2.3988
-0.55456,-0.20389,2.214
-0.35339,-0.26348,2.0233
-0.17988,-0.34057,1.8298
-0.033668,-0.41723,1.6276
0.062808,-0.48314,1.4257
0.086366,-0.59068,1.2129
0.18322,-0.62536,1.0008
0.21724,-0.77748,0.78086
0.2681,-0.78852,0.5577
0.38402,-0.97031,0.34211
0.35672,-0.97959,0.0992
0.42889,-0.18272,-0.0064593
0.50779,0.002329,0.021112
0.41057,-0.11941,0.014026
0.33167,-0.01008,0.014769
0.20453,-0.071219,0.016062
0.11142,-0.023824,0.012841
0.11703,-0.039671,0.015665
0.08861,-0.033826,0.012204
0.16452,-0.019441,0.014296
0.30063,-0.035446,0.012268
0.37019,-0.017038,0.012605
0.4431,-0.031584,0.012058
0.44236,-0.018894,0.011301
0.33803,-0.019344,0.0119
0.20117,-0.026767,0.010397
0.063182,-0.019175,0.010599
-0.13014,-0.015321,0.010356
-0.30103,-0.016708,0.0096022
-0.38031,-0.016735,0.0089573
-0.42144,-0.024041,0.0085449
-0.36124,-0.02418,0.0081512
-0.31973,-0.019149,0.0068878
-0.25803,-0.018219,0.0058343
-0.16903,-0.014317,0.0056318
-0.13725,-0.015546,0.0047582
-0.090506,-0.01107,0.0041284
-0.11593,-0.015906,0.003746
-0.097611,-0.012127,0.0028537
-0.037407,-0.016026,0.0028649
-0.0097358,-0.020041,0.0016127
0.064304,-0.0041455,0.0021151
0.1189,-0.021586,0.0010128
0.19032,-0.001285,0.00056668
0.29128,-0.019112,0.00089661
0.32943,-0.0045654,-0.0012367
0.32606,-0.0092704,0.0015527
0.33541,-0.022951,-0.0028301
0.37841,0.021097,0.0012453
0.42029,-0.054195,-0.0026876
0.44871,0.051377,-0.0010605
0.51789,-0.081086,0.00047295
0.57024,0.071926,-0.0076177
0.66148,-0.14981,0.012253
0.66634,-1.6832,-0.18128
0.63419,-1.9626,-0.57069
0.66111,-1.5663,-0.90224
0.52275,-1.6847,-1.2291
0.57847,-1.5755,-1.544
0.5149,-1.6042,-1.8343
0.30549,-1.5827,-2.1181
0.37318,-1.5792,-2.3795
0.15667,-1.597,-2.6315
0.094593,-1.5964,-2.8666
0.16041,-1.6453,-3.097
0.0078393,-1.6304,-3.3166
0.13685,-1.6415,-3.5221
0.17013,-1.6274,-3.7148
0.12002,-1.6138,-3.891
0.077018,-1.6025,-4.0542
-0.051991,-1.5733,-4.2015
-0.11519,-1.5416,-4.3317
-0.22064,-1.5154,-4.4457
-0.27037,-1.5016,-4.5476
-0.34179,-1.4745,-4.6377
-0.30889,-1.4379,-4.7137
-0.22475,-1.3979,-4.7752
-0.24457,-1.3576,-4.822
-0.19596,-1.3186,-4.8556
-0.16193,-1.2839,-4.8778
-0.074053,-1.246,-4.8897
-0.0011352,-1.2001,-4.8905
0.029902,-1.157,-4.8799
0.084871,-1.1204,-4.8598
0.1376,-1.0839,-4.8321
0.22921,-1.0396,-4.7959
0.27782,-0.99317,-4.7502
0.32083,-0.94194,-4.6947
0.29914,-0.88702,-4.6292
0.28231,-0.83764,-4.5553
0.25239,-0.79389,-4.4751
0.11516,-0.74753,-4.389
0.049346,-0.68672,-4.2948
-0.0041267,-0.62886,-4.1911
0.010083,-0.58016,-4.0814
0.048599,-0.52426,-3.9655
0.024667,-0.48016,-3.8435
0.048225,-0.43639,-3.7201
0.083001,-0.36886,-3.5896
0.11366,-0.31356,-3.4509
0.091975,-0.272,-3.3106
0.042989,-0.21306,-3.1657
-0.020954,-0.14317,-3.0127
-0.094246,-0.089233,-2.8553
-0.13426,-0.012206,-2.6925
-0.22026,0.070868,-2.5179
-0.27037,0.13569,-2.3376
-0.27673,0.22133,-2.1498
-0.31038,0.27063,-1.9576
-0.32758,0.3591,-1.7614
-0.35525,0.41644,-1.558
-0.34516,0.50678,-1.3537
-0.29842,0.59676,-1.1382
-0.22662,0.64507,-0.92697
-0.15632,0.79455,-0.70227
-0.083776,0.7843,-0.48414
0.0127,1.0417,-0.25942
0.038128,0.81755,-0.029239
0.10432,0.023353,0.029417
0.11179,0.03965,0.0023663
0.083001,0.076233,0.014517
0.14433,0.0051483,0.009216
0.083375,0.060964,0.011979
0.069165,0.0031538,0.011964
0.091975,0.038773,0.011267
0.048599,0.0085449,0.013842
0.11628,0.015728,0.011679
0.15293,0.020785,0.014247
0.1907,0.006393,0.013258
0.28792,0.015518,0.014472
0.33092,0.0030114,0.014832
0.35822,0.014952,0.01496
0.37318,0.0047509,0.016054
0.37953,-0.0029083,0.015867
0.32232,0.0049946,0.016527
0.27633,0.0059131,0.017213
0.25352,0.0059056,0.017809
0.14807,0.0077951,0.01866
0.065426,0.00802,0.019927
0.023919,0.006468,0.020947
0.0089611,0.0014968,0.021978
-0.046008,-0.0024322,0.022286
-0.13837,0.0057032,0.023275
-0.15782,-0.0020123,0.023793
-0.15931,0.0048071,0.023793
-0.18436,0.00088193,0.02524
-0.1967,-0.0029383,0.024449
-0.18623,0.0057331,0.026308
-0.13949,-0.020615,0.025431
-0.080036,0.013719,0.026541
-0.065827,-0.017571,0.027077
-0.05573,0.0097708,0.025705
-0.054982,-0.0057576,0.029795
-0.048251,-0.014497,0.024599
-0.077419,0.023537,0.031719
-0.11631,-0.06128,0.024483
-0.084523,0.092841,0.031868
-0.092376,-0.17407,0.026102
0.013822,0.50551,0.035434
0.11329,1.9832,0.31362
0.28605,1.8344,0.70553
0.46404,1.6108,1.0324
0.41955,1.6997,1.3718
0.59455,1.5838,1.6825
0.54444,1.6408,1.979
0.49284,1.5922,2.2615
0.62708,1.6314,2.5272
0.50181,1.6364,2.7878
0.6211,1.6429,3.0295
0.59829,1.665,3.2615
0.52612,1.6702,3.482
0.61811,1.7023,3.6955
0.56127,1.6986,3.8971
0.53771,1.6813,4.0842
0.38215,1.6556,4.2586
0.32344,1.6678,4.4188
0.22547,1.6451,4.5639
0.1088,1.6055,4.6923
0.1088,1.5797,4.8042
-0.008614,1.5525,4.9014
0.06393,1.5385,4.9879
0.083749,1.5058,5.0624
0.060191,1.4709,5.1224
0.06206,1.4247,5.1678
-0.0071182,1.3743,5.1991
-0.013475,1.3429,5.2181
-0.12753,1.3107,5.2265
-0.22325,1.265,5.2251
-0.29318,1.2231,5.2122
-0.26925,1.1844,5.1892
-0.23111,1.1291,5.1575
-0.29991,1.0961,5.1185
-0.26925,1.0605,5.0718
-0.28346,1.0047,5.0142
-0.26514,0.95686,4.9472
-0.21802,0.90494,4.8717
-0.23073,0.86127,4.7895
-0.24046,0.80925,4.7013
-0.26214,0.75461,4.6048
-0.23559,0.69299,4.4997
-0.20044,0.63208,4.3872
-0.12192,0.58562,4.2696
-0.038529,0.52389,4.1449
0.035511,0.48525,4.0157
0.075148,0.43526,3.8842
0.050842,0.36528,3.7439
0.038502,0.32524,3.5992
0.010831,0.26632,3.4534
0.032519,0.20343,3.3005
0.067669,0.14809,3.142
0.040372,0.083735,2.979
-0.0033789,0.0028951,2.8092
0.0026042,-0.082953,2.6283
0.025414,-0.14261,2.4419
0.0052217,-0.22753,2.2494
-0.010484,-0.2809,2.0514
-0.03292,-0.36576,1.8503
-0.054234,-0.44099,1.6413
-0.083028,-0.51505,1.4324
-0.13613,-0.61522,1.2117
-0.15071,-0.65138,0.99446
-0.1451,-0.80471,0.76758
-0.098359,-0.80175,0.54156
-0.040025,-1.0221,0.31826
-0.075923,-0.93898,0.075363
-0.037781,-0.11478,-0.011311
-0.02058,-0.023202,0.017715
-0.097237,-0.11323,0.0075964
-0.073679,-0.013972,0.010772
-0.13575,-0.082301,0.010041
-0.19297,-0.023434,0.0082225
-0.14174,-0.052451,0.010423
-0.14585,-0.035675,0.0069028
-0.10958,-0.024964,0.0095122
-0.04526,-0.036012,0.007199
0.011205,-0.021301,0.0077426
0.094219,-0.031401,0.0070977
0.16115,-0.015572,0.0065803
0.17985,-0.02571,0.0065054
0.19219,-0.022351,0.0051857
0.2079,-0.023832,0.0057255
0.18845,-0.02986,0.0049832
0.21837,-0.020877,0.0042596
0.22809,-0.01874,0.0036935
0.23145,-0.021638,0.0026137
0.28755,-0.02021,0.0015265
0.26436,-0.018909,0.0002555
0.25053,-0.013473,-0.00070429
0.2337,-0.013848,-0.0008505
0.20191,-0.024994,-0.0021815
0.20528,-0.011475,-0.002189
0.18022,-0.017278,-0.0027288
0.15741,-0.01062,-0.0035162
0.14881,-0.015351,-0.0031075
0.14545,-0.014448,-0.0050158
0.16228,-0.0078758,-0.0034599
0.172,-0.021646,-0.0059681
0.15255,0.004406,-0.0044272
0.15592,-0.037201,-0.0060843
0.14507,0.018877,-0.0067367
0.081879,-0.036387,-0.0043335
0.031023,0.0021116,-0.010355
0.017936,-0.0043892,-0.00072303
-0.019084,-0.06446,-0.015371
-0.02058,0.14434,0.0069665
-0.026937,-1.0634,-0.069584
-0.086393,-2.085,-0.42164
0.048599,-1.6635,-0.79113
0.089358,-1.6793,-1.118
0.15966,-1.6618,-1.4536
0.39,-1.6076,-1.7543
0.36495,-1.6449,-2.0505
0.47489,-1.5994,-2.3244
0.43488,-1.6657,-2.5894
0.2868,-1.6456,-2.8444
0.40534,-1.6637,-3.0821
0.31447,-1.6725,-3.3099
0.35859,-1.6962,-3.5268
0.4274,-1.714,-3.7377
0.37505,-1.7017,-3.9344
0.43301,-1.7085,-4.1181
0.38103,-1.6877,-4.2881
0.33204,-1.6744,-4.444
0.24454,-1.6504,-4.5849
0.22771,-1.6149,-4.7087
0.20827,-1.5876,-4.817
0.16452,-1.5617,-4.9112
0.22846,-1.542,-4.9935
0.19369,-1.5144,-5.0642
0.23145,-1.471,-5.1213
0.24342,-1.4254,-5.1629
0.21537,-1.3856,-5.1907
0.18546,-1.3484,-5.2071
0.056451,-1.3118,-5.2129
-0.032172,-1.2703,-5.2083
-0.14174,-1.2262,-5.1925
-0.23485,-1.1905,-5.167
-0.30365,-1.1505,-5.1332
-0.32123,-1.1073,-5.0914
-0.30889,-1.0585,-5.0407
-0.29468,-1.0049,-4.9804
-0.27486,-0.95652,-4.9111
-0.31973,-0.9041,-4.8328
-0.31749,-0.85908,-4.748
-0.33843,-0.81218,-4.6574
-0.31562,-0.75496,-4.5591
-0.23784,-0.69693,-4.4519
-0.20306,-0.64443,-4.3374
-0.17801,-0.58823,-4.2173
-0.18698,-0.53444,-4.0907
-0.17801,-0.49669,-3.9616
-0.19446,-0.42917,-3.8287
-0.16006,-0.36581,-3.6859
-0.13538,-0.32818,-3.5404
-0.16941,-0.26662,-3.3926
-0.15856,-0.20141,-3.2374
-0.1724,-0.14336,-3.0769
-0.13949,-0.086612,-2.9117
-0.048251,0.0087886,-2.7384
0.041494,0.084736,-2.5547
0.092723,0.14518,-2.3669
0.10992,0.23578,-2.1713
0.12563,0.28654,-1.9726
0.13797,0.38904,-1.768
0.17349,0.44267,-1.5579
0.16377,0.53566,-1.3458
0.15928,0.61531,-1.1236
0.15517,0.68258,-0.90621
0.097211,0.80965,-0.6742
0.083001,0.81146,-0.45532
0.062808,1.0717,-0.21841
0.042242,0.68333,-0.0040748
0.082627,-0.038438,0.023313
0.07627,0.072642,0.0020401
0.07814,0.060701,0.014799
0.096837,0.016838,0.0076189
0.040746,0.054823,0.012512
0.061686,0.0039111,0.010494
0.076644,0.043096,0.011518
0.025414,0.0089273,0.012913
0.063182,0.014491,0.011604
0.051216,0.012553,0.014086
-0.0030049,0.012523,0.013089
-0.04713,0.015724,0.014765
-0.095368,0.0064305,0.014176
-0.088263,0.0128,0.015012
-0.072183,0.0022391,0.015897
-0.048251,0.0048334,0.015443
-0.039277,0.0079263,0.016639
0.0085872,0.0063742,0.016917
0.061686,0.0034687,0.017344
0.11516,0.006318,0.018544
0.1978,0.0069066,0.019864
0.21351,0.0037799,0.02085
0.2337,0.004571,0.021708
0.24866,-0.00039273,0.022361
0.21089,0.0025127,0.023189
0.15704,-0.0035044,0.023425
0.12974,0.0045335,0.023782
0.11703,0.00012838,0.024891
0.10469,-0.0028971,0.024115
0.10918,0.0029251,0.026136
0.10619,-0.016937,0.025131
0.13124,0.011582,0.026507
0.14919,-0.023468,0.02686
0.17349,0.013561,0.025694
0.20827,-0.011074,0.02936
0.22884,-0.0080707,0.024408
0.22659,0.021119,0.031527
0.2064,-0.055627,0.023688
0.19256,0.093805,0.032382
0.13834,-0.1799,0.024599
0.16153,0.58017,0.040244
0.13535,1.9937,0.328
0.17312,1.7895,0.71683
0.23071,1.6162,1.0417
0.1088,1.6794,1.379
0.16377,1.574,1.6865
0.050842,1.6324,1.9814
0.0070914,1.5755,2.2609
0.15704,1.635,2.5258
0.080757,1.6232,2.7835
0.23033,1.6179,3.0205
0.26922,1.6492,3.2506
0.24679,1.6541,3.4701
0.40721,1.6736,3.6812
0.39225,1.6572,3.8785
0.39524,1.6598,4.0609
0.3485,1.6497,4.2308
0.28268,1.6314,4.3857
0.16863,1.6001,4.5251
0.074774,1.5674,4.6468
0.063182,1.5387,4.7531
-0.016841,1.5159,4.8471
0.048972,1.4918,4.9292
0.054582,1.4429,4.9977
0.081505,1.4107,5.0522
0.15368,1.3746,5.0918
0.13199,1.3312,5.1182
0.15854,1.3011,5.1342
0.083749,1.2623,5.139
0.02878,1.2153,5.1335
-0.05947,1.1705,5.1173
-0.15782,1.1344,5.0912
-0.18997,1.0984,5.0578
-0.26065,1.0553,5.0169
-0.2498,1.0008,4.9658
-0.27411,0.95018,4.9048
-0.26514,0.90554,4.8355
-0.24793,0.8615,4.7579
-0.30328,0.81499,4.674
-0.30328,0.76038,4.5827
-0.31375,0.69937,4.4827
-0.31412,0.63963,4.3745
-0.28383,0.59473,4.2607
-0.2341,0.53567,4.1412
-0.19334,0.48826,4.0148
-0.14174,0.44859,3.8862
-0.089759,0.3758,3.7506
-0.090506,0.32418,3.6076
-0.075923,0.28087,3.464
-0.1107,0.2156,3.3153
-0.1537,0.14842,3.1599
-0.15221,0.096958,2.9993
-0.20007,0.033967,2.834
-0.21091,-0.06452,2.6579
-0.14136,-0.12459,2.4741
-0.069566,-0.20011,2.2866
0.010083,-0.26603,2.0909
0.085992,-0.34089,1.893
0.12002,-0.42636,1.6869
0.16564,-0.48005,1.4798
0.16564,-0.60271,1.2632
0.12675,-0.63236,1.0449
0.14919,-0.76654,0.82371
0.14096,-0.80512,0.59367
0.13498,-0.93925,0.37709
0.15068,-1.0568,0.12881
0.18621,-0.29002,-0.0078952
0.2236,0.032216,0.014349
0.19331,-0.13413,0.012733
0.24005,-0.019067,0.0096097
0.20154,-0.06825,0.013273
0.10207,-0.031933,0.0088561
0.13311,-0.034659,0.012789
0.056451,-0.048305,0.0086424
0.035137,-0.023693,0.010659
0.093845,-0.041088,0.0095009
0.044859,-0.021338,0.0087998
0.057573,-0.034291,0.0090323
0.048599,-0.018257,0.0080125
0.013822,-0.026951,0.0084962
-0.002257,-0.033646,0.0069628
-0.04713,-0.016663,0.0072589
-0.071062,-0.022531,0.0069478
-0.093872,-0.018212,0.0060105
-0.073679,-0.016195,0.0057518
-0.060965,-0.021102,0.0051557
-0.021702,-0.022156,0.0037122
0.041868,-0.017901,0.0023738
0.04972,-0.015351,0.0017214
0.09048,-0.014099,0.00080663
0.1088,-0.01699,0.00033048
0.087114,-0.018163,-0.00060681
0.0744,-0.01399,-0.00047934
0.059069,-0.020023,-0.0013191
0.048225,-0.0073247,-0.001964
0.063556,-0.020656,-0.0016491
0.10955,-0.0072384,-0.0034112
0.13909,-0.01221,-0.001934
0.16863,-0.026681,-0.0045584
0.20864,0.010562,-0.0026201
0.21425,-0.037504,-0.0047121
0.20902,0.020905,-0.0048509
0.20378,-0.044402,-0.0028451
0.14507,0.0044022,-0.0085775
0.12563,-0.0063312,0.00064916
0.10918,-0.05154,-0.014085
0.091975,0.13069,0.0096509
0.08861,-1.1323,-0.0776
0.057947,-2.0796,-0.43653
0.18957,-1.6365,-0.80112
0.16078,-1.6713,-1.1263
0.21126,-1.64,-1.4596
0.42029,-1.5967,-1.7581
0.30437,-1.6246,-2.0514
0.38701,-1.5854,-2.3229
0.33092,-1.649,-2.5874
0.1791,-1.6115,-2.8379
0.30736,-1.6387,-3.0711
0.24155,-1.6599,-3.2984
0.31484,-1.6765,-3.5148
0.38103,-1.6833,-3.7226
0.36009,-1.6661,-3.9149
0.35598,-1.6661,-4.0939
0.26025,-1.6476,-4.259
0.22585,-1.6293,-4.4088
0.084871,-1.5999,-4.5432
0.03738,-1.5689,-4.6603
-0.0074922,-1.5431,-4.7631
-0.041147,-1.5228,-4.8537
0.045607,-1.497,-4.9323
0.079261,-1.4592,-4.9977
0.18359,-1.417,-5.0487
0.17873,-1.3716,-5.0847
0.172,-1.3362,-5.1082
0.15816,-1.3028,-5.121
0.059817,-1.2614,-5.1232
-0.0048746,-1.218,-5.1142
-0.11033,-1.175,-5.0952
-0.13613,-1.1376,-5.0677
-0.18885,-1.0996,-5.0318
-0.19558,-1.0551,-4.9875
-0.15034,-1.0057,-4.9337
-0.1623,-0.95101,-4.8697
-0.13426,-0.89899,-4.7968
-0.16716,-0.85678,-4.7166
-0.1825,-0.81254,-4.6301
-0.1997,-0.75917,-4.537
-0.20381,-0.69796,-4.4353
-0.17988,-0.64409,-4.3254
-0.15744,-0.59884,-4.2103
-0.089011,-0.53918,-4.0886
-0.064705,-0.49433,-3.9616
-0.026189,-0.4449,-3.8323
-0.0071182,-0.37141,-3.6941
0.00036053,-0.32656,-3.5507
-0.021328,-0.27981,-3.4064
-0.086767,-0.21694,-3.2554
-0.10472,-0.14948,-3.0975
-0.15744,-0.087853,-2.935
-0.16081,-0.010451,-2.7664
-0.10733,0.077317,-2.5864
-0.079288,0.13188,-2.4008
-0.01011,0.21623,-2.2092
0.072531,0.27674,-2.0126
0.10506,0.36279,-1.8123
0.13199,0.42432,-1.6044
0.15106,0.50759,-1.3966
0.10469,0.6063,-1.1767
0.087488,0.64203,-0.96079
0.073278,0.80252,-0.73319
0.061312,0.78662,-0.50887
0.10731,1.0213,-0.28447
0.082627,0.89093,-0.044821
0.11853,0.05606,0.031055
0.14881,0.015533,0.0022013
0.11441,0.096238,0.013625
0.18135,-0.0019448,0.009381
0.12301,0.062996,0.011076
0.091975,0.0043723,0.012234
0.129,0.035137,0.010551
0.075148,0.015256,0.013917
0.12526,0.015945,0.011664
0.15106,0.022517,0.01424
0.17873,-0.00019779,0.013344
0.20565,0.017194,0.014412
0.17462,0.0039824,0.014859
0.17761,0.0090023,0.01475
0.11591,0.0094222,0.016043
0.091601,0.0028577,0.015635
0.039998,0.0079413,0.016373
-0.0093619,0.0068054,0.016902
0.003726,0.0029514,0.017374
-0.019458,0.0073265,0.018349
0.055703,0.0062543,0.019669
0.10319,0.0034912,0.020838
0.13947,0.0068279,0.021562
0.19406,0.0014893,0.022102
0.18322,0.0039336,0.022724
0.18172,-0.0013787,0.023575
0.13647,-0.0046066,0.023399
0.11217,0.0079938,0.024828
0.1174,-0.006856,0.024678
0.098332,0.0077839,0.024974
0.10731,-0.006841,0.026387
0.13834,0.0031576,0.02509
0.14283,0.0040273,0.028056
0.14208,-0.015794,0.025356
0.14545,0.022664,0.02873
0.12339,-0.037853,0.026882
0.093097,0.039407,0.027118
0.049346,-0.045051,0.030185
0.068043,0.025925,0.023215
0.04112,-0.0069573,0.037312
0.044485,-0.062514,0.010959
0.11142,1.3764,0.14044
0.14433,2.0606,0.51891
0.3227,1.5946,0.87088
0.27147,1.6859,1.1983
0.24828,1.6024,1.5258
0.29876,1.5739,1.8221
0.10581,1.5991,2.1134
0.21575,1.5831,2.3819
0.18022,1.625,2.6454
0.12226,1.5993,2.8918
0.2767,1.6326,3.1242
0.20079,1.6444,3.3502
0.31559,1.663,3.5654
0.37953,1.6626,3.7706
0.34214,1.6482,3.9596
0.36757,1.6304,4.1358
0.31709,1.6172,4.2981
0.26025,1.5975,4.4441
0.12264,1.5559,4.5729
0.10544,1.5367,4.6856
0.045607,1.5146,4.785
0.047477,1.4903,4.8732
0.13834,1.4568,4.9486
0.097958,1.4143,5.0093
0.15554,1.3747,5.0558
0.14769,1.3297,5.0877
0.12974,1.2922,5.1081
0.080757,1.257,5.1185
-0.015719,1.215,5.1175
-0.060591,1.1753,5.106
-0.16604,1.1352,5.0846
-0.18586,1.0987,5.0547
-0.21952,1.0616,5.0172
-0.20531,1.006,4.9707
-0.13388,0.96023,4.9146
-0.12603,0.91193,4.8488
-0.065079,0.86011,4.7741
-0.075923,0.82063,4.6934
-0.11406,0.75832,4.6053
-0.13052,0.70553,4.5088
-0.16193,0.65685,4.4043
-0.15669,0.60546,4.2929
-0.1365,0.55558,4.1768
-0.083776,0.49557,4.0529
-0.03479,0.45786,3.9253
-0.008614,0.39245,3.7941
0.0067175,0.32685,3.6536
0.016066,0.29426,3.5106
0.0127,0.23843,3.3653
-0.029181,0.1728,3.2126
-0.067696,0.11074,3.0538
-0.099855,0.053964,2.8911
-0.11481,-0.037684,2.7195
-0.071062,-0.10916,2.5373
-0.011979,-0.17225,2.352
0.032893,-0.25619,2.1581
0.087862,-0.30689,1.9616
0.12039,-0.39902,1.7595
0.10843,-0.45307,1.5526
0.094967,-0.56286,1.3418
0.048972,-0.61857,1.122
-0.002631,-0.70326,0.90637
-0.010858,-0.82005,0.67507
0.01457,-0.83852,0.45866
0.019805,-1.1018,0.22009
0.042242,-0.62181,0.017385
0.14096,0.037933,0.0016314
0.12638,-0.10467,0.01908
0.13685,-0.055732,0.0075551
0.17723,-0.034839,0.014885
0.062434,-0.069195,0.0093697
0.055703,-0.022212,0.012193
0.024293,-0.053276,0.010446
-0.046756,-0.021665,0.0098984
0.00073447,-0.036095,0.010903
-0.0063704,-0.029646,0.0085449
0.02504,-0.0267,0.0096884
0.033267,-0.024589,0.0081925
0.015692,-0.018167,0.0087361
0.010457,-0.031221,0.0078063
-0.041147,-0.02078,0.0071727
-0.028433,-0.020772,0.0074464
-0.061339,-0.022328,0.0065653
-0.057974,-0.016086,0.0060217
-0.022824,-0.019273,0.0055943
0.00036053,-0.021042,0.0047545
0.081131,-0.018819,0.0031911
0.082253,-0.017721,0.002415
0.12675,-0.015805,0.0016015
0.14956,-0.013042,0.0010353
0.083001,-0.015917,0.00051419
0.061312,-0.010211,-0.00032187
0.02878,-0.014579,-0.00026938
0.0067175,-0.014302,-0.0015703
-0.008614,-0.0073247,-0.00092924
-0.0033789,-0.020889,-0.0021852
0.042616,0.0030376,-0.0022864
0.076644,-0.029564,-0.0024589
0.085992,-0.0036356,-0.0042847
0.11329,-0.011595,-0.0018178
0.13124,-0.0185,-0.0061818
0.12002,0.016167,-0.0015816
0.12301,-0.058232,-0.0069691
0.11217,0.052187,-0.0033062
0.11329,-0.094253,-0.0045622
0.093845,0.1014,-0.0089225
0.11778,-0.25806,0.004672
0.10432,-1.7933,-0.21797
0.14096,-1.9075,-0.61303
0.23033,-1.5765,-0.94444
0.1892,-1.6986,-1.2783
0.38215,-1.5788,-1.5937
0.39973,-1.6223,-1.8879
0.34588,-1.5833,-2.1724
0.48461,-1.6121,-2.4376
0.29016,-1.6229,-2.6978
0.33167,-1.6068,-2.9368
0.38739,-1.6548,-3.1677
0.28941,-1.6541,-3.3901
0.4532,-1.6746,-3.6029
0.43787,-1.6585,-3.8036
0.40945,-1.6536,-3.9883
0.38776,-1.6454,-4.1608
0.29727,-1.6248,-4.3181
0.17611,-1.6014,-4.4602
0.056451,-1.5642,-4.5854
0.042242,-1.5403,-4.6945
-0.038903,-1.5181,-4.7901
0.033641,-1.4937,-4.8742
0.070287,-1.4592,-4.946
0.077766,-1.4176,-5.0034
0.18396,-1.3773,-5.0462
0.13909,-1.3359,-5.0752
0.13647,-1.3002,-5.0927
0.065052,-1.2632,-5.1002
-0.044512,-1.2236,-5.0968
-0.083402,-1.1802,-5.0822
-0.16567,-1.1372,-5.0582
-0.21503,-1.1028,-5.0261
-0.224,-1.0631,-4.9859
-0.1896,-1.0115,-4.9369
-0.17277,-0.95845,-4.8778
-0.14099,-0.90691,-4.8092
-0.12491,-0.85798,-4.7322
-0.16342,-0.81665,-4.6485
-0.17651,-0.76916,-4.5585
-0.18474,-0.71012,-4.4603
-0.16791,-0.65376,-4.3533
-0.13874,-0.60389,-4.2401
-0.10808,-0.54337,-4.1207
-0.062461,-0.49822,-3.9954
-0.013101,-0.45977,-3.8682
0.0063435,-0.3844,-3.7343
0.010457,-0.33186,-3.5923
0.0014823,-0.29267,-3.4495
-0.053113,-0.22673,-3.3019
-0.093498,-0.16193,-3.1465
-0.14361,-0.10699,-2.9863
-0.16978,-0.0378,-2.8216
-0.16118,0.053237,-2.6465
-0.13874,0.11022,-2.4626
-0.059096,0.19303,-2.2743
-0.0071182,0.2585,-2.0788
0.042242,0.32944,-1.8807
0.057199,0.41938,-1.6739
0.05346,0.46558,-1.4672
0.04972,0.58822,-1.2519
-0.013101,0.62129,-1.0334
0.003352,0.75189,-0.81403
-0.0045007,0.79539,-0.58388
-0.0074922,0.9075,-0.36886
0.023919,1.0704,-0.12066
0.0029781,0.3279,0.028221
0.048225,-0.055166,0.009426
0.053834,0.12054,0.00826
0.088236,0.0024565,0.013089
0.097211,0.048082,0.0084774
-0.0052485,0.025873,0.013666
0.018684,0.015983,0.0098646
0.01457,0.031804,0.013655
0.015318,0.0021229,0.012073
0.087114,0.02579,0.013119
0.076644,0.0062955,0.013824
0.13161,0.014675,0.013456
0.14769,0.0093772,0.014948
0.12787,0.00091192,0.014232
0.12114,0.0047809,0.015575
0.067295,0.0053882,0.015638
0.06206,0.0070528,0.016073
0.02878,0.00079195,0.016909
0.04972,0.0020141,0.017104
0.064304,0.0065804,0.017824
0.080009,0.0073452,0.018863
0.1634,0.0052495,0.020295
0.15106,0.0023215,0.021007
0.17723,0.0051071,0.021708
0.172,0.0029926,0.022312
0.10768,-8.5316e-05,0.023035
0.1002,-0.0015999,0.023534
0.06393,0.0041473,0.023714
0.040372,-0.0034819,0.024824
0.06393,0.00051827,0.024336
0.077766,0.0039861,0.026173
0.10432,-0.012896,0.025191
0.17013,0.016148,0.026481
0.18022,-0.0234,0.02689
0.21201,0.014566,0.025802
0.2165,-0.010751,0.029379
0.17125,-0.0067923,0.024531
0.17387,0.025228,0.031651
0.15442,-0.060092,0.023725
0.14246,0.094963,0.03197
0.10245,-0.18128,0.024869
0.12862,0.56088,0.038849
0.14283,1.9989,0.3234
0.2423,1.7937,0.71287
0.30624,1.601,1.0371
0.18509,1.6647,1.3727
0.28568,1.5509,1.6798
0.15741,1.6192,1.9741
0.10132,1.5683,2.2533
0.24753,1.6141,2.5178
0.11292,1.5938,2.7737
0.24454,1.5982,3.0089
0.29839,1.6364,3.2393
0.26623,1.6424,3.4592
0.39262,1.6638,3.6698
0.36345,1.6366,3.866
0.36794,1.6337,4.0474
0.31933,1.6195,4.2166
0.24679,1.5966,4.3695
0.12339,1.5714,4.5064
0.051964,1.5401,4.627
0.03925,1.5111,4.7327
-0.030302,1.4796,4.8247
0.078888,1.4588,4.9047
0.08674,1.4267,4.972
0.11217,1.3826,5.0247
0.18247,1.3401,5.0634
0.1462,1.2952,5.0886
0.14545,1.2635,5.1029
0.056451,1.2268,5.1077
0.0048478,1.176,5.1011
-0.081532,1.1394,5.0832
-0.17502,1.1039,5.0568
-0.19297,1.0635,5.0225
-0.2154,1.0152,4.9795
-0.16081,0.96567,4.9272
-0.17763,0.92229,4.8657
-0.17128,0.86618,4.7946
-0.14996,0.82029,4.7155
-0.22662,0.77836,4.6297
-0.23335,0.72942,4.5377
-0.22999,0.67505,4.4386
-0.22961,0.61474,4.33
-0.20082,0.56309,4.2148
-0.16268,0.50525,4.093
-0.10883,0.46851,3.9669
-0.074053,0.41941,3.8387
-0.061713,0.34281,3.7018
-0.057226,0.30503,3.559
-0.068818,0.25733,3.4152
-0.13426,0.19105,3.2657
-0.17726,0.12979,3.1095
-0.20979,0.071821,2.9486
-0.23186,-0.0012288,2.7817
-0.18736,-0.086875,2.6035
-0.14061,-0.14926,2.4201
-0.063957,-0.23613,2.2298
0.0074654,-0.28966,2.0334
0.037754,-0.37333,1.8344
0.055703,-0.44281,1.6272
0.069913,-0.51656,1.4191
0.033641,-0.61512,1.2003
-0.0048746,-0.65607,0.98479
-0.015719,-0.80526,0.75848
-0.019084,-0.79825,0.53465
0.013822,-1.0254,0.31181
0.014196,-0.91697,0.071673
0.10581,-0.10285,-0.0092036
0.1533,-0.029016,0.019751
0.12713,-0.11032,0.0091073
0.1978,-0.011647,0.012995
0.12974,-0.07261,0.012047
0.097584,-0.023554,0.010153
0.13161,-0.050626,0.01214
0.072157,-0.028345,0.0090098
0.11927,-0.02622,0.011413
0.14358,-0.03518,0.0089798
0.14694,-0.018099,0.0096996
0.1978,-0.032244,0.0088111
0.17686,-0.017305,0.0082487
0.14807,-0.023524,0.0086799
0.10656,-0.020322,0.0073977
0.071409,-0.016319,0.0073452
0.036633,-0.020105,0.0068128
0.009709,-0.018587,0.0064754
0.034389,-0.019209,0.0058155
0.040746,-0.018335,0.0051557
0.082253,-0.023802,0.0039859
0.11853,-0.01925,0.0026775
0.10544,-0.016262,0.0020626
0.13386,-0.017008,0.0012003
0.11292,-0.012791,0.00088536
0.050842,-0.020555,-0.00013441
0.037754,-0.013807,-9.3172e-05
-0.0015092,-0.017316,-0.00094798
-0.029181,-0.010598,-0.0017128
0.0018563,-0.015209,-0.0011954
0.03065,-0.012071,-0.0031262
0.071409,-0.0090192,-0.0014054
0.11516,-0.019914,-0.0039436
0.14545,0.0021229,-0.0025564
0.15779,-0.040507,-0.0040973
0.17387,0.022105,-0.0046672
0.17574,-0.037227,-0.0023427
0.12974,0.0054182,-0.0080901
0.16527,-0.0014837,0.0010428
0.14433,-0.062023,-0.013324
0.13535,0.13472,0.0092572
0.17723,-1.0847,-0.070585
0.14807,-2.0696,-0.42378
0.30026,-1.6363,-0.7907
0.25352,-1.6567,-1.1143
0.28979,-1.6324,-1.4466
0.51228,-1.5842,-1.7446
0.38178,-1.6154,-2.0372
0.45993,-1.5753,-2.309
0.3915,-1.6328,-2.5724
0.24155,-1.5942,-2.8213
0.38701,-1.6285,-3.0541
0.30624,-1.6447,-3.282
0.36794,-1.6567,-3.4981
0.43787,-1.6651,-3.7049
0.38888,-1.6457,-3.8958
0.36607,-1.6496,-4.0738
0.27109,-1.6237,-4.2379
0.20378,-1.6021,-4.3862
0.058321,-1.5731,-4.5187
0.046355,-1.5386,-4.634
-0.011232,-1.5161,-4.7354
-0.03479,-1.4912,-4.8247
0.083749,-1.4638,-4.9016
0.067669,-1.426,-4.9649
0.16153,-1.3803,-5.0134
0.18359,-1.3398,-5.0476
0.15442,-1.3053,-5.07
0.13947,-1.269,-5.0821
0.057573,-1.2277,-5.0834
-0.0097358,-1.1841,-5.0735
-0.11668,-1.1461,-5.0533
-0.138,-1.1108,-5.0247
-0.18698,-1.0683,-4.988
-0.17053,-1.0192,-4.9425
-0.1178,-0.96793,-4.8867
-0.13538,-0.91812,-4.8216
-0.083776,-0.87011,-4.7483
-0.11145,-0.82747,-4.6674
-0.13538,-0.78073,-4.5807
-0.14996,-0.72301,-4.4865
-0.17389,-0.66534,-4.3832
-0.16342,-0.61565,-4.2727
-0.13949,-0.56284,-4.1566
-0.072183,-0.51263,-4.0337
-0.048625,-0.47384,-3.9074
-0.027311,-0.40765,-3.7773
-0.025067,-0.34752,-3.6378
-0.040399,-0.31255,-3.4952
-0.068818,-0.24915,-3.3503
-0.12304,-0.17995,-3.198
-0.15445,-0.12313,-3.0397
-0.1896,-0.070432,-2.8773
-0.18736,0.022424,-2.7065
-0.15445,0.099166,-2.5248
-0.068818,0.15506,-2.3395
-0.0056225,0.24026,-2.1466
0.034389,0.3003,-1.9499
0.093471,0.39442,-1.7469
0.064678,0.4419,-1.5398
0.075896,0.54838,-1.329
0.061312,0.61368,-1.1086
-0.011232,0.69182,-0.89301
-0.016467,0.81273,-0.66163
-1.3407e-05,0.82343,-0.44489
0.021675,1.092,-0.20736
0.036259,0.63398,0.00096784
0.10656,-0.05036,0.022049
0.11479,0.086884,0.0028274
0.12675,0.045439,0.014761
0.18509,0.02203,0.0076076
0.088236,0.047707,0.013149
0.089358,0.00052202,0.010704
0.097211,0.041071,0.011908
0.038876,0.0046872,0.013036
0.13236,0.021813,0.011863
0.1447,0.011192,0.013947
0.15891,0.011548,0.013003
0.20453,0.01337,0.01472
0.19743,6.4644e-05,0.01415
0.19369,0.012778,0.014926
0.12152,0.0004358,0.015695
0.095715,0.0039149,0.015428
0.056451,0.0089685,0.016317
0.047851,0.0047397,0.016861
0.081131,0.0070678,0.017502
0.075896,0.004526,0.018424
0.14134,0.0021341,0.019939
0.16938,0.0057107,0.020778
0.19144,0.0065204,0.02142
0.19294,-0.0051502,0.022053
0.14545,-0.0044679,0.022765
0.11329,-0.0051315,0.023362
0.048225,0.0030076,0.023579
0.024293,0.0018379,0.024869
0.023919,-0.0070622,0.024153
0.031023,0.0064342,0.025851
0.061686,-0.012326,0.025281
0.11591,0.014476,0.025904
0.15218,-0.015164,0.027058
0.16564,0.0084212,0.025345
0.18733,-0.002196,0.029439
0.18022,-0.018774,0.024306
0.16938,0.03351,0.030999
0.14171,-0.065299,0.024955
0.126,0.089456,0.03014
0.10693,-0.15679,0.028629
0.15667,0.41074,0.027512
0.16788,1.9229,0.28461
0.23071,1.848,0.67825
0.33242,1.585,1.0055
0.22061,1.6911,1.3424
0.32681,1.5572,1.6543
0.24529,1.6159,1.9496
0.096463,1.5717,2.2324
0.25913,1.6131,2.4976
0.1462,1.6168,2.7577
0.22996,1.5963,2.9964
0.31746,1.6369,3.2277
0.27221,1.6439,3.449
0.41805,1.6594,3.6619
0.4001,1.6316,3.8619
0.39561,1.6364,4.0462
0.3227,1.6341,4.2192
0.22622,1.5985,4.3761
0.11591,1.5731,4.5172
0.003726,1.548,4.6424
0.011953,1.5236,4.7514
-0.076671,1.4981,4.8473
-0.0097358,1.4692,4.9305
0.036259,1.4344,5.0013
0.069165,1.3993,5.0585
0.15255,1.3548,5.1003
0.10955,1.3116,5.1286
0.11666,1.2795,5.1455
0.021301,1.237,5.1517
-0.067696,1.1973,5.148
-0.14548,1.1552,5.1331
-0.21727,1.112,5.1081
-0.21914,1.0844,5.0756
-0.24382,1.0413,5.0352
-0.17539,0.98971,4.9855
-0.17053,0.94013,4.926
-0.15445,0.88621,4.8571
-0.12416,0.83956,4.7798
-0.18586,0.78837,4.6951
-0.20044,0.7461,4.6042
-0.21129,0.69577,4.507
-0.19857,0.62829,4.4009
-0.16417,0.5833,4.2872
-0.11369,0.53032,4.1676
-0.067322,0.47665,4.0417
-0.037407,0.43282,3.9138
0.00036053,0.36836,3.7797
-0.0056225,0.32195,3.6369
-0.060965,0.27724,3.4935
-0.12678,0.21245,3.346
-0.17016,0.15481,3.1913
-0.2427,0.092823,3.0313
-0.26962,0.026701,2.8663
-0.21316,-0.059241,2.6915
-0.1537,-0.12373,2.5082
-0.091628,-0.20013,2.3206
-0.051991,-0.27027,2.1248
-0.0011352,-0.32963,1.9277
0.016814,-0.42408,1.7222
0.0067175,-0.47412,1.5143
-0.0037528,-0.58968,1.2997
-0.04526,-0.63075,1.0798
-0.063209,-0.74748,0.86076
-0.079662,-0.81584,0.62871
-0.037407,-0.89216,0.41362
-0.0011352,-1.0966,0.16728
0.033641,-0.43245,-0.0012217
0.12301,0.046571,0.0086311
0.1189,-0.12757,0.015192
0.14956,-0.031161,0.0078026
0.13947,-0.055852,0.013846
0.055329,-0.043563,0.0083162
0.089358,-0.025912,0.012088
0.056825,-0.049194,0.0086949
0.067669,-0.0145,0.0098796
0.14096,-0.042745,0.0095309
0.1189,-0.024413,0.0081812
0.16938,-0.027322,0.0089573
0.18359,-0.028113,0.0073602
0.15106,-0.024559,0.008155
0.12152,-0.027063,0.006944
0.074774,-0.017053,0.0066328
0.061312,-0.020701,0.0066066
0.039624,-0.0218,0.0057105
0.056077,-0.022924,0.0050919
0.062434,-0.02331,0.0044471
0.1275,-0.021627,0.0035735
0.19743,-0.018335,0.0023775
0.18509,-0.020158,0.0014177
0.21762,-0.014369,0.00053669
0.19182,-0.013188,0.00014303
0.12974,-0.022152,-0.00091799
0.084123,-0.0093904,-0.00092924
0.036633,-0.018317,-0.0014654
0.010457,-0.0095816,-0.0024851
-0.012727,-0.013484,-0.001889
0.014944,-0.01251,-0.0037898
0.06206,-0.0073959,-0.0024064
0.1017,-0.029897,-0.0046034
0.12376,0.011315,-0.0036286
0.12488,-0.035622,-0.004296
0.13498,0.013074,-0.0059231
0.13199,-0.032379,-0.0026051
0.096837,-0.011122,-0.0093536
0.080009,0.018851,-4.8182e-05
0.069913,-0.088371,-0.013523
0.077392,0.1617,0.0051782
0.099828,-0.91436,-0.049916
0.072157,-2.062,-0.38445
0.1907,-1.6742,-0.76055
0.19817,-1.6387,-1.0843
0.20864,-1.6491,-1.4195
0.42366,-1.579,-1.7205
0.32718,-1.6211,-2.0149
0.36645,-1.5741,-2.2897
0.38066,-1.6356,-2.5544
0.20603,-1.6027,-2.8079
0.347,-1.6231,-3.0426
0.30998,-1.6468,-3.2715
0.33017,-1.6585,-3.4898
0.44273,-1.6701,-3.6992
0.38477,-1.6502,-3.8934
0.38103,-1.6539,-4.0743
0.28904,-1.6338,-4.2419
0.21724,-1.6129,-4.3942
0.082253,-1.5862,-4.5312
-0.0067443,-1.5527,-4.6507
-0.027311,-1.53,-4.7556
-0.057226,-1.5045,-4.8482
0.036633,-1.4782,-4.9287
0.059069,-1.4447,-4.9961
0.12862,-1.4009,-5.0492
0.15629,-1.3603,-5.0872
0.11516,-1.3197,-5.1123
0.10058,-1.2847,-5.1266
0.019805,-1.247,-5.1304
-0.050869,-1.2011,-5.1235
-0.13912,-1.1609,-5.1057
-0.19035,-1.1246,-5.0789
-0.22101,-1.0867,-5.0443
-0.20157,-1.0394,-5.0011
-0.14398,-0.98907,-4.9483
-0.13987,-0.9403,-4.8861
-0.11855,-0.88996,-4.8148
-0.12753,-0.84373,-4.7352
-0.17726,-0.79914,-4.6501
-0.18511,-0.74997,-4.5581
-0.18623,-0.68784,-4.4573
-0.20119,-0.63065,-4.3479
-0.14286,-0.58462,-4.2328
-0.11145,-0.52564,-4.1115
-0.078914,-0.48285,-3.9846
-0.00824,-0.43749,-3.856
-0.008614,-0.36638,-3.7191
-0.002257,-0.3221,-3.5759
-0.059096,-0.27235,-3.4319
-0.13912,-0.2041,-3.2813
-0.16417,-0.14552,-3.1241
-0.22213,-0.091602,-2.9621
-0.21241,-0.015914,-2.7943
-0.14435,0.075397,-2.6149
-0.10285,0.13299,-2.4297
-0.026563,0.21506,-2.2396
0.047103,0.27614,-2.0424
0.065052,0.35597,-1.8428
0.077392,0.42791,-1.635
0.085618,0.49816,-1.4273
0.045233,0.60862,-1.208
0.0018563,0.63461,-0.99095
-0.024319,0.78619,-0.76611
-0.03479,0.79704,-0.53827
0.010831,0.98107,-0.31848
0.016814,0.96961,-0.071995
0.039624,0.15453,0.032228
0.07627,-0.015899,0.0037572
0.063556,0.11076,0.011645
0.10768,-0.0023347,0.010449
0.055329,0.056693,0.0096584
0.0022302,0.010836,0.01271
0.034015,0.02891,0.0098084
0.014196,0.023215,0.013599
0.065426,0.010858,0.011496
0.11105,0.019316,0.013516
0.15218,0.00053702,0.013186
0.20416,0.018866,0.013861
0.1791,0.0076152,0.014454
0.16527,0.013426,0.014116
0.12226,0.0070416,0.015672
0.072531,0.0016092,0.015526
0.03065,0.0072702,0.016069
0.023171,0.0075777,0.016531
0.055329,0.0067191,0.016988
0.06393,-0.0032682,0.017659
0.14246,0.0070715,0.019144
0.18808,0.0031801,0.020344
0.19331,-0.0030658,0.020842
0.22248,0.0048034,0.021907
0.17462,0.0048184,0.022173
0.10805,0.00055576,0.023032
0.075522,-0.0039805,0.023215
0.039998,0.0071878,0.024078
0.013448,-0.0099002,0.024404
0.016814,0.0059881,0.024524
0.032145,-0.0041155,0.026233
0.07814,-0.007096,0.024468
0.12675,0.0084437,0.027317
0.172,-0.024124,0.025232
0.1978,0.021456,0.027392
0.16564,-0.034467,0.027257
0.14956,0.031163,0.026102
0.12862,-0.028642,0.031074
0.15405,0.0018529,0.022293
0.12488,0.029982,0.03717
0.11703,-0.12703,0.012407
0.20004,1.1992,0.10926
0.19443,2.0841,0.47285
0.34139,1.6181,0.83428
0.3126,1.6663,1.1596
0.26287,1.6188,1.491
0.33354,1.58,1.7888
0.12638,1.6027,2.0815
0.20603,1.57,2.3524
0.2337,1.6231,2.6169
0.17649,1.5817,2.8655
0.33504,1.6202,3.0984
0.2868,1.6276,3.3261
0.36495,1.64,3.5426
0.41506,1.6474,3.7496
0.37991,1.6259,3.9402
0.37056,1.63,4.1184
0.28156,1.6051,4.2825
0.20117,1.5772,4.4298
0.040372,1.5555,4.562
0.05159,1.5212,4.6786
0.0059696,1.4821,4.7799
-0.026189,1.464,4.868
0.083001,1.4506,4.9452
0.0744,1.4069,5.0084
0.15779,1.3477,5.0563
0.15816,1.318,5.0913
0.14769,1.2841,5.1131
0.10132,1.2442,5.1245
-1.3407e-05,1.2107,5.1259
-0.026189,1.1552,5.1156
-0.13575,1.1193,5.0949
-0.16679,1.0897,5.0662
-0.21391,1.0439,5.0296
-0.21129,0.99422,4.9841
-0.15931,0.9444,4.9292
-0.16866,0.89949,4.8644
-0.12678,0.8501,4.7906
-0.17277,0.80644,4.7095
-0.19932,0.76148,4.6215
-0.21465,0.71148,4.5275
-0.22961,0.64927,4.4255
-0.17053,0.59475,4.3146
-0.14286,0.54685,4.1979
-0.11893,0.48022,4.0744
-0.084897,0.44897,3.9477
-0.046008,0.39415,3.8178
-0.044512,0.31689,3.6778
-0.056478,0.29169,3.5348
-0.086767,0.23608,3.3903
-0.1451,0.16642,3.238
-0.17202,0.11378,3.08
-0.21727,0.052787,2.9176
-0.20792,-0.033347,2.7475
-0.14061,-0.10787,2.5667
-0.087141,-0.1683,2.3815
-0.017962,-0.2532,2.1883
0.038128,-0.3081,1.9919
0.072157,-0.40101,1.7903
0.068043,-0.45429,1.5823
0.044485,-0.55188,1.3731
-0.0037528,-0.62594,1.1532
-0.048625,-0.68564,0.93782
-0.053113,-0.81895,0.70776
-0.044138,-0.81518,0.48877
-0.025815,-1.0845,0.2556
-0.010484,-0.74358,0.034403
0.075896,0.0054332,-0.0037374
0.079261,-0.07664,0.019875
0.057573,-0.079111,0.0071952
0.13947,-0.033039,0.01412
0.058695,-0.071069,0.0097409
0.047103,-0.015156,0.011184
0.094593,-0.054495,0.010974
0.033267,-0.021818,0.0089873
0.10469,-0.034737,0.010787
0.13909,-0.029219,0.0083425
0.16078,-0.021957,0.0092947
0.19855,-0.028533,0.0079375
0.1533,-0.016641,0.008185
0.12937,-0.029035,0.0077163
0.071035,-0.02096,0.0069478
0.035885,-0.020615,0.0072364
0.0048478,-0.021886,0.0063816
0.0074654,-0.0191,0.0058568
0.064678,-0.017443,0.0054069
0.080757,-0.021702,0.0046795
0.12713,-0.023858,0.0029886
0.1533,-0.017451,0.0019651
0.18621,-0.019531,0.0013615
0.19032,-0.014249,0.00079163
0.14134,-0.014125,0.00028924
0.12675,-0.011703,-0.00056932
0.069165,-0.014688,-0.00038561
0.016814,-0.015869,-0.0017578
0.013448,-0.008768,-0.0014579
0.037754,-0.027614,-0.0026089
0.070661,0.00069823,-0.0029163
0.10805,-0.020795,-0.0022827
0.13348,-0.0055551,-0.0047159
0.13947,-0.0087493,-0.0020502
0.15031,-0.029999,-0.0064368
0.14545,0.01752,-0.0024289
0.11927,-0.053689,-0.0063055
0.10955,0.047332,-0.0048771
0.12039,-0.085184,-0.0031787
0.087488,0.07551,-0.011656
0.12638,-0.15381,0.009051
0.11105,-1.6835,-0.18426
0.1447,-1.9446,-0.578
0.25501,-1.5696,-0.91524
0.19556,-1.696,-1.2473
0.35523,-1.5796,-1.5666
0.36383,-1.6128,-1.8614
0.30512,-1.5838,-2.1486
0.44011,-1.5964,-2.4144
0.24192,-1.6189,-2.676
0.27109,-1.5934,-2.9173
0.36196,-1.6393,-3.1488
0.28755,-1.6413,-3.3727
0.42964,-1.6646,-3.5864
0.44049,-1.6499,-3.7885
0.41618,-1.642,-3.9749
0.38103,-1.637,-4.1492
0.29615,-1.6123,-4.3084
0.17649,-1.5898,-4.4522
0.072531,-1.5538,-4.5786
0.068417,-1.5261,-4.689
-0.0033789,-1.5051,-4.7868
0.069165,-1.4817,-4.8727
0.12862,-1.4502,-4.9466
0.14582,-1.4117,-5.0061
0.21463,-1.366,-5.0504
0.19144,-1.3242,-5.0812
0.1978,-1.2914,-5.1004
0.1189,-1.2551,-5.1093
0.059817,-1.2102,-5.1074
-0.012727,-1.1677,-5.0942
-0.12678,-1.1347,-5.0712
-0.1294,-1.0934,-5.0399
-0.16342,-1.0463,-5.0005
-0.13725,-1.0021,-4.9521
-0.12304,-0.953,-4.8938
-0.1279,-0.90088,-4.8265
-0.12753,-0.8578,-4.7504
-0.19297,-0.81565,-4.6679
-0.2169,-0.76122,-4.5792
-0.23111,-0.70334,-4.4824
-0.22288,-0.64566,-4.3765
-0.1997,-0.59739,-4.2636
-0.14996,-0.54532,-4.1458
-0.1178,-0.4924,-4.0211
-0.09088,-0.4528,-3.8937
-0.04713,-0.38911,-3.7614
-0.051991,-0.33392,-3.6202
-0.052739,-0.29353,-3.477
-0.12453,-0.229,-3.3301
-0.19222,-0.16432,-3.1759
-0.2083,-0.10325,-3.0161
-0.22886,-0.043713,-2.8516
-0.20568,0.046661,-2.6773
-0.15632,0.11483,-2.4936
-0.075175,0.18385,-2.3065
-0.025067,0.26287,-2.111
0.042242,0.32122,-1.9133
0.083375,0.413,-1.7081
0.051964,0.46612,-1.5004
0.060191,0.57497,-1.2864
0.0089611,0.61814,-1.0666
-0.013475,0.73119,-0.84857
0.021675,0.80453,-0.61675
0.011953,0.87175,-0.4015
0.013074,1.0937,-0.15554
0.060565,0.45217,0.02022
0.14134,-0.065153,0.014067
0.12862,0.10662,0.0056356
0.14283,0.016332,0.014101
0.13947,0.040348,0.0075326
0.047103,0.036812,0.013396
0.085618,0.013062,0.0098084
0.059817,0.037307,0.012984
0.048972,0.00034957,0.012189
0.13161,0.024077,0.01226
0.12638,0.0083425,0.013989
0.14582,0.014157,0.012999
0.14096,0.0081175,0.014502
0.1275,0.0065954,0.014165
0.084871,0.013749,0.015402
0.034015,0.001418,0.01574
0.01831,0.0066404,0.015747
-0.031424,0.0066592,0.016459
-0.023945,0.0040536,0.016999
-0.010484,0.0038549,0.017712
0.045981,0.010397,0.018724
0.10918,0.007124,0.0201
0.13984,0.0017255,0.020853
0.17237,0.0050733,0.021603
0.12039,-0.00020528,0.022068
0.10469,0.0042448,0.022942
0.077018,7.5891e-05,0.023504
0.0026042,0.0022316,0.023433
-0.026189,-0.0001528,0.024865
-0.011979,-0.0035007,0.024078
0.032519,0.0080875,0.02587
0.064678,-0.013484,0.025435
0.13124,0.010704,0.025919
0.15218,-0.018021,0.027373
0.14919,0.010813,0.025191
0.16415,-0.002196,0.02936
0.15517,-0.015235,0.024801
0.14171,0.03231,0.030894
0.12675,-0.06645,0.024906
0.1361,0.095976,0.029844
0.094593,-0.16495,0.028622
0.15368,0.39123,0.026923
0.17686,1.9143,0.28132
0.24716,1.847,0.67478
0.35972,1.5623,1.0017
0.21089,1.6711,1.3371
0.2939,1.5579,1.6483
0.20902,1.61,1.9427
0.068043,1.5641,2.225
0.23183,1.5922,2.4899
0.1376,1.5883,2.7484
0.24492,1.5925,2.9854
0.31858,1.6334,3.2166
0.27408,1.6171,3.4382
0.41543,1.6475,3.6498
0.38103,1.6305,3.8484
0.37729,1.6169,4.0318
0.31783,1.6144,4.2029
0.22958,1.5812,4.358
0.13722,1.5568,4.4977
0.035885,1.5255,4.6204
0.03925,1.4919,4.7275
-0.019458,1.4715,4.8212
0.05159,1.4489,4.9028
0.089732,1.41,4.9717
0.11067,1.3733,5.0264
0.17387,1.3316,5.0664
0.1462,1.2739,5.0929
0.14283,1.2454,5.109
0.061312,1.2224,5.1147
0.00073447,1.1687,5.109
-0.092376,1.1187,5.0926
-0.16043,1.0927,5.0674
-0.15707,1.0551,5.0339
-0.18586,1.0068,4.9921
-0.12117,0.9646,4.9415
-0.12566,0.91355,4.8808
-0.13351,0.86252,4.8104
-0.11593,0.81593,4.7325
-0.17352,0.77109,4.6477
-0.19521,0.72334,4.5562
-0.21204,0.66939,4.458
-0.21316,0.60321,4.3502
-0.17389,0.55016,4.2355
-0.15408,0.5058,4.115
-0.13725,0.45944,3.989
-0.074427,0.41084,3.8613
-0.066574,0.34067,3.7251
-0.087889,0.30004,3.5822
-0.089011,0.2566,3.4391
-0.16193,0.1875,3.2901
-0.22213,0.13036,3.1344
-0.2412,0.073189,2.9738
-0.25691,0.00028958,2.808
-0.24494,-0.086556,2.6313
-0.17913,-0.14372,2.4474
-0.098733,-0.22484,2.2581
-0.051991,-0.28359,2.0624
0.010083,-0.3629,1.864
0.01457,-0.44217,1.6565
0.0078393,-0.50409,1.4495
0.0082132,-0.61319,1.2318
-0.049747,-0.6435,1.0147
-0.05947,-0.79282,0.79099
-0.048999,-0.8066,0.56386
-0.03292,-0.98335,0.34482
-0.017589,-0.99661,0.098472
0.060939,-0.19278,-0.0099872
0.11666,0.0055082,0.017854
0.071035,-0.1228,0.011016
0.12862,-0.013657,0.011649
0.093845,-0.072449,0.012879
0.031397,-0.02565,0.0096172
0.066922,-0.039015,0.012759
-0.002257,-0.039709,0.0089761
0.043737,-0.027794,0.011241
0.12413,-0.035555,0.0092872
0.10768,-0.018036,0.0093472
0.14807,-0.033107,0.0090548
0.13273,-0.019644,0.0083724
0.098332,-0.025294,0.0088111
0.070287,-0.023592,0.0073264
0.027284,-0.017803,0.0074764
0.0040999,-0.020952,0.0070452
-0.01871,-0.017488,0.0063554
-0.0041267,-0.017477,0.0059205
0.0127,-0.017938,0.0052756
0.066548,-0.024015,0.0040047
0.13236,-0.017586,0.0028274
0.14694,-0.016311,0.0022126
0.14956,-0.02009,0.0011703
0.126,-0.013151,0.00092285
0.081131,-0.018365,7.1791e-05
0.033267,-0.011838,-0.00028813
-0.013475,-0.018849,-0.00073428
-0.0048746,-0.013908,-0.0015478
0.039624,-0.017275,-0.0010492
0.060191,-0.012528,-0.0030663
0.10432,-0.0029308,-0.0014429
0.12264,-0.030194,-0.0036736
0.1533,0.00348,-0.0030175
0.19107,-0.034235,-0.0033662
0.16078,0.013509,-0.0051808
0.14919,-0.026928,-0.0019228
0.10394,-0.0069348,-0.008585
0.12077,0.015436,0.00078413
0.12301,-0.084952,-0.012439
0.12152,0.16655,0.0057255
0.16452,-0.90492,-0.047423
0.099828,-2.058,-0.37982
0.23819,-1.6716,-0.75645
0.23632,-1.6336,-1.0792
0.21612,-1.6475,-1.4133
0.42179,-1.5713,-1.7144
0.31036,-1.6125,-2.0079
0.3728,-1.567,-2.2822
0.37542,-1.6242,-2.5461
0.21762,-1.5874,-2.7972
0.34663,-1.6143,-3.0308
0.31297,-1.6403,-3.26
0.35336,-1.6475,-3.4777
0.41917,-1.657,-3.6864
0.38477,-1.6335,-3.8792
0.36233,-1.6344,-4.0588
0.24828,-1.6164,-4.2253
0.18172,-1.5954,-4.3764
0.05159,-1.5577,-4.511
0.02504,-1.5242,-4.627
-0.010858,-1.5099,-4.7304
-0.03105,-1.4801,-4.8218
0.084871,-1.4503,-4.8996
0.077018,-1.4211,-4.9648
0.15405,-1.3732,-5.0155
0.18621,-1.3295,-5.0517
0.15218,-1.2965,-5.0755
0.11142,-1.2609,-5.0889
0.015692,-1.2195,-5.092
-0.018336,-1.1731,-5.0836
-0.11145,-1.14,-5.0647
-0.13725,-1.1035,-5.0374
-0.14473,-1.0575,-5.0018
-0.14809,-1.0145,-4.9574
-0.087141,-0.96419,-4.9039
-0.10359,-0.91425,-4.8407
-0.081532,-0.86509,-4.768
-0.096863,-0.82314,-4.6884
-0.16268,-0.77694,-4.6028
-0.16941,-0.71752,-4.5091
-0.17838,-0.66082,-4.4068
-0.1896,-0.61214,-4.2967
-0.14959,-0.56325,-4.1814
-0.10322,-0.50285,-4.0591
-0.076297,-0.46653,-3.9327
-0.025815,-0.41106,-3.8036
-0.030676,-0.33834,-3.665
-0.049747,-0.30666,-3.5223
-0.085645,-0.24803,-3.3775
-0.15482,-0.18071,-3.2259
-0.1881,-0.1243,-3.0681
-0.21428,-0.061205,-2.9055
-0.18997,0.020287,-2.7355
-0.14809,0.0974,-2.5543
-0.083028,0.15839,-2.3697
-0.01011,0.24414,-2.1774
0.036633,0.29485,-1.9804
0.079261,0.38274,-1.7791
0.06393,0.4434,-1.5709
0.072905,0.53883,-1.3612
0.029528,0.61547,-1.1406
-0.037407,0.67044,-0.92532
-0.017589,0.80656,-0.69578
-0.014971,0.80493,-0.47556
0.0082132,1.0744,-0.24431
0.03925,0.76485,-0.018427
0.098332,-0.0061587,0.026938
0.10843,0.059441,0.0017177
0.092723,0.072079,0.014652
0.14246,0.0073677,0.0080988
0.057947,0.054763,0.012077
0.033641,0.0037424,0.011297
0.063182,0.041911,0.011136
0.020553,0.010348,0.013423
0.094219,0.017486,0.011552
0.13647,0.017782,0.01406
0.16415,0.0092947,0.013044
0.17873,0.017805,0.014446
0.1533,0.006318,0.014439
0.13834,0.0094634,0.014701
0.06393,0.005242,0.015702
0.042242,0.003555,0.01565
0.023171,0.002434,0.016313
0.010831,0.0079526,0.016823
0.026162,0.0051146,0.017202
0.055329,0.0048146,0.017535
0.12264,0.006393,0.018356
0.14919,-0.00028401,0.018746
0.19182,0.0019766,0.018773
0.17574,0.0017817,0.018859
0.13161,-0.00044522,0.019091
0.099454,0.00014712,0.018983
0.032519,-0.0012475,0.018833
0.010831,-0.00036649,0.018915
0.0029781,-0.0058888,0.018881
0.046729,-0.0035157,0.019155
0.084871,-0.0023685,0.01893
0.11404,-0.016506,0.018776
0.172,-0.0071485,0.019076
