0.034763,-0.015145,0.00016552
0.027658,-0.015003,0.00025175
0.019057,-0.019948,0.00044296
0.019057,-0.013822,0.00051794
0.032145,-0.0068485,0.00097159
0.029902,-0.016184,0.001444
0.029528,-0.008828,0.0016914
0.035885,-0.012753,0.0020588
0.024667,-0.013042,0.0022913
0.029902,-0.012037,0.0024863
0.034389,-0.010867,0.0025087
0.033641,-0.0063687,0.0032961
0.032893,-0.024026,0.0024975
0.00036053,-0.00142,0.0031761
0.023545,-0.024146,0.0031086
0.038502,-0.0023197,0.0028537
0.02878,-0.01964,0.0042034
0.05159,-0.015801,0.0021226
0.036259,0.0072365,0.0050207
0.048972,-0.052448,0.0017814
0.024667,0.041334,0.004807
0.030276,-0.086762,0.0026362
0.025788,0.073032,0.0023625
0.021675,-0.11909,0.0064191
0.03065,0.14304,-0.0056344
0.0067175,2.1685,0.13141
0.23258,2.8041,0.37462
0.34551,2.5069,0.55964
0.52836,2.637,0.74021
0.77666,2.4779,0.9026
0.70187,2.57,1.0408
0.86004,2.5103,1.1659
0.79049,2.4555,1.2673
0.48573,2.4813,1.3574
0.47938,2.4009,1.4315
0.36084,2.3388,1.4971
0.22061,2.196,1.5498
0.019057,2.1215,1.5923
-0.19895,2.0953,1.6254
-0.20643,2.0084,1.6482
-0.21652,1.8991,1.6656
-0.32123,1.8099,1.6726
-0.26065,1.702,1.6703
-0.19932,1.6031,1.66
-0.56167,1.5056,1.6413
-0.50558,1.4081,1.6135
-0.17539,1.3246,1.5785
-0.11818,1.2332,1.5377
0.041494,1.1174,1.4877
0.022049,0.99375,1.4289
-0.011232,0.9012,1.3659
-0.034042,0.78513,1.297
-0.1537,0.67669,1.2219
-0.24868,0.56878,1.1419
-0.42593,0.47134,1.0579
-0.55344,0.36821,0.97294
-0.82567,0.24296,0.8808
-0.97824,0.14538,0.78714
-0.88999,-0.0014687,0.68593
-0.85858,-0.094842,0.57854
-0.60692,-0.26667,0.46391
-0.39489,-0.36652,0.33824
-0.23896,-0.5091,0.21759
-0.03105,-0.69991,0.073518
0.094593,-0.22292,-0.0096086
0.23669,0.043947,0.0040084
0.33279,-0.080753,0.0041021
0.45133,-0.0059638,0.0021638
0.44684,-0.037575,0.0048145
0.32382,-0.020135,0.0018901
0.28455,-0.01913,0.0043533
0.17836,-0.028105,0.002295
0.11067,-0.0084793,0.003431
0.14059,-0.027026,0.0026512
0.11292,-0.0111,0.0025387
0.18022,-0.018425,0.0028912
0.20229,-0.012866,0.0020439
0.16938,-0.010676,0.0023063
0.25875,-0.014279,0.0016727
0.33317,-0.011985,0.0017852
0.41992,-0.012986,0.0015302
0.45694,-0.0087905,0.0014552
0.4891,-0.013106,0.001309
0.48536,-0.01489,0.00086287
0.35373,-0.010935,0.00073914
0.304,-0.011081,0.00043171
0.20977,-0.011126,0.00020301
0.069539,-0.0095778,0.00022551
0.0052217,-0.0087868,0.00029674
-0.11294,-0.0066761,0.00015427
-0.24532,-0.00611,7.929e-05
-0.35339,-0.0065636,0.00028174
-0.3904,-0.0080782,0.00019551
-0.38592,-0.0070022,6.8042e-05
-0.35825,-0.0059675,0.000263
-0.24195,-0.0058138,0.00025175
-0.15221,-0.0073359,0.00031174
-0.11294,-0.0080857,0.00035673
-0.060591,-0.0035719,0.00022551
-0.013849,-0.0059488,0.00043171
0.0026042,-0.0051127,0.00034548
0.021301,-0.0046816,0.0002705
0.022797,-0.0076771,0.0004842
-0.016841,-0.0029908,0.00030799
-0.055356,-0.003317,0.00030799
-0.096489,-0.0066761,0.00046545
-0.077045,-0.0060687,0.0004917
0.019431,-0.002987,0.00049545
0.096089,-0.0024172,0.00038672
0.16489,-0.0028558,0.00017677
0.24978,-0.010031,-0.00031812
0.27371,-0.01077,-0.00072303
0.25613,-0.0026234,-0.0011429
0.28455,-0.011362,-0.0016191
0.29951,-0.010365,-0.0016116
0.28904,-0.009949,-0.0023164
0.29315,-0.009739,-0.0022677
0.24978,-0.0093304,-0.0024739
0.20004,-0.0049965,-0.00331
0.17088,-0.0091279,-0.0025414
0.12787,-0.011047,-0.0039511
0.11404,0.0018454,-0.0026426
0.10693,-0.016963,-0.0037711
0.04972,0.0092835,-0.00328
-0.010484,-0.027734,-0.0025676
-0.018336,0.0081775,-0.0048284
-0.075923,-0.0096565,-0.0011767
-0.097611,-0.023824,-0.0063955
-0.03105,0.032838,0.00036798
-0.0662,-0.085908,-0.0075803
-0.059096,0.14535,0.0022801
-0.058722,-0.61409,-0.02008
-0.077045,-1.7845,-0.24476
-0.046756,-1.5681,-0.51143
-0.10808,-1.4617,-0.72572
0.01457,-1.495,-0.94536
0.16975,-1.4215,-1.1302
0.23295,-1.4911,-1.301
0.34326,-1.4388,-1.4499
0.39187,-1.4741,-1.5761
0.47713,-1.4811,-1.6896
0.4977,-1.5017,-1.7852
0.56725,-1.5046,-1.8677
0.63942,-1.4935,-1.9322
0.61287,-1.4983,-1.9862
0.6297,-1.4655,-2.028
0.50293,-1.4567,-2.0587
0.44609,-1.4275,-2.0797
0.25314,-1.3855,-2.0881
0.19182,-1.3493,-2.0852
0.18097,-1.3019,-2.071
-0.3115,-1.2499,-2.0474
-0.3029,-1.1893,-2.0146
-0.074427,-1.1325,-1.9723
0.0063435,-1.0788,-1.9232
0.13984,-0.99964,-1.8663
0.073652,-0.91015,-1.7994
0.052712,-0.82711,-1.7248
0.047103,-0.74428,-1.6451
-0.017215,-0.64031,-1.5585
-0.14361,-0.56109,-1.4664
-0.33431,-0.47966,-1.3734
-0.51829,-0.37481,-1.2749
-0.69554,-0.28958,-1.1734
-0.77332,-0.16959,-1.0659
-0.74602,-0.065903,-0.95362
-0.67796,0.092463,-0.83313
-0.62711,0.19691,-0.70245
-0.63346,0.32441,-0.5708
-0.62486,0.45452,-0.4256
-0.62524,0.52537,-0.28794
-0.57176,0.78543,-0.12883
-0.41546,0.41727,-0.0008805
-0.21765,-0.058139,0.001564
-0.051243,0.063265,-0.0083713
0.079261,0.018367,-0.0014091
0.23893,0.014588,-0.0064405
0.30998,0.027061,-0.0027138
0.34251,-0.0022972,-0.0050608
0.39,0.021828,-0.0034674
0.34102,-0.0064774,-0.0035124
0.24566,0.013655,-0.0039023
0.15741,0.0010431,-0.0025976
0.085992,0.00022585,-0.0035237
0.052338,0.0052533,-0.0024814
0.13311,-0.004123,-0.0027026
0.30811,-0.00136,-0.0023352
0.4431,-0.00041148,-0.0022527
0.58931,0.0026327,-0.002054
0.68729,-0.0042692,-0.0015778
0.67868,-0.0021735,-0.0016341
0.63344,-0.0055964,-0.0012329
0.56613,-0.0059338,-0.00089174
0.48349,-0.001465,-0.00073803
0.34102,-0.0085243,-0.0004381
0.23893,-0.0072047,-0.00042685
0.12526,-0.0036881,-0.00034812
-0.012727,-0.0027209,-0.00025064
-0.078914,-0.0048316,-0.00037436
-0.15221,-0.0065411,-0.00026938
-0.17053,-0.0059075,-0.00038186
-0.20755,-0.0083556,-0.00031062
-0.25317,-0.0060537,-0.00031812
-0.26813,-0.0049215,-0.0004306
-0.33693,-0.0024584,-0.0002094
-0.3747,-0.0012925,6.0544e-05
-0.35077,-0.0059863,0.00085537
-0.29019,-0.0064886,0.0015227
-0.24307,-0.0066573,0.0021526
-0.19409,-0.0063049,0.0024825
-0.16604,-0.00028401,0.0031236
-0.17801,-0.0096678,0.003836
-0.16492,-0.0035719,0.0035285
-0.16305,-0.00057269,0.0049345
-0.1279,-0.0089855,0.0043646
-0.10359,0.0059506,0.0054743
-0.10397,-0.01904,0.0053431
-0.032546,0.011792,0.0051294
0.014944,-0.016735,0.0069665
0.089358,-0.004108,0.0044583
0.20266,0.0075402,0.0083574
0.31222,-0.031153,0.0038734
0.39449,0.04283,0.0087249
0.44647,-0.071287,0.0049607
0.4532,0.084714,0.0061717
0.43076,-0.1322,0.010273
0.41319,0.2614,-0.0029238
0.32643,1.9535,0.2089
0.43562,2.1387,0.57954
0.39374,1.8217,0.88273
0.3728,1.9954,1.1865
0.64279,1.936,1.4708
0.60128,2.0595,1.7335
0.76394,2.0766,1.9843
0.93782,2.1559,2.2097
0.9797,2.2458,2.4252
1.1629,2.3128,2.6186
1.2482,2.3963,2.7987
1.2022,2.407,2.9576
0.93595,2.4491,3.0968
0.69888,2.4315,3.2206
-0.061339,2.4194,3.3286
-0.15071,2.4007,3.4254
0.39636,2.3654,3.5064
-0.36572,2.3354,3.5738
-0.80099,2.3006,3.6279
-0.62374,2.2677,3.6684
-0.50969,2.1987,3.6978
-0.21839,2.1417,3.7158
-0.12154,2.0883,3.7237
0.024667,1.9972,3.723
-0.033668,1.9344,3.7128
0.032145,1.8965,3.6945
0.081879,1.8322,3.6682
-0.23036,1.756,3.6321
-0.19596,1.6908,3.587
-0.15408,1.6259,3.5333
-0.13127,1.539,3.4713
-0.30103,1.4494,3.4008
-0.62935,1.3734,3.3236
-0.71311,1.2891,3.2418
-0.90981,1.1997,3.1509
-0.86344,1.1203,3.0517
-0.81669,1.0354,2.9471
-0.94869,0.94589,2.837
-0.89522,0.85734,2.7216
-0.81445,0.76743,2.6012
-0.59831,0.68449,2.4769
-0.36161,0.60615,2.3501
-0.04713,0.50631,2.2203
0.27147,0.41185,2.0845
0.19443,0.33028,1.9461
0.10918,0.19546,1.8005
-0.020954,0.091038,1.6459
-0.44724,-0.035251,1.4862
-0.51268,-0.14825,1.3191
-0.37433,-0.26366,1.1518
-0.50782,-0.40422,0.97475
-0.42817,-0.47525,0.80055
-0.20381,-0.65869,0.61735
-0.061339,-0.68305,0.43331
0.16527,-0.91564,0.24969
0.44796,-0.87713,0.047825
0.70935,-0.11187,-0.024092
0.74973,-0.020262,0.00065666
0.7086,-0.11442,-0.0077827
0.63979,-0.016364,-0.0050046
0.40833,-0.075639,-0.0053982
0.27595,-0.022662,-0.0069354
0.27221,-0.048463,-0.0050421
0.25053,-0.033616,-0.0078989
0.27446,-0.025301,-0.0056457
0.27745,-0.039232,-0.0075465
0.1189,-0.018969,-0.0070966
-0.021328,-0.033264,-0.0075465
-0.012727,-0.024379,-0.0081914
-0.013101,-0.025875,-0.0081351
-0.059844,-0.02111,-0.0087687
-0.063583,-0.018302,-0.0087163
-0.040025,-0.024975,-0.0094211
-0.07181,-0.018021,-0.0094998
-0.048999,-0.022864,-0.0098597
0.043737,-0.023254,-0.010385
0.11179,-0.017001,-0.010572
0.15592,-0.024068,-0.01088
0.12787,-0.019138,-0.011269
0.022423,-0.012753,-0.011468
-0.14959,-0.015854,-0.011348
-0.31487,-0.017567,-0.011202
-0.39751,-0.013814,-0.011333
-0.38554,-0.012689,-0.011326
-0.30029,-0.01564,-0.011359
-0.1825,-0.015542,-0.012034
-0.052739,-0.014392,-0.012619
0.031771,-0.012041,-0.013245
0.13573,-0.014995,-0.014048
0.27259,-0.014369,-0.014051
0.35186,-0.01462,-0.015049
0.3915,-0.0090754,-0.015367
0.32793,-0.017653,-0.015555
0.20939,-0.012146,-0.016784
0.12376,-0.013001,-0.015971
0.017562,-0.016334,-0.017602
-0.041147,-0.0027471,-0.016383
-0.011605,-0.028079,-0.017905
0.070661,0.0070266,-0.017598
0.087488,-0.031971,-0.017167
0.062434,0.0056582,-0.019889
0.064678,-0.020188,-0.015517
0.047851,-0.025916,-0.022224
0.085992,0.033892,-0.01389
0.087488,-0.10273,-0.024197
0.10693,0.17617,-0.011918
0.042616,-0.75959,-0.041278
0.016066,-2.1555,-0.33593
0.13947,-1.8978,-0.69979
0.023919,-1.7837,-0.99979
0.21388,-1.8538,-1.3093
0.46778,-1.7923,-1.5887
0.43675,-1.8673,-1.8579
0.57585,-1.8205,-2.108
0.47077,-1.876,-2.3403
0.32419,-1.8791,-2.5616
0.30998,-1.905,-2.7652
0.28829,-1.9077,-2.9561
0.38963,-1.8879,-3.1241
0.44535,-1.8956,-3.2762
0.5867,-1.8847,-3.4127
0.64765,-1.8897,-3.5344
0.61212,-1.8714,-3.6413
0.58782,-1.86,-3.7316
0.52986,-1.8442,-3.8076
0.52163,-1.8298,-3.8689
0.39561,-1.816,-3.9176
0.29951,-1.7898,-3.9524
0.18097,-1.7691,-3.9736
0.10282,-1.75,-3.9838
0.069913,-1.717,-3.984
0.083749,-1.6842,-3.9738
0.26698,-1.6634,-3.9536
0.27034,-1.624,-3.9238
0.22921,-1.5747,-3.8842
0.077392,-1.5258,-3.8352
-0.096863,-1.4656,-3.7768
-0.19783,-1.4011,-3.7094
-0.39975,-1.3388,-3.6339
-0.42855,-1.275,-3.5501
-0.4809,-1.2086,-3.4605
-0.54783,-1.1339,-3.3653
-0.57588,-1.0502,-3.2609
-0.57663,-0.97318,-3.1486
-0.47865,-0.89551,-3.032
-0.45771,-0.80806,-2.9099
-0.39938,-0.73564,-2.782
-0.41808,-0.6636,-2.6523
-0.48688,-0.57648,-2.5192
-0.55494,-0.4946,-2.3823
-0.62636,-0.39987,-2.2404
-0.59271,-0.31099,-2.0934
-0.5497,-0.18433,-1.9396
-0.41284,-0.071466,-1.776
-0.32048,0.03685,-1.6085
-0.27187,0.15734,-1.4328
-0.17763,0.25472,-1.2571
-0.12603,0.40508,-1.074
-0.054234,0.46895,-0.89022
-0.013849,0.64096,-0.70324
0.034015,0.68947,-0.50811
0.10282,0.84634,-0.32352
0.14769,1.0039,-0.10814
0.25053,0.26575,0.010183
0.38253,-0.047135,-0.010017
0.436,0.11422,-0.00869
0.5422,-0.0003365,-0.0061556
0.64578,0.051374,-0.0090949
0.57323,0.022412,-0.0049034
0.5149,0.020887,-0.0083038
0.41244,0.026394,-0.0049783
0.27595,0.0012793,-0.0065117
0.22024,0.018082,-0.005372
0.1361,0.0010544,-0.0049821
0.11441,0.010738,-0.005297
0.13647,0.0022728,-0.0042135
0.14545,0.0075327,-0.0043935
0.14694,0.0090998,-0.0035986
0.12638,0.00025209,-0.0035274
0.12488,-0.00036274,-0.0028188
0.066174,0.0010356,-0.0027626
0.012327,0.0043573,-0.0023502
-0.018336,0.000612,-0.0017166
-0.11182,0.0023403,-0.0015741
-0.18362,0.0034163,-0.00095923
-0.18287,0.0032026,-0.00032187
-0.16679,0.0037687,0.00075039
-0.16567,0.00026334,0.0011103
-0.13613,9.8385e-05,0.001504
-0.13837,-0.0021435,0.0025462
-0.17876,-0.0020798,0.0026475
-0.19895,-0.00023153,0.0035998
-0.20456,-0.0014949,0.0035435
-0.19259,0.0063892,0.0045333
-0.15183,-0.011276,0.0050882
-0.06807,0.0028614,0.0049645
0.0022302,-0.0051727,0.0066253
0.057947,-0.0014425,0.004972
0.12675,0.0060631,0.0077238
0.19593,-0.026145,0.0053619
0.23931,0.026919,0.0079038
0.24978,-0.039772,0.0074801
0.20528,0.034443,0.006063
0.15854,-0.030366,0.011372
0.1462,0.0050471,0.0021413
0.097211,0.032823,0.017292
0.12301,-0.14226,-0.0079739
0.10768,1.3359,0.091379
0.20752,2.3514,0.45885
0.35373,1.8995,0.81827
0.29315,1.9941,1.1434
0.48311,1.961,1.4759
0.54631,1.9625,1.7709
0.44086,2.0223,2.0602
0.52612,1.9981,2.3254
0.47152,2.0862,2.5805
0.40085,2.0788,2.8205
0.40907,2.1526,3.0467
0.4431,2.186,3.2651
0.45133,2.2296,3.4682
0.56463,2.2707,3.6612
0.70897,2.282,3.8378
0.64316,2.3256,4.0006
0.66261,2.335,4.1492
0.64802,2.3466,4.2813
0.57585,2.3399,4.3959
0.5235,2.3367,4.4923
0.4704,2.3591,4.5748
0.46143,2.3599,4.6442
0.32943,2.3576,4.6989
0.34887,2.3467,4.7399
0.3399,2.3219,4.768
0.27109,2.2977,4.7834
0.28755,2.2541,4.7868
0.16676,2.2051,4.779
0.038876,2.1632,4.7612
-0.19072,2.1133,4.7332
-0.38255,2.0559,4.6964
-0.51455,1.999,4.6525
-0.62673,1.9325,4.6009
-0.58261,1.865,4.5408
-0.56167,1.8021,4.4722
-0.49099,1.7237,4.3964
-0.43303,1.6483,4.3133
-0.37881,1.5684,4.222
-0.28047,1.4932,4.1245
-0.29842,1.4243,4.0218
-0.29767,1.3215,3.9114
-0.37507,1.2386,3.7932
-0.56242,1.1635,3.67
-0.64543,1.0696,3.5412
-0.70302,0.99173,3.4069
-0.75163,0.90674,3.269
-0.73705,0.81803,3.1263
-0.66637,0.73943,2.9807
-0.6286,0.65121,2.8336
-0.62748,0.55932,2.6817
-0.53138,0.46845,2.5266
-0.46108,0.35826,2.365
-0.41172,0.24206,2.1967
-0.3216,0.11598,2.0209
-0.25167,0.023833,1.8395
-0.18063,-0.10586,1.6555
-0.098359,-0.21746,1.4636
-0.0063704,-0.32849,1.2739
0.060191,-0.47906,1.0756
0.17462,-0.54525,0.8794
0.25389,-0.73098,0.67715
0.23819,-0.75412,0.47304
0.2681,-0.98552,0.27286
0.23968,-0.99793,0.048777
0.215,-0.17724,-0.042744
0.23482,-0.022332,-0.016185
0.1963,-0.13863,-0.023458
0.25838,-0.027168,-0.021928
0.30512,-0.092052,-0.021358
0.29764,-0.041287,-0.02384
0.36233,-0.059207,-0.021175
0.35298,-0.050142,-0.024549
0.35186,-0.041887,-0.022356
0.35149,-0.051694,-0.024167
0.258,-0.033077,-0.023912
0.20191,-0.047462,-0.02426
0.11965,-0.036889,-0.024999
0.003726,-0.046374,-0.0248
-0.073305,-0.034955,-0.025629
-0.1006,-0.031307,-0.025258
-0.097611,-0.038576,-0.026034
-0.11631,-0.029849,-0.026484
-0.06994,-0.031738,-0.026791
-0.0067443,-0.032323,-0.02729
0.0011084,-0.033545,-0.027485
0.02691,-0.033871,-0.028561
0.040372,-0.030973,-0.029753
0.010831,-0.027247,-0.03006
-0.00076128,-0.026909,-0.030769
-0.0097358,-0.025099,-0.031369
-0.033668,-0.032511,-0.031894
-0.041147,-0.023026,-0.03273
-0.054234,-0.021998,-0.032437
-0.016467,-0.031896,-0.033757
0.046355,-0.013518,-0.033442
0.064304,-0.032882,-0.034331
0.092349,-0.010478,-0.034432
0.11591,-0.032109,-0.033892
0.12787,-0.018137,-0.036603
0.14059,-0.015471,-0.033659
0.12862,-0.042295,-0.037993
0.14657,0.010337,-0.034019
0.14395,-0.070758,-0.037836
0.14919,0.041866,-0.036306
0.13236,-0.096079,-0.033922
0.10693,0.060386,-0.043598
0.11853,-0.15026,-0.021388
0.00036053,-1.8017,-0.21463
0.091975,-2.1671,-0.61322
0.055703,-1.8479,-0.95089
-0.045634,-2.0532,-1.2836
0.30961,-1.958,-1.6023
0.30475,-2.031,-1.8913
0.37355,-2.04,-2.1723
0.611,-2.0737,-2.4296
0.40833,-2.1332,-2.6804
0.48087,-2.145,-2.9123
0.58483,-2.2218,-3.1351
0.55155,-2.2412,-3.3469
0.67943,-2.2904,-3.5458
0.7516,-2.3076,-3.7328
0.76993,-2.3296,-3.9039
0.73029,-2.3575,-4.0636
0.75684,-2.3531,-4.207
0.72131,-2.3495,-4.3324
0.68504,-2.3452,-4.4414
0.73889,-2.3431,-4.5355
0.69589,-2.3379,-4.6166
0.68691,-2.3247,-4.6838
0.65999,-2.3025,-4.7368
0.63755,-2.278,-4.7764
0.62671,-2.2469,-4.8036
0.54893,-2.2129,-4.8187
0.45021,-2.177,-4.8218
0.32643,-2.1373,-4.8132
0.13535,-2.0947,-4.7945
-0.061713,-2.0471,-4.7664
-0.1825,-2.0007,-4.7296
-0.31263,-1.9521,-4.6845
-0.35787,-1.8964,-4.6309
-0.34291,-1.8349,-4.569
-0.38891,-1.7686,-4.4989
-0.42331,-1.6995,-4.4208
-0.4551,-1.6271,-4.3347
-0.47753,-1.5462,-4.241
-0.5067,-1.4696,-4.1395
-0.53175,-1.4049,-4.0329
-0.55269,-1.3242,-3.9219
-0.62673,-1.2313,-3.8022
-0.69143,-1.1524,-3.6755
-0.75088,-1.0668,-3.5443
-0.82268,-0.97613,-3.4071
-0.83539,-0.89697,-3.2658
-0.82642,-0.81669,-3.1214
-0.87129,-0.73776,-2.9755
-0.87839,-0.64499,-2.8261
-0.83016,-0.55511,-2.6722
-0.79987,-0.45286,-2.5144
-0.71835,-0.3443,-2.3491
-0.58485,-0.22475,-2.1773
-0.44276,-0.099498,-1.9963
-0.31113,-0.010133,-1.8128
-0.18399,0.13182,-1.6239
-0.063583,0.21534,-1.431
0.0048478,0.35935,-1.2381
0.063556,0.47712,-1.0371
0.12413,0.58213,-0.84169
0.14881,0.74229,-0.63241
0.16564,0.76355,-0.4337
0.21575,1.0745,-0.21881
0.23445,0.69961,-0.022307
0.29689,-0.032372,0.0038435
0.37206,0.081583,-0.016215
0.3829,0.058932,-0.0045734
0.46741,0.01872,-0.011191
0.47564,0.057365,-0.006658
0.43114,0.0031651,-0.0083413
0.42515,0.04046,-0.007464
0.37019,0.0055719,-0.0061818
0.34177,0.021265,-0.0075578
0.29128,0.015222,-0.0051845
0.23108,0.007139,-0.0062231
0.1877,0.014772,-0.0050346
0.11441,0.004241,-0.0051658
0.048225,0.0049871,-0.0044984
-0.015719,-0.0036844,-0.0039436
-0.081158,0.0016017,-0.0039661
-0.14473,0.0053582,-0.0031187
-0.15295,0.0038849,-0.0028188
-0.14398,0.0026102,-0.0023202
-0.15071,0.0071315,-0.0015553
-0.10247,0.0068504,-0.00019815
-0.044512,0.0031313,0.00099034
-0.0015092,0.0063142,0.0018002
0.019805,-0.0011463,0.0021226
0.02504,0.0028239,0.002685
0.0055957,0.0010131,0.0036785
-0.0097358,-0.0026834,0.003506
-0.01011,0.0032063,0.004777
-0.038155,-0.0078908,0.0043871
-0.053113,0.0091822,0.0053544
-0.040399,-0.013912,0.0057593
-0.013101,0.008245,0.0050807
0.028406,-0.0081457,0.0078401
0.08861,-0.010729,0.0048895
0.11927,0.017914,0.009186
0.17312,-0.03596,0.0052981
0.19144,0.050155,0.0088073
0.20004,-0.071103,0.0081812
0.2064,0.069901,0.0051632
0.13086,-0.083186,0.015425
0.14769,0.099848,-0.0082664
0.10432,1.8453,0.17809
0.20191,2.2875,0.57652
0.26361,1.9162,0.91899
0.18097,2.1062,1.2566
0.44086,2.0135,1.5803
0.43189,2.0967,1.8749
0.36869,2.1083,2.1622
0.5867,2.1412,2.4242
0.51116,2.2145,2.6804
0.51602,2.2206,2.9183
0.66784,2.2927,3.145
0.66373,2.3152,3.3586
0.74973,2.3766,3.5606
0.90903,2.4076,3.7542
0.92287,2.4326,3.9335
0.90791,2.454,4.1015
0.94717,2.4608,4.2547
0.91314,2.4842,4.3954
0.88921,2.472,4.521
0.84883,2.4504,4.6281
0.81742,2.4388,4.7196
0.80657,2.4236,4.7966
0.74263,2.4145,4.8614
0.76095,2.3919,4.9141
0.77853,2.3593,4.9532
0.78974,2.3332,4.9796
0.75721,2.2923,4.9935
0.64765,2.2496,4.9952
0.44348,2.2102,4.9859
0.17611,2.1626,4.9658
0.010083,2.115,4.9354
-0.21839,2.0682,4.896
-0.39003,2.0202,4.8486
-0.45061,1.964,4.7936
-0.57363,1.8945,4.7305
-0.63758,1.8295,4.6593
-0.66936,1.7607,4.5803
-0.69105,1.673,4.4928
-0.69629,1.599,4.3978
-0.71723,1.5296,4.2965
-0.73592,1.4525,4.1898
-0.80211,1.374,4.0766
-0.90382,1.2827,3.9559
-0.96552,1.199,3.8292
-0.99618,1.1184,3.6974
-1.0377,1.033,3.5606
-1.0508,0.95111,3.4192
-1.0478,0.86471,3.2741
-1.0736,0.78309,3.1261
-1.0743,0.70384,2.9763
-1.0239,0.60885,2.8226
-0.98011,0.51657,2.6654
-0.89597,0.40622,2.5035
-0.76621,0.29789,2.333
-0.70152,0.18545,2.1573
-0.6028,0.061406,1.9734
-0.46744,-0.036638,1.7871
-0.38143,-0.17052,1.5955
-0.25467,-0.25512,1.4011
-0.1178,-0.40939,1.2052
-0.0071182,-0.51079,1.0013
0.076644,-0.61997,0.80328
0.1103,-0.77414,0.59166
0.16302,-0.80538,0.39209
0.20715,-1.1147,0.17296
0.24753,-0.68985,-0.019409
0.34588,0.012271,-0.039077
0.39038,-0.11681,-0.020882
0.4532,-0.082642,-0.031695
0.53846,-0.056377,-0.024864
0.4977,-0.082811,-0.02967
0.50032,-0.038074,-0.027365
0.52612,-0.079223,-0.028324
0.47414,-0.041973,-0.029314
0.42553,-0.059128,-0.028148
0.35224,-0.044893,-0.030015
0.24454,-0.040492,-0.028924
0.13386,-0.047435,-0.030169
0.060191,-0.038805,-0.030049
0.0059696,-0.045655,-0.030705
-0.03292,-0.034426,-0.031005
-0.056478,-0.037553,-0.0312
-0.10509,-0.036514,-0.031946
-0.12154,-0.037193,-0.03195
-0.093498,-0.039098,-0.032677
-0.037781,-0.034959,-0.033551
-0.0011352,-0.035476,-0.034702
0.011205,-0.034764,-0.035883
0.041868,-0.033373,-0.036809
0.026162,-0.028863,-0.036884
-0.013101,-0.033452,-0.0376
-0.04339,-0.027577,-0.038335
-0.072931,-0.028533,-0.038365
-0.094994,-0.027862,-0.039426
-0.10958,-0.029275,-0.038691
-0.1107,-0.031944,-0.04061
-0.086767,-0.012528,-0.039576
-0.063209,-0.044781,-0.040697
-0.029555,-0.0048691,-0.041473
0.032145,-0.038816,-0.039909
0.083749,-0.017046,-0.043823
0.13834,-0.013522,-0.038507
0.16901,-0.053111,-0.04593
0.2079,0.034117,-0.0382
0.1806,-0.12699,-0.04587
0.18209,0.16224,-0.040108
0.15741,-0.58186,-0.049507
0.10619,-2.13,-0.33655
0.29315,-2.034,-0.73601
0.1806,-1.9569,-1.0647
0.27072,-2.1124,-1.4062
0.65251,-2.0333,-1.7147
0.51826,-2.1494,-2.0069
0.7445,-2.1299,-2.283
0.88398,-2.2153,-2.5406
0.62484,-2.2457,-2.7905
0.80919,-2.2841,-3.0205
0.82826,-2.3422,-3.2425
0.82377,-2.3682,-3.4502
0.99017,-2.4275,-3.6497
1.0294,-2.4437,-3.8371
1.0474,-2.4761,-4.0109
0.99616,-2.4913,-4.173
1.0298,-2.5076,-4.3213
1.001,-2.5126,-4.4577
0.98831,-2.4854,-4.5758
1.0044,-2.4732,-4.676
0.93072,-2.4641,-4.7626
0.92399,-2.448,-4.8359
0.89482,-2.4317,-4.8971
0.93446,-2.4025,-4.9456
0.93932,-2.3688,-4.9804
0.84284,-2.333,-5.0028
0.74076,-2.2886,-5.0131
0.51191,-2.2462,-5.0118
0.22398,-2.1978,-4.9998
-0.03292,-2.148,-4.9773
-0.29729,-2.0988,-4.9456
-0.53848,-2.0459,-4.9053
-0.62898,-1.9936,-4.857
-0.68918,-1.9343,-4.8009
-0.7894,-1.8715,-4.7367
-0.78641,-1.8035,-4.6646
-0.75873,-1.7299,-4.5845
-0.69068,-1.6541,-4.4962
-0.61514,-1.5784,-4.3996
-0.62636,-1.5106,-4.2968
-0.65216,-1.4354,-4.1892
-0.7621,-1.3475,-4.0742
-0.8941,-1.2633,-3.9518
-0.96178,-1.1846,-3.8245
-1.0598,-1.1002,-3.6926
-1.1024,-1.0051,-3.5541
-1.1301,-0.92113,-3.4099
-1.2209,-0.84632,-3.2629
-1.2325,-0.76541,-3.1141
-1.1828,-0.67506,-2.9631
-1.1215,-0.58458,-2.8074
-1.0276,-0.49419,-2.6482
-0.89036,-0.37724,-2.4825
-0.71611,-0.26849,-2.3093
-0.57663,-0.144,-2.1289
-0.41621,-0.039656,-1.9417
-0.23597,0.078348,-1.7526
-0.1178,0.19328,-1.5561
0.03925,0.29509,-1.3616
0.1346,0.45679,-1.1594
0.16975,0.51639,-0.95829
0.20752,0.70053,-0.75459
0.11628,0.74666,-0.54267
0.11516,0.92228,-0.34253
0.13498,1.059,-0.11181
0.12488,0.25653,0.010303
0.26473,-0.039379,-0.012439
0.33765,0.1274,-0.009811
0.42665,0.0036225,-0.0075503
0.51714,0.060491,-0.010516
0.52874,0.021689,-0.0063055
0.61586,0.022862,-0.0094323
0.6196,0.025809,-0.0059231
0.55715,0.006438,-0.0078502
0.4805,0.026938,-0.0060019
0.31783,0.0029251,-0.0058369
0.1462,0.013569,-0.0060468
0.022423,0.0079638,-0.0049296
-0.061339,0.012763,-0.0052483
-0.15782,0.0076339,-0.0039248
-0.18399,0.0036,-0.004266
-0.18436,0.0090623,-0.0035162
-0.22587,0.0048259,-0.002935
-0.20381,0.0075589,-0.0026389
-0.14809,0.0055607,-0.0013042
-0.051991,0.0050246,-0.00013441
0.024667,0.0073077,0.0009266
0.078514,0.0076901,0.0019726
0.13423,-0.0011388,0.0022613
0.12002,0.0011931,0.0029624
0.11703,0.00028584,0.0034123
0.078888,0.005482,0.0037572
0.024293,0.0011744,0.0049832
-0.0093619,-0.002121,0.0041209
-0.064331,0.0030601,0.0061867
-0.089759,-0.013657,0.0052644
-0.12678,0.019233,0.0064529
-0.11593,-0.01901,0.006869
-0.067322,0.016654,0.0054406
0.0044739,-0.010538,0.009261
0.10544,-0.0087868,0.0041396
0.15106,0.02657,0.0116
0.23258,-0.066143,0.0037347
0.23669,0.10431,0.012185
0.23445,-0.19589,0.0052831
0.22622,0.61511,0.017708
0.17499,2.2479,0.30715
0.33429,2.1184,0.70346
0.27857,1.9875,1.0331
0.27296,2.1223,1.3761
0.52051,2.0392,1.6858
0.39449,2.1591,1.9808
0.46404,2.1397,2.2598
0.69327,2.2249,2.5202
0.59717,2.253,2.7728
0.72767,2.2901,3.0062
0.875,2.3492,3.231
0.8578,2.3679,3.4399
0.9913,2.4292,3.6396
1.0994,2.4531,3.8295
1.1046,2.4782,4.007
1.0706,2.4918,4.1729
1.0668,2.5091,4.3245
1.0814,2.5272,4.4641
1.0328,2.5158,4.5897
0.98793,2.4866,4.6977
0.98494,2.4666,4.7888
0.92474,2.4494,4.8663
0.87201,2.4294,4.9312
0.87762,2.407,4.984
0.84284,2.3705,5.0239
0.78301,2.3284,5.0513
0.68429,2.2846,5.0666
0.50817,2.247,5.0699
0.23819,2.1976,5.062
-0.040025,2.1384,5.0435
-0.34105,2.0831,5.015
-0.6473,2.032,4.9777
-0.78977,1.9834,4.9326
-0.82118,1.9183,4.8796
-0.79987,1.8552,4.8186
-0.74452,1.7884,4.7498
-0.70788,1.7173,4.6727
-0.73069,1.6509,4.5874
-0.72134,1.5752,4.4945
-0.64431,1.5015,4.3948
-0.64094,1.4253,4.2888
-0.69516,1.3496,4.1767
-0.83016,1.2646,4.058
-0.973,1.1755,3.9319
-1.0721,1.0984,3.8003
-1.1368,1.0126,3.6642
-1.1028,0.9257,3.5233
-1.1061,0.84896,3.3784
-1.1484,0.77042,3.2303
-1.1865,0.69159,3.0799
-1.191,0.60493,2.9265
-1.1203,0.51242,2.7686
-0.95617,0.41601,2.6072
-0.70077,0.30195,2.4374
-0.50184,0.19447,2.2618
-0.30963,0.07284,2.0793
-0.15071,-0.018812,1.8906
-0.049747,-0.14002,1.7007
0.069165,-0.25314,1.5033
0.11965,-0.3609,1.3073
0.14507,-0.50784,1.1026
0.13049,-0.56713,0.90114
0.036259,-0.75354,0.69406
-0.040773,-0.78446,0.48317
-0.053861,-0.99656,0.27895
-0.050121,-1.0294,0.049407
0.08861,-0.20399,-0.050058
0.29465,-0.014092,-0.023507
0.38253,-0.14667,-0.03006
0.50667,-0.031378,-0.029235
0.52687,-0.094553,-0.027815
0.4719,-0.046521,-0.030705
0.51303,-0.063249,-0.027998
0.46217,-0.060051,-0.031346
0.37879,-0.04408,-0.029299
0.29727,-0.0598,-0.030983
0.15218,-0.038231,-0.030683
-0.019458,-0.047345,-0.030938
-0.13987,-0.039742,-0.031605
-0.1825,-0.042168,-0.031477
-0.23821,-0.037212,-0.032362
-0.23298,-0.036724,-0.03219
-0.20867,-0.039026,-0.032955
-0.22176,-0.033399,-0.033262
-0.15258,-0.038633,-0.033824
-0.060217,-0.038464,-0.035092
0.028032,-0.034029,-0.036141
0.1619,-0.036211,-0.037247
0.27558,-0.030741,-0.038188
0.31746,-0.028788,-0.038271
0.30587,-0.032525,-0.039313
0.25576,-0.023629,-0.039426
0.17649,-0.033965,-0.040149
0.10731,-0.022673,-0.040599
0.047851,-0.032042,-0.040205
-0.027311,-0.025312,-0.042256
-0.070314,-0.025181,-0.040622
-0.089011,-0.041782,-0.043295
-0.05947,-0.0032157,-0.041364
-0.021328,-0.051342,-0.04301
0.041494,0.0094897,-0.043542
0.1462,-0.050899,-0.041105
0.20266,-0.0018061,-0.047306
0.25015,-0.01402,-0.037622
0.21238,-0.072235,-0.05284
0.18845,0.13733,-0.028947
0.073652,-1.1879,-0.11249
0.087488,-2.2634,-0.4793
0.21762,-1.9136,-0.85483
0.043363,-2.0625,-1.185
0.31783,-2.0801,-1.5238
0.49583,-2.0741,-1.823
0.40122,-2.1583,-2.1154
0.8062,-2.1509,-2.3845
0.72318,-2.2501,-2.6434
0.64241,-2.2536,-2.8889
0.90716,-2.3169,-3.118
0.832,-2.346,-3.3385
0.93857,-2.3853,-3.5444
1.0414,-2.4345,-3.7424
1.0762,-2.4508,-3.9277
1.102,-2.4817,-4.1017
1.0571,-2.4889,-4.2629
1.0926,-2.5058,-4.4109
1.0182,-2.5079,-4.5472
0.99803,-2.4844,-4.6671
0.97821,-2.4618,-4.7692
0.93371,-2.4473,-4.8565
0.89332,-2.4319,-4.9316
0.83836,-2.4089,-4.9941
0.85631,-2.3782,-5.0438
0.82489,-2.3403,-5.0801
0.76693,-2.3031,-5.1036
0.65662,-2.2625,-5.116
0.4532,-2.2145,-5.1169
0.23071,-2.1666,-5.1065
-0.002631,-2.1165,-5.0859
-0.29879,-2.0648,-5.0552
-0.57513,-2.0134,-5.0165
-0.75799,-1.9562,-4.9701
-0.90345,-1.8935,-4.9151
-0.98758,-1.8279,-4.8519
-0.94645,-1.7612,-4.781
-0.90607,-1.6934,-4.7023
-0.90046,-1.6175,-4.6156
-0.96739,-1.5376,-4.5205
-0.93523,-1.4678,-4.4186
-0.59009,-1.3995,-4.3122
-0.96889,-1.3109,-4.1987
-1.6457,-1.2252,-4.0769
-1.4673,-1.155,-3.95
-1.0878,-1.0695,-3.8188
-0.67048,-0.97991,-3.6811
-0.49436,-0.89957,-3.5373
-0.64954,-0.82188,-3.3904
-0.68993,-0.74434,-3.2416
-0.71199,-0.66302,-3.0906
-0.63945,-0.57461,-2.9354
-0.58934,-0.48585,-2.7753
-0.58373,-0.37448,-2.6104
-0.62374,-0.26715,-2.436
-0.75013,-0.1592,-2.2559
-0.63085,-0.037797,-2.0685
-0.35899,0.051366,-1.8781
0.02504,0.1887,-1.6831
0.39973,0.27135,-1.4837
0.46554,0.40937,-1.2843
0.34289,0.5257,-1.0769
0.12713,0.62475,-0.87522
-0.038155,0.78658,-0.65985
-0.0048746,0.79797,-0.45523
0.18022,1.1086,-0.23557
0.33952,0.75356,-0.028459
0.49957,-0.02349,0.0050169
0.59492,0.077388,-0.016908
0.55865,0.072218,-0.0049933
0.63867,0.01686,-0.011517
0.62783,0.060679,-0.0070891
0.436,0.0038811,-0.0084501
0.29353,0.039654,-0.0080264
0.094967,0.010843,-0.0063543
-0.21316,0.022405,-0.0078315
-0.45136,0.015728,-0.0054245
-0.47454,0.0082937,-0.0064443
-0.32833,0.013756,-0.005222
-0.10172,0.0070678,-0.0051246
0.094967,0.0091223,-0.0044797
0.15928,0.00085194,-0.004041
0.079635,0.0078626,-0.0041385
-0.069566,0.007154,-0.0032537
-0.14847,0.0085936,-0.0028601
-0.15819,0.0077014,-0.0017203
-0.14548,0.006228,-0.00054682
-0.10546,0.0074314,0.0004992
-0.038529,0.0029364,0.0019276
0.0082132,-0.0043592,0.0022688
0.056077,0.0022503,0.0028424
0.16153,-0.0034182,0.0036672
0.25501,-0.00025027,0.0036335
0.34102,0.0045635,0.0052156
0.37243,-0.011381,0.0042671
0.26885,0.0063592,0.0057218
0.12376,-0.01224,0.0055418
0.029528,0.013719,0.0057293
0.021301,-0.013229,0.0079338
0.094593,0.0013018,0.0048595
0.23519,0.0075439,0.0096059
0.3571,-0.024994,0.004897
0.34251,0.0465,0.010393
0.30624,-0.073528,0.0063854
0.20528,0.097261,0.0081962
0.093471,-0.13599,0.012047
0.073278,0.30211,-0.00091799
-0.048999,2.0452,0.2329
0.041868,2.22,0.63635
0.052712,1.9386,0.97295
-0.028807,2.1131,1.3151
0.28081,2.0245,1.6341
0.31746,2.1242,1.9303
0.44011,2.1173,2.2152
0.81293,2.1832,2.4774
0.75646,2.2346,2.734
0.78563,2.251,2.9718
0.83761,2.3101,3.1997
0.68691,2.3223,3.4132
0.74487,2.379,3.6161
0.83985,2.4096,3.8098
0.83163,2.433,3.9912
0.81854,2.4427,4.1617
0.83649,2.4544,4.3179
0.88585,2.4648,4.462
0.94231,2.4605,4.5927
1.007,2.4327,4.7069
1.0594,2.4008,4.803
1.0463,2.3848,4.8857
0.99279,2.3586,4.9559
0.95016,2.3389,5.0128
0.87014,2.2919,5.0581
0.80769,2.2506,5.0903
0.74973,2.2249,5.11
0.64727,2.1724,5.1181
0.44049,2.1319,5.1151
0.15405,2.0765,5.1015
-0.11556,2.0121,5.077
-0.40873,1.9608,5.0436
-0.63459,1.9111,5.0021
-0.81482,1.857,4.9525
-0.93972,1.7893,4.8952
-1.0149,1.7326,4.8295
-1.2116,1.6678,4.7555
-1.2396,1.5936,4.6727
-0.98945,1.5225,4.5823
-0.7621,1.4505,4.4852
-0.59121,1.3749,4.3807
-0.54484,1.2966,4.2704
-0.65029,1.224,4.1542
-0.73144,1.1395,4.03
-0.83128,1.062,3.8993
-0.95243,0.98449,3.7649
-1.01,0.89732,3.6254
-1.1102,0.82228,3.4809
-1.2026,0.74445,3.3342
-1.1869,0.66986,3.1843
-1.0725,0.59074,3.0318
-0.87241,0.49495,2.8749
-0.65702,0.41195,2.7135
-0.45024,0.30499,2.5463
-0.33618,0.19799,2.3707
-0.31711,0.088526,2.1894
-0.24756,-0.023877,1.9998
-0.15445,-0.11765,1.8098
-0.027685,-0.24921,1.613
0.12937,-0.3363,1.4133
0.25426,-0.48584,1.2116
0.35111,-0.56477,1.004
0.38178,-0.69754,0.80108
0.34251,-0.82154,0.58376
0.33279,-0.86004,0.38147
0.29764,-1.1508,0.15413
0.21201,-0.60388,-0.029183
0.21687,0.027549,-0.035894
0.14844,-0.13836,-0.022063
0.07814,-0.066788,-0.031894
0.15106,-0.063627,-0.024883
0.19331,-0.074649,-0.030229
0.29465,-0.040241,-0.027181
0.40047,-0.073525,-0.02916
0.40833,-0.038738,-0.029224
0.36532,-0.061498,-0.028579
0.22547,-0.03963,-0.030334
0.041868,-0.046386,-0.02919
-0.11818,-0.04216,-0.030626
-0.24831,-0.035356,-0.030424
-0.35675,-0.04249,-0.031118
-0.38405,-0.040245,-0.0315
-0.36236,-0.060587,-0.031781
-0.33469,-0.036563,-0.032194
-0.24345,-0.032376,-0.03261
-0.097237,-0.042318,-0.033794
0.050842,-0.032364,-0.034897
0.14994,-0.0396,-0.03598
0.24379,-0.034479,-0.037041
0.27633,-0.031416,-0.03739
0.24978,-0.034404,-0.038222
0.23744,-0.022726,-0.038406
0.21837,-0.034014,-0.038725
0.23968,-0.022643,-0.040014
0.25651,-0.025976,-0.039302
0.24342,-0.028424,-0.041124
0.23669,-0.015835,-0.039767
0.18097,-0.046059,-0.041788
0.14246,-0.0027884,-0.041383
0.13012,-0.047349,-0.040974
0.14507,-0.0045354,-0.043805
0.16041,-0.030797,-0.039369
0.11516,-0.031982,-0.046958
0.14807,0.025179,-0.037454
0.12526,-0.1188,-0.049406
0.14021,0.16756,-0.03487
0.097211,-0.83486,-0.071668
0.11404,-2.22,-0.39809
0.35224,-1.9715,-0.79036
0.15143,-1.9968,-1.12
0.25613,-2.0885,-1.4638
0.49321,-2.0282,-1.7695
0.30849,-2.1395,-2.0638
0.61923,-2.1157,-2.3391
0.60764,-2.2072,-2.5998
0.41543,-2.2181,-2.8502
0.67794,-2.2649,-3.0822
0.66709,-2.3082,-3.3067
0.79236,-2.3338,-3.5163
0.98157,-2.386,-3.7181
1.025,-2.3971,-3.9077
1.0687,-2.427,-4.0854
0.9984,-2.4335,-4.2516
1.0096,-2.4432,-4.4038
0.90791,-2.4516,-4.5448
0.84957,-2.4296,-4.6708
0.8679,-2.4018,-4.7785
0.82041,-2.3841,-4.8705
0.83013,-2.369,-4.9507
0.81555,-2.3448,-5.0187
0.84247,-2.3148,-5.0739
0.81966,-2.2766,-5.1159
0.7617,-2.2333,-5.1443
0.67719,-2.1922,-5.1611
0.46255,-2.1469,-5.1659
0.20528,-2.0991,-5.1597
-0.0089879,-2.0488,-5.1435
-0.22475,-1.9962,-5.1173
-0.46856,-1.9439,-5.0819
-0.58336,-1.8913,-5.0387
-0.70003,-1.8361,-4.9875
-0.80884,-1.7726,-4.928
-0.81744,-1.7091,-4.8605
-0.89784,-1.6434,-4.785
-0.93037,-1.5697,-4.7014
-0.91803,-1.4928,-4.6092
-0.92626,-1.4229,-4.51
-0.91467,-1.3555,-4.406
-0.92626,-1.2706,-4.295
-0.88699,-1.1881,-4.1753
-0.81744,-1.117,-4.0498
-0.82343,-1.0384,-3.9198
-0.85222,-0.95134,-3.7837
-0.82941,-0.86664,-3.6414
-0.83053,-0.79276,-3.4954
-0.86157,-0.71735,-3.3469
-0.84063,-0.64376,-3.1962
-0.80473,-0.55837,-3.0425
-0.77893,-0.46676,-2.883
-0.65889,-0.37433,-2.7192
-0.49399,-0.25565,-2.5471
-0.4005,-0.16335,-2.3675
-0.22774,-0.043169,-2.182
-0.047504,0.053428,-1.9896
0.042989,0.15614,-1.7965
0.15293,0.27911,-1.5955
0.21425,0.37005,-1.3956
0.26212,0.52735,-1.1889
0.32232,0.58511,-0.98221
0.31447,0.75411,-0.77274
0.28343,0.80081,-0.5556
0.30811,0.95905,-0.35009
0.30811,1.0788,-0.11417
0.28044,0.26779,0.010764
0.31783,-0.038636,-0.012139
0.30549,0.13094,-0.0097398
0.28418,0.0083687,-0.0073553
0.29315,0.06388,-0.010396
0.2251,0.024778,-0.0060768
0.19481,0.026503,-0.0093049
0.18658,0.032062,-0.0056607
0.13236,0.0097483,-0.0074378
0.10693,0.021048,-0.0059906
0.029528,-0.0026946,-0.0056044
-0.049747,0.01421,-0.0056082
-0.083028,0.0083237,-0.0045584
-0.14136,0.010858,-0.0048321
-0.17913,0.0042823,-0.0039098
-0.20792,-0.00016779,-0.0039998
-0.22363,0.0076226,-0.0032237
-0.21802,0.004226,-0.0027026
-0.15669,0.0056919,-0.0021665
-0.076671,0.00829,-0.0010755
-0.022076,0.0065392,0.0002555
0.095715,0.0010394,0.0011478
0.19855,0.00041705,0.0022051
0.25501,-0.0014987,0.0028462
0.31185,0.0063892,0.0034235
0.31409,-0.0016187,0.0039972
0.29689,0.0012568,0.0041134
0.29128,-0.0020048,0.0053806
0.25688,-0.0053414,0.0047657
0.20977,0.010198,0.0065916
0.19593,-0.015036,0.0056918
0.17761,0.013775,0.0067678
0.16788,-0.019629,0.0075476
0.172,0.0097596,0.0059242
0.15816,-0.004944,0.0099433
0.18583,-0.01071,0.0047208
0.16751,0.027897,0.012013
0.13947,-0.066818,0.004627
0.1017,0.10405,0.011765
0.065052,-0.18691,0.0069365
0.022423,0.55252,0.014052
-0.035538,2.1996,0.29426
0.14657,2.1094,0.69192
0.11628,1.9379,1.0208
0.1103,2.0799,1.3628
0.393,1.9946,1.6744
0.25389,2.0949,1.9701
0.34625,2.0668,2.2494
0.56762,2.1467,2.5095
0.4016,2.1726,2.7633
0.58857,2.1943,2.9974
0.70449,2.2412,3.2227
0.65961,2.265,3.4332
0.82976,2.3142,3.6356
0.89781,2.3225,3.8275
0.94044,2.3538,4.006
0.9195,2.3526,4.1732
0.90716,2.3564,4.3261
0.90903,2.3573,4.4671
0.83237,2.3259,4.5916
0.79984,2.2965,4.6984
0.75908,2.2733,4.7907
0.71122,2.2571,4.8693
0.70224,2.2286,4.9359
0.73515,2.2006,4.9903
0.74263,2.1657,5.0318
0.71346,2.1196,5.0608
0.68168,2.07,5.0765
0.52799,2.0192,5.081
0.2767,1.9745,5.0751
0.081505,1.9274,5.0578
-0.15445,1.8806,5.0314
-0.40536,1.8262,4.9964
-0.58149,1.7695,4.9523
-0.73705,1.7182,4.9007
-0.84773,1.6543,4.8416
-0.90195,1.5865,4.7731
-0.91205,1.522,4.6961
-0.92775,1.4544,4.6117
-0.93486,1.3854,4.5197
-0.90195,1.3086,4.4195
-0.87092,1.2418,4.3138
-0.86755,1.1698,4.2027
-0.87017,1.0752,4.0827
-0.85932,1.0037,3.9559
-0.88251,0.93198,3.8246
-0.87839,0.84586,3.6881
-0.82903,0.77548,3.546
-0.81819,0.7029,3.4008
-0.78641,0.62863,3.253
-0.73592,0.55254,3.1018
-0.68208,0.46172,2.9471
-0.60804,0.38301,2.7871
-0.5497,0.28819,2.6225
-0.43902,0.17403,2.4493
-0.33431,0.076057,2.2694
-0.22138,-0.034887,2.0824
-0.053861,-0.1155,1.8922
0.05159,-0.23829,1.6986
0.15891,-0.33441,1.4976
0.24828,-0.45132,1.2985
0.32905,-0.57463,1.0904
0.40309,-0.64468,0.88662
0.34775,-0.82019,0.67226
0.31671,-0.81644,0.46215
0.31335,-1.0873,0.24835
0.25202,-0.93135,0.022829
0.28867,-0.083445,-0.043662
0.28941,-0.058911,-0.016481
0.22547,-0.12527,-0.027263
0.25202,-0.033594,-0.022644
0.22622,-0.094467,-0.024369
0.17499,-0.029901,-0.02495
0.17798,-0.067927,-0.023585
0.16302,-0.0439,-0.026412
0.129,-0.045722,-0.024223
0.078514,-0.053662,-0.026446
-0.012727,-0.035978,-0.025689
-0.089011,-0.050862,-0.026544
-0.11294,-0.032484,-0.026802
-0.15445,-0.040305,-0.026971
-0.19783,-0.030872,-0.027736
-0.2068,-0.031386,-0.027567
-0.20942,-0.041523,-0.028452
-0.18997,-0.030062,-0.028681
-0.13388,-0.035097,-0.029472
-0.055356,-0.03461,-0.03072
0.02878,-0.029151,-0.031534
0.1002,-0.032998,-0.032617
0.17536,-0.024885,-0.033539
0.23819,-0.027659,-0.033716
0.27408,-0.032222,-0.034908
0.29465,-0.017912,-0.034867
0.29764,-0.028769,-0.035508
0.31297,-0.019554,-0.036175
0.2868,-0.027873,-0.035778
0.23632,-0.022591,-0.037784
0.22323,-0.018703,-0.036074
0.19705,-0.03527,-0.038781
0.17723,0.0025915,-0.036951
0.16788,-0.048493,-0.038327
0.17574,0.0096059,-0.039388
0.15106,-0.045951,-0.036396
0.14657,-0.0063387,-0.043051
0.16415,-0.0096153,-0.033315
0.079635,-0.082957,-0.048112
0.10693,0.15048,-0.025389
0.017188,-1.1272,-0.10046
0.023171,-2.2551,-0.46012
0.18995,-1.8991,-0.83699
-0.0063704,-2.0111,-1.1665
0.23407,-2.0272,-1.5054
0.43787,-2.0083,-1.8049
0.31709,-2.0927,-2.0983
0.69065,-2.069,-2.3688
0.60539,-2.158,-2.628
0.44423,-2.1555,-2.8749
0.65176,-2.2084,-3.1055
0.5837,-2.2346,-3.3276
0.70037,-2.2682,-3.536
0.83424,-2.3075,-3.7368
0.87388,-2.3114,-3.9242
0.88585,-2.3337,-4.0999
0.82976,-2.332,-4.2621
0.85219,-2.3407,-4.412
0.76469,-2.3293,-4.5493
0.75646,-2.2932,-4.6682
0.74936,-2.2709,-4.7706
0.68168,-2.2522,-4.8592
0.68055,-2.2272,-4.9356
0.68803,-2.1979,-4.9995
0.71196,-2.1632,-5.0503
0.70411,-2.123,-5.0883
0.6899,-2.0799,-5.1138
0.59268,-2.0375,-5.1272
0.41468,-1.9913,-5.1293
0.21874,-1.9379,-5.1206
0.047103,-1.89,-5.1013
-0.15146,-1.8442,-5.0728
-0.38031,-1.7914,-5.0359
-0.49511,-1.7374,-4.9903
-0.62337,-1.6827,-4.9367
-0.73144,-1.6219,-4.8751
-0.77033,-1.5567,-4.8051
-0.84624,-1.4863,-4.7266
-0.88737,-1.4139,-4.6395
-0.90532,-1.3524,-4.5449
-0.90233,-1.2872,-4.4448
-0.91654,-1.2057,-4.3381
-0.95655,-1.1249,-4.2227
-0.93149,-1.0556,-4.1012
-0.90083,-0.9799,-3.9744
-0.90906,-0.89716,-3.8411
-0.8754,-0.82297,-3.7026
-0.81669,-0.74659,-3.5593
-0.80922,-0.67236,-3.4126
-0.77556,-0.60287,-3.2631
-0.70638,-0.5243,-3.111
-0.64393,-0.43428,-2.9538
-0.58186,-0.35412,-2.7912
-0.47155,-0.24342,-2.6223
-0.33282,-0.13912,-2.4445
-0.24195,-0.042168,-2.2612
-0.097237,0.068518,-2.0701
0.032519,0.15514,-1.8772
0.1189,0.27921,-1.6781
0.23706,0.35438,-1.4765
0.29989,0.50157,-1.2735
0.34438,0.58809,-1.0633
0.37168,0.69933,-0.85852
0.33952,0.82851,-0.63877
0.34887,0.86129,-0.4323
0.35972,1.1485,-0.20312
0.30325,0.62568,-0.011431
0.33728,-0.050108,0.00084412
0.35523,0.10306,-0.015281
0.31222,0.050155,-0.0043222
0.3197,0.034117,-0.011161
0.26399,0.049008,-0.0057807
0.24155,0.0066517,-0.0086338
0.23482,0.042331,-0.006568
0.16564,0.0090773,-0.0058894
0.13947,0.023001,-0.0069654
0.07814,0.010284,-0.0047346
-0.013101,0.013539,-0.0056119
-0.056478,0.0089123,-0.0042547
-0.090506,0.0079751,-0.0046109
-0.14323,0.016549,-0.0038723
-0.17165,0.0049046,-0.0033587
-0.15782,0.010168,-0.003115
-0.16941,2.7154e-05,-0.0024401
-0.17801,0.0013206,-0.0020652
-0.12192,0.0088298,-0.00070054
-0.037407,0.0044435,0.00048795
0.024667,0.0085786,0.001339
0.10506,0.0090023,0.0027075
0.18883,0.0013356,0.0032773
0.21724,0.0026702,0.0038622
0.24305,-0.0042392,0.0045483
0.24379,0.0067904,0.004732
0.23706,-0.00027277,0.005853
0.25726,-0.0023422,0.0050169
0.23407,0.009947,0.0069928
0.21051,-0.022733,0.0062654
0.19182,0.015717,0.0070452
0.1791,-0.01919,0.0080088
0.18808,0.0093135,0.0062242
0.18209,-0.0012775,0.010386
0.19369,-0.011321,0.0052419
0.16975,0.035684,0.01235
0.17349,-0.066079,0.0054144
0.14208,0.10779,0.012137
0.08861,-0.17857,0.0086386
0.069913,0.52124,0.012058
-0.002257,2.1758,0.28662
0.16452,2.1043,0.68691
0.16265,1.9148,1.0176
0.10432,2.0614,1.3613
0.35336,1.9652,1.6757
0.22622,2.0692,1.9727
0.28306,2.0447,2.2547
0.50929,2.1028,2.5175
0.33952,2.1423,2.7741
0.47227,2.1405,3.0109
0.61025,2.1715,3.2388
0.55416,2.2157,3.4526
0.70112,2.2588,3.6577
0.80582,2.2733,3.8526
0.81629,2.2944,4.0347
0.79049,2.2913,4.2053
0.77703,2.2962,4.3619
0.7531,2.2862,4.5063
0.70598,2.2698,4.6351
0.69289,2.2382,4.7472
0.65326,2.207,4.8438
0.60128,2.1913,4.9272
0.59044,2.1578,4.9978
0.63381,2.1294,5.0554
0.68018,2.0966,5.1013
0.69364,2.0494,5.1339
0.64503,2.0055,5.1537
0.52088,1.966,5.1629
0.33541,1.9131,5.1604
0.13386,1.8579,5.1468
-0.067696,1.8144,5.124
-0.27149,1.7578,5.0916
-0.42032,1.7098,5.0503
-0.52876,1.6622,5.0017
-0.62636,1.5958,4.9449
-0.6989,1.5336,4.8789
-0.75275,1.4701,4.8042
-0.78678,1.4052,4.7217
-0.81707,1.3361,4.6314
-0.84736,1.2611,4.5329
-0.85783,1.193,4.4281
-0.89373,1.1259,4.3185
-0.92962,1.0479,4.2004
-0.9113,0.96646,4.0743
-0.90158,0.89442,3.9439
-0.87652,0.82435,3.8081
-0.8238,0.74713,3.6666
-0.79201,0.67648,3.5221
-0.75312,0.6069,3.3745
-0.71498,0.53727,3.2234
-0.67909,0.45728,3.0691
-0.63421,0.36569,2.9091
-0.55307,0.28681,2.7445
-0.44051,0.17479,2.5723
-0.34703,0.079716,2.391
-0.22699,-0.021173,2.2053
-0.10247,-0.1202,2.0134
-0.008614,-0.20833,1.8197
0.10469,-0.33287,1.6181
0.19107,-0.4117,1.416
0.23968,-0.56172,1.2097
0.30063,-0.62351,0.99973
0.30026,-0.76251,0.79191
0.2423,-0.84582,0.57152
0.2681,-0.9266,0.36616
0.27221,-1.1684,0.13009
0.27521,-0.48325,-0.034927
0.3556,0.030548,-0.027372
0.31409,-0.15254,-0.019705
0.29951,-0.045606,-0.026982
0.31372,-0.069356,-0.021141
0.22285,-0.058127,-0.026401
0.20154,-0.04898,-0.022761
0.16452,-0.073037,-0.025666
0.11105,-0.026962,-0.024729
0.1002,-0.054821,-0.025164
0.0063435,-0.036897,-0.026375
-0.056478,-0.04219,-0.025479
-0.069192,-0.03936,-0.027038
-0.11219,-0.034812,-0.026405
-0.13201,-0.036567,-0.027331
-0.13201,-0.03001,-0.027518
-0.13276,-0.034051,-0.027972
-0.14473,-0.028941,-0.028508
-0.11593,-0.032679,-0.028793
-0.041147,-0.034876,-0.030251
0.0082132,-0.030426,-0.031193
0.065426,-0.032004,-0.032317
0.1432,-0.028829,-0.033554
0.18209,-0.026295,-0.033764
0.20304,-0.030569,-0.034732
0.22846,-0.022992,-0.034653
0.22435,-0.028623,-0.035313
0.23632,-0.016082,-0.036171
0.23632,-0.028923,-0.035808
0.19369,-0.022538,-0.037562
0.19256,-0.016457,-0.03586
0.15779,-0.038048,-0.038736
0.13161,0.0037574,-0.03703
0.14732,-0.046431,-0.038211
0.15368,0.010333,-0.039534
0.1619,-0.04447,-0.036389
0.15554,-0.0088318,-0.043269
0.15854,0.0020629,-0.033262
0.089732,-0.085641,-0.047981
0.094967,0.15401,-0.026322
0.0022302,-1.09,-0.095712
-0.0074922,-2.2499,-0.45136
0.19107,-1.8978,-0.83117
0.0063435,-1.9917,-1.1621
0.21724,-2.009,-1.5027
0.48087,-1.9815,-1.8041
0.31559,-2.0646,-2.0996
0.66373,-2.0344,-2.3724
0.60726,-2.1218,-2.6336
0.39187,-2.1183,-2.8832
0.62895,-2.1671,-3.1164
0.53696,-2.1892,-3.3415
0.59305,-2.2167,-3.5521
0.73964,-2.2564,-3.7554
0.77142,-2.2594,-3.9462
0.76394,-2.28,-4.1253
0.71047,-2.2773,-4.2918
0.75497,-2.2836,-4.4448
0.65438,-2.274,-4.5866
0.64166,-2.2355,-4.7108
0.62035,-2.2065,-4.8165
0.55603,-2.1896,-4.9092
0.56501,-2.1662,-4.9897
0.56613,-2.1353,-5.0572
0.66485,-2.1002,-5.112
0.65064,-2.0599,-5.1541
0.63269,-2.0181,-5.1831
0.5938,-1.9744,-5.2002
0.40982,-1.9288,-5.2064
0.24679,-1.8794,-5.2009
0.067295,-1.8282,-5.1846
-0.13314,-1.7846,-5.1594
-0.31001,-1.737,-5.1258
-0.39826,-1.6798,-5.0832
-0.49062,-1.6248,-5.0322
-0.57812,-1.5664,-4.9731
-0.59944,-1.5066,-4.9053
-0.68582,-1.4424,-4.8292
-0.73817,-1.3712,-4.7443
-0.76958,-1.3071,-4.6519
-0.81258,-1.243,-4.5533
-0.84212,-1.1684,-4.4479
-0.91504,-1.0935,-4.3349
-0.91429,-1.0203,-4.2148
-0.90046,-0.94286,-4.0882
-0.91429,-0.8713,-3.9558
-0.85371,-0.79915,-3.8185
-0.79239,-0.71715,-3.6755
-0.76621,-0.6491,-3.5285
-0.7277,-0.58549,-3.3796
-0.66076,-0.51148,-3.2277
-0.59458,-0.42609,-3.0715
-0.55531,-0.34167,-2.9096
-0.48763,-0.24869,-2.7421
-0.39227,-0.13764,-2.5651
-0.31412,-0.048256,-2.3814
-0.18399,0.064656,-2.1912
-0.05947,0.14872,-1.9959
0.025788,0.25881,-1.7988
0.15442,0.35905,-1.5937
0.23033,0.45479,-1.391
0.27969,0.59784,-1.1799
0.3313,0.64267,-0.97154
0.32045,0.81908,-0.75705
0.31596,0.83515,-0.53834
0.3212,1.0382,-0.3269
0.30923,1.0464,-0.089458
0.32232,0.18201,0.013074
0.35224,-0.0043817,-0.014359
0.34438,0.12761,-0.0069879
0.33616,0.0069103,-0.0078727
0.31709,0.066748,-0.0090312
0.24866,0.012481,-0.0058519
0.20977,0.030488,-0.008675
0.18509,0.026079,-0.0048884
0.12526,0.012894,-0.0071341
0.048972,0.028107,-0.0050871
-0.022824,0.0083537,-0.0050758
-0.07181,0.01845,-0.0047946
-0.077793,0.0099658,-0.0039098
-0.078914,0.013955,-0.0040973
-0.088637,0.010329,-0.003115
-0.054608,0.0076601,-0.0032387
-0.040399,0.009201,-0.0024814
-0.059844,0.003555,-0.0021215
-0.037033,0.0041998,-0.0016303
0.0078393,0.010018,-0.00032187
0.025414,0.0095571,0.00095659
0.058321,0.0084812,0.0018901
0.090854,0.0071353,0.0029961
0.11067,0.0031238,0.003446
0.14507,0.0063705,0.0042109
0.15031,-0.0029458,0.0047695
0.17611,0.0069141,0.004822
0.19331,-0.0024209,0.0062129
0.1806,-0.0059038,0.0053469
0.18135,0.010506,0.0070827
0.17162,-0.013094,0.0064416
0.13311,0.018514,0.0073827
0.12488,-0.022096,0.0083087
0.16302,0.012013,0.0064716
0.15143,0.00020336,0.010607
0.14582,-0.012127,0.0055343
0.12488,0.032336,0.012489
0.14134,-0.068973,0.0055756
0.10581,0.10479,0.012178
0.039998,-0.18166,0.0083649
0.035137,0.51675,0.012609
-0.056104,2.1653,0.28636
0.11927,2.0792,0.6836
0.13498,1.8935,1.0124
0.080757,2.0352,1.3544
0.36495,1.9187,1.6666
0.2337,2.0212,1.9617
0.2868,1.9905,2.2423
0.50368,2.0539,2.5034
0.33354,2.0734,2.7579
0.48162,2.0856,2.9926
0.56351,2.1422,3.2191
0.49508,2.1485,3.4328
0.64279,2.188,3.6379
0.69589,2.1876,3.8314
0.70037,2.2017,4.0114
0.69215,2.2056,4.1798
0.69551,2.196,4.3337
0.66597,2.1805,4.4742
0.60577,2.1424,4.5973
0.58109,2.1204,4.7038
0.53846,2.0876,4.7968
0.52051,2.0568,4.8762
0.51079,2.0389,4.9433
0.53808,1.9986,4.9983
0.58258,1.9561,5.0396
0.57249,1.9184,5.0685
0.52761,1.8749,5.0858
0.43899,1.8269,5.0913
0.25501,1.78,5.0859
0.061686,1.7291,5.0708
-0.090506,1.674,5.0452
-0.28271,1.6313,5.0105
-0.40873,1.5849,4.9687
-0.44874,1.5276,4.9181
-0.52652,1.4665,4.8583
-0.57102,1.4008,4.7901
-0.5841,1.3405,4.7139
-0.62673,1.2714,4.6291
-0.64954,1.2015,4.5359
-0.69143,1.1453,4.4365
-0.74228,1.0749,4.3314
-0.78828,0.99549,4.2181
-0.84474,0.92324,4.0965
-0.84586,0.85419,3.9695
-0.8496,0.78227,3.8371
-0.84175,0.70957,3.6991
-0.77332,0.64633,3.5571
-0.72134,0.57448,3.4118
-0.67161,0.50179,3.2634
-0.6215,0.43456,3.1116
-0.5669,0.3493,2.9547
-0.51493,0.27135,2.7929
-0.45884,0.16308,2.6246
-0.34516,0.063086,2.4463
-0.25691,-0.020405,2.2632
-0.17128,-0.13104,2.0732
-0.062087,-0.21126,1.8803
0.009335,-0.32919,1.6815
0.10394,-0.40594,1.4785
0.17387,-0.54164,1.275
0.19855,-0.6339,1.063
0.23183,-0.72111,0.85722
0.19481,-0.86262,0.6377
0.17723,-0.86826,0.42929
0.18957,-1.1611,0.20356
0.17424,-0.75942,-0.0042397
0.27558,-0.0045504,-0.033888
0.29764,-0.10887,-0.012525
0.28231,-0.092232,-0.024384
0.34438,-0.050637,-0.017609
0.25913,-0.085379,-0.021947
0.22398,-0.030021,-0.019953
0.22958,-0.068269,-0.02077
0.16676,-0.035476,-0.022135
0.14208,-0.048305,-0.020642
0.067669,-0.04724,-0.023192
-0.0056225,-0.039255,-0.021902
-0.063957,-0.039221,-0.022926
-0.092376,-0.029118,-0.022776
-0.1021,-0.03581,-0.023417
-0.13388,-0.028769,-0.024069
-0.089759,-0.032803,-0.024047
-0.072183,-0.033035,-0.024894
-0.074427,-0.028308,-0.025093
-0.026189,-0.029804,-0.02573
0.020927,-0.029541,-0.027065
0.076644,-0.028147,-0.028279
0.129,-0.031761,-0.029082
0.16115,-0.02806,-0.029914
0.17349,-0.024161,-0.030113
0.17761,-0.024038,-0.031133
0.18172,-0.017005,-0.03129
0.17125,-0.029976,-0.031894
0.15779,-0.016735,-0.032602
0.14171,-0.024218,-0.032186
0.095715,-0.019644,-0.034136
0.096089,-0.013271,-0.032448
0.098332,-0.03527,-0.035197
0.085618,0.0055195,-0.033723
0.092723,-0.043941,-0.034522
0.1189,0.012564,-0.03592
0.13535,-0.041842,-0.032666
0.1017,-0.015126,-0.039553
0.129,0.002344,-0.029678
0.075896,-0.086159,-0.044206
0.060565,0.16293,-0.023286
-0.019084,-1.0578,-0.088375
-0.031424,-2.2451,-0.43953
0.1619,-1.884,-0.81855
-0.019084,-1.9536,-1.1459
0.17275,-1.9827,-1.4845
0.44011,-1.9454,-1.7855
0.27969,-2.0203,-2.0793
0.60352,-1.9864,-2.3503
0.59156,-2.0691,-2.61
0.38776,-2.0596,-2.8583
0.59904,-2.1037,-3.0898
0.53659,-2.1302,-3.314
0.58744,-2.155,-3.5247
0.72244,-2.1847,-3.7279
0.73739,-2.1805,-3.9168
0.75011,-2.1945,-4.0933
0.69102,-2.1921,-4.2576
0.68355,-2.1941,-4.4087
0.57735,-2.1581,-4.5451
0.5422,-2.1191,-4.6618
0.52761,-2.1055,-4.7643
0.46143,-2.078,-4.8547
0.46891,-2.0491,-4.9311
0.44759,-2.0207,-4.9955
0.50667,-1.979,-5.0468
0.53995,-1.9345,-5.0846
0.52275,-1.8966,-5.1102
0.49097,-1.8539,-5.1243
0.33055,-1.8014,-5.1269
0.17536,-1.7527,-5.1183
0.031397,-1.7076,-5.1005
-0.16604,-1.6586,-5.0735
-0.313,-1.6082,-5.0377
-0.38218,-1.5569,-4.9933
-0.45024,-1.5027,-4.9402
-0.50782,-1.4415,-4.8791
-0.52016,-1.378,-4.8092
-0.58037,-1.3156,-4.7304
-0.6301,-1.2504,-4.6434
-0.65216,-1.1872,-4.5493
-0.68918,-1.1229,-4.4488
-0.70115,-1.0525,-4.3409
-0.75275,-0.9751,-4.2254
-0.77033,-0.89773,-4.1024
-0.74565,-0.82999,-3.9735
-0.75238,-0.76111,-3.8396
-0.71461,-0.68404,-3.6996
-0.65403,-0.61711,-3.5553
-0.62112,-0.55349,-3.4088
-0.58934,-0.48306,-3.2593
-0.54073,-0.41064,-3.106
-0.48239,-0.32416,-2.9466
-0.45472,-0.23738,-2.7821
-0.38629,-0.13372,-2.6093
-0.26701,-0.037418,-2.428
-0.2083,0.06394,-2.2411
-0.10883,0.15211,-2.0471
-0.0041267,0.24809,-1.852
0.052712,0.35739,-1.6488
0.14694,0.43132,-1.446
0.18209,0.58409,-1.2378
0.21238,0.63391,-1.0272
0.23632,0.78848,-0.81707
0.18733,0.85693,-0.59393
0.18883,0.94216,-0.38737
0.16153,1.152,-0.14891
0.16452,0.4091,0.0067416
0.24978,-0.056332,-0.0072091
0.23108,0.13726,-0.011389
0.24529,0.022581,-0.0049858
0.26025,0.056738,-0.010415
0.18471,0.029614,-0.0049596
0.19593,0.014926,-0.008525
0.19892,0.041465,-0.0050271
0.14433,0.0076789,-0.0062343
0.1002,0.032741,-0.0055557
0.043363,0.01178,-0.0043522
-0.011979,0.019125,-0.0051508
-0.053861,0.013719,-0.0038123
-0.050495,0.01172,-0.0041048
-0.059096,0.011075,-0.0029613
-0.061713,0.0028277,-0.0029013
-0.015719,0.01205,-0.0025639
-0.041147,0.0048784,-0.0019153
-0.059844,0.0044097,-0.0013004
0.0059696,0.0040124,-0.00010817
0.04972,-0.0016412,0.00088161
0.077766,0.0080425,0.0021826
0.14208,0.0070228,0.003506
0.18546,0.0017629,0.0035885
0.19107,0.010539,0.0044321
0.20341,-0.0050865,0.004957
0.20902,0.0032625,0.0050207
0.18808,0.0036487,0.0063966
0.17349,0.0017929,0.0058118
0.16003,0.010191,0.0076863
0.13423,-0.012712,0.0065691
0.11217,0.01698,0.0081063
0.10394,-0.018808,0.0082637
0.10731,0.020617,0.007199
0.11703,-0.011002,0.010738
0.13984,-0.0026459,0.0057818
0.12713,0.023054,0.013415
0.11927,-0.064696,0.0049007
0.075522,0.10128,0.014352
0.040372,-0.19741,0.0050057
0.019057,0.66725,0.025161
-0.026189,2.2257,0.32621
0.11927,2.0273,0.72003
0.092349,1.912,1.049
0.083749,2.0144,1.3927
0.31933,1.9179,1.7026
0.19593,2.0177,1.9995
0.25501,1.9758,2.2791
0.45544,2.0454,2.5422
0.30662,2.0527,2.7974
0.41356,2.0777,3.0333
0.52462,2.1146,3.2618
0.49433,2.1232,3.4759
0.62446,2.1666,3.6823
0.69701,2.166,3.8774
0.69102,2.1785,4.0595
0.65587,2.1746,4.2299
0.66747,2.1748,4.3868
0.63718,2.1607,4.5312
0.55117,2.1135,4.6567
0.53958,2.0863,4.7649
0.50331,2.067,4.8609
0.45769,2.0287,4.9437
0.46255,2.0038,5.0132
0.50555,1.9773,5.0705
0.55828,1.9293,5.1144
0.5508,1.8924,5.1459
0.51527,1.8463,5.1662
0.40683,1.7905,5.1741
0.22024,1.7458,5.1705
0.072905,1.6977,5.157
-0.1092,1.6486,5.1333
-0.28645,1.6008,5.101
-0.37993,1.5515,5.0607
-0.45958,1.5006,5.0116
-0.52614,1.4435,4.9537
-0.53362,1.3854,4.8869
-0.5669,1.321,4.8119
-0.60392,1.2497,4.7283
-0.61739,1.1863,4.6366
-0.67909,1.1293,4.538
-0.69329,1.0607,4.4335
-0.74153,0.98176,4.3218
-0.78042,0.91262,4.2017
-0.7606,0.84565,4.0753
-0.78005,0.77464,3.9435
-0.74826,0.7012,3.8063
-0.68694,0.62896,3.6646
-0.64543,0.56951,3.5191
-0.6215,0.50151,3.3705
-0.57625,0.42725,3.2182
-0.52128,0.35172,3.0617
-0.48987,0.27472,2.9001
-0.4263,0.18423,2.7328
-0.3403,0.073017,2.5558
-0.27112,-0.0093604,2.3725
-0.17165,-0.11284,2.1841
-0.056852,-0.19602,1.9888
0.015692,-0.29731,1.7919
0.1002,-0.39934,1.5871
0.15629,-0.49218,1.3833
0.17649,-0.63182,1.1717
0.20827,-0.67173,0.96184
0.18247,-0.84291,0.74789
0.14246,-0.86288,0.52723
0.15106,-1.0314,0.31641
0.13984,-1.0998,0.076255
0.1791,-0.26359,-0.041653
0.23968,-0.0030808,-0.016485
0.23332,-0.14975,-0.020942
0.2696,-0.030419,-0.021921
0.24828,-0.086459,-0.019334
0.17424,-0.040522,-0.023027
0.19556,-0.051675,-0.019694
0.16302,-0.051432,-0.023488
0.10245,-0.036938,-0.021358
0.079635,-0.052103,-0.022877
-0.011605,-0.029575,-0.022986
-0.059096,-0.043469,-0.023072
-0.051617,-0.030141,-0.024099
-0.065827,-0.034303,-0.023642
-0.075549,-0.034482,-0.024759
-0.056852,-0.032432,-0.024594
-0.048999,-0.03443,-0.025235
-0.0662,-0.026879,-0.025749
-0.01871,-0.03347,-0.026214
0.024667,-0.035585,-0.027653
0.06393,-0.031764,-0.028778
0.13573,-0.031798,-0.029802
0.17162,-0.025035,-0.030821
0.1978,-0.023397,-0.031118
0.22547,-0.02622,-0.032055
0.22697,-0.018137,-0.031912
0.20378,-0.026651,-0.032831
0.21388,-0.016311,-0.03336
0.17985,-0.026115,-0.03309
0.12451,-0.017612,-0.03499
0.13049,-0.022471,-0.033296
0.093845,-0.030062,-0.036021
0.098706,0.0004358,-0.034094
0.10469,-0.050397,-0.036104
0.11142,0.017408,-0.035875
0.13386,-0.054172,-0.034256
0.13086,0.0077951,-0.039872
0.1447,-0.018785,-0.030664
0.053086,-0.057299,-0.0459
0.051216,0.12168,-0.020597
-0.040399,-1.2646,-0.1161
-0.039651,-2.2452,-0.48802
0.12226,-1.849,-0.85783
-0.042642,-1.9792,-1.1886
0.22061,-1.9576,-1.5265
0.40421,-1.9492,-1.8272
0.25464,-2.0011,-2.1217
0.5852,-1.9784,-2.3919
0.49957,-2.061,-2.6536
0.35822,-2.0439,-2.9018
0.54145,-2.0928,-3.135
0.45507,-2.1068,-3.3597
0.53883,-2.1352,-3.571
0.654,-2.1618,-3.7752
0.69028,-2.1618,-3.9654
0.67008,-2.1738,-4.144
0.63082,-2.166,-4.3097
0.65213,-2.1682,-4.4626
0.52462,-2.136,-4.6017
0.51041,-2.1023,-4.7215
0.49134,-2.0833,-4.8267
0.44236,-2.0533,-4.9193
0.45881,-2.026,-4.9982
0.45582,-1.9929,-5.0647
0.52275,-1.9563,-5.1182
0.5422,-1.9141,-5.1588
0.54407,-1.8712,-5.1869
0.48386,-1.8307,-5.2035
0.32419,-1.7778,-5.2087
0.17275,-1.7309,-5.202
0.023919,-1.6848,-5.1859
-0.13949,-1.6343,-5.1603
-0.28047,-1.5892,-5.1256
-0.33544,-1.5363,-5.0831
-0.40424,-1.4783,-5.0314
-0.45697,-1.4226,-4.971
-0.4794,-1.3648,-4.9025
-0.54409,-1.2985,-4.8248
-0.55569,-1.2325,-4.739
-0.58934,-1.1693,-4.6455
-0.65852,-1.1064,-4.5454
-0.67647,-1.0416,-4.4398
-0.70863,-0.96469,-4.3262
-0.73443,-0.89163,-4.2041
-0.73405,-0.82723,-4.0765
-0.72097,-0.75438,-3.9438
-0.66488,-0.67809,-3.8044
-0.60205,-0.61348,-3.6602
-0.5669,-0.55012,-3.5135
-0.54372,-0.48245,-3.3639
-0.5153,-0.41405,-3.2109
-0.48539,-0.32655,-3.0523
-0.4379,-0.24729,-2.8878
-0.34852,-0.14509,-2.7165
-0.27785,-0.039986,-2.5345
-0.20157,0.040888,-2.3481
-0.075923,0.15043,-2.155
0.0044739,0.22536,-1.9584
0.081879,0.33954,-1.7571
0.15928,0.41965,-1.5505
0.15704,0.53763,-1.3449
0.1877,0.63991,-1.1305
0.22958,0.7144,-0.92205
0.15854,0.87871,-0.69928
0.14096,0.86324,-0.48544
0.18396,1.1391,-0.26182
0.15667,0.84363,-0.03898
0.21986,0.014783,0.0090136
0.26212,0.069204,-0.016436
0.2322,0.087068,-0.0039098
0.2666,0.016553,-0.010141
0.23033,0.071562,-0.006478
0.18396,0.0084812,-0.0069092
0.17948,0.044348,-0.0072053
0.14246,0.0081887,-0.0049258
0.096463,0.019691,-0.0068342
0.042616,0.021726,-0.0043635
0.0029781,0.0087099,-0.0052858
-0.0071182,0.021576,-0.0040335
-0.02058,0.0063892,-0.0039323
-0.050495,0.01199,-0.0035237
-0.033668,0.006303,-0.0028226
-0.002631,0.0093434,-0.0027776
-0.018336,0.0076826,-0.0019115
-0.032546,0.0052458,-0.0017316
0.003726,0.010809,-0.000858
0.059069,0.010434,0.0004692
0.08861,0.011495,0.0016202
0.15255,0.0048446,0.0027524
0.18434,0.0011594,0.0037347
0.18471,0.0051595,0.0040347
0.2408,-0.0020311,0.0049457
0.23819,-0.0026834,0.0048445
0.19743,0.0095984,0.0059092
0.19593,-0.0059375,0.0061754
0.16863,0.007349,0.0064604
0.13947,-0.0071522,0.0078026
0.13947,0.0012531,0.0063816
0.11142,0.0036749,0.0093285
0.11142,-0.016322,0.0065504
0.12002,0.029344,0.0098309
0.126,-0.035832,0.0083649
0.11703,0.042871,0.0084249
0.093845,-0.046483,0.012129
0.1103,0.029989,0.0044096
0.043737,0.0025465,0.01932
0.020927,-0.079756,-0.0078315
-0.057974,1.488,0.11824
-0.016093,2.2972,0.50219
0.14694,1.8532,0.86032
0.015318,1.9913,1.1928
0.2049,1.9299,1.5261
0.30026,1.9451,1.8246
0.12226,1.9786,2.1182
0.38477,1.9675,2.3865
0.33541,2.0326,2.6477
0.24305,2.0113,2.8932
0.46629,2.0668,3.1252
0.42179,2.0766,3.3479
0.47264,2.1072,3.5586
0.60502,2.1271,3.7614
0.63643,2.124,3.9496
0.6196,2.1271,4.1265
0.58782,2.1251,4.2905
0.60427,2.1175,4.4412
0.525,2.0735,4.575
0.47638,2.0364,4.69
0.44684,2.0182,4.7919
0.38813,1.9956,4.8817
0.40197,1.9551,4.9576
0.4259,1.9214,5.0202
0.47377,1.8852,5.07
0.51527,1.8431,5.1067
0.51041,1.7993,5.132
0.4704,1.7541,5.1457
0.31671,1.7142,5.1476
0.14395,1.6557,5.139
-0.0089879,1.6052,5.1202
-0.20568,1.5675,5.0927
-0.33207,1.5144,5.0572
-0.38143,1.4658,5.0125
-0.43416,1.4127,4.959
-0.46818,1.345,4.8965
-0.48015,1.2863,4.8259
-0.50034,1.2271,4.747
-0.51343,1.1653,4.6597
-0.53362,1.1066,4.5656
-0.58822,1.039,4.4644
-0.64506,0.96738,4.3556
-0.69928,0.89608,4.2394
-0.73181,0.8238,4.1159
-0.72022,0.75481,3.9861
-0.71124,0.68952,3.8514
-0.65478,0.61952,3.7121
-0.58149,0.55697,3.5682
-0.56541,0.49275,3.4212
-0.52988,0.41918,3.2709
-0.50109,0.34934,3.1163
-0.46818,0.2698,2.9565
-0.43677,0.18639,2.7913
-0.37246,0.076057,2.6167
-0.26775,-0.007737,2.4341
-0.20904,-0.10279,2.2474
-0.09088,-0.20032,2.0529
0.0022302,-0.27695,1.8573
0.058695,-0.40244,1.654
0.13311,-0.47009,1.4495
0.15629,-0.60771,1.2412
0.18845,-0.66804,1.0283
0.16975,-0.79217,0.81886
0.10992,-0.88478,0.59448
0.10581,-0.93526,0.38621
0.1002,-1.1881,0.14928
0.14208,-0.53381,-0.026705
0.23706,0.037675,-0.024167
0.23183,-0.14988,-0.014149
0.25576,-0.04997,-0.022899
0.28044,-0.062679,-0.016091
0.20154,-0.062135,-0.02179
0.2064,-0.035322,-0.01825
0.18022,-0.063241,-0.020759
0.12039,-0.027581,-0.020324
0.10581,-0.053318,-0.020279
0.027284,-0.032173,-0.021812
-0.022076,-0.04086,-0.020759
-0.02058,-0.034393,-0.022416
-0.017589,-0.029433,-0.021925
-0.026937,-0.037504,-0.022779
-0.013101,-0.025114,-0.023173
0.0074654,-0.033377,-0.023278
-0.016093,-0.026711,-0.02384
-0.01011,-0.029073,-0.024253
0.014196,-0.035851,-0.025524
0.06206,-0.028949,-0.026619
0.11815,-0.028953,-0.027593
0.16265,-0.027543,-0.029029
0.20304,-0.021807,-0.02916
0.20565,-0.027438,-0.029697
0.20603,-0.019164,-0.030874
0.19481,-0.022778,-0.030375
0.17387,-0.024495,-0.031702
0.1705,-0.011981,-0.031103
0.12638,-0.031382,-0.032441
0.087114,-0.006916,-0.032673
0.075896,-0.030216,-0.032557
0.064678,-0.0074109,-0.034439
0.070661,-0.019906,-0.031669
0.085992,-0.027532,-0.03625
0.12376,0.0047697,-0.031466
0.091975,-0.067361,-0.036809
0.10619,0.051625,-0.033307
0.093097,-0.10696,-0.034421
0.03738,0.1098,-0.039542
0.024293,-0.27821,-0.024272
-0.10509,-1.9282,-0.2506
0.050094,-2.0936,-0.65492
0.065052,-1.8302,-0.99181
-0.014223,-2.0077,-1.3317
0.3399,-1.8943,-1.6518
0.30138,-1.9765,-1.9476
0.37318,-1.9538,-2.2329
0.60689,-1.9941,-2.4963
0.34999,-2.0276,-2.7548
0.41356,-2.0243,-2.9939
0.51565,-2.0745,-3.224
0.42852,-2.0799,-3.4424
0.5579,-2.1198,-3.6511
0.63867,-2.1177,-3.8495
0.63905,-2.1249,-4.0337
0.5923,-2.126,-4.2069
0.60464,-2.1182,-4.3663
0.55117,-2.1042,-4.5128
0.4532,-2.0626,-4.6418
0.45357,-2.0376,-4.7535
0.40047,-2.0108,-4.8519
0.36832,-1.9817,-4.9368
0.35635,-1.9563,-5.0095
0.42328,-1.9187,-5.07
0.49022,-1.8764,-5.1167
0.48872,-1.8343,-5.1502
0.48648,-1.7905,-5.1722
0.38066,-1.7424,-5.1824
0.24417,-1.6949,-5.181
0.12039,-1.6501,-5.1698
-0.025815,-1.6013,-5.149
-0.20456,-1.5541,-5.1189
-0.31524,-1.5097,-5.081
-0.34778,-1.4561,-5.0343
-0.40948,-1.3936,-4.9781
-0.41097,-1.3359,-4.9135
-0.43976,-1.278,-4.84
-0.48352,-1.2105,-4.7582
-0.48202,-1.1491,-4.6685
-0.54634,-1.091,-4.5716
-0.58037,-1.0267,-4.4694
-0.59719,-0.94971,-4.3592
-0.64057,-0.87415,-4.2403
-0.64693,-0.8148,-4.1156
-0.63945,-0.74129,-3.9852
-0.60243,-0.66955,-3.8486
-0.55269,-0.60503,-3.7067
-0.52652,-0.53832,-3.5614
-0.48838,-0.47787,-3.4135
-0.45397,-0.40813,-3.2618
-0.44388,-0.32759,-3.1057
-0.42668,-0.24973,-2.9438
-0.3762,-0.1566,-2.7759
-0.28495,-0.048013,-2.5974
-0.2083,0.032351,-2.4122
-0.13314,0.13848,-2.2217
-0.03105,0.21458,-2.0249
0.04112,0.31821,-1.8264
0.11815,0.41435,-1.6198
0.17349,0.49193,-1.4149
0.17424,0.63955,-1.2026
0.1978,0.68432,-0.9921
0.17162,0.85243,-0.7756
0.11479,0.85904,-0.55444
0.13722,1.0354,-0.3422
0.12002,1.0854,-0.10015
0.14956,0.213,0.013359
0.22585,-0.019625,-0.013133
0.21537,0.13016,-0.007614
0.23931,0.0070228,-0.0072241
0.23557,0.070179,-0.0090574
0.19369,0.01457,-0.0054845
0.17723,0.03336,-0.008585
0.15779,0.031931,-0.0046297
0.1275,0.014397,-0.0067179
0.07814,0.029821,-0.0048246
0.038502,0.006138,-0.0047009
0.0048478,0.023211,-0.0044984
0.003352,0.012001,-0.0035237
0.020927,0.013441,-0.0039061
0.015692,0.0075252,-0.0028826
0.034389,0.0054295,-0.0028751
0.039998,0.0094934,-0.0019528
0.00036053,0.0073077,-0.0015553
-0.0030049,0.010558,-0.0012292
0.051216,0.0084399,-0.00010817
0.088236,0.009081,0.0012153
0.11516,0.0052045,0.0021338
0.17836,0.0078438,0.0032248
0.19817,0.0040461,0.0038322
0.1963,0.0064267,0.0043571
0.21164,0.00079945,0.0052007
0.1963,-0.0010676,0.0049645
0.17536,0.0075027,0.0065803
0.14657,-0.0027509,0.006003
0.11591,0.012511,0.0072252
0.092349,-0.009949,0.0074689
0.067295,0.013958,0.0069703
0.081505,-0.0064924,0.009291
0.094593,-0.00056144,0.0066366
0.098706,0.012605,0.011038
0.13685,-0.029519,0.0065578
0.097584,0.045675,0.011439
0.093097,-0.067912,0.0088036
0.07814,0.085805,0.0084324
-0.008614,-0.12283,0.015046
-0.0063704,0.21477,-0.0026426
-0.08041,1.9289,0.21057
0.059069,2.1692,0.61162
0.14059,1.8296,0.9486
0.019805,1.9957,1.2861
0.27707,1.8849,1.6076
0.25127,1.9424,1.9037
0.17424,1.9237,2.1895
0.40459,1.9666,2.4528
0.2666,2.0004,2.7109
0.28979,1.9927,2.9495
0.44796,2.044,3.1786
0.39412,2.0385,3.3967
0.51116,2.0692,3.605
0.61923,2.0733,3.8032
0.62334,2.0744,3.9864
0.59156,2.0844,4.1585
0.58894,2.0749,4.3176
0.5508,2.042,4.461
0.46629,2.0057,4.5852
0.44011,1.9757,4.6938
0.37318,1.9529,4.7904
0.35485,1.9261,4.8743
0.33803,1.8886,4.9444
0.38776,1.8537,5.0015
0.47938,1.8044,5.0461
0.44909,1.761,5.0771
0.45283,1.7253,5.0966
0.37392,1.6774,5.1048
0.18172,1.6259,5.1011
0.063556,1.5801,5.0879
-0.081158,1.5302,5.0654
-0.24756,1.4795,5.0336
-0.33469,1.439,4.9934
-0.38741,1.3859,4.9445
-0.42406,1.3296,4.887
-0.43229,1.2662,4.8205
-0.43229,1.1971,4.7448
-0.45659,1.1416,4.6607
-0.46818,1.0729,4.5692
-0.50595,1.0098,4.4705
-0.55756,0.95653,4.365
-0.57476,0.8838,4.253
-0.64917,0.80656,4.1329
-0.6559,0.74142,4.0058
-0.61215,0.67215,3.874
-0.61103,0.59771,3.7366
-0.54335,0.54198,3.5944
-0.48501,0.48314,3.4498
-0.43677,0.41377,3.3015
-0.4106,0.3481,3.1495
-0.41508,0.27175,2.9926
-0.36759,0.18964,2.8298
-0.35376,0.083735,2.66
-0.29019,-0.007857,2.4808
-0.1997,-0.093286,2.2965
-0.14996,-0.19113,2.104
-0.025067,-0.25976,1.9095
0.03925,-0.37832,1.7099
0.093845,-0.45059,1.5048
0.17424,-0.58113,1.2997
0.16788,-0.67073,1.0858
0.17125,-0.75164,0.87782
0.10619,-0.89833,0.65514
0.072531,-0.88324,0.44355
0.082627,-1.1713,0.21737
0.050094,-0.7945,0.0032473
0.16938,-0.0068523,-0.032149
0.19331,-0.10082,-0.0093199
0.18097,-0.088648,-0.021546
0.27034,-0.037654,-0.01476
0.19743,-0.081465,-0.019026
0.17424,-0.026621,-0.017478
0.19107,-0.067328,-0.017733
0.13535,-0.031258,-0.019341
0.14283,-0.041519,-0.017752
0.1002,-0.039645,-0.020207
0.013822,-0.034872,-0.019026
-0.002631,-0.038846,-0.020387
0.0040999,-0.028428,-0.020252
-0.0045007,-0.03449,-0.020582
0.0063435,-0.025395,-0.021351
0.02691,-0.027854,-0.021145
0.0029781,-0.027701,-0.021932
-0.014223,-0.032762,-0.022449
0.010083,-0.031772,-0.023023
0.05159,-0.028278,-0.024092
0.094219,-0.028447,-0.02537
0.12825,-0.024454,-0.026285
0.17088,-0.021901,-0.027222
0.19331,-0.020506,-0.027413
0.20079,-0.026891,-0.028463
0.20902,-0.013717,-0.028932
0.19406,-0.024578,-0.028868
0.18097,-0.021447,-0.030094
0.1376,-0.01531,-0.029498
0.086366,-0.023783,-0.031346
0.084871,-0.0052814,-0.030225
0.038876,-0.03626,-0.031815
0.038128,0.0017929,-0.031702
0.077766,-0.033883,-0.030803
0.087488,-0.00074139,-0.034237
0.11441,-0.01402,-0.02943
0.08674,-0.038055,-0.036899
0.11516,0.038395,-0.028069
0.056077,-0.11463,-0.03826
0.026162,0.17657,-0.028411
-0.014223,-0.69678,-0.049687
-0.12753,-2.1634,-0.35285
0.078888,-1.9492,-0.7467
-0.0011352,-1.8722,-1.074
0.05159,-1.9693,-1.4143
0.40384,-1.8776,-1.7218
0.27558,-1.9647,-2.016
0.47077,-1.9198,-2.2929
0.59567,-1.9857,-2.5537
0.32045,-1.9837,-2.8055
0.44423,-2.0081,-3.0394
0.46704,-2.0488,-3.2675
0.42291,-2.0574,-3.4826
0.57099,-2.0823,-3.6884
0.63082,-2.0739,-3.8809
0.61661,-2.0843,-4.0604
0.58258,-2.0766,-4.2283
0.58857,-2.0653,-4.3818
0.47564,-2.0321,-4.5202
0.39935,-1.9933,-4.6398
0.40272,-1.9733,-4.7449
0.3384,-1.9439,-4.8375
0.32569,-1.9131,-4.9163
0.33167,-1.8822,-4.9827
0.40309,-1.8434,-5.0367
0.46068,-1.8014,-5.0773
0.4431,-1.7562,-5.1054
0.43974,-1.7085,-5.1215
0.33092,-1.6635,-5.1259
0.17125,-1.6179,-5.1198
0.045981,-1.5694,-5.1036
-0.12566,-1.5242,-5.0785
-0.26514,-1.4804,-5.0453
-0.32758,-1.4255,-5.0031
-0.3762,-1.3681,-4.9516
-0.41957,-1.3121,-4.8915
-0.41845,-1.2532,-4.8226
-0.42369,-1.1895,-4.7451
-0.45996,-1.1201,-4.6589
-0.48052,-1.0681,-4.565
-0.51717,-1.0127,-4.4662
-0.5325,-0.93432,-4.3603
-0.56653,-0.86343,-4.245
-0.5957,-0.79613,-4.1234
-0.56167,-0.72726,-3.9961
-0.5512,-0.66115,-3.8624
-0.49847,-0.58954,-3.7226
-0.41695,-0.52751,-3.579
-0.41209,-0.46675,-3.4329
-0.40798,-0.39645,-3.2831
-0.37171,-0.32479,-3.1291
-0.36984,-0.25039,-2.9694
-0.34852,-0.16334,-2.8037
-0.27561,-0.052122,-2.6288
-0.21503,0.026281,-2.4457
-0.13613,0.12711,-2.2577
-0.037781,0.21291,-2.0621
0.043363,0.29523,-1.8652
0.12675,0.41251,-1.6603
0.18733,0.48437,-1.4553
0.20117,0.62608,-1.2454
0.2236,0.67443,-1.0332
0.20191,0.82106,-0.82094
0.12787,0.87834,-0.59688
0.13311,0.97775,-0.38731
0.10245,1.1648,-0.1454
0.087488,0.3928,0.0075889
0.16788,-0.052826,-0.0076665
0.16041,0.13701,-0.010872
0.19481,0.019616,-0.0051695
0.21425,0.059157,-0.010257
0.15255,0.037071,-0.0048546
0.16602,0.023327,-0.0084538
0.14994,0.041034,-0.0048696
0.1189,0.0058044,-0.0061068
0.11142,0.022266,-0.0054695
0.065426,0.0067454,-0.0046034
0.02504,0.019507,-0.0049483
0.020553,0.011957,-0.0034262
0.046355,0.012028,-0.0037973
0.041868,0.013422,-0.0027101
0.030276,0.0057931,-0.0028001
0.047103,0.0091185,-0.0022977
0.025788,0.0077389,-0.0016866
-0.0041267,0.008946,-0.0012067
0.0029781,0.011165,-0.0001944
0.054956,0.011342,0.00094535
0.093097,0.00805,0.0021076
0.13573,0.010468,0.0030636
0.1806,0.0025277,0.0037872
0.18284,0.0055719,0.0041884
0.215,0.0047584,0.0053206
0.20864,0.0010394,0.0052531
0.18322,0.010862,0.0063591
0.18434,-0.007722,0.0062954
0.13872,0.0085149,0.0068765
0.097211,-0.0097165,0.0078138
0.081131,0.0065992,0.0066328
0.063556,0.0022841,0.0094035
0.076644,-0.017188,0.0065504
0.097584,0.019676,0.010599
0.11404,-0.038303,0.0077576
0.11179,0.049529,0.0094635
0.097584,-0.053857,0.011241
0.083375,0.05221,0.0055456
0.030276,-0.037414,0.018593
0.011579,-0.00030276,-0.0077152
-0.054608,1.6482,0.14817
0.0082132,2.2487,0.54104
0.11853,1.8102,0.88994
0.01644,1.9809,1.2231
0.21949,1.8956,1.5526
0.29502,1.9203,1.8502
0.13348,1.9328,2.1406
0.35523,1.9353,2.4065
0.30437,1.9909,2.667
0.21911,1.96,2.9096
0.42553,2.0156,3.1406
0.39374,2.0274,3.3625
0.45657,2.0541,3.5729
0.59044,2.058,3.7745
0.59156,2.0473,3.9608
0.58782,2.0591,4.1357
0.56463,2.0512,4.2982
0.54444,2.0235,4.4459
0.47526,1.9783,4.5746
0.41917,1.9527,4.6865
0.37916,1.937,4.7865
0.33877,1.9054,4.8741
0.34102,1.8706,4.9477
0.37019,1.8349,5.0073
0.44123,1.794,5.055
0.479,1.7532,5.0902
0.47227,1.7093,5.1128
0.41618,1.6615,5.1245
0.25053,1.6111,5.1243
0.096463,1.562,5.1131
-0.047877,1.515,5.0933
-0.22064,1.4741,5.0643
-0.32197,1.426,5.0263
-0.37059,1.3683,4.9802
-0.42069,1.315,4.9251
-0.43528,1.256,4.8607
-0.41209,1.196,4.7874
-0.43079,1.1353,4.7058
-0.45884,1.0725,4.6167
-0.48314,1.0057,4.5196
-0.52427,0.94303,4.4157
-0.55905,0.88028,4.3061
-0.58897,0.80202,4.1878
-0.59495,0.73702,4.062
-0.57476,0.67856,3.9314
-0.54073,0.60674,3.7956
-0.49399,0.53763,3.6546
-0.44051,0.48007,3.5104
-0.41695,0.41485,3.3631
-0.38704,0.34801,3.2115
-0.35451,0.27463,3.0555
-0.36946,0.19284,2.8931
-0.35002,0.10523,2.7245
-0.28121,0.0012343,2.5465
-0.21054,-0.080993,2.3621
-0.13052,-0.17807,2.1715
-0.038529,-0.25183,1.9763
0.053086,-0.35868,1.7785
0.12862,-0.4473,1.5721
0.17125,-0.54008,1.3674
0.17649,-0.66791,1.154
0.18696,-0.71497,0.94409
0.14507,-0.88271,0.72555
0.065052,-0.8709,0.50658
0.054582,-1.0896,0.29196
0.037006,-1.0344,0.053681
0.10619,-0.15571,-0.038631
0.17088,-0.027149,-0.010223
0.1462,-0.13451,-0.01888
0.21762,-0.020952,-0.016623
0.19256,-0.08737,-0.016413
0.13685,-0.0326,-0.018779
0.15966,-0.060797,-0.016492
0.12301,-0.043548,-0.019634
0.095341,-0.034887,-0.017261
0.05346,-0.046033,-0.019566
0.0044739,-0.025815,-0.018985
-0.0048746,-0.041111,-0.01951
0.016066,-0.027667,-0.020331
0.034763,-0.035761,-0.020117
0.023171,-0.028941,-0.021021
0.025414,-0.025834,-0.020987
0.01644,-0.030775,-0.021895
-0.0063704,-0.023445,-0.022146
-0.0052485,-0.027003,-0.022633
0.035137,-0.030066,-0.023867
0.071783,-0.030392,-0.024984
0.088984,-0.028409,-0.026041
0.14732,-0.024034,-0.027016
0.19518,-0.020514,-0.027083
0.1993,-0.025654,-0.027983
0.1978,-0.016487,-0.028714
0.1963,-0.021005,-0.028486
0.18135,-0.021931,-0.030072
0.16714,-0.014275,-0.029333
0.13423,-0.02833,-0.030968
0.091228,-0.0050678,-0.030476
0.059443,-0.03061,-0.030866
0.044859,-0.0022597,-0.032426
0.075148,-0.027273,-0.030191
0.093471,-0.015224,-0.034417
0.097211,0.0029251,-0.029337
0.096463,-0.056815,-0.035819
0.10992,0.050343,-0.030131
0.040746,-0.11742,-0.034754
0.0085872,0.14291,-0.034582
-0.0045007,-0.42748,-0.030221
-0.12267,-2.0381,-0.28687
0.052338,-2.0306,-0.68872
0.0127,-1.8292,-1.0202
-0.033294,-1.9805,-1.3604
0.35261,-1.8664,-1.6745
0.28156,-1.9531,-1.9697
0.38963,-1.9151,-2.252
0.60053,-1.9637,-2.5138
0.30362,-1.9792,-2.7697
0.38178,-1.9855,-3.0061
0.45918,-2.033,-3.2359
0.38514,-2.0355,-3.4537
0.5336,-2.0673,-3.6617
0.59754,-2.0602,-3.858
0.58632,-2.0647,-4.0401
0.56089,-2.0607,-4.2107
0.58221,-2.0519,-4.3673
0.4977,-2.0234,-4.5098
0.40907,-1.9808,-4.6336
0.40197,-1.96,-4.7417
0.34438,-1.9292,-4.8374
0.34663,-1.8998,-4.9197
0.34251,-1.8696,-4.9891
0.40347,-1.8266,-5.0454
0.46778,-1.7868,-5.0889
0.4603,-1.7429,-5.1198
0.45544,-1.6975,-5.1387
0.35149,-1.6538,-5.1462
0.20677,-1.6053,-5.1428
0.061312,-1.5577,-5.1291
-0.094994,-1.5129,-5.1062
-0.24569,-1.4688,-5.0751
-0.3216,-1.4143,-5.0352
-0.32983,-1.3582,-4.986
-0.39153,-1.3047,-4.928
-0.38928,-1.2438,-4.8614
-0.39414,-1.1829,-4.786
-0.45323,-1.117,-4.7016
-0.46183,-1.06,-4.6095
-0.50146,-1.008,-4.5122
-0.51007,-0.93281,-4.4077
-0.53101,-0.85803,-4.2939
-0.56803,-0.79738,-4.1737
-0.53923,-0.72839,-4.0475
-0.53923,-0.65379,-3.9143
-0.49436,-0.58827,-3.7759
-0.42219,-0.52784,-3.6335
-0.40835,-0.46832,-3.4879
-0.37881,-0.40448,-3.3388
-0.35787,-0.33171,-3.1859
-0.36199,-0.24999,-3.0275
-0.35077,-0.17168,-2.8629
-0.30627,-0.070222,-2.6901
-0.22924,0.019042,-2.5078
-0.14921,0.10565,-2.3213
-0.048999,0.20658,-2.1267
0.061312,0.2819,-1.9301
0.12189,0.39681,-1.7272
0.16452,0.45948,-1.5206
0.20902,0.59571,-1.3135
0.20864,0.67896,-1.0983
0.18621,0.77003,-0.88884
0.14994,0.89637,-0.66411
0.12002,0.90019,-0.45187
0.10207,1.1864,-0.21993
0.069913,0.6925,-0.016758
0.12974,-0.038895,0.0037085
0.16003,0.10998,-0.015259
0.15966,0.06171,-0.0033175
0.20902,0.0306,-0.01064
0.14769,0.062137,-0.0054395
0.14246,0.012871,-0.0075128
0.15442,0.047722,-0.0063018
0.10469,0.0089011,-0.005237
0.11965,0.02738,-0.0063018
0.084871,0.016774,-0.0042697
0.044111,0.014277,-0.0051358
0.026536,0.015904,-0.0033849
0.052712,0.010843,-0.0038836
0.083001,0.016335,-0.0030775
0.039998,0.0032925,-0.0026614
0.031771,0.012343,-0.0026576
0.011205,0.0094897,-0.0014879
-0.014223,0.0079863,-0.0014991
-0.0097358,0.0070453,-0.00090674
0.032893,0.0034575,-0.00041935
0.07627,0.0072328,-9.3172e-05
0.11441,3.8401e-05,0.00036798
0.18845,-0.0012738,0.0004842
0.19443,0.0021866,0.00064916
0.19892,0.0014293,0.00075414
0.2049,-0.00076764,0.00074289
0.19219,-0.0024547,0.00060042
0.18434,0.0002146,0.00063417
0.13685,-0.0012962,0.00069415
0.12039,-0.00039648,0.00072415
0.091975,-0.0029608,0.0006904
0.056451,-0.0071335,0.00054044
0.068043,-0.004138,0.00079913
0.093845,-0.0071709,0.00078038
0.11404,-0.0053077,0.00076539
