0.067669,-0.01546,0.0016239
0.075522,-0.018624,0.001429
0.087862,-0.018864,0.0015265
0.093097,-0.0094616,0.0021188
0.078514,-0.012824,0.0025912
0.075896,-0.013537,0.0027562
0.094593,-0.013274,0.0031236
0.081505,-0.019014,0.0031948
0.082627,-0.011145,0.0037797
0.081131,-0.019389,0.0037085
0.050842,-0.012847,0.0040009
0.06206,-0.022864,0.0042221
0.071035,-0.0097203,0.0037797
0.071783,-0.01645,0.004897
0.078514,-0.027172,0.0036897
0.072157,0.0065054,0.0054481
0.09048,-0.03954,0.0040384
0.10394,-0.0024509,0.0046233
0.10132,-0.049194,0.004897
0.085992,0.021873,0.0033486
0.085618,-0.030321,0.0071615
0.068043,-0.035847,0.0006904
0.079635,0.042353,0.0098046
0.084123,-0.21869,-0.0056682
0.027284,1.2607,0.047008
0.17873,2.7244,0.27088
0.20378,2.4293,0.486
0.23033,2.4529,0.66489
0.40907,2.4538,0.84206
0.33017,2.4211,0.98596
0.43263,2.4228,1.122
0.39412,2.2919,1.2361
0.25501,2.2807,1.3346
0.26361,2.2287,1.4205
0.11628,2.2333,1.4918
0.1963,2.171,1.5512
0.12039,2.1352,1.5959
0.10282,2.1027,1.6301
0.16452,2.027,1.6522
0.02504,1.9806,1.6666
0.11441,1.8929,1.6723
0.0052217,1.8099,1.6676
0.009335,1.7267,1.6541
0.011953,1.6443,1.631
-0.12566,1.5824,1.6005
-0.051991,1.4885,1.5635
-0.1178,1.3937,1.5185
-0.047504,1.2982,1.4657
-0.025815,1.1922,1.405
0.0074654,1.098,1.34
0.062434,0.98347,1.269
-0.049373,0.8939,1.1944
-0.055356,0.76724,1.1174
-0.20456,0.62937,1.0307
-0.25354,0.51896,0.93909
-0.313,0.40579,0.84674
-0.37769,0.27064,0.75118
-0.30103,0.12295,0.64555
-0.31973,0.029191,0.54141
-0.20418,-0.1836,0.42555
-0.16081,-0.27857,0.302
-0.075923,-0.48901,0.17829
0.019431,-0.60596,0.041151
0.055329,-0.10611,-0.0090949
0.16041,0.010536,0.0085786
0.14507,-0.077146,0.0031461
0.19855,-9.2814e-05,0.0050882
0.13012,-0.046464,0.0049794
0.094967,-0.015115,0.003641
0.15816,-0.026621,0.0052344
0.11292,-0.02075,0.0033598
0.1791,-0.014309,0.0048595
0.1791,-0.02643,0.0035173
0.16115,-0.008708,0.0039972
0.16975,-0.01835,0.0037085
0.16452,-0.012333,0.0033673
0.17873,-0.012165,0.0036335
0.19107,-0.013897,0.0030486
0.24005,-0.011853,0.0033186
0.2236,-0.01092,0.0028762
0.25352,-0.010571,0.0027824
0.25987,-0.010568,0.0025537
0.23519,-0.0097615,0.0021788
0.2595,-0.0097315,0.0022051
0.23108,-0.010159,0.0016989
0.24492,-0.0098665,0.0016164
0.20565,-0.0076958,0.0018526
0.12937,-0.010631,0.0013803
0.058321,-0.010759,0.0016052
-0.031424,-0.0074334,0.0019389
-0.06807,-0.0069797,0.0013915
-0.073679,-0.0102,0.0012865
-0.028433,-0.011572,0.0015115
-0.050121,-0.0060912,0.0016764
-0.074801,-0.0056001,0.0016052
-0.041147,-0.0054164,0.0016764
-0.051243,-0.0057051,0.0017364
0.009335,-0.0065636,0.001384
0.041868,-0.0026721,0.001519
0.011953,-0.0063537,0.0018002
0.0085872,-0.0044867,0.0017589
-0.0030049,-0.0038456,0.0016164
-0.0089879,-0.0087418,0.0016914
-0.048251,-0.0028783,0.0017739
-0.047504,-0.0028483,0.0017777
0.010083,-0.0047453,0.0019914
0.056825,-0.0025672,0.0018901
0.1002,-0.00593,0.0018489
0.12114,-0.0094278,0.0018264
0.13423,-0.009619,0.001369
0.13834,-0.0062824,0.00080663
0.15031,-0.0039618,0.00049545
0.18097,-0.0091842,0.00015427
0.21874,-0.0085543,-0.00030687
0.23145,-0.0075721,-0.00059181
0.20565,-0.0048878,-0.00076427
0.19743,-0.0080145,-0.0006293
0.19556,-0.01092,-0.0014804
0.20827,-0.0008876,-0.00086175
0.20752,-0.014377,-0.0016828
0.17985,0.0031951,-0.0016903
0.17125,-0.016757,-0.00097798
0.13273,-0.0018511,-0.0028526
0.078888,-0.002286,-0.0002019
0.050842,-0.024218,-0.0030138
0.048972,0.019342,-0.00029188
0.055703,-0.045767,-0.0030513
0.061686,0.047917,-0.0015891
0.061312,-0.064478,0.00029299
0.085618,0.062774,-0.0062493
0.075522,-0.10505,0.0099433
0.01457,-1.4741,-0.12855
0.066922,-1.8256,-0.40352
0.064678,-1.5922,-0.62122
0.073278,-1.7605,-0.82869
0.14507,-1.7055,-1.0172
0.15442,-1.8123,-1.1778
0.24529,-1.8338,-1.3264
0.22996,-1.8372,-1.4448
0.24379,-1.8794,-1.5487
0.28455,-1.8796,-1.636
0.24379,-1.9013,-1.7117
0.28979,-1.8696,-1.7714
0.24342,-1.8542,-1.8169
0.22996,-1.791,-1.8523
0.22248,-1.7337,-1.8766
0.21313,-1.6778,-1.8938
0.22771,-1.5803,-1.9008
0.18509,-1.5044,-1.8982
0.15779,-1.4382,-1.8857
0.082253,-1.376,-1.8643
0.12825,-1.3107,-1.8356
0.032519,-1.2237,-1.7985
-0.035164,-1.138,-1.7529
0.089358,-1.0597,-1.6997
0.010083,-0.97817,-1.6408
0.093097,-0.88161,-1.5756
0.079261,-0.78148,-1.5032
-0.061713,-0.69963,-1.4271
-0.0093619,-0.59214,-1.3478
-0.13388,-0.46735,-1.2569
-0.1982,-0.40553,-1.1625
-0.17876,-0.29313,-1.0679
-0.24831,-0.17701,-0.96207
-0.23111,-0.083216,-0.85502
-0.19072,0.067588,-0.73839
-0.21166,0.16092,-0.61528
-0.18175,0.33931,-0.48312
-0.084897,0.39578,-0.34635
-0.076297,0.58849,-0.21157
-0.034042,0.69687,-0.055761
-0.00038735,0.12077,0.012916
-0.033294,-0.0427,-0.0058706
-0.01871,0.067086,-0.001829
0.050094,-0.016277,-0.0023127
0.08861,0.030717,-0.0033325
0.07814,0.00016962,-0.0011917
0.12264,0.012133,-0.0033287
0.11217,0.010633,-0.0011392
0.095715,-0.003958,-0.0026314
0.09908,0.010746,-0.0015628
0.077766,-0.0026159,-0.0015703
0.09908,0.0059131,-0.0014279
0.14358,-0.0038156,-0.00089924
0.18883,-0.0059713,-0.0010267
0.20191,-0.0046216,-0.00048683
0.24379,-0.00083887,-0.00073803
0.27521,0.0021641,-0.00034062
0.26847,-0.0052477,2.6801e-05
0.2939,-0.0030058,4.1798e-05
0.29876,-0.00016405,0.00038672
0.28717,-0.0042205,0.00078413
0.2322,-0.0030958,0.0009416
0.17275,-0.00031775,0.0012753
0.13797,-0.0032345,0.0014027
0.085992,-0.0041267,0.0011291
0.07627,-0.0023572,0.0010578
0.081131,-0.0024959,0.0012153
0.074774,-0.0040405,0.0012678
0.02878,-0.0037031,0.0010728
-0.014223,-0.0035944,0.0011103
-0.04526,-0.0050678,0.001294
-0.090506,-0.005034,0.00099409
-0.042268,-0.004258,0.0010616
-0.025067,-0.0014237,0.0016914
-0.041521,-0.00063267,0.0022726
-0.015345,-0.0041043,0.0027449
-0.037781,-0.0022447,0.0033336
-0.048625,-0.0050303,0.0039222
-0.055356,-0.0019523,0.0041921
-0.050121,-0.00091385,0.0050057
-0.019084,-0.0055439,0.0049232
-0.025441,0.0047322,0.0059392
-0.03292,-0.0086968,0.0058905
-0.015719,0.004301,0.0058493
-0.0045007,-0.0095853,0.0070452
0.019805,-0.0014575,0.0057818
0.079261,-0.00023528,0.0084587
0.13984,-0.021095,0.0057405
0.17649,0.024868,0.0084399
0.2079,-0.043544,0.0070152
0.2079,0.037281,0.0068878
0.18957,-0.044953,0.010165
0.20266,0.01782,0.0028574
0.22061,0.0022541,0.016396
0.22435,-0.095104,-0.00875
0.22547,1.4248,0.10539
0.33354,2.2869,0.45835
0.32756,1.883,0.78844
0.26735,2.0262,1.0885
0.42441,2.0158,1.3818
0.51789,2.0979,1.6376
0.53098,2.2187,1.8884
0.65475,2.2649,2.1154
0.71196,2.3856,2.329
0.69888,2.4367,2.5221
0.84509,2.5232,2.6971
0.67495,2.5431,2.8558
0.50331,2.5769,2.9952
0.64092,2.5869,3.1203
0.47264,2.5785,3.228
0.45619,2.5636,3.3226
0.32531,2.5341,3.4031
0.070287,2.5149,3.4715
0.26698,2.45,3.5266
0.091228,2.3874,3.5676
-0.1107,2.3085,3.5988
-0.089385,2.2106,3.6194
-0.37246,2.1442,3.6306
-0.38779,2.0881,3.6337
-0.24494,2.0222,3.6265
-0.27561,1.9451,3.6089
-0.27374,1.8831,3.583
-0.046382,1.8124,3.5501
0.064304,1.7184,3.5081
0.075148,1.6476,3.4579
0.25838,1.5645,3.4004
-0.16791,1.4775,3.335
-0.5153,1.4169,3.2637
-0.42967,1.3352,3.1851
-0.66974,1.2506,3.0984
-0.57812,1.1715,3.0045
-0.45136,1.0855,2.9045
-0.56653,0.99376,2.8004
-0.37769,0.91386,2.6897
-0.32833,0.84793,2.578
-0.30851,0.72498,2.4618
-0.19222,0.62442,2.333
-0.23634,0.559,2.2049
-0.32571,0.44281,2.0734
-0.41808,0.34775,1.9339
-0.39751,0.24171,1.7911
-0.34815,0.12936,1.6418
-0.17389,-0.011737,1.4838
-0.00076128,-0.11557,1.3175
0.085245,-0.21752,1.1535
0.1993,-0.36943,0.97933
0.13722,-0.42883,0.80667
0.069165,-0.61196,0.62852
0.027658,-0.65136,0.44594
-0.018336,-0.85239,0.26739
-0.012353,-0.89908,0.064955
0.071035,-0.1589,-0.021846
0.2079,0.0084549,0.0016239
0.29016,-0.11065,-0.0043072
0.44049,-0.006961,-0.0031862
0.52051,-0.06615,-0.0023314
0.53995,-0.02108,-0.0047646
0.56314,-0.037722,-0.0024626
0.42964,-0.031562,-0.0054957
0.2868,-0.01934,-0.0034937
0.11179,-0.040308,-0.0054132
-0.044138,-0.02078,-0.0049558
-0.083776,-0.027307,-0.0049333
-0.065827,-0.019629,-0.0059044
0.011953,-0.024488,-0.0058181
0.073652,-0.018722,-0.0063993
0.12226,-0.01699,-0.0062306
0.11516,-0.023213,-0.0070254
0.11329,-0.016064,-0.0070666
0.054208,-0.02114,-0.007524
-0.038155,-0.019344,-0.0081989
-0.040773,-0.013559,-0.0080302
-0.071436,-0.018077,-0.0086675
-0.053113,-0.014069,-0.0092336
-0.061713,-0.01131,-0.0089112
-0.083028,-0.013229,-0.008885
-0.050869,-0.013132,-0.0091961
-0.01011,-0.0095591,-0.0089787
0.003352,-0.01089,-0.0087125
-0.041147,-0.015096,-0.0090537
-0.04339,-0.009754,-0.0095186
-0.10397,-0.023978,-0.010096
-0.11556,-0.027078,-0.010722
-0.047504,-0.0096753,-0.011633
-0.015345,-0.0085618,-0.011929
0.085992,-0.013083,-0.01236
0.17312,-0.0081982,-0.013305
0.22472,-0.012251,-0.013047
0.2696,-0.014973,-0.014306
0.28605,-0.0064436,-0.013579
0.26249,-0.02093,-0.014606
0.21126,-0.0030508,-0.014854
0.19593,-0.02529,-0.014512
0.11628,-0.0032382,-0.016413
0.057199,-0.013743,-0.013849
0.051964,-0.018403,-0.017913
0.039998,0.014959,-0.013493
0.094967,-0.054813,-0.018048
0.14545,0.0554,-0.015127
0.18583,-0.099262,-0.015285
0.23931,0.10317,-0.020534
0.2509,-0.24734,-0.0056044
0.20191,-1.877,-0.21061
0.25501,-2.099,-0.58698
0.21051,-1.7847,-0.90374
0.17237,-1.8962,-1.2154
0.4188,-1.7856,-1.5013
0.4618,-1.8845,-1.7649
0.51789,-1.879,-2.0214
0.6297,-1.9118,-2.2547
0.46442,-1.9376,-2.4791
0.44086,-1.9233,-2.6816
0.4977,-1.9577,-2.871
0.44572,-1.9421,-3.0436
0.42815,-1.9513,-3.2001
0.42553,-1.927,-3.3402
0.35934,-1.9299,-3.4636
0.25389,-1.9275,-3.5747
0.28867,-1.9062,-3.6697
0.35186,-1.8932,-3.7515
0.24978,-1.8615,-3.8186
0.16078,-1.8334,-3.8704
0.18471,-1.8113,-3.9096
0.17836,-1.7864,-3.9368
0.16003,-1.7517,-3.9524
0.18396,-1.7139,-3.9568
0.12264,-1.6748,-3.9506
0.085618,-1.6383,-3.9343
0.10095,-1.5963,-3.9081
-0.0018831,-1.5389,-3.8724
-0.10098,-1.4783,-3.8277
-0.12491,-1.4206,-3.774
-0.11219,-1.3713,-3.7115
-0.11593,-1.3247,-3.642
-0.19035,-1.2566,-3.5654
-0.17539,-1.1796,-3.4797
-0.19708,-1.1114,-3.3871
-0.38442,-1.0444,-3.289
-0.3934,-0.9759,-3.1854
-0.37657,-0.89245,-3.0741
-0.40761,-0.83033,-2.9575
-0.30029,-0.76068,-2.8402
-0.28421,-0.64941,-2.7142
-0.27224,-0.57573,-2.5797
-0.19035,-0.51209,-2.4461
-0.12678,-0.39843,-2.3067
-0.12453,-0.3089,-2.1586
-0.16305,-0.21391,-2.009
-0.22138,-0.078608,-1.8485
-0.35339,0.018259,-1.6805
-0.39639,0.13642,-1.5078
-0.36049,0.21897,-1.332
-0.23634,0.35747,-1.1538
-0.11294,0.45155,-0.9676
-0.048625,0.55233,-0.78716
0.08674,0.70298,-0.59218
0.12002,0.71731,-0.407
0.17873,1.0095,-0.20472
0.29727,0.64731,-0.018775
0.32793,-0.037665,0.0052119
0.30811,0.076728,-0.013598
0.28493,0.047846,-0.0026838
0.3111,0.011679,-0.0092411
0.26885,0.048832,-0.0047871
0.29615,-0.0027771,-0.0063918
0.3556,0.03793,-0.0055407
0.32569,0.0042823,-0.004191
0.3384,0.019278,-0.0055894
0.28081,0.012455,-0.0036361
0.1533,0.0038849,-0.0046184
0.030276,0.014997,-0.0033699
-0.034042,0.0030676,-0.0033924
-0.034416,0.0066217,-0.0029088
-0.02245,0.0035325,-0.0022377
0.031771,0.0041961,-0.002114
0.061686,0.0029814,-0.0016791
0.064304,0.0036937,-0.0012029
0.071035,0.0031201,-0.00083176
0.073278,-0.00011156,-0.00089924
0.095341,0.0037199,-5.568e-05
0.092349,0.0041023,0.00073164
0.024667,0.004556,0.0013653
-0.070688,0.0049571,0.0021901
-0.14921,0.0010956,0.0027337
-0.17427,-0.00055019,0.0033448
-0.17876,-0.0033994,0.003701
-0.1294,-0.0017874,0.0047545
-0.01871,-0.0041155,0.0049607
0.049346,0.0076226,0.0054706
0.048972,-0.0037668,0.0064266
0.039998,-0.0015399,0.0057855
0.071409,-0.0015437,0.0075289
0.0744,-0.011906,0.0060892
0.11105,0.013081,0.0083387
0.16489,-0.024008,0.0075364
0.14994,0.026154,0.0080013
0.15031,-0.025335,0.0098759
0.12226,0.013681,0.0060067
0.12413,0.0026702,0.013303
0.19182,-0.038531,0.0036297
0.19182,0.086097,0.016609
0.22472,-0.1983,-0.00053182
0.23407,0.94228,0.047263
0.22846,2.3196,0.3767
0.2767,1.9784,0.75536
0.22323,1.9447,1.0803
0.36832,1.9928,1.4185
0.53958,1.9359,1.7193
0.51714,2.0306,2.0111
0.5781,1.9945,2.2818
0.52088,2.0814,2.5393
0.44423,2.0977,2.7895
0.51826,2.1236,3.0203
0.58894,2.1493,3.2379
0.60016,2.1915,3.4415
0.59941,2.2431,3.6383
0.60091,2.2502,3.8213
0.53285,2.272,3.9886
0.53921,2.2771,4.1409
0.57847,2.2766,4.277
0.56127,2.274,4.397
0.51266,2.2785,4.5018
0.42441,2.2839,4.5919
0.3642,2.2828,4.6672
0.27633,2.2904,4.7288
0.25987,2.2922,4.7763
0.24043,2.2645,4.8108
0.12264,2.2342,4.8326
0.11217,2.2094,4.8416
0.096463,2.1724,4.8387
-0.030302,2.1166,4.8252
-0.14061,2.059,4.8025
-0.21204,2.0139,4.7701
-0.3216,1.9576,4.7278
-0.41434,1.8936,4.6779
-0.3919,1.8325,4.6211
-0.38143,1.7644,4.5551
-0.38928,1.6915,4.4805
-0.35114,1.625,4.3984
-0.36086,1.5597,4.3077
-0.36498,1.4906,4.2114
-0.37133,1.4096,4.1099
-0.38068,1.3248,4.0013
-0.38517,1.2434,3.8854
-0.46631,1.1712,3.7636
-0.50184,1.0998,3.6392
-0.50969,1.0061,3.5082
-0.52689,0.94559,3.3745
-0.50782,0.86506,3.2418
-0.4364,0.73896,3.0977
-0.36199,0.66923,2.9472
-0.35226,0.58622,2.7981
-0.31936,0.47769,2.6423
-0.28907,0.38,2.4805
-0.27972,0.27503,2.3143
-0.25018,0.14357,2.1405
-0.18025,0.029712,1.9565
-0.10285,-0.049059,1.7735
-0.038155,-0.19102,1.5852
0.00073447,-0.27349,1.3922
0.0070914,-0.41098,1.1991
0.050094,-0.51324,0.99858
0.10955,-0.62675,0.80281
0.17013,-0.76597,0.59376
0.21799,-0.79338,0.39695
0.26773,-1.0989,0.17969
0.2782,-0.6655,-0.010943
0.28044,0.019447,-0.02997
0.31522,-0.1127,-0.012046
0.31746,-0.069888,-0.022836
0.34962,-0.046813,-0.016068
0.33317,-0.076933,-0.020702
0.30923,-0.031794,-0.018655
0.2681,-0.06627,-0.019885
0.17798,-0.027123,-0.020582
0.1963,-0.047761,-0.01957
0.15255,-0.040507,-0.021505
0.10955,-0.036904,-0.020309
0.13685,-0.036901,-0.021696
0.10095,-0.027997,-0.021598
0.091975,-0.03506,-0.022337
0.073278,-0.027213,-0.022543
0.035137,-0.033586,-0.022506
0.047103,-0.030464,-0.023567
0.088984,-0.029485,-0.023525
0.091601,-0.029009,-0.023803
0.074026,-0.027123,-0.024568
0.073652,-0.031382,-0.025411
0.020553,-0.032747,-0.026637
-0.012353,-0.029084,-0.027545
-0.019832,-0.02857,-0.028141
-0.032546,-0.025177,-0.028651
-0.022824,-0.026891,-0.029175
-0.051243,-0.030089,-0.030105
-0.065827,-0.022216,-0.029588
-0.06994,-0.028713,-0.030923
-0.063583,-0.018137,-0.03111
-0.011232,-0.028934,-0.031237
0.045233,-0.012963,-0.032621
0.092349,-0.026107,-0.031155
0.12638,-0.024495,-0.033941
0.14358,-0.003152,-0.031342
0.13236,-0.049066,-0.034758
0.16041,0.018877,-0.032763
0.13273,-0.062469,-0.033266
0.12974,0.024722,-0.036655
0.16639,-0.050341,-0.028936
0.13722,-0.016806,-0.043359
0.14657,0.04482,-0.016357
0.035137,-1.4929,-0.14705
0.13311,-2.2553,-0.53178
0.19556,-1.8496,-0.88693
0.13947,-2.0128,-1.2159
0.49209,-1.962,-1.5439
0.53472,-1.9967,-1.8364
0.52612,-2.0348,-2.1228
0.68803,-2.0318,-2.3848
0.52612,-2.1235,-2.6417
0.49321,-2.1166,-2.8843
0.54407,-2.1587,-3.1098
0.50929,-2.1779,-3.322
0.49583,-2.2333,-3.5229
0.53135,-2.2648,-3.7162
0.5493,-2.2758,-3.8931
0.50032,-2.2965,-4.0558
0.54706,-2.2957,-4.2027
0.5235,-2.303,-4.3341
0.47227,-2.2951,-4.4493
0.41394,-2.2881,-4.5477
0.33354,-2.285,-4.6322
0.33317,-2.2818,-4.7033
0.31073,-2.2799,-4.7618
0.37093,-2.2622,-4.8076
0.36345,-2.2337,-4.8397
0.3399,-2.2029,-4.8579
0.31036,-2.1706,-4.864
0.1993,-2.1358,-4.8593
0.11366,-2.0874,-4.8442
-0.088263,-2.037,-4.8193
-0.17315,-1.9941,-4.7842
-0.24831,-1.9414,-4.7396
-0.37433,-1.89,-4.6874
-0.31823,-1.8327,-4.6269
-0.31749,-1.7597,-4.5581
-0.32497,-1.6975,-4.4812
-0.26663,-1.6285,-4.3957
-0.19147,-1.5601,-4.3043
-0.16978,-1.4862,-4.2073
-0.22138,-1.397,-4.1024
-0.2442,-1.324,-3.9907
-0.31637,-1.2486,-3.8736
-0.37283,-1.1714,-3.7516
-0.37582,-1.0805,-3.6243
-0.38592,-1.0037,-3.4904
-0.3833,-0.94646,-3.3568
-0.37769,-0.83403,-3.2189
-0.38442,-0.73935,-3.0702
-0.40237,-0.67464,-2.9211
-0.40274,-0.57288,-2.7691
-0.40574,-0.46711,-2.6099
-0.40611,-0.36727,-2.4457
-0.39377,-0.26313,-2.2765
-0.33955,-0.11972,-2.0977
-0.25803,-0.026632,-1.9116
-0.19708,0.081062,-1.7261
-0.092002,0.20212,-1.5329
-0.0015092,0.28985,-1.3411
0.064678,0.44708,-1.1421
0.10693,0.51131,-0.94348
0.10955,0.69293,-0.74226
0.11703,0.73893,-0.53378
0.11179,0.89939,-0.33605
0.14732,1.0285,-0.10812
0.16676,0.24505,0.011102
0.20229,-0.042063,-0.011569
0.2681,0.1236,-0.0089187
0.29802,0.002434,-0.0067554
0.32868,0.056067,-0.0094136
0.3212,0.016662,-0.0054507
0.3298,0.026371,-0.008555
0.30886,0.028673,-0.0049333
0.27221,0.0050658,-0.0067629
0.27707,0.025607,-0.0052258
0.22958,-0.00089885,-0.0049558
0.19331,0.014914,-0.0048734
0.14246,0.0078963,-0.0039661
0.11366,0.010652,-0.0043522
0.14919,0.0056394,-0.0031412
0.11666,-0.0028596,-0.0034074
0.083375,0.010926,-0.0024027
0.069539,0.00036831,-0.001934
0.054208,-0.00081262,-0.0019378
0.050842,0.011664,-0.00059181
0.028406,0.0085786,0.00076164
0.051964,0.0070865,0.0016239
0.064304,0.0094297,0.0026925
0.057947,0.00056326,0.0033223
0.068043,0.00342,0.0037535
0.046729,0.00034582,0.0043496
0.057947,0.0051258,0.004762
0.031397,-0.00030651,0.0059205
0.003726,-0.0045729,0.0052719
0.019431,0.0081513,0.0070565
0.0052217,-0.013308,0.0062654
0.0070914,0.016639,0.0071502
0.016814,-0.0191,0.0080725
0.052338,0.013509,0.0064754
0.081879,-0.0027621,0.010442
0.10058,-0.011763,0.0052644
0.12077,0.037442,0.012433
0.13685,-0.069195,0.0054219
0.12638,0.10651,0.01205
0.13348,-0.18209,0.0084849
0.14134,0.50322,0.011361
0.14507,2.1867,0.28379
0.28867,2.1447,0.68362
0.27932,1.9522,1.0168
0.3025,2.0934,1.3612
0.48237,2.0035,1.6745
0.44086,2.1199,1.9712
0.46255,2.099,2.2537
0.50406,2.1703,2.5169
0.47414,2.2041,2.7729
0.56875,2.2361,3.0096
0.66335,2.3071,3.241
0.69439,2.3159,3.4574
0.73777,2.3424,3.6578
0.8148,2.3731,3.8463
0.78077,2.4259,4.0255
0.7688,2.4503,4.1945
0.78451,2.4633,4.3483
0.69514,2.4735,4.488
0.66261,2.4703,4.6122
0.58744,2.4597,4.7201
0.53135,2.4545,4.8128
0.52537,2.4361,4.8915
0.51789,2.4211,4.9564
0.53734,2.4192,5.0089
0.47302,2.3958,5.0503
0.42029,2.3621,5.0789
0.347,2.3161,5.0944
0.2408,2.2754,5.0979
0.084497,2.2319,5.0887
-0.09462,2.1849,5.07
-0.22176,2.1402,5.043
-0.39601,2.0777,5.0051
-0.46295,2.0242,4.9577
-0.44276,1.968,4.9025
-0.45659,1.8996,4.8397
-0.48165,1.8295,4.7697
-0.48725,1.755,4.6915
-0.42107,1.6849,4.6055
-0.42256,1.6059,4.5118
-0.45024,1.5325,4.4116
-0.44425,1.4663,4.3076
-0.49773,1.3792,4.197
-0.52988,1.2877,4.0785
-0.51156,1.2118,3.9539
-0.50259,1.1366,3.8255
-0.52278,1.0466,3.6922
-0.54073,0.97939,3.5539
-0.56017,0.91403,3.4172
-0.59532,0.79254,3.2731
-0.60131,0.70229,3.1185
-0.59757,0.63658,2.9657
-0.58971,0.52535,2.808
-0.56316,0.43161,2.6439
-0.50483,0.32871,2.4763
-0.41172,0.21398,2.3014
-0.2958,0.090382,2.118
-0.17389,-0.0045091,1.929
-0.1021,-0.11521,1.7402
-0.044886,-0.242,1.543
0.0029781,-0.31705,1.347
0.028406,-0.47021,1.1455
0.046355,-0.54333,0.94231
0.057199,-0.70846,0.73898
0.075522,-0.77441,0.52639
0.082627,-0.90951,0.32652
0.12713,-1.0985,0.095477
0.20042,-0.36064,-0.042965
0.26249,0.026604,-0.02561
0.3227,-0.15061,-0.024009
0.3657,-0.038306,-0.028193
0.35747,-0.080044,-0.02381
0.31185,-0.050854,-0.028587
0.31409,-0.050393,-0.024969
0.29241,-0.066589,-0.028317
0.22547,-0.03518,-0.026761
0.21164,-0.056114,-0.027537
0.18658,-0.032634,-0.028302
0.15928,-0.047409,-0.027953
0.12974,-0.046371,-0.029243
0.084871,-0.040035,-0.028744
0.054582,-0.037568,-0.029607
0.026536,-0.034677,-0.029554
0.029154,-0.036548,-0.030401
0.011579,-0.032668,-0.030784
-0.0063704,-0.040278,-0.030893
0.019431,-0.037594,-0.032662
0.050842,-0.031303,-0.033566
0.081131,-0.035693,-0.034308
0.12301,-0.032627,-0.035733
0.14657,-0.027022,-0.035961
0.13909,-0.029538,-0.036734
0.099828,-0.023719,-0.03679
0.029902,-0.034449,-0.037656
-0.0033789,-0.022966,-0.038413
-0.044512,-0.029316,-0.037791
-0.066948,-0.026962,-0.039801
-0.047504,-0.019048,-0.038177
-0.060965,-0.039401,-0.040719
-0.016093,-0.0021248,-0.039159
0.032519,-0.049955,-0.040359
0.092349,-0.0013,-0.041626
0.14545,-0.04979,-0.038297
0.15442,-0.012525,-0.044929
0.17836,-0.0081082,-0.035144
0.12638,-0.094219,-0.050073
0.16415,0.14818,-0.028583
0.087488,-1.0855,-0.095963
0.12189,-2.2673,-0.45024
0.27483,-1.9382,-0.8323
0.1462,-2.0366,-1.1645
0.44011,-2.0679,-1.5049
0.62372,-2.0536,-1.8056
0.58857,-2.1492,-2.1
0.83125,-2.1261,-2.3719
0.73627,-2.2227,-2.6323
0.70037,-2.2282,-2.8809
0.7804,-2.2982,-3.1141
0.7804,-2.3382,-3.3417
0.83424,-2.3463,-3.5509
0.85182,-2.3835,-3.7468
0.95428,-2.4169,-3.9314
0.90193,-2.4588,-4.1075
0.90716,-2.4654,-4.2715
0.94007,-2.4767,-4.4203
0.832,-2.4802,-4.5556
0.82639,-2.4693,-4.6755
0.74712,-2.457,-4.7795
0.70149,-2.4416,-4.8683
0.68168,-2.4247,-4.9439
0.69289,-2.4065,-5.0064
0.70785,-2.3873,-5.0569
0.68878,-2.3594,-5.0964
0.69177,-2.3231,-5.123
0.57323,-2.2846,-5.1362
0.43338,-2.2418,-5.1376
0.18022,-2.1985,-5.1277
0.013448,-2.1534,-5.1078
-0.14996,-2.102,-5.0784
-0.42294,-2.0467,-5.0388
-0.44612,-1.9908,-4.9902
-0.51193,-1.9376,-4.9333
-0.55868,-1.8763,-4.8682
-0.52727,-1.8109,-4.7953
-0.51007,-1.7438,-4.7142
-0.47491,-1.6656,-4.6253
-0.53475,-1.6015,-4.5298
-0.50221,-1.5319,-4.4295
-0.5497,-1.443,-4.3219
-0.62711,-1.3702,-4.2069
-0.63421,-1.2887,-4.087
-0.68993,-1.2107,-3.9618
-0.72658,-1.1325,-3.8324
-0.77594,-1.0373,-3.6962
-0.75649,-0.97824,-3.5572
-0.79538,-0.89231,-3.4177
-0.82642,-0.77457,-3.2672
-0.78715,-0.70707,-3.1128
-0.8066,-0.61468,-2.9594
-0.79314,-0.50571,-2.7976
-0.72957,-0.41805,-2.6315
-0.5856,-0.30534,-2.4603
-0.47491,-0.183,-2.2807
-0.33656,-0.064553,-2.0924
-0.1881,0.018813,-1.9028
-0.13725,0.15172,-1.7102
-0.059096,0.24546,-1.5106
-0.015345,0.36038,-1.3133
0.028406,0.49024,-1.1068
0.047477,0.56501,-0.90565
0.047851,0.75076,-0.69446
0.06206,0.76143,-0.48679
0.066922,1.0306,-0.2765
0.1462,0.87731,-0.05476
0.22024,0.049207,0.010543
0.32494,0.028201,-0.016601
0.44647,0.095042,-0.005402
0.47938,0.0029551,-0.0096873
0.47077,0.062504,-0.0078502
0.4431,0.0047284,-0.0069017
0.41805,0.032659,-0.0081089
0.34999,0.0055532,-0.0051283
0.29652,0.012526,-0.0072241
0.26174,0.020654,-0.0049521
0.15517,0.0047509,-0.0055482
0.10245,0.014843,-0.0045922
0.064304,0.0047509,-0.0043522
0.013074,0.013542,-0.0039286
-0.0037528,-0.00022403,-0.0033287
-0.029928,0.0052645,-0.0034824
-0.014971,0.0078513,-0.0020765
-0.028433,-0.0018886,-0.0022752
-0.030676,0.0079263,-0.0014616
0.01831,0.0068616,0.00033423
0.054956,0.0043273,0.0010766
0.12301,0.0085899,0.0022651
0.14807,0.0037049,0.0032511
0.15517,0.0051033,0.0036635
0.14246,-0.0005277,0.0041584
0.079635,0.0036375,0.0043533
0.029902,0.0053507,0.0057518
-0.038155,-0.0097615,0.0049007
-0.097237,0.01127,0.0064229
-0.13426,-0.012191,0.0066028
-0.12453,0.011492,0.0061717
-0.09462,-0.0055439,0.0087474
-0.064705,-0.0010975,0.0058418
0.01831,0.012688,0.010348
0.10805,-0.031315,0.0058268
0.17761,0.047516,0.010498
0.2322,-0.071178,0.0082562
0.21799,0.084702,0.0074502
0.22248,-0.11178,0.014622
0.2251,0.19578,-0.0043035
0.17948,1.9434,0.20634
0.29951,2.254,0.60921
0.31896,1.9279,0.95035
0.33616,2.1119,1.2921
0.56389,2.0216,1.6142
0.54631,2.1236,1.9097
0.56688,2.1347,2.1973
0.68018,2.1778,2.4614
0.63942,2.2345,2.7199
0.73702,2.2505,2.959
0.85743,2.3293,3.1904
0.86939,2.3364,3.4109
0.89407,2.3616,3.6141
0.97036,2.3863,3.8044
0.98494,2.433,3.9849
0.95615,2.4555,4.1571
0.99541,2.4494,4.3149
0.96213,2.4665,4.4587
0.8851,2.463,4.5881
0.82041,2.4407,4.7011
0.76918,2.427,4.7986
0.72505,2.4058,4.8831
0.71196,2.3824,4.9537
0.7445,2.3636,5.012
0.72057,2.3358,5.0585
0.71982,2.3006,5.0916
0.64092,2.2644,5.1134
0.52537,2.2214,5.1227
0.38253,2.1718,5.1194
0.093845,2.131,5.1062
-0.081532,2.0762,5.083
-0.31113,2.0189,5.0499
-0.54858,1.97,5.0077
-0.56242,1.9075,4.9569
-0.63608,1.8506,4.8977
-0.69143,1.7892,4.8313
-0.63459,1.7196,4.7565
-0.59831,1.6504,4.6733
-0.56055,1.5701,4.5824
-0.5497,1.5005,4.4845
-0.57289,1.4374,4.3824
-0.60542,1.3555,4.2741
-0.66076,1.2685,4.1576
-0.69816,1.1919,4.0346
-0.76659,1.1219,3.9077
-0.86045,1.0335,3.7768
-0.86867,0.95639,3.6396
-0.90195,0.90309,3.5023
-0.95692,0.79502,3.3614
-0.93262,0.69107,3.2088
-0.93897,0.63577,3.0553
-0.93037,0.53051,2.9001
-0.84997,0.43571,2.7367
-0.7535,0.34253,2.5704
-0.62823,0.21778,2.3964
-0.47155,0.11462,2.2146
-0.31936,0.0075327,2.0262
-0.20493,-0.084476,1.837
-0.1021,-0.2149,1.6423
-0.022824,-0.29554,1.4431
0.032893,-0.42848,1.245
0.075148,-0.53695,1.0374
0.083749,-0.62981,0.83624
0.077392,-0.79016,0.62297
0.067295,-0.80592,0.41892
0.081505,-1.104,0.20061
0.15779,-0.76473,-0.0055445
0.26922,-0.010755,-0.039797
0.37206,-0.099243,-0.017441
0.48087,-0.090504,-0.029318
0.54182,-0.039784,-0.022746
0.52275,-0.0856,-0.026566
0.51415,-0.032983,-0.025201
0.47676,-0.069123,-0.025726
0.40347,-0.034854,-0.027271
0.35598,-0.049673,-0.025464
0.25875,-0.045681,-0.027796
0.16078,-0.03735,-0.026855
0.088236,-0.045407,-0.027961
-0.002257,-0.033883,-0.027758
-0.065079,-0.038037,-0.028407
-0.10584,-0.030599,-0.028737
-0.093872,-0.036166,-0.028819
-0.09462,-0.034228,-0.029944
-0.11369,-0.032522,-0.02976
-0.078166,-0.03873,-0.03114
-0.040399,-0.033969,-0.032621
0.030276,-0.031869,-0.033153
0.091975,-0.033062,-0.034559
0.12787,-0.027922,-0.035035
0.14956,-0.032514,-0.035523
0.12114,-0.029365,-0.03607
0.0744,-0.032788,-0.036543
0.0089611,-0.02505,-0.037604
-0.061339,-0.028608,-0.036801
-0.13127,-0.033197,-0.038807
-0.13949,-0.01501,-0.037604
-0.13239,-0.045055,-0.039043
-0.10659,-0.0044454,-0.039178
-0.03292,-0.042985,-0.038368
0.032519,-0.010624,-0.041574
0.11965,-0.024885,-0.036674
0.19481,-0.047147,-0.044266
0.26361,0.029172,-0.03535
0.26137,-0.12209,-0.045646
0.30736,0.16958,-0.035467
0.24791,-0.71117,-0.057384
0.22098,-2.1897,-0.36381
0.40571,-2.0105,-0.76107
0.26361,-1.9794,-1.093
0.42403,-2.0992,-1.437
0.68766,-2.0341,-1.7446
0.61624,-2.1542,-2.0397
0.87687,-2.1234,-2.3171
0.88173,-2.2104,-2.5778
0.79797,-2.2307,-2.8306
0.90118,-2.2778,-3.0654
0.86865,-2.3421,-3.2958
0.9296,-2.3442,-3.5102
0.93408,-2.3722,-3.7095
1.0066,-2.3972,-3.8965
0.98793,-2.4413,-4.0748
0.9296,-2.4545,-4.243
0.96363,-2.4602,-4.3961
0.85369,-2.4613,-4.5361
0.82976,-2.4494,-4.661
0.7617,-2.4337,-4.7701
0.72131,-2.4136,-4.8642
0.69813,-2.3972,-4.9446
0.66522,-2.3748,-5.0125
0.69028,-2.3503,-5.0677
0.6383,-2.3242,-5.1112
0.61773,-2.2866,-5.1423
0.5336,-2.2435,-5.1604
0.44796,-2.1999,-5.1665
0.25913,-2.1571,-5.1612
0.05159,-2.1121,-5.1457
-0.095368,-2.0608,-5.1206
-0.3818,-2.0055,-5.0855
-0.57887,-1.9474,-5.0408
-0.72246,-1.8896,-4.988
-0.74752,-1.8291,-4.9279
-0.6817,-1.7636,-4.8591
-0.64094,-1.6934,-4.7822
-0.56391,-1.619,-4.6971
-0.58448,-1.5517,-4.6047
-0.50109,-1.4852,-4.5072
-0.4349,-1.4035,-4.4028
-0.49773,-1.3262,-4.2912
-0.51306,-1.2513,-4.174
-0.58784,-1.1729,-4.0506
-0.71124,-1.0992,-3.923
-0.84399,-1.0099,-3.7896
-0.88587,-0.94628,-3.6515
-0.9012,-0.88024,-3.5144
-0.90158,-0.76027,-3.3689
-0.83763,-0.68465,-3.2141
-0.83913,-0.61591,-3.0611
-0.82978,-0.50228,-2.9025
-0.78902,-0.41874,-2.737
-0.709,-0.31446,-2.5677
-0.57214,-0.1975,-2.39
-0.40798,-0.075148,-2.2039
-0.2599,0.01376,-2.0123
-0.15034,0.10948,-1.8211
-0.034042,0.24524,-1.6214
0.029528,0.31304,-1.422
0.093471,0.46705,-1.2185
0.13647,0.54268,-1.0112
0.12974,0.69296,-0.80646
0.12152,0.78399,-0.58942
0.055703,0.86714,-0.3877
0.014944,1.1103,-0.15576
0.028406,0.433,0.003836
0.10656,-0.068677,-0.0058519
0.27334,0.12218,-0.012289
0.41992,0.016549,-0.0047759
0.51752,0.042991,-0.010741
0.5336,0.036048,-0.005372
0.53173,0.013805,-0.0084501
0.53322,0.037296,-0.0053345
0.44909,-0.0001303,-0.0063655
0.39748,0.024306,-0.0059119
0.2939,0.0074727,-0.0044797
0.15106,0.0095946,-0.0053233
0.07627,0.0083537,-0.0038986
-0.04526,0.00832,-0.0039286
-0.090506,0.0081175,-0.0032425
-0.087141,0.0031838,-0.0032012
-0.075549,0.0082037,-0.0022339
-0.04339,0.0017442,-0.0019003
-0.043016,0.0081925,-0.0018365
-1.3407e-05,0.012095,-0.0001794
0.017936,0.0051933,0.0010578
0.068043,0.0041998,0.0015527
0.13797,0.0043123,0.0030636
0.17462,-0.003092,0.0035548
0.23033,0.005422,0.0038809
0.20902,0.0033225,0.0050544
0.14246,0.0035625,0.004852
0.075148,0.00099815,0.0060855
-0.013101,-0.002091,0.0055718
-0.061339,0.011675,0.0072177
-0.099107,-0.014422,0.0069328
-0.14099,0.016778,0.0073639
-0.10958,-0.014054,0.0087211
-0.08415,0.010787,0.0066928
-0.03292,0.00036457,0.010817
0.068417,-0.020476,0.0058755
0.10432,0.038871,0.012403
0.21126,-0.070923,0.0062692
0.25576,0.10584,0.011237
0.24417,-0.1685,0.010472
0.2509,0.42765,0.0074989
0.19369,2.1312,0.26605
0.34364,2.1473,0.66687
0.34625,1.933,1.0001
0.35074,2.0926,1.3423
0.54968,1.9961,1.6559
0.47227,2.116,1.9512
0.55491,2.0919,2.2333
0.65139,2.1564,2.4945
0.62259,2.196,2.7493
0.77853,2.2274,2.9857
0.86416,2.292,3.2167
0.9124,2.2793,3.4308
0.93371,2.3194,3.6295
0.97223,2.3429,3.8192
0.96101,2.3783,3.9988
0.91165,2.3905,4.1673
0.94755,2.377,4.3201
0.85668,2.3786,4.4597
0.78301,2.3606,4.5835
0.71645,2.3427,4.6906
0.6469,2.3244,4.7845
0.62521,2.3018,4.8642
0.5953,2.2789,4.9305
0.61474,2.2538,4.986
0.58744,2.2219,5.0284
0.55828,2.1744,5.0582
0.48835,2.1371,5.0762
0.39786,2.0862,5.0805
0.25987,2.0367,5.0742
0.061686,2.002,5.0593
-0.077793,1.9482,5.0338
-0.29131,1.8957,4.9985
-0.43715,1.8442,4.9545
-0.51156,1.783,4.9017
-0.62187,1.711,4.8409
-0.65441,1.6506,4.7724
-0.68208,1.5873,4.6953
-0.67048,1.5069,4.6096
-0.67235,1.4459,4.5165
-0.67722,1.3845,4.4181
-0.61589,1.3127,4.3149
-0.62337,1.233,4.2033
-0.62898,1.1466,4.0843
-0.62486,1.0814,3.9604
-0.65964,1.0068,3.8323
-0.7019,0.92511,3.6979
-0.75051,0.87154,3.5616
-0.79314,0.77952,3.4244
-0.82903,0.66717,3.2757
-0.8137,0.60794,3.1224
-0.77332,0.52478,2.9699
-0.75051,0.42167,2.8092
-0.6903,0.34167,2.6442
-0.59831,0.23242,2.4737
-0.51119,0.12086,2.2948
-0.3762,0.0062543,2.1086
-0.23746,-0.072145,1.9186
-0.1552,-0.18838,1.7269
-0.09462,-0.29424,1.5274
-0.050869,-0.38281,1.3306
0.016066,-0.53177,1.1246
0.071409,-0.59308,0.92027
0.092723,-0.77117,0.71179
0.11591,-0.79434,0.49916
0.13348,-0.99232,0.29398
0.16452,-1.0341,0.062342
0.21201,-0.20929,-0.042346
0.27034,-0.0078083,-0.01644
0.32157,-0.14247,-0.022367
0.39075,-0.026392,-0.022052
0.42515,-0.086144,-0.020399
0.40047,-0.038273,-0.023619
0.4001,-0.057914,-0.020744
0.37916,-0.050003,-0.024249
0.34738,-0.037767,-0.022101
0.30587,-0.052208,-0.023792
0.22958,-0.028214,-0.023668
0.17424,-0.045673,-0.023915
0.081879,-0.034213,-0.02471
-0.019084,-0.035652,-0.024583
-0.066948,-0.033249,-0.025434
-0.081532,-0.035281,-0.025344
-0.089011,-0.037156,-0.026589
-0.12528,-0.02679,-0.02642
-0.10546,-0.03464,-0.026634
-0.044512,-0.03536,-0.028384
-0.012353,-0.027667,-0.029314
0.057947,-0.032109,-0.0303
0.13012,-0.030707,-0.031485
0.17237,-0.024975,-0.031582
0.17536,-0.029849,-0.032471
0.13161,-0.02144,-0.032895
0.088984,-0.028844,-0.033453
0.032893,-0.019558,-0.034031
-0.0089879,-0.0283,-0.033491
-0.058348,-0.029909,-0.035575
-0.0662,-0.018321,-0.033971
-0.04713,-0.038396,-0.036336
-0.049747,0.0024528,-0.03535
-0.011605,-0.047499,-0.03586
0.038502,0.0037612,-0.03772
0.10506,-0.040185,-0.033918
0.14881,-0.022804,-0.041162
0.17387,0.011537,-0.031241
0.17686,-0.10139,-0.044719
0.22884,0.17427,-0.026499
0.16639,-0.97063,-0.078923
0.19556,-2.26,-0.41911
0.38028,-1.9447,-0.80478
0.25763,-2.0008,-1.1344
0.49321,-2.0593,-1.4749
0.70748,-2.0247,-1.7771
0.64166,-2.1217,-2.0706
0.91614,-2.0928,-2.3425
0.84808,-2.1828,-2.6019
0.78152,-2.1882,-2.8511
0.87051,-2.2566,-3.0854
0.82377,-2.2845,-3.3135
0.91202,-2.2809,-3.5213
0.9038,-2.3258,-3.7178
0.95016,-2.3505,-3.9047
0.92212,-2.3815,-4.0818
0.87463,-2.3803,-4.2463
0.86752,-2.383,-4.3952
0.74525,-2.3741,-4.5304
0.71608,-2.3523,-4.6496
0.611,-2.3391,-4.7534
0.55416,-2.3169,-4.8431
0.52425,-2.2929,-4.9191
0.51864,-2.2726,-4.983
0.53659,-2.2464,-5.0352
0.49097,-2.2099,-5.0753
0.51153,-2.1653,-5.102
0.41842,-2.1199,-5.1159
0.33242,-2.0759,-5.1182
0.16788,-2.0296,-5.1098
-0.0093619,-1.9834,-5.0922
-0.1365,-1.9318,-5.0647
-0.38779,-1.8755,-5.0268
-0.42668,-1.8248,-4.9805
-0.55643,-1.7708,-4.9263
-0.6402,-1.7068,-4.8636
-0.66301,-1.6388,-4.7927
-0.74191,-1.5693,-4.7136
-0.62823,-1.5021,-4.6263
-0.72807,-1.4378,-4.5325
-0.82455,-1.3632,-4.433
-2.2156,-1.2871,-4.3262
-5.4879,-1.214,-4.2132
-12.15,-1.134,-4.0943
-20.86,-1.06,-3.9705
-24.817,-0.97311,-3.8417
-23.462,-0.89815,-3.706
-17.81,-0.83229,-3.5704
-12.596,-0.70295,-3.4308
-10.409,-0.58886,-3.2807
-5.2868,-0.51899,-3.1313
1.2037,-0.40251,-2.9799
8.2098,-0.30405,-2.8195
16.107,-0.21519,-2.6564
18.684,-0.091272,-2.4854
16.662,0.0037837,-2.3053
14.177,0.10534,-2.1185
11.651,0.18396,-1.9291
11.367,0.3001,-1.7359
12.878,0.37806,-1.5358
12.189,0.4753,-1.3379
7.972,0.59792,-1.13
2.2522,0.65836,-0.92665
-3.6138,0.82863,-0.71277
-8.0393,0.81418,-0.50137
-8.4409,1.067,-0.28872
-6.0746,0.92445,-0.060211
-2.4736,0.067539,0.012189
1.7646,0.02894,-0.015768
5.7014,0.098416,-0.0046784
9.624,0.0015005,-0.0086225
14.045,0.070981,-0.0072803
17.731,0.008065,-0.0060468
18.539,0.036786,-0.0076215
15.981,0.015466,-0.0043672
9.9269,0.01665,-0.0064105
2.2642,0.021397,-0.0041685
-4.4256,0.0051146,-0.0048734
-9.3133,0.019128,-0.0039211
-11.49,0.0070528,-0.0034599
-11.678,0.012744,-0.0034149
-11.163,0.0058606,-0.0026838
-10.464,0.0088111,-0.0025564
-9.2658,0.0049534,-0.0015478
-7.2858,0.00099065,-0.0015516
-4.9869,0.010716,-0.00059931
-1.9288,0.010656,0.0010916
0.79236,0.0060368,0.0019726
1.9209,0.0047059,0.0029362
1.8712,0.0027414,0.0040572
0.82003,0.0022391,0.0040946
-0.45547,0.0017854,0.0052456
-1.3043,-0.0044567,0.0054593
-2.06,0.0037349,0.0062204
-3.4417,-0.0066948,0.0065391
-5.4517,0.0066329,0.0066741
-7.3688,-0.0086331,0.0082
-8.0539,-0.0038981,0.0067453
-6.7159,0.00046954,0.0096959
-3.7955,-0.022579,0.0072702
0.48311,0.023665,0.010266
5.1454,-0.040057,0.009141
8.961,0.040505,0.0087886
11.641,-0.040383,0.012823
12.905,0.022083,0.0045558
12.623,0.009126,0.01986
11.128,-0.10038,-0.0070666
8.872,1.4305,0.11032
5.7781,2.3085,0.49132
2.0806,1.8776,0.85442
-1.5391,1.9882,1.1888
-3.9903,1.9349,1.5246
-4.8657,1.9594,1.8249
-4.5882,1.9932,2.1206
-3.303,1.9688,2.3919
-1.7729,2.0426,2.6555
-0.53175,2.0315,2.9049
0.36757,2.09,3.1443
1.1297,2.0742,3.3733
1.9834,2.0841,3.5826
2.4399,2.1215,3.784
2.2593,2.1235,3.9754
1.225,2.1291,4.1565
-0.49249,2.121,4.3233
-2.25,2.1174,4.4753
-3.8549,2.0904,4.6133
-4.9424,2.0605,4.7342
-5.5444,2.0424,4.8402
-5.9239,2.0155,4.9332
-5.9109,1.9887,5.0128
-5.375,1.9612,5.0802
-4.2637,1.9299,5.1355
-2.4938,1.8959,5.1779
0.089358,1.8425,5.208
3.0117,1.7915,5.2248
5.5418,1.7565,5.2299
7.2495,1.7094,5.2248
7.6792,1.6602,5.2091
7.054,1.6144,5.1839
5.968,1.5636,5.1493
4.4633,1.5105,5.1051
2.5667,1.4549,5.053
0.71271,1.401,4.9933
-0.91093,1.3387,4.9238
-2.1356,1.2718,4.8452
-2.5454,1.2112,4.7588
-2.1176,1.1609,4.6659
-1.2052,1.1017,4.5676
-0.19783,1.0288,4.4616
0.50106,0.95994,4.3474
0.66485,0.89409,4.2269
0.53434,0.82723,4.1016
0.23258,0.7531,3.9702
-0.17277,0.70589,3.8352
-0.54708,0.64137,3.6994
-0.884,0.5348,3.5546
-1.1431,0.47186,3.4016
-1.3417,0.4186,3.2489
-1.5563,0.32179,3.0905
-1.7672,0.24001,2.9242
-1.8503,0.16204,2.7554
-1.9553,0.043711,2.5766
-2.0593,-0.040267,2.3893
-2.1131,-0.13235,2.1981
-2.195,-0.21356,2.0019
-1.8813,-0.31038,1.8039
-1.1592,-0.40832,1.5985
-0.34105,-0.48768,1.3943
0.53472,-0.62849,1.1814
1.0481,-0.67423,0.97058
1.0197,-0.84023,0.75627
0.68055,-0.85964,0.53469
0.10394,-1.0176,0.32498
-0.57588,-1.1076,0.083794
-1.0298,-0.27077,-0.039287
-1.0388,0.0064642,-0.014805
-0.80585,-0.1526,-0.018475
-0.21765,-0.028094,-0.01993
0.66261,-0.088033,-0.017054
1.4423,-0.040005,-0.02113
2.253,-0.048789,-0.017587
2.7402,-0.050952,-0.021261
2.7671,-0.033706,-0.019368
2.5387,-0.051297,-0.020871
1.8693,-0.025976,-0.021059
1.1341,-0.045924,-0.021118
0.525,-0.03419,-0.022206
0.033267,-0.034827,-0.021752
-0.24681,-0.035971,-0.022652
-0.29916,-0.030632,-0.022854
-0.20904,-0.031292,-0.023544
-0.31487,-0.028941,-0.023548
-0.39003,-0.037118,-0.024815
-0.44014,-0.030272,-0.026439
-0.65889,-0.026996,-0.026768
-0.77182,-0.03275,-0.028332
-0.81931,-0.024919,-0.029183
-0.79725,-0.02983,-0.029322
-0.61402,-0.023689,-0.030315
-0.35189,-0.021878,-0.0303
-0.1623,-0.025942,-0.031567
-0.13687,-0.014804,-0.031046
-0.10472,-0.032079,-0.032396
-0.050121,-0.007081,-0.032538
-0.35114,-0.031412,-0.03228
-0.77519,-0.0093829,-0.034548
-0.98871,-0.017451,-0.031796
-1.2011,-0.030838,-0.036295
-1.1375,0.0066367,-0.031702
-0.79875,-0.068314,-0.036745
-0.22662,0.053289,-0.033761
0.43637,-0.10581,-0.033738
0.94942,0.095364,-0.040209
1.3981,-0.23671,-0.022554
1.4595,-1.9108,-0.24028
1.4931,-2.1422,-0.64527
1.3963,-1.8493,-0.98653
1.0997,-2.0241,-1.3288
1.0537,-1.9143,-1.6506
0.83499,-1.9996,-1.9479
0.78152,-1.9774,-2.2366
0.88921,-2.0066,-2.5023
0.88136,-2.0435,-2.763
1.1083,-2.0539,-3.0062
1.2452,-2.1137,-3.2438
1.1211,-2.0866,-3.4664
0.88921,-2.1127,-3.6726
0.61624,-2.1333,-3.8706
0.2494,-2.1507,-4.0585
-0.093498,-2.1525,-4.2355
-0.13276,-2.1426,-4.397
0.0074654,-2.1347,-4.545
0.16228,-2.1065,-4.6774
0.27558,-2.0846,-4.7943
0.42628,-2.0585,-4.8969
0.52612,-2.0305,-4.9849
0.55229,-2.0054,-5.0606
0.5321,-1.9799,-5.1244
0.32307,-1.944,-5.1763
0.10506,-1.8998,-5.215
-0.18511,-1.857,-5.2407
-0.46295,-1.8125,-5.2542
-0.54746,-1.7681,-5.2563
-0.51343,-1.721,-5.2487
-0.3231,-1.671,-5.2308
-0.25803,-1.6193,-5.2022
-0.35152,-1.5693,-5.1641
-0.51343,-1.5233,-5.1176
-0.75387,-1.4681,-5.0631
-0.91841,-1.4083,-4.9996
-1.0096,-1.3497,-4.9274
-0.95991,-1.283,-4.8467
-0.74677,-1.2271,-4.7585
-0.39751,-1.1673,-4.6644
0.016814,-1.0961,-4.5631
0.43862,-1.0367,-4.4542
0.87463,-0.96501,-4.3387
1.1895,-0.9017,-4.218
1.3263,-0.83448,-4.0922
1.2228,-0.75749,-3.9585
0.92249,-0.71547,-3.8229
0.57136,-0.63255,-3.6851
0.22323,-0.53479,-3.5358
-0.061713,-0.48574,-3.3822
-0.23597,-0.4102,-3.2286
-0.30141,-0.31248,-3.0668
-0.35114,-0.24157,-2.8992
-0.36797,-0.14476,-2.7274
-0.40873,-0.034104,-2.5435
-0.55793,0.05498,-2.354
-0.69928,0.14714,-2.1595
-0.86381,0.22115,-1.9622
-0.99095,0.34343,-1.7596
-1.0403,0.40886,-1.5528
-1.0392,0.52857,-1.3472
-0.94421,0.63284,-1.1312
-0.82567,0.70042,-0.92222
-0.68544,0.86704,-0.7001
-0.5841,0.8534,-0.48554
-0.53923,1.1344,-0.26131
-0.50259,0.83002,-0.038683
-0.50969,-0.00085761,0.0091898
-0.52652,0.066868,-0.016301
-0.49922,0.086191,-0.0036886
-0.37956,0.011342,-0.0097323
-0.14996,0.06379,-0.0061556
0.18471,0.0089048,-0.0067442
0.5938,0.043951,-0.0069579
0.92848,0.0074952,-0.0045809
1.1633,0.022056,-0.0064555
1.2815,0.020358,-0.0039961
1.2003,0.0065992,-0.0049146
1.0223,0.015683,-0.0037524
0.78638,0.0036487,-0.0035724
0.51228,0.011222,-0.0032275
0.29876,0.0073227,-0.0023764
0.13984,0.005212,-0.0018515
0.064304,0.0011369,-0.0014654
0.14021,0.0066479,-0.0014504
0.29091,0.0061193,-0.00032187
0.45357,0.0015343,0.00041297
0.60577,0.0050246,0.0016689
0.69962,0.0042185,0.0028612
0.69589,0.0020704,0.0038659
0.59791,-0.0015474,0.0042334
0.47003,0.00027834,0.0048332
0.32195,-0.0081382,0.0056281
0.17873,-0.00047896,0.0056356
0.047851,-0.0025672,0.0071652
-0.11033,-0.0029458,0.0064716
-0.29094,0.006153,0.0078476
-0.4794,-0.022996,0.0075289
-0.66712,0.017801,0.0082187
-0.82193,-0.01636,0.009111
-0.96889,0.0069666,0.0074014
-1.0889,-0.0027734,0.011645
-1.0702,-0.019213,0.0063029
-0.95767,0.035549,0.012999
-0.71237,-0.073378,0.0068278
-0.42182,0.098101,0.012125
-0.10659,-0.17229,0.010123
0.25539,0.46059,0.010142
0.45769,2.1086,0.27336
0.65513,2.0728,0.67123
0.5852,1.8592,1.0003
0.42067,1.9884,1.34
0.44722,1.8792,1.653
0.2079,1.9758,1.9469
0.11703,1.9348,2.2271
0.21463,1.9855,2.4881
0.33429,2.0112,2.7449
0.69663,2.0125,2.9843
1.0429,2.0286,3.2111
1.3421,2.0358,3.4224
1.6188,2.0814,3.6269
1.8502,2.0784,3.8211
1.9082,2.0803,4.0009
1.7964,2.0614,4.1673
1.6715,2.0552,4.3178
1.4479,2.022,4.4526
1.2157,1.9878,4.5705
0.96475,1.982,4.6757
0.70262,1.9452,4.7669
0.47526,1.9232,4.8444
0.25539,1.8978,4.9103
0.079261,1.8592,4.9633
-0.13912,1.822,5.0039
-0.33319,1.7711,5.0316
-0.45846,1.7266,5.0463
-0.54035,1.6858,5.0503
-0.60841,1.6403,5.0443
-0.64319,1.5916,5.0276
-0.61252,1.5428,5.0014
-0.66787,1.4945,4.9656
-0.65029,1.4383,4.9205
-0.65291,1.3851,4.8681
-0.78753,1.3265,4.8061
-0.87578,1.259,4.7346
-1.0302,1.1997,4.6549
-1.1166,1.1499,4.5683
-1.1424,1.0932,4.4762
-1.1106,1.022,4.3765
-0.96066,0.94971,4.2688
-0.74303,0.88322,4.1538
-0.43378,0.82401,4.0334
-0.16642,0.74705,3.9078
0.096837,0.69083,3.7764
0.30811,0.64655,3.6447
0.43749,0.54414,3.507
0.50667,0.45983,3.358
0.47115,0.41062,3.208
0.37953,0.33042,3.0553
0.29502,0.24332,2.8929
0.23632,0.16855,2.7275
0.13161,0.064863,2.5553
0.1174,-0.03587,2.3725
0.13647,-0.12906,2.1849
0.094967,-0.19915,1.993
0.10693,-0.30129,1.7984
0.054956,-0.39896,1.5957
0.013822,-0.46843,1.3949
0.01457,-0.61571,1.1855
-0.026563,-0.66119,0.97643
-0.035911,-0.81833,0.76591
-0.065453,-0.85123,0.54594
-0.080036,-0.9867,0.33939
-0.10285,-1.1186,0.10038
-0.13426,-0.31418,-0.032835
-0.13538,0.021666,-0.011513
-0.23709,-0.14693,-0.012713
-0.30739,-0.025117,-0.015495
-0.36535,-0.082747,-0.011809
-0.51979,-0.04237,-0.016563
-0.52876,-0.041688,-0.012912
-0.4723,-0.051068,-0.01647
-0.42256,-0.024034,-0.014741
-0.28832,-0.050067,-0.015873
-0.20007,-0.029504,-0.016563
-0.09088,-0.038295,-0.016338
0.011953,-0.029845,-0.017399
0.05346,-0.029099,-0.016972
0.072531,-0.032979,-0.017763
0.011953,-0.029957,-0.018329
0.0048478,-0.029189,-0.018978
0.028406,-0.023498,-0.018783
0.041868,-0.027663,-0.019458
0.11853,-0.027723,-0.02038
0.24716,-0.027738,-0.02122
0.40608,-0.02953,-0.022566
0.51677,-0.026377,-0.023469
0.62708,-0.021571,-0.02408
0.68691,-0.02556,-0.024257
0.67345,-0.027779,-0.025513
0.66373,-0.017923,-0.025595
0.60876,-0.029361,-0.025989
0.53958,-0.015081,-0.026982
0.45432,-0.02502,-0.026615
0.39113,-0.024334,-0.028328
0.34551,-0.012251,-0.026664
0.25539,-0.033485,-0.029322
0.18696,0.0060143,-0.027901
0.091228,-0.043825,-0.028688
0.00073447,0.011458,-0.030334
-0.12902,-0.039311,-0.026911
-0.28757,-0.015831,-0.033824
-0.34815,0.0064904,-0.024305
-0.42892,-0.087032,-0.038233
-0.37545,0.16783,-0.018168
-0.38779,-1.0434,-0.079958
-0.32571,-2.265,-0.42556
-0.049747,-1.8925,-0.80476
-0.079662,-1.9254,-1.1314
0.15517,-1.9544,-1.4686
0.39187,-1.9125,-1.7691
0.33017,-1.983,-2.0614
0.49882,-1.9371,-2.3317
0.47751,-2.016,-2.5912
0.41955,-2.0185,-2.8429
0.47414,-2.0423,-3.0782
0.49396,-2.0411,-3.3004
0.57772,-2.0642,-3.508
0.66298,-2.0986,-3.7102
0.77628,-2.092,-3.8995
0.76619,-2.096,-4.0753
0.73664,-2.0786,-4.2365
0.73515,-2.0637,-4.382
0.6656,-2.0358,-4.5122
0.61773,-2.0125,-4.6262
0.57473,-1.9905,-4.7271
0.59941,-1.9595,-4.8141
0.60764,-1.9349,-4.888
0.63269,-1.9084,-4.9505
0.68654,-1.8677,-5.0004
0.66634,-1.8217,-5.0364
0.60988,-1.7794,-5.0596
0.48311,-1.7354,-5.0715
0.29465,-1.6969,-5.0728
0.051216,-1.6489,-5.0639
-0.12491,-1.5961,-5.0443
-0.30328,-1.5475,-5.0146
-0.4723,-1.496,-4.9762
-0.49773,-1.4472,-4.929
-0.53063,-1.3865,-4.8729
-0.46818,-1.3246,-4.8078
-0.42032,-1.2651,-4.7338
-0.42144,-1.2059,-4.6516
-0.35638,-1.1549,-4.5635
-0.36311,-1.0884,-4.4689
-0.35002,-1.0156,-4.3662
-0.36161,-0.95026,-4.2565
-0.38405,-0.89271,-4.1412
-0.38854,-0.82432,-4.0214
-0.38966,-0.74405,-3.8934
-0.35413,-0.69926,-3.761
-0.34703,-0.63333,-3.6282
-0.32497,-0.52906,-3.4852
-0.34665,-0.47027,-3.3346
-0.3919,-0.41238,-3.1853
-0.44163,-0.31197,-3.0294
-0.50371,-0.24319,-2.8656
-0.52465,-0.16092,-2.6986
-0.50483,-0.042217,-2.5208
-0.38741,0.044558,-2.3351
-0.27486,0.14,-2.1443
-0.18063,0.21659,-1.9505
-0.029181,0.33076,-1.7518
0.069539,0.40213,-1.5481
0.12825,0.50844,-1.3464
0.14994,0.62437,-1.1336
0.13386,0.68115,-0.92678
0.12226,0.84816,-0.70856
0.057199,0.84095,-0.49472
0.026162,1.1006,-0.276
-0.0030049,0.8836,-0.049372
0.0082132,0.03787,0.011705
0.11927,0.044708,-0.015667
0.16676,0.093126,-0.0036736
0.2251,0.0069328,-0.0085738
0.23482,0.068443,-0.0061293
0.21837,0.003525,-0.0056157
0.22211,0.039932,-0.0066017
0.17536,0.015353,-0.0038686
0.2049,0.011672,-0.0060768
0.21874,0.019567,-0.0035537
0.23407,0.0080988,-0.0042472
0.23258,0.017351,-0.0033849
0.21164,0.0083837,-0.0027888
0.24716,0.0073227,-0.0026201
0.17798,0.0059318,-0.002189
0.13086,0.013569,-0.0016078
0.094219,0.0046797,-0.00094048
-0.018336,0.0044285,-0.0012067
-0.09275,0.0087773,-4.8182e-05
-0.13613,0.0040761,0.00097534
-0.11257,0.0053957,0.0021113
-0.040399,0.0053395,0.0031011
0.10245,0.005167,0.0040234
0.22061,0.00083319,0.0045033
0.26586,0.0025652,0.0050094
0.30475,-0.0040743,0.0062204
0.26847,-0.00036649,0.0059655
0.22921,0.004376,0.0072252
0.18172,-0.010166,0.0067716
0.11553,0.0086086,0.0077988
0.046355,-0.016735,0.0082712
-0.03105,0.0047134,0.0076339
-0.044512,-0.0058288,0.010123
-0.022824,-0.0073471,0.0072739
0.0055957,0.010468,0.01169
0.031023,-0.03473,0.0077051
0.034015,0.046391,0.011657
0.053086,-0.067504,0.010255
0.036633,0.07581,0.0083612
-0.0045007,-0.095588,0.017307
0.026162,0.1402,-0.0046334
0.093097,1.8414,0.1905
0.27408,2.1991,0.58935
0.37692,1.8293,0.92932
0.40646,1.9933,1.2657
0.60951,1.8906,1.5886
0.59791,1.9591,1.8834
0.51939,1.9456,2.1698
0.56052,1.9555,2.4331
0.47339,2.014,2.6923
0.45283,2.015,2.9361
0.47414,2.0391,3.1674
0.48162,2.0183,3.382
0.52761,2.07,3.587
0.60277,2.0902,3.7849
0.69215,2.0742,3.9684
0.67831,2.0694,4.139
0.7172,2.0598,4.2939
0.72094,2.0339,4.4333
0.56762,2.0061,4.556
0.45843,1.9918,4.665
0.35635,1.9615,4.7605
0.26324,1.9301,4.8418
0.24155,1.9056,4.9111
0.26399,1.8657,4.9679
0.29278,1.8225,5.0121
0.32569,1.7797,5.0428
0.29914,1.731,5.0609
0.23968,1.6907,5.0679
0.16938,1.6457,5.0642
0.024293,1.6013,5.0507
-0.073679,1.5561,5.0271
-0.21054,1.494,4.9936
-0.33469,1.4462,4.9514
-0.33618,1.4009,4.9013
-0.32945,1.3327,4.8421
-0.2958,1.2787,4.7733
-0.27112,1.2194,4.6963
-0.27635,1.1473,4.6115
-0.32646,1.0964,4.5202
-0.37806,1.035,4.4228
-0.43266,0.96483,4.3174
-0.534,0.89492,4.2041
-0.57775,0.8333,4.0845
-0.57064,0.77125,3.9604
-0.53998,0.70262,3.8301
-0.49847,0.65399,3.698
-0.43116,0.57208,3.5631
-0.34815,0.48081,3.4162
-0.31412,0.4312,3.2653
-0.30627,0.35933,3.1144
-0.31898,0.26104,2.9541
-0.34815,0.19369,2.789
-0.39564,0.096328,2.6197
-0.40387,-0.007962,2.4386
-0.33768,-0.091389,2.2522
-0.26476,-0.18156,2.061
-0.16679,-0.26225,1.8679
-0.088637,-0.37578,1.6672
-0.038529,-0.43755,1.465
0.038502,-0.57314,1.26
0.074774,-0.64892,1.0473
0.1103,-0.75649,0.84081
0.11815,-0.87063,0.61925
0.083375,-0.89015,0.41222
0.10394,-1.1717,0.18115
0.13348,-0.63098,-0.011543
0.21986,0.034462,-0.023012
0.31222,-0.1325,-0.0073253
0.36794,-0.063942,-0.01807
0.42328,-0.053265,-0.010842
0.3556,-0.072629,-0.016203
0.31185,-0.025695,-0.013474
0.28007,-0.061502,-0.015307
0.20677,-0.026223,-0.0156
0.19443,-0.049692,-0.014704
0.11404,-0.034066,-0.016758
0.10843,-0.029792,-0.015783
0.11815,-0.032593,-0.017253
0.070287,-0.025012,-0.017092
0.10955,-0.029523,-0.017628
0.085618,-0.024934,-0.018119
0.051216,-0.027644,-0.018622
0.020553,-0.024053,-0.018869
-0.041894,-0.026898,-0.018963
-0.06807,-0.028435,-0.020181
-0.10509,-0.029871,-0.021291
-0.1021,-0.028143,-0.022198
-0.053861,-0.02676,-0.023169
-0.025067,-0.022568,-0.024058
0.0052217,-0.017743,-0.02414
0.034389,-0.027314,-0.025276
0.019805,-0.015621,-0.025767
0.015318,-0.022343,-0.025707
0.036259,-0.019959,-0.027061
0.034015,-0.014459,-0.026251
0.039624,-0.026921,-0.028058
0.048599,-0.0076433,-0.027147
0.054956,-0.034291,-0.028429
0.10394,0.002674,-0.028861
0.17088,-0.034959,-0.027515
0.23669,-0.008918,-0.031429
0.28119,-0.0085881,-0.026386
0.27334,-0.04453,-0.033671
0.29876,0.042717,-0.02576
0.28044,-0.12197,-0.033937
0.27633,0.17018,-0.027267
0.25613,-0.60502,-0.038893
0.20453,-2.1543,-0.32596
0.36046,-2.0054,-0.72237
0.32643,-1.8687,-1.0507
0.42366,-1.9873,-1.3904
0.70411,-1.8942,-1.6993
0.62559,-1.9842,-1.9932
0.74487,-1.935,-2.2707
0.7445,-1.9972,-2.5306
0.55267,-2.0211,-2.786
0.57099,-2.033,-3.025
0.50032,-2.0441,-3.2521
0.4805,-2.0504,-3.4622
0.46741,-2.0971,-3.6661
0.47227,-2.0904,-3.8596
0.45694,-2.0946,-4.0387
0.39786,-2.0841,-4.2042
0.3986,-2.0666,-4.3539
0.29502,-2.0427,-4.4889
0.21126,-2.0148,-4.6071
0.1189,-1.9957,-4.7116
0.089358,-1.9646,-4.8027
0.11404,-1.9376,-4.8798
0.12713,-1.9159,-4.9459
0.22398,-1.8781,-4.9999
0.29802,-1.8337,-5.0401
0.35859,-1.7893,-5.0672
0.36906,-1.7454,-5.0826
0.36233,-1.7038,-5.0869
0.26586,-1.6572,-5.0807
0.14657,-1.6078,-5.0643
0.065052,-1.5578,-5.0376
-0.099855,-1.5073,-5.0016
-0.14024,-1.4565,-4.9571
-0.15482,-1.4015,-4.904
-0.18623,-1.3414,-4.8418
-0.15931,-1.2768,-4.7705
-0.15221,-1.2155,-4.6905
-0.13538,-1.1647,-4.6039
-0.1795,-1.103,-4.5119
-0.18848,-1.0334,-4.4114
-0.2169,-0.96899,-4.3032
-0.28944,-0.90318,-4.1891
-0.29842,-0.83915,-4.0701
-0.31562,-0.76101,-3.9442
-0.31524,-0.70823,-3.812
-0.31263,-0.65654,-3.6802
-0.29729,-0.55214,-3.5415
-0.31337,-0.48434,-3.3917
-0.36498,-0.43551,-3.2419
-0.39788,-0.34043,-3.0887
-0.45884,-0.25904,-2.9261
-0.50969,-0.18229,-2.7604
-0.55494,-0.070154,-2.5864
-0.51717,0.019226,-2.4022
-0.42668,0.11728,-2.2129
-0.36797,0.19532,-2.0193
-0.24457,0.29345,-1.8235
-0.15183,0.38777,-1.6195
-0.089385,0.46312,-1.4179
-0.013849,0.60613,-1.2076
0.025788,0.64621,-0.99771
0.076644,0.8172,-0.78558
0.052712,0.84369,-0.56462
0.031771,0.9892,-0.35634
0.067669,1.1026,-0.1161
0.081131,0.27017,0.012602
0.17649,-0.036942,-0.010621
0.23145,0.12756,-0.0079589
0.28941,0.0035212,-0.005252
0.347,0.062137,-0.0084501
0.27932,0.016999,-0.0041648
0.30063,0.027916,-0.0077827
0.3313,0.030098,-0.0038011
0.32718,0.0064867,-0.0056119
0.33055,0.02807,-0.004311
0.32606,-0.00075639,-0.0038948
0.32307,0.012463,-0.0039361
0.27633,0.0063105,-0.0026951
0.28829,0.0096809,-0.00307
0.28119,0.0070978,-0.0021552
0.23744,0.0048259,-0.0018178
0.18995,0.0062205,-0.0011204
0.094967,-0.00082387,-0.0012067
0.0044739,0.0067454,-0.0004306
-0.061713,0.0045372,0.00082162
-0.070688,0.0015305,0.0016352
-0.087141,0.0054295,0.0027262
-0.074427,0.0073752,0.0038022
-0.039651,-0.0011613,0.0043383
-0.046008,0.0012231,0.0048782
-0.035538,0.00058951,0.0062617
-0.053487,-0.0039768,0.0058155
-0.060217,0.0045297,0.0068353
-0.056104,-0.0086705,0.007004
-0.075923,0.0091522,0.0073377
-0.079662,-0.0098327,0.0084249
-0.09462,0.0040161,0.0072364
-0.099107,0.0047809,0.010198
-0.053487,-0.014204,0.0074464
0.022797,0.025715,0.011109
0.095715,-0.038438,0.0087211
0.10619,0.044078,0.0099021
0.12226,-0.0519,0.012369
0.17312,0.038968,0.0061154
0.17237,-0.027652,0.019661
0.20565,-0.029549,-0.0073366
0.22547,1.5888,0.13841
0.3111,2.2698,0.52804
0.44909,1.8262,0.88
0.46816,1.9776,1.2133
0.60502,1.9104,1.5434
0.65849,1.9421,1.8397
0.611,1.9589,2.1302
0.67008,1.9418,2.3963
0.61511,2.0097,2.6569
0.6196,2.0048,2.9039
0.65924,2.0313,3.138
0.6282,2.0204,3.3565
0.62783,2.0647,3.5623
0.62297,2.0832,3.763
0.6469,2.0815,3.9497
0.59118,2.0811,4.1236
0.54668,2.0612,4.2827
0.53098,2.0432,4.4265
0.41169,2.0118,4.5537
0.33728,1.9849,4.6655
0.26623,1.9632,4.7644
0.18621,1.9324,4.8495
0.19256,1.899,4.9215
0.22771,1.8774,4.9811
0.25165,1.8324,5.0289
0.24978,1.7871,5.0636
0.24118,1.7449,5.0856
0.22323,1.6876,5.0956
0.13086,1.6539,5.0946
-0.002257,1.6121,5.0839
-0.12566,1.5548,5.0629
-0.2771,1.5088,5.0318
-0.36909,1.4603,4.9921
-0.38255,1.4121,4.9441
-0.38966,1.3538,4.8875
-0.36647,1.2887,4.8215
-0.31711,1.2333,4.7476
-0.26514,1.1763,4.6659
-0.25317,1.1153,4.577
-0.22737,1.0499,4.4824
-0.22064,0.98033,4.3796
-0.26701,0.91184,4.2681
-0.27411,0.85197,4.1498
-0.27561,0.78481,4.0274
-0.26214,0.7104,3.8989
-0.26364,0.66945,3.7664
-0.24644,0.60388,3.6334
-0.21241,0.5007,3.4896
-0.2326,0.43967,3.3382
-0.2427,0.38435,3.1877
-0.28346,0.28503,3.0302
-0.32646,0.20876,2.8655
-0.34703,0.13206,2.6981
-0.33992,0.01409,2.5199
-0.27448,-0.06783,2.3344
-0.23746,-0.15703,2.1444
-0.17988,-0.23448,1.9509
-0.11257,-0.34513,1.7529
-0.089385,-0.42624,1.5484
-0.050495,-0.52112,1.3456
-0.061339,-0.64551,1.1324
-0.068818,-0.69829,0.92489
-0.050869,-0.86225,0.70805
-0.10322,-0.85382,0.49233
-0.12341,-1.0926,0.27677
-0.11033,-0.97153,0.043873
-0.04339,-0.1083,-0.034634
0.076644,-0.039547,-0.0067629
0.14395,-0.12449,-0.017039
0.21799,-0.022066,-0.013152
0.22697,-0.087167,-0.014104
0.20229,-0.030539,-0.015705
0.22024,-0.058356,-0.013804
0.20528,-0.035622,-0.016814
0.20715,-0.03434,-0.014505
0.21313,-0.046764,-0.016987
0.20977,-0.025894,-0.016353
0.20154,-0.036117,-0.016796
0.18247,-0.026793,-0.017426
0.18733,-0.029046,-0.017418
0.16265,-0.029879,-0.01816
0.14582,-0.028443,-0.018524
0.15218,-0.023352,-0.019083
0.10693,-0.027869,-0.019124
0.062434,-0.027266,-0.020144
0.061686,-0.026617,-0.021107
0.098706,-0.026006,-0.022127
0.1275,-0.025732,-0.023233
0.17462,-0.027787,-0.024437
0.21762,-0.01865,-0.024448
0.18284,-0.028308,-0.025018
0.15143,-0.017844,-0.026116
0.097958,-0.019899,-0.025588
0.051964,-0.025706,-0.027068
0.040746,-0.011703,-0.02669
-0.011605,-0.027753,-0.028054
-0.031798,-0.0062862,-0.027874
-0.022076,-0.032394,-0.028066
-0.013101,-0.0065224,-0.029614
0.0055957,-0.024484,-0.027342
0.052712,-0.020514,-0.031935
0.10918,0.0025127,-0.026761
0.094593,-0.063762,-0.032793
0.1189,0.053132,-0.028122
0.090854,-0.11232,-0.030773
0.091228,0.12996,-0.033303
0.10992,-0.35678,-0.02345
0.034389,-2.0094,-0.26423
0.19817,-2.0873,-0.66622
0.20266,-1.8381,-1.0003
0.25838,-1.9982,-1.3396
0.55342,-1.8891,-1.6554
0.51116,-1.9751,-1.95
0.62185,-1.9404,-2.2325
0.71496,-1.9794,-2.4939
0.57847,-2.0196,-2.7517
0.611,-2.0289,-2.9938
0.59941,-2.0482,-3.2252
0.59679,-2.0385,-3.4384
0.61325,-2.0862,-3.6428
0.67158,-2.0895,-3.8394
0.71533,-2.0939,-4.022
0.65176,-2.0863,-4.1916
0.65027,-2.0711,-4.346
0.55603,-2.0479,-4.4853
0.46853,-2.018,-4.6078
0.38963,-2.0008,-4.7166
0.30886,-1.9686,-4.8116
0.29091,-1.9419,-4.8924
0.30849,-1.9191,-4.9618
0.39973,-1.8819,-5.0194
0.39337,-1.8369,-5.0638
0.41917,-1.7924,-5.0944
0.40758,-1.75,-5.1126
0.31746,-1.7082,-5.1202
0.21238,-1.6651,-5.1169
0.061312,-1.6147,-5.1035
-0.032172,-1.5631,-5.0801
-0.21989,-1.5148,-5.0463
-0.31337,-1.4632,-5.0042
-0.3403,-1.4065,-4.9536
-0.40574,-1.348,-4.8939
-0.37507,-1.2894,-4.8254
-0.40237,-1.2268,-4.7483
-0.39452,-1.1732,-4.6641
-0.40088,-1.1163,-4.5742
-0.43603,-1.045,-4.4763
-0.4435,-0.9793,-4.3701
-0.49286,-0.91256,-4.2578
-0.48015,-0.85189,-4.14
-0.44687,-0.78311,-4.0165
-0.42481,-0.71383,-3.8857
-0.40835,-0.66736,-3.7533
-0.36161,-0.58539,-3.6178
-0.32459,-0.49437,-3.4707
-0.34703,-0.44168,-3.32
-0.33506,-0.37067,-3.169
-0.34404,-0.2765,-3.009
-0.35974,-0.20798,-2.8436
-0.34179,-0.10694,-2.6735
-0.30178,-0.00019404,-2.4918
-0.20568,0.081834,-2.3041
-0.12379,0.17244,-2.1114
-0.029181,0.24669,-1.9168
0.073278,0.36634,-1.715
0.12937,0.42981,-1.511
0.18247,0.55386,-1.306
0.18696,0.63601,-1.0918
0.18284,0.73444,-0.88419
0.17424,0.87042,-0.66152
0.1174,0.86763,-0.45192
0.1017,1.1571,-0.22284
0.10843,0.69025,-0.018063
0.14657,-0.045332,0.0045445
0.20565,0.097276,-0.015086
0.24417,0.056236,-0.0026726
0.26137,0.026645,-0.0098035
0.215,0.05675,-0.0048396
0.20042,0.0039861,-0.0067142
0.17985,0.042852,-0.0054582
0.13685,0.0053995,-0.0043785
0.14807,0.022589,-0.0056832
0.13236,0.012905,-0.0033549
0.10132,0.010839,-0.0044422
0.069539,0.016362,-0.0030025
0.048599,0.0071653,-0.0029875
0.033641,0.012249,-0.0026576
-0.0030049,0.0095309,-0.0018403
-0.0048746,0.0083799,-0.0012854
-0.045634,-0.00058393,-0.0010867
-0.10808,0.0067454,-0.00081301
-0.095368,0.0085899,0.00040172
-0.054608,0.0022691,0.0014477
0.0055957,0.0010431,0.0024975
0.064678,0.0093622,0.003641
0.14208,0.00066449,0.0046383
0.20453,-0.0054726,0.004732
0.20528,0.007259,0.0059542
0.20902,-0.0075946,0.0061529
0.1993,0.0035887,0.0066441
0.18135,-0.0027434,0.0073752
0.15143,0.0032925,0.0069815
0.11591,0.00018836,0.0089161
0.11516,-0.0054614,0.0072814
0.11292,0.013051,0.0097446
0.12077,-0.026505,0.0082037
0.14919,0.027043,0.0097371
0.1993,-0.030823,0.010648
0.2251,0.024812,0.0079225
0.20004,-0.015524,0.014465
0.19481,-0.019378,0.0045745
0.14881,0.061477,0.01932
0.14433,-0.17819,-0.0026276
0.14844,1.1283,0.069525
0.16265,2.3025,0.42272
0.27782,1.8919,0.79751
0.25202,1.9312,1.1259
0.36458,1.9368,1.4642
0.43899,1.9049,1.7656
0.30849,1.9661,2.0603
0.39711,1.9308,2.3329
0.37131,2.0023,2.5942
0.33466,1.9935,2.8457
0.42216,2.0296,3.0838
0.44011,2.0152,3.3085
0.48723,2.0391,3.5162
0.51901,2.0737,3.7192
0.57697,2.0688,3.9105
0.58632,2.0812,4.0888
0.56389,2.0508,4.2528
0.53621,2.0398,4.4015
0.46554,2.0154,4.5345
0.4016,1.9854,4.6517
0.30662,1.964,4.7551
0.26062,1.9272,4.8442
0.27147,1.9064,4.9211
0.32344,1.8756,4.9852
0.38215,1.8347,5.037
0.42441,1.7926,5.0763
0.42927,1.7458,5.102
0.38552,1.704,5.1161
0.33429,1.6583,5.119
0.18359,1.6171,5.1118
0.049346,1.5661,5.0945
-0.084897,1.5116,5.0669
-0.23971,1.463,5.0299
-0.27112,1.412,4.9843
-0.33431,1.3595,4.931
-0.36834,1.2953,4.8683
-0.35039,1.2382,4.7963
-0.34291,1.1772,4.7161
-0.33581,1.1133,4.6277
-0.37246,1.0604,4.534
-0.36012,0.99336,4.434
-0.41471,0.92042,4.3255
-0.4551,0.85659,4.2093
-0.43266,0.79805,4.0886
-0.44238,0.72135,3.9624
-0.41172,0.66424,3.83
-0.39863,0.61792,3.6975
-0.35002,0.51977,3.5583
-0.34553,0.44356,3.4085
-0.38704,0.39734,3.2578
-0.37806,0.31261,3.1037
-0.40312,0.22358,2.9407
-0.4177,0.15182,2.7748
-0.41097,0.04509,2.6011
-0.34329,-0.043266,2.4167
-0.25579,-0.13508,2.229
-0.16455,-0.22136,2.0354
-0.035164,-0.30169,1.8397
0.022797,-0.41007,1.6365
0.066174,-0.47593,1.4334
0.1088,-0.61815,1.2241
0.12152,-0.67219,1.0115
0.11666,-0.80857,0.80159
0.076644,-0.87293,0.57909
0.045233,-0.95456,0.37137
0.027658,-1.1636,0.13224
0.069539,-0.4372,-0.027342
0.16377,0.040775,-0.015596
0.20977,-0.15195,-0.01019
0.25651,-0.039195,-0.016863
0.27034,-0.067747,-0.011194
0.21238,-0.052586,-0.016638
0.20677,-0.036533,-0.012878
0.20416,-0.060032,-0.01611
0.17574,-0.024405,-0.015011
0.16975,-0.047019,-0.015551
0.15891,-0.03157,-0.016799
0.14807,-0.039143,-0.015915
0.12339,-0.031386,-0.017422
0.10506,-0.025998,-0.016938
0.088984,-0.032518,-0.017677
0.033267,-0.030295,-0.018247
0.0029781,-0.027134,-0.01891
-0.019832,-0.020019,-0.018802
-0.075923,-0.029279,-0.019323
-0.072557,-0.032604,-0.020796
-0.037407,-0.026392,-0.021613
0.0078393,-0.023502,-0.022607
0.094967,-0.026321,-0.02381
0.14545,-0.02024,-0.02429
0.17761,-0.021241,-0.024515
0.17649,-0.025099,-0.025839
0.14096,-0.02003,-0.025554
0.13498,-0.025189,-0.026738
0.093097,-0.014943,-0.026787
0.063556,-0.026013,-0.027233
0.069913,-0.0084981,-0.028249
0.039998,-0.026381,-0.027113
0.059443,-0.016723,-0.029899
0.10918,-0.0085806,-0.027035
0.11067,-0.042682,-0.030878
0.16302,0.017932,-0.028073
0.17574,-0.067133,-0.030161
0.1877,0.039523,-0.031305
0.18808,-0.071013,-0.026169
0.14395,0.028947,-0.038991
0.18546,-0.032271,-0.012548
0.080383,-1.6571,-0.17258
0.16078,-2.2148,-0.56744
0.24267,-1.8153,-0.91757
0.17088,-1.9883,-1.2519
0.48125,-1.9043,-1.5797
0.49957,-1.9482,-1.8758
0.49732,-1.9513,-2.1646
0.68392,-1.9497,-2.4294
0.51789,-2.0141,-2.6899
0.52874,-2.0103,-2.9365
0.56202,-2.0465,-3.1714
0.53883,-2.0245,-3.3899
0.58857,-2.0636,-3.5959
0.59679,-2.0813,-3.7963
0.65027,-2.0792,-3.9826
0.58071,-2.0821,-4.1567
0.56725,-2.0609,-4.3157
0.50592,-2.0453,-4.4598
0.36158,-2.0149,-4.5882
0.29465,-1.9921,-4.7007
0.20939,-1.9679,-4.7999
0.18733,-1.9337,-4.8853
0.16938,-1.9097,-4.9583
0.22884,-1.8822,-5.0204
0.30475,-1.8401,-5.0694
0.33877,-1.7932,-5.1041
0.35373,-1.7494,-5.1269
0.32195,-1.7052,-5.1381
0.26473,-1.659,-5.1379
0.11366,-1.6144,-5.1281
0.032145,-1.5637,-5.108
-0.10621,-1.5091,-5.0776
-0.25504,-1.4608,-5.0385
-0.28047,-1.412,-4.9911
-0.34703,-1.3524,-4.9346
-0.32609,-1.2915,-4.869
-0.32422,-1.229,-4.7944
-0.31861,-1.1699,-4.712
-0.31524,-1.1205,-4.6235
-0.3646,-1.0517,-4.5276
-0.32945,-0.98285,-4.4236
-0.37246,-0.92119,-4.3136
-0.37993,-0.85501,-4.1975
-0.34105,-0.79003,-4.0758
-0.33207,-0.71504,-3.9473
-0.29056,-0.67257,-3.8146
-0.26514,-0.60683,-3.6811
-0.24382,-0.4998,-3.5374
-0.28533,-0.44554,-3.386
-0.31674,-0.38883,-3.2357
-0.34778,-0.29253,-3.0785
-0.41097,-0.21749,-2.9131
-0.42967,-0.13132,-2.7451
-0.4091,-0.017953,-2.5663
-0.32235,0.062939,-2.379
-0.2427,0.15421,-2.1876
-0.15969,0.22944,-1.9926
-0.061713,0.33923,-1.7936
0.011953,0.41554,-1.5882
0.077018,0.50391,-1.385
0.095341,0.63446,-1.1715
0.10918,0.6866,-0.96239
0.10619,0.86114,-0.74449
0.075896,0.84971,-0.52609
0.065426,1.0697,-0.31087
0.049346,0.99416,-0.073892
0.080009,0.11707,0.014105
0.14395,0.0099395,-0.014411
0.1963,0.11107,-0.0048321
0.24417,-0.00035524,-0.007404
0.22136,0.067978,-0.0071116
0.19331,0.0088411,-0.0048621
0.2079,0.036048,-0.0071903
0.19294,0.017749,-0.0037824
0.20042,0.0134,-0.0059981
0.22323,0.025097,-0.0037186
0.20154,-0.0011575,-0.0040373
0.1907,0.017074,-0.0034637
0.19518,0.0078963,-0.0027888
0.19107,0.0077051,-0.0028226
0.15031,0.0052495,-0.0017878
0.10432,0.0072665,-0.0014541
0.066922,0.005227,-0.00090299
-0.013101,0.0029626,-0.00091424
-0.060217,0.0087061,5.3046e-05
-0.0576,0.0053695,0.00098659
-0.035911,0.0082975,0.0021188
0.026536,0.006273,0.0032211
0.10319,0.0024303,0.0040272
0.1376,0.0010544,0.0046008
0.15667,0.0032063,0.0052531
0.18172,-0.00015655,0.0063479
0.14582,0.0012456,0.0058493
0.093845,0.0051933,0.0073714
0.080757,-0.011137,0.0072814
0.059817,0.009962,0.0076751
0.038876,-0.013477,0.0086161
0.052338,0.0041286,0.0077051
0.044859,0.001613,0.010554
0.03925,-0.011426,0.0074089
0.084123,0.021929,0.01154
0.10731,-0.037545,0.0085974
0.10282,0.04921,0.010554
0.11217,-0.063781,0.011683
0.1002,0.051355,0.0068578
0.087862,-0.049261,0.019211
0.12189,0.023099,-0.0066617
0.11703,1.6874,0.15603
0.2322,2.239,0.54939
0.33915,1.8141,0.89671
0.32419,1.9761,1.2304
0.51116,1.8829,1.557
0.49807,1.9262,1.8525
0.39524,1.9312,2.1413
0.47302,1.929,2.4055
0.40047,1.9927,2.6659
0.40907,1.9829,2.9117
0.47938,2.005,3.1431
0.49209,1.9908,3.3597
0.51527,2.0409,3.5662
0.55678,2.0508,3.7661
0.61474,2.0436,3.9509
0.58744,2.0368,4.1228
0.57772,2.0127,4.279
0.54855,1.9919,4.4198
0.43862,1.9556,4.5437
0.33803,1.9403,4.6533
0.26885,1.9144,4.751
0.23482,1.8744,4.8342
0.23557,1.8456,4.9043
0.30063,1.8177,4.9626
0.33242,1.7708,5.0084
0.30849,1.7206,5.0412
0.2853,1.6839,5.0612
0.2494,1.6369,5.0694
0.17125,1.5897,5.0673
0.016814,1.5464,5.0549
-0.096489,1.4967,5.0323
-0.21578,1.4461,5.0008
-0.32983,1.3943,4.9602
-0.33207,1.3453,4.9113
-0.35563,1.2867,4.8536
-0.34254,1.2228,4.7859
-0.29804,1.1644,4.7098
-0.29243,1.1107,4.6254
-0.30216,1.0525,4.5355
-0.33544,0.98217,4.4394
-0.35301,0.91651,4.3347
-0.39003,0.84798,4.2217
-0.42406,0.79006,4.1032
-0.39676,0.72845,3.9805
-0.35002,0.66188,3.8506
-0.34553,0.62021,3.7195
-0.31076,0.53414,3.5854
-0.26813,0.44261,3.4389
-0.28308,0.3978,3.2889
-0.28084,0.3201,3.1381
-0.29169,0.22823,2.978
-0.30552,0.1652,2.8132
-0.31038,0.060367,2.643
-0.2958,-0.038546,2.4611
-0.22213,-0.11564,2.2746
-0.15669,-0.20758,2.0828
-0.050495,-0.28162,1.8885
0.056825,-0.39605,1.688
0.077766,-0.45961,1.4847
0.1017,-0.58722,1.2794
0.10394,-0.66266,1.0656
0.1017,-0.75837,0.85884
0.080009,-0.88874,0.63707
0.025788,-0.8949,0.42757
0.0070914,-1.1801,0.1977
0.021675,-0.68856,-0.0037749
0.10469,0.027717,-0.023683
0.15554,-0.12576,-0.0051096
0.19032,-0.07264,-0.016788
0.24267,-0.045741,-0.0094586
0.19481,-0.075275,-0.014606
0.16901,-0.023708,-0.012229
0.16714,-0.062101,-0.013541
0.13199,-0.02935,-0.014482
0.12189,-0.048849,-0.013365
0.091975,-0.03115,-0.015532
0.089732,-0.035393,-0.014228
0.099828,-0.039202,-0.015723
0.085992,-0.025271,-0.015469
0.080383,-0.032619,-0.015776
0.052338,-0.024221,-0.016597
0.01644,-0.028694,-0.017069
-0.021702,-0.023344,-0.017347
-0.043016,-0.026718,-0.017561
-0.051617,-0.029493,-0.018577
-0.035538,-0.025953,-0.019368
0.03065,-0.026471,-0.020556
0.093845,-0.026066,-0.021718
0.14059,-0.022846,-0.022611
0.1806,-0.017128,-0.022708
0.20864,-0.02673,-0.023499
0.20042,-0.017687,-0.024268
0.1705,-0.019985,-0.02414
0.16714,-0.019089,-0.02555
0.13423,-0.012847,-0.024961
0.079635,-0.028709,-0.026679
0.080383,-0.0035532,-0.026105
0.066548,-0.031307,-0.026596
0.089732,-0.0023872,-0.027725
0.11815,-0.028098,-0.025745
0.12226,-0.017556,-0.030274
0.19406,-0.00031401,-0.02504
0.17798,-0.057681,-0.031447
0.16938,0.048127,-0.02561
0.15554,-0.1171,-0.030469
0.1376,0.14523,-0.029453
0.12339,-0.44782,-0.026622
0.040746,-2.0686,-0.28474
0.17649,-2.0502,-0.68448
0.14545,-1.8358,-1.0152
0.20191,-1.9841,-1.3547
0.48685,-1.8748,-1.6674
0.4016,-1.9595,-1.9608
0.51079,-1.9168,-2.2413
0.58146,-1.9655,-2.5021
0.43525,-1.9979,-2.7599
0.48237,-1.996,-3.0001
0.47751,-2.0117,-3.2276
0.51415,-2.0134,-3.4399
0.54257,-2.0571,-3.6453
0.59978,-2.0509,-3.8406
0.62035,-2.0507,-4.0208
0.55117,-2.0404,-4.1884
0.56276,-2.0164,-4.3399
0.45731,-1.988,-4.475
0.36832,-1.9667,-4.5948
0.29652,-1.945,-4.7015
0.21388,-1.9091,-4.7937
0.20603,-1.8849,-4.8726
0.22136,-1.8564,-4.9404
0.30961,-1.8171,-4.9956
0.35485,-1.7757,-5.0373
0.36121,-1.7311,-5.0662
0.33803,-1.6855,-5.0829
0.30213,-1.6394,-5.0883
0.21874,-1.5946,-5.0838
0.085992,-1.5478,-5.0687
-0.0052485,-1.4945,-5.0432
-0.16155,-1.4457,-5.0084
-0.23298,-1.3968,-4.9655
-0.25915,-1.3405,-4.9138
-0.31823,-1.2827,-4.8528
-0.28047,-1.2191,-4.7831
-0.28944,-1.1585,-4.7043
-0.29804,-1.1091,-4.6192
-0.30403,-1.0457,-4.5276
-0.34105,-0.97243,-4.427
-0.35862,-0.91288,-4.32
-0.38741,-0.853,-4.2065
-0.3919,-0.78995,-4.0877
-0.36834,-0.71557,-3.9626
-0.32459,-0.6615,-3.8315
-0.3115,-0.61022,-3.7002
-0.25467,-0.50614,-3.561
-0.21316,-0.43445,-3.4118
-0.25766,-0.39207,-3.2623
-0.26663,-0.30056,-3.1087
-0.30253,-0.21814,-2.9461
-0.34703,-0.14801,-2.7805
-0.35525,-0.031978,-2.606
-0.31674,0.05468,-2.4207
-0.24307,0.14107,-2.2311
-0.18511,0.22326,-2.0367
-0.077045,0.31699,-1.8398
0.0078393,0.41361,-1.6352
0.050842,0.48174,-1.4325
0.096837,0.62023,-1.2221
0.1174,0.66442,-1.0111
0.13199,0.82336,-0.79882
0.093097,0.8595,-0.57671
0.092349,0.98092,-0.36844
0.11067,1.1201,-0.12694
0.086366,0.31425,0.011799
0.16415,-0.047788,-0.0088437
0.21089,0.13109,-0.0084163
0.23594,0.011038,-0.0046896
0.26062,0.060075,-0.0087912
0.19369,0.0266,-0.0037786
0.18396,0.026476,-0.0074903
0.15218,0.0303,-0.0037786
0.14769,0.0041736,-0.0052033
0.16377,0.030255,-0.0042098
0.12526,0.0087361,-0.0035124
0.15554,0.013415,-0.0037486
0.14433,0.0043648,-0.0024214
0.12937,0.010228,-0.0026501
0.12675,0.0097558,-0.0020427
0.099828,0.0098083,-0.0015591
0.075896,0.0048034,-0.00061056
0.02504,9.4636e-05,-0.00075677
-0.010484,0.011979,-7.4426e-05
-0.056478,0.0058606,0.00099409
-0.042642,0.0088111,0.0018676
-0.0048746,0.0077501,0.0032398
0.04112,0.0031726,0.0041959
0.10656,-0.0018998,0.004822
0.09048,0.00354,0.0051632
0.11366,0.0064455,0.0062092
0.10207,-0.0059675,0.0061005
0.053086,0.0063705,0.0072027
0.085245,-0.0056526,0.0076189
0.072157,0.011214,0.0076564
0.051964,-0.0055776,0.0091148
0.059069,-0.0076433,0.0076151
0.071783,0.010048,0.010596
0.10506,-0.022692,0.0081962
0.11591,0.023132,0.010922
0.13797,-0.034752,0.0098084
0.15181,0.036119,0.009291
0.15741,-0.042835,0.013786
0.16639,0.011672,0.0053469
0.13199,0.024047,0.020542
0.13086,-0.12101,-0.0059156
0.1174,1.3698,0.10682
0.18359,2.2907,0.48412
0.30063,1.8393,0.84583
0.29839,1.9537,1.1762
0.44385,1.9088,1.5098
0.50368,1.9042,1.8082
0.4173,1.9468,2.101
0.46442,1.9124,2.369
0.42366,1.9836,2.6302
0.42441,1.9711,2.8797
0.4876,2.0012,3.1147
0.49919,1.9873,3.3354
0.50742,2.0136,3.5429
0.53472,2.0448,3.7455
0.5837,2.0349,3.9343
0.53247,2.0314,4.11
0.51266,2.0146,4.2707
0.49396,1.9909,4.4163
0.39674,1.9558,4.5448
0.3126,1.9353,4.6577
0.24753,1.9096,4.7585
0.20902,1.8767,4.8449
0.19593,1.8474,4.9181
0.25613,1.8115,4.9797
0.30736,1.7726,5.0293
0.3384,1.727,5.0655
0.33279,1.6798,5.0883
0.28007,1.6388,5.0996
0.21425,1.593,5.1001
0.069913,1.5448,5.0905
-0.033294,1.5021,5.0706
-0.14809,1.4489,5.0411
-0.26701,1.392,5.0025
-0.2872,1.3501,4.9555
-0.32459,1.2893,4.9006
-0.30515,1.2243,4.8361
-0.26439,1.17,4.7622
-0.2599,1.1052,4.6798
-0.24569,1.0572,4.5907
-0.26252,0.99725,4.4964
-0.26962,0.92244,4.3939
-0.27935,0.85636,4.2825
-0.30365,0.79401,4.1652
-0.32048,0.72976,4.0433
-0.29842,0.6628,3.9143
-0.26663,0.62129,3.7825
-0.27187,0.54831,3.6496
-0.25654,0.45165,3.5059
-0.25654,0.39805,3.3556
-0.2872,0.33776,3.2055
-0.31674,0.24529,3.0484
-0.36086,0.17457,2.8839
-0.40424,0.093363,2.7161
-0.38143,-0.017188,2.5374
-0.30365,-0.097256,2.3516
-0.24494,-0.19366,2.1613
-0.15071,-0.26294,1.9663
-0.056852,-0.36656,1.7681
-0.028433,-0.45027,1.5633
0.016066,-0.53982,1.3595
0.036259,-0.66351,1.1457
0.029902,-0.71579,0.93714
0.013822,-0.88151,0.71962
-0.036285,-0.86424,0.50216
-0.046008,-1.0898,0.28763
-0.03105,-1.0015,0.052185
0.043363,-0.12907,-0.033393
0.12974,-0.031401,-0.0051733
0.15741,-0.12827,-0.014839
0.21762,-0.019336,-0.011772
0.20977,-0.085312,-0.012173
0.17462,-0.028507,-0.01404
0.18883,-0.058011,-0.011712
0.16452,-0.041636,-0.015214
0.16751,-0.03488,-0.012848
0.17162,-0.044447,-0.015
0.15966,-0.025222,-0.014591
0.16639,-0.03864,-0.015154
0.15106,-0.02679,-0.015903
0.1548,-0.032709,-0.015487
0.12974,-0.031082,-0.016406
0.069913,-0.027198,-0.016901
0.031771,-0.021087,-0.017171
-0.012353,-0.022362,-0.017208
-0.031798,-0.028252,-0.018412
-0.029181,-0.022883,-0.019311
-0.0045007,-0.024851,-0.020286
0.046729,-0.025429,-0.021497
0.11628,-0.022062,-0.022371
0.1533,-0.019438,-0.022697
0.16788,-0.026752,-0.023345
0.17536,-0.018425,-0.024283
0.10955,-0.017672,-0.024024
0.081879,-0.025631,-0.025475
0.069539,-0.019243,-0.025085
0.024667,-0.028713,-0.026225
0.026536,-0.00040773,-0.026307
0.021301,-0.032949,-0.026026
0.028032,-0.011066,-0.028186
0.062808,-0.016161,-0.025434
0.095341,-0.031626,-0.029997
0.15517,0.012144,-0.025561
0.14956,-0.06191,-0.030349
0.15442,0.054264,-0.027766
0.15966,-0.10199,-0.027346
0.1174,0.095372,-0.034087
0.13498,-0.22788,-0.015978
0.08861,-1.8996,-0.22753
0.1963,-2.1344,-0.62896
0.23183,-1.8197,-0.9679
0.23744,-1.9891,-1.3058
0.53921,-1.8764,-1.6262
0.53659,-1.9498,-1.9208
0.57024,-1.9231,-2.2062
0.68616,-1.945,-2.4689
0.53547,-1.9934,-2.7282
0.53547,-1.9885,-2.9723
0.54968,-2.0085,-3.2034
0.55229,-1.999,-3.4184
0.56463,-2.0452,-3.6248
0.59642,-2.0465,-3.8232
0.63419,-2.0446,-4.0073
0.57099,-2.0359,-4.1784
0.55491,-2.0164,-4.3341
0.46442,-1.9948,-4.4745
0.37392,-1.9626,-4.5984
0.29278,-1.9404,-4.7083
0.20528,-1.9057,-4.8042
0.19107,-1.8782,-4.886
0.20565,-1.8556,-4.9565
0.28268,-1.8186,-5.0157
0.29764,-1.7753,-5.0612
0.32793,-1.7306,-5.0932
0.32793,-1.6864,-5.1133
0.25202,-1.6416,-5.1216
0.1791,-1.5981,-5.1199
0.050468,-1.5502,-5.1082
-0.04713,-1.4952,-5.0853
-0.17614,-1.4449,-5.0526
-0.25878,-1.3964,-5.0115
-0.28458,-1.3422,-4.9619
-0.32422,-1.2876,-4.9033
-0.3029,-1.2261,-4.8356
-0.31076,-1.1607,-4.7591
-0.29169,-1.1109,-4.6752
-0.29991,-1.0531,-4.5853
-0.32721,-0.98215,-4.4878
-0.33805,-0.92245,-4.383
-0.38891,-0.8593,-4.2716
-0.39003,-0.79935,-4.1545
-0.36946,-0.72679,-4.0314
-0.32534,-0.66061,-3.901
-0.31188,-0.62499,-3.7695
-0.26925,-0.53387,-3.6339
-0.21278,-0.44085,-3.4862
-0.2584,-0.40259,-3.3356
-0.26701,-0.32559,-3.1841
-0.2685,-0.23072,-3.0235
-0.3044,-0.16794,-2.8581
-0.31674,-0.064257,-2.687
-0.27336,0.038758,-2.5037
-0.19371,0.12017,-2.3156
-0.12977,0.20716,-2.1222
-0.03479,0.27911,-1.9261
0.035511,0.39479,-1.7234
0.05159,0.44933,-1.5184
0.092349,0.57873,-1.3124
0.11441,0.66096,-1.0974
0.10207,0.75288,-0.88863
0.066174,0.88675,-0.66472
0.029902,0.88282,-0.45376
0.048225,1.1716,-0.22278
0.052712,0.6996,-0.017223
0.098332,-0.042899,0.0053394
0.15854,0.099293,-0.014029
0.18546,0.059393,-0.002159
0.21388,0.025524,-0.0093236
0.15741,0.05414,-0.0040111
0.14021,0.0059806,-0.0064068
0.1447,0.048127,-0.005207
0.12039,0.0047209,-0.0038686
0.12264,0.022949,-0.0051283
0.10805,0.014615,-0.0026876
0.12937,0.008215,-0.0038123
0.12114,0.016718,-0.0023952
0.11366,0.006198,-0.0024289
0.12974,0.010258,-0.002129
0.077392,0.0049009,-0.0014166
0.059443,0.0094709,-0.00096298
0.040372,0.0047434,-0.00054682
-0.011232,0.0055719,-0.00026938
-0.025815,0.0057819,0.00079913
-0.019084,-0.0034782,0.00086661
0.050842,0.0037874,0.001189
0.10469,0.0030301,0.0019951
0.14657,-0.0038043,0.0018826
0.20154,4.6602e-06,0.0018714
0.1993,-0.0033132,0.0020551
0.19406,-0.0045954,0.0020738
0.16041,-0.0041305,0.0019876
0.13236,-0.0036394,0.0020701
0.11105,-0.0015962,0.0022238
0.071783,-0.004138,0.0020401
0.088984,-0.0031558,0.0020926
0.10469,-0.0054951,0.0020663
0.10955,-0.0064286,0.0020701
0.14021,-0.003332,0.0021938
0.18209,-0.0081907,0.0022351
