0.0067175,-0.012798,0.00021801
-0.010858,-0.017203,0.00034548
-0.0033789,-0.01014,0.00041297
-0.0030049,-0.0057051,0.00076164
-0.013101,-0.010688,0.0011778
-0.019084,-0.0013937,0.0016914
0.0070914,-0.0077333,0.0018376
0.011205,-0.012547,0.0017627
0.0067175,-0.002301,0.00246
0.01457,-0.01865,0.002295
-0.0041267,-0.00038149,0.0028349
0.0055957,-0.02878,0.0024488
0.016814,-0.0091617,0.0025425
0.017188,-0.0013525,0.003416
-0.00076128,-0.026377,0.0020439
-0.025441,0.02591,0.0040047
-0.008614,-0.058544,0.0020439
-0.0074922,0.031639,0.0039297
0.003726,-0.050701,0.0028837
0.003726,0.016193,0.0027412
-0.008614,-0.010478,0.0046758
0.0074654,-0.077877,-0.00079802
0.003352,0.13491,0.0089761
0.011205,-0.34389,-0.008675
-0.002631,1.9787,0.054633
0.0085872,4.5254,0.25056
0.037754,3.6632,0.42772
0.15667,3.5584,0.59598
0.29689,3.5096,0.75215
0.2236,3.1471,0.88618
0.28642,3.18,1.0158
0.29241,2.9059,1.1205
0.11815,2.8683,1.2164
0.14732,2.758,1.2968
0.11778,2.6707,1.3651
0.025414,2.5904,1.4219
0.029154,2.5093,1.4649
-0.0067443,2.4315,1.5005
-0.12865,2.3127,1.5257
-0.12379,2.247,1.5426
-0.012353,2.1352,1.5485
-0.044512,2.0378,1.544
0.0022302,1.9281,1.5308
-0.038529,1.8025,1.5101
-0.19783,1.684,1.4824
-0.14959,1.5648,1.4459
-0.087515,1.4356,1.4025
-0.076671,1.3018,1.3514
-0.06807,1.1812,1.2943
-0.060965,1.0117,1.231
-0.13575,0.86801,1.1592
-0.17464,0.7256,1.083
-0.17838,0.57312,1.0012
-0.25467,0.44458,0.91608
-0.22812,0.29232,0.82654
-0.25093,0.16789,0.73576
-0.28608,-0.027884,0.6386
-0.27411,-0.14764,0.5373
-0.24943,-0.37717,0.43181
-0.15221,-0.53733,0.31404
-0.058722,-0.69648,0.20162
0.0078393,-1.002,0.070005
0.069913,-0.37056,-0.01383
0.13535,0.080807,-0.0038723
0.10432,-0.11201,-0.0012667
0.093097,-0.0076883,-0.0040148
0.068043,-0.043413,-0.00061806
0.0078393,-0.032301,-0.0035124
0.034763,-0.01381,-0.0011467
0.019805,-0.039664,-0.0028376
0.021675,-0.010766,-0.001889
0.032893,-0.031974,-0.0021515
0.053834,-0.015786,-0.0025376
0.082253,-0.025665,-0.0020915
0.11329,-0.017012,-0.0028938
0.18733,-0.013439,-0.0025601
0.18135,-0.018823,-0.0029463
0.17237,-0.013672,-0.0028151
0.14134,-0.015846,-0.003025
0.11142,-0.014594,-0.0031262
0.12152,-0.015288,-0.0031712
0.080009,-0.013567,-0.0036286
0.094967,-0.014039,-0.0038423
0.07814,-0.017008,-0.0039586
0.041494,-0.019719,-0.0041985
0.024293,-0.013301,-0.0041798
-0.032172,-0.010545,-0.0039511
-0.063957,-0.011711,-0.0039361
-0.099855,-0.010249,-0.0038573
-0.099481,-0.011981,-0.004026
-0.13426,-0.015261,-0.0040148
-0.14024,-0.016135,-0.0039398
-0.10846,-0.012491,-0.0039961
-0.13276,-0.0093116,-0.0037749
-0.075923,-0.0045054,-0.0036324
-0.03479,-0.0065749,-0.0035911
-0.028059,-0.0083856,-0.0037149
-0.010484,-0.00611,-0.0035574
-0.030302,-0.010429,-0.0035124
-0.071062,-0.0076508,-0.0037186
-0.10434,-0.0092479,-0.0035761
-0.094246,-0.013049,-0.0035612
-0.056104,-0.0069947,-0.0035874
-0.020954,-0.0045466,-0.0034149
-0.016841,-0.00614,-0.0033624
0.051216,-0.0047678,-0.0035012
0.07814,-0.0031033,-0.0035087
0.0658,-0.0099265,-0.0034224
0.14545,-0.011838,-0.0034412
0.11329,-0.01254,-0.0038986
0.12189,-0.011865,-0.004431
0.24716,-0.0074559,-0.0046409
0.19743,-0.014568,-0.0052895
0.044485,-0.0096078,-0.0054657
0.069165,-0.012333,-0.0055257
0.12713,-0.0088505,-0.0060843
0.061312,-0.0083669,-0.0059081
0.129,-0.013346,-0.006628
0.11666,-0.0057538,-0.0062043
0.0067175,-0.031435,-0.0070141
0.034763,0.0047622,-0.0067817
0.0018563,-0.024008,-0.0062531
-0.0045007,-0.0028746,-0.0077677
0.032519,-0.0031333,-0.0051808
0.038502,-0.027093,-0.0082139
-0.010858,0.026229,-0.0050083
-0.053487,-0.071399,-0.0081089
-0.049373,0.07933,-0.0062118
-0.094994,-0.10886,-0.0047196
-0.027685,0.118,-0.010876
-0.035538,-0.20742,0.004687
-0.072557,-2.302,-0.14019
-0.037033,-2.7118,-0.41994
-0.10883,-2.3422,-0.64097
-0.04526,-2.5324,-0.85
0.011953,-2.3595,-1.0361
0.068043,-2.4576,-1.1943
0.1806,-2.3955,-1.3395
0.18172,-2.3508,-1.4552
0.2064,-2.3634,-1.5584
0.20715,-2.3051,-1.6442
0.18696,-2.3017,-1.7167
0.18883,-2.2384,-1.7734
0.25838,-2.2209,-1.8171
0.28194,-2.1663,-1.8503
0.21537,-2.1178,-1.8712
0.18995,-2.0637,-1.8828
0.096089,-1.9765,-1.8821
0.04112,-1.8974,-1.87
0.026162,-1.8158,-1.8481
-0.00038735,-1.7372,-1.8176
0.0026042,-1.6376,-1.7786
0.0055957,-1.5297,-1.7305
0.035137,-1.4328,-1.6756
-0.0071182,-1.3099,-1.6134
-0.030302,-1.1914,-1.5439
-0.014223,-1.0628,-1.4695
-0.037033,-0.91378,-1.3868
-0.049373,-0.79787,-1.2995
-0.14959,-0.6305,-1.207
-0.22325,-0.51201,-1.1093
-0.24382,-0.3783,-1.0125
-0.30739,-0.21266,-0.90932
-0.28682,-0.074454,-0.8041
-0.25392,0.13588,-0.69084
-0.24719,0.26485,-0.57398
-0.23522,0.51956,-0.44955
-0.23485,0.60407,-0.32005
-0.22886,0.8618,-0.19482
-0.19932,1.0313,-0.050047
-0.13014,0.1864,0.016028
-0.11444,-0.077739,-0.0020877
-0.058722,0.099151,0.00097534
0.019805,-0.028177,0.00043546
-0.010484,0.037469,-0.00098547
0.024667,-0.0018548,0.0010766
0.077766,0.012238,-0.0010417
0.047851,0.015522,0.0011216
0.078888,0.00068323,-0.00046434
0.098332,0.020703,0.00052919
0.071035,-0.0027509,0.00038672
0.077392,0.014615,0.00043171
0.091601,-0.0017874,0.00078038
0.12862,0.00094191,0.00052544
0.15891,0.0056732,0.001249
0.20229,-0.0015324,0.0009341
0.25426,0.0039599,0.001294
0.24417,-0.0011313,0.001414
0.23445,-0.0009176,0.0015527
0.23145,-0.0017499,0.0018564
0.1993,-6.6571e-05,0.0019951
0.1705,0.0046647,0.0024263
0.13535,-0.0057126,0.0023663
0.077766,-0.0045466,0.0023325
0.020927,0.0017442,0.00246
-0.026563,-0.0084756,0.0021826
-0.062461,-0.0074671,0.0022501
-0.086019,-0.0042355,0.0023175
-0.10135,-0.0062824,0.0022763
-0.12416,-0.0042617,0.0023775
-0.14136,-0.0055664,0.0021076
-0.15108,-0.0053489,0.0018976
-0.18698,-0.006035,0.0018601
-0.18586,-0.0069423,0.0019689
-0.16006,0.00081445,0.0024338
-0.15707,0.00038331,0.0031236
-0.11219,-0.0057088,0.0036447
-0.093124,0.0018304,0.0043796
-0.11818,-0.0033357,0.0048445
-0.11967,0.0036487,0.004942
-0.11893,0.0022391,0.0057405
-0.11257,-0.0030395,0.0056018
-0.091254,0.0066741,0.0065953
-0.067322,-0.014234,0.0062167
-0.053861,0.01421,0.0068728
-0.022824,-0.015749,0.0072477
0.015318,0.015739,0.0063891
0.066174,-0.0043179,0.0087399
0.1174,-0.015816,0.0056168
0.13872,0.027751,0.009381
0.17424,-0.052609,0.005913
0.19256,0.077369,0.0086536
0.19107,-0.10093,0.0082075
0.1705,0.10751,0.0046458
0.16901,-0.11204,0.014922
0.16602,0.13098,-0.0083338
0.18434,2.769,0.15917
0.25651,3.5584,0.52751
0.26287,3.0909,0.83635
0.29016,3.4321,1.128
0.29615,3.3293,1.4013
0.29203,3.4736,1.6422
0.33952,3.5488,1.8763
0.37318,3.6101,2.0843
0.45507,3.6932,2.2779
0.51901,3.7141,2.4468
0.59941,3.8014,2.5994
0.5923,3.7815,2.7336
0.50256,3.8147,2.8495
0.49732,3.7829,2.9513
0.37318,3.7473,3.0361
0.2408,3.7137,3.1082
0.19855,3.655,3.1638
0.096089,3.5861,3.2062
-0.093872,3.4815,3.2365
-0.24719,3.4141,3.2543
-0.28682,3.3128,3.2615
-0.34105,3.2052,3.258
-0.26588,3.134,3.245
-0.19783,3.0314,3.2242
-0.2326,2.9444,3.1965
-0.18623,2.8516,3.1617
-0.12416,2.7357,3.1191
-0.083028,2.6206,3.0691
-0.12154,2.4854,3.0114
-0.12528,2.3638,2.9459
-0.21727,2.2333,2.8738
-0.39302,2.1007,2.7954
-0.44837,1.9784,2.7115
-0.56204,1.8361,2.6225
-0.62412,1.7042,2.5282
-0.56952,1.5655,2.4287
-0.55307,1.4254,2.3234
-0.51156,1.2934,2.2145
-0.40312,1.1304,2.1003
-0.34927,0.98799,1.9816
-0.29206,0.83122,1.8594
-0.20231,0.65094,1.7339
-0.16791,0.47058,1.613
-0.10472,0.25625,1.4894
-0.051243,0.09445,1.3624
-0.033294,-0.12261,1.2315
-0.031798,-0.28043,1.0918
-0.036659,-0.44817,0.94963
-0.033294,-0.59992,0.79891
-0.020206,-0.69908,0.65172
-0.0037528,-0.93313,0.49377
-0.042642,-0.94793,0.33852
-0.057974,-1.3335,0.17587
-0.024319,-1.0636,0.0096434
0.0074654,-0.0060725,-0.029528
0.069165,-0.049385,-0.00863
0.19144,-0.1171,-0.017103
0.27521,-0.01844,-0.012372
0.28829,-0.096521,-0.014198
0.3313,-0.025684,-0.013961
0.32531,-0.074271,-0.01332
0.27259,-0.035952,-0.014696
0.23706,-0.042565,-0.012983
0.17462,-0.046494,-0.01494
0.096463,-0.028855,-0.013868
0.0059696,-0.04291,-0.01431
-0.032172,-0.025571,-0.014351
-0.083776,-0.035131,-0.014348
-0.13276,-0.030741,-0.01476
-0.093498,-0.031495,-0.014741
-0.089759,-0.028926,-0.01518
-0.086767,-0.026422,-0.015019
-0.065079,-0.032942,-0.01542
-0.051617,-0.029365,-0.015783
-0.076671,-0.028248,-0.01593
-0.067696,-0.027839,-0.016166
-0.037033,-0.022632,-0.016211
-0.068444,-0.022422,-0.01623
-0.046756,-0.023772,-0.016218
-0.084523,-0.02391,-0.016158
-0.12603,-0.02352,-0.016031
-0.13201,-0.019831,-0.015956
-0.16791,-0.015959,-0.015922
-0.15782,-0.015078,-0.015596
-0.1466,-0.017848,-0.015735
-0.085271,-0.022932,-0.016515
-0.043016,-0.022354,-0.017066
0.0063435,-0.020701,-0.017478
0.076644,-0.022707,-0.018183
0.11666,-0.018752,-0.018412
0.20603,-0.023194,-0.019071
0.23781,-0.01567,-0.019589
0.24267,-0.029912,-0.0196
0.24753,-0.018665,-0.020721
0.19406,-0.012015,-0.020065
0.14657,-0.031956,-0.021463
0.13498,0.0015493,-0.020496
0.10619,-0.042119,-0.021662
0.077018,0.011462,-0.02215
0.069913,-0.04032,-0.020376
0.027284,-0.0069835,-0.024373
0.020179,-0.0029271,-0.01915
0.034763,-0.070897,-0.025816
0.023919,0.076379,-0.018847
0.023171,-0.17706,-0.02528
0.050468,0.25623,-0.021325
0.0059696,-0.82685,-0.025857
-0.025441,-3.224,-0.29002
0.011205,-3.0908,-0.67024
-0.046008,-2.8632,-0.977
0.1376,-3.0241,-1.2864
0.2782,-2.8416,-1.5651
0.18845,-2.9519,-1.8292
0.32232,-2.8364,-2.08
0.26586,-2.8394,-2.3123
0.13535,-2.7561,-2.5362
0.27969,-2.6821,-2.7385
0.33204,-2.6437,-2.9298
0.27034,-2.5539,-3.1036
0.42515,-2.5141,-3.2629
0.49097,-2.4343,-3.4069
0.29876,-2.3793,-3.5358
0.45544,-2.2992,-3.6508
0.53247,-2.2303,-3.7486
0.4547,-2.1606,-3.8328
0.5063,-2.084,-3.9033
0.30699,-2.0072,-3.9603
0.22024,-1.9208,-4.0044
0.31036,-1.8523,-4.0356
0.23931,-1.7807,-4.0564
0.083001,-1.7099,-4.0672
0.19855,-1.6356,-4.0686
-0.15931,-1.5549,-4.061
-1.0829,-1.4721,-4.0438
-0.93299,-1.381,-4.0169
-0.24606,-1.2889,-3.9799
0.044111,-1.2024,-3.9332
0.4188,-1.1145,-3.8777
0.48125,-1.0205,-3.8133
0.084497,-0.93381,-3.7408
0.045981,-0.84908,-3.6606
0.26249,-0.75231,-3.5725
0.24566,-0.66588,-3.4775
0.06393,-0.57383,-3.376
-0.24382,-0.45853,-3.2661
-0.70302,-0.37173,-3.1489
-1.0407,-0.277,-3.0262
-0.89186,-0.185,-2.8968
-0.57513,-0.11929,-2.7648
-0.27561,-0.016296,-2.6287
-0.16604,0.088448,-2.4868
-0.44874,0.20534,-2.3384
-0.72845,0.31512,-2.1826
-0.8769,0.46322,-2.0194
-0.78678,0.56006,-1.8479
-0.44799,0.66013,-1.6745
-0.085645,0.8089,-1.4927
0.17761,0.87831,-1.3108
0.28418,1.0628,-1.122
0.33092,1.1084,-0.92995
0.38963,1.3039,-0.73827
0.4016,1.3476,-0.53489
0.34513,1.4839,-0.3444
0.20117,1.7338,-0.12215
-0.023572,0.50636,0.017509
-0.29243,-0.1318,0.0012415
-0.56354,0.18203,-0.0020577
-0.47118,-0.003973,0.0026475
-0.16193,0.068574,-0.0024252
0.12301,0.035759,0.0024375
0.60053,0.021993,-0.0011767
0.83873,0.047002,0.0017364
0.74412,0.0039411,0.00015052
0.58071,0.041116,0.00072415
0.3814,0.0011331,0.0014102
0.18883,0.019496,0.00086287
-0.014597,0.014506,0.0019689
-0.030676,0.0092422,0.001234
-0.13351,0.012151,0.0022838
-0.30066,0.0090173,0.00234
-0.31076,0.010502,0.0026325
-0.29655,0.0048896,0.0031948
-0.13276,0.017344,0.0038959
0.041494,0.011289,0.0052606
0.18509,0.0075327,0.006018
0.11292,0.012987,0.0073452
-0.11182,0.0053507,0.0080725
-0.20531,0.0067079,0.0085712
-0.25317,0.00037956,0.0091485
-0.10322,0.013385,0.009381
0.070287,0.0018979,0.010989
0.1705,-0.00076764,0.010453
0.22958,0.014322,0.012002
0.10955,-0.015018,0.011211
-0.051617,0.030488,0.012358
-0.13351,-0.036514,0.012909
-0.15071,0.029157,0.011319
-0.18025,-0.010834,0.015346
-0.16754,-0.016686,0.010168
-0.16791,0.052153,0.017539
-0.19783,-0.10375,0.0099508
-0.14211,0.17306,0.017547
0.057947,-0.29539,0.012313
0.3313,0.90894,0.02016
0.49359,3.471,0.30754
0.64727,3.2624,0.71631
0.57772,2.9864,1.058
0.40421,3.1351,1.4159
0.34551,2.9166,1.7446
0.12862,3.0113,2.0579
0.14208,2.8972,2.3572
0.24379,2.9611,2.6386
0.18658,2.931,2.9141
0.33504,2.9084,3.1699
0.43002,2.9414,3.4169
0.43076,2.9171,3.6494
0.57585,2.9352,3.8707
0.69177,2.8969,4.0778
0.70486,2.9111,4.2713
0.65213,2.9177,4.4562
0.6196,2.9005,4.6299
0.5837,2.8565,4.7902
0.45806,2.8067,4.934
0.40646,2.7657,5.0642
0.16751,2.6929,5.1824
0.068043,2.6287,5.2858
0.44759,2.5827,5.3754
0.45133,2.517,5.4519
0.39599,2.4345,5.5155
0.34438,2.3607,5.5664
-0.027685,2.2739,5.6037
0.025788,2.192,5.6283
0.19294,2.1054,5.6414
0.15928,2.0086,5.6427
0.075522,1.9352,5.6336
-0.089011,1.8602,5.6141
-0.37171,1.7766,5.5847
-0.41097,1.6936,5.5475
-0.080784,1.6211,5.5024
-0.14996,1.5283,5.4489
-0.086767,1.4352,5.3877
-0.11706,1.3451,5.3179
-0.61664,1.2464,5.2392
-0.65029,1.1775,5.1522
-0.60505,1.0937,5.0577
-0.49324,1.0049,4.956
-0.29542,0.91623,4.8469
-0.28495,0.82709,4.731
-0.30178,0.73936,4.6084
-0.40686,0.64083,4.4784
-0.38928,0.55706,4.3439
-0.33282,0.45385,4.2034
-0.30963,0.36524,4.0562
-0.36759,0.28686,3.9059
-0.50446,0.18012,3.7494
-0.60093,0.10264,3.5892
-0.70638,0.024677,3.4273
-0.65067,-0.087958,3.2598
-0.53063,-0.20907,3.0859
-0.37732,-0.315,2.9056
-0.18212,-0.44884,2.7183
-0.12528,-0.55345,2.5244
-0.14847,-0.65208,2.3285
-0.1825,-0.77684,2.1263
-0.17352,-0.86216,1.9221
-0.13388,-1.016,1.7121
-0.068444,-1.0859,1.4985
-0.048999,-1.2494,1.2837
-0.069566,-1.3284,1.0617
-0.072183,-1.4543,0.84603
-0.13014,-1.6109,0.61601
-0.08041,-1.5659,0.40037
0.011205,-1.9909,0.16498
0.053086,-1.1125,-0.040667
0.14059,0.091166,-0.060646
0.12488,-0.17986,-0.040299
0.048225,-0.10878,-0.051337
0.03065,-0.075215,-0.043733
0.047477,-0.12583,-0.048255
0.10132,-0.047597,-0.045466
0.19518,-0.11432,-0.04647
0.23632,-0.053239,-0.046752
0.2079,-0.08945,-0.045499
0.18135,-0.065978,-0.047471
0.12451,-0.062668,-0.045732
0.045981,-0.073071,-0.047168
0.011953,-0.054476,-0.046564
0.01831,-0.06663,-0.046905
-0.01871,-0.056275,-0.047655
-0.072183,-0.065266,-0.048435
-0.098733,-0.057805,-0.049683
-0.10621,-0.05785,-0.050265
-0.040025,-0.054667,-0.051723
0.085992,-0.047165,-0.05188
0.16041,-0.054004,-0.053118
0.17462,-0.04489,-0.053774
0.16788,-0.057839,-0.054291
0.078888,-0.032094,-0.054928
-0.02245,-0.047582,-0.054572
-0.057226,-0.03849,-0.056387
-0.071062,-0.031348,-0.054546
-0.05573,-0.060392,-0.057219
-0.042268,-0.0037481,-0.05524
-0.086767,-0.088052,-0.056739
-0.063957,0.012196,-0.057842
-0.035911,-0.077825,-0.054464
0.0014823,-0.011486,-0.061508
0.10394,-0.018369,-0.051119
0.080383,-0.12647,-0.066442
0.075896,0.23319,-0.04358
0.0089611,-1.8013,-0.11854
0.019057,-3.499,-0.49018
0.02878,-2.901,-0.88349
-0.021328,-3.0749,-1.2266
0.31821,-3.0194,-1.5831
0.38253,-2.9067,-1.9017
0.38589,-2.9579,-2.2139
0.51041,-2.8529,-2.5053
0.24118,-2.9337,-2.7874
0.19967,-2.867,-3.0575
0.26025,-2.8875,-3.3112
0.17312,-2.8684,-3.5563
0.21351,-2.8652,-3.7864
0.33803,-2.8494,-4.007
0.39225,-2.8013,-4.2122
0.4259,-2.8237,-4.4068
0.55977,-2.8002,-4.5919
0.51116,-2.7824,-4.7656
0.52013,-2.7439,-4.9263
0.56426,-2.683,-5.0708
0.40421,-2.6356,-5.2015
0.3657,-2.5878,-5.3183
0.34364,-2.5336,-5.4213
0.35373,-2.4688,-5.5115
0.39374,-2.4123,-5.5876
0.48386,-2.3516,-5.6502
0.55304,-2.2774,-5.6994
0.50929,-2.208,-5.735
0.48162,-2.1403,-5.7583
0.34663,-2.0632,-5.7694
0.24753,-1.9869,-5.7682
0.096463,-1.9152,-5.7555
0.0014823,-1.8474,-5.7327
-0.0033789,-1.7815,-5.7013
-0.095742,-1.708,-5.6614
-0.078166,-1.6363,-5.6129
-0.074801,-1.5603,-5.5559
-0.054982,-1.4757,-5.4901
-0.072931,-1.3921,-5.4152
-0.10247,-1.3053,-5.3315
-0.11332,-1.2195,-5.2397
-0.24083,-1.1332,-5.1403
-0.33656,-1.0411,-5.0336
-0.45173,-0.95208,-4.9205
-0.50333,-0.8597,-4.8007
-0.51044,-0.76664,-4.6736
-0.50296,-0.68067,-4.5413
-0.46594,-0.57233,-4.4026
-0.52016,-0.46707,-4.2559
-0.51829,-0.38788,-4.1047
-0.52091,-0.29558,-3.9498
-0.57887,-0.21009,-3.7903
-0.5957,-0.12363,-3.6278
-0.58859,-0.025669,-3.461
-0.60953,0.085317,-3.2889
-0.60131,0.21166,-3.1097
-0.50483,0.326,-2.9238
-0.46519,0.45508,-2.7308
-0.38816,0.54719,-2.5331
-0.27187,0.6686,-2.3326
-0.22812,0.76688,-2.126
-0.16679,0.89008,-1.918
-0.17352,1.0217,-1.7024
-0.23036,1.09,-1.4876
-0.21765,1.286,-1.266
-0.14921,1.3167,-1.0438
-0.12678,1.5366,-0.82174
-0.11219,1.5505,-0.59017
0.034015,1.6938,-0.37441
0.11479,1.8899,-0.12673
0.17088,0.49416,0.01965
0.27184,-0.12316,-0.00075303
0.26773,0.20314,-0.0022564
0.32756,-0.0060987,0.0020214
0.30587,0.089055,-0.0030025
0.21949,0.030109,0.0019876
0.23744,0.030934,-0.0019753
0.16265,0.057923,0.0015865
0.16265,0.0026552,-0.0002019
0.22098,0.04007,0.00064166
0.19144,0.0031088,0.0013203
0.19219,0.033018,0.00081038
0.19743,0.016901,0.0019614
0.18322,0.01199,0.0011516
0.13685,0.020032,0.002325
0.10282,0.010374,0.002355
0.05346,0.018184,0.0025237
0.0074654,0.0090848,0.0031011
0.029902,0.014202,0.003521
0.0011084,0.015747,0.0040084
0.0052217,0.0094522,0.0050282
0.050842,0.010217,0.0063067
0.053834,0.011158,0.0067303
0.061312,0.0082712,0.0076639
0.037006,0.0074277,0.0080988
-0.021702,0.011945,0.0087324
-0.084897,-5.5324e-05,0.009111
-0.1208,0.01599,0.009246
-0.15669,-0.00073015,0.010506
-0.1537,-0.00136,0.0097109
-0.10359,0.018206,0.01151
-0.048625,-0.017604,0.010356
0.03738,0.030435,0.011634
0.080009,-0.032064,0.01232
0.12039,0.029074,0.010854
0.14769,-0.013481,0.014622
0.12077,-0.013503,0.0093172
0.0744,0.038976,0.016534
0.046355,-0.09441,0.0087249
0.015318,0.16862,0.016819
-0.014223,-0.30482,0.010266
0.0074654,0.96504,0.021551
0.013448,3.4092,0.3099
0.1376,3.1179,0.70795
0.18583,2.8791,1.0372
0.19032,2.9915,1.3804
0.29951,2.7602,1.6939
0.18322,2.8427,1.9926
0.18322,2.7272,2.2756
0.23669,2.7864,2.542
0.13161,2.7199,2.7997
0.23145,2.6924,3.0362
0.28717,2.7024,3.2664
0.28941,2.6643,3.4845
0.43675,2.6768,3.6914
0.50368,2.5712,3.8807
0.43637,2.5457,4.0528
0.39599,2.5116,4.2124
0.34775,2.4359,4.356
0.215,2.3918,4.4854
0.18546,2.3238,4.5996
0.13872,2.2581,4.6992
0.068043,2.1871,4.7843
0.12002,2.1103,4.8548
0.18658,2.0468,4.9117
0.26586,1.9806,4.9558
0.36196,1.9073,4.9868
0.45806,1.8328,5.0055
0.43936,1.7578,5.0123
0.36383,1.6948,5.0082
0.25165,1.6182,4.9951
0.099828,1.5501,4.973
-0.0037528,1.5002,4.9419
-0.10883,1.4145,4.9022
-0.13314,1.3269,4.8528
-0.14809,1.2504,4.7937
-0.15819,1.1737,4.7254
-0.11406,1.0892,4.6486
-0.10733,0.9994,4.5639
-0.14174,0.91709,4.4715
-0.19035,0.83307,4.3714
-0.22138,0.73663,4.2647
-0.30963,0.63757,4.1501
-0.40611,0.56577,4.0293
-0.45697,0.4702,3.9031
-0.48725,0.36715,3.769
-0.48613,0.28488,3.6293
-0.48501,0.186,3.4847
-0.44201,0.10651,3.3355
-0.43827,0.034634,3.184
-0.49436,-0.086046,3.028
-0.52091,-0.20132,2.8644
-0.57999,-0.30473,2.6947
-0.65515,-0.43376,2.5164
-0.65291,-0.52554,2.3333
-0.62374,-0.64868,2.1453
-0.58186,-0.73262,1.9526
-0.47267,-0.86521,1.758
-0.37507,-0.97592,1.5545
-0.27,-1.0749,1.3522
-0.15669,-1.2427,1.1408
-0.081158,-1.2749,0.9325
-0.038155,-1.5156,0.71823
-0.053487,-1.4665,0.50048
-0.048999,-1.7471,0.28949
-0.039651,-1.6672,0.05343
0.042989,-0.22275,-0.045968
0.12638,0.02158,-0.017501
0.14994,-0.19593,-0.02435
0.30475,-0.012015,-0.022809
0.37019,-0.1221,-0.021283
0.38664,-0.035225,-0.023837
0.46068,-0.078241,-0.020822
0.4188,-0.059372,-0.023987
0.39524,-0.045538,-0.021418
0.35485,-0.069468,-0.023263
0.28268,-0.033129,-0.022779
0.23145,-0.058319,-0.022892
0.17798,-0.037872,-0.02357
0.16153,-0.04333,-0.023087
0.13834,-0.044162,-0.023878
0.15143,-0.042239,-0.023739
0.12039,-0.037305,-0.024309
0.079261,-0.035933,-0.024395
0.061686,-0.039326,-0.024628
-0.0071182,-0.035169,-0.025205
-0.022076,-0.040811,-0.025677
-0.040773,-0.038273,-0.026843
-0.035164,-0.035866,-0.027886
-0.034042,-0.035528,-0.028099
-0.055356,-0.03076,-0.028786
-0.04713,-0.03341,-0.029104
-0.086019,-0.03151,-0.029809
-0.09088,-0.021826,-0.029727
-0.10546,-0.040278,-0.030465
-0.13613,-0.017743,-0.031088
-0.16679,-0.032061,-0.030536
-0.21353,-0.020457,-0.032411
-0.22438,-0.017046,-0.030649
-0.24532,-0.042322,-0.033266
-0.20942,0.0084887,-0.031579
-0.14735,-0.070169,-0.03294
-0.067322,0.03018,-0.033738
0.0089611,-0.067534,-0.031136
0.055703,0.0038399,-0.037345
0.11853,-0.013383,-0.027395
0.12152,-0.10428,-0.042316
0.16153,0.23399,-0.019143
0.11404,-1.8262,-0.097332
0.15106,-3.4909,-0.46089
0.22248,-2.8565,-0.83892
0.14208,-2.9769,-1.1677
0.40347,-2.9186,-1.507
0.50892,-2.8142,-1.8096
0.49882,-2.8455,-2.1049
0.70037,-2.7457,-2.3778
0.53285,-2.8139,-2.6413
0.42665,-2.723,-2.8912
0.5134,-2.7469,-3.124
0.43002,-2.7378,-3.3501
0.40683,-2.7249,-3.5624
0.48274,-2.7019,-3.7643
0.47115,-2.625,-3.9481
0.43301,-2.585,-4.1159
0.48498,-2.5268,-4.2683
0.37392,-2.4858,-4.4061
0.27259,-2.4249,-4.5303
0.28979,-2.3627,-4.6391
0.16302,-2.3057,-4.7338
0.13573,-2.2335,-4.8142
0.16564,-2.1648,-4.8802
0.19406,-2.0971,-4.9325
0.2681,-2.0289,-4.972
0.30886,-1.9557,-4.9991
0.33429,-1.8807,-5.0136
0.30437,-1.8133,-5.0167
0.27371,-1.7466,-5.0097
0.13909,-1.6789,-4.9935
-0.002631,-1.6134,-4.9683
-0.094994,-1.544,-4.934
-0.20792,-1.4652,-4.8905
-0.24569,-1.3773,-4.8373
-0.2528,-1.291,-4.7747
-0.22176,-1.2037,-4.7031
-0.21578,-1.1169,-4.6228
-0.19596,-1.0338,-4.535
-0.17614,-0.94628,-4.4399
-0.18436,-0.85804,-4.3377
-0.18698,-0.76386,-4.228
-0.23709,-0.67892,-4.1116
-0.26065,-0.58533,-3.9895
-0.31637,-0.4722,-3.8592
-0.35039,-0.38576,-3.7222
-0.36273,-0.30511,-3.5814
-0.38442,-0.20742,-3.4354
-0.37358,-0.12564,-3.2854
-0.41546,-0.042704,-3.1326
-0.43752,0.078175,-2.9735
-0.48651,0.1833,-2.8081
-0.5598,0.31707,-2.6357
-0.58897,0.43772,-2.4544
-0.58597,0.54292,-2.2694
-0.54484,0.66367,-2.0778
-0.48539,0.74495,-1.885
-0.38405,0.89594,-1.6858
-0.29056,0.96127,-1.4831
-0.1911,1.1373,-1.2787
-0.10397,1.2262,-1.066
-0.046382,1.3522,-0.85943
-0.025067,1.5153,-0.63787
-0.048625,1.4812,-0.43009
-0.062835,1.9006,-0.20184
-0.08415,1.0226,-0.0034974
-0.047877,-0.13701,0.013441
-0.037033,0.14683,-0.0053383
0.019805,0.064259,0.0059655
0.15218,0.032715,-0.0016941
0.1619,0.080758,0.0033186
0.25127,0.0023253,0.00067541
0.31896,0.067412,0.0017964
0.29951,0.0052758,0.0024788
0.36196,0.03772,0.001249
0.35897,0.018716,0.0032961
0.35336,0.017846,0.0019651
0.31858,0.025239,0.0033711
0.27857,0.0097783,0.0030299
0.28829,0.020489,0.0033261
0.23033,0.0089198,0.003776
0.1806,0.014446,0.0039972
0.12638,0.0089236,0.0045708
0.048225,0.0095534,0.0046345
-0.030676,0.013546,0.0051369
-0.077793,0.012534,0.0055831
-0.093498,0.014127,0.0066966
-0.13052,0.0073565,0.0077538
-0.1294,0.0078251,0.00826
-0.074053,0.0062393,0.0090885
-0.056478,0.0021903,0.0093135
-0.046382,0.012748,0.010326
-0.0052485,-0.0027246,0.010524
-0.030676,0.0090285,0.010764
-0.049747,-0.0029571,0.011777
-0.051243,0.004211,0.011181
-0.11107,0.0076189,0.013104
-0.14024,-0.012285,0.011394
-0.16903,0.027114,0.013546
-0.20082,-0.031802,0.012935
-0.19708,0.041742,0.013055
-0.17651,-0.036008,0.015256
-0.15183,0.026765,0.011188
-0.15707,0.004466,0.018473
-0.091254,-0.057333,0.0084887
-0.069192,0.13149,0.021614
-0.042268,-0.31434,0.0048295
0.040372,1.4768,0.050731
0.074774,3.5759,0.38565
0.2595,3.0104,0.77376
0.29465,2.9683,1.103
0.34139,2.9931,1.4463
0.49658,2.8309,1.754
0.39449,2.9009,2.0524
0.48611,2.7782,2.3301
0.53023,2.8516,2.595
0.42291,2.7903,2.8504
0.53285,2.7779,3.086
0.52574,2.7753,3.3133
0.47751,2.7554,3.5274
0.5493,2.7644,3.7321
0.57585,2.7074,3.9223
0.53846,2.6512,4.097
0.55603,2.6035,4.2555
0.51303,2.5498,4.397
0.40122,2.4997,4.5247
0.40534,2.4525,4.6385
0.32382,2.3698,4.7378
0.26511,2.3132,4.8227
0.32756,2.2339,4.8937
0.35598,2.1512,4.9504
0.38851,2.1061,4.9946
0.4446,2.0274,5.0258
0.47713,1.9536,5.0438
0.41992,1.8799,5.0503
0.35037,1.8017,5.0454
0.23519,1.7452,5.0309
0.072157,1.6808,5.008
-0.091628,1.6084,4.9761
-0.21839,1.5363,4.9356
-0.28009,1.4527,4.8863
-0.35002,1.3583,4.8272
-0.34254,1.2691,4.7589
-0.32048,1.1924,4.6822
-0.33544,1.1037,4.5976
-0.32908,1.0026,4.5053
-0.34105,0.92736,4.4059
-0.37694,0.83451,4.2997
-0.41135,0.72584,4.1864
-0.4177,0.65338,4.0658
-0.44762,0.55711,3.9404
-0.47529,0.45155,3.8076
-0.47865,0.36455,3.668
-0.48912,0.2648,3.5243
-0.47305,0.17994,3.3751
-0.49286,0.10935,3.2232
-0.53587,0.009111,3.0686
-0.56092,-0.10489,2.907
-0.60355,-0.21226,2.7397
-0.63833,-0.35853,2.5642
-0.63907,-0.45937,2.3817
-0.58934,-0.57832,2.1954
-0.52988,-0.68099,2.0027
-0.44276,-0.78245,1.8092
-0.31263,-0.92527,1.6076
-0.21278,-0.99105,1.4062
-0.14211,-1.189,1.1986
-0.081158,-1.2318,0.988
-0.03479,-1.4257,0.77971
-0.059844,-1.4901,0.55864
-0.091254,-1.5884,0.3528
-0.08041,-1.8739,0.116
-0.037781,-0.63006,-0.040187
0.023171,0.11516,-0.026825
0.042242,-0.21429,-0.021051
0.13984,-0.031697,-0.026975
0.20902,-0.10088,-0.021126
0.1978,-0.076138,-0.026026
0.25576,-0.055638,-0.02203
0.25277,-0.086376,-0.025021
0.25688,-0.032705,-0.023559
0.28081,-0.077049,-0.023855
0.23407,-0.044657,-0.024823
0.21949,-0.06287,-0.023882
0.19967,-0.050015,-0.024841
0.18209,-0.040631,-0.024309
0.16041,-0.047229,-0.025168
0.13498,-0.039221,-0.025078
0.1002,-0.044065,-0.025434
0.022797,-0.035401,-0.02576
-0.014597,-0.042187,-0.025951
-0.071062,-0.042933,-0.026379
-0.10322,-0.038258,-0.026915
-0.088263,-0.041786,-0.028351
-0.09462,-0.036631,-0.029175
-0.060965,-0.036537,-0.029622
-0.038903,-0.037789,-0.030206
-0.046008,-0.036301,-0.030578
-0.027311,-0.032484,-0.031601
-0.011979,-0.027749,-0.03126
-0.028807,-0.039682,-0.032269
-0.042268,-0.021391,-0.03231
-0.068818,-0.0424,-0.032448
-0.10247,-0.01486,-0.033948
-0.099481,-0.033035,-0.032212
-0.10509,-0.034359,-0.03505
-0.099107,-0.0011088,-0.032422
-0.074053,-0.066679,-0.035587
-0.026937,0.036677,-0.033896
-0.019084,-0.093721,-0.033824
0.023171,0.047969,-0.037491
0.061686,-0.076445,-0.029637
0.020179,-0.015025,-0.044412
0.081879,0.083176,-0.016661
0.045233,-2.3253,-0.14569
0.1361,-3.469,-0.53735
0.22248,-2.8225,-0.90031
0.20864,-3.067,-1.2339
0.52724,-2.9156,-1.5689
0.58707,-2.8951,-1.8683
0.64989,-2.8836,-2.1618
0.82714,-2.8258,-2.4309
0.63381,-2.8899,-2.6938
0.59679,-2.8012,-2.9399
0.65625,-2.8346,-3.1714
0.57062,-2.8105,-3.3934
0.53734,-2.8243,-3.6028
0.62409,-2.8033,-3.8033
0.61511,-2.7436,-3.9866
0.5306,-2.6993,-4.1543
0.57436,-2.6354,-4.3055
0.45133,-2.5997,-4.4421
0.3728,-2.5424,-4.5654
0.35897,-2.4804,-4.6735
0.24267,-2.4189,-4.7675
0.29989,-2.3529,-4.847
0.35111,-2.2874,-4.9129
0.40907,-2.2171,-4.9657
0.46404,-2.1468,-5.0054
0.5149,-2.0726,-5.0327
0.53734,-1.9947,-5.0475
0.44572,-1.9183,-5.0502
0.38664,-1.8479,-5.0424
0.20939,-1.7811,-5.0254
0.031771,-1.7121,-4.9998
-0.11668,-1.6381,-4.9652
-0.26027,-1.5604,-4.9217
-0.33618,-1.477,-4.8691
-0.40723,-1.3871,-4.8076
-0.40461,-1.2999,-4.7369
-0.40648,-1.2125,-4.6576
-0.40349,-1.1222,-4.5707
-0.4364,-1.0356,-4.4762
-0.45061,-0.94251,-4.3743
-0.43752,-0.8472,-4.2656
-0.48277,-0.76404,-4.1504
-0.49436,-0.66748,-4.0292
-0.52951,-0.55567,-3.901
-0.53811,-0.46064,-3.7647
-0.53624,-0.3734,-3.624
-0.54522,-0.27689,-3.4796
-0.54895,-0.18488,-3.3297
-0.58971,-0.10824,-3.1769
-0.60505,0.0026252,-3.0199
-0.64393,0.1151,-2.8559
-0.70339,0.23648,-2.6863
-0.72246,0.37282,-2.5074
-0.69292,0.47343,-2.3236
-0.65515,0.60411,-2.1345
-0.55793,0.68106,-1.9416
-0.41733,0.83002,-1.7453
-0.32384,0.92953,-1.5422
-0.18063,1.049,-1.3404
-0.099855,1.1957,-1.1285
-0.046382,1.2543,-0.92205
0.026536,1.4919,-0.70578
-0.0059964,1.4218,-0.49223
0.016066,1.7967,-0.27776
0.015318,1.4879,-0.048337
0.013822,0.048464,0.023575
0.081131,0.012028,-0.0055107
0.11853,0.14074,0.0048895
0.20902,-0.011055,0.00067541
0.22809,0.096538,0.0017552
0.25501,-0.0040818,0.0025013
0.31746,0.05892,0.00068291
0.26586,0.022476,0.0036972
0.29353,0.019365,0.001159
0.29839,0.036726,0.003476
0.261,0.0088186,0.0027974
0.27147,0.026533,0.0033336
0.21986,0.009201,0.0036785
0.2079,0.018109,0.003701
0.1877,0.012054,0.0043496
0.15031,0.017036,0.0041321
0.10955,0.0083912,0.0047058
0.041494,0.0014293,0.004777
-0.00824,0.014202,0.0055718
-0.069192,0.0097258,0.0061005
-0.073679,0.013115,0.0069778
-0.083402,0.013441,0.0082937
-0.076671,0.012245,0.0089798
-0.032172,0.0042823,0.0097896
-0.027311,0.0062355,0.01009
-0.015719,0.011375,0.010783
-0.0045007,-0.0064736,0.010656
-0.018336,0.010232,0.011664
-0.05573,-0.007992,0.012084
-0.046756,0.014963,0.011837
-0.060965,0.000627,0.01352
-0.097611,-0.0025747,0.011743
-0.091254,0.023455,0.014671
-0.085645,-0.029069,0.012467
-0.049747,0.047456,0.014544
-0.011605,-0.05409,0.014619
0.015318,0.055303,0.012643
0.042989,-0.040728,0.018237
0.098332,0.0052833,0.0088036
0.10656,0.063708,0.02422
0.12451,-0.22984,-0.001083
0.12862,2.0154,0.092043
0.18396,3.6051,0.46364
0.35897,2.9196,0.83602
0.32419,3.0643,1.1692
0.44983,2.9653,1.5097
0.55865,2.8955,1.813
0.43151,2.9313,2.111
0.59642,2.8338,2.3848
0.61287,2.923,2.6499
0.53434,2.8415,2.9016
0.6368,2.8535,3.1366
0.59941,2.8349,3.3614
0.56089,2.8393,3.5725
0.60726,2.8432,3.776
0.61287,2.801,3.9645
0.55342,2.7718,4.1395
0.56351,2.6917,4.2981
0.50929,2.6322,4.4393
0.40795,2.5957,4.5671
0.41805,2.5304,4.6807
0.32718,2.4683,4.7797
0.31596,2.4159,4.8648
0.38701,2.3292,4.9355
0.42179,2.2649,4.9924
0.49059,2.2003,5.0369
0.51901,2.1182,5.0683
0.54033,2.0483,5.0874
0.4876,1.9696,5.0945
0.39374,1.8907,5.0898
0.24716,1.8163,5.0755
0.048599,1.751,5.0525
-0.11631,1.6855,5.021
-0.29243,1.6094,4.9813
-0.40686,1.5302,4.9324
-0.4536,1.4436,4.8747
-0.47716,1.353,4.8079
-0.46893,1.2697,4.7321
-0.44388,1.1791,4.6482
-0.46744,1.0863,4.5567
-0.49698,1.0023,4.458
-0.48127,0.91082,4.3523
-0.51867,0.81066,4.2398
-0.58934,0.71825,4.1198
-0.62337,0.63205,3.9947
-0.62636,0.52566,3.8638
-0.6574,0.42357,3.725
-0.66188,0.32999,3.5814
-0.63833,0.23558,3.4333
-0.67161,0.16301,3.2814
-0.68357,0.075453,3.1274
-0.69404,-0.046802,2.9678
-0.73817,-0.15102,2.8015
-0.76322,-0.28404,2.6289
-0.74602,-0.40363,2.4478
-0.69928,-0.50295,2.2631
-0.6301,-0.633,2.0724
-0.50259,-0.71555,1.8791
-0.40349,-0.87224,1.6807
-0.29692,-0.94938,1.4776
-0.16941,-1.1056,1.2742
-0.13089,-1.2176,1.0619
-0.065827,-1.313,0.85607
-0.051617,-1.5118,0.6367
-0.081532,-1.4596,0.42745
-0.061339,-1.8823,0.20492
-0.041147,-1.2274,-0.0066467
0.050468,0.056221,-0.042238
0.10619,-0.12568,-0.01816
0.20752,-0.12709,-0.02982
0.32606,-0.046622,-0.022704
0.31297,-0.11783,-0.026379
0.36233,-0.030062,-0.02462
0.37318,-0.095974,-0.024564
0.31783,-0.043319,-0.026304
0.32045,-0.063635,-0.024099
0.28717,-0.056759,-0.026236
0.23706,-0.049583,-0.02513
0.1993,-0.058345,-0.025914
0.20004,-0.040335,-0.025794
0.20341,-0.052013,-0.026139
0.15592,-0.042584,-0.026427
0.12974,-0.04498,-0.02639
0.086366,-0.038325,-0.026978
0.031771,-0.036597,-0.026945
-0.02058,-0.041377,-0.027695
-0.064705,-0.044042,-0.028414
-0.065079,-0.040713,-0.02946
-0.094994,-0.0378,-0.03036
-0.072183,-0.038816,-0.03108
-0.017215,-0.028866,-0.031582
-0.03292,-0.036057,-0.031867
-0.019458,-0.031337,-0.032797
-0.011979,-0.032162,-0.032403
-0.052365,-0.039585,-0.033543
-0.072183,-0.019067,-0.033356
-0.089759,-0.04537,-0.034169
-0.12341,-0.013181,-0.034874
-0.13687,-0.045227,-0.033941
-0.093872,-0.020053,-0.036213
-0.048625,-0.020281,-0.03339
-0.023198,-0.053134,-0.037802
0.057947,0.028073,-0.033768
0.093097,-0.1021,-0.037041
0.11366,0.078899,-0.036625
0.12376,-0.14395,-0.033198
0.13386,0.10055,-0.043748
0.1447,-0.18774,-0.019278
0.07627,-2.778,-0.20662
0.22211,-3.3621,-0.614
0.23519,-2.8237,-0.96291
0.28156,-3.1149,-1.3021
0.62671,-2.9091,-1.6307
0.61549,-2.9545,-1.9295
0.74973,-2.8977,-2.2201
0.91913,-2.8882,-2.4869
0.71309,-2.9283,-2.7493
0.73104,-2.863,-2.9936
0.74038,-2.8906,-3.2255
0.60352,-2.8526,-3.4444
0.60801,-2.8848,-3.6519
0.67794,-2.8625,-3.8509
0.60539,-2.8214,-4.034
0.55342,-2.7762,-4.2024
0.60689,-2.7142,-4.3539
0.46292,-2.6761,-4.491
0.42553,-2.6213,-4.6143
0.41057,-2.5629,-4.7232
0.32606,-2.4976,-4.8177
0.39225,-2.4331,-4.898
0.42441,-2.364,-4.9644
0.4962,-2.2915,-5.0179
0.51939,-2.2262,-5.0583
0.56202,-2.1534,-5.0861
0.56127,-2.0715,-5.1021
0.46255,-1.9958,-5.1061
0.37056,-1.9246,-5.0994
0.15554,-1.8514,-5.0831
-0.017589,-1.7839,-5.0576
-0.22138,-1.7108,-5.0242
-0.39564,-1.6279,-4.9818
-0.49361,-1.5446,-4.9302
-0.55905,-1.4533,-4.8699
-0.54185,-1.3653,-4.8002
-0.57887,-1.2784,-4.7222
-0.56055,-1.1841,-4.6364
-0.53774,-1.0932,-4.5429
-0.50034,-1.0007,-4.4425
-0.46444,-0.90461,-4.3349
-0.51007,-0.80932,-4.2204
-0.50109,-0.72054,-4.0996
-0.53774,-0.61544,-3.9727
-0.60318,-0.50444,-3.8381
-0.61813,-0.42334,-3.6977
-0.63085,-0.3347,-3.5542
-0.66974,-0.23387,-3.4049
-0.73368,-0.15434,-3.2518
-0.75013,-0.056062,-3.0964
-0.76135,0.066343,-2.9338
-0.77893,0.175,-2.7655
-0.74004,0.31625,-2.5895
-0.68021,0.42182,-2.4061
-0.59607,0.53721,-2.2188
-0.49436,0.64122,-2.0259
-0.39078,0.75515,-1.8317
-0.28121,0.90283,-1.6291
-0.1623,0.97776,-1.4264
-0.077793,1.1651,-1.2177
-0.028807,1.2039,-1.0068
0.052338,1.4136,-0.79742
0.028406,1.4681,-0.57621
0.00073447,1.5813,-0.3703
0.064304,1.8496,-0.13286
0.066922,0.57105,0.019241
0.10207,-0.13881,0.0038922
0.172,0.19255,-0.00047184
0.25501,0.00066449,0.0049944
0.26623,0.073886,-0.00073803
0.25613,0.035654,0.0043608
0.35373,0.017554,0.0007129
0.37019,0.056483,0.0039634
0.38776,0.0069516,0.00234
0.41244,0.046365,0.0028274
0.35411,0.01229,0.003791
0.32531,0.027556,0.0028612
0.27857,0.016103,0.0042221
0.2079,0.013906,0.0039147
0.15368,0.016673,0.004627
0.10768,0.0086349,0.0046683
0.039624,0.013771,0.0050244
-0.034416,0.0065504,0.0051594
-0.078166,0.012478,0.0054106
-0.10771,0.011282,0.0061417
-0.081158,0.017093,0.006839
-0.061713,0.016212,0.00814
-0.044138,0.006468,0.0089273
0.0074654,0.0093135,0.0094747
0.0059696,0.0034275,0.0098721
0.0127,0.011638,0.010464
0.027658,0.0050208,0.011582
0.013822,0.0040049,0.011184
-0.013101,0.014052,0.012384
-0.058722,-0.0080895,0.012155
-0.088263,0.01686,0.01295
-0.096863,-0.01699,0.013194
-0.086393,0.017996,0.012538
-0.087515,-0.0096078,0.015177
-0.054234,-0.008067,0.012118
-0.0037528,0.025044,0.016459
0.023919,-0.04844,0.012624
0.051964,0.081088,0.016343
0.093097,-0.10617,0.015008
0.12264,0.12197,0.012673
0.10805,-0.1472,0.022203
0.16564,0.22878,-0.00030313
0.17387,2.8998,0.19548
0.28941,3.4286,0.60022
0.4016,2.8536,0.94443
0.35074,3.1108,1.2842
0.52687,2.9013,1.6109
0.50406,2.9505,1.9093
0.44909,2.8763,2.1993
0.61325,2.8784,2.4652
0.52612,2.9122,2.7267
0.54631,2.8135,2.969
0.64279,2.8521,3.1994
0.55342,2.8384,3.4179
0.56202,2.8569,3.6253
0.65999,2.8231,3.8225
0.63979,2.778,4.0032
0.59044,2.7368,4.1696
0.61848,2.6674,4.3184
0.51303,2.6201,4.4526
0.43002,2.5677,4.5735
0.41955,2.5066,4.6794
0.33728,2.441,4.7716
0.34476,2.3638,4.8492
0.39561,2.2958,4.9127
0.44796,2.2336,4.9636
0.47713,2.1551,5.0005
0.52013,2.075,5.0251
0.5048,1.9981,5.0381
0.40608,1.924,5.0389
0.30961,1.8506,5.0301
0.099454,1.7806,5.0122
-0.09088,1.7106,4.9852
-0.2599,1.6346,4.9498
-0.41621,1.554,4.906
-0.48389,1.4634,4.8528
-0.53587,1.3788,4.7907
-0.52054,1.2874,4.7195
-0.47978,1.1909,4.6396
-0.47267,1.1161,4.5527
-0.47678,1.0248,4.4585
-0.47379,0.93371,4.3567
-0.48576,0.84675,4.2487
-0.52128,0.73906,4.1333
-0.55942,0.65456,4.0112
-0.58485,0.54924,3.884
-0.6286,0.4373,3.7489
-0.67871,0.35949,3.6082
-0.64992,0.2608,3.463
-0.66151,0.16971,3.3129
-0.70638,0.099762,3.161
-0.6989,-0.0071485,3.0051
-0.73069,-0.1189,2.842
-0.76733,-0.23891,2.6731
-0.76023,-0.37442,2.4955
-0.68544,-0.46777,2.3128
-0.60991,-0.59999,2.1252
-0.50745,-0.68485,1.9334
-0.34404,-0.82177,1.7392
-0.23746,-0.92945,1.5373
-0.11294,-1.0349,1.3365
-0.035538,-1.2082,1.1257
0.020179,-1.2478,0.91916
0.049346,-1.4871,0.70573
-0.0089879,-1.439,0.49003
0.015318,-1.7458,0.27997
-0.011605,-1.6251,0.046659
0.003352,-0.18691,-0.046208
0.081131,0.0076901,-0.017632
0.12226,-0.19459,-0.025183
0.26287,-0.014661,-0.022971
0.29203,-0.12621,-0.022146
0.3197,-0.036188,-0.024189
0.39935,-0.078916,-0.021332
0.34999,-0.058555,-0.024515
0.36383,-0.048987,-0.022
0.35897,-0.06906,-0.023735
0.29764,-0.037156,-0.023259
0.26698,-0.061888,-0.023435
0.19967,-0.037527,-0.023953
0.16676,-0.049883,-0.023904
0.12974,-0.04712,-0.024579
0.086366,-0.043394,-0.024388
0.042989,-0.043791,-0.024804
-0.01871,-0.036432,-0.024733
-0.050121,-0.046344,-0.0254
-0.099107,-0.040946,-0.025876
-0.10771,-0.042832,-0.026652
-0.097237,-0.040717,-0.027792
-0.072557,-0.032799,-0.028433
-0.0059964,-0.034415,-0.029273
0.024293,-0.033005,-0.029449
0.043737,-0.040488,-0.030368
0.046729,-0.023179,-0.030671
0.038502,-0.036649,-0.03066
0.022049,-0.029976,-0.031939
-0.010858,-0.025507,-0.030983
-0.050495,-0.043731,-0.032917
-0.091254,-0.0080745,-0.031616
-0.1107,-0.055668,-0.032726
-0.089011,0.0040911,-0.033599
-0.071062,-0.050131,-0.031965
-0.027685,-0.0099452,-0.035886
0.028032,-0.017676,-0.030608
0.034763,-0.069633,-0.037817
0.10506,0.0741,-0.030072
0.098706,-0.18601,-0.038098
0.1376,0.27261,-0.03141
0.15218,-0.96305,-0.042249
0.12039,-3.3491,-0.33394
0.27259,-3.0858,-0.73748
0.19518,-2.923,-1.0688
0.38215,-3.0828,-1.4125
0.63979,-2.8741,-1.7255
0.57099,-2.9679,-2.0224
0.81031,-2.8535,-2.303
0.78264,-2.9229,-2.5667
0.62446,-2.8901,-2.8239
0.71795,-2.8574,-3.0606
0.65625,-2.8706,-3.2878
0.61175,-2.8556,-3.5012
0.64802,-2.881,-3.7061
0.67831,-2.827,-3.8987
0.60577,-2.7881,-4.0747
0.60464,-2.7306,-4.2349
0.59118,-2.6818,-4.3792
0.44236,-2.6369,-4.5103
0.45769,-2.576,-4.6269
0.37729,-2.5167,-4.7295
0.29802,-2.4485,-4.8174
0.36158,-2.3794,-4.8912
0.39711,-2.3139,-4.9518
0.4274,-2.2437,-4.9994
0.43413,-2.1619,-5.0344
0.47638,-2.0797,-5.0561
0.41506,-2.0021,-5.066
0.33055,-1.9267,-5.065
0.2049,-1.8544,-5.0535
0.0127,-1.7876,-5.0333
-0.14921,-1.718,-5.0048
-0.34067,-1.6395,-4.9674
-0.42331,-1.554,-4.9215
-0.50146,-1.4661,-4.866
-0.51605,-1.3765,-4.8011
-0.48651,-1.2832,-4.7276
-0.48426,-1.1955,-4.6459
-0.4465,-1.107,-4.5565
-0.46519,-1.0162,-4.4598
-0.45136,-0.92823,-4.3564
-0.46968,-0.83375,-4.2459
-0.48576,-0.74486,-4.1288
-0.52241,-0.64459,-4.0063
-0.577,-0.5293,-3.8755
-0.59981,-0.4401,-3.7379
-0.64655,-0.35278,-3.5966
-0.64132,-0.25627,-3.4502
-0.67722,-0.16882,-3.2992
-0.68133,-0.078597,-3.1456
-0.69666,0.027414,-2.9868
-0.72396,0.13607,-2.8212
-0.6989,0.27279,-2.6493
-0.71087,0.3879,-2.4687
-0.62187,0.50043,-2.2841
-0.52839,0.62605,-2.0932
-0.40985,0.70126,-1.9001
-0.2786,0.86584,-1.7014
-0.1896,0.93865,-1.4983
-0.074427,1.0949,-1.2947
-0.060217,1.2013,-1.082
0.023545,1.3091,-0.87612
0.029902,1.5052,-0.656
-0.040773,1.4537,-0.44677
0.011953,1.8845,-0.22247
-0.0071182,1.159,-0.013062
0.024293,-0.10687,0.017937
0.066548,0.11582,-0.0051133
0.17536,0.082892,0.0067678
0.29951,0.016422,-7.8175e-05
0.27334,0.087675,0.0041284
0.35298,-0.0045166,0.0022201
0.37953,0.063179,0.0027187
0.35822,0.0059506,0.0041059
0.3829,0.035493,0.0022163
0.33279,0.023646,0.0043346
0.30213,0.016868,0.0030711
0.24978,0.027324,0.0042371
0.21313,0.0065579,0.0042109
0.18471,0.018236,0.0046533
0.13535,0.0075139,0.0050844
0.097958,0.018341,0.0051332
0.039998,0.011458,0.0055831
0.012327,0.011833,0.0055681
-0.046008,0.015867,0.0064004
-0.060217,0.011289,0.0074951
-0.0089879,0.015376,0.0086649
-0.0067443,0.0062992,0.0093135
0.014196,0.0055344,0.01018
0.045981,0.0090923,0.010599
0.059443,0.014097,0.011454
0.042242,0.0028951,0.011784
0.019057,0.012391,0.011863
0.012327,-0.0001528,0.012988
-0.011232,0.0060781,0.012253
-0.051617,0.01304,0.014221
-0.10023,-0.014264,0.012905
-0.11332,0.031834,0.014506
-0.10135,-0.030614,0.014311
-0.089385,0.039939,0.013921
-0.060591,-0.025976,0.017127
-0.00824,0.0043573,0.012002
0.021675,0.016781,0.01953
0.049346,-0.074593,0.010479
0.069539,0.1581,0.021517
0.084871,-0.32639,0.0087774
0.078888,1.2673,0.038909
0.094967,3.5514,0.3577
0.26399,3.0782,0.75343
0.2767,2.9936,1.0853
0.34364,3.0805,1.4326
0.51303,2.8924,1.7445
0.40795,2.977,2.045
0.52163,2.8629,2.3267
0.66186,2.9454,2.5933
0.59006,2.8906,2.8516
0.67868,2.8919,3.0918
0.69289,2.8876,3.3228
0.64503,2.8595,3.537
0.69813,2.8748,3.7436
0.71159,2.8321,3.9378
0.66747,2.833,4.1185
0.67382,2.7725,4.2852
0.64428,2.7084,4.4342
0.52911,2.662,4.5691
0.50181,2.6032,4.6891
0.41468,2.5567,4.7961
0.33578,2.4829,4.8892
0.38028,2.3934,4.9672
0.41917,2.3384,5.0325
0.45843,2.267,5.0841
0.48424,2.1885,5.1224
0.51228,2.1191,5.1488
0.44609,2.0263,5.1623
0.34438,1.9458,5.1643
0.2064,1.8732,5.1559
-0.025067,1.8066,5.1373
-0.20568,1.7383,5.1107
-0.37694,1.6622,5.076
-0.49959,1.5821,5.0321
-0.55569,1.4985,4.98
-0.58971,1.4175,4.9189
-0.5699,1.3222,4.8484
-0.53624,1.2348,4.7698
-0.51605,1.1448,4.6832
-0.51642,1.0404,4.589
-0.50333,0.95644,4.4877
-0.50707,0.87088,4.3799
-0.5497,0.7689,4.265
-0.59233,0.68437,4.143
-0.61851,0.59405,4.0163
-0.64169,0.48496,3.8828
-0.66861,0.39112,3.7425
-0.66712,0.30099,3.5977
-0.69479,0.20525,3.448
-0.72059,0.12018,3.2944
-0.7019,0.033412,3.1386
-0.72658,-0.0834,2.9765
-0.75612,-0.19313,2.8073
-0.72471,-0.32725,2.6318
-0.66301,-0.4375,2.4485
-0.59046,-0.54045,2.2617
-0.45734,-0.66308,2.0688
-0.3145,-0.74662,1.8744
-0.23335,-0.90785,1.6736
-0.12005,-0.97236,1.4691
-0.070688,-1.14,1.2637
-0.07854,-1.232,1.0502
-0.034416,-1.3523,0.84279
-0.10172,-1.528,0.62105
-0.14473,-1.486,0.41204
-0.084523,-1.911,0.18409
-0.0576,-1.0895,-0.017549
0.025788,0.098945,-0.038998
0.11516,-0.15513,-0.018918
0.2165,-0.096656,-0.029877
0.29166,-0.059698,-0.022476
0.28081,-0.10599,-0.027065
0.32195,-0.044504,-0.024515
0.31409,-0.10715,-0.025224
0.2782,-0.03296,-0.02588
0.27745,-0.074357,-0.024609
0.21351,-0.052549,-0.026439
0.1634,-0.045298,-0.025085
0.129,-0.057741,-0.02633
0.097958,-0.04101,-0.025917
0.08674,-0.051162,-0.026367
0.067669,-0.045152,-0.026604
0.04112,-0.049512,-0.026626
-0.01871,-0.040001,-0.027192
-0.056478,-0.045306,-0.027301
-0.053487,-0.046149,-0.028006
-0.049747,-0.040353,-0.028992
-0.031798,-0.03873,-0.030131
0.011205,-0.03987,-0.0312
0.050468,-0.033354,-0.031875
0.088236,-0.031116,-0.031897
0.10693,-0.035993,-0.032853
0.084871,-0.027948,-0.032632
0.066922,-0.042502,-0.033581
0.0127,-0.02045,-0.033918
-0.050869,-0.039694,-0.033667
-0.074801,-0.019486,-0.035388
-0.10434,-0.025849,-0.033641
-0.099855,-0.041995,-0.036531
-0.057974,0.002344,-0.033989
-0.044138,-0.073776,-0.036381
0.023919,0.033933,-0.036018
0.077392,-0.088787,-0.034698
0.094967,0.020924,-0.039763
0.1346,-0.050135,-0.030623
0.093471,-0.063147,-0.046159
0.087114,0.15612,-0.019476
0.013448,-2.1258,-0.12596
0.072531,-3.499,-0.5095
0.14059,-2.8668,-0.88188
0.10095,-3.097,-1.2173
0.4517,-2.9764,-1.5581
0.53734,-2.9375,-1.8614
0.59081,-2.9556,-2.1589
0.85182,-2.8788,-2.4322
0.69102,-2.9585,-2.698
0.69738,-2.8868,-2.9501
0.77105,-2.9164,-3.1871
0.67532,-2.8741,-3.413
0.68205,-2.8834,-3.6237
0.72617,-2.8949,-3.8274
0.74338,-2.8589,-4.0178
0.68205,-2.8237,-4.1947
0.70748,-2.755,-4.3551
0.59305,-2.7127,-4.4995
0.48835,-2.6605,-4.6304
0.4977,-2.6082,-4.7471
0.3657,-2.5459,-4.8502
0.36981,-2.4733,-4.9386
0.38701,-2.4114,-5.0136
0.42441,-2.3442,-5.0757
0.47339,-2.2672,-5.1242
0.49658,-2.1929,-5.1598
0.52874,-2.1146,-5.1835
0.42328,-2.032,-5.1946
0.3369,-1.9547,-5.1941
0.16751,-1.8837,-5.1837
-0.039277,-1.8116,-5.1641
-0.21952,-1.7371,-5.1358
-0.39265,-1.6643,-5.0989
-0.49361,-1.5831,-5.0532
-0.56728,-1.495,-4.9988
-0.56391,-1.4011,-4.9353
-0.57139,-1.3093,-4.8626
-0.5497,-1.2223,-4.7819
-0.53175,-1.1315,-4.6936
-0.52988,-1.0438,-4.5975
-0.5138,-0.95027,-4.4945
-0.55793,-0.8549,-4.3845
-0.59831,-0.76819,-4.2678
-0.62225,-0.67337,-4.1452
-0.62673,-0.56396,-4.0157
-0.67422,-0.46493,-3.8786
-0.67983,-0.38129,-3.7367
-0.68395,-0.28884,-3.5906
-0.75574,-0.19527,-3.44
-0.74565,-0.11332,-3.2856
-0.76023,-0.0081644,-3.1276
-0.77257,0.10677,-2.9626
-0.73742,0.21464,-2.7914
-0.70377,0.35993,-2.6124
-0.62486,0.45746,-2.4263
-0.51792,0.58181,-2.2366
-0.3919,0.68661,-2.041
-0.28009,0.79073,-1.8443
-0.14921,0.92876,-1.6399
-0.07181,0.99561,-1.4358
-0.067322,1.1919,-1.2253
-0.030302,1.23,-1.0128
-0.024693,1.4384,-0.80129
-0.066948,1.4885,-0.57809
-0.079288,1.6067,-0.37052
-0.056478,1.8645,-0.13118
-0.020954,0.55951,0.020302
0.063182,-0.13592,0.0039334
0.15031,0.20083,0.00014303
0.25314,0.0042223,0.0055118
0.31222,0.075903,3.43e-05
0.31634,0.038541,0.0051144
0.35485,0.025787,0.0011066
0.30587,0.053739,0.0043683
0.28418,0.00051078,0.0027037
0.28904,0.046384,0.0035398
0.21837,0.012189,0.0044846
0.172,0.029659,0.003521
0.14657,0.019856,0.004867
0.12713,0.010176,0.0042109
0.091601,0.014322,0.0050244
0.090106,0.005257,0.0049757
0.040746,0.012695,0.0054181
-0.036659,0.011968,0.0057405
-0.051991,0.013422,0.005943
-0.0662,0.013895,0.0067903
-0.046382,0.019327,0.0077276
-0.011232,0.015481,0.0089573
0.048972,0.0051033,0.0095272
0.071035,0.0073077,0.010461
0.08861,0.004301,0.010491
0.1361,0.0097558,0.010873
0.11067,0.0040761,0.011406
0.059443,0.013685,0.011368
0.021675,0.0034762,0.012646
-0.020206,0.0020441,0.011904
-0.083776,0.017468,0.013651
-0.083028,-0.013241,0.012418
-0.074053,0.026743,0.013678
-0.054234,-0.0304,0.0143
0.033641,0.034904,0.013081
0.066174,-0.015318,0.016827
0.13049,-0.0038756,0.011589
0.1533,0.04656,0.019035
0.15816,-0.092105,0.010693
0.14881,0.16855,0.01932
0.11105,-0.30242,0.011878
0.1275,1.009,0.025934
0.093845,3.4515,0.32085
0.23519,3.1369,0.72057
0.27707,2.9197,1.0513
0.29764,3.0711,1.3961
0.49508,2.8744,1.7092
0.42179,2.9493,2.0073
0.50592,2.8264,2.2892
0.61212,2.9014,2.554
0.54145,2.8559,2.8117
0.67158,2.8387,3.05
0.67382,2.8554,3.2786
0.60614,2.8238,3.4928
0.6454,2.8529,3.699
0.67345,2.7956,3.8923
0.65101,2.7626,4.0703
0.63456,2.7067,4.2335
0.61325,2.6339,4.3787
0.46629,2.5844,4.5097
0.41132,2.5331,4.627
0.34251,2.4645,4.7303
0.25015,2.3946,4.819
0.2696,2.3283,4.8937
0.28867,2.254,4.9547
0.35224,2.1829,5.003
0.39337,2.1025,5.0387
0.45133,2.0249,5.0615
0.42366,1.9413,5.0729
0.31522,1.8571,5.0726
0.20416,1.7857,5.0616
0.0055957,1.7185,5.0421
-0.17763,1.6514,5.0144
-0.35114,1.5722,4.9777
-0.47678,1.4963,4.9328
-0.57027,1.4104,4.8792
-0.61589,1.3145,4.8159
-0.57775,1.2279,4.7439
-0.54335,1.1352,4.6639
-0.51829,1.0494,4.5755
-0.52577,0.96306,4.4801
-0.52241,0.86969,4.3779
-0.53624,0.77629,4.2683
-0.59458,0.67815,4.1514
-0.63459,0.59684,4.0287
-0.6731,0.49136,3.9001
-0.70115,0.3772,3.7635
-0.7105,0.30337,3.6226
-0.70563,0.21292,3.477
-0.69666,0.12539,3.326
-0.70601,0.05528,3.1734
-0.70863,-0.061528,3.0162
-0.709,-0.17043,2.8512
-0.74116,-0.29006,2.6804
-0.72471,-0.42648,2.5006
-0.65366,-0.51264,2.3164
-0.59757,-0.64153,2.1269
-0.46332,-0.72442,1.9336
-0.30403,-0.86356,1.7377
-0.21428,-0.96004,1.5337
-0.10509,-1.0724,1.331
-0.022076,-1.2306,1.119
0.021301,-1.2753,0.91213
0.019057,-1.5133,0.69601
-0.021328,-1.4516,0.48078
-0.021702,-1.794,0.26745
-0.040025,-1.5533,0.03537
0.013448,-0.11265,-0.044487
0.074774,-0.022519,-0.015105
0.12675,-0.17792,-0.024474
0.2681,-0.013214,-0.020695
0.29016,-0.12589,-0.021133
0.3126,-0.031412,-0.022438
0.3642,-0.086575,-0.019945
0.3197,-0.05337,-0.022911
0.32344,-0.045988,-0.02032
0.28306,-0.064028,-0.022408
0.21238,-0.038235,-0.021602
0.18509,-0.056673,-0.021906
0.13722,-0.038794,-0.022329
0.099828,-0.050228,-0.022135
0.081131,-0.037845,-0.022959
0.080009,-0.037343,-0.022716
0.03065,-0.040072,-0.023271
-0.01011,-0.03422,-0.023357
-0.032546,-0.03915,-0.023792
-0.084523,-0.040728,-0.024541
-0.072557,-0.040833,-0.025569
-0.050869,-0.035274,-0.02663
-0.012353,-0.035543,-0.027196
0.034015,-0.032402,-0.027871
0.045233,-0.032829,-0.028073
0.07627,-0.033305,-0.029089
0.077766,-0.022891,-0.028965
0.045607,-0.039304,-0.029573
0.012327,-0.01726,-0.030094
-0.043016,-0.036612,-0.02958
-0.093124,-0.022546,-0.031489
-0.099855,-0.018695,-0.029712
-0.097985,-0.047896,-0.032433
-0.074053,0.008991,-0.030656
-0.024319,-0.068763,-0.032186
0.042989,0.029423,-0.032643
0.072157,-0.071928,-0.030124
0.098332,0.0091447,-0.036438
0.14881,-0.013608,-0.026484
0.11553,-0.1004,-0.041694
0.15293,0.22553,-0.017902
0.072157,-1.8797,-0.10015
0.10132,-3.5091,-0.46848
0.2322,-2.8828,-0.84735
0.15741,-3.0457,-1.1784
0.4532,-2.984,-1.5191
0.57697,-2.8964,-1.8222
0.58071,-2.9315,-2.1185
0.83163,-2.8395,-2.3914
0.69701,-2.924,-2.6554
0.64466,-2.8436,-2.9069
0.72393,-2.8572,-3.1406
0.64578,-2.8376,-3.365
0.62372,-2.8495,-3.576
0.67233,-2.8459,-3.78
0.69215,-2.783,-3.9687
0.61661,-2.7535,-4.1415
0.62858,-2.6885,-4.2988
0.51864,-2.6434,-4.441
0.39113,-2.5852,-4.5695
0.37879,-2.5243,-4.683
0.25875,-2.4652,-4.7826
0.2595,-2.3928,-4.8682
0.26399,-2.327,-4.9405
0.28231,-2.2534,-4.9992
0.32045,-2.1741,-5.0449
0.3485,-2.0927,-5.0777
0.42403,-2.017,-5.0978
0.347,-1.9417,-5.1068
0.25277,-1.8588,-5.1044
0.10731,-1.7884,-5.0918
-0.056478,-1.7195,-5.071
-0.21316,-1.6423,-5.0414
-0.35787,-1.5657,-5.0026
-0.42817,-1.4828,-4.9551
-0.50259,-1.3928,-4.8989
-0.48127,-1.3022,-4.8332
-0.49025,-1.2157,-4.7588
-0.48875,-1.1274,-4.6767
-0.47267,-1.0343,-4.5869
-0.4794,-0.94827,-4.4896
-0.45921,-0.85841,-4.3852
-0.50558,-0.76038,-4.2736
-0.52988,-0.67326,-4.1553
-0.56541,-0.57276,-4.031
-0.58523,-0.45992,-3.8984
-0.61402,-0.37911,-3.7598
-0.62673,-0.30062,-3.6178
-0.59383,-0.20053,-3.4708
-0.63272,-0.11455,-3.3194
-0.61215,-0.028619,-3.1649
-0.61664,0.090693,-3.0043
-0.66301,0.19211,-2.8374
-0.64057,0.32342,-2.6639
-0.61439,0.44799,-2.4812
-0.54559,0.55049,-2.2945
-0.46781,0.67143,-2.1019
-0.34516,0.74911,-1.9074
-0.22475,0.90764,-1.707
-0.14174,0.9749,-1.5025
-0.035538,1.1375,-1.2967
-0.017589,1.237,-1.0822
0.02504,1.343,-0.87487
0.035511,1.5337,-0.65272
-0.013475,1.4729,-0.44252
0.0070914,1.8945,-0.21609
-0.008614,1.1289,-0.0094698
0.033267,-0.11502,0.017026
0.088984,0.12993,-0.0043672
0.18209,0.083075,0.0078101
0.27072,0.025063,0.00019176
0.23819,0.088695,0.004657
0.32643,0.0019354,0.002715
0.33915,0.071888,0.0033636
0.28194,0.0068991,0.004567
0.31447,0.038766,0.0028949
0.2494,0.025337,0.0050094
0.20304,0.014727,0.0037572
0.16564,0.029641,0.0051257
0.13498,0.012358,0.0047545
0.12264,0.020471,0.0050432
0.089732,0.011728,0.005658
0.084871,0.01716,0.0056393
0.035885,0.012875,0.0063291
0.0040999,0.012946,0.0063554
-0.024319,0.014491,0.0069178
-0.044886,0.017565,0.0079225
-0.030676,0.011986,0.0090435
-0.0067443,0.0051446,0.0098459
0.043737,0.011042,0.010693
0.054208,0.0057519,0.011199
0.057199,0.012616,0.011638
0.063182,0.00096066,0.01229
0.038502,0.0083462,0.012287
0.011953,0.0072477,0.01364
0.00073447,-0.010579,0.012958
-0.054608,0.016721,0.014259
-0.093498,-0.020596,0.013966
-0.088263,0.02672,0.013944
-0.10359,-0.015168,0.015935
-0.065079,0.013205,0.013336
-0.025067,0.01238,0.01794
0.033267,-0.04249,0.012838
0.057199,0.076286,0.018323
0.067669,-0.11012,0.01442
0.10282,0.15545,0.016002
0.064304,-0.22133,0.020167
0.077018,0.48489,0.0065841
0.057947,3.1583,0.24066
0.17798,3.3227,0.64803
0.27371,2.8817,0.9866
0.26249,3.109,1.3305
0.44123,2.8555,1.6534
0.393,2.9496,1.9533
0.42366,2.8591,2.2425
0.59156,2.8747,2.5093
0.50779,2.8846,2.7715
0.57099,2.8316,3.0145
0.6454,2.8527,3.2465
0.58146,2.8133,3.4649
0.61773,2.8421,3.6735
0.67868,2.8049,3.8718
0.65064,2.7648,4.0547
0.62334,2.7124,4.2231
0.60764,2.6446,4.3742
0.47451,2.5862,4.5109
0.40646,2.5263,4.6335
0.36757,2.4754,4.7423
0.25127,2.406,4.8366
0.22734,2.3353,4.9165
0.26473,2.2636,4.9836
0.29689,2.1805,5.0371
0.30849,2.1089,5.0772
0.37056,2.0359,5.1051
0.36757,1.9475,5.1206
0.27483,1.8705,5.1245
0.17686,1.7971,5.118
-0.002631,1.7221,5.1018
-0.16268,1.654,5.0769
-0.31637,1.5782,5.0438
-0.44163,1.4989,5.0019
-0.50333,1.4206,4.9512
-0.52876,1.3303,4.8918
-0.51493,1.2375,4.8227
-0.48875,1.1533,4.7454
-0.45547,1.0637,4.6606
-0.46781,0.97078,4.5681
-0.46557,0.88405,4.4683
-0.49212,0.78969,4.3617
-0.54372,0.69369,4.2477
-0.56578,0.60903,4.1267
-0.59719,0.51365,4.0003
-0.61514,0.40964,3.8666
-0.64094,0.32038,3.726
-0.62262,0.23351,3.5811
-0.6114,0.14263,3.4321
-0.63122,0.069534,3.2797
-0.62038,-0.022782,3.124
-0.64094,-0.14952,2.9617
-0.65291,-0.25227,2.7926
-0.64655,-0.3875,2.6161
-0.62337,-0.48897,2.4323
-0.55157,-0.59265,2.2453
-0.46257,-0.7092,2.0517
-0.33357,-0.79789,1.8566
-0.25018,-0.94834,1.6543
-0.16829,-1.0114,1.4501
-0.08041,-1.1901,1.2425
-0.067696,-1.2509,1.0292
-0.020954,-1.4109,0.82057
-0.072931,-1.5273,0.5973
-0.11481,-1.5364,0.38939
-0.096489,-1.9213,0.15517
-0.094994,-0.87298,-0.027143
0.024293,0.12367,-0.029434
0.088984,-0.19392,-0.016177
0.19481,-0.061393,-0.025415
0.26997,-0.074709,-0.018149
0.24492,-0.086871,-0.023256
0.32718,-0.037748,-0.019683
0.2868,-0.093844,-0.02185
0.24379,-0.029583,-0.02149
0.26062,-0.072021,-0.02068
0.18621,-0.042532,-0.022195
0.16228,-0.045775,-0.021051
0.11591,-0.04733,-0.022404
0.089358,-0.038048,-0.021921
0.081131,-0.049224,-0.022517
0.060939,-0.037639,-0.022682
0.077018,-0.042937,-0.022644
0.014196,-0.036983,-0.023154
-0.0033789,-0.040477,-0.023368
-0.024319,-0.044027,-0.023949
-0.056104,-0.043844,-0.025081
0.0018563,-0.03816,-0.025951
0.010083,-0.037519,-0.026652
0.049346,-0.03356,-0.027698
0.083749,-0.030606,-0.027878
0.057573,-0.041677,-0.028808
0.060565,-0.021222,-0.028958
0.034389,-0.035378,-0.029348
0.0040999,-0.021702,-0.0303
-0.020954,-0.025762,-0.029397
-0.084523,-0.03299,-0.031444
-0.11033,-0.0090454,-0.029817
-0.10733,-0.052077,-0.031759
-0.11481,0.010187,-0.031252
-0.068818,-0.062836,-0.030968
0.0070914,0.011439,-0.033896
0.046729,-0.037853,-0.029115
0.068043,-0.036957,-0.036678
0.10544,0.047193,-0.027102
0.07627,-0.16859,-0.039114
0.079261,0.29233,-0.024703
0.047477,-1.3339,-0.06068
0.034389,-3.4653,-0.38777
0.15779,-2.9892,-0.78308
0.098706,-2.9767,-1.1144
0.30886,-3.0421,-1.4596
0.53808,-2.871,-1.7693
0.50443,-2.9501,-2.0681
0.75646,-2.832,-2.3474
0.71645,-2.9099,-2.6132
0.60016,-2.8561,-2.8704
0.71496,-2.8465,-3.108
0.64653,-2.835,-3.3366
0.62895,-2.8234,-3.5504
0.6742,-2.8486,-3.7571
0.69439,-2.7929,-3.9511
0.62147,-2.754,-4.1292
0.62185,-2.6914,-4.292
0.58221,-2.638,-4.4384
0.40534,-2.5896,-4.5714
0.39487,-2.5232,-4.6904
0.27408,-2.4596,-4.7951
0.21051,-2.396,-4.8851
0.24641,-2.3209,-4.9616
0.24604,-2.2534,-5.025
0.30512,-2.1821,-5.0754
0.31933,-2.1032,-5.1133
0.37019,-2.0262,-5.1384
0.30549,-1.9423,-5.1514
0.22996,-1.8651,-5.1531
0.1346,-1.7927,-5.1443
-0.063583,-1.7225,-5.1266
-0.20381,-1.6519,-5.1004
-0.35264,-1.5756,-5.0655
-0.43677,-1.4919,-5.0215
-0.49473,-1.4044,-4.9682
-0.50072,-1.3157,-4.906
-0.49548,-1.2231,-4.8348
-0.48651,-1.1393,-4.7553
-0.44724,-1.0528,-4.668
-0.4723,-0.95813,-4.5734
-0.44276,-0.86751,-4.4717
-0.45285,-0.7782,-4.3627
-0.50034,-0.69104,-4.2474
-0.53549,-0.59667,-4.1262
-0.55606,-0.4894,-3.9966
-0.56578,-0.39353,-3.8595
-0.58747,-0.31512,-3.7189
-0.56728,-0.21978,-3.5736
-0.61065,-0.1257,-3.4228
-0.60318,-0.05496,-3.269
-0.58448,0.05597,-3.1111
-0.63795,0.17259,-2.9455
-0.63384,0.27725,-2.7739
-0.61888,0.41821,-2.5939
-0.56503,0.51099,-2.4075
-0.4895,0.63514,-2.2174
-0.37433,0.72515,-2.0216
-0.26102,0.8442,-1.8244
-0.18063,0.97123,-1.6189
-0.071436,1.0439,-1.4144
-0.054234,1.2277,-1.2021
-0.028433,1.2589,-0.99028
0.0018563,1.4904,-0.77631
-0.0662,1.4873,-0.55371
-0.067322,1.682,-0.34415
-0.058722,1.7937,-0.10352
-0.062087,0.37841,0.025157
0.016814,-0.10084,0.00090786
0.11105,0.19815,0.0028424
0.21874,-0.0085281,0.0051557
0.24903,0.09271,0.0012153
0.25015,0.025933,0.0054856
0.30325,0.035309,0.0017402
0.27446,0.043639,0.0051444
0.26997,0.0096696,0.0032361
0.26436,0.047141,0.0045033
0.1892,0.008991,0.0046795
0.14844,0.02831,0.0043946
0.12189,0.01478,0.0055043
0.10656,0.018499,0.0051632
0.10245,0.01812,0.0058605
0.097211,0.014956,0.0057255
0.053834,0.01262,0.0062242
0.026536,0.0049983,0.0063404
-0.0063704,0.013996,0.0068615
-0.040399,0.014326,0.0075964
-0.0059964,0.018997,0.0085599
-0.0037528,0.012796,0.0097446
0.03925,0.013655,0.010626
0.0744,0.010464,0.011458
0.072905,0.0055869,0.011525
0.097211,0.012815,0.012493
0.084497,0.0017517,0.012384
0.065426,0.014682,0.012856
0.014196,-0.008828,0.013827
-0.026937,0.0090473,0.013074
-0.077045,0.0085824,0.015098
-0.10172,-0.010106,0.013498
-0.077419,0.030143,0.015702
-0.075175,-0.032915,0.014664
-0.037781,0.047332,0.015372
0.012327,-0.043251,0.017247
0.065426,0.029674,0.013066
0.085992,0.002344,0.020557
0.10693,-0.043919,0.010671
0.051964,0.12663,0.024119
0.042989,-0.30574,0.0058118
0.072905,1.5613,0.058315
0.040372,3.5761,0.39986
0.21014,2.9925,0.78602
0.2064,2.9784,1.1162
0.27521,2.9965,1.46
0.44385,2.8663,1.7672
0.32419,2.9127,2.0657
0.47264,2.813,2.343
0.55042,2.8846,2.6083
0.48872,2.8105,2.8634
0.61287,2.8154,3.0996
0.58819,2.7956,3.3269
0.54855,2.7987,3.5406
0.6039,2.806,3.7463
0.64391,2.7491,3.9378
0.60203,2.7154,4.1147
0.59006,2.6318,4.2751
0.54294,2.5841,4.4185
0.38926,2.5274,4.5492
0.35224,2.4546,4.6651
0.25726,2.4015,4.7671
0.19182,2.3229,4.8551
0.21837,2.2486,4.9284
0.2251,2.1812,4.9889
0.27109,2.105,5.0364
0.29989,2.0284,5.071
0.35859,1.9429,5.0939
0.32494,1.8587,5.1046
0.23145,1.7882,5.1037
0.11666,1.7224,5.0934
-0.045634,1.6366,5.0742
-0.19558,1.5675,5.0462
-0.36984,1.5044,5.0096
-0.45846,1.4156,4.9644
-0.51193,1.33,4.9098
-0.53661,1.2269,4.8456
-0.49997,1.1401,4.7731
-0.46444,1.0684,4.6923
-0.43341,0.97427,4.6041
-0.445,0.88301,4.5083
-0.45173,0.79581,4.4053
-0.47903,0.70402,4.2954
-0.52614,0.61504,4.1781
-0.54522,0.52503,4.0552
-0.57438,0.41713,3.9254
-0.59831,0.32675,3.7883
-0.60392,0.24353,3.6466
-0.60318,0.14963,3.4998
-0.58747,0.076889,3.3493
-0.56354,-0.0044117,3.1959
-0.577,-0.12209,3.0367
-0.59869,-0.22732,2.8703
-0.60243,-0.34683,2.6975
-0.59906,-0.46825,2.5159
-0.55606,-0.56109,2.3302
-0.49473,-0.69264,2.1391
-0.36872,-0.76178,1.9447
-0.2412,-0.90898,1.7468
-0.17838,-0.9989,1.5413
-0.084897,-1.1081,1.3376
-0.054234,-1.2603,1.1237
-0.024319,-1.3067,0.91528
0.0048478,-1.5453,0.69711
-0.065453,-1.4733,0.48069
-0.091628,-1.8256,0.26438
-0.094246,-1.5283,0.032723
-0.046756,-0.086234,-0.041945
0.028406,-0.040638,-0.012822
0.11815,-0.17214,-0.022896
0.23482,-0.0098777,-0.018445
0.23632,-0.12326,-0.019266
0.28081,-0.029046,-0.020312
0.31409,-0.085795,-0.018232
0.25165,-0.047713,-0.020995
0.27184,-0.047165,-0.018434
0.24903,-0.060801,-0.020747
0.17948,-0.032469,-0.019611
0.14171,-0.054615,-0.020114
0.12039,-0.037999,-0.020631
0.10619,-0.048144,-0.020151
0.0744,-0.037043,-0.020995
0.089358,-0.037662,-0.020961
0.059443,-0.040357,-0.021433
0.009709,-0.036083,-0.02149
-0.0015092,-0.038145,-0.021902
-0.039277,-0.03554,-0.022731
-0.025441,-0.040027,-0.023953
0.0014823,-0.039592,-0.02498
0.032145,-0.037808,-0.025692
0.078514,-0.028117,-0.026356
0.08861,-0.031195,-0.026622
0.085245,-0.028443,-0.027398
0.069539,-0.02192,-0.02711
0.049346,-0.034677,-0.028178
0.016066,-0.012809,-0.028129
-0.030676,-0.042355,-0.028411
-0.066948,-0.013027,-0.029464
-0.084897,-0.031078,-0.028178
-0.093498,-0.029691,-0.031163
-0.067696,-0.0013262,-0.028264
-0.016841,-0.062731,-0.031969
0.044111,0.037007,-0.02949
0.059817,-0.095936,-0.030274
0.088236,0.059393,-0.033101
0.13348,-0.090148,-0.02597
0.094593,0.014026,-0.040449
0.084497,0.027031,-0.012544
0.0052217,-2.453,-0.15536
0.097584,-3.4579,-0.55192
0.16003,-2.8224,-0.91121
0.12413,-3.0835,-1.2473
0.44722,-2.9087,-1.582
0.4962,-2.9062,-1.8824
0.56314,-2.8793,-2.1767
0.75796,-2.8276,-2.4465
0.60203,-2.8904,-2.7112
0.62521,-2.8049,-2.9593
0.66148,-2.8257,-3.193
0.58296,-2.7933,-3.4156
0.58857,-2.8188,-3.6265
0.64989,-2.7978,-3.8301
0.65027,-2.7381,-4.0169
0.56837,-2.6907,-4.1882
0.59604,-2.6256,-4.3435
0.44123,-2.5815,-4.4842
0.32344,-2.5176,-4.6111
0.33092,-2.4601,-4.7235
0.20304,-2.3915,-4.8221
0.19032,-2.315,-4.9058
0.17948,-2.2511,-4.9763
0.2049,-2.1768,-5.0342
0.24828,-2.0983,-5.0786
0.30549,-2.0209,-5.1107
0.347,-1.9408,-5.1307
0.25277,-1.8609,-5.1387
0.18135,-1.7822,-5.1356
0.048599,-1.7134,-5.1229
-0.09275,-1.644,-5.1016
-0.26214,-1.5662,-5.0715
-0.36834,-1.4908,-5.0326
-0.44276,-1.4095,-4.9851
-0.53437,-1.3174,-4.928
-0.46744,-1.2238,-4.8613
-0.46818,-1.1373,-4.7862
-0.46594,-1.0532,-4.7032
-0.46519,-0.95956,-4.6122
-0.4637,-0.8722,-4.5138
-0.44425,-0.7838,-4.4086
-0.50707,-0.68964,-4.2963
-0.50782,-0.60437,-4.1778
-0.53475,-0.49558,-4.0523
-0.54297,-0.39501,-3.9184
-0.55232,-0.32578,-3.7798
-0.55382,-0.23349,-3.6375
-0.51567,-0.13488,-3.4893
-0.54783,-0.061078,-3.337
-0.53848,0.028745,-3.1816
-0.56129,0.15074,-3.0195
-0.59233,0.24883,-2.8509
-0.58597,0.38557,-2.6748
-0.55307,0.49673,-2.4902
-0.47716,0.59102,-2.3024
-0.41471,0.71574,-2.1078
-0.28495,0.79548,-1.9116
-0.20643,0.94733,-1.7087
-0.1208,1.0118,-1.5024
-0.025815,1.1799,-1.295
-0.018336,1.2616,-1.0791
0.039624,1.3836,-0.87012
0.0048478,1.5448,-0.6461
-0.039277,1.4986,-0.43527
-0.028433,1.9267,-0.20497
-0.041521,1.0526,-0.0027026
0.014944,-0.13505,0.016429
0.090854,0.14856,-0.0033774
0.21014,0.07007,0.008185
0.25501,0.031043,0.00057793
0.23407,0.080455,0.0055493
0.28119,0.0029064,0.0029512
0.26735,0.070047,0.0041134
0.27259,0.009201,0.0049645
0.28792,0.044082,0.0035698
0.23931,0.020414,0.0057593
0.1978,0.016313,0.0043421
0.15143,0.0272,0.0056468
0.14134,0.011057,0.0054931
0.12301,0.023282,0.0058718
0.10918,0.010997,0.0061604
0.097211,0.013542,0.0062129
0.045233,0.011177,0.006824
0.026536,0.014202,0.0069703
-0.0071182,0.016939,0.0077726
-0.017589,0.019365,0.0086911
-0.0015092,0.017565,0.0097071
0.013074,0.013958,0.010663
0.06206,0.013254,0.011619
0.077766,0.0037949,0.011878
0.088236,0.013524,0.01265
0.098332,0.002644,0.013096
0.074774,0.010899,0.013048
0.055329,0.002329,0.014244
0.038128,-0.0047416,0.013426
-0.020206,0.014135,0.015323
-0.058348,-0.016952,0.014345
-0.052739,0.033292,0.015256
-0.062835,-0.026313,0.016096
-0.048999,0.028527,0.014649
-0.0056225,-0.010819,0.018368
0.056825,-0.013094,0.013006
0.053834,0.05227,0.020591
0.082627,-0.099022,0.012991
0.090106,0.16888,0.020314
0.028032,-0.29493,0.015106
0.065052,0.91309,0.02314
0.031023,3.405,0.30802
0.17499,3.1612,0.71063
0.27221,2.915,1.0434
0.25576,3.0687,1.3894
0.43525,2.8473,1.7056
0.35336,2.9333,2.0057
0.40534,2.8129,2.2903
0.53958,2.8714,2.5571
0.45357,2.8368,2.8177
0.55005,2.7996,3.0585
0.56613,2.799,3.2901
0.52238,2.7693,3.5074
0.56762,2.7981,3.716
0.61437,2.7434,3.9127
0.59717,2.71,4.0947
0.55865,2.6516,4.2618
0.56015,2.5811,4.4113
0.41431,2.5267,4.5468
0.35373,2.4588,4.6681
0.30325,2.4048,4.7755
0.18808,2.3334,4.8686
0.20677,2.2428,4.9477
0.2165,2.1842,5.0136
0.24379,2.1119,5.0657
0.28119,2.0314,5.1046
0.3283,1.9498,5.1317
0.29839,1.8505,5.1463
0.21575,1.7873,5.1493
0.12226,1.7238,5.1426
-0.060217,1.6407,5.1263
-0.19521,1.5731,5.1014
-0.32758,1.4986,5.0681
-0.42855,1.416,5.026
-0.48464,1.3391,4.9747
-0.5052,1.2464,4.9141
-0.46744,1.1512,4.8448
-0.4536,1.0706,4.7666
-0.4349,0.98763,4.6809
-0.43715,0.89487,4.5879
-0.43976,0.80789,4.4869
-0.45098,0.71755,4.3793
-0.49025,0.61821,4.264
-0.53362,0.53941,4.1425
-0.55531,0.44051,4.0154
-0.55569,0.34054,3.8798
-0.5785,0.26364,3.7394
-0.54073,0.16967,3.5945
-0.52203,0.083806,3.4447
-0.54708,0.0064455,3.2921
-0.52764,-0.090755,3.1351
-0.55718,-0.20117,2.9713
-0.58635,-0.30657,2.8009
-0.5598,-0.44112,2.6224
-0.52764,-0.53418,2.437
-0.48352,-0.64559,2.2482
-0.3919,-0.74985,2.0534
-0.27224,-0.84352,1.8572
-0.20755,-0.99082,1.6528
-0.11519,-1.0478,1.4472
-0.036285,-1.232,1.2368
-0.041521,-1.2809,1.0223
-0.016467,-1.4566,0.81149
-0.06807,-1.5381,0.58667
-0.089011,-1.5864,0.37788
-0.063957,-1.9224,0.14011
-0.067322,-0.74818,-0.031046
0.035511,0.12817,-0.024886
0.10693,-0.20985,-0.015259
0.21051,-0.044624,-0.023057
0.26773,-0.082833,-0.016196
0.22398,-0.077131,-0.021553
0.27745,-0.040695,-0.017699
0.24342,-0.083257,-0.02017
0.19518,-0.031644,-0.019499
0.22697,-0.075339,-0.019386
0.16826,-0.038633,-0.020511
0.11778,-0.048459,-0.019225
0.11067,-0.044054,-0.020474
0.10805,-0.036514,-0.019836
0.09908,-0.043109,-0.020519
0.09048,-0.033005,-0.02068
0.094967,-0.037272,-0.020774
0.053834,-0.034078,-0.021377
0.027658,-0.037171,-0.021595
-0.0048746,-0.037032,-0.022202
-0.018336,-0.039926,-0.023342
0.016066,-0.034827,-0.024279
0.035137,-0.034033,-0.025085
0.082627,-0.029061,-0.026022
0.10319,-0.030895,-0.026052
0.095715,-0.036278,-0.026948
0.095341,-0.018905,-0.027068
0.067669,-0.035364,-0.027631
0.033641,-0.015839,-0.028287
0.00073447,-0.032462,-0.027803
-0.038155,-0.024454,-0.02955
-0.070314,-0.015441,-0.028028
-0.086019,-0.047053,-0.030536
-0.05573,0.0094634,-0.028793
-0.016093,-0.067984,-0.030165
0.035511,0.027879,-0.03099
0.057199,-0.064831,-0.027991
0.045981,0.0035137,-0.034619
0.11927,0.00016962,-0.024684
0.087114,-0.11571,-0.039666
0.063556,0.25479,-0.017193
0.0052217,-1.7812,-0.089503
0.016066,-3.5217,-0.45036
0.16003,-2.8875,-0.83312
0.087488,-3.0192,-1.1652
0.35186,-2.9826,-1.5084
0.50854,-2.8669,-1.8143
0.48461,-2.9071,-2.1131
0.76581,-2.8063,-2.3893
0.64353,-2.8888,-2.6555
0.56239,-2.8085,-2.9102
0.67607,-2.8156,-3.147
0.58483,-2.7888,-3.3744
0.55342,-2.7909,-3.5882
0.60091,-2.8001,-3.7952
0.63755,-2.7373,-3.9876
0.57847,-2.6969,-4.1644
0.59417,-2.6283,-4.3254
0.51228,-2.5773,-4.471
0.3556,-2.5219,-4.603
0.34102,-2.4609,-4.7204
0.215,-2.3939,-4.824
0.1892,-2.3218,-4.9134
0.2049,-2.2569,-4.9894
0.22398,-2.1828,-5.0523
0.29727,-2.1027,-5.1017
0.31447,-2.0225,-5.1378
0.35672,-1.942,-5.1617
0.29203,-1.8656,-5.1739
0.20939,-1.7898,-5.1751
0.07627,-1.7151,-5.1663
-0.0662,-1.6453,-5.1487
-0.19596,-1.5716,-5.1222
-0.35189,-1.4938,-5.0867
-0.41284,-1.4137,-5.0425
-0.48763,-1.3265,-4.9887
-0.46295,-1.2365,-4.9256
-0.42892,-1.1469,-4.8539
-0.4263,-1.0629,-4.7736
-0.38816,-0.9782,-4.6858
-0.41284,-0.88661,-4.5905
-0.42817,-0.7983,-4.488
-0.4465,-0.70963,-4.3782
-0.46519,-0.61938,-4.2622
-0.51605,-0.51761,-4.1394
-0.53026,-0.41265,-4.0076
-0.54933,-0.32783,-3.8699
-0.57588,-0.24546,-3.7282
-0.51455,-0.15541,-3.5817
-0.54783,-0.069701,-3.4306
-0.56017,0.0048859,-3.276
-0.53886,0.10984,-3.1167
-0.57812,0.22523,-2.9498
-0.57999,0.34154,-2.7767
-0.56279,0.46886,-2.5947
-0.50221,0.55338,-2.4074
-0.42593,0.68693,-2.2157
-0.28982,0.76957,-2.0187
-0.18549,0.89057,-1.8198
-0.12827,1.0054,-1.6123
-0.016093,1.092,-1.4062
-0.01011,1.2634,-1.1912
0.0022302,1.2936,-0.9787
0.031397,1.5331,-0.76135
-0.027685,1.4923,-0.53872
-0.036285,1.7439,-0.32619
-0.040025,1.7306,-0.085079
-0.023198,0.26466,0.027156
0.054208,-0.064831,-0.00041935
0.1548,0.18997,0.0048745
0.2509,-0.010515,0.0048145
0.24566,0.10184,0.0024075
0.26623,0.020002,0.0057443
0.28904,0.045881,0.0023025
0.24305,0.038125,0.005913
0.25913,0.017261,0.0036335
0.23183,0.044243,0.0053206
0.17387,0.0093135,0.0050582
0.14769,0.035324,0.0050507
0.14021,0.010513,0.0059917
0.13386,0.015975,0.0055756
0.10843,0.018945,0.0065616
0.11778,0.01409,0.0063067
0.081879,0.016598,0.0068953
0.039624,0.010108,0.0071202
0.0026042,0.012972,0.0075626
-0.014597,0.018165,0.0087511
-0.0071182,0.017498,0.0098909
-0.014971,0.012125,0.010749
0.073278,0.014899,0.01166
0.095341,0.0060331,0.011979
0.077018,0.014397,0.012545
0.10843,0.0048521,0.013385
0.077018,0.0071315,0.013089
0.049346,0.011263,0.01463
-0.0059964,-0.0021773,0.01394
-0.040773,0.021966,0.015335
-0.060217,-0.019753,0.015207
-0.10397,0.027339,0.014881
-0.074801,-0.013263,0.016958
-0.050495,0.012541,0.014405
-0.027311,0.012489,0.018653
0.045607,-0.037084,0.013936
0.039624,0.073317,0.019575
0.061312,-0.11097,0.015185
0.10805,0.15405,0.017445
0.05346,-0.23266,0.02064
0.05159,0.51809,0.0084437
0.027658,3.1791,0.24687
0.14208,3.306,0.6546
0.24903,2.8802,0.99449
0.23183,3.0979,1.34
0.38589,2.8562,1.6634
0.34401,2.9366,1.9649
0.36944,2.8217,2.2552
0.51378,2.8456,2.524
0.44011,2.851,2.7883
0.50929,2.7983,3.0336
0.55267,2.8049,3.2682
0.49658,2.7672,3.4886
0.54257,2.7926,3.6996
0.60277,2.7479,3.9004
0.58445,2.7184,4.0864
0.55005,2.6385,4.2583
0.54668,2.5785,4.4128
0.42889,2.5383,4.5532
0.35224,2.4694,4.679
0.28268,2.4187,4.7913
0.18621,2.3357,4.8894
0.20715,2.2675,4.9728
0.21986,2.1967,5.0431
0.25763,2.1086,5.0999
0.29764,2.0391,5.1432
0.33279,1.9605,5.1745
0.32195,1.8743,5.1931
0.25576,1.7963,5.2001
0.16863,1.7201,5.1964
0.003352,1.6515,5.1827
-0.12902,1.5857,5.1608
-0.27224,1.5076,5.1305
-0.39527,1.4308,5.0915
-0.44687,1.3536,5.0439
-0.47566,1.2576,4.9865
-0.4521,1.1693,4.9198
-0.40761,1.0846,4.8447
-0.3934,0.99323,4.7617
-0.41733,0.90897,4.6709
-0.41172,0.82048,4.5727
-0.42256,0.73386,4.4676
-0.45958,0.64215,4.3551
-0.50259,0.56068,4.2358
-0.53661,0.4635,4.1109
-0.5512,0.35507,3.9777
-0.56354,0.28063,3.8388
-0.52203,0.18367,3.6953
-0.51754,0.096692,3.5461
-0.52241,0.029832,3.3937
-0.52502,-0.061535,3.238
-0.56092,-0.17681,3.0763
-0.56092,-0.28084,2.9071
-0.56616,-0.3968,2.7315
-0.534,-0.51849,2.5473
-0.49399,-0.59945,2.3595
-0.41434,-0.72555,2.1667
-0.27336,-0.80378,1.9695
-0.20157,-0.94473,1.7687
-0.096863,-1.0346,1.5606
-0.023572,-1.1449,1.3539
-0.037033,-1.2934,1.1375
-0.011232,-1.3396,0.92645
-0.048625,-1.5736,0.70532
-0.097237,-1.4945,0.48651
-0.08415,-1.8437,0.26811
-0.08041,-1.5455,0.034317
-0.0089879,-0.08803,-0.041645
0.090854,-0.037662,-0.012432
0.18172,-0.17585,-0.022367
0.26137,-0.01423,-0.018262
0.23781,-0.12444,-0.019075
0.2408,-0.025545,-0.020012
0.27034,-0.087021,-0.017785
0.21837,-0.047994,-0.020466
0.19705,-0.049602,-0.018018
0.1892,-0.061205,-0.020324
0.15704,-0.033721,-0.019454
0.13573,-0.062188,-0.01999
0.12114,-0.033407,-0.020282
0.12077,-0.047649,-0.020159
0.11479,-0.041002,-0.020781
0.096463,-0.034329,-0.020459
0.048599,-0.040196,-0.021212
-0.002257,-0.03726,-0.021235
-0.016467,-0.041129,-0.021838
-0.033294,-0.039315,-0.022959
-0.043016,-0.035918,-0.023915
0.0011084,-0.035705,-0.024823
0.060939,-0.031813,-0.025801
0.091601,-0.03049,-0.025992
0.10245,-0.037328,-0.026738
0.10843,-0.020143,-0.027136
0.075522,-0.034213,-0.027252
0.020179,-0.021252,-0.028298
0.0014823,-0.027787,-0.02771
-0.042642,-0.032087,-0.02955
-0.077419,-0.0087755,-0.028171
-0.070314,-0.054262,-0.029817
-0.0662,0.012838,-0.029415
-0.040025,-0.05842,-0.02931
0.02504,0.0099995,-0.031882
0.082253,-0.038486,-0.027293
0.083375,-0.041467,-0.03502
0.11853,0.046924,-0.025318
0.096837,-0.1714,-0.037079
0.085618,0.28957,-0.022903
0.033267,-1.3242,-0.057928
0.011579,-3.4687,-0.38423
0.16602,-2.9874,-0.78044
0.09908,-2.9621,-1.1124
0.2853,-3.0262,-1.4591
0.52612,-2.8507,-1.7707
0.49321,-2.9256,-2.0716
0.70636,-2.7983,-2.3526
0.64952,-2.8766,-2.6198
0.5235,-2.8187,-2.8794
0.62185,-2.8041,-3.12
0.55828,-2.7879,-3.3512
0.52425,-2.7713,-3.5673
0.57772,-2.7957,-3.7767
0.60726,-2.7383,-3.9738
0.53995,-2.6992,-4.1553
0.55229,-2.6322,-4.3214
0.5306,-2.5817,-4.4713
0.36271,-2.5291,-4.6085
0.33541,-2.4605,-4.7312
0.24005,-2.4003,-4.839
0.17611,-2.3306,-4.9335
0.21463,-2.2583,-5.0143
0.22921,-2.1886,-5.0809
0.26586,-2.1127,-5.1349
0.28455,-2.0325,-5.1761
0.35298,-1.9532,-5.2044
0.31783,-1.8724,-5.2207
0.22958,-1.7977,-5.2258
0.12077,-1.7214,-5.2204
-0.028807,-1.6477,-5.2056
-0.17689,-1.5785,-5.1818
-0.32197,-1.5001,-5.1491
-0.40013,-1.4226,-5.1078
-0.47566,-1.3392,-5.0577
-0.44687,-1.2467,-4.9978
-0.42855,-1.1595,-4.9288
-0.41658,-1.0741,-4.8515
-0.38629,-0.98572,-4.7662
-0.42518,-0.89638,-4.6732
-0.39863,-0.80633,-4.573
-0.4278,-0.71707,-4.4655
-0.47678,-0.63843,-4.3514
-0.48501,-0.54403,-4.2311
-0.49025,-0.42978,-4.1026
-0.5153,-0.34246,-3.9666
-0.52914,-0.26276,-3.8263
-0.48613,-0.17681,-3.6817
-0.5082,-0.094722,-3.532
-0.5052,-0.0091842,-3.3783
-0.49174,0.081872,-3.2203
-0.53811,0.19967,-3.0558
-0.55419,0.30898,-2.8844
-0.53961,0.43809,-2.7052
-0.50595,0.53788,-2.5182
-0.44126,0.63237,-2.3286
-0.31861,0.75077,-2.132
-0.21503,0.83198,-1.9335
-0.13725,0.98415,-1.7288
-0.042268,1.0415,-1.5202
-0.023198,1.2097,-1.3101
-0.015345,1.2934,-1.092
-0.00076128,1.4105,-0.88052
-0.039651,1.5782,-0.65384
-0.05573,1.5297,-0.44075
-0.048999,1.9423,-0.20861
-0.047504,1.0704,-0.0034449
0.012327,-0.13087,0.017434
0.12526,0.14405,-0.0027588
0.22697,0.069425,0.0088111
0.26548,0.031196,0.0011853
0.258,0.086176,0.0061192
0.27969,0.0042635,0.0034085
0.26137,0.071862,0.0044321
0.22547,0.0093397,0.0054931
0.23183,0.044494,0.0041621
0.19593,0.025217,0.0062317
0.15143,0.017929,0.0050394
0.14395,0.026218,0.0063179
0.14994,0.0072477,0.005868
0.13124,0.022491,0.0064304
0.11628,0.012894,0.0066928
0.11479,0.01412,0.0069065
0.044485,0.012553,0.0075401
-0.02058,0.013149,0.0075776
-0.02058,0.010614,0.0083275
-0.028807,0.0067529,0.0082225
-0.024693,0.0088036,0.0085112
0.024667,0.0083612,0.0091223
0.075896,0.0053433,0.0090998
0.089732,0.0030826,0.0090585
0.088236,0.0033975,0.0090248
0.10095,0.00064574,0.0089086
0.065426,-0.0030658,0.0088148
0.012327,-0.0036956,0.0087061
-0.022076,0.0013768,0.0085936
-0.070314,0.0022466,0.0087736
-0.089385,-0.0048091,0.0088298
-0.099855,-0.0028933,0.0084924
-0.085271,0.0013805,0.0085262
-0.033294,-0.0020198,0.0087136
