0.029528,-0.010894,0.00060792
0.034015,-0.0091879,0.00054419
0.042616,-0.010121,0.00075789
0.024667,-0.004989,0.00075789
0.014196,0.0015005,0.0013128
0.024667,-0.0055964,0.001594
0.032519,-0.0034294,0.0017814
0.013448,-0.0046104,0.0021076
0.0067175,-0.011595,0.0018939
0.026162,-0.0030995,0.0025087
0.026162,-0.010976,0.0022838
0.035885,0.0011031,0.0029512
0.020927,-0.011906,0.0026437
0.029154,-0.0087455,0.0027262
0.055703,-0.008933,0.0033748
0.037754,-0.018482,0.0019239
0.035137,0.0086086,0.0045295
0.023919,-0.037167,0.0015227
0.033267,0.016579,0.0044546
0.014196,-0.029399,0.00264
0.0089611,0.0049721,0.0028499
0.019805,-0.016052,0.0051744
0.023545,-0.039476,-0.0016341
0.035137,0.057961,0.011098
-0.012353,-0.19521,-0.011862
0.081505,1.942,0.070672
0.0059696,4.8003,0.27077
-0.083776,4.4172,0.40099
0.12825,3.816,0.55081
0.21799,3.8375,0.69688
0.26922,3.8059,0.80312
0.24716,3.9198,0.89773
0.18658,3.2084,0.97936
0.10731,3.071,1.0742
0.048972,3.3084,1.1343
0.084497,2.9128,1.1841
0.031023,2.3233,1.2512
0.11591,2.4183,1.3132
-0.020954,3.0709,1.3292
-0.16866,2.4589,1.332
0.064304,1.9239,1.3664
0.1103,1.9918,1.3829
0.15928,1.7089,1.3906
0.16639,1.6481,1.3927
-0.0045007,1.5017,1.3821
-0.028807,1.3758,1.3685
-0.012727,1.2716,1.3432
-0.093872,1.1124,1.3117
-0.077045,1.0256,1.2717
0.03065,0.89393,1.2252
-0.023945,0.76496,1.1707
-0.0037528,0.63344,1.1077
-0.0030049,0.49883,1.0391
-0.081906,0.37378,0.96248
-0.073305,0.25088,0.88232
-0.12865,0.1408,0.79752
-0.16455,0.013141,0.71152
-0.2341,-0.1662,0.61637
-0.24719,-0.26909,0.51773
-0.23821,-0.51153,0.41111
-0.1982,-0.59566,0.29503
-0.062087,-0.82011,0.18182
-0.027311,-0.98004,0.048567
0.1088,-0.1908,-0.016934
0.15629,0.068945,-0.0010867
0.099828,-0.10432,-0.003205
0.10207,0.010828,-0.0033624
0.042242,-0.05334,-0.0015591
0.0029781,-0.01387,-0.0035949
-0.016093,-0.025485,-0.0015703
0.024293,-0.027108,-0.0034599
0.011579,-0.0052702,-0.0019753
0.056077,-0.031472,-0.0027851
0.13535,-0.009799,-0.0026501
0.10768,-0.020806,-0.0024701
0.17237,-0.016,-0.002935
0.19331,-0.015516,-0.0028151
0.16901,-0.0111,-0.00322
0.1634,-0.010819,-0.003025
0.13199,-0.013863,-0.0034749
0.09048,-0.010931,-0.0035911
0.056077,-0.015835,-0.0037711
0.11927,-0.010721,-0.0038573
0.14994,-0.010358,-0.0039548
0.17275,-0.010804,-0.0039698
0.21351,-0.0099602,-0.0037411
0.1432,-0.010219,-0.0037599
0.1017,-0.0065374,-0.0037261
0.054208,-0.0092554,-0.0038348
0.024293,-0.01002,-0.0036924
0.044859,-0.0071297,-0.0035087
-0.042642,-0.0070397,-0.0036999
-0.044138,-0.0081569,-0.0037973
0.017562,-0.010864,-0.0037599
0.0040999,-0.0081869,-0.0037299
-0.00038735,-0.0056376,-0.0036661
0.0089611,-0.0086481,-0.0035424
0.02691,-0.010849,-0.0036436
0.00073447,-0.010691,-0.0035986
-0.040399,-0.0076883,-0.0033774
-0.095742,-0.005004,-0.0035199
-0.13837,-0.0042805,-0.0036286
-0.11481,-0.0054202,-0.0037186
-0.084897,-0.0052927,-0.0034562
-0.060965,-0.0046479,-0.0031375
-0.012353,-0.0053752,-0.0034449
0.040746,-0.0034332,-0.0034412
0.039624,-0.004243,-0.0033549
0.067669,-0.0035382,-0.0033624
0.071783,-0.003287,-0.0033474
0.047477,-0.010234,-0.0038536
0.078514,-0.0095628,-0.004296
0.059817,-0.0071747,-0.0045247
0.059817,-0.0090942,-0.0049671
0.059443,-0.0054839,-0.0051808
0.05159,-0.013672,-0.0055707
0.082627,-0.0065599,-0.0059419
0.093845,-0.0085431,-0.0057994
0.14021,-0.009829,-0.006568
0.12937,0.0012981,-0.0059381
0.099454,-0.022613,-0.0068304
0.098332,0.0032101,-0.0065492
0.068043,-0.028529,-0.006508
0.082627,0.0068803,-0.0075953
0.069539,-0.0070022,-0.005252
0.081879,-0.019513,-0.0086563
0.099828,0.02636,-0.0048846
0.077766,-0.060958,-0.0084351
0.065426,0.080121,-0.0053945
0.022797,-0.12024,-0.0058819
0.0078393,0.14569,-0.0094998
-0.024319,-0.31323,0.0019539
-0.048251,-2.3699,-0.15904
-0.008614,-2.6439,-0.43676
0.02878,-2.3368,-0.65124
0.025414,-2.531,-0.85693
0.129,-2.3686,-1.036
0.25875,-2.4404,-1.1907
0.25726,-2.3429,-1.332
0.34251,-2.2896,-1.4462
0.33204,-2.2548,-1.5491
0.2509,-2.1902,-1.6346
0.27595,-2.1586,-1.7097
0.19593,-2.0575,-1.7706
0.17462,-2.0112,-1.8196
0.19668,-1.9219,-1.8591
0.18284,-1.8511,-1.8871
0.17836,-1.7669,-1.9064
0.13834,-1.6594,-1.9135
0.10394,-1.5606,-1.9104
0.0029781,-1.4492,-1.8989
-0.026189,-1.3478,-1.8784
-0.041147,-1.244,-1.8496
-0.088263,-1.1418,-1.8123
-0.071436,-1.0294,-1.7675
-0.074053,-0.91055,-1.7149
-0.060965,-0.79716,-1.6542
-0.072931,-0.68811,-1.5873
-0.060217,-0.56517,-1.513
-0.029555,-0.44237,-1.4305
-0.041894,-0.32643,-1.3423
-0.1092,-0.22026,-1.2488
-0.19222,-0.13595,-1.1545
-0.23896,0.029314,-1.0538
-0.31898,0.13404,-0.94543
-0.34965,0.30525,-0.83285
-0.32422,0.46239,-0.7073
-0.28982,0.55895,-0.58186
-0.23522,0.78314,-0.44526
-0.16754,0.80229,-0.31063
-0.13463,1.1599,-0.16732
-0.12865,0.89337,-0.02056
-0.083028,-0.049707,0.012557
-0.051243,0.010847,-0.0059606
-0.021328,0.063273,0.0016614
0.0052217,-0.01844,-0.0025226
0.020553,0.048048,-0.00077177
0.013074,-0.0172,-0.0011167
0.021301,0.029074,-0.0014916
0.080383,-0.0013337,-0.00037811
0.090106,0.0099433,-0.0017503
0.12002,0.010449,5.3046e-05
0.12638,-0.0021848,-0.00099672
0.097211,0.010847,-0.00045684
0.12563,-0.00061393,-0.00031812
0.11329,0.0087848,-0.00012691
0.14881,0.0015755,0.00021051
0.19182,0.0051633,7.5541e-05
0.1877,0.0017854,0.00054044
0.22622,-0.0011613,0.00050295
0.2322,0.0030189,0.0009191
0.25127,0.0018867,0.0010091
0.24192,-0.0028258,0.00097534
0.22323,-0.00030276,0.0013278
0.22958,-0.00030276,0.0014965
0.16714,-0.0088468,0.0015902
0.10693,-0.0018174,0.0014627
0.03738,-0.0054689,0.001414
-0.0078661,-0.005885,0.0015077
-0.026189,-0.0031145,0.0014477
-0.066948,-0.0085768,0.0013203
-0.058348,-0.0024359,0.001189
-0.040399,-0.0054052,0.0012303
-0.046756,-0.0062187,0.0012078
-0.06994,-2.5332e-05,0.001564
-0.096116,0.0017442,0.002415
-0.08041,-0.0015062,0.0027974
-0.08041,0.00078071,0.0032848
-0.10397,-0.00050146,0.0040347
-0.10285,-0.0027509,0.0042371
-0.10696,0.0018079,0.0050769
-0.11257,-0.0088955,0.0049757
-0.096489,0.0084699,0.0057818
-0.094246,-0.010313,0.0061679
-0.078914,0.0066104,0.0056543
-0.027685,-0.0021623,0.0075401
-0.013849,-0.014748,0.0059392
0.0022302,0.014982,0.0083912
0.047477,-0.036732,0.0064904
0.064678,0.040948,0.0079713
0.090854,-0.048725,0.0084212
0.14507,0.041412,0.0056655
0.16302,-0.031123,0.011615
0.20229,-0.01886,0.0022351
0.22659,0.083034,0.016294
0.17275,-0.2606,-0.0056869
0.19593,1.7939,0.068884
0.22248,3.5416,0.408
0.26735,2.9359,0.75587
0.29689,3.0456,1.0571
0.2767,3.0466,1.362
0.37206,3.0217,1.6249
0.40234,3.1382,1.8811
0.44385,3.0807,2.1169
0.59193,3.1799,2.3387
0.62633,3.1207,2.5424
0.68579,3.1273,2.7266
0.72244,3.0797,2.8971
0.64054,3.0288,3.0492
0.74076,2.9891,3.1901
0.65924,2.9013,3.3146
0.63643,2.8328,3.4246
0.71458,2.7251,3.5215
0.38776,2.6438,3.6043
0.52313,2.5455,3.6733
-0.19446,2.434,3.7302
-1.5249,2.3499,3.7752
-0.95543,2.239,3.8078
-0.052365,2.1249,3.8311
0.20902,2.0049,3.8455
-0.061339,1.895,3.8524
-0.7778,1.8234,3.8516
-0.82417,1.7312,3.841
-0.4708,1.6455,3.8213
0.12825,1.5702,3.7916
0.49246,1.478,3.7519
0.23893,1.3815,3.703
-0.066948,1.2749,3.6452
-0.43677,1.1735,3.5798
-0.38255,1.0724,3.5071
0.01831,0.96646,3.4272
0.32905,0.86419,3.3403
0.37505,0.7712,3.2466
-0.21278,0.65438,3.1469
-0.76584,0.5291,3.0386
-1.1192,0.43756,2.9235
-1.1293,0.32969,2.8038
-0.64207,0.23206,2.678
-0.3302,0.15231,2.5485
-0.1795,0.057327,2.4167
-0.17651,-0.070417,2.2788
-0.18549,-0.17829,2.1331
-0.16268,-0.31119,1.9817
-0.089385,-0.45822,1.8197
0.20939,-0.54593,1.6544
0.25726,-0.7004,1.4832
0.2322,-0.7697,1.3081
0.14134,-0.9323,1.1302
-0.27448,-1.0173,0.94396
-0.43565,-1.1448,0.76118
-0.25354,-1.3132,0.56392
0.015318,-1.3076,0.37833
0.12152,-1.7215,0.17182
0.093845,-0.93627,-0.0080489
0.061312,0.12226,-0.02339
-0.12341,-0.13383,-0.0063018
-0.15071,-0.060276,-0.016293
0.038502,-0.034925,-0.0094511
0.21388,-0.081469,-0.013864
0.40347,-0.013342,-0.011502
0.51228,-0.075635,-0.012548
0.43862,-0.02087,-0.013219
0.20191,-0.050322,-0.011892
0.025414,-0.034824,-0.0135
0.01831,-0.033493,-0.012582
0.034763,-0.03732,-0.013688
0.062808,-0.023888,-0.013414
-0.086767,-0.034925,-0.013695
-0.35937,-0.022358,-0.013883
-0.4551,-0.027352,-0.01416
-0.44837,-0.024409,-0.014535
-0.24457,-0.022909,-0.014557
0.081879,-0.025657,-0.015007
0.27408,-0.026347,-0.015247
0.31185,-0.028394,-0.015802
0.20827,-0.023329,-0.016192
0.048599,-0.016573,-0.016008
-0.082654,-0.016483,-0.015915
-0.063209,-0.015276,-0.015915
0.048225,-0.016562,-0.01566
0.084123,-0.020817,-0.01575
0.010083,-0.021998,-0.016248
-0.13501,-0.019974,-0.016953
-0.21316,-0.01579,-0.017384
-0.16716,-0.021875,-0.01798
-0.0063704,-0.013331,-0.018592
0.17349,-0.019966,-0.019083
0.27707,-0.019498,-0.019915
0.28081,-0.014043,-0.01948
0.16228,-0.026591,-0.020669
0.081879,-0.002076,-0.020477
0.10731,-0.031697,-0.020984
0.18434,-0.0008951,-0.021598
0.26997,-0.02505,-0.02077
0.23519,-0.014883,-0.023256
0.12264,-6.2822e-05,-0.02005
0.0063435,-0.048208,-0.024148
-0.11556,0.039654,-0.020957
-0.16829,-0.084378,-0.023128
-0.13501,0.078471,-0.023822
-0.093124,-0.10616,-0.019116
-0.094994,0.073242,-0.030619
-0.062087,-0.08755,-0.0059756
-0.063957,-2.5692,-0.16765
-0.03479,-3.3152,-0.54959
0.15966,-2.6843,-0.88283
0.27259,-2.8566,-1.1994
0.48611,-2.6372,-1.5046
0.6282,-2.6578,-1.7803
0.46741,-2.6163,-2.0519
0.44722,-2.576,-2.3002
0.30811,-2.5898,-2.5404
0.16975,-2.5003,-2.7596
0.2423,-2.5031,-2.9629
0.20416,-2.4249,-3.1493
0.25352,-2.4073,-3.3179
0.31746,-2.3587,-3.4738
0.35859,-2.2995,-3.6117
0.3829,-2.2425,-3.7353
0.36906,-2.1662,-3.8429
0.46965,-2.1013,-3.935
0.42702,-2.0214,-4.0129
0.31409,-1.9552,-4.0769
0.23968,-1.8767,-4.1277
0.1447,-1.7998,-4.1653
0.13124,-1.7358,-4.1913
0.1806,-1.6725,-4.2073
0.22659,-1.6076,-4.2138
0.22024,-1.5328,-4.2106
0.19219,-1.4573,-4.1976
-0.1107,-1.3796,-4.1751
-0.21727,-1.2945,-4.1423
-0.048251,-1.2083,-4.0994
-0.26027,-1.1251,-4.0471
-0.16642,-1.0466,-3.9857
-0.073305,-0.96415,-3.9163
-0.27972,-0.8815,-3.8386
-0.10322,-0.79446,-3.7533
-0.071436,-0.68818,-3.6601
-0.1264,-0.60353,-3.5588
-0.054234,-0.51506,-3.4517
-0.1451,-0.41097,-3.3363
-0.31823,-0.32808,-3.2145
-0.44313,-0.22247,-3.0865
-0.48314,-0.14929,-2.9522
-0.55905,-0.076546,-2.8168
-0.46931,0.031253,-2.6766
-0.39489,0.13226,-2.5303
-0.40424,0.26369,-2.3759
-0.2943,0.36966,-2.2139
-0.27411,0.51908,-2.0443
-0.22886,0.60757,-1.8678
-0.19857,0.71998,-1.6901
-0.19147,0.84785,-1.5039
-0.12528,0.92337,-1.3181
-0.096116,1.1027,-1.1235
-0.065827,1.1277,-0.92803
-0.020206,1.3417,-0.72846
0.021675,1.3453,-0.52206
0.045981,1.5753,-0.32502
0.075522,1.6523,-0.097658
0.11703,0.29617,0.017468
0.15068,-0.097151,-0.0068754
0.09908,0.16991,-0.0036661
0.12114,-0.026118,-0.0026089
0.15218,0.081264,-0.0059531
0.10432,0.015334,-0.0023014
0.18808,0.037311,-0.0056719
0.19256,0.033836,-0.0021402
0.22809,7.5891e-05,-0.0044235
0.261,0.038177,-0.002965
0.2064,0.0028689,-0.0026763
0.20528,0.028283,-0.0029388
0.12226,0.013347,-0.0019902
0.11404,0.016268,-0.0026539
0.053086,0.015874,-0.0016341
-0.012727,0.007274,-0.0018178
-0.033294,0.01319,-0.0011504
-0.081906,0.0027639,-0.00089924
-0.02245,0.0087024,-0.00082426
0.0067175,0.012166,-1.4439e-05
0.083001,0.0048934,3.8049e-05
0.084871,0.0125,0.00071665
0.063182,0.012999,0.0017814
0.065426,0.0019841,0.0023475
-0.017215,0.0086686,0.0026887
-0.017589,0.0095459,0.003551
-0.073679,0.0053283,0.0040122
-0.077045,0.012429,0.0047058
-0.047877,-0.0040293,0.0051557
-0.06994,0.010446,0.0052569
-0.053487,0.0013468,0.0064266
-0.0576,0.0018979,0.005718
0.010457,0.015975,0.0076114
0.039624,-0.018193,0.0065129
0.07627,0.034012,0.0079001
0.11329,-0.032458,0.0081662
0.099454,0.026728,0.0065878
0.14881,-0.013241,0.010551
0.13685,-0.0064924,0.0054743
0.13909,0.045934,0.012913
0.21051,-0.090883,0.0048632
0.26062,0.16778,0.013389
0.24791,-0.29941,0.005928
0.24192,0.98967,0.019732
0.22771,3.4228,0.31236
0.27072,3.1238,0.70853
0.33429,2.8843,1.038
0.23445,2.9916,1.384
0.27521,2.7639,1.6981
0.27745,2.8404,1.998
0.26511,2.7164,2.282
0.40309,2.7745,2.5484
0.36794,2.724,2.8071
0.40795,2.7053,3.0448
0.43301,2.7423,3.2747
0.39636,2.7072,3.4913
0.40309,2.7078,3.6974
0.34812,2.6446,3.8884
0.35186,2.6096,4.0615
0.30736,2.5616,4.2202
0.26698,2.4979,4.3635
0.20079,2.4487,4.4922
0.20117,2.392,4.6059
0.23931,2.3287,4.706
0.1447,2.2621,4.7916
0.11628,2.1885,4.8628
0.11142,2.1132,4.9206
0.22024,2.0379,4.9652
0.22248,1.9542,4.9968
0.16602,1.8827,5.0159
0.22996,1.8172,5.0233
0.083749,1.7317,5.0201
-0.002631,1.6669,5.0074
-0.002257,1.611,4.986
-0.12977,1.5241,4.9557
-0.19633,1.4493,4.9164
-0.18063,1.3713,4.8687
-0.27748,1.2757,4.8113
-0.33244,1.1908,4.7446
-0.26364,1.1051,4.67
-0.31263,1.0165,4.5874
-0.27448,0.93523,4.4966
-0.22064,0.85557,4.3987
-0.22999,0.76362,4.2938
-0.16941,0.67769,4.1811
-0.22064,0.58801,4.0625
-0.23372,0.4795,3.9363
-0.23559,0.39139,3.8016
-0.27935,0.31062,3.6633
-0.2872,0.21676,3.5201
-0.34852,0.12868,3.3712
-0.35675,0.059438,3.2199
-0.38031,-0.04204,3.0647
-0.40948,-0.16257,2.9019
-0.38255,-0.27114,2.7332
-0.35712,-0.41415,2.5562
-0.28907,-0.50657,2.3728
-0.24382,-0.62607,2.185
-0.21652,-0.72189,1.9918
-0.19259,-0.83509,1.7974
-0.16118,-0.965,1.5943
-0.098733,-1.0398,1.392
-0.056478,-1.2221,1.1816
-0.011605,-1.2406,0.97036
0.015692,-1.4528,0.75752
0.0044739,-1.4724,0.53551
0.0022302,-1.6548,0.32684
-0.020206,-1.8072,0.08697
-0.0018831,-0.43857,-0.047213
0.051216,0.092511,-0.025239
-0.0033789,-0.21223,-0.025344
0.022797,-0.0082881,-0.028238
0.068043,-0.10461,-0.023957
0.024293,-0.051012,-0.028324
0.12002,-0.056467,-0.024519
0.14171,-0.072614,-0.027867
0.14134,-0.032653,-0.025996
0.20864,-0.070286,-0.02681
0.14994,-0.031217,-0.027046
0.15816,-0.054146,-0.026881
0.14956,-0.043289,-0.027859
0.080757,-0.039934,-0.027338
0.074774,-0.042644,-0.028156
0.048225,-0.035558,-0.027942
0.012327,-0.03918,-0.028546
-0.022076,-0.035525,-0.028741
-0.02058,-0.03816,-0.029142
-0.0041267,-0.033024,-0.02964
0.016814,-0.037602,-0.03003
0.043363,-0.042599,-0.031402
0.035885,-0.032034,-0.032205
0.032145,-0.033459,-0.0327
0.026162,-0.029399,-0.033483
0.019057,-0.026827,-0.033592
0.00073447,-0.032226,-0.034417
-0.022076,-0.021725,-0.034443
-0.010858,-0.036653,-0.03517
-0.008614,-0.014864,-0.035714
-0.024693,-0.035667,-0.035392
-0.0063704,-0.021792,-0.037026
-0.0059964,-0.015636,-0.035395
-0.019832,-0.047941,-0.038203
0.017562,0.0061118,-0.036239
0.022423,-0.069682,-0.038027
0.041494,0.029423,-0.03832
0.084871,-0.067942,-0.035755
0.091601,0.010592,-0.042091
0.1002,-0.010358,-0.032017
0.12675,-0.10204,-0.047239
0.15592,0.22894,-0.023578
0.13685,-1.8515,-0.10529
0.16452,-3.4944,-0.47124
0.19369,-2.8459,-0.84791
0.19219,-2.9675,-1.1785
0.3126,-2.8975,-1.5197
0.41468,-2.7888,-1.8242
0.41917,-2.8156,-2.1225
0.45245,-2.7145,-2.3977
0.41655,-2.7857,-2.6636
0.29802,-2.6972,-2.9154
0.30213,-2.7224,-3.1497
0.32456,-2.7159,-3.3768
0.31634,-2.7012,-3.5899
0.35635,-2.6865,-3.7928
0.37093,-2.6233,-3.9789
0.35373,-2.5801,-4.1493
0.31409,-2.5121,-4.3033
0.29502,-2.4705,-4.4419
0.25127,-2.4196,-4.5679
0.21238,-2.3556,-4.6786
0.1907,-2.2936,-4.775
0.14657,-2.222,-4.8573
0.1877,-2.153,-4.9248
0.20752,-2.0879,-4.979
0.21612,-2.0161,-5.0204
0.2696,-1.942,-5.0488
0.25314,-1.8681,-5.0647
0.25127,-1.7978,-5.0682
0.22211,-1.7385,-5.0621
0.12825,-1.6756,-5.0468
0.050468,-1.6041,-5.0218
-0.047504,-1.5306,-4.9883
-0.10846,-1.4545,-4.9455
-0.1365,-1.3737,-4.8933
-0.14361,-1.2867,-4.8313
-0.13912,-1.2027,-4.7609
-0.16529,-1.1192,-4.682
-0.14061,-1.0357,-4.5954
-0.15146,-0.95018,-4.5015
-0.19558,-0.86098,-4.3998
-0.1896,-0.76659,-4.2915
-0.22512,-0.67137,-4.1752
-0.26663,-0.58653,-4.0531
-0.2943,-0.48409,-3.9245
-0.32871,-0.38537,-3.788
-0.32384,-0.29838,-3.6464
-0.31487,-0.20214,-3.4997
-0.31674,-0.12814,-3.3492
-0.313,-0.052395,-3.1969
-0.31898,0.07317,-3.0388
-0.33057,0.18753,-2.8726
-0.3474,0.31288,-2.7002
-0.37844,0.4374,-2.5188
-0.37582,0.53283,-2.3333
-0.35077,0.66261,-2.1422
-0.30814,0.74111,-1.9475
-0.23298,0.89097,-1.7486
-0.17651,0.96932,-1.5437
-0.099107,1.1044,-1.3394
-0.071436,1.2241,-1.1246
-0.046756,1.2844,-0.91547
-0.0067443,1.4987,-0.69424
-0.038155,1.4426,-0.48016
-0.020954,1.8593,-0.25813
-0.057226,1.321,-0.036351
-0.04526,-0.057456,0.013741
0.0052217,0.061818,-0.012728
-0.011605,0.10564,-0.00074553
0.10506,-0.0015399,-0.0068304
0.12264,0.093606,-0.0039848
0.12226,-0.0086031,-0.0046447
0.20528,0.06123,-0.005147
0.17237,0.01475,-0.0026838
0.19331,0.02762,-0.0048996
0.20715,0.025217,-0.0025189
0.20416,0.014581,-0.0035124
0.21164,0.027882,-0.0026314
0.20042,0.0088673,-0.0023914
0.21575,0.024501,-0.0021852
0.18209,0.011503,-0.0016266
0.19743,0.017201,-0.0017765
0.1634,0.014176,-0.0011279
0.10768,0.010382,-0.0010342
0.087488,0.0067266,-0.00050558
0.0059696,0.0082,0.00042046
-0.0015092,0.01872,0.001579
-0.0063704,0.0072815,0.0023813
-0.0056225,0.011597,0.0032698
0.0078393,0.0089985,0.0041809
0.0011084,0.0068953,0.0043421
0.016066,0.0086311,0.0052794
0.0026042,0.003285,0.0050094
0.0074654,0.015064,0.0060442
0.010083,-0.011044,0.0062579
-0.016467,0.020324,0.0063741
-0.064331,-0.0068448,0.0078401
-0.072183,0.0031463,0.0061304
-0.046382,0.016826,0.0093472
-0.030676,-0.025237,0.0067716
0.013074,0.047137,0.0096059
0.019805,-0.057351,0.0082712
0.052338,0.06836,0.0079938
0.072157,-0.06446,0.011927
0.066174,0.046912,0.0038097
0.059443,0.0081138,0.018728
0.049346,-0.12966,-0.0083788
0.090106,2.3083,0.11528
0.11853,3.5679,0.50167
0.25613,2.8565,0.86497
0.29091,3.0341,1.2012
0.30923,2.8737,1.5406
0.41955,2.8351,1.8452
0.30736,2.8228,2.1445
0.35186,2.7406,2.4191
0.38926,2.819,2.6877
0.2681,2.7469,2.9405
0.34663,2.7624,3.1776
0.3571,2.7345,3.4043
0.34027,2.7455,3.6177
0.4274,2.7383,3.8236
0.48199,2.6814,4.0136
0.48274,2.6235,4.1874
0.47003,2.5702,4.3449
0.45956,2.5287,4.4872
0.36233,2.4676,4.6156
0.30213,2.4144,4.7296
0.22697,2.3566,4.8288
0.17349,2.2921,4.913
0.20902,2.2249,4.9834
0.22622,2.163,5.0405
0.29802,2.0907,5.0842
0.29652,2.0148,5.1144
0.30587,1.9468,5.1319
0.27296,1.8714,5.1375
0.13647,1.8026,5.1315
0.0658,1.7412,5.116
-0.08228,1.6756,5.0919
-0.18137,1.6059,5.0588
-0.19484,1.5389,5.0165
-0.23036,1.465,4.9654
-0.20418,1.369,4.905
-0.17876,1.2885,4.8355
-0.17539,1.2149,4.7581
-0.15969,1.1268,4.6737
-0.16529,1.0397,4.5814
-0.23933,0.94619,4.4815
-0.30066,0.85641,4.3748
-0.34516,0.76014,4.2605
-0.41695,0.67451,4.1399
-0.42107,0.5784,4.0134
-0.39078,0.46725,3.8786
-0.3818,0.38772,3.7382
-0.37171,0.29205,3.5938
-0.35152,0.19514,3.4438
-0.36012,0.12304,3.2901
-0.40088,0.029311,3.1339
-0.42219,-0.093852,2.971
-0.4521,-0.20105,2.8018
-0.46482,-0.33504,2.6257
-0.43976,-0.44876,2.4413
-0.39414,-0.559,2.2539
-0.34254,-0.67554,2.0603
-0.27411,-0.76266,1.8649
-0.18773,-0.91441,1.663
-0.14435,-0.97553,1.4586
-0.11145,-1.1477,1.2511
-0.10808,-1.2135,1.0363
-0.12379,-1.3544,0.82699
-0.138,-1.5001,0.60298
-0.13089,-1.4982,0.39389
-0.1178,-1.91,0.16189
-0.10621,-0.94814,-0.02907
0.026536,0.12913,-0.038946
0.061686,-0.17215,-0.022922
0.10432,-0.067725,-0.033048
0.24155,-0.06702,-0.025554
0.17873,-0.099625,-0.030713
0.20154,-0.030681,-0.027346
0.23407,-0.090433,-0.028962
0.16115,-0.031483,-0.029299
0.16938,-0.070267,-0.028399
0.126,-0.048129,-0.030334
0.1376,-0.046922,-0.029074
0.15181,-0.049527,-0.030203
0.16863,-0.038599,-0.029685
0.19967,-0.047709,-0.030203
0.15068,-0.035581,-0.030495
0.14208,-0.040342,-0.030829
0.08674,-0.034126,-0.031121
0.048972,-0.03837,-0.031095
0.021301,-0.042228,-0.032047
-0.0056225,-0.040496,-0.032606
0.01831,-0.041759,-0.033727
0.011205,-0.039259,-0.034784
0.046355,-0.040162,-0.035647
0.036259,-0.032139,-0.035928
0.031397,-0.037107,-0.036239
0.044859,-0.029343,-0.037225
-0.0045007,-0.031866,-0.036887
-0.041521,-0.038104,-0.038162
-0.095742,-0.022459,-0.0376
-0.11107,-0.042996,-0.038593
-0.12827,-0.0038456,-0.038751
-0.14323,-0.046281,-0.038417
-0.095368,-0.0093041,-0.040479
-0.04339,-0.027895,-0.037656
0.046729,-0.042584,-0.04229
0.11703,0.018667,-0.037664
0.1275,-0.10131,-0.042477
0.12413,0.087439,-0.039403
0.096837,-0.16592,-0.039411
0.092349,0.16071,-0.045942
0.075522,-0.38506,-0.027919
0.047103,-2.9706,-0.24838
0.11441,-3.2615,-0.65847
0.15068,-2.8184,-1.0009
0.24641,-3.0703,-1.3438
0.45133,-2.831,-1.6693
0.51191,-2.8935,-1.9695
0.57062,-2.807,-2.2598
0.59455,-2.8261,-2.5279
0.48947,-2.8449,-2.7919
0.48685,-2.7847,-3.0356
0.48424,-2.8125,-3.2676
0.45881,-2.785,-3.4869
0.50443,-2.8108,-3.6962
0.55715,-2.776,-3.8947
0.59343,-2.744,-4.0776
0.5594,-2.6856,-4.246
0.53995,-2.6213,-4.396
0.47676,-2.5814,-4.5315
0.33765,-2.5289,-4.6527
0.28755,-2.484,-4.7605
0.26062,-2.4166,-4.8545
0.23482,-2.3491,-4.9324
0.27147,-2.291,-4.997
0.32643,-2.2218,-5.0485
0.37131,-2.1521,-5.0871
0.40833,-2.08,-5.1134
0.38851,-2.0009,-5.1266
0.30998,-1.9287,-5.128
0.22472,-1.8641,-5.1186
0.11703,-1.8006,-5.1
-0.035164,-1.735,-5.0729
-0.15744,-1.6615,-5.0365
-0.22138,-1.5846,-4.991
-0.27112,-1.5033,-4.9367
-0.26626,-1.4123,-4.873
-0.24793,-1.3263,-4.8004
-0.24756,-1.2428,-4.72
-0.26663,-1.1572,-4.6322
-0.30103,-1.0704,-4.5371
-0.33544,-0.97919,-4.4343
-0.37246,-0.88668,-4.3251
-0.39377,-0.78555,-4.2081
-0.42855,-0.6973,-4.0845
-0.42182,-0.59978,-3.9561
-0.4192,-0.48724,-3.8201
-0.44687,-0.39992,-3.6782
-0.44014,-0.30314,-3.5317
-0.45996,-0.21249,-3.3803
-0.49623,-0.13961,-3.2271
-0.5168,-0.023089,-3.07
-0.54634,0.091919,-2.905
-0.56578,0.21391,-2.7339
-0.53848,0.35421,-2.5543
-0.49548,0.45055,-2.3695
-0.44425,0.58522,-2.1794
-0.36386,0.66953,-1.9851
-0.2771,0.80653,-1.7883
-0.20231,0.91284,-1.5837
-0.138,1.0154,-1.3808
-0.11257,1.1782,-1.1672
-0.085645,1.2088,-0.95736
-0.048999,1.4532,-0.74086
-0.075549,1.4135,-0.52257
-0.063583,1.7341,-0.3101
-0.047504,1.6032,-0.074702
-0.01871,0.14241,0.018012
0.067295,-0.042832,-0.010887
0.085245,0.16425,-0.0025751
0.18957,-0.0197,-0.0047909
0.2494,0.092328,-0.0052145
0.22884,-8.9065e-05,-0.0028001
0.30587,0.045859,-0.0057507
0.27296,0.028062,-0.0022789
0.27109,0.01788,-0.0045997
0.29615,0.040771,-0.0026239
0.23744,0.0070153,-0.0031038
0.21575,0.028186,-0.0027813
0.18583,0.011435,-0.0021402
0.18995,0.021824,-0.0023052
0.15218,0.015773,-0.0014466
0.129,0.012909,-0.0015553
0.10918,0.010614,-0.00078677
0.046729,0.0073227,-0.00069679
0.029154,0.015541,5.5726e-07
-0.025815,0.015338,0.00061167
-0.025441,0.017974,0.0014402
-0.01871,0.011998,0.0026887
-0.0030049,0.011829,0.003416
0.0063435,0.0046459,0.0042784
0.0052217,0.0048934,0.0042859
0.050094,0.009066,0.0052194
0.00073447,-0.0032232,0.0052344
0.0029781,0.018184,0.0058418
-0.026189,-0.0080707,0.0065166
-0.11519,0.010281,0.0062654
-0.12827,0.0036112,0.0080613
-0.14996,-0.0087493,0.0062167
-0.14435,0.025235,0.0090323
-0.11593,-0.029489,0.007094
-0.058722,0.043808,0.0088148
-0.013475,-0.047934,0.0094485
0.057947,0.05035,0.0067978
0.10469,-0.02791,0.013306
0.1017,-0.0086743,0.0032961
0.12152,0.083338,0.01851
0.10394,-0.25906,-0.0050421
0.12825,1.8723,0.075501
0.15181,3.6002,0.44006
0.26623,2.9362,0.81641
0.32344,3.0318,1.1486
0.31447,2.9735,1.4924
0.44535,2.8702,1.7981
0.38776,2.9083,2.0969
0.42254,2.814,2.3727
0.5321,2.897,2.6384
0.45881,2.8306,2.8918
0.52874,2.8527,3.1284
0.54818,2.8292,3.3545
0.52649,2.833,3.5658
0.58183,2.8509,3.7702
0.61212,2.7997,3.9604
0.62596,2.7626,4.1356
0.59044,2.6918,4.2942
0.57062,2.6462,4.4364
0.47339,2.5979,4.5648
0.40982,2.5344,4.6787
0.36869,2.4766,4.7787
0.31409,2.4166,4.8644
0.36794,2.3574,4.9361
0.3814,2.2792,4.994
0.43824,2.2091,5.0384
0.47751,2.144,5.0697
0.4876,2.0555,5.0886
0.46778,1.9878,5.0953
0.34625,1.9244,5.0908
0.26773,1.8526,5.0765
0.1088,1.7855,5.0529
-0.075923,1.7116,5.0203
-0.19484,1.6417,4.9792
-0.29169,1.5575,4.9289
-0.33506,1.4645,4.8695
-0.36909,1.3799,4.8015
-0.39377,1.2936,4.7248
-0.41097,1.2124,4.6399
-0.40648,1.1234,4.548
-0.41508,1.0326,4.4487
-0.4177,0.94026,4.3424
-0.40574,0.83479,4.2292
-0.46033,0.75063,4.1096
-0.47716,0.6573,3.9845
-0.45771,0.53877,3.8516
-0.4794,0.45018,3.712
-0.50932,0.36521,3.5692
-0.53736,0.26603,3.4216
-0.54821,0.18504,3.2691
-0.58298,0.10258,3.1151
-0.61402,-0.018425,2.956
-0.63122,-0.12949,2.7897
-0.65441,-0.26357,2.617
-0.61926,-0.39013,2.4357
-0.55868,-0.49735,2.2503
-0.48725,-0.62004,2.059
-0.37507,-0.70308,1.8658
-0.2958,-0.85618,1.6672
-0.22774,-0.9267,1.4645
-0.14061,-1.089,1.2602
-0.11294,-1.1797,1.0471
-0.074427,-1.2887,0.84001
-0.075549,-1.4761,0.61881
-0.080784,-1.452,0.41017
-0.037033,-1.8774,0.18432
-0.058722,-1.1007,-0.018607
0.03738,0.10244,-0.042991
0.10394,-0.13661,-0.022281
0.10992,-0.092326,-0.033333
0.23445,-0.045561,-0.025647
0.22435,-0.10601,-0.030135
0.24267,-0.0295,-0.028021
0.31709,-0.094662,-0.028617
0.28306,-0.034104,-0.029607
0.32083,-0.065112,-0.028021
0.30175,-0.052017,-0.030049
0.25913,-0.047495,-0.028924
0.26922,-0.05199,-0.029888
0.23145,-0.037898,-0.029663
0.19705,-0.04793,-0.03021
0.15816,-0.034527,-0.03039
0.13834,-0.045268,-0.030634
0.054582,-0.035993,-0.031091
0.0026042,-0.036811,-0.030866
-0.0018831,-0.040286,-0.031721
-0.072183,-0.039975,-0.032482
-0.061339,-0.044132,-0.033633
-0.062087,-0.037455,-0.034462
-0.047877,-0.038483,-0.035133
-0.015345,-0.03007,-0.035673
-0.021702,-0.039386,-0.03607
-0.0093619,-0.032319,-0.037004
-0.026937,-0.025747,-0.03652
-0.024693,-0.037538,-0.037712
-0.084897,-0.017042,-0.037525
-0.13314,-0.049351,-0.03841
-0.10995,-0.010916,-0.038957
-0.15333,-0.03924,-0.037844
-0.14735,-0.023682,-0.040723
-0.09462,-0.014249,-0.037532
-0.04339,-0.063886,-0.041731
0.027284,0.028827,-0.038226
0.063182,-0.09931,-0.040997
0.11142,0.070816,-0.041173
0.11853,-0.13016,-0.036925
0.14283,0.079694,-0.048851
0.16153,-0.13593,-0.022832
0.10843,-2.6893,-0.20085
0.17761,-3.3708,-0.60734
0.23145,-2.8223,-0.95852
0.33952,-3.1028,-1.2981
0.52126,-2.8953,-1.6286
0.59044,-2.9309,-1.9281
0.69962,-2.8836,-2.2206
0.74824,-2.8609,-2.4882
0.69776,-2.9133,-2.7512
0.67681,-2.8539,-2.9958
0.64092,-2.884,-3.2273
0.61212,-2.8602,-3.4466
0.63045,-2.8801,-3.6548
0.64877,-2.8575,-3.8534
0.67644,-2.8331,-4.0362
0.67345,-2.7877,-4.206
0.61138,-2.7197,-4.3578
0.53771,-2.6733,-4.4937
0.44497,-2.6229,-4.6161
0.4001,-2.5744,-4.7242
0.38327,-2.5119,-4.8184
0.36719,-2.4504,-4.8988
0.41356,-2.3794,-4.9653
0.46666,-2.3069,-5.0178
0.49321,-2.2386,-5.0571
0.50592,-2.1639,-5.0843
0.50443,-2.0905,-5.0987
0.45208,-2.0169,-5.1011
0.3384,-1.9465,-5.0928
0.21724,-1.8811,-5.0748
0.03738,-1.813,-5.0485
-0.14585,-1.736,-5.0133
-0.26514,-1.6599,-4.9691
-0.38143,-1.5827,-4.916
-0.43453,-1.4892,-4.8541
-0.46669,-1.4018,-4.7836
-0.50184,-1.3146,-4.7042
-0.49473,-1.2221,-4.617
-0.48688,-1.1348,-4.5228
-0.48725,-1.0432,-4.4212
-0.47903,-0.95273,-4.3133
-0.47417,-0.84503,-4.1979
-0.52502,-0.75188,-4.0756
-0.56279,-0.6637,-3.9487
-0.56915,-0.54544,-3.8148
-0.5957,-0.45054,-3.6738
-0.62112,-0.35622,-3.5286
-0.63571,-0.25821,-3.3785
-0.66899,-0.18698,-3.2255
-0.67796,-0.078166,-3.0702
-0.6832,0.043309,-2.9076
-0.74228,0.15732,-2.7387
-0.71199,0.306,-2.5616
-0.65104,0.40876,-2.3778
-0.60916,0.5388,-2.1892
-0.50259,0.62558,-1.9962
-0.39826,0.74852,-1.8017
-0.30739,0.88217,-1.5986
-0.21652,0.96013,-1.3974
-0.14361,1.1417,-1.1867
-0.098733,1.1779,-0.97644
-0.059096,1.4043,-0.76303
-0.046008,1.4082,-0.54356
-0.030676,1.6459,-0.33533
-0.041147,1.697,-0.098164
-0.062087,0.28896,0.017847
0.032893,-0.10061,-0.0081801
0.087488,0.17631,-0.0037824
0.18135,-0.020934,-0.002995
0.29203,0.085422,-0.0058219
0.27072,0.012871,-0.001874
0.34588,0.040277,-0.0052408
0.37392,0.03832,-0.0020015
0.35224,0.0074614,-0.0040598
0.35785,0.044239,-0.0023727
0.28941,0.0021828,-0.0024327
0.26885,0.029127,-0.0024664
0.23295,0.013179,-0.0016866
0.20154,0.014116,-0.0020877
0.17349,0.015702,-0.0010455
0.14582,0.0085936,-0.0011804
0.11553,0.012076,-0.00046434
0.044111,0.0092685,-0.00048683
0.033267,0.013471,-0.00012317
-0.025067,0.010618,0.00096784
-0.061339,0.015972,0.0017477
-0.054608,0.010153,0.0029249
-0.075549,0.010011,0.0036635
-0.038903,0.010052,0.0043908
-0.040025,0.0051483,0.0046645
-0.040399,0.014581,0.0055193
-0.015719,-0.00060268,0.0058193
-0.042642,0.010018,0.0060592
-0.080036,-0.0055401,0.007199
-0.10584,0.0064867,0.0063404
-0.13426,0.011113,0.0081737
-0.15595,-0.019396,0.0067416
-0.14398,0.0324,0.0085786
-0.11967,-0.037051,0.0084624
-0.062461,0.032876,0.0078813
-0.0041267,-0.028687,0.010896
0.051964,0.010131,0.0061567
0.11329,0.026255,0.013951
0.1462,-0.074983,0.0045333
0.16788,0.1555,0.015717
0.16452,-0.31597,0.0029961
0.17723,1.2495,0.033282
0.16901,3.5207,0.35178
0.28979,3.0779,0.7455
0.40347,2.9792,1.0756
0.36345,3.0561,1.4218
0.49471,2.8725,1.7327
0.50705,2.9594,2.0321
0.51752,2.8462,2.3124
0.70523,2.9327,2.5776
0.66036,2.8811,2.8347
0.66111,2.8683,3.0721
0.70374,2.8822,3.2997
0.62708,2.8721,3.5121
0.64353,2.9011,3.7174
0.68654,2.8579,3.9103
0.69476,2.8194,4.0878
0.65027,2.7513,4.2492
0.61698,2.6999,4.3932
0.53247,2.6516,4.5234
0.43002,2.5892,4.6395
0.40945,2.5376,4.7413
0.3844,2.4771,4.8289
0.39636,2.4122,4.9028
0.40347,2.3478,4.9631
0.45021,2.2737,5.01
0.47339,2.1977,5.0435
0.47302,2.1245,5.0644
0.48798,2.0371,5.073
0.38552,1.9568,5.0699
0.28941,1.8962,5.0571
0.12152,1.8286,5.0353
-0.098359,1.7582,5.0048
-0.28495,1.6854,4.966
-0.47267,1.6057,4.9185
-0.55008,1.5124,4.8618
-0.58485,1.4225,4.7962
-0.56653,1.3329,4.7217
-0.56316,1.2368,4.6389
-0.58037,1.1581,4.5494
-0.52016,1.066,4.4524
-0.49399,0.97011,4.3485
-0.4551,0.87758,4.2382
-0.43303,0.78326,4.1206
-0.47753,0.68673,3.9976
-0.51044,0.57399,3.868
-0.57999,0.47762,3.7306
-0.65927,0.39465,3.5885
-0.69816,0.29897,3.4425
-0.75051,0.20004,3.2918
-0.7692,0.12184,3.1389
-0.74789,0.011488,2.9819
-0.75948,-0.10352,2.8175
-0.78154,-0.22561,2.6473
-0.76472,-0.3594,2.4678
-0.68544,-0.46033,2.2837
-0.60617,-0.59154,2.0941
-0.50483,-0.67295,1.9015
-0.36348,-0.82395,1.7053
-0.26588,-0.91075,1.5029
-0.19446,-1.0373,1.3012
-0.13762,-1.1713,1.0891
-0.087515,-1.2356,0.88243
-0.054608,-1.4666,0.66427
-0.045634,-1.4148,0.45163
-0.063209,-1.8163,0.2342
-0.11257,-1.3932,0.010483
-0.068818,-0.0084494,-0.048142
-0.019458,-0.061738,-0.020691
0.01457,-0.14478,-0.031691
0.16153,-0.017481,-0.026071
0.2049,-0.12288,-0.028347
0.2337,-0.026685,-0.028144
0.34812,-0.089012,-0.026907
0.34027,-0.04573,-0.029397
0.36682,-0.052425,-0.026757
0.38813,-0.057127,-0.029033
0.31596,-0.037744,-0.028144
0.28568,-0.054375,-0.028838
0.24978,-0.036068,-0.028999
0.17499,-0.052526,-0.02913
0.1017,-0.038239,-0.029562
0.093471,-0.038963,-0.029543
0.061686,-0.039724,-0.030416
0.0026042,-0.036226,-0.030169
-0.017215,-0.042787,-0.030773
-0.040399,-0.037515,-0.031414
-0.024693,-0.041958,-0.032497
-0.016841,-0.039555,-0.033686
-0.0041267,-0.036904,-0.034128
0.031771,-0.033811,-0.034957
0.031771,-0.038112,-0.035208
0.01457,-0.036334,-0.035931
0.0078393,-0.023479,-0.035853
0.009335,-0.046273,-0.036985
-0.025067,-0.0197,-0.037124
-0.070314,-0.039292,-0.037022
-0.11219,-0.026002,-0.03865
-0.16043,-0.026025,-0.036708
-0.16006,-0.040215,-0.039606
-0.12753,-0.00084262,-0.037266
-0.075175,-0.067451,-0.039984
-0.0011352,0.035661,-0.038942
0.056825,-0.089353,-0.037907
0.14096,0.02672,-0.042785
0.17349,-0.057591,-0.033791
0.1705,-0.051964,-0.049286
0.2079,0.14543,-0.022296
0.18509,-2.1515,-0.13424
0.22136,-3.4822,-0.51983
0.26698,-2.8462,-0.8892
0.31148,-3.0757,-1.2232
0.47377,-2.9599,-1.5621
0.60016,-2.9161,-1.8635
0.69813,-2.9289,-2.1591
0.77853,-2.8614,-2.4301
0.76544,-2.9427,-2.6935
0.75385,-2.8768,-2.9423
0.76918,-2.8997,-3.1753
0.72991,-2.87,-3.3976
0.72617,-2.9013,-3.6068
0.75908,-2.9007,-3.8089
0.75272,-2.8459,-3.9949
0.74151,-2.8128,-4.1656
0.69402,-2.752,-4.3202
0.60951,-2.7102,-4.4596
0.52724,-2.6529,-4.5848
0.44385,-2.5983,-4.6951
0.39786,-2.5385,-4.7919
0.40459,-2.4708,-4.874
0.41992,-2.4152,-4.9427
0.44909,-2.3473,-4.9989
0.47788,-2.2711,-5.0414
0.47788,-2.2,-5.0714
0.4633,-2.1205,-5.0894
0.41842,-2.0391,-5.0947
0.32307,-1.9671,-5.0889
0.2165,-1.8999,-5.0737
0.031023,-1.8327,-5.05
-0.1825,-1.7593,-5.0176
-0.30739,-1.6778,-4.9761
-0.42069,-1.5966,-4.926
-0.50595,-1.5076,-4.8671
-0.56391,-1.4147,-4.7992
-0.62299,-1.3285,-4.7228
-0.68095,-1.2367,-4.6381
-0.66226,-1.1453,-4.5462
-0.61664,-1.0492,-4.4474
-0.58859,-0.95807,-4.3417
-0.51119,-0.86105,-4.2292
-0.52988,-0.75788,-4.109
-0.54035,-0.67519,-3.9838
-0.52914,-0.56927,-3.8528
-0.57438,-0.46198,-3.7139
-0.58784,-0.37101,-3.5708
-0.62748,-0.27087,-3.4224
-0.66936,-0.19629,-3.2701
-0.7262,-0.10669,-3.1167
-0.77033,0.023222,-2.9563
-0.78454,0.13457,-2.7888
-0.7692,0.27111,-2.6138
-0.67273,0.38655,-2.4313
-0.58597,0.51215,-2.2448
-0.488,0.61991,-2.0518
-0.38629,0.72012,-1.8578
-0.31038,0.86831,-1.6562
-0.20418,0.92667,-1.4537
-0.11519,1.1165,-1.2468
-0.068818,1.1549,-1.0349
-0.026937,1.332,-0.82631
0.00073447,1.446,-0.60407
0.013822,1.5036,-0.39807
0.017188,1.8637,-0.16363
-0.0074922,0.71744,0.0066328
0.039998,-0.16904,0.001309
0.072531,0.17445,-0.0083001
0.10581,0.011979,-4.8182e-05
0.20827,0.049668,-0.0066542
0.18471,0.048948,-0.0012179
0.22285,0.013209,-0.0046109
0.30362,0.059595,-0.0020727
0.29353,0.0018904,-0.0028413
0.34476,0.043294,-0.0028638
0.33765,0.012748,-0.0014616
0.3025,0.020894,-0.0024252
0.27707,0.010873,-0.0011504
0.23482,0.010116,-0.0015478
0.18583,0.014884,-0.00090299
0.12077,0.0046909,-0.00099297
0.11067,0.018022,-0.00045684
0.041494,0.0032925,7.5541e-05
-0.019458,0.0091785,0.00016552
-0.040773,0.0098796,0.00087786
-0.056478,0.0094522,0.0014777
-0.021702,0.016332,0.0027037
-0.021328,0.0073077,0.0036972
0.013822,0.011529,0.0042146
0.036633,0.006198,0.0048445
0.041494,0.0073377,0.0052869
0.038876,0.0064342,0.0062129
0.0070914,0.00010588,0.0060892
0.014944,0.015814,0.0071015
-0.043016,-0.011595,0.0070677
-0.064705,0.017884,0.0072402
-0.057226,-0.007782,0.0086349
-0.093124,0.00067573,0.0070902
-0.066574,0.01292,0.010273
-0.039277,-0.030231,0.0073602
-0.00824,0.046759,0.010345
0.02878,-0.058172,0.0091823
0.076644,0.063367,0.0088411
0.11666,-0.065989,0.013018
0.1346,0.034769,0.0042484
0.14246,0.01262,0.019894
0.15741,-0.14968,-0.007479
0.19182,2.2489,0.11074
0.22622,3.5675,0.49533
0.37804,2.8846,0.8586
0.41992,3.0691,1.1919
0.42067,2.9418,1.529
0.52911,2.906,1.8298
0.45881,2.9027,2.1247
0.54444,2.8471,2.3948
0.66934,2.9207,2.6579
0.60352,2.8364,2.9053
0.68429,2.8743,3.1371
0.69439,2.8592,3.3587
0.64466,2.8699,3.5673
0.69102,2.8599,3.7678
0.73552,2.8029,3.9521
0.72692,2.7543,4.1212
0.67121,2.6995,4.2729
0.6211,2.6643,4.4095
0.49284,2.5996,4.5326
0.42702,2.5394,4.6405
0.3915,2.4805,4.7349
0.35336,2.4027,4.8143
0.3844,2.3492,4.88
0.38813,2.2705,4.933
0.44161,2.1721,4.9725
0.45283,2.116,4.9999
0.44796,2.0358,5.0147
0.40272,1.9469,5.0176
0.28156,1.8821,5.0101
0.18471,1.8177,4.9932
-0.037781,1.7448,4.9678
-0.22961,1.6678,4.9333
-0.35152,1.5951,4.8904
-0.47753,1.5116,4.8388
-0.49997,1.4226,4.7779
-0.52166,1.337,4.7082
-0.55082,1.2518,4.6305
-0.59121,1.1591,4.5448
-0.6043,1.0632,4.4514
-0.57588,0.97366,4.3515
-0.56503,0.8832,4.2447
-0.56092,0.78673,4.1303
-0.58111,0.69795,4.0104
-0.57251,0.59321,3.8842
-0.5957,0.48159,3.7499
-0.63945,0.40118,3.6102
-0.64618,0.30713,3.4664
-0.6488,0.20922,3.3176
-0.65067,0.14053,3.1665
-0.69105,0.037611,3.0123
-0.70003,-0.082076,2.8509
-0.71947,-0.20201,2.6835
-0.73705,-0.33778,2.5068
-0.65927,-0.4382,2.3244
-0.58859,-0.57313,2.1374
-0.49548,-0.65671,1.9453
-0.37919,-0.7868,1.7516
-0.27935,-0.90046,1.5495
-0.20157,-0.9953,1.3489
-0.13949,-1.1694,1.139
-0.077045,-1.1904,0.93105
-0.062087,-1.4303,0.71814
-0.047877,-1.4157,0.50117
-0.049747,-1.6875,0.29266
-0.072931,-1.6704,0.057468
-0.022076,-0.25311,-0.04809
0.051964,0.047178,-0.020969
0.064304,-0.19541,-0.026517
0.14582,-0.0044454,-0.02579
0.23445,-0.11687,-0.023927
0.21762,-0.042839,-0.02681
0.27221,-0.072269,-0.023567
0.28568,-0.060009,-0.027012
0.27707,-0.040024,-0.024744
0.31148,-0.068362,-0.026307
0.26586,-0.034213,-0.026045
0.2509,-0.061948,-0.025959
0.21463,-0.046449,-0.026933
0.1907,-0.046213,-0.027237
0.17985,-0.03611,-0.027938
0.12787,-0.038134,-0.027717
0.10132,-0.043349,-0.028294
0.054956,-0.034336,-0.028238
0.02691,-0.037898,-0.028726
-0.019458,-0.032132,-0.029217
-0.022824,-0.04014,-0.030128
0.0067175,-0.036237,-0.031271
0.015318,-0.033129,-0.031736
0.05346,-0.040039,-0.032681
0.056825,-0.026467,-0.033168
0.074774,-0.034231,-0.033716
0.071783,-0.024154,-0.034308
0.061686,-0.026733,-0.033974
0.02504,-0.035161,-0.03556
-0.028433,-0.020214,-0.034814
-0.011979,-0.046382,-0.035718
-0.031798,-0.0039805,-0.035939
-0.04526,-0.046431,-0.035549
-0.021702,-0.011996,-0.03781
0.00073447,-0.02553,-0.035099
0.056451,-0.04333,-0.039606
0.12413,0.023515,-0.034713
0.15031,-0.10291,-0.039396
0.19219,0.080481,-0.037052
0.20715,-0.16082,-0.036291
0.18509,0.15747,-0.043306
0.18247,-0.35107,-0.024163
0.16265,-2.9414,-0.23896
0.21238,-3.2848,-0.64788
0.25314,-2.8377,-0.98979
0.34438,-3.0977,-1.3302
0.53621,-2.8656,-1.6538
0.64279,-2.9411,-1.9512
0.75347,-2.8655,-2.2392
0.832,-2.8839,-2.504
0.7602,-2.9086,-2.7645
0.73066,-2.8486,-3.0045
0.75272,-2.8845,-3.2328
0.71496,-2.8618,-3.4494
0.71757,-2.8973,-3.6563
0.74263,-2.851,-3.8523
0.74263,-2.8061,-4.0301
0.7172,-2.7642,-4.1938
0.654,-2.7021,-4.3408
0.55566,-2.6591,-4.4733
0.4431,-2.6016,-4.5918
0.38626,-2.5442,-4.6958
0.37318,-2.4751,-4.7855
0.3728,-2.4082,-4.8608
0.38365,-2.3424,-4.923
0.41618,-2.2677,-4.9721
0.45507,-2.1941,-5.0082
0.43899,-2.1165,-5.0319
0.41319,-2.0382,-5.0435
0.36271,-1.9639,-5.0436
0.24604,-1.894,-5.0337
0.098332,-1.8219,-5.0149
-0.10958,-1.7474,-4.9869
-0.27112,-1.6722,-4.9504
-0.37433,-1.5896,-4.905
-0.48015,-1.5025,-4.8504
-0.52727,-1.4117,-4.7871
-0.56541,-1.3241,-4.7152
-0.59009,-1.2331,-4.6347
-0.58672,-1.1418,-4.5465
-0.61103,-1.0544,-4.4514
-0.58672,-0.96083,-4.3491
-0.52764,-0.86493,-4.24
-0.55569,-0.76579,-4.1235
-0.56466,-0.6776,-4.0007
-0.56728,-0.58149,-3.8728
-0.6316,-0.47494,-3.7373
-0.63646,-0.38423,-3.5965
-0.64057,-0.27987,-3.4506
-0.67385,-0.19619,-3.2998
-0.69217,-0.12341,-3.1479
-0.70077,-0.0010376,-2.991
-0.70937,0.10624,-2.8267
-0.70863,0.24539,-2.6558
-0.65403,0.36178,-2.4767
-0.58822,0.46573,-2.2923
-0.51231,0.60759,-2.1009
-0.40835,0.68406,-1.9082
-0.30814,0.84568,-1.7099
-0.21765,0.91364,-1.507
-0.10434,1.0645,-1.3032
-0.052739,1.1677,-1.0898
-0.025067,1.2566,-0.88316
0.02691,1.4614,-0.66248
0.017936,1.4267,-0.45301
0.032893,1.859,-0.22961
-0.011605,1.1519,-0.020376
0.0022302,-0.11683,0.012095
0.085992,0.098874,-0.010778
0.083749,0.082697,0.0010728
0.19817,0.010708,-0.0057132
0.22809,0.078291,-0.0016116
0.22622,-0.0029683,-0.0032425
0.32344,0.065646,-0.0028563
0.29914,0.0077689,-0.0015778
0.30886,0.033476,-0.0031
0.31409,0.021018,-0.00071178
0.26698,0.016208,-0.0020502
0.23108,0.026308,-0.0008505
0.18733,0.0092535,-0.0010717
0.17611,0.020163,-0.00060681
0.13573,0.0078026,-0.00010817
0.11105,0.014626,-0.00011942
0.082627,0.0094259,0.00061917
0.022423,0.011259,0.00063417
-0.0063704,0.01364,0.0015415
-0.0056225,0.016508,0.002565
-0.0063704,0.015109,0.0034723
-0.0048746,0.0065242,0.0042334
0.032145,0.0077426,0.0052044
0.024667,0.0036375,0.005658
0.042616,0.014836,0.0063067
0.068791,-0.001405,0.0067678
0.033641,0.0052608,0.0069778
0.035137,0.0052495,0.0083162
0.0026042,8.3389e-05,0.0074951
-0.040025,0.016482,0.0091935
-0.054608,-0.01522,0.0081587
-0.062461,0.030863,0.0092198
-0.077419,-0.023029,0.0098309
-0.069192,0.022802,0.0083425
0.00073447,-0.018823,0.012313
0.053834,-0.0073247,0.0070152
0.099454,0.045788,0.014405
0.13535,-0.096817,0.0066891
0.16228,0.17045,0.014514
0.17424,-0.29826,0.0086836
0.18396,0.92151,0.017749
0.17686,3.4051,0.30564
0.28194,3.1774,0.70817
0.41917,2.9527,1.0418
0.37916,3.096,1.3898
0.47676,2.8574,1.7064
0.50518,2.9638,2.0076
0.47751,2.856,2.2929
0.66485,2.9132,2.5599
0.66859,2.9125,2.8207
0.70486,2.8979,3.062
0.78227,2.9005,3.2936
0.70299,2.8633,3.509
0.72505,2.9016,3.7159
0.75759,2.8742,3.9122
0.76544,2.8494,4.0946
0.70935,2.8021,4.2629
0.66036,2.7435,4.4135
0.60988,2.6925,4.5497
0.49845,2.634,4.671
0.46068,2.5831,4.7783
0.40758,2.5186,4.8718
0.42927,2.4449,4.9508
0.46143,2.3843,5.0159
0.46217,2.3043,5.0682
0.46853,2.2239,5.1076
0.44273,2.1488,5.1332
0.44011,2.0608,5.1473
0.3212,1.9875,5.1499
0.21313,1.9129,5.141
0.070661,1.845,5.1232
-0.16043,1.7734,5.0968
-0.31562,1.6936,5.0615
-0.45659,1.6235,5.0183
-0.53213,1.5394,4.9662
-0.57139,1.4452,4.9053
-0.58448,1.3544,4.8356
-0.60318,1.2648,4.757
-0.62636,1.1728,4.6709
-0.61626,1.0829,4.5775
-0.62075,1.0003,4.4769
-0.59308,0.90836,4.3699
-0.60505,0.80322,4.2558
-0.61739,0.71879,4.1349
-0.63496,0.6235,4.0088
-0.6832,0.5061,3.875
-0.67834,0.42044,3.7345
-0.69479,0.33561,3.5906
-0.72209,0.23581,3.4416
-0.73705,0.15472,3.2886
-0.74004,0.067877,3.1339
-0.75163,-0.055312,2.9727
-0.74901,-0.16365,2.8048
-0.69143,-0.29865,2.6303
-0.6316,-0.41461,2.4471
-0.52278,-0.51805,2.2605
-0.41957,-0.64195,2.0676
-0.3145,-0.7287,1.8733
-0.21353,-0.88289,1.6725
-0.15707,-0.94782,1.468
-0.087889,-1.1173,1.2618
-0.087889,-1.1964,1.0471
-0.077793,-1.316,0.83833
-0.089011,-1.4913,0.61535
-0.085271,-1.4731,0.40614
-0.03105,-1.8968,0.17734
-0.049747,-1.0442,-0.021662
0.050094,0.11215,-0.040314
0.13311,-0.15496,-0.021257
0.18322,-0.082833,-0.032137
0.27259,-0.052185,-0.024759
0.25127,-0.10004,-0.029385
0.2954,-0.03106,-0.026761
0.29839,-0.094935,-0.028084
0.24753,-0.033174,-0.028741
0.26922,-0.067856,-0.027245
0.22884,-0.047117,-0.029108
0.1907,-0.048016,-0.027859
0.16751,-0.054363,-0.029168
0.14283,-0.040102,-0.028876
0.097584,-0.049325,-0.029078
0.06393,-0.03401,-0.029524
0.062808,-0.044009,-0.029742
-0.00076128,-0.035322,-0.029854
-0.0052485,-0.039694,-0.030236
-0.012353,-0.045996,-0.031151
-0.024693,-0.041628,-0.03216
0.047103,-0.04531,-0.03336
0.069165,-0.039439,-0.033753
0.079635,-0.031974,-0.034735
0.072905,-0.034962,-0.03508
0.062808,-0.037111,-0.03577
0.075522,-0.026253,-0.036111
0.044485,-0.037958,-0.0367
0.009335,-0.019194,-0.03721
-0.026563,-0.037684,-0.036835
-0.05947,-0.025305,-0.038533
-0.0662,-0.02538,-0.037
-0.070688,-0.04835,-0.039501
-0.038155,0.0071428,-0.037405
0.043363,-0.07348,-0.039088
0.087114,0.026383,-0.039789
0.12264,-0.075572,-0.03691
0.19369,0.0032213,-0.04361
0.1963,-0.01248,-0.033719
0.17761,-0.11422,-0.048885
0.18995,0.2344,-0.02534
0.12825,-1.8254,-0.10413
0.15143,-3.4978,-0.47137
0.23819,-2.8936,-0.85302
0.2853,-3.0554,-1.1866
0.44497,-3.0032,-1.5303
0.59305,-2.9079,-1.8359
0.68878,-2.9531,-2.1345
0.80059,-2.864,-2.4102
0.80695,-2.9543,-2.6765
0.77217,-2.8913,-2.93
0.78152,-2.9165,-3.1672
0.73664,-2.889,-3.3943
0.71907,-2.8935,-3.6051
0.76918,-2.9184,-3.8099
0.78227,-2.871,-4.0016
0.75833,-2.8375,-4.1785
0.70224,-2.7815,-4.3398
0.62596,-2.738,-4.4853
0.53098,-2.6826,-4.6168
0.45694,-2.6293,-4.7334
0.41655,-2.5721,-4.8365
0.38589,-2.5004,-4.925
0.40384,-2.4426,-5
0.43637,-2.3734,-5.0624
0.46741,-2.289,-5.1108
0.48386,-2.2159,-5.1456
0.4547,-2.1388,-5.1684
0.40758,-2.0595,-5.1793
0.30961,-1.9857,-5.179
0.18733,-1.91,-5.1687
0.0082132,-1.8367,-5.1491
-0.20306,-1.7661,-5.1208
-0.32534,-1.6894,-5.0841
-0.44612,-1.606,-5.0383
-0.51941,-1.5224,-4.9836
-0.52988,-1.4286,-4.9199
-0.577,-1.3386,-4.8473
-0.59458,-1.2538,-4.7671
-0.60392,-1.1621,-4.6791
-0.6215,-1.0702,-4.5834
-0.61065,-0.97906,-4.4811
-0.60878,-0.88638,-4.3717
-0.59719,-0.78188,-4.2551
-0.61065,-0.69151,-4.1317
-0.65067,-0.59803,-4.0032
-0.65478,-0.49189,-3.868
-0.67909,-0.39802,-3.7258
-0.68956,-0.29932,-3.5796
-0.71162,-0.21226,-3.4282
-0.76098,-0.14008,-3.2745
-0.73031,-0.040395,-3.118
-0.72134,0.085977,-2.9534
-0.72022,0.20707,-2.7823
-0.64356,0.34588,-2.6027
-0.55344,0.44847,-2.4167
-0.4622,0.57054,-2.2268
-0.36946,0.66668,-2.0315
-0.27074,0.78628,-1.835
-0.20456,0.91097,-1.6299
-0.14585,0.98618,-1.4259
-0.091254,1.1813,-1.2136
-0.083402,1.198,-1.0006
-0.071062,1.4066,-0.7862
-0.050495,1.4454,-0.56292
-0.0011352,1.6305,-0.35389
0.022049,1.7702,-0.11438
0.054582,0.39839,0.017768
0.1447,-0.12391,-0.0048396
0.19144,0.18672,-0.0038498
0.28493,-0.017398,-0.00091799
0.31709,0.081546,-0.0049971
0.28941,0.027717,-0.00064055
0.32606,0.030477,-0.0040823
0.2868,0.046789,-0.00059556
0.27259,0.0055082,-0.0027438
0.26436,0.040168,-0.0015329
0.21014,0.0049683,-0.0013491
0.19967,0.028321,-0.0016228
0.14844,0.017306,-0.00014566
0.12376,0.014558,-0.00071928
0.092723,0.015541,0.00011678
0.040746,0.009962,0.00014303
0.05346,0.015117,0.00058168
0.0085872,0.0085149,0.00090786
-0.014971,0.010423,0.001249
0.0018563,0.015207,0.0020776
0.011579,0.017408,0.0033636
0.050842,0.013636,0.0042596
0.070287,0.014468,0.0051407
0.08861,0.0075627,0.0060855
0.072531,0.0089948,0.0059355
0.077392,0.013389,0.0071277
0.091228,-0.0039393,0.0070265
0.010457,0.01184,0.0075701
-0.04339,-0.0045091,0.0083012
-0.048251,0.012166,0.0077726
-0.06994,0.00070573,0.0099433
-0.063209,-0.006946,0.0080763
-0.033668,0.020635,0.010532
0.013822,-0.033002,0.0089461
0.082627,0.049143,0.01033
0.12413,-0.050716,0.011053
0.17649,0.047096,0.0082975
0.19032,-0.026287,0.015046
0.18359,-0.018144,0.0050619
0.18247,0.089703,0.019849
0.15629,-0.26812,-0.003145
0.14134,1.8342,0.07384
0.12787,3.5938,0.43628
0.30849,2.9471,0.81485
0.40347,3.0377,1.1472
0.37617,2.9814,1.4906
0.52874,2.8926,1.7959
0.48648,2.9378,2.0949
0.53696,2.8358,2.3706
0.70262,2.9239,2.6359
0.64054,2.8621,2.8894
0.71159,2.8687,3.1256
0.72804,2.842,3.3514
0.67308,2.8606,3.5628
0.70972,2.8743,3.7667
0.72954,2.8263,3.9571
0.72879,2.7933,4.1333
0.64353,2.7163,4.2925
0.60315,2.6712,4.4348
0.479,2.624,4.5639
0.39225,2.5542,4.6782
0.37542,2.4866,4.7787
0.29615,2.4174,4.8651
0.34401,2.3539,4.9372
0.35598,2.2918,4.9964
0.41281,2.2127,5.0426
0.44049,2.1369,5.0753
0.40795,2.0559,5.0959
0.38851,1.9699,5.1042
0.23632,1.8996,5.1015
0.14956,1.827,5.0892
-0.03105,1.7588,5.068
-0.25354,1.688,5.0385
-0.3575,1.6076,5.0002
-0.48426,1.5223,4.9534
-0.52652,1.4306,4.8971
-0.53848,1.3452,4.8317
-0.54222,1.257,4.758
-0.5411,1.1662,4.6758
-0.53325,1.0786,4.5863
-0.53325,0.98601,4.4897
-0.57812,0.89865,4.386
-0.5583,0.79953,4.2755
-0.58111,0.70568,4.1578
-0.62374,0.62095,4.0346
-0.64356,0.50796,3.9042
-0.69479,0.41231,3.7665
-0.69703,0.32919,3.6253
-0.70302,0.23466,3.4788
-0.70863,0.15027,3.3274
-0.72358,0.069849,3.1745
-0.72321,-0.043844,3.0164
-0.69442,-0.15558,2.8508
-0.69367,-0.27815,2.6792
-0.63571,-0.40845,2.4981
-0.54821,-0.50385,2.313
-0.46968,-0.63554,2.1222
-0.38106,-0.71237,1.9276
-0.25093,-0.85747,1.7299
-0.16081,-0.94424,1.5253
-0.12603,-1.0611,1.3221
-0.075549,-1.2022,1.1083
-0.075923,-1.2529,0.89941
-0.066574,-1.4889,0.68018
-0.063957,-1.434,0.46505
-0.041521,-1.8139,0.24769
-0.036285,-1.451,0.019901
0.014944,-0.03554,-0.046215
0.15068,-0.04474,-0.018022
0.15779,-0.15531,-0.028669
0.27109,-0.012153,-0.023615
0.30325,-0.12122,-0.025464
0.25277,-0.023783,-0.025756
0.34962,-0.085218,-0.024065
0.28418,-0.044181,-0.026776
0.27109,-0.049227,-0.02423
0.25763,-0.066244,-0.026697
0.18284,-0.040935,-0.025734
0.16602,-0.05421,-0.026195
0.10768,-0.036961,-0.026596
0.11853,-0.050588,-0.026577
0.085618,-0.039525,-0.027192
0.060565,-0.040207,-0.027087
0.046729,-0.038246,-0.027586
0.034763,-0.032525,-0.027567
0.035885,-0.038157,-0.028126
-0.0089879,-0.039532,-0.028846
0.049346,-0.0399,-0.030105
0.06393,-0.033913,-0.031114
0.072531,-0.035274,-0.031819
0.096837,-0.028904,-0.032418
0.065052,-0.033283,-0.032658
0.08861,-0.027532,-0.033686
0.054208,-0.024386,-0.033502
0.020927,-0.035742,-0.034634
-0.01871,-0.016468,-0.034342
-0.089011,-0.044646,-0.03493
-0.070688,-0.0079882,-0.035643
-0.081158,-0.036691,-0.034758
-0.061339,-0.022013,-0.03757
0.010831,-0.01191,-0.034248
0.050842,-0.056354,-0.038612
0.12339,0.035043,-0.035309
0.16826,-0.10152,-0.03757
0.2049,0.072919,-0.038117
0.20977,-0.12509,-0.033528
0.20191,0.071813,-0.04584
0.18546,-0.10897,-0.019551
0.10731,-2.6647,-0.19286
0.18696,-3.3842,-0.59794
0.24866,-2.8258,-0.95044
0.27558,-3.106,-1.29
0.4962,-2.8901,-1.6212
0.61399,-2.9276,-1.9212
0.68766,-2.8867,-2.2143
0.82489,-2.8658,-2.4827
0.78189,-2.9187,-2.7468
0.75572,-2.8504,-2.9927
0.77927,-2.8818,-3.2249
0.7243,-2.8464,-3.445
0.7359,-2.8831,-3.6543
0.73478,-2.8659,-3.8558
0.73178,-2.8141,-4.0406
0.71608,-2.7718,-4.2105
0.63344,-2.7099,-4.3641
0.54855,-2.6624,-4.5029
0.4431,-2.606,-4.6271
0.38178,-2.5535,-4.7378
0.3298,-2.4827,-4.8344
0.30961,-2.4146,-4.9161
0.31896,-2.355,-4.9852
0.32157,-2.2708,-5.041
0.37953,-2.196,-5.083
0.36233,-2.1267,-5.1128
0.34999,-2.0378,-5.1301
0.3212,-1.9591,-5.1352
0.20079,-1.8865,-5.1302
0.10394,-1.815,-5.1158
-0.083402,-1.7453,-5.0927
-0.25953,-1.6705,-5.0609
-0.37395,-1.5931,-5.0203
-0.45472,-1.508,-4.9711
-0.49959,-1.4183,-4.9127
-0.55419,-1.3286,-4.8451
-0.53998,-1.2365,-4.7693
-0.56092,-1.1476,-4.6852
-0.57812,-1.0607,-4.5937
-0.57737,-0.96787,-4.4949
-0.5785,-0.87764,-4.3893
-0.55045,-0.7762,-4.2768
-0.57476,-0.68137,-4.1565
-0.57027,-0.5973,-4.0311
-0.6559,-0.49016,-3.8993
-0.73031,-0.3935,-3.7604
-0.63346,-0.30168,-3.6166
-0.62748,-0.20702,-3.4674
-0.66675,-0.13536,-3.3152
-0.66001,-0.043926,-3.1611
-0.65665,0.078325,-2.9999
-0.63646,0.18849,-2.8315
-0.61103,0.3308,-2.6554
-0.53774,0.4387,-2.4713
-0.4435,0.54768,-2.2838
-0.37582,0.66418,-2.0896
-0.29842,0.75333,-1.8943
-0.23485,0.90569,-1.6919
-0.16604,0.9607,-1.4874
-0.065827,1.1336,-1.2796
-0.030302,1.1978,-1.0645
0.0127,1.3489,-0.85443
0.013448,1.4847,-0.62947
-0.040025,1.4957,-0.42063
0.0127,1.8993,-0.18742
0.0048478,0.87513,8.0556e-06
0.073278,-0.1647,0.0060892
0.17312,0.15944,-0.0084351
0.19331,0.032171,0.001504
0.30662,0.0382,-0.0056832
0.2666,0.064375,-8.5674e-05
0.28007,0.0079788,-0.0032987
0.33354,0.061773,-0.0013154
0.25838,-0.0066273,-0.0014016
0.28904,0.040921,-0.0022152
0.24417,0.015203,-0.00030687
0.1705,0.019619,-0.0013229
0.126,0.022296,-3.1919e-06
0.10992,0.0038174,-0.00046434
0.10843,0.013839,9.0537e-05
0.080383,0.0050771,0.00034173
0.1189,0.016815,0.00081038
0.068043,0.011267,0.0011928
0.03065,0.009081,0.001249
0.009709,0.012935,0.0019764
-0.00076128,0.012699,0.0027187
0.039998,0.013786,0.0041734
0.023545,0.0080388,0.004957
0.061686,0.0094709,0.005868
0.048225,0.0039374,0.0063179
0.060565,0.0076976,0.0065616
0.072157,0.005347,0.0076751
0.021675,0.0046084,0.0072889
0.042616,0.010633,0.0085149
-0.015345,-0.0038568,0.0082037
-0.046756,0.022409,0.0092235
-0.038155,-0.014332,0.0094522
-0.050121,0.02167,0.0087361
-0.020954,-0.0085918,0.011229
0.029902,-0.0010263,0.0085262
0.096463,0.027556,0.012969
0.13947,-0.050787,0.0084849
0.1806,0.07912,0.012628
0.19182,-0.10492,0.010937
0.19518,0.12506,0.0092385
0.16003,-0.15769,0.017532
0.14208,0.27057,-0.00325
0.14208,2.9343,0.20061
0.19481,3.3971,0.60612
0.36383,2.8378,0.94953
0.34588,3.0882,1.2906
0.39823,2.8714,1.6175
0.5134,2.921,1.9173
0.44909,2.8476,2.2084
0.59941,2.8458,2.4757
0.67644,2.8824,2.7383
0.64166,2.8245,2.9823
0.7243,2.849,3.2139
0.657,2.8191,3.4328
0.65737,2.8447,3.6409
0.69439,2.8168,3.8398
0.67719,2.7747,4.0228
0.65139,2.7181,4.1904
0.5766,2.6528,4.341
0.525,2.6023,4.4766
0.38103,2.5458,4.5978
0.33541,2.4857,4.7058
0.31858,2.4157,4.7989
0.25539,2.3485,4.8777
0.29989,2.2721,4.9436
0.30998,2.1909,4.9955
0.33877,2.1106,5.0347
0.35747,2.0307,5.0614
0.34513,1.9581,5.0757
0.29914,1.8833,5.0786
0.17948,1.8072,5.0709
0.050842,1.7432,5.0541
-0.12267,1.6709,5.0294
-0.28533,1.5928,4.9959
-0.40611,1.5098,4.9532
-0.4895,1.4238,4.9023
-0.5138,1.3412,4.842
-0.54073,1.2426,4.7721
-0.54522,1.1553,4.6943
-0.52203,1.0753,4.6094
-0.5254,0.98149,4.5166
-0.53325,0.89408,4.4164
-0.53624,0.79775,4.3098
-0.53624,0.70116,4.1952
-0.55756,0.62026,4.0748
-0.58859,0.51521,3.9485
-0.57924,0.41302,3.8136
-0.61926,0.32756,3.6735
-0.66039,0.23332,3.5291
-0.63197,0.15029,3.3796
-0.66488,0.073452,3.2277
-0.65328,-0.028064,3.0722
-0.62374,-0.14281,2.9091
-0.65515,-0.25618,2.7399
-0.6043,-0.39398,2.5619
-0.5411,-0.49301,2.3775
-0.46145,-0.61388,2.1894
-0.37993,-0.7036,1.9955
-0.28944,-0.82101,1.8
-0.18399,-0.94521,1.5964
-0.15034,-1.0198,1.3931
-0.096489,-1.1991,1.1819
-0.046382,-1.2171,0.97031
-0.034042,-1.441,0.75696
-0.050495,-1.4588,0.53506
-0.022824,-1.6511,0.32601
-0.019084,-1.7898,0.086456
-0.022824,-0.41023,-0.044341
0.1002,0.094202,-0.021568
0.12152,-0.20831,-0.022378
0.18733,-0.010009,-0.024984
0.25987,-0.11149,-0.021163
0.20528,-0.049224,-0.025179
0.27558,-0.055316,-0.021456
0.2868,-0.070923,-0.024928
0.26399,-0.035825,-0.022704
0.27184,-0.069247,-0.023844
0.21911,-0.032585,-0.024125
0.19518,-0.055934,-0.023608
0.15554,-0.039255,-0.024673
0.13498,-0.040605,-0.024287
0.097958,-0.039682,-0.025036
0.073652,-0.032972,-0.024823
0.081131,-0.037853,-0.025546
0.041868,-0.031101,-0.025824
0.037006,-0.037141,-0.02612
0.018684,-0.034269,-0.026791
0.02691,-0.037598,-0.0275
0.060191,-0.03608,-0.028819
0.051216,-0.033658,-0.029577
0.076644,-0.03145,-0.030154
0.082253,-0.024086,-0.030428
0.065052,-0.03807,-0.031354
0.060565,-0.02388,-0.031654
0.039998,-0.03103,-0.031849
-0.0071182,-0.026073,-0.033022
-0.04339,-0.027967,-0.032149
-0.038903,-0.040005,-0.034218
-0.050869,-0.0044979,-0.032932
-0.054608,-0.051585,-0.034151
-0.0071182,0.0055869,-0.034477
0.040746,-0.051833,-0.033303
0.095715,-0.0021435,-0.036865
0.14171,-0.020817,-0.031789
0.17948,-0.057966,-0.039249
0.20079,0.068447,-0.030716
0.16826,-0.18144,-0.039921
0.19032,0.28297,-0.031058
0.14582,-1.0544,-0.04863
0.10619,-3.3754,-0.35064
0.21575,-3.0481,-0.75249
0.24529,-2.9225,-1.0843
0.35298,-3.0477,-1.429
0.54968,-2.8398,-1.7419
0.61885,-2.9367,-2.041
0.72655,-2.8203,-2.3226
0.7875,-2.8939,-2.5881
0.69738,-2.8541,-2.8463
0.7101,-2.8264,-3.0835
0.72244,-2.8429,-3.3118
0.68467,-2.8329,-3.5264
0.70561,-2.8563,-3.7332
0.69888,-2.7939,-3.9265
0.69177,-2.7533,-4.103
0.63344,-2.6969,-4.2647
0.56501,-2.6444,-4.4105
0.46442,-2.593,-4.5425
0.36046,-2.5297,-4.6596
0.32195,-2.4678,-4.7627
0.2696,-2.3969,-4.8516
0.26997,-2.3307,-4.9265
0.26885,-2.2597,-4.9885
0.29989,-2.1817,-5.0372
0.32232,-2.1041,-5.073
0.3212,-2.0292,-5.0965
0.33877,-1.9474,-5.1081
0.22921,-1.8656,-5.1084
0.14059,-1.7965,-5.0987
0.014944,-1.7255,-5.0802
-0.18885,-1.6506,-5.0526
-0.29281,-1.5735,-5.0163
-0.41508,-1.4929,-4.9712
-0.47753,-1.4057,-4.9172
-0.48052,-1.3164,-4.8542
-0.53101,-1.2304,-4.7826
-0.53624,-1.1413,-4.7026
-0.53213,-1.0545,-4.6146
-0.53848,-0.96,-4.5194
-0.52502,-0.87068,-4.417
-0.5138,-0.78143,-4.3079
-0.52764,-0.67832,-4.1909
-0.56429,-0.59268,-4.0676
-0.58261,-0.4979,-3.939
-0.56204,-0.39399,-3.8033
-0.57513,-0.30293,-3.6617
-0.60355,-0.20866,-3.5148
-0.57962,-0.12902,-3.3635
-0.5942,-0.053228,-3.2106
-0.6028,0.068319,-3.0526
-0.60542,0.18032,-2.886
-0.61103,0.29809,-2.7134
-0.53736,0.4254,-2.5318
-0.47491,0.52595,-2.3454
-0.4005,0.65305,-2.1536
-0.30178,0.72862,-1.9584
-0.22737,0.87468,-1.7591
-0.15894,0.95608,-1.5533
-0.090506,1.0874,-1.3481
-0.047877,1.2108,-1.1327
-0.028433,1.2709,-0.9228
0.0059696,1.5032,-0.701
0.003352,1.4385,-0.48573
0.039624,1.8345,-0.26564
0.020927,1.3727,-0.040176
0.03925,-0.031228,0.017483
0.14694,0.045536,-0.009931
0.14657,0.12085,0.0017664
0.25875,-0.011317,-0.0039586
0.25389,0.096999,-0.0015179
0.20902,-0.0053677,-0.0015666
0.29652,0.057751,-0.0026501
0.24529,0.015773,-3.3185e-05
0.2595,0.02573,-0.0022302
0.24566,0.035703,0.00021426
0.20004,0.0079526,-0.000873
0.18471,0.026064,-1.069e-05
0.14582,0.010607,0.0002705
0.14433,0.012894,0.00018802
0.093097,0.011837,0.0009491
0.10245,0.016452,0.0010541
0.080383,0.0092535,0.0016089
0.026536,0.010941,0.0017027
0.031397,0.012309,0.00243
0.020927,0.013445,0.0031124
0.028406,0.014648,0.0038997
0.032145,0.0089086,0.0050019
0.074774,0.013715,0.0061117
0.074026,0.0030788,0.0064904
0.06393,0.0067191,0.006854
0.087862,0.0054857,0.00805
0.04112,0.00046954,0.0075401
0.023545,0.017752,0.0087699
0.011579,-0.0094578,0.0087924
-0.013849,0.018484,0.0091223
-0.03292,-0.0071335,0.010449
-0.03479,0.010806,0.0088561
-0.010858,0.0097108,0.011859
0.0074654,-0.019839,0.0089798
0.071409,0.042882,0.012519
0.12189,-0.058319,0.010382
0.14096,0.073654,0.011151
0.14433,-0.083426,0.013749
0.14994,0.071348,0.006929
0.14732,-0.036867,0.021165
0.14769,-0.055822,-0.0065567
0.13647,2.4861,0.13685
0.15143,3.529,0.5314
0.33092,2.8548,0.88981
0.35972,3.0882,1.2277
0.37617,2.9019,1.563
0.50106,2.8956,1.8646
0.42141,2.8705,2.1608
0.52799,2.8263,2.4315
0.65101,2.89,2.6968
0.59268,2.7993,2.9454
0.67644,2.8323,3.1793
0.65774,2.8041,3.4019
0.62372,2.8208,3.6124
0.66896,2.8084,3.8148
0.67495,2.7614,4.0019
0.65213,2.7125,4.1742
0.57772,2.6449,4.3291
0.53247,2.5965,4.4691
0.40795,2.5324,4.5948
0.32868,2.4761,4.7064
0.30662,2.4026,4.8047
0.27147,2.3267,4.8877
0.28119,2.2593,4.9571
0.26399,2.1892,5.0136
0.3227,2.113,5.0568
0.31036,2.0193,5.0872
0.29054,1.9431,5.1051
0.30175,1.875,5.1115
0.17574,1.7949,5.1068
0.066922,1.7294,5.0931
-0.096489,1.6575,5.0711
-0.26626,1.5732,5.0398
-0.36797,1.503,5.0001
-0.44201,1.4198,4.9518
-0.48202,1.3276,4.8942
-0.53325,1.2431,4.8275
-0.51829,1.1494,4.7523
-0.52241,1.0673,4.6694
-0.5138,0.97235,4.5787
-0.50408,0.87415,4.4807
-0.54073,0.79903,4.3759
-0.51642,0.70573,4.2637
-0.56429,0.62087,4.1449
-0.57775,0.52487,4.0201
-0.5598,0.41545,3.8874
-0.6043,0.3318,3.7485
-0.59121,0.24053,3.6053
-0.6129,0.15017,3.4568
-0.62,0.073718,3.3048
-0.61178,-0.014009,3.1506
-0.63047,-0.13177,2.9894
-0.60318,-0.23702,2.8211
-0.60243,-0.36967,2.6457
-0.55569,-0.4831,2.4619
-0.45884,-0.58386,2.2751
-0.39527,-0.69919,2.0818
-0.29019,-0.77715,1.8866
-0.18997,-0.92994,1.6854
-0.13426,-0.99292,1.4803
-0.083402,-1.1556,1.273
-0.065453,-1.2292,1.0577
-0.040399,-1.3469,0.84793
-0.034416,-1.5162,0.62336
-0.027685,-1.4939,0.41285
0.010083,-1.9095,0.18235
-0.010858,-1.0406,-0.017332
0.064304,0.11839,-0.035058
0.12937,-0.15351,-0.015941
0.16228,-0.081394,-0.027143
0.29465,-0.048721,-0.019596
0.24679,-0.099097,-0.024298
0.23781,-0.026557,-0.021876
0.29128,-0.08716,-0.023016
0.2236,-0.028053,-0.023387
0.25426,-0.064246,-0.022172
0.2322,-0.045861,-0.024137
0.18621,-0.040308,-0.022873
0.16452,-0.048163,-0.024253
0.12002,-0.033616,-0.023582
0.11479,-0.046813,-0.024144
0.085618,-0.037279,-0.024706
0.10207,-0.038025,-0.024654
0.066548,-0.03449,-0.025194
0.022049,-0.034445,-0.025134
0.039998,-0.038273,-0.02597
0.023545,-0.043364,-0.027233
0.035511,-0.037066,-0.028204
0.06393,-0.031869,-0.028677
0.097211,-0.039855,-0.029633
0.087488,-0.028934,-0.029888
0.074026,-0.031907,-0.030315
0.069913,-0.025219,-0.031148
0.029528,-0.029395,-0.030855
0.024293,-0.027322,-0.032239
-0.0078661,-0.017477,-0.031661
-0.035164,-0.045043,-0.033247
-0.01871,-0.0037631,-0.032793
-0.032546,-0.049194,-0.032786
-0.010484,-0.0049703,-0.034822
0.038502,-0.034108,-0.032017
0.088984,-0.032514,-0.036565
0.14545,0.017224,-0.031492
0.1705,-0.091063,-0.037345
0.20416,0.088076,-0.032857
0.1806,-0.1757,-0.03484
0.17424,0.20386,-0.038406
0.16564,-0.52812,-0.026086
0.096463,-3.0973,-0.26624
0.18172,-3.2149,-0.67611
0.23145,-2.8455,-1.0149
0.28493,-3.084,-1.3586
0.4962,-2.8467,-1.6806
0.6024,-2.9229,-1.9802
0.70262,-2.8233,-2.2685
0.76581,-2.8577,-2.535
0.68055,-2.8616,-2.7972
0.69738,-2.8136,-3.0395
0.68654,-2.8334,-3.2708
0.6125,-2.8016,-3.4887
0.64503,-2.8385,-3.6977
0.6656,-2.7883,-3.896
0.65812,-2.743,-4.077
0.60539,-2.69,-4.2436
0.54407,-2.6282,-4.3934
0.4446,-2.5795,-4.5293
0.32531,-2.514,-4.6513
0.2868,-2.4585,-4.7583
0.23594,-2.3891,-4.8518
0.24866,-2.3187,-4.9313
0.27184,-2.2494,-4.9972
0.26473,-2.1739,-5.0502
0.30138,-2.0963,-5.0903
0.3212,-2.0088,-5.118
0.32531,-1.9309,-5.1331
0.24379,-1.8556,-5.1366
0.14881,-1.7802,-5.1304
0.043737,-1.714,-5.1149
-0.13912,-1.6417,-5.0907
-0.25467,-1.5649,-5.0576
-0.36685,-1.4841,-5.0158
-0.45248,-1.3987,-4.9649
-0.46295,-1.3088,-4.9046
-0.49099,-1.2219,-4.8356
-0.4981,-1.1358,-4.7582
-0.50782,-1.0478,-4.6729
-0.488,-0.959,-4.5801
-0.48613,-0.86804,-4.48
-0.48875,-0.77885,-4.3733
-0.4708,-0.67844,-4.2587
-0.52914,-0.59006,-4.1371
-0.51493,-0.49855,-4.0101
-0.52353,-0.39526,-3.8761
-0.57102,-0.30713,-3.7363
-0.54222,-0.2072,-3.591
-0.58523,-0.12631,-3.4402
-0.59831,-0.062368,-3.2879
-0.58448,0.050421,-3.1317
-0.61851,0.1643,-2.9671
-0.59869,0.27229,-2.7963
-0.55756,0.41347,-2.6166
-0.49623,0.50476,-2.4304
-0.42518,0.63188,-2.2404
-0.32983,0.72397,-2.0446
-0.22138,0.83477,-1.8473
-0.16342,0.96067,-1.6418
-0.081906,1.0281,-1.437
-0.03105,1.2155,-1.2239
-0.011605,1.2327,-1.01
0.019431,1.4502,-0.79482
-0.0033789,1.4661,-0.57009
0.013074,1.6362,-0.36007
0.021301,1.8146,-0.11875
0.0127,0.42816,0.018326
0.073652,-0.13428,-0.0031225
0.11666,0.18867,-0.00325
0.22398,-0.011726,9.4286e-05
0.2868,0.084575,-0.0038498
0.22211,0.02708,0.00066791
0.2595,0.024032,-0.0033325
0.27595,0.041724,0.00037547
0.2423,0.0050733,-0.0014466
0.25464,0.045165,-0.00035561
0.20827,0.003495,9.0537e-05
0.18097,0.027826,-0.00039685
0.16676,0.017175,0.00087036
0.14208,0.012961,0.00035298
0.11927,0.016504,0.0012003
0.10918,0.009917,0.0011366
0.10544,0.017824,0.0017439
0.047103,0.0094972,0.0020326
0.036633,0.0093922,0.0022426
0.018684,0.013497,0.0029886
0.037006,0.01674,0.0040009
0.091975,0.01259,0.0051819
0.083749,0.01124,0.0058867
0.097584,0.011822,0.0068165
0.095715,0.0053845,0.0071577
0.091601,0.011855,0.0079863
0.06206,-0.001345,0.007975
0.034389,0.0085112,0.0083087
0.0026042,6.0895e-05,0.0094784
-0.036285,0.0074614,0.0086724
-0.022076,0.011495,0.010742
-0.042642,-0.015119,0.009171
-0.038529,0.030282,0.011098
-0.002631,-0.03022,0.010847
0.040372,0.039905,0.010266
0.098706,-0.030557,0.013273
0.15031,0.010104,0.0085112
0.17162,0.020928,0.016107
0.16452,-0.07357,0.0067228
0.15368,0.14774,0.018266
0.13498,-0.32927,0.0050807
0.14545,1.2761,0.037114
0.12713,3.5223,0.35731
0.24005,3.0338,0.75127
0.36458,2.9506,1.0818
0.32756,3.019,1.4274
0.43263,2.8146,1.7383
0.42104,2.9062,2.0381
0.43488,2.787,2.3189
0.61624,2.8509,2.5849
0.56015,2.797,2.8426
0.59717,2.7987,3.0805
0.63606,2.8004,3.3092
0.58969,2.7777,3.5244
0.62708,2.7984,3.7314
0.61511,2.7423,3.9252
0.64802,2.7088,4.1037
0.58296,2.6357,4.266
0.52462,2.5702,4.411
0.44759,2.5174,4.5425
0.31783,2.4589,4.6602
0.29091,2.4014,4.7636
0.22098,2.325,4.8533
0.22585,2.2525,4.9285
0.23183,2.1802,4.99
0.26062,2.1009,5.0391
0.30998,2.0226,5.075
0.304,1.9464,5.0987
0.32494,1.8607,5.1099
0.22024,1.7807,5.1093
0.12563,1.7157,5.1
-0.023198,1.6411,5.0821
-0.22026,1.5666,5.0549
-0.30814,1.4938,5.0188
-0.42967,1.4092,4.9741
-0.4708,1.3106,4.9202
-0.48613,1.2227,4.8571
-0.50932,1.1465,4.7854
-0.47529,1.0625,4.7053
-0.4622,0.97804,4.6176
-0.45098,0.88387,4.5227
-0.46781,0.79908,4.4207
-0.45659,0.7039,4.3114
-0.46594,0.60844,4.1948
-0.52689,0.52833,4.0729
-0.52315,0.42223,3.9434
-0.54148,0.33011,3.8064
-0.56391,0.24495,3.665
-0.55419,0.15497,3.5184
-0.57625,0.073095,3.3678
-0.57027,-0.0086406,3.2149
-0.56952,-0.11356,3.0564
-0.58485,-0.22462,2.8901
-0.57438,-0.34642,2.7171
-0.56092,-0.47565,2.5351
-0.51007,-0.56052,2.3488
-0.41995,-0.68267,2.1572
-0.32235,-0.76194,1.9617
-0.20605,-0.89812,1.763
-0.13052,-0.98831,1.5568
-0.075175,-1.0971,1.3519
-0.028433,-1.2415,1.1365
-0.028433,-1.2755,0.92576
-0.022824,-1.5154,0.7055
-0.03479,-1.4567,0.48693
-0.023945,-1.8039,0.27034
-0.027685,-1.5479,0.036105
0.0085872,-0.095933,-0.043883
0.10693,-0.012397,-0.014726
0.13685,-0.16645,-0.02417
0.2423,-0.0047528,-0.020447
0.2767,-0.12068,-0.021025
0.2423,-0.022864,-0.022423
0.2954,-0.077517,-0.02011
0.24791,-0.047791,-0.023237
0.24604,-0.046314,-0.020852
0.25389,-0.063747,-0.022596
0.17798,-0.031633,-0.021932
0.15854,-0.053303,-0.022554
0.13348,-0.035206,-0.022888
0.12974,-0.040773,-0.022693
0.10357,-0.037223,-0.023465
0.075522,-0.038779,-0.023353
0.076644,-0.033204,-0.024035
0.04112,-0.031138,-0.024152
0.024667,-0.036642,-0.024347
0.0127,-0.040878,-0.025321
0.033267,-0.040567,-0.026386
0.068417,-0.030602,-0.02717
0.087488,-0.038955,-0.028227
0.097584,-0.026647,-0.028658
0.093097,-0.029575,-0.028782
0.098332,-0.035097,-0.029978
0.084123,-0.019078,-0.029622
0.050094,-0.04053,-0.030623
-0.0037528,-0.018778,-0.031159
-0.026563,-0.036751,-0.031058
-0.015719,-0.01726,-0.032583
-0.044886,-0.02568,-0.03078
-0.031798,-0.036451,-0.033596
0.021675,0.0083837,-0.031267
0.060191,-0.066263,-0.033776
0.13049,0.035946,-0.033018
0.16751,-0.089435,-0.032032
0.17948,0.033393,-0.036678
0.18396,-0.044346,-0.027803
0.17013,-0.050386,-0.043254
0.16901,0.15543,-0.016593
0.075522,-2.14,-0.12582
0.095341,-3.4855,-0.50825
0.20827,-2.8257,-0.87817
0.22884,-3.0342,-1.2123
0.39898,-2.9124,-1.5511
0.54668,-2.8642,-1.8537
0.58744,-2.8718,-2.1506
0.71271,-2.795,-2.4233
0.70224,-2.8701,-2.6886
0.63568,-2.7869,-2.939
0.67607,-2.81,-3.1734
0.62596,-2.7854,-3.3978
0.60577,-2.8049,-3.6099
0.63979,-2.7931,-3.8146
0.64428,-2.7252,-4.0027
0.62259,-2.6825,-4.1751
0.54108,-2.6137,-4.3313
0.479,-2.5658,-4.4724
0.35523,-2.5042,-4.5999
0.27745,-2.4427,-4.7126
0.2423,-2.381,-4.8119
0.18209,-2.3099,-4.8974
0.21724,-2.2407,-4.9692
0.22585,-2.1659,-5.0279
0.258,-2.0858,-5.0735
0.29128,-2.0071,-5.106
0.30213,-1.9274,-5.1268
0.29465,-1.846,-5.1354
0.19369,-1.7734,-5.133
0.11666,-1.706,-5.1219
-0.058348,-1.6368,-5.1017
-0.22924,-1.5612,-5.0727
-0.31076,-1.4778,-5.0349
-0.42855,-1.3931,-4.9877
-0.44388,-1.3052,-4.9315
-0.46893,-1.2169,-4.8657
-0.4794,-1.1264,-4.7911
-0.45024,-1.0389,-4.7087
-0.48015,-0.95654,-4.619
-0.43976,-0.86941,-4.5222
-0.43416,-0.78365,-4.4182
-0.43752,-0.68338,-4.3069
-0.46108,-0.59016,-4.1877
-0.50483,-0.5052,-4.063
-0.45622,-0.40103,-3.932
-0.49959,-0.31228,-3.7941
-0.51044,-0.21914,-3.6507
-0.48838,-0.12812,-3.5017
-0.55307,-0.063305,-3.3501
-0.54522,0.027496,-3.1962
-0.54933,0.1502,-3.0349
-0.57438,0.25818,-2.8656
-0.54933,0.39095,-2.6891
-0.50221,0.50034,-2.504
-0.43453,0.60465,-2.3152
-0.34965,0.71264,-2.1201
-0.23335,0.79465,-1.923
-0.1537,0.95124,-1.7197
-0.088637,1.0077,-1.5132
-0.017215,1.172,-1.3041
-0.0037528,1.2392,-1.0872
0.0040999,1.3601,-0.87585
-0.0048746,1.5215,-0.64944
0.011205,1.5034,-0.4377
0.033267,1.9225,-0.20492
-0.0063704,0.99997,-0.0056794
0.044111,-0.15346,0.0099508
0.096463,0.1421,-0.0082139
0.15031,0.052588,0.0029624
0.25202,0.02768,-0.0045584
0.21799,0.07133,0.00054794
0.23445,-0.00096633,-0.0022414
0.28717,0.066628,-0.00077552
0.24566,0.0041886,-0.00014191
0.2696,0.043096,-0.0011804
0.24005,0.019833,0.00089286
0.17798,0.01686,-0.00031062
0.172,0.027046,0.0011778
0.16115,0.013737,0.00075039
0.14694,0.020039,0.0012678
0.094219,0.0087661,0.0016802
0.094967,0.014869,0.0016352
0.087114,0.0029664,0.0023175
0.048972,0.012121,0.0025912
0.032893,0.014153,0.0031124
0.036633,0.011758,0.0041209
0.072157,0.016118,0.0054293
0.068043,0.0088036,0.0064079
0.10992,0.0091223,0.007094
0.11217,0.0041136,0.0071727
0.10245,0.014311,0.0081962
0.11142,0.0023853,0.0086949
0.049346,0.012751,0.0088073
0.043737,0.0016017,0.0098909
0.0029781,-0.0084906,0.0088636
-0.035164,0.020572,0.011076
-0.031424,-0.019085,0.0099996
-0.049747,0.03012,0.010768
-0.025067,-0.021995,0.011964
0.013074,0.021104,0.010187
0.075896,-0.008738,0.014191
0.13984,-0.015284,0.0088973
0.13947,0.052708,0.016133
0.15629,-0.10011,0.0089611
0.16975,0.17123,0.015477
0.14283,-0.28481,0.011615
0.14769,0.84451,0.016088
0.11666,3.3471,0.29338
0.2251,3.1498,0.6969
0.35336,2.8803,1.0313
0.28941,3.0496,1.3778
0.38327,2.8269,1.6954
0.39449,2.9062,1.9958
0.3642,2.7814,2.2819
0.53883,2.8394,2.5496
0.51415,2.8217,2.811
0.53285,2.7854,3.0528
0.61025,2.7913,3.2844
0.55042,2.7771,3.5027
0.58819,2.7968,3.7131
0.61399,2.7287,3.9102
0.63942,2.6902,4.0909
0.57959,2.6413,4.2575
0.50966,2.581,4.4085
0.46367,2.5024,4.5449
0.31522,2.4529,4.6659
0.27558,2.3912,4.7731
0.2079,2.2997,4.8656
0.18546,2.2521,4.9445
0.22697,2.1791,5.0107
0.23407,2.1001,5.0634
0.27446,2.0256,5.1031
0.2767,1.9392,5.1301
0.3025,1.8601,5.1452
0.22061,1.7747,5.1483
0.12638,1.6997,5.1411
0.046355,1.6348,5.1255
-0.15782,1.5619,5.1007
-0.26962,1.4863,5.0674
-0.3646,1.4128,5.0255
-0.44762,1.3237,4.9749
-0.45809,1.2342,4.9146
-0.47155,1.1526,4.8451
-0.44687,1.0603,4.7677
-0.45809,0.97525,4.6821
-0.44238,0.88303,4.5889
-0.42032,0.79593,4.4886
-0.44874,0.71222,4.3815
-0.44762,0.61775,4.2666
-0.47342,0.53796,4.1459
-0.48314,0.42846,4.0189
-0.48763,0.32825,3.8833
-0.50109,0.25358,3.7432
-0.49623,0.15921,3.598
-0.53213,0.082547,3.4477
-0.53699,0.0096059,3.2952
-0.53325,-0.095453,3.1384
-0.55942,-0.21357,2.9737
-0.55382,-0.32141,2.8025
-0.54335,-0.45182,2.623
-0.48389,-0.54008,2.4371
-0.41359,-0.65444,2.2476
-0.3474,-0.75654,2.0514
-0.21353,-0.85505,1.8537
-0.14061,-0.98991,1.6479
-0.087141,-1.0482,1.4419
-0.034042,-1.2292,1.2298
-0.037033,-1.2539,1.0142
-0.022824,-1.4427,0.80033
-0.038903,-1.5084,0.57392
-0.023198,-1.6069,0.36418
-0.033668,-1.8872,0.12372
-0.037033,-0.62883,-0.036708
0.071409,0.12512,-0.024163
0.10693,-0.20572,-0.018082
0.18396,-0.023397,-0.02435
0.23295,-0.090785,-0.01813
0.19182,-0.061708,-0.023181
0.25838,-0.043461,-0.019161
0.23594,-0.079482,-0.022483
0.19294,-0.026242,-0.021148
0.22734,-0.069671,-0.021216
0.18471,-0.032608,-0.022307
0.1634,-0.047525,-0.021527
0.15517,-0.041013,-0.022944
0.1447,-0.037013,-0.02215
0.12675,-0.042577,-0.022933
0.098706,-0.033575,-0.023121
0.084497,-0.039412,-0.023383
0.038876,-0.031206,-0.023709
0.036633,-0.034872,-0.023874
0.019805,-0.037069,-0.024819
0.040372,-0.035675,-0.025711
0.07627,-0.035978,-0.026757
0.075896,-0.041486,-0.027871
0.1275,-0.033088,-0.028579
0.11479,-0.026685,-0.028591
0.10506,-0.031195,-0.029539
0.096089,-0.018703,-0.029719
0.06206,-0.035873,-0.030319
0.029154,-0.016375,-0.030893
-0.031798,-0.032657,-0.030619
-0.025441,-0.028758,-0.032583
-0.037781,-0.017672,-0.030574
-0.047877,-0.044024,-0.033078
-0.00824,0.012433,-0.031556
0.028406,-0.069971,-0.032557
0.12152,0.024017,-0.034147
0.17162,-0.064681,-0.031537
0.17985,-0.0014537,-0.038091
0.2049,0.0023253,-0.027987
0.18247,-0.11825,-0.042777
0.16415,0.25603,-0.020687
0.1002,-1.7437,-0.090909
0.11404,-3.495,-0.45008
0.23033,-2.8773,-0.83302
0.24043,-2.9971,-1.1651
0.37879,-2.9571,-1.5089
0.55865,-2.8396,-1.8153
0.58071,-2.8823,-2.1145
0.68616,-2.7798,-2.3914
0.70636,-2.8611,-2.658
0.60689,-2.7867,-2.9129
0.64391,-2.7968,-3.1502
0.61586,-2.7776,-3.378
0.58557,-2.7786,-3.5923
0.63942,-2.7763,-3.7987
0.6383,-2.7245,-3.9902
0.6368,-2.6962,-4.1683
0.56239,-2.6192,-4.3311
0.50219,-2.5573,-4.4763
0.40085,-2.4985,-4.6071
0.27633,-2.4427,-4.7241
0.26287,-2.3777,-4.8278
0.20864,-2.305,-4.9167
0.22211,-2.2364,-4.992
0.25501,-2.1587,-5.0541
0.25763,-2.0841,-5.1024
0.28418,-2.0109,-5.1387
0.27932,-1.9283,-5.1632
0.28231,-1.8427,-5.1752
0.20603,-1.769,-5.1759
0.09908,-1.6988,-5.1669
-0.031798,-1.6266,-5.1489
-0.18885,-1.556,-5.1223
-0.29842,-1.4758,-5.087
-0.38779,-1.3911,-5.0423
-0.39639,-1.3076,-4.9887
-0.42518,-1.218,-4.9253
-0.44313,-1.1282,-4.8534
-0.42294,-1.0412,-4.773
-0.445,-0.958,-4.6847
-0.41845,-0.86888,-4.5897
-0.42668,-0.77917,-4.487
-0.42182,-0.68671,-4.3774
-0.41583,-0.59405,-4.2601
-0.46257,-0.50971,-4.1365
-0.4551,-0.40999,-4.0072
-0.47342,-0.31979,-3.8708
-0.47155,-0.22669,-3.7289
-0.47828,-0.13283,-3.5809
-0.51231,-0.067335,-3.4293
-0.50109,0.01259,-3.2759
-0.52166,0.13165,-3.1165
-0.5411,0.24267,-2.9489
-0.5411,0.36261,-2.7746
-0.50034,0.49093,-2.5911
-0.4278,0.57256,-2.4033
-0.34291,0.69745,-2.2102
-0.22886,0.77737,-2.0125
-0.15408,0.91576,-1.8117
-0.099481,1.0088,-1.6031
-0.033294,1.1087,-1.3959
-0.010484,1.2622,-1.1781
0.0029781,1.2838,-0.9649
0.019057,1.5247,-0.74301
0.003352,1.4647,-0.52123
0.025788,1.7953,-0.30414
-0.0052485,1.5897,-0.066153
-0.010484,0.097366,0.02136
0.080009,-0.029189,-0.0082439
0.10992,0.15738,0.0011366
0.21724,-0.01949,-0.0016678
0.24679,0.10033,-0.0017391
0.20341,0.0041173,0.00024425
0.27147,0.05582,-0.0021365
0.24118,0.028163,0.0012828
0.23781,0.020774,-0.0012179
0.23183,0.037881,0.00089661
0.18471,0.0071353,0.00033048
0.17985,0.034072,0.00058918
0.13797,0.0093135,0.0011553
0.13947,0.014356,0.0009491
0.10992,0.0071428,0.0017552
0.11404,0.010461,0.0016914
0.10581,0.016043,0.0023588
0.048599,0.0083462,0.0025912
0.042242,0.013314,0.0031199
0.012327,0.0098683,0.003581
0.048599,0.011402,0.0039447
0.072531,0.0090585,0.0043346
0.094967,0.00048078,0.0043646
0.12114,0.0034388,0.0045146
0.10469,0.0045597,0.0043871
0.11778,0.0013318,0.0042109
0.091601,0.001733,0.0042371
0.072905,0.00057076,0.0040946
0.017936,-0.0005202,0.0041246
-0.030676,0.00093441,0.0040534
-0.038529,0.00032333,0.0039447
-0.04526,-0.0013225,0.0040459
0.0011084,0.00017337,0.0039822
0.013074,-0.00061393,0.0040009
0.045981,-0.0024434,0.0040084
