0.047851,-0.011842,-0.00011567
0.033641,-0.01363,-0.00011942
0.035511,-0.0067923,-6.6928e-05
0.048225,0.00084069,0.00013928
0.038128,-0.0019261,0.00068291
0.021675,-0.0071784,0.00079163
0.015692,-0.00084637,0.0012153
0.011579,-0.0090792,0.0014627
0.013822,0.00018836,0.0016764
0.0082132,-0.008723,0.0018302
0.00073447,-0.011164,0.0017477
0.0026042,0.00016962,0.0024488
0.0063435,-0.020697,0.0019014
0.021675,0.0070903,0.0029249
0.020927,-0.028113,0.0022163
0.023171,0.016643,0.00264
0.047103,-0.024323,0.0032286
0.047103,-0.01032,0.0014777
0.050842,0.011968,0.0041359
0.047103,-0.054641,0.0011141
0.022049,0.07004,0.0046195
0.032519,-0.14172,0.00039422
0.013448,0.14862,0.0034685
0.02504,-0.21914,0.00264
0.003352,0.42042,0.000263
0.010083,3.404,0.14355
0.10619,3.7517,0.35764
0.056077,3.2722,0.52794
0.15143,3.534,0.69288
0.14433,3.214,0.82999
0.084123,3.2797,0.95274
0.2408,3.0101,1.0637
0.11067,2.809,1.1578
0.087488,2.6581,1.2459
0.11404,2.4688,1.323
0.00073447,2.4289,1.3905
0.02878,2.2869,1.4449
0.0059696,2.2429,1.4894
0.050468,2.1259,1.5228
0.05159,2.0376,1.5465
0.048972,1.9527,1.5614
0.042989,1.8253,1.5658
-0.027311,1.7395,1.5603
0.010457,1.6353,1.5451
-0.052739,1.5363,1.5225
-0.044512,1.4223,1.4912
-0.0576,1.3145,1.4526
-0.088263,1.1989,1.407
-0.0056225,1.0838,1.3536
-0.0052485,0.96876,1.2954
0.010831,0.80906,1.2284
-0.011232,0.69572,1.1552
0.0014823,0.55304,1.0774
-0.053113,0.41707,0.99318
-0.11481,0.29446,0.90709
-0.13987,0.16487,0.81685
-0.23223,0.023706,0.72409
-0.18212,-0.15928,0.62249
-0.18287,-0.27344,0.5191
-0.13575,-0.51853,0.40604
-0.044886,-0.58511,0.28769
-0.0056225,-0.85472,0.16969
0.047851,-0.94374,0.035321
0.03738,-0.12525,-0.018198
0.089358,0.04301,-0.00066305
0.063182,-0.10232,-0.0048884
0.075148,0.01268,-0.0036024
0.077392,-0.059541,-0.0029238
0.01457,-0.013634,-0.0040598
0.060939,-0.031495,-0.0024514
0.042242,-0.023914,-0.0042173
0.064678,-0.0099565,-0.0025526
0.086366,-0.027303,-0.0037749
0.09908,-0.0087943,-0.0032875
0.11067,-0.020645,-0.0033812
0.061686,-0.0090904,-0.0037861
0.081879,-0.01669,-0.0035649
0.066548,-0.015273,-0.0041948
0.072905,-0.011535,-0.0038311
0.12713,-0.013226,-0.0042622
0.14956,-0.0083444,-0.004311
0.15143,-0.011404,-0.004281
0.13386,-0.0093566,-0.0046559
0.12974,-0.01023,-0.0047721
0.10432,-0.011482,-0.0051958
0.073278,-0.010339,-0.005192
0.042616,-0.0094054,-0.0049708
0.0082132,-0.0055364,-0.0050196
-0.023945,-0.007126,-0.0049408
-0.045634,-0.0066311,-0.0049971
-0.063583,-0.008948,-0.0051283
-0.059844,-0.012911,-0.0048921
-0.026937,-0.0062112,-0.0047459
0.022423,-0.0037106,-0.0049183
0.034763,-0.0045241,-0.0048921
-0.011232,-0.004303,-0.0049071
-0.0048746,-0.0045016,-0.0049296
-0.023572,-0.0053039,-0.0047871
-0.03292,-0.0045654,-0.0046109
0.0014823,-0.0034707,-0.0045397
-0.048625,-0.0046704,-0.0046934
-0.048999,-0.0027771,-0.0045809
0.0022302,-0.0023047,-0.0044947
-0.023198,-0.0030395,-0.0046259
-0.0089879,-0.0028371,-0.0044272
0.025414,-0.0027321,-0.0045472
0.011953,-0.0010301,-0.0046559
0.032145,-0.0027659,-0.0044722
0.050842,-0.0058663,-0.0045697
0.064304,-0.0083294,-0.0046109
0.091228,-0.012633,-0.0051883
0.1103,-0.0061812,-0.0056869
0.13722,-0.0056151,-0.0059269
0.13872,-0.0091467,-0.006508
0.12862,-0.0059525,-0.0063018
0.15143,-0.011677,-0.0068529
0.14021,-0.0045691,-0.0069504
0.094967,-0.013113,-0.0071641
0.083001,0.0006195,-0.0075653
0.061686,-0.011396,-0.0069729
0.050842,-0.010789,-0.0082589
0.048972,0.0029176,-0.0067517
0.028032,-0.024671,-0.0083638
0.050842,0.023324,-0.0071416
0.051216,-0.039735,-0.0072578
0.029902,0.026278,-0.0087575
0.027284,-0.030081,-0.0057244
0.037006,-0.00091385,-0.010598
0.00073447,0.032359,-0.0030213
-0.022824,-0.11076,-0.012717
0.0022302,0.23086,0.0009266
-0.077045,-1.1896,-0.037311
-0.028433,-2.7538,-0.27487
0.009335,-2.3808,-0.52643
-0.011979,-2.4475,-0.72617
0.059443,-2.465,-0.92303
0.056077,-2.4107,-1.0812
0.16901,-2.4964,-1.2283
0.1705,-2.3643,-1.3505
0.12189,-2.3801,-1.452
0.18097,-2.3129,-1.5406
0.10693,-2.2918,-1.6141
0.11292,-2.2347,-1.6767
0.12974,-2.1714,-1.7234
0.14021,-2.1264,-1.7609
0.1634,-2.038,-1.7863
0.12413,-1.9805,-1.8017
0.13909,-1.8897,-1.8076
0.081505,-1.7931,-1.8025
0.023545,-1.6965,-1.7884
-0.0097358,-1.5966,-1.7651
-0.044512,-1.5019,-1.7337
-0.023198,-1.3959,-1.6941
-0.026937,-1.2928,-1.6466
0.010831,-1.1825,-1.5928
0.022797,-1.0593,-1.5313
0.02878,-0.95214,-1.4643
0.04972,-0.81058,-1.391
0.046355,-0.68333,-1.3101
0.021675,-0.54768,-1.2249
-0.048251,-0.41325,-1.1329
-0.083776,-0.32083,-1.0411
-0.14772,-0.15329,-0.94449
-0.17502,-0.039892,-0.84252
-0.17427,0.14468,-0.73597
-0.17801,0.2792,-0.62097
-0.13239,0.45292,-0.50379
-0.12341,0.63656,-0.37444
-0.083028,0.72283,-0.25203
-0.057974,1.1008,-0.11073
-0.074427,0.57715,0.003566
-0.057974,-0.11414,0.0057705
-0.0576,0.079004,-0.0038123
-0.013849,0.021063,0.0020813
0.026162,0.013689,-0.0028863
0.017562,0.037476,0.00036423
0.070661,-0.0040668,-0.0016003
0.06206,0.034184,-0.0006218
0.046355,-0.0031295,-0.00083176
0.11553,0.02101,-0.0012254
0.087488,0.0050883,-0.0002019
0.075522,0.0095496,-0.0011092
0.096837,0.010344,-0.00030687
0.07627,0.0019991,-0.00056182
0.08861,0.0092235,-0.00025439
0.11329,0.00071322,-0.00016441
0.16041,0.0079788,-3.1919e-06
0.1907,0.0040611,0.00021051
0.21201,0.001493,0.00037547
0.20715,-0.0013225,0.00058543
0.15218,0.0015605,0.00058918
0.13535,0.0039299,0.0010803
0.11067,-0.0018511,0.0010953
0.079635,0.00033457,0.0011665
0.074026,0.00034207,0.0011403
0.044485,-0.00031401,0.00088536
0.0022302,0.00057826,0.0010316
-0.016467,-0.0029908,0.00093035
-0.025441,-0.0057651,0.00087411
-0.052365,-0.0041455,0.00098284
-0.040399,-0.0022672,0.00099034
-0.027685,-0.0033132,0.0009416
-0.066574,-0.0029721,0.00073539
-0.081532,-0.00077138,0.0007279
-0.08228,0.0033563,0.0012415
-0.091254,0.0020179,0.0019164
-0.074427,-0.0036394,0.0023625
-0.056104,0.0057894,0.0030749
-0.050121,0.00018086,0.0034535
-0.039651,0.00072447,0.0037122
-0.033668,0.0027677,0.0044771
-0.040399,-0.0016187,0.0042109
-0.035164,0.0037087,0.0054481
-0.0093619,-0.016319,0.0051069
-0.0045007,0.014266,0.0055006
0.010831,-0.012375,0.0059617
0.050842,0.014922,0.0051519
0.071409,-0.0043517,0.0075664
0.083749,-0.017042,0.0043833
0.11254,0.030068,0.0082975
0.1432,-0.058652,0.0050169
0.15629,0.076499,0.007079
0.17162,-0.09585,0.0075664
0.16078,0.0977,0.0030524
0.13647,-0.087062,0.014191
0.095341,0.073969,-0.0098523
0.12787,2.6547,0.14733
0.20453,3.5147,0.51258
0.16115,3.0501,0.82225
0.21014,3.4087,1.1117
0.22958,3.3041,1.3851
0.18808,3.4398,1.6239
0.26436,3.5086,1.8561
0.27782,3.5452,2.0641
0.29428,3.6035,2.2606
0.30736,3.5645,2.4334
0.28904,3.6226,2.5904
0.2681,3.5778,2.7326
0.23108,3.5738,2.8577
0.23071,3.5249,2.9696
0.15667,3.4728,3.0635
0.12787,3.4213,3.1439
0.077018,3.3402,3.21
-0.016467,3.2733,3.2626
-0.01011,3.1977,3.3033
-0.069192,3.1212,3.3317
-0.083776,3.0222,3.3476
-0.11556,2.9256,3.3523
-0.10509,2.8379,3.3477
-0.033294,2.7545,3.3351
-0.029555,2.673,3.3149
0.010457,2.5684,3.2869
-0.025441,2.4597,3.2507
0.0089611,2.3589,3.2066
-0.01011,2.2426,3.1547
-0.090133,2.1295,3.0949
-0.099481,2.0219,3.0281
-0.18885,1.902,2.9547
-0.20605,1.7807,2.8757
-0.25803,1.6668,2.7908
-0.29019,1.5427,2.7002
-0.25803,1.4172,2.6044
-0.26177,1.2995,2.504
-0.21316,1.1484,2.3981
-0.18923,1.009,2.2852
-0.14772,0.89131,2.1684
-0.13613,0.75777,2.049
-0.13089,0.61809,1.9244
-0.11219,0.50582,1.7976
-0.10958,0.36226,1.6696
-0.086767,0.18833,1.5341
-0.11893,0.046417,1.3968
-0.1178,-0.16889,1.2533
-0.12229,-0.30452,1.1044
-0.13725,-0.48941,0.95418
-0.087515,-0.61885,0.79635
-0.043764,-0.76148,0.64203
-0.039277,-0.96409,0.47568
-0.037033,-0.98638,0.31779
-0.0063704,-1.406,0.14482
0.026162,-0.88642,-0.011483
0.095715,0.0738,-0.02931
0.13161,-0.10324,-0.01257
0.19668,-0.075433,-0.020946
0.24043,-0.030171,-0.014981
0.16714,-0.0865,-0.018284
0.20117,-0.018242,-0.016548
0.16975,-0.069907,-0.017163
0.096837,-0.026021,-0.017767
0.11553,-0.047799,-0.016571
0.059817,-0.035453,-0.018119
0.029528,-0.028477,-0.017103
0.0048478,-0.037875,-0.017943
-0.012353,-0.024424,-0.017441
-0.0041267,-0.035191,-0.017842
0.010831,-0.025181,-0.018142
0.059069,-0.031285,-0.017932
0.02691,-0.027835,-0.018427
0.014196,-0.021785,-0.018295
0.0074654,-0.029526,-0.01855
-0.031798,-0.027266,-0.018959
-0.017589,-0.024401,-0.01918
-0.031798,-0.025245,-0.019304
-0.024319,-0.021252,-0.01933
-0.016841,-0.021207,-0.01939
-0.033294,-0.019591,-0.019326
-0.04713,-0.016431,-0.019191
-0.054234,-0.018024,-0.019116
-0.029928,-0.016581,-0.018959
-0.020206,-0.016907,-0.018854
0.0063435,-0.018778,-0.018865
0.017936,-0.022583,-0.01945
0.039624,-0.021159,-0.020234
0.060191,-0.018437,-0.020699
0.064678,-0.01988,-0.021407
0.10843,-0.013807,-0.021542
0.13647,-0.021822,-0.022067
0.15218,-0.013544,-0.022532
0.129,-0.023607,-0.022547
0.129,-0.016011,-0.023874
0.10581,-0.0105,-0.023109
0.055703,-0.035435,-0.024317
0.070287,0.0044435,-0.023525
0.049346,-0.040177,-0.024455
0.067295,0.010982,-0.025318
0.0658,-0.03263,-0.023327
0.034015,-0.014736,-0.027275
0.035511,0.0049421,-0.022176
0.048225,-0.067909,-0.028527
0.075896,0.086168,-0.022337
0.029902,-0.17016,-0.0275
0.075522,0.24381,-0.025254
0.035137,-0.73569,-0.025471
-0.0011352,-3.1571,-0.27806
0.071035,-3.1138,-0.65568
-0.051243,-2.8916,-0.95953
0.1346,-3.0824,-1.2644
0.2853,-2.8866,-1.5391
0.20715,-2.999,-1.7976
0.38926,-2.8839,-2.0445
0.2868,-2.8882,-2.2723
0.17536,-2.8378,-2.4921
0.36458,-2.7696,-2.6896
0.31671,-2.7228,-2.8751
0.28044,-2.6232,-3.0441
0.39374,-2.5848,-3.2006
0.34214,-2.4836,-3.3433
0.29727,-2.4012,-3.4696
0.36719,-2.3073,-3.5832
0.28418,-2.2155,-3.682
0.17985,-2.133,-3.7676
0.22734,-2.0444,-3.84
0.23258,-1.9556,-3.8992
0.22547,-1.857,-3.9453
0.23258,-1.7744,-3.9793
0.23557,-1.7008,-4.0032
0.25576,-1.625,-4.0181
0.22435,-1.543,-4.0242
0.1346,-1.4583,-4.0202
0.035511,-1.3744,-4.0063
0.12002,-1.2859,-3.983
0.12264,-1.1972,-3.95
-0.16455,-1.1065,-3.9078
-0.27149,-1.0148,-3.8565
-0.17763,-0.93201,-3.7969
-0.11556,-0.84107,-3.729
-0.14248,-0.75544,-3.654
-0.27336,-0.67267,-3.5722
-0.37657,-0.57558,-3.4819
-0.35525,-0.49549,-3.3854
-0.32871,-0.39857,-3.2827
-0.30066,-0.29842,-3.1712
-0.25915,-0.20831,-3.0537
-0.28121,-0.11024,-2.9297
-0.41658,-0.04826,-2.8016
-0.5497,0.043013,-2.6708
-0.42294,0.14484,-2.5334
-0.35077,0.2543,-2.3896
-0.26701,0.3723,-2.2376
-0.21802,0.48235,-2.0795
-0.38741,0.61125,-1.9128
-0.32721,0.6853,-1.7428
-0.26588,0.83515,-1.5673
-0.23223,0.90105,-1.3858
-0.10172,1.0392,-1.2044
-0.05947,1.1522,-1.0131
-0.014971,1.2148,-0.82637
-0.016093,1.4085,-0.62595
0.063556,1.357,-0.43207
0.19256,1.7572,-0.22529
0.27184,1.1838,-0.021891
0.36532,-0.074462,0.017258
0.32606,0.081358,-0.0069804
0.28231,0.096047,0.0042596
0.25239,0.0078438,-0.0022152
0.12189,0.087829,0.00078413
0.11067,-0.0011238,-0.00013441
0.1993,0.06457,-0.00038936
0.20416,0.0098983,0.0012003
0.2322,0.028977,-0.00080176
0.26025,0.026668,0.0012865
0.21612,0.013632,4.5547e-05
0.19182,0.028542,0.0010391
0.18658,0.010311,0.00098284
0.1462,0.022806,0.001174
0.079261,0.010296,0.0016127
0.0055957,0.010622,0.0013128
-0.087141,0.011803,0.0020738
-0.13987,0.009006,0.0021976
-0.14099,0.013906,0.0027412
-0.11332,0.017475,0.0040159
-0.037033,0.013565,0.0051369
0.0089611,0.015057,0.0057968
-0.0089879,0.0082562,0.0064979
-0.053113,0.0044697,0.0068615
-0.12753,0.012519,0.0077801
-0.17389,0.00030833,0.0077951
-0.16978,0.017269,0.0085749
-0.14548,-0.0040218,0.0091973
-0.13463,0.012965,0.0086536
-0.10696,0.0057631,0.010543
-0.033668,-0.0057388,0.0089423
-0.019832,0.026623,0.011499
0.014944,-0.031674,0.0097221
0.065426,0.049739,0.011083
0.081505,-0.046693,0.012155
0.12862,0.048127,0.0093247
0.070287,-0.020994,0.015976
0.011953,-0.023355,0.0059055
0.033267,0.099065,0.020812
0.05346,-0.27943,-0.0015329
0.10992,1.8094,0.071625
0.26586,3.6089,0.43068
0.37579,2.9324,0.81035
0.31896,3.0198,1.145
0.37243,2.9573,1.4925
0.38103,2.8387,1.8019
0.29278,2.9008,2.1062
0.33017,2.7927,2.389
0.34738,2.8657,2.6623
0.3227,2.791,2.9237
0.38851,2.8162,3.1688
0.43076,2.7976,3.4062
0.40197,2.7726,3.6268
0.53995,2.7736,3.8369
0.52126,2.7601,4.0345
0.40833,2.7717,4.2224
0.41543,2.7114,4.398
0.36832,2.6559,4.5568
0.40234,2.6029,4.701
0.37766,2.5521,4.8314
0.3227,2.4903,4.9489
0.0026042,2.4089,5.0526
-0.030676,2.3446,5.1425
0.27221,2.2717,5.2197
0.085992,2.1899,5.2834
0.22734,2.1093,5.3342
0.026536,2.0302,5.3731
-0.52727,1.9469,5.3988
-0.31861,1.8548,5.4118
-0.14136,1.7745,5.4135
0.0078393,1.6931,5.4045
0.14657,1.6181,5.3864
0.15218,1.5497,5.36
0.06206,1.4751,5.3251
0.031397,1.3912,5.2816
-0.014971,1.2974,5.2292
-0.36872,1.2194,5.168
-0.1537,1.1352,5.098
-0.21353,1.043,5.0197
-0.4622,0.96303,4.934
-0.24457,0.87972,4.8408
-0.41882,0.7967,4.7405
-0.21952,0.71302,4.6337
-0.042642,0.62414,4.5202
-0.13463,0.54434,4.4006
-0.19184,0.45488,4.2754
-0.4192,0.34775,4.1424
-0.54671,0.27498,4.0028
-0.90532,0.19456,3.8604
-0.82941,0.092594,3.7124
-0.57176,0.025408,3.5595
-0.29879,-0.058799,3.4038
0.27259,-0.16261,3.2427
0.26062,-0.27755,3.0748
0.2322,-0.38178,2.9
0.16826,-0.49503,2.719
-0.083402,-0.60232,2.5307
-0.17389,-0.6864,2.3399
-0.33319,-0.81587,2.1434
-0.39639,-0.88767,1.9434
-0.52727,-1.0291,1.7402
-0.45809,-1.1053,1.5311
-0.20643,-1.232,1.3232
-0.0015092,-1.3622,1.1055
0.34999,-1.4164,0.89293
0.4876,-1.6276,0.66764
0.42478,-1.5326,0.44884
0.13909,-1.9137,0.22513
-0.19409,-1.4432,-0.0046672
-0.36498,-0.014549,-0.064181
-0.44874,-0.082957,-0.035425
-0.18848,-0.16063,-0.046545
0.066174,-0.025987,-0.040595
0.20004,-0.13098,-0.042466
0.36009,-0.035761,-0.04226
0.38664,-0.098141,-0.040869
0.35261,-0.049239,-0.043119
0.29652,-0.062686,-0.040633
0.13872,-0.065629,-0.042732
-0.050869,-0.046899,-0.041495
-0.19297,-0.064463,-0.042275
-0.3575,-0.040942,-0.042129
-0.3388,-0.057127,-0.042103
-0.14473,-0.042299,-0.042804
0.066548,-0.049392,-0.042552
0.32943,-0.058664,-0.043598
0.49097,-0.048178,-0.044633
0.42403,-0.045137,-0.045428
0.21463,-0.047634,-0.046264
0.0067175,-0.043285,-0.047336
-0.18212,-0.043214,-0.047801
-0.23335,-0.037774,-0.048799
-0.181,-0.034704,-0.048626
-0.12678,-0.044211,-0.049755
0.044485,-0.022722,-0.04962
0.16415,-0.048972,-0.049946
0.17761,-0.015929,-0.050838
0.21799,-0.042565,-0.049766
0.21313,-0.029556,-0.052379
0.12114,-0.014377,-0.049215
0.003726,-0.062304,-0.053249
-0.096863,0.026053,-0.050287
-0.2528,-0.10621,-0.052525
-0.23036,0.067281,-0.05344
-0.089011,-0.12382,-0.048195
0.012327,0.059393,-0.061051
0.23445,-0.086136,-0.034338
0.27371,-2.6146,-0.20131
0.3111,-3.3607,-0.606
0.1619,-2.7863,-0.96243
-0.02058,-3.0631,-1.3056
0.1791,-2.8429,-1.6433
0.053834,-2.8625,-1.9493
0.1275,-2.8126,-2.2499
0.28044,-2.7725,-2.5273
0.10992,-2.8124,-2.8005
0.27595,-2.7397,-3.0569
0.37617,-2.7754,-3.3025
0.39711,-2.7168,-3.5369
0.47526,-2.708,-3.7562
0.50106,-2.6883,-3.9659
0.40758,-2.6713,-4.1636
0.19593,-2.6557,-4.3516
0.15255,-2.6036,-4.5262
0.046355,-2.5492,-4.6861
0.12563,-2.4768,-4.8299
0.19593,-2.4266,-4.9588
0.19593,-2.3713,-5.0753
0.36607,-2.3023,-5.1778
0.35897,-2.2422,-5.2668
0.45619,-2.17,-5.3429
0.43039,-2.0937,-5.4056
0.38365,-2.0239,-5.4553
0.36383,-1.9414,-5.4926
0.1791,-1.8573,-5.517
0.14283,-1.7758,-5.5291
0.057573,-1.6938,-5.5297
0.011205,-1.6197,-5.5199
-0.024319,-1.5503,-5.5012
-0.011232,-1.4793,-5.474
0.0026042,-1.4036,-5.4383
-0.04526,-1.3226,-5.3933
-0.041521,-1.2411,-5.3394
-0.19147,-1.1609,-5.2768
-0.26102,-1.0789,-5.205
-0.32646,-0.99645,-5.1249
-0.35339,-0.91612,-5.0369
-0.28121,-0.83364,-4.9412
-0.26962,-0.75093,-4.8387
-0.21017,-0.67222,-4.7297
-0.1709,-0.58084,-4.6131
-0.11818,-0.50466,-4.4899
-0.15819,-0.42289,-4.3616
-0.19708,-0.31261,-4.2256
-0.26962,-0.23635,-4.0835
-0.43191,-0.14993,-3.9371
-0.45098,-0.064332,-3.7851
-0.50969,0.0013168,-3.6299
-0.52652,0.095773,-3.4711
-0.41396,0.19352,-3.3062
-0.31674,0.31429,-3.1341
-0.23485,0.42133,-2.9547
-0.11519,0.54248,-2.7684
-0.049373,0.6365,-2.5754
-0.10472,0.7303,-2.3803
-0.064331,0.85412,-2.1785
-0.061339,0.91978,-1.9749
-0.11855,1.068,-1.7664
-0.07854,1.1268,-1.5542
-0.070314,1.2872,-1.3411
-0.051243,1.3726,-1.1196
0.044485,1.4796,-0.90347
0.097584,1.6357,-0.67237
0.11553,1.5663,-0.45545
0.17424,1.9859,-0.22029
0.15218,1.1179,-0.009766
0.10544,-0.12645,0.013846
0.084123,0.14477,-0.0077715
0.0744,0.078284,0.0042559
0.082627,0.033607,-0.0035124
0.08861,0.089985,0.0013015
0.18471,0.0099133,-0.0012254
0.20902,0.077448,-0.00036686
0.19593,0.011578,0.00084037
0.23744,0.047868,-0.00094423
0.18135,0.026087,0.0010653
0.11666,0.021828,-0.00022814
0.042616,0.033585,0.0012115
-0.023198,0.014701,0.00066791
-0.065453,0.027931,0.0011328
-0.11818,0.012886,0.0017552
-0.1021,0.019841,0.001414
-0.059844,0.018112,0.0020776
0.011205,0.015642,0.00237
0.075148,0.020174,0.0032023
0.10506,0.020006,0.0041434
0.11965,0.019035,0.0052944
0.077018,0.018465,0.0062167
0.030276,0.0099508,0.0067003
0.0063435,0.0058719,0.0069553
-0.026189,0.015169,0.0077613
-0.04526,0.0032513,0.0079188
-0.020954,0.017876,0.0085074
0.0063435,0.0025427,0.0094335
0.013448,0.0098308,0.0088598
0.038128,0.0078026,0.010599
0.058695,-0.0083706,0.0090285
0.04972,0.03093,0.011199
0.036259,-0.032042,0.010288
0.026162,0.044134,0.010577
0.036259,-0.037204,0.012609
0.035511,0.025524,0.0084774
0.050094,0.0093022,0.015878
0.10058,-0.051443,0.0061942
0.091975,0.13815,0.019043
0.13498,-0.30349,0.0021601
0.12974,1.4505,0.04814
0.129,3.5044,0.37941
0.20079,2.9304,0.76251
0.058321,2.8801,1.0887
0.056077,2.8976,1.4297
0.10544,2.7258,1.7357
0.01644,2.7784,2.0328
0.074026,2.6515,2.3106
0.071783,2.7122,2.5769
0.097958,2.6232,2.8325
0.17611,2.6083,3.0686
0.18284,2.6057,3.2981
0.20603,2.5822,3.515
0.27034,2.566,3.7231
0.36682,2.4791,3.9145
0.31746,2.4285,4.0886
0.28081,2.3664,4.2484
0.23744,2.3097,4.394
0.16377,2.2412,4.5251
0.16676,2.1741,4.6409
0.090106,2.1123,4.7427
0.094593,2.0389,4.8297
0.11254,1.9723,4.9035
0.13124,1.9031,4.9641
0.18883,1.8287,5.0116
0.22098,1.7489,5.0462
0.25277,1.6665,5.0674
0.2236,1.5929,5.077
0.18808,1.5276,5.0759
0.10319,1.4654,5.0656
0.03065,1.3948,5.0466
-0.026189,1.3194,5.0177
-0.081906,1.2497,4.9797
-0.083776,1.1744,4.9328
-0.065827,1.0911,4.8764
-0.037407,1.0092,4.8109
-0.064705,0.92897,4.7368
-0.051617,0.84796,4.655
-0.071436,0.76808,4.5654
-0.13874,0.68956,4.4686
-0.1537,0.60827,4.3651
-0.21054,0.52676,4.2544
-0.23784,0.4473,4.1379
-0.26588,0.34676,4.0142
-0.28869,0.25228,3.8823
-0.2943,0.18209,3.7459
-0.31898,0.093595,3.6048
-0.29916,0.01208,3.4589
-0.28795,-0.059432,3.3092
-0.31263,-0.152,3.1551
-0.34665,-0.26379,2.9945
-0.36199,-0.35989,2.8269
-0.37507,-0.48213,2.6529
-0.37732,-0.58967,2.4705
-0.33618,-0.67817,2.2848
-0.28608,-0.8002,2.0925
-0.21802,-0.87045,1.8976
-0.16081,-1.0142,1.6977
-0.1294,-1.0757,1.4932
-0.094994,-1.219,1.289
-0.086767,-1.3199,1.0757
-0.065453,-1.4006,0.86819
-0.047877,-1.5914,0.64596
-0.049747,-1.5095,0.43339
-0.029928,-1.9187,0.20814
0.011953,-1.2482,-0.0077077
0.096837,0.064038,-0.04599
0.13423,-0.12858,-0.021246
0.20902,-0.12165,-0.032835
0.29577,-0.039671,-0.025602
0.26062,-0.11803,-0.029059
0.29764,-0.02129,-0.027541
0.28941,-0.091396,-0.027188
0.22173,-0.03398,-0.028771
0.23744,-0.05893,-0.026851
0.20416,-0.054004,-0.028853
0.15068,-0.041654,-0.027616
0.11329,-0.053876,-0.028651
0.087114,-0.033433,-0.028186
0.04972,-0.047552,-0.028422
-0.0048746,-0.035993,-0.028988
-0.037407,-0.037474,-0.028639
-0.059096,-0.040091,-0.029314
-0.049747,-0.040736,-0.029483
-0.056852,-0.036533,-0.029764
-0.043016,-0.038456,-0.030368
0.019057,-0.043795,-0.031511
0.044485,-0.03443,-0.032385
0.059817,-0.03563,-0.033232
0.057947,-0.027757,-0.033671
0.034389,-0.032814,-0.033648
-0.0093619,-0.033073,-0.03487
-0.043016,-0.025042,-0.034597
-0.06807,-0.038674,-0.035534
-0.10135,-0.014399,-0.03556
-0.1107,-0.051353,-0.035553
-0.1294,-0.022223,-0.037094
-0.11631,-0.02857,-0.035392
-0.1178,-0.037579,-0.038177
-0.094994,0.001418,-0.035736
-0.050121,-0.065228,-0.038702
-0.014971,0.033847,-0.036902
0.029154,-0.090976,-0.037172
0.044111,0.047591,-0.040813
0.059443,-0.071905,-0.032835
0.060565,-0.01038,-0.047524
0.11703,0.082273,-0.020354
0.080757,-2.2951,-0.14778
0.18172,-3.4144,-0.53463
0.21425,-2.7506,-0.8938
0.094219,-2.9709,-1.2243
0.37879,-2.811,-1.5571
0.38028,-2.7738,-1.8558
0.33279,-2.7496,-2.1482
0.49059,-2.6799,-2.4172
0.3111,-2.7296,-2.6809
0.2853,-2.6308,-2.928
0.31484,-2.658,-3.1609
0.28867,-2.6267,-3.3856
0.36271,-2.6177,-3.5975
0.43263,-2.5843,-3.7999
0.47788,-2.5156,-3.9853
0.39449,-2.4579,-4.1552
0.37841,-2.389,-4.3087
0.26062,-2.3432,-4.4481
0.14844,-2.2805,-4.5739
0.13386,-2.2169,-4.6849
-0.0041267,-2.1448,-4.7817
0.023545,-2.0728,-4.8637
0.064304,-2.0078,-4.9323
0.089732,-1.9353,-4.9884
0.1548,-1.8608,-5.0311
0.18995,-1.7836,-5.061
0.19817,-1.7062,-5.0785
0.12376,-1.6337,-5.0842
0.06206,-1.5697,-5.0802
-0.052365,-1.5051,-5.0672
-0.12566,-1.4302,-5.0446
-0.18586,-1.3584,-5.0123
-0.2255,-1.2838,-4.9708
-0.181,-1.2008,-4.9201
-0.15333,-1.1219,-4.8603
-0.075923,-1.0399,-4.7919
-0.029928,-0.95653,-4.715
-0.017962,-0.87574,-4.6304
-0.053113,-0.79391,-4.5382
-0.089759,-0.71701,-4.439
-0.11182,-0.62847,-4.3333
-0.17838,-0.54114,-4.2197
-0.18175,-0.46164,-4.1007
-0.18586,-0.36167,-3.9751
-0.18586,-0.27666,-3.8413
-0.17464,-0.19582,-3.7035
-0.16305,-0.10487,-3.5601
-0.1638,-0.029024,-3.412
-0.2154,0.048974,-3.2614
-0.24494,0.15389,-3.1054
-0.28421,0.26726,-2.9414
-0.3474,0.36896,-2.7716
-0.37246,0.50053,-2.5938
-0.35152,0.58968,-2.4097
-0.30216,0.7038,-2.2214
-0.21241,0.79757,-2.0269
-0.11107,0.9027,-1.8313
-0.077793,1.0251,-1.6273
-0.01871,1.092,-1.4245
0.0082132,1.2774,-1.2148
-0.036659,1.3068,-1.0039
-0.028433,1.5175,-0.79119
-0.10098,1.5169,-0.56792
-0.12229,1.6611,-0.35961
-0.076671,1.8316,-0.11888
-0.066574,0.45611,0.021217
0.003352,-0.11307,0.00032673
0.043363,0.20608,-0.00066679
0.15779,-0.0011613,0.0028274
0.19518,0.092227,-0.0016153
0.15181,0.038537,0.0028612
0.20827,0.037881,-0.0014766
0.18471,0.055929,0.0021301
0.20416,0.013066,0.00028174
0.21575,0.051089,0.0012003
0.17948,0.013689,0.0016914
0.2064,0.032711,0.0010091
0.19107,0.016354,0.0022313
0.18172,0.017977,0.0016577
0.13797,0.022176,0.0025275
0.069913,0.014412,0.002445
0.027658,0.014881,0.0028574
-0.029555,0.0094184,0.0031649
-0.077793,0.017205,0.0033973
-0.11706,0.012189,0.0039447
-0.087141,0.017558,0.0046945
-0.046382,0.018004,0.0059692
0.0055957,0.012388,0.0066066
0.075522,0.014633,0.0074314
0.06206,0.0060556,0.0077988
0.071783,0.014431,0.0081138
0.088984,0.0049159,0.0090023
0.05159,0.0086724,0.0088786
0.015692,0.0093922,0.01009
-0.026563,-0.0068748,0.0095609
-0.075549,0.023792,0.010817
-0.10023,-0.015666,0.010554
-0.089011,0.026128,0.010386
-0.088637,-0.012296,0.012605
-0.063583,0.0060293,0.0098496
-0.018336,0.017749,0.014191
-0.028059,-0.037493,0.0095759
-0.058348,0.077557,0.014652
-0.040399,-0.105,0.011207
-0.06994,0.14905,0.012043
-0.095368,-0.19818,0.017123
-0.053113,0.41771,0.0013503
-0.028433,3.0388,0.22352
0.12002,3.276,0.62454
0.17013,2.784,0.95956
0.17723,2.9975,1.2972
0.31746,2.7519,1.6168
0.26174,2.8059,1.9133
0.22846,2.7103,2.1998
0.26511,2.717,2.4651
0.20939,2.7072,2.7252
0.24828,2.6376,2.965
0.3111,2.6771,3.1955
0.32868,2.614,3.4152
0.37766,2.6018,3.6245
0.49134,2.5622,3.8208
0.49695,2.499,3.9986
0.42029,2.439,4.1614
0.4087,2.3924,4.3097
0.26399,2.3409,4.4449
0.16602,2.2651,4.5642
0.13984,2.2021,4.6687
0.05159,2.1279,4.7587
0.075522,2.0564,4.8344
0.16714,1.9955,4.8976
0.22659,1.9233,4.9479
0.28867,1.8432,4.9851
0.34887,1.7661,5.0092
0.29951,1.6902,5.0209
0.23445,1.6147,5.0219
0.12862,1.5597,5.0134
-0.0018831,1.4932,4.996
-0.080036,1.4164,4.9692
-0.18324,1.3475,4.9329
-0.22512,1.2629,4.8874
-0.23148,1.1823,4.8324
-0.19446,1.1012,4.7686
-0.1537,1.0251,4.6965
-0.13725,0.94544,4.6163
-0.11593,0.85725,4.5286
-0.14211,0.78264,4.4335
-0.16155,0.69403,4.3316
-0.22213,0.60793,4.223
-0.26588,0.5317,4.1082
-0.28159,0.43063,3.9872
-0.29094,0.33406,3.8576
-0.27448,0.26368,3.7224
-0.26439,0.17784,3.5836
-0.22812,0.084005,3.4392
-0.24569,0.010922,3.2903
-0.29468,-0.071856,3.1382
-0.33992,-0.18764,2.9798
-0.38741,-0.28655,2.8141
-0.42107,-0.40297,2.6431
-0.43079,-0.51841,2.4639
-0.40985,-0.60889,2.2804
-0.36348,-0.73633,2.0909
-0.25766,-0.81161,1.8979
-0.15931,-0.95194,1.7008
-0.076297,-1.0238,1.4984
-0.019084,-1.1608,1.2968
-1.3407e-05,-1.2859,1.0856
0.0011084,-1.3463,0.88005
-0.07854,-1.561,0.66108
-0.11145,-1.4798,0.44834
-0.10808,-1.8673,0.22913
-0.10958,-1.3736,0.0063329
-0.018336,0.0059431,-0.047831
0.019431,-0.085578,-0.020489
0.077018,-0.14636,-0.031624
0.17798,-0.022767,-0.025426
0.15143,-0.11883,-0.027762
0.16714,-0.022519,-0.027376
0.21351,-0.087182,-0.026289
0.19032,-0.039049,-0.028358
0.20715,-0.054341,-0.025861
0.20229,-0.058157,-0.027972
0.16041,-0.037362,-0.026862
0.14732,-0.054588,-0.027537
0.1462,-0.033733,-0.027526
0.14732,-0.048245,-0.027515
0.11404,-0.038783,-0.028122
0.063556,-0.037512,-0.028129
0.019057,-0.03912,-0.028328
-0.040025,-0.037868,-0.028474
-0.09088,-0.038794,-0.029108
-0.093124,-0.036293,-0.029288
-0.065453,-0.041054,-0.030401
-0.032172,-0.03626,-0.031429
0.0070914,-0.033204,-0.031976
0.034763,-0.031502,-0.032681
0.052712,-0.027521,-0.032756
0.05346,-0.035157,-0.033787
0.048972,-0.020682,-0.033869
0.024667,-0.032496,-0.034038
-0.0093619,-0.022546,-0.035245
-0.023198,-0.025777,-0.034312
-0.060217,-0.031719,-0.036048
-0.078166,-0.0065786,-0.034735
-0.083028,-0.051844,-0.036516
-0.062835,0.0079301,-0.036254
-0.0067443,-0.056755,-0.035587
0.02878,0.0070341,-0.038702
0.026162,-0.033879,-0.033948
0.0055957,-0.046757,-0.041356
0.015692,0.057473,-0.032197
-0.035538,-0.17145,-0.042905
-0.025441,0.28704,-0.031144
-0.037781,-1.1996,-0.058681
-0.012727,-3.3815,-0.37056
0.11516,-2.9519,-0.76328
0.029902,-2.8657,-1.0893
0.24566,-2.9477,-1.4283
0.44946,-2.7612,-1.7348
0.37056,-2.8338,-2.0291
0.5306,-2.7137,-2.3054
0.44572,-2.7788,-2.5681
0.32344,-2.7068,-2.8217
0.41094,-2.6927,-3.0549
0.38028,-2.7037,-3.2817
0.38402,-2.6725,-3.4956
0.45021,-2.6683,-3.6996
0.53995,-2.5951,-3.889
0.48125,-2.5434,-4.0615
0.45769,-2.4777,-4.2184
0.4102,-2.4318,-4.3602
0.21238,-2.3768,-4.4894
0.18247,-2.3053,-4.6034
0.06206,-2.2416,-4.7027
0.01644,-2.1686,-4.7878
0.096089,-2.1024,-4.8588
0.16003,-2.0385,-4.9172
0.25913,-1.9644,-4.9629
0.30811,-1.8864,-4.9954
0.38851,-1.8107,-5.0152
0.34289,-1.7359,-5.023
0.28493,-1.6702,-5.0206
0.16564,-1.6083,-5.0092
0.019057,-1.5369,-4.9888
-0.06807,-1.459,-4.9589
-0.23148,-1.3792,-4.9189
-0.23036,-1.3013,-4.8699
-0.23933,-1.2189,-4.812
-0.24532,-1.1342,-4.745
-0.1825,-1.052,-4.6698
-0.17726,-0.96825,-4.5866
-0.17801,-0.88544,-4.4962
-0.23859,-0.80562,-4.3989
-0.2498,-0.71889,-4.2946
-0.31263,-0.62915,-4.1832
-0.34404,-0.55099,-4.0658
-0.32123,-0.4518,-3.9429
-0.34965,-0.34874,-3.8121
-0.29617,-0.26916,-3.675
-0.27224,-0.18528,-3.5334
-0.25205,-0.098448,-3.3872
-0.26177,-0.019067,-3.2379
-0.31861,0.083116,-3.0842
-0.3575,0.19995,-2.9224
-0.45547,0.30359,-2.7545
-0.4966,0.43556,-2.5793
-0.47305,0.52359,-2.3978
-0.47155,0.63981,-2.2125
-0.40461,0.73702,-2.0205
-0.25504,0.8434,-1.8275
-0.16455,0.97658,-1.6267
-0.078914,1.0249,-1.4256
0.019431,1.2267,-1.2194
0.0127,1.2665,-1.0103
0.003726,1.4567,-0.80121
-0.037033,1.4963,-0.57953
-0.067696,1.5937,-0.37328
-0.0662,1.8632,-0.13604
-0.054608,0.57949,0.017948
0.021301,-0.13622,0.0034048
0.055329,0.19761,-0.0016828
0.16265,0.007259,0.0039672
0.21799,0.080425,-0.0016791
0.18247,0.044993,0.0033411
0.25651,0.028617,-0.00089924
0.22173,0.058647,0.00231
0.19406,0.0085149,0.00076914
0.21126,0.051512,0.0011815
0.15854,0.01454,0.0021451
0.18172,0.031508,0.0012565
0.16901,0.020148,0.0027674
0.16751,0.013164,0.0020364
0.19182,0.021115,0.0027712
0.14171,0.013134,0.00273
0.084123,0.012916,0.0030561
0.032519,0.011383,0.003506
-0.0078661,0.016159,0.0035923
-0.064331,0.013835,0.0044621
-0.067696,0.019023,0.0052269
-0.017589,0.016017,0.0061529
0.0022302,0.013482,0.0070115
0.033641,0.014213,0.0078888
0.060191,0.0059243,0.0080763
0.066174,0.0094634,0.0088448
0.072905,0.0009794,0.009336
0.050842,0.015556,0.009426
0.009709,0.0054032,0.010749
-0.0074922,0.0043198,0.0099171
-0.046382,0.017183,0.011709
-0.085271,-0.015404,0.010476
-0.092376,0.033187,0.011503
-0.073305,-0.026962,0.01229
-0.021328,0.03258,0.011016
0.016066,-0.014763,0.014679
0.029154,-0.0039243,0.009426
-0.0037528,0.04686,0.016617
0.0085872,-0.090841,0.0088711
0.009709,0.16683,0.017033
-0.022824,-0.29864,0.0099096
-0.022824,0.98866,0.023013
0.018684,3.3882,0.31264
0.14956,3.0843,0.7087
0.14358,2.8648,1.0364
0.21351,2.9801,1.3776
0.34364,2.7815,1.6888
0.27296,2.8709,1.9855
0.30475,2.7419,2.2659
0.33915,2.8048,2.5297
0.29577,2.7627,2.7875
0.35074,2.7289,3.0253
0.40534,2.7316,3.254
0.38365,2.7051,3.4693
0.42441,2.7223,3.6766
0.52687,2.6514,3.8715
0.51153,2.5999,4.0488
0.47489,2.5382,4.2104
0.42927,2.4847,4.3563
0.31896,2.4333,4.4889
0.23893,2.3706,4.6074
0.14171,2.3077,4.7113
0.080009,2.2377,4.8006
0.10357,2.1743,4.8761
0.19219,2.1021,4.9382
0.25913,2.0302,4.9877
0.3298,1.955,5.0242
0.41244,1.8715,5.0472
0.38028,1.795,5.0579
0.34625,1.7261,5.0577
0.23669,1.6604,5.0474
0.083375,1.5931,5.0284
-0.03479,1.5232,5.0013
-0.17763,1.446,4.9647
-0.22288,1.3709,4.9188
-0.24457,1.289,4.8643
-0.26289,1.1984,4.8
-0.24494,1.1204,4.727
-0.22213,1.0372,4.6464
-0.23896,0.95307,4.5581
-0.29542,0.8708,4.4625
-0.33319,0.78452,4.3604
-0.39901,0.69649,4.2518
-0.43229,0.61118,4.1367
-0.43416,0.52377,4.0161
-0.43004,0.41813,3.8877
-0.41658,0.33719,3.7524
-0.3934,0.25891,3.6138
-0.35787,0.16398,3.4703
-0.36273,0.083401,3.3216
-0.38928,-0.0034182,3.1704
-0.43116,-0.11072,3.0143
-0.49773,-0.21304,2.8502
-0.56316,-0.32757,2.6807
-0.58485,-0.45886,2.5026
-0.56765,-0.54587,2.3192
-0.52128,-0.67461,2.1315
-0.41209,-0.75637,1.9389
-0.27598,-0.87891,1.7447
-0.17016,-0.98542,1.5429
-0.087141,-1.0798,1.343
-0.067322,-1.254,1.1341
-0.059844,-1.2791,0.92745
-0.057974,-1.5142,0.71445
-0.088637,-1.4712,0.4968
-0.075923,-1.7361,0.28717
-0.042268,-1.6795,0.050985
0.037006,-0.23835,-0.0529
0.11292,0.025809,-0.024883
0.18583,-0.20218,-0.030716
0.26847,-0.0066161,-0.029374
0.24604,-0.12245,-0.027515
0.23258,-0.034839,-0.030289
0.24716,-0.075958,-0.026757
0.20416,-0.06263,-0.030131
0.18583,-0.043161,-0.027635
0.19369,-0.07589,-0.02931
0.16676,-0.035562,-0.028838
0.19144,-0.060062,-0.028598
0.23482,-0.037193,-0.02937
0.20528,-0.044391,-0.028947
0.19182,-0.045681,-0.029813
0.14732,-0.035438,-0.029502
0.085618,-0.041658,-0.030019
0.038502,-0.035982,-0.030135
-0.033294,-0.036814,-0.030289
-0.058348,-0.038022,-0.031129
-0.05947,-0.039585,-0.032126
-0.044138,-0.035517,-0.032981
0.0048478,-0.034482,-0.033678
0.039624,-0.02998,-0.034496
0.057947,-0.03109,-0.034563
0.07627,-0.033946,-0.035309
0.055329,-0.022114,-0.035245
-0.0089879,-0.038741,-0.035931
-0.041521,-0.017361,-0.036389
-0.068818,-0.03518,-0.036119
-0.089385,-0.022396,-0.037727
-0.078914,-0.019959,-0.035935
-0.086767,-0.044504,-0.038597
-0.042642,0.009306,-0.036711
0.003352,-0.067819,-0.038815
0.028406,0.028433,-0.038867
0.023919,-0.074376,-0.03652
0.01644,0.015091,-0.042582
0.047477,-0.017814,-0.03276
-0.03105,-0.092101,-0.048154
-0.0059964,0.21639,-0.023874
-0.039277,-1.8988,-0.10895
0.011579,-3.4648,-0.47556
0.13086,-2.8231,-0.84892
0.064304,-2.9848,-1.1768
0.41169,-2.9129,-1.5139
0.51565,-2.8265,-1.8141
0.48685,-2.8568,-2.1073
0.71271,-2.765,-2.3778
0.51378,-2.8428,-2.64
0.45544,-2.7608,-2.8896
0.50032,-2.7727,-3.1222
0.4188,-2.7508,-3.3457
0.41768,-2.7479,-3.5564
0.45769,-2.7389,-3.7585
0.52874,-2.6859,-3.9457
0.43824,-2.6414,-4.1188
0.47339,-2.5637,-4.2746
0.38963,-2.5179,-4.4143
0.22173,-2.4654,-4.5411
0.21126,-2.4049,-4.6536
0.077766,-2.3411,-4.7523
0.10918,-2.2698,-4.8362
0.1548,-2.2044,-4.9065
0.23332,-2.138,-4.9641
0.34289,-2.0631,-5.0089
0.38813,-1.9855,-5.0405
0.46217,-1.9046,-5.0593
0.38589,-1.8294,-5.0665
0.31933,-1.7636,-5.0629
0.18696,-1.6932,-5.0497
0.032145,-1.6276,-5.0283
-0.1294,-1.5535,-4.9976
-0.26439,-1.4715,-4.9576
-0.27299,-1.3951,-4.9092
-0.32833,-1.3081,-4.8517
-0.27897,-1.2242,-4.7853
-0.24868,-1.1393,-4.7107
-0.25504,-1.0504,-4.6278
-0.27037,-0.96698,-4.5377
-0.32758,-0.88225,-4.4404
-0.33918,-0.80007,-4.3361
-0.40985,-0.69924,-4.2252
-0.43453,-0.61372,-4.1073
-0.45659,-0.53112,-3.9846
-0.46145,-0.41985,-3.8546
-0.4465,-0.33871,-3.7177
-0.4278,-0.25167,-3.5769
-0.37881,-0.1558,-3.4307
-0.43154,-0.08343,-3.2812
-0.44612,0.0056282,-3.1292
-0.48352,0.11994,-2.9699
-0.57176,0.22469,-2.8043
-0.59944,0.35917,-2.6321
-0.59644,0.47243,-2.4514
-0.54708,0.57517,-2.267
-0.48501,0.69534,-2.0754
-0.32609,0.77848,-1.8825
-0.20867,0.92859,-1.6837
-0.11369,0.9842,-1.4822
0.026536,1.1535,-1.2799
0.037754,1.2477,-1.0686
0.047477,1.3579,-0.86329
0.01831,1.5215,-0.64243
0.0011084,1.482,-0.43436
0.026536,1.8973,-0.20732
0.022049,1.0532,-0.0063355
0.10319,-0.13148,0.014247
0.15854,0.14198,-0.0058369
0.24866,0.076342,0.0053206
0.34513,0.034942,-0.0020427
0.3025,0.086359,0.002565
0.32344,0.0047697,1.5554e-05
0.33279,0.070707,0.00090036
0.26922,0.010914,0.001594
0.27109,0.045195,0.00030049
0.24342,0.02678,0.002295
0.2251,0.021314,0.0010578
0.24155,0.031474,0.0023025
0.24155,0.015331,0.0018826
0.23258,0.024456,0.0023663
0.1907,0.013917,0.0026437
0.16415,0.01947,0.0025687
0.11441,0.015702,0.0030524
0.031771,0.013299,0.0032211
-0.036285,0.012129,0.0038959
-0.057226,0.016163,0.0046983
-0.048999,0.017573,0.0058867
-0.04526,0.012433,0.0067491
0.013822,0.014618,0.0079113
0.048599,0.0082937,0.0084212
0.032145,0.012463,0.0089123
0.048972,-0.00074889,0.0097446
0.019431,0.0029476,0.0094747
-0.029555,0.010551,0.010742
-0.03292,-0.0024397,0.0099246
-0.1107,0.024107,0.011237
-0.15408,-0.01555,0.011274
-0.11182,0.026454,0.010956
-0.10285,-0.010249,0.013205
-0.063583,0.0094334,0.010427
-0.02058,0.019912,0.014765
0.00073447,-0.042809,0.010052
-0.008614,0.078666,0.015241
0.022049,-0.10678,0.012114
0.045233,0.14968,0.012377
0.0059696,-0.19274,0.018285
0.013074,0.39325,0.0013278
0.0070914,3.0368,0.2207
0.1533,3.3028,0.62298
0.2494,2.8185,0.95977
0.26025,3.0519,1.2985
0.42441,2.8171,1.6185
0.39711,2.8886,1.9147
0.37953,2.8005,2.2007
0.45619,2.8151,2.4645
0.38514,2.8222,2.7245
0.38776,2.7615,2.9647
0.4345,2.7801,3.1941
0.3986,2.7378,3.4111
0.41094,2.77,3.6188
0.51153,2.7255,3.8162
0.51752,2.6686,3.997
0.49022,2.6126,4.163
0.48648,2.5599,4.3118
0.35822,2.512,4.4475
0.28829,2.4453,4.5684
0.21388,2.385,4.6744
0.11292,2.3109,4.7665
0.12862,2.2453,4.844
0.19294,2.1817,4.9091
0.27894,2.1121,4.9615
0.33952,2.0343,5.0007
0.42665,1.9489,5.0266
0.42964,1.8738,5.0397
0.36944,1.7958,5.042
0.28081,1.7238,5.0335
0.10731,1.6634,5.0161
-0.040399,1.5887,4.9906
-0.21204,1.5116,4.9555
-0.30365,1.437,4.9116
-0.33992,1.355,4.8594
-0.34291,1.2707,4.7978
-0.29393,1.1852,4.7275
-0.29692,1.0974,4.6495
-0.28047,1.0072,4.5637
-0.32571,0.92377,4.4704
-0.35937,0.84456,4.3706
-0.39601,0.75444,4.264
-0.46594,0.66434,4.1507
-0.48464,0.58136,4.0317
-0.51193,0.47699,3.9058
-0.48725,0.37743,3.7719
-0.47379,0.29912,3.6337
-0.44724,0.20962,3.4914
-0.42182,0.12476,3.3441
-0.45024,0.048734,3.1938
-0.48576,-0.052553,3.0397
-0.56578,-0.16256,2.8786
-0.61514,-0.26653,2.7118
-0.65216,-0.40244,2.5376
-0.65179,-0.49907,2.3563
-0.58897,-0.62279,2.1709
-0.48539,-0.72049,1.9794
-0.32085,-0.8228,1.7866
-0.21278,-0.95869,1.5865
-0.10472,-1.0221,1.387
-0.025067,-1.2123,1.1814
-0.014223,-1.2449,0.97394
-0.011979,-1.4456,0.76621
-0.04526,-1.4935,0.54586
-0.040025,-1.6017,0.34079
-0.035911,-1.8524,0.10464
-0.0018831,-0.57945,-0.046418
0.085245,0.11031,-0.031181
0.14769,-0.21421,-0.026435
0.25426,-0.02785,-0.031519
0.304,-0.099659,-0.025876
0.28007,-0.064891,-0.030675
0.31634,-0.053396,-0.026367
0.29353,-0.079493,-0.029415
0.24155,-0.03257,-0.027871
0.25539,-0.072839,-0.028107
0.23968,-0.035566,-0.029014
0.22846,-0.05475,-0.027976
0.22659,-0.041864,-0.02904
0.21238,-0.041092,-0.028493
0.1963,-0.043398,-0.029239
0.14919,-0.035086,-0.029213
0.088984,-0.045036,-0.029299
0.022049,-0.033759,-0.029618
-0.048251,-0.040421,-0.029967
-0.12117,-0.040507,-0.03048
-0.11219,-0.037257,-0.031222
-0.074427,-0.036567,-0.032482
-0.069566,-0.036713,-0.033153
0.010457,-0.032552,-0.033839
0.055703,-0.028563,-0.034042
0.046355,-0.037324,-0.034777
0.057199,-0.022531,-0.03517
0.030276,-0.041197,-0.035249
-0.012727,-0.026328,-0.03634
-0.059096,-0.025714,-0.03556
-0.12042,-0.036874,-0.037307
-0.14248,-0.0071372,-0.036119
-0.13725,-0.052549,-0.037555
-0.12566,0.0090323,-0.037397
-0.09462,-0.059203,-0.036809
-0.031424,0.0037837,-0.040007
0.019805,-0.027858,-0.035069
0.0082132,-0.050187,-0.042515
0.046729,0.058111,-0.033551
0.02504,-0.17667,-0.043842
0.034763,0.28719,-0.032625
0.017188,-1.1714,-0.057857
0.017936,-3.3811,-0.36779
0.20004,-2.9762,-0.76246
0.12301,-2.9058,-1.0898
0.33279,-3.0048,-1.4305
0.57996,-2.8202,-1.7381
0.49284,-2.905,-2.0326
0.71346,-2.7845,-2.3091
0.64316,-2.862,-2.5711
0.48349,-2.8097,-2.8255
0.55192,-2.7865,-3.0597
0.47377,-2.7915,-3.2848
0.45544,-2.7742,-3.497
0.49695,-2.7859,-3.701
0.57959,-2.732,-3.8919
0.5235,-2.6936,-4.0678
0.52537,-2.6233,-4.2276
0.50966,-2.5737,-4.3711
0.32756,-2.5241,-4.5016
0.32008,-2.4603,-4.6173
0.16676,-2.4018,-4.7194
0.12264,-2.33,-4.807
0.19556,-2.2592,-4.88
0.21612,-2.1935,-4.9403
0.32456,-2.1295,-4.9885
0.35111,-2.0508,-5.0245
0.43936,-1.9634,-5.047
0.4001,-1.8867,-5.0573
0.32905,-1.8111,-5.0563
0.2236,-1.7435,-5.0454
0.022049,-1.6792,-5.0261
-0.079662,-1.5999,-4.9979
-0.25467,-1.5205,-4.9604
-0.32459,-1.4424,-4.9138
-0.34217,-1.3577,-4.8585
-0.35825,-1.2713,-4.7946
-0.31823,-1.187,-4.7219
-0.30589,-1.1011,-4.6413
-0.28383,-1.0111,-4.5531
-0.33581,-0.92426,-4.4576
-0.35712,-0.84416,-4.3558
-0.41845,-0.74931,-4.2475
-0.47903,-0.65707,-4.1319
-0.46893,-0.5802,-4.0111
-0.48127,-0.47222,-3.884
-0.46931,-0.37265,-3.7492
-0.45435,-0.29703,-3.61
-0.41508,-0.19952,-3.4657
-0.42593,-0.11194,-3.3165
-0.43603,-0.037081,-3.1651
-0.44762,0.083124,-3.0085
-0.5512,0.18881,-2.8444
-0.62748,0.29877,-2.6748
-0.64992,0.42929,-2.497
-0.60617,0.51377,-2.3146
-0.52951,0.64684,-2.1267
-0.39938,0.73767,-1.9346
-0.25242,0.87751,-1.739
-0.1623,0.96529,-1.5367
-0.048251,1.0832,-1.3363
-0.012353,1.2268,-1.1266
0.0018563,1.2766,-0.92169
0.010457,1.5207,-0.70578
-0.046382,1.4416,-0.49178
-0.023198,1.7916,-0.27719
-0.011979,1.4787,-0.048416
0.01831,0.045908,0.023583
0.090106,0.023324,-0.0052033
0.16788,0.15262,0.0049532
0.27633,-0.0045391,0.00058168
0.27184,0.10423,0.001309
0.29203,0.0047846,0.0021188
0.31596,0.065279,0.00050669
0.27296,0.022814,0.0031161
0.28829,0.026293,0.00060792
0.25651,0.040438,0.0028762
0.22734,0.0050358,0.0018114
0.24005,0.032197,0.0025387
0.22884,0.012316,0.0029661
0.22697,0.015162,0.0027225
0.21762,0.01166,0.0033636
0.1705,0.015068,0.0032661
0.096089,0.018986,0.0038809
0.032145,0.0081588,0.0038697
-0.047504,0.0085374,0.004552
-0.086767,0.018079,0.0053506
-0.069566,0.01481,0.0063479
-0.057974,0.012489,0.0073302
0.00036053,0.01758,0.008125
0.04972,0.0073677,0.0085974
0.051964,0.013539,0.0089386
0.071783,0.0097258,0.0099433
0.066548,0.0036337,0.0095159
0.019805,0.010243,0.010674
-0.0056225,-0.0056076,0.010464
-0.054982,0.021179,0.011211
-0.10995,-0.01396,0.012054
-0.12566,0.015721,0.010727
-0.13949,-0.0015624,0.013385
-0.097985,-0.0068785,0.010562
-0.060591,0.028685,0.014532
-0.017589,-0.060373,0.011248
0.011579,0.085508,0.013831
0.0022302,-0.09892,0.01424
0.026162,0.10557,0.0097896
-0.00038735,-0.096697,0.021686
-0.0056225,0.089651,-0.0040485
-0.0067443,2.7039,0.16638
0.11815,3.4291,0.56392
0.24155,2.8145,0.911
0.2337,3.069,1.2463
0.40982,2.8605,1.5736
0.43413,2.8935,1.8706
0.4016,2.8396,2.1607
0.50368,2.8154,2.4266
0.44759,2.8619,2.688
0.4431,2.7853,2.932
0.49957,2.8077,3.163
0.47152,2.7688,3.3817
0.47003,2.7926,3.5897
0.56987,2.7588,3.7894
0.59754,2.7082,3.9731
0.55342,2.6552,4.1417
0.57959,2.5925,4.2933
0.4876,2.5587,4.4314
0.38477,2.4984,4.5564
0.31746,2.4322,4.6665
0.22884,2.3511,4.7619
0.20229,2.2846,4.8426
0.23033,2.2288,4.9099
0.31671,2.1543,4.965
0.36869,2.0745,5.0071
0.44871,1.9975,5.036
0.45956,1.9193,5.0529
0.39711,1.8324,5.0571
0.31484,1.764,5.0505
0.14769,1.7023,5.0356
-0.0011352,1.6205,5.0118
-0.19708,1.5504,4.9787
-0.33282,1.4766,4.937
-0.40312,1.3881,4.8861
-0.4435,1.3086,4.8261
-0.40162,1.2207,4.7577
-0.38928,1.1305,4.6814
-0.36423,1.0485,4.5972
-0.37358,0.96472,4.5057
-0.39564,0.88076,4.4074
-0.44126,0.79027,4.3024
-0.52465,0.70101,4.1906
-0.53624,0.62037,4.0734
-0.53961,0.51956,3.9501
-0.54858,0.4106,3.8185
-0.52016,0.32961,3.6815
-0.47529,0.25082,3.5408
-0.45697,0.15881,3.3949
-0.45397,0.073849,3.2448
-0.47828,-0.014628,3.0917
-0.53549,-0.13201,2.9321
-0.60243,-0.23648,2.7659
-0.66039,-0.35953,2.5936
-0.66861,-0.46829,2.4138
-0.61926,-0.56906,2.2312
-0.50184,-0.68988,2.0419
-0.34965,-0.77083,1.8501
-0.2255,-0.92232,1.6532
-0.10808,-0.98584,1.4523
-0.011232,-1.1492,1.2508
0.010831,-1.2431,1.0409
0.011953,-1.3517,0.83653
-0.022076,-1.526,0.61739
-0.0662,-1.4799,0.40953
-0.056852,-1.8946,0.18441
-0.036285,-1.1058,-0.018618
0.050094,0.09659,-0.043404
0.12675,-0.14964,-0.022022
0.19817,-0.098632,-0.033483
0.27558,-0.051612,-0.026004
0.25613,-0.10972,-0.029824
0.28156,-0.025661,-0.027522
0.26586,-0.092019,-0.028077
0.20341,-0.035393,-0.029007
0.22173,-0.064688,-0.027278
0.18434,-0.046925,-0.02922
0.16489,-0.044275,-0.027755
0.1892,-0.053186,-0.028797
0.18135,-0.036859,-0.028654
0.17948,-0.050078,-0.029018
0.14507,-0.036128,-0.02934
0.10469,-0.041782,-0.029097
0.046355,-0.038798,-0.029483
-0.024693,-0.038018,-0.029528
-0.071436,-0.038783,-0.030308
-0.10135,-0.03813,-0.031282
-0.071062,-0.037879,-0.032239
-0.026937,-0.034175,-0.032887
0.010831,-0.034291,-0.033689
0.05159,-0.030437,-0.034196
0.088236,-0.040147,-0.034878
0.10918,-0.02436,-0.035178
0.068043,-0.03064,-0.035009
0.023171,-0.029864,-0.036423
-0.0030049,-0.021717,-0.035493
-0.060965,-0.040983,-0.037146
-0.10771,-0.0041005,-0.03649
-0.11967,-0.051072,-0.036902
-0.081906,0.0011406,-0.037975
-0.046008,-0.043113,-0.035943
-0.0074922,-0.020622,-0.040232
0.058321,-0.0021398,-0.034945
0.04112,-0.077289,-0.041694
0.074774,0.083195,-0.035095
0.048225,-0.18338,-0.040468
0.022049,0.24859,-0.038691
0.030276,-0.75842,-0.037915
-0.024319,-3.2181,-0.30483
0.14769,-3.1038,-0.70837
0.12376,-2.8544,-1.0396
0.26922,-3.0496,-1.3803
0.57847,-2.8292,-1.6943
0.49284,-2.922,-1.9898
0.69514,-2.8092,-2.2712
0.71084,-2.8594,-2.5335
0.51378,-2.8432,-2.791
0.60614,-2.8085,-3.0289
0.5508,-2.8163,-3.257
0.50443,-2.7804,-3.4709
0.55155,-2.8038,-3.6758
0.62895,-2.7591,-3.8698
0.59268,-2.7271,-4.0488
0.57735,-2.6587,-4.2129
0.60277,-2.596,-4.3595
0.42291,-2.556,-4.4925
0.38178,-2.4994,-4.6121
0.26287,-2.4384,-4.7182
0.18471,-2.3659,-4.8093
0.26137,-2.2981,-4.8864
0.28343,-2.2284,-4.9503
0.3728,-2.156,-5.001
0.41431,-2.0808,-5.0395
0.49433,-1.9984,-5.0651
0.46704,-1.915,-5.0779
0.39262,-1.839,-5.0792
0.29128,-1.7698,-5.0706
0.092349,-1.7035,-5.0533
-0.062461,-1.6343,-5.0276
-0.2584,-1.5542,-4.993
-0.32945,-1.4717,-4.9492
-0.40013,-1.3877,-4.8963
-0.43677,-1.2999,-4.8344
-0.38143,-1.2142,-4.7639
-0.39639,-1.1245,-4.6853
-0.38667,-1.0395,-4.5987
-0.42967,-0.95518,-4.5051
-0.44126,-0.86795,-4.4049
-0.49473,-0.77977,-4.2984
-0.5684,-0.68675,-4.1848
-0.55643,-0.60553,-4.065
-0.54596,-0.50588,-3.9402
-0.51268,-0.40129,-3.8075
-0.50446,-0.32025,-3.6693
-0.46407,-0.22975,-3.527
-0.45921,-0.14007,-3.3788
-0.48838,-0.065416,-3.228
-0.50072,0.037772,-3.0738
-0.56391,0.15949,-2.9112
-0.61963,0.26303,-2.7429
-0.64842,0.39499,-2.5672
-0.61402,0.48916,-2.3847
-0.54821,0.60799,-2.1988
-0.39975,0.70991,-2.0068
-0.22475,0.81532,-1.8135
-0.13725,0.94545,-1.6125
-0.012353,1.019,-1.4123
0.014944,1.2037,-1.2056
0.030276,1.2417,-0.99699
0.077392,1.4583,-0.78735
-0.013849,1.4788,-0.56643
-0.002257,1.6154,-0.36002
0.023545,1.8227,-0.1222
0.016814,0.49244,0.021345
0.10207,-0.12257,0.002415
0.17013,0.19804,9.4286e-05
0.25501,-4.0328e-05,0.0043233
0.26997,0.084942,-0.00070804
0.26324,0.037345,0.0041059
0.2666,0.034394,-1.069e-05
0.22061,0.054845,0.0033973
0.23594,0.0075889,0.0016164
0.22398,0.051861,0.002445
0.17499,0.010922,0.0029736
0.17611,0.025082,0.0020926
0.19855,0.017494,0.0036447
0.20341,0.020478,0.0030449
0.17349,0.016868,0.0037685
0.14208,0.0086761,0.0036897
0.099828,0.019751,0.0040609
0.016066,0.0086611,0.0044246
-0.060965,0.014487,0.004567
-0.097985,0.014982,0.0050807
-0.090506,0.017029,0.006003
-0.057974,0.016643,0.0073864
-0.025441,0.013501,0.008035
0.039624,0.011717,0.0089461
0.084497,0.0033375,0.0091523
0.080383,0.017501,0.0096322
0.10394,0.0010731,0.010168
0.088236,0.0080538,0.010007
0.0089611,0.0058119,0.011316
-0.037781,0.00020711,0.010746
-0.072557,0.020699,0.012358
-0.083402,-0.020611,0.011166
-0.079288,0.029712,0.012178
-0.072183,-0.021785,0.013228
-0.0018831,0.026814,0.011338
0.050468,-0.0051727,0.015507
0.070661,-0.014328,0.010247
0.067669,0.054275,0.017052
0.080757,-0.10015,0.0099283
0.053834,0.16796,0.016744
0.013822,-0.28318,0.012913
0.050468,0.84257,0.017086
0.053086,3.3244,0.29166
0.18022,3.1238,0.68982
0.24753,2.8619,1.0181
0.30587,3.0348,1.3584
0.45507,2.8119,1.6705
0.37692,2.895,1.9654
0.41693,2.7829,2.2453
0.47003,2.8484,2.5074
0.39262,2.8078,2.7635
0.45956,2.769,2.9994
0.48125,2.7934,3.2263
0.46255,2.7604,3.4396
0.51191,2.7881,3.6448
0.6024,2.7148,3.8375
0.57847,2.6634,4.0131
0.55828,2.6042,4.1733
0.56463,2.5329,4.3173
0.39561,2.4959,4.4488
0.33279,2.4365,4.5655
0.25277,2.376,4.6678
0.16302,2.3009,4.7564
0.18733,2.2348,4.8307
0.23445,2.1714,4.8922
0.34401,2.0916,4.9411
0.40197,2.0138,4.9767
0.48498,1.9173,4.9993
0.46292,1.847,5.0099
0.37355,1.7758,5.009
0.27109,1.693,4.9983
0.074774,1.6376,4.9791
-0.076671,1.5667,4.9517
-0.25766,1.4855,4.9148
-0.36386,1.4059,4.8692
-0.41508,1.3206,4.815
-0.44911,1.2349,4.7509
-0.39975,1.1457,4.6786
-0.38068,1.0581,4.5986
-0.38031,0.97774,4.5108
-0.40873,0.89061,4.4162
-0.44724,0.80003,4.3147
-0.49548,0.71467,4.2066
-0.53699,0.6354,4.0921
-0.56204,0.54592,3.9723
-0.56429,0.43281,3.8448
-0.53998,0.34574,3.7101
-0.51193,0.26738,3.5724
-0.46669,0.17094,3.4294
-0.47118,0.090697,3.2813
-0.50371,0.010172,3.131
-0.53325,-0.099089,2.9752
-0.5871,-0.20254,2.8123
-0.6473,-0.32175,2.6438
-0.66861,-0.44836,2.4663
-0.62,-0.53713,2.2842
-0.54783,-0.66482,2.097
-0.42107,-0.7448,1.9062
-0.25579,-0.8819,1.7124
-0.12977,-0.97146,1.5115
-0.026563,-1.0866,1.3124
0.02691,-1.2414,1.1037
0.05159,-1.2798,0.89976
0.023171,-1.5151,0.68573
-0.013101,-1.4555,0.47193
-0.020206,-1.7907,0.25937
-0.040025,-1.5326,0.029008
0.026162,-0.10342,-0.049174
0.085992,-0.024086,-0.020042
0.16003,-0.18092,-0.029457
0.26324,-0.014013,-0.025415
0.2509,-0.12128,-0.025674
0.26735,-0.030407,-0.027035
0.28755,-0.080843,-0.024594
0.25352,-0.049164,-0.027316
0.2595,-0.046648,-0.024871
0.23931,-0.060718,-0.026791
0.19668,-0.033496,-0.02588
0.19107,-0.055488,-0.026232
0.21014,-0.034932,-0.026562
0.19406,-0.043195,-0.026319
0.16041,-0.03741,-0.02711
0.12114,-0.036098,-0.026903
0.056077,-0.035843,-0.027323
0.003352,-0.03302,-0.027293
-0.07181,-0.036098,-0.027807
-0.089011,-0.036469,-0.028527
-0.050869,-0.038468,-0.029213
-0.04713,-0.035547,-0.030416
0.0078393,-0.03843,-0.031088
0.06393,-0.029151,-0.031571
0.093097,-0.028064,-0.031845
0.12413,-0.035232,-0.032718
0.1088,-0.022463,-0.032673
0.058321,-0.038813,-0.033225
0.023545,-0.017743,-0.034001
-0.021702,-0.032372,-0.033506
-0.092376,-0.025222,-0.035264
-0.10322,-0.014718,-0.033547
-0.10135,-0.044455,-0.035879
-0.067696,0.0079563,-0.034376
-0.013101,-0.066904,-0.035519
0.033641,0.026529,-0.036381
0.073278,-0.06591,-0.033423
0.078514,-3.283e-05,-0.040142
0.098706,-0.0094016,-0.030311
0.060191,-0.1219,-0.044712
0.099454,0.25076,-0.022749
0.044485,-1.7463,-0.09326
0.077018,-3.4701,-0.44873
0.20715,-2.8545,-0.82667
0.11553,-2.9757,-1.1534
0.41618,-2.9435,-1.4904
0.55416,-2.8411,-1.7909
0.5164,-2.8868,-2.0837
0.74076,-2.785,-2.3542
0.57174,-2.8688,-2.6152
0.52126,-2.7924,-2.865
0.58408,-2.7986,-3.0969
0.48835,-2.7838,-3.3195
0.5235,-2.777,-3.529
0.57959,-2.7734,-3.7302
0.6656,-2.7195,-3.917
0.59193,-2.6764,-4.0892
0.58221,-2.6032,-4.2444
0.51191,-2.5531,-4.384
0.34663,-2.4941,-4.5107
0.35186,-2.4358,-4.6227
0.19369,-2.3763,-4.7211
0.1634,-2.2995,-4.8054
0.20341,-2.2327,-4.876
0.25726,-2.1679,-4.9336
0.34438,-2.0881,-4.9786
0.38028,-2.0059,-5.0107
0.46367,-1.9258,-5.0297
0.36906,-1.8472,-5.037
0.30063,-1.775,-5.0341
0.16377,-1.7081,-5.0216
-0.018336,-1.6361,-5.0003
-0.14847,-1.5557,-4.97
-0.3201,-1.4766,-4.9307
-0.36348,-1.3955,-4.8824
-0.42406,-1.3107,-4.8254
-0.40499,-1.2231,-4.7596
-0.35563,-1.1347,-4.6854
-0.37732,-1.0514,-4.6033
-0.38741,-0.96271,-4.5138
-0.42668,-0.8773,-4.4169
-0.45697,-0.7944,-4.3139
-0.4981,-0.69574,-4.204
-0.5067,-0.61005,-4.087
-0.53325,-0.52399,-3.965
-0.50446,-0.41798,-3.8357
-0.45584,-0.32802,-3.6994
-0.45472,-0.2436,-3.5589
-0.42144,-0.1521,-3.4137
-0.44911,-0.075238,-3.2649
-0.46669,0.013973,-3.1128
-0.52128,0.13398,-2.9541
-0.58448,0.2352,-2.7888
-0.60243,0.36566,-2.6163
-0.6215,0.4744,-2.4361
-0.54933,0.58025,-2.2523
-0.46781,0.69711,-2.0617
-0.31225,0.77842,-1.8698
-0.16118,0.92642,-1.6717
-0.051991,0.98567,-1.4708
0.052712,1.1581,-1.2681
0.05159,1.2274,-1.0578
0.093097,1.3655,-0.85258
0.038876,1.5237,-0.63127
-0.016841,1.4881,-0.42423
0.020553,1.9012,-0.19614
-0.0089879,0.99041,-0.00063305
0.034763,-0.13689,0.014172
0.11404,0.15197,-0.004026
0.21537,0.061638,0.0069103
0.26137,0.040127,-0.00067429
0.23968,0.078985,0.0041996
0.27969,0.010656,0.0014927
0.26025,0.069069,0.0024975
0.2408,0.002434,0.0029512
0.23968,0.044697,0.0020551
0.21276,0.021936,0.0038022
0.20416,0.016639,0.00249
0.18471,0.027241,0.0039072
0.19556,0.01358,0.0034011
0.1877,0.024658,0.0037985
0.1533,0.01358,0.0043009
0.11292,0.014123,0.0043533
0.048599,0.01214,0.0047957
-0.011605,0.016984,0.0049307
-0.080036,0.017925,0.005748
-0.08041,0.015702,0.0070415
-0.048251,0.014959,0.0078138
-0.02245,0.01797,0.0087399
0.034389,0.0099433,0.0095047
0.083001,0.0095459,0.0094747
0.10581,0.011124,0.010723
0.10768,0.0028352,0.010573
0.099454,0.016864,0.011331
0.031397,-0.0065636,0.011454
-0.032172,0.017123,0.011713
-0.067322,-0.0035944,0.0131
-0.088637,0.007409,0.011417
-0.090133,0.011668,0.01448
-0.091628,-0.024049,0.011615
-0.041894,0.047771,0.014667
0.011205,-0.054858,0.013355
0.031397,0.070861,0.013096
0.039624,-0.065509,0.017097
0.057573,0.046507,0.0088036
0.064678,0.0039899,0.023894
0.058695,-0.12473,-0.0031787
0.022423,2.2884,0.11961
0.11067,3.5194,0.50379
0.22771,2.8408,0.86439
0.21874,3.0466,1.1978
0.37766,2.9083,1.5331
0.42665,2.8909,1.8332
0.36719,2.8827,2.1281
0.48162,2.8128,2.3984
0.47564,2.8812,2.6621
0.4603,2.8074,2.9111
0.53921,2.8364,3.1466
0.5306,2.7835,3.3703
0.51116,2.7903,3.5802
0.59679,2.7914,3.7833
0.65326,2.7476,3.9727
0.60951,2.711,4.1491
0.62446,2.6239,4.3078
0.57323,2.5735,4.4515
0.4633,2.5322,4.5821
0.3743,2.4729,4.6978
0.25352,2.4021,4.8
0.20603,2.3294,4.887
0.21089,2.2704,4.9608
0.28867,2.196,5.0227
0.34625,2.1218,5.0711
0.3986,2.047,5.107
0.44385,1.9575,5.13
0.38926,1.8773,5.1401
0.30512,1.7906,5.1391
0.14059,1.7174,5.128
0.011579,1.6597,5.1082
-0.16941,1.5867,5.0799
-0.35899,1.5093,5.0429
-0.39788,1.4279,4.9974
-0.46295,1.3448,4.9431
-0.45397,1.258,4.8799
-0.39527,1.1656,4.8083
-0.39115,1.0812,4.7285
-0.4106,1.002,4.641
-0.41322,0.91368,4.5463
-0.44911,0.82653,4.4446
-0.53362,0.73847,4.3366
-0.54708,0.64846,4.2219
-0.56503,0.56823,4.1021
-0.5426,0.46253,3.9752
-0.49473,0.36374,3.84
-0.47155,0.29112,3.7014
-0.43752,0.20027,3.5584
-0.44238,0.11092,3.4097
-0.46257,0.033761,3.2577
-0.50932,-0.061483,3.1021
-0.57363,-0.17982,2.9397
-0.60729,-0.27671,2.7708
-0.60093,-0.40545,2.5956
-0.57438,-0.50986,2.4129
-0.48838,-0.61459,2.2267
-0.34366,-0.73037,2.0341
-0.19895,-0.81596,1.8401
-0.073305,-0.95969,1.6397
-0.012727,-1.019,1.4374
0.016066,-1.2001,1.2325
0.032519,-1.263,1.0216
0.014944,-1.4093,0.81442
-0.059096,-1.5349,0.59189
-0.074427,-1.5378,0.38476
-0.047877,-1.9176,0.15192
-0.026189,-0.89017,-0.033427
0.10469,0.12683,-0.037963
0.16415,-0.19059,-0.023604
0.22285,-0.063639,-0.033052
0.2853,-0.071451,-0.025471
0.22884,-0.093128,-0.030446
0.23781,-0.034734,-0.026956
0.22323,-0.090245,-0.028913
0.15779,-0.029751,-0.028407
0.16863,-0.070653,-0.027676
0.16751,-0.044132,-0.029209
0.14096,-0.047409,-0.027785
0.16863,-0.049643,-0.02916
0.18135,-0.038213,-0.028429
0.14844,-0.048414,-0.029029
0.12488,-0.036364,-0.029265
0.062808,-0.041444,-0.029438
-0.027311,-0.036091,-0.029813
-0.074053,-0.036271,-0.029772
-0.092376,-0.043589,-0.031174
-0.065453,-0.040796,-0.03213
-0.016467,-0.037433,-0.032595
0.041868,-0.039862,-0.033941
0.12713,-0.030134,-0.034241
0.15293,-0.035191,-0.034383
0.15031,-0.026894,-0.035335
0.1548,-0.032387,-0.035118
0.11254,-0.034029,-0.036494
0.036259,-0.018268,-0.035875
-0.050121,-0.046014,-0.036925
-0.082654,-0.0057426,-0.036921
-0.084897,-0.046479,-0.036535
-0.087141,-0.0074746,-0.038616
-0.054982,-0.029174,-0.03595
0.0018563,-0.036803,-0.0404
0.067669,0.016358,-0.035774
0.083001,-0.099408,-0.04073
0.10805,0.090243,-0.037292
0.072157,-0.16816,-0.037926
0.061686,0.17925,-0.043651
0.05346,-0.42847,-0.027252
-0.026937,-3.0029,-0.25114
0.14881,-3.2252,-0.6582
0.11628,-2.8201,-0.9971
0.19182,-3.0768,-1.3375
0.55977,-2.8424,-1.659
0.5134,-2.925,-1.9562
0.65475,-2.8306,-2.2435
0.71047,-2.8442,-2.5088
0.50742,-2.8613,-2.7701
0.57473,-2.8154,-3.0127
0.53696,-2.8297,-3.2449
0.51303,-2.7807,-3.4631
0.56725,-2.8102,-3.6707
0.65587,-2.7754,-3.8694
0.65176,-2.7511,-4.0543
0.59604,-2.7015,-4.2263
0.64503,-2.6287,-4.3807
0.47526,-2.5803,-4.5202
0.42478,-2.5246,-4.6458
0.33391,-2.4707,-4.7584
0.18733,-2.3969,-4.8566
0.24118,-2.3267,-4.94
0.24753,-2.2601,-5.0105
0.33429,-2.188,-5.0683
0.37318,-2.1149,-5.1134
0.44348,-2.0348,-5.1458
0.45843,-1.9505,-5.1657
0.38776,-1.8709,-5.1732
0.29428,-1.7953,-5.1699
0.084871,-1.7251,-5.1571
-0.052739,-1.6571,-5.1359
-0.25766,-1.5797,-5.1059
-0.36012,-1.5006,-5.0664
-0.39826,-1.4202,-5.0181
-0.4521,-1.3337,-4.9611
-0.39302,-1.2476,-4.8955
-0.37881,-1.1599,-4.8216
-0.36086,-1.0731,-4.7397
-0.41621,-0.98855,-4.6504
-0.42406,-0.89789,-4.5537
-0.45996,-0.81282,-4.4502
-0.54484,-0.72321,-4.3401
-0.51904,-0.63433,-4.223
-0.52577,-0.55509,-4.1007
-0.49698,-0.44771,-3.972
-0.47566,-0.35071,-3.836
-0.42144,-0.2688,-3.6953
-0.42369,-0.17438,-3.5496
-0.45659,-0.097155,-3.3995
-0.43004,-0.017661,-3.2465
-0.5168,0.1005,-3.0887
-0.56129,0.21058,-2.9228
-0.58336,0.31573,-2.751
-0.56578,0.44801,-2.5717
-0.49623,0.53218,-2.3871
-0.39414,0.65976,-2.198
-0.21877,0.75146,-2.0032
-0.12416,0.86713,-1.8067
-0.002631,0.98288,-1.6025
0.082627,1.0649,-1.4003
0.064678,1.2466,-1.19
0.057199,1.2733,-0.98034
0.0011084,1.5046,-0.7667
-0.059844,1.4811,-0.54554
-0.03479,1.6963,-0.33623
-0.016093,1.7569,-0.096304
-0.0071182,0.32543,0.025382
0.10432,-0.084895,-0.00035561
0.20004,0.19384,0.0026325
0.24866,-0.0082244,0.0037872
0.25913,0.098296,0.00060792
0.23108,0.021273,0.0043196
0.2322,0.045473,0.00067916
0.1877,0.046972,0.0041246
0.17761,0.010153,0.0017439
0.1978,0.046114,0.0034273
0.15854,0.011248,0.0033598
0.17649,0.033,0.0029736
0.20191,0.016849,0.0039934
0.18284,0.022439,0.0034423
0.13909,0.019803,0.0045408
0.10805,0.012845,0.0043833
0.068417,0.017126,0.0046758
-0.035164,0.01133,0.0049907
-0.084897,0.019053,0.0052756
-0.077793,0.017689,0.0061005
-0.03292,0.017149,0.0073302
0.020553,0.015387,0.0081025
0.074026,0.014105,0.0091485
0.14433,0.0086499,0.0097521
0.1533,0.014727,0.0098384
0.14844,0.0097258,0.011046
0.12713,0.0050133,0.010626
0.072157,0.012489,0.011747
0.014196,-0.0052589,0.011567
-0.053113,0.023451,0.012129
-0.084523,-0.010598,0.012954
-0.090506,0.020054,0.012058
-0.066574,0.00014337,0.014529
-0.0071182,-0.0050827,0.011612
0.05346,0.034612,0.015807
0.1189,-0.051402,0.012159
0.11292,0.082239,0.014978
0.099454,-0.097188,0.014948
0.080009,0.11338,0.011316
0.040372,-0.11,0.022308
0.05159,0.13685,-0.0023352
-0.011232,2.7548,0.17632
0.10955,3.4075,0.57526
0.23332,2.7929,0.92084
0.22958,3.0532,1.2574
0.40795,2.8569,1.5839
0.37467,2.8903,1.8811
0.35785,2.8308,2.171
0.46704,2.8071,2.4371
0.39038,2.8437,2.6989
0.43189,2.7726,2.943
0.47414,2.795,3.1747
0.45769,2.749,3.3941
0.49583,2.7735,3.6024
0.59791,2.7348,3.8027
0.65288,2.6809,3.9873
0.58408,2.6367,4.1564
0.6211,2.5663,4.3091
0.49882,2.5176,4.4478
0.35149,2.46,4.5725
0.29876,2.3974,4.6835
0.18359,2.3194,4.7796
0.17387,2.2517,4.8609
0.17948,2.1804,4.93
0.27259,2.1085,4.986
0.34775,2.0405,5.029
0.41057,1.9527,5.0595
0.44722,1.8632,5.0771
0.38477,1.79,5.0831
0.31148,1.7232,5.0785
0.10357,1.6426,5.0646
-0.053487,1.5703,5.0426
-0.21914,1.5038,5.0112
-0.37844,1.423,4.971
-0.41508,1.3358,4.9222
-0.44911,1.2538,4.864
-0.40948,1.1738,4.7973
-0.38143,1.0864,4.7224
-0.38517,0.99968,4.6391
-0.40985,0.91224,4.5489
-0.42032,0.82999,4.4516
-0.45285,0.74114,4.3474
-0.51081,0.65038,4.2367
-0.50932,0.5733,4.1202
-0.52764,0.47311,3.9976
-0.49997,0.3704,3.8665
-0.46033,0.2924,3.7298
-0.41957,0.2075,3.5897
-0.39078,0.12037,3.4439
-0.41583,0.041259,3.2942
-0.42369,-0.045932,3.1414
-0.48725,-0.1616,2.9819
-0.55232,-0.26249,2.8156
-0.58448,-0.38139,2.6435
-0.59458,-0.49504,2.463
-0.52727,-0.5859,2.2792
-0.42742,-0.71439,2.0893
-0.27037,-0.78733,1.8962
-0.11967,-0.93346,1.6988
-0.0067443,-1.0039,1.4961
0.055703,-1.1442,1.2947
0.059443,-1.2699,1.0835
0.078888,-1.332,0.87808
0.015692,-1.551,0.65885
-0.03105,-1.4752,0.4464
-0.033668,-1.8697,0.22652
-0.046008,-1.3449,0.0051782
0.028032,0.020654,-0.045706
0.08674,-0.093316,-0.01873
0.18471,-0.13836,-0.02997
0.25165,-0.027299,-0.023672
0.22061,-0.1214,-0.026334
0.24604,-0.023378,-0.025528
0.23781,-0.089994,-0.024654
0.20191,-0.03807,-0.026544
0.20079,-0.054154,-0.02411
0.19107,-0.054716,-0.026439
0.17162,-0.036979,-0.02495
0.18022,-0.055871,-0.025797
0.18434,-0.034966,-0.025981
0.16564,-0.045388,-0.025872
0.15779,-0.034685,-0.026495
0.10581,-0.03584,-0.026375
0.038876,-0.037478,-0.027001
-0.029555,-0.039739,-0.027113
-0.093872,-0.043413,-0.027762
-0.089011,-0.037808,-0.028497
-0.067322,-0.036649,-0.029187
-0.011232,-0.039345,-0.030049
0.060939,-0.034914,-0.031118
0.095715,-0.028525,-0.031504
0.14507,-0.038082,-0.031991
0.1548,-0.021785,-0.032355
0.12675,-0.031045,-0.032231
0.089358,-0.027731,-0.033588
0.021675,-0.021627,-0.032947
-0.040773,-0.038846,-0.034518
-0.054234,-0.0025297,-0.033502
-0.05947,-0.048523,-0.034286
-0.06994,0.0024415,-0.035583
-0.017215,-0.054476,-0.033539
0.044859,-0.017379,-0.037472
0.080009,-0.0025672,-0.032561
0.085992,-0.075999,-0.039313
0.1088,0.07975,-0.032403
0.071409,-0.18267,-0.038766
0.060939,0.25863,-0.035133
0.036633,-0.83181,-0.038091
-0.013475,-3.2606,-0.31212
0.16078,-3.0806,-0.71434
0.10768,-2.8591,-1.0449
0.25875,-3.0343,-1.3862
0.56089,-2.8071,-1.6994
0.47489,-2.9049,-1.9949
0.6742,-2.7922,-2.2762
0.66036,-2.8422,-2.5395
0.48349,-2.8206,-2.7973
0.58894,-2.784,-3.0355
0.53135,-2.788,-3.2643
0.52163,-2.7571,-3.4789
0.56501,-2.7755,-3.685
0.6383,-2.7263,-3.8799
0.63718,-2.691,-4.06
0.60352,-2.6197,-4.2253
0.59006,-2.5606,-4.3729
0.3986,-2.516,-4.5073
0.34999,-2.4528,-4.6278
0.2423,-2.3891,-4.7343
0.14358,-2.3159,-4.8266
0.17611,-2.2468,-4.9048
0.19855,-2.1751,-4.9696
0.28194,-2.1045,-5.0221
0.31933,-2.031,-5.0628
0.41281,-1.944,-5.09
0.39935,-1.8602,-5.1044
0.32868,-1.7881,-5.1082
0.20117,-1.7153,-5.1016
0.027284,-1.6452,-5.0858
-0.091628,-1.5743,-5.0617
-0.29804,-1.494,-5.0283
-0.3661,-1.4137,-4.9855
-0.42481,-1.3313,-4.9343
-0.44163,-1.2443,-4.8741
-0.38143,-1.1586,-4.8052
-0.39564,-1.0704,-4.7281
-0.36946,-0.98693,-4.6434
-0.42256,-0.89966,-4.5513
-0.42705,-0.81226,-4.4518
-0.44911,-0.72698,-4.3461
-0.49361,-0.63001,-4.233
-0.47417,-0.55529,-4.1139
-0.48314,-0.46346,-3.9897
-0.43154,-0.35502,-3.8573
-0.41995,-0.277,-3.7198
-0.37956,-0.18868,-3.5778
-0.36572,-0.098017,-3.43
-0.40723,-0.026486,-3.2793
-0.40536,0.067637,-3.1249
-0.47342,0.19379,-2.9624
-0.5168,0.29468,-2.7936
-0.54559,0.42563,-2.6182
-0.52764,0.52435,-2.4351
-0.4278,0.62462,-2.2487
-0.32384,0.73745,-2.0557
-0.17427,0.82882,-1.8614
-0.037033,0.96779,-1.6597
0.056451,1.0313,-1.4571
0.071035,1.2188,-1.2512
0.077392,1.2517,-1.0396
0.10095,1.42,-0.8313
0.023545,1.5345,-0.60785
0.0014823,1.5469,-0.40061
0.019057,1.9032,-0.16611
-0.0015092,0.78606,0.011615
0.06393,-0.15114,0.0099508
0.13797,0.18511,-0.0019865
0.20453,0.032794,0.006944
0.24305,0.061916,-0.00014566
0.23295,0.06502,0.0051557
0.22809,0.018105,0.0013053
0.20266,0.064416,0.0037235
0.19294,0.0065467,0.0033598
0.18995,0.048307,0.0026775
0.17723,0.016609,0.0041809
0.18808,0.027425,0.0031686
0.19256,0.021576,0.0043271
0.16975,0.01262,0.0037347
0.16489,0.026394,0.0045558
0.14134,0.010941,0.0046795
0.095341,0.011229,0.004807
0.035511,0.011507,0.0052156
-0.050869,0.015904,0.0053356
-0.083028,0.015398,0.0062167
-0.064331,0.019357,0.0070677
-0.048251,0.015578,0.00811
0.0085872,0.0084212,0.0089011
0.098332,0.0094859,0.0098646
0.12937,0.0059618,0.010172
0.15143,0.013175,0.010768
0.16265,0.0018754,0.011263
0.11105,0.012789,0.011147
0.059443,0.0034238,0.012215
0.013074,0.0021303,0.011496
-0.030302,0.019147,0.01337
-0.071436,-0.015344,0.012384
-0.080036,0.029243,0.013303
-0.038155,-0.027333,0.013816
0.00036053,0.033971,0.01271
0.034763,-0.014823,0.016392
0.0744,-0.0046629,0.011068
0.080383,0.046492,0.018383
0.072531,-0.093826,0.010618
0.03925,0.16834,0.018619
0.020927,-0.30529,0.011634
0.01457,0.97588,0.024051
0.029902,3.3743,0.31277
0.18808,3.0613,0.70926
0.23931,2.8721,1.0371
0.2939,3.0049,1.378
0.41992,2.7992,1.6885
0.35224,2.8945,1.9838
0.3844,2.7615,2.2631
0.43002,2.826,2.5259
0.39,2.7877,2.7822
0.46479,2.752,3.0185
0.49209,2.7584,3.2459
0.47564,2.7323,3.46
0.52799,2.7513,3.6662
0.63194,2.6838,3.86
0.62484,2.6313,4.0367
0.59305,2.5652,4.198
0.56501,2.4977,4.3436
0.39935,2.4544,4.476
0.3126,2.4,4.5942
0.21612,2.3236,4.6981
0.12301,2.2493,4.7873
0.13573,2.1796,4.863
0.17948,2.1066,4.9255
0.24305,2.0359,4.9755
0.29914,1.9531,5.0128
0.36906,1.8655,5.0361
0.33279,1.7923,5.0482
0.27857,1.7163,5.0494
0.18995,1.6449,5.0406
0.010083,1.5813,5.0234
-0.12715,1.4988,4.9969
-0.28271,1.4234,4.9615
-0.38928,1.3419,4.9173
-0.42069,1.2529,4.8635
-0.42855,1.1763,4.801
-0.40611,1.0821,4.7303
-0.37806,0.99532,4.6515
-0.38405,0.91691,4.5649
-0.41022,0.83207,4.4712
-0.42556,0.7478,4.3711
-0.4809,0.65707,4.2635
-0.49511,0.57994,4.15
-0.49025,0.48921,4.0309
-0.48987,0.38013,3.9033
-0.44276,0.29888,3.769
-0.40835,0.21908,3.631
-0.3646,0.13146,3.4881
-0.3388,0.052768,3.3406
-0.36273,-0.02878,3.1899
-0.39377,-0.13782,3.0342
-0.44014,-0.2443,2.8711
-0.50333,-0.34883,2.7021
-0.52951,-0.47831,2.5246
-0.50333,-0.56265,2.342
-0.44276,-0.68542,2.1551
-0.30702,-0.77091,1.9624
-0.16193,-0.8858,1.7686
-0.056852,-0.99856,1.5666
0.049346,-1.0821,1.3661
0.077018,-1.2613,1.1577
0.081879,-1.2875,0.94987
0.079635,-1.5148,0.73739
0.011205,-1.488,0.51763
-0.017589,-1.7038,0.309
-0.028059,-1.7468,0.071167
0.0074654,-0.33121,-0.047164
0.066922,0.061226,-0.021171
0.10955,-0.21345,-0.024538
0.21201,-0.01122,-0.025445
0.22061,-0.11484,-0.021996
0.19817,-0.047222,-0.0254
0.20677,-0.062525,-0.02173
0.15517,-0.06726,-0.025183
0.15106,-0.037508,-0.022727
0.15554,-0.065978,-0.02408
0.13797,-0.036739,-0.024099
0.14433,-0.052077,-0.02351
0.16041,-0.037103,-0.024463
0.1791,-0.0427,-0.023949
0.1619,-0.038389,-0.024616
0.10768,-0.039049,-0.024433
0.054208,-0.039262,-0.024774
0.0059696,-0.031704,-0.025051
-0.062835,-0.037156,-0.0254
-0.083776,-0.033598,-0.025996
-0.042268,-0.037159,-0.027121
-0.046756,-0.037246,-0.028156
0.0044739,-0.034318,-0.028857
0.095715,-0.029005,-0.029588
0.11366,-0.033347,-0.029652
0.14134,-0.034962,-0.030653
0.15143,-0.019966,-0.030431
0.11479,-0.036083,-0.031166
0.073652,-0.01729,-0.031684
0.018684,-0.032428,-0.031211
-0.03105,-0.019648,-0.03309
-0.049373,-0.01874,-0.031357
-0.044886,-0.043293,-0.034136
-0.020954,0.0039861,-0.032081
-0.0067443,-0.067538,-0.033614
0.05159,0.033693,-0.034139
0.068043,-0.073034,-0.031699
0.049346,0.016474,-0.037495
0.088236,-0.017488,-0.027912
0.019805,-0.092686,-0.043077
0.035137,0.22403,-0.019165
-0.019458,-1.8914,-0.1029
0.01457,-3.4704,-0.46757
0.17013,-2.827,-0.84102
0.1017,-2.9846,-1.1689
0.39038,-2.914,-1.5056
0.50854,-2.8305,-1.8057
0.48349,-2.861,-2.0989
0.72318,-2.7658,-2.3696
0.55566,-2.8445,-2.632
0.50181,-2.7594,-2.8815
0.58258,-2.7687,-3.1139
0.50106,-2.7463,-3.3372
0.51453,-2.7426,-3.5479
0.57211,-2.7327,-3.7503
0.65326,-2.6756,-3.9378
0.58258,-2.6274,-4.1112
0.58931,-2.5451,-4.2673
0.49732,-2.4999,-4.408
0.3197,-2.4495,-4.536
0.30475,-2.3843,-4.6495
0.14433,-2.3165,-4.7494
0.1346,-2.2411,-4.8347
0.16078,-2.1706,-4.9062
0.20042,-2.1037,-4.965
0.29166,-2.0269,-5.0117
0.31409,-1.9418,-5.0453
0.37916,-1.8609,-5.066
0.31447,-1.7814,-5.0751
0.26137,-1.7091,-5.0737
0.10731,-1.6442,-5.0631
-0.059096,-1.5733,-5.0437
-0.17427,-1.4948,-5.0152
-0.34478,-1.4136,-4.9775
-0.37657,-1.3328,-4.931
-0.4091,-1.2467,-4.8756
-0.38255,-1.1612,-4.8113
-0.34553,-1.0793,-4.7385
-0.34815,-0.98892,-4.6576
-0.38068,-0.90197,-4.5692
-0.42556,-0.82168,-4.4735
-0.39938,-0.73566,-4.3714
-0.45472,-0.64257,-4.2623
-0.47417,-0.55987,-4.1458
-0.46071,-0.47129,-4.0245
-0.43603,-0.36799,-3.8957
-0.40536,-0.28362,-3.7599
-0.39227,-0.19586,-3.6202
-0.33843,-0.10629,-3.475
-0.36834,-0.0338,-3.3257
-0.36872,0.052378,-3.1739
-0.3934,0.16763,-3.0151
-0.47005,0.26724,-2.849
-0.47604,0.3911,-2.6771
-0.50034,0.50837,-2.4962
-0.4521,0.59975,-2.3118
-0.36535,0.72638,-2.1215
-0.24569,0.79438,-1.9275
-0.10584,0.93991,-1.7294
-0.025815,1.0154,-1.526
0.055703,1.1489,-1.3237
0.071409,1.2701,-1.1115
0.079261,1.3392,-0.90504
0.06206,1.5509,-0.68475
0.015692,1.4748,-0.47117
0.01457,1.8729,-0.25046
-0.0067443,1.3294,-0.028231
0.0089611,-0.044631,0.022743
0.075522,0.076676,-0.0044535
0.17462,0.11757,0.0074651
0.20752,0.0010131,0.001234
0.17723,0.10129,0.0039259
0.21911,0.0066704,0.0032698
0.20191,0.069485,0.002415
0.18135,0.017494,0.0046045
0.19294,0.034676,0.0022238
0.15293,0.030222,0.004597
0.15405,0.013719,0.0034948
0.15704,0.033442,0.0042896
0.1791,0.011882,0.0039522
0.19668,0.027616,0.0039859
0.17088,0.012838,0.0046908
0.15891,0.011529,0.0043121
0.098332,0.013381,0.0049869
0.030276,0.013595,0.0050957
-0.021328,0.017183,0.0056018
-0.039277,0.012684,0.0066178
0.0044739,0.015908,0.0077688
0.035511,0.016005,0.0086761
0.079635,0.012189,0.0095572
0.12488,0.0051745,0.0097784
0.14582,0.010232,0.010337
0.15106,-0.0013712,0.011162
0.13199,0.010134,0.010956
0.087114,0.010536,0.012103
0.035511,-0.0038718,0.011428
-0.0052485,0.024227,0.012984
-0.038903,-0.014238,0.01262
-0.041894,0.029281,0.012695
-0.034042,-0.013709,0.014259
-0.0078661,0.016039,0.011848
0.041494,0.0085711,0.016257
0.085245,-0.030887,0.011207
0.075522,0.070981,0.017247
0.089358,-0.10395,0.012317
0.085245,0.15905,0.015053
0.032893,-0.23424,0.017599
0.043363,0.55473,0.0071727
0.015692,3.1216,0.24886
0.14059,3.2056,0.65213
0.21949,2.8294,0.9853
0.23445,3.036,1.3255
0.38963,2.8068,1.6438
0.33429,2.8868,1.9404
0.34924,2.7798,2.2255
0.41132,2.8024,2.4895
0.36944,2.7899,2.7494
0.4431,2.7432,2.9899
0.47377,2.7574,3.2201
0.46442,2.7164,3.4373
0.50443,2.7415,3.6453
0.60764,2.6864,3.8432
0.60502,2.6397,4.0246
0.56164,2.5767,4.1907
0.56239,2.5114,4.3407
0.41394,2.4701,4.4773
0.32943,2.4027,4.5999
0.23594,2.3284,4.7081
0.13685,2.2601,4.8013
0.15293,2.1903,4.8809
0.16975,2.107,4.9475
0.25015,2.0428,5.0014
0.28904,1.9609,5.0426
0.36158,1.8728,5.0706
0.3829,1.8029,5.0865
0.29428,1.7179,5.0908
0.19892,1.6524,5.0845
0.022423,1.5733,5.0695
-0.11182,1.4873,5.0459
-0.25878,1.4274,5.0133
-0.35974,1.349,4.9716
-0.39003,1.2665,4.9212
-0.41209,1.1862,4.8617
-0.36049,1.0983,4.7935
-0.34553,1.0111,4.7174
-0.35039,0.92727,4.6336
-0.38704,0.84544,4.542
-0.41097,0.75811,4.4436
-0.4364,0.67021,4.3382
-0.49847,0.5912,4.2262
-0.49959,0.50484,4.1089
-0.47379,0.39978,3.9842
-0.44687,0.31087,3.8514
-0.42855,0.2352,3.7144
-0.38517,0.14706,3.573
-0.37283,0.059861,3.4264
-0.36909,-0.014433,3.2763
-0.36572,-0.10647,3.1222
-0.4551,-0.2234,2.9609
-0.51044,-0.31717,2.793
-0.52353,-0.44647,2.6188
-0.51119,-0.5474,2.4366
-0.4465,-0.64536,2.2514
-0.35039,-0.76262,2.0593
-0.20493,-0.83891,1.8651
-0.093498,-0.98756,1.6648
-0.017589,-1.042,1.4617
0.031771,-1.2121,1.2571
0.02878,-1.2891,1.0447
0.036633,-1.4098,0.83776
-0.0093619,-1.5588,0.61507
-0.059096,-1.5224,0.40601
-0.03479,-1.9243,0.17629
-0.029555,-1.0156,-0.020819
0.02878,0.11597,-0.036145
0.11666,-0.16946,-0.017448
0.18583,-0.079924,-0.028351
0.23145,-0.056365,-0.020755
0.21313,-0.099217,-0.025351
0.20565,-0.029485,-0.022224
0.16452,-0.091737,-0.023458
0.1346,-0.02968,-0.023739
0.15779,-0.065521,-0.022528
0.13423,-0.044102,-0.024283
0.13012,-0.044845,-0.022719
0.15704,-0.052227,-0.024444
0.15741,-0.034722,-0.02378
0.14919,-0.045666,-0.023938
0.126,-0.034516,-0.024305
0.082627,-0.036147,-0.024272
0.018684,-0.032645,-0.024916
-0.039277,-0.036256,-0.024864
-0.069566,-0.036278,-0.025602
-0.055356,-0.035982,-0.026622
-0.023945,-0.039071,-0.027507
0.014944,-0.037984,-0.028486
0.083749,-0.029264,-0.029419
0.12488,-0.026167,-0.029502
0.13834,-0.035416,-0.030289
0.12451,-0.019576,-0.030229
0.082627,-0.033403,-0.030739
0.043363,-0.020322,-0.031815
-0.0078661,-0.029954,-0.030896
-0.066574,-0.029796,-0.033067
-0.067322,-0.0063424,-0.031286
-0.054234,-0.047623,-0.033078
-0.04713,0.013006,-0.032606
-0.0018831,-0.060756,-0.032553
0.048972,0.016272,-0.03487
0.080009,-0.04366,-0.030529
0.063182,-0.025331,-0.037952
0.075522,0.036632,-0.028328
0.036259,-0.16151,-0.040895
0.025414,0.28691,-0.024849
-0.013849,-1.4194,-0.067803
-0.0089879,-3.449,-0.39927
0.14732,-2.9213,-0.78814
0.085992,-2.9293,-1.1156
0.32008,-2.9667,-1.4564
0.51826,-2.8106,-1.7621
0.44609,-2.8771,-2.0575
0.66971,-2.7572,-2.3332
0.56987,-2.8351,-2.5966
0.45918,-2.7711,-2.851
0.56688,-2.7612,-3.0864
0.50779,-2.7461,-3.3129
0.5149,-2.7283,-3.5259
0.56389,-2.7345,-3.7313
0.62708,-2.681,-3.9235
0.56276,-2.643,-4.1015
0.57398,-2.5638,-4.2634
0.5306,-2.5098,-4.4085
0.3212,-2.459,-4.5409
0.31036,-2.3897,-4.659
0.17125,-2.3257,-4.763
0.11666,-2.2523,-4.8528
0.15704,-2.1768,-4.9281
0.16639,-2.1081,-4.9909
0.26399,-2.0344,-5.0415
0.32195,-1.9531,-5.0788
0.38327,-1.8704,-5.1034
0.31709,-1.7899,-5.1159
0.27221,-1.7174,-5.1176
0.14021,-1.6469,-5.1097
-0.03292,-1.576,-5.0927
-0.14361,-1.5017,-5.0668
-0.33843,-1.4183,-5.0315
-0.37133,-1.3403,-4.9873
-0.39639,-1.2598,-4.9345
-0.40424,-1.1724,-4.8727
-0.35899,-1.087,-4.8024
-0.34366,-0.99886,-4.7237
-0.33469,-0.91534,-4.6373
-0.38741,-0.82957,-4.5436
-0.3848,-0.74792,-4.443
-0.43976,-0.65504,-4.3358
-0.47529,-0.56394,-4.2209
-0.44762,-0.4893,-4.1009
-0.45061,-0.38648,-3.9747
-0.42294,-0.29586,-3.8404
-0.3833,-0.21225,-3.7011
-0.34478,-0.12483,-3.5569
-0.36236,-0.055653,-3.4087
-0.36498,0.026904,-3.2573
-0.39003,0.1378,-3.1007
-0.46781,0.24728,-2.9368
-0.50072,0.35029,-2.7666
-0.50371,0.4787,-2.5883
-0.46519,0.56058,-2.4044
-0.3919,0.68715,-2.2163
-0.25205,0.7845,-2.0214
-0.13314,0.88181,-1.8257
-0.041894,0.99912,-1.6218
0.056077,1.0783,-1.4187
0.041494,1.2683,-1.209
0.056825,1.2899,-0.99824
0.043363,1.5106,-0.78552
-0.030676,1.5134,-0.56249
-0.0030049,1.6671,-0.35383
-0.011979,1.8271,-0.11336
-0.0071182,0.44133,0.024509
0.067669,-0.11165,0.0027637
0.14545,0.20456,0.0022463
0.22211,-0.0032007,0.0057518
0.21014,0.088687,0.0012003
0.20677,0.034008,0.0057443
0.21089,0.038964,0.0018376
0.16228,0.052813,0.0051632
0.15629,0.010281,0.0031049
0.15704,0.047718,0.0041059
0.16377,0.0065504,0.0045783
0.17312,0.030218,0.0039597
0.17013,0.016512,0.0052044
0.17499,0.017876,0.0046383
0.15368,0.022236,0.0054818
0.13573,0.011908,0.0053844
0.088984,0.01932,0.0056655
0.024293,0.012163,0.0061117
-0.028433,0.012613,0.0063291
-0.070314,0.013362,0.0067003
-0.025441,0.010997,0.0069965
0.019057,0.010719,0.0073639
0.044111,0.0062355,0.0074277
0.096089,0.0044585,0.0075401
0.12713,0.0082187,0.0075251
0.13498,-0.0034969,0.0071165
0.11853,-0.0028971,0.0071015
0.08861,0.0036337,0.0071465
0.02878,-0.0028521,0.0070452
-0.035164,0.0014218,0.0070115
-0.065827,-0.00076389,0.0070677
-0.071436,-0.0037256,0.0069703
-0.07181,-0.0005127,0.0067041
-0.049747,-0.005049,0.0069703
0.014196,-0.0060575,0.006914
