0.086366,-0.017946,-0.00075303
0.080009,-0.026928,-0.00091424
0.065052,-0.014995,-0.00044934
0.082627,-0.010759,-0.00037436
0.077766,-0.018343,-8.1924e-05
0.063556,-0.010219,0.00035298
0.069913,-0.015745,0.00054794
0.058695,-0.024536,0.00088536
0.052712,-0.0052552,0.00099784
0.061686,-0.028945,0.0011928
0.076644,-0.020262,0.0012603
0.074774,-0.027453,0.0015827
0.071035,-0.020427,0.0016464
0.073278,-0.011032,0.0018714
0.069539,-0.045058,0.0019801
0.077018,0.034795,0.0019951
0.083001,-0.068475,0.0022501
0.075522,0.020452,0.0017627
0.072157,-0.058131,0.0024375
0.078888,-0.0058063,0.0017964
0.064678,0.023575,0.0023288
0.066922,-0.15041,0.0015902
0.06206,0.217,0.0021113
0.060565,-0.48558,0.00099034
0.072157,1.4336,0.0093922
0.03925,4.2062,0.11434
0.13348,3.2603,0.29868
0.1877,2.9683,0.46566
0.25015,2.8401,0.62355
0.32756,2.5207,0.77265
0.21238,2.657,0.90278
0.36233,2.3578,1.021
0.34064,2.3764,1.1196
0.10506,2.3036,1.2035
0.19369,2.3119,1.2741
0.10731,2.2437,1.3329
0.019431,2.1455,1.3797
0.034015,2.1292,1.4137
-0.0074922,2.026,1.4385
0.009709,1.9742,1.4559
-0.017215,1.9008,1.4663
-0.0037528,1.8439,1.4669
-0.10172,1.771,1.4572
-0.077793,1.7122,1.437
0.047851,1.6428,1.4079
-0.011232,1.5445,1.373
0.025414,1.4603,1.3321
0.019805,1.3572,1.283
0.0067175,1.2478,1.2265
0.023545,1.1432,1.1656
0.031771,1.044,1.0996
0.055703,0.93473,1.0295
-0.015719,0.80893,0.95447
-0.051617,0.69299,0.8745
-0.17053,0.5696,0.79012
-0.2584,0.4611,0.70618
-0.24606,0.30388,0.61649
-0.24644,0.19132,0.52166
-0.19259,0.066103,0.4287
-0.16642,-0.10224,0.32297
-0.06807,-0.21538,0.21875
-0.0078661,-0.48913,0.094716
0.041494,-0.33452,-0.0031637
0.20229,0.018603,-0.0036961
0.21949,-0.050689,0.0037347
0.22285,-0.029792,-0.0012029
0.27894,-0.017083,0.0026212
0.17761,-0.031644,-0.00031437
0.14283,-0.0087793,0.0015602
0.1447,-0.028439,0.00052544
0.05159,-0.0091579,0.00069415
0.11329,-0.018827,0.00077663
0.12077,-0.013803,7.5541e-05
0.10693,-0.013544,0.00081788
0.14358,-0.014114,5.5726e-07
0.12152,-0.013818,0.00027425
0.18509,-0.018733,-0.00032562
0.20004,-0.012892,-0.0004381
0.22098,-0.013818,-0.00036311
0.22697,-0.012356,-0.00058806
0.19967,-0.016049,-0.00076427
0.18434,-0.01378,-0.0012442
0.126,-0.0094953,-0.0011354
0.129,-0.013072,-0.0012367
0.095341,-0.016461,-0.0016828
0.075896,-0.011006,-0.0015853
0.060565,-0.0075721,-0.0014579
0.0029781,-0.009739,-0.0016078
-0.04339,-0.0049928,-0.0014841
-0.11631,-0.0091317,-0.0014429
-0.11855,-0.014234,-0.0016753
-0.10733,-0.0076921,-0.0015666
-0.064331,-0.006901,-0.0013716
-0.01871,-0.0067623,-0.0016078
-0.040025,-0.0047378,-0.0016341
0.010083,-0.0082169,-0.0013491
0.028406,-0.0095853,-0.0014054
0.042989,-0.0071335,-0.0015778
0.0744,-0.0026159,-0.0014879
0.04972,-0.013458,-0.0014429
0.059817,-0.017346,-0.0014841
0.01457,-0.0023685,-0.0014091
0.0040999,-0.0035756,-0.0014429
0.034015,-0.007066,-0.0013641
0.031771,-0.0049478,-0.0011467
0.11217,-0.0047603,-0.0013604
0.15554,-0.0053452,-0.0014916
0.19518,-0.0058738,-0.0014054
0.23482,-0.0061962,-0.0014279
0.22398,-0.0073584,-0.0015441
0.23893,-0.011284,-0.0023314
0.22136,-0.014122,-0.0028601
0.22398,-0.0094991,-0.0031113
0.21874,-0.0029833,-0.0034599
0.19182,-0.0095928,-0.0034374
0.19556,-0.013544,-0.0040973
0.15031,-0.0048241,-0.0038198
0.14208,-0.0090305,-0.0042735
0.18434,-0.0035119,-0.0042847
0.16377,-0.018186,-0.0042472
0.11479,-0.0055139,-0.005207
0.066174,-0.010939,-0.0038986
0.032893,-0.014628,-0.0059569
0.016066,0.0095909,-0.0035049
0.0052217,-0.036424,-0.0052033
0.027284,0.018956,-0.0046372
0.003352,-0.038475,-0.0038123
-1.3407e-05,0.011394,-0.0068754
0.00036053,-0.014163,-0.00025064
-0.036285,-0.03019,-0.010981
-0.015719,0.086052,0.0082937
-0.058722,-1.023,-0.070375
-0.019832,-1.7994,-0.33112
-0.040399,-1.5633,-0.56346
-0.051243,-1.7028,-0.7613
0.12039,-1.7327,-0.9533
0.0744,-1.812,-1.1113
0.22398,-1.9062,-1.2591
0.34139,-1.9017,-1.3762
0.22996,-1.9619,-1.4745
0.35411,-1.9727,-1.5568
0.26586,-2.019,-1.6246
0.24492,-2.0157,-1.6795
0.30774,-2.0145,-1.7178
0.2251,-2.0043,-1.7449
0.27932,-1.9813,-1.7602
0.19518,-1.9652,-1.7684
0.18022,-1.9228,-1.7674
0.14433,-1.8757,-1.7553
0.05159,-1.8062,-1.7329
0.094967,-1.7342,-1.7016
0.030276,-1.6679,-1.6646
0.029154,-1.5844,-1.6201
0.032893,-1.4959,-1.5668
0.029154,-1.4052,-1.5071
0.040746,-1.3091,-1.4417
0.023545,-1.2073,-1.3721
0.040746,-1.0943,-1.2958
0.00073447,-1.0049,-1.2167
-0.036285,-0.88193,-1.1347
-0.083028,-0.75963,-1.0444
-0.11743,-0.65387,-0.95427
-0.1724,-0.51764,-0.86022
-0.23148,-0.40799,-0.76247
-0.22699,-0.26369,-0.65913
-0.2427,-0.15266,-0.55498
-0.18661,0.029131,-0.44375
-0.15744,0.16182,-0.32178
-0.13388,0.33543,-0.20239
-0.07181,0.55578,-0.062626
-0.060217,0.17998,0.01033
0.018684,-0.057265,-0.0047271
0.059069,0.05239,-0.0034937
0.10918,-0.0017949,-0.0023989
0.1447,0.024122,-0.0044272
0.1017,0.0039224,-0.002009
0.16228,0.0016317,-0.0041535
0.16153,0.0075177,-0.0020915
0.16078,-0.0095553,-0.0033025
0.20902,0.01337,-0.0024027
0.17761,-0.0035082,-0.0024514
0.20341,0.0062655,-0.0025526
0.20528,0.0011706,-0.0016978
0.22248,-0.0060237,-0.0022564
0.24978,0.0037424,-0.0015853
0.22024,-0.00057269,-0.0014916
0.28119,4.215e-05,-0.0013416
0.28044,-0.0005202,-0.0011092
0.24753,0.0017554,-0.00096298
0.25053,-0.00062142,-0.00072678
0.20117,-0.0037556,-0.00067054
0.18396,6.0895e-05,-0.00014566
0.13423,-0.0017536,-0.00014191
0.099828,-0.0022635,-0.00021689
0.057199,-0.003227,2.6801e-05
-0.023198,-0.0035569,-0.00038186
-0.053861,-0.0029571,-0.0001794
-0.12379,-0.0055626,4.1798e-05
-0.12865,-0.0046704,-0.00014941
-0.11107,-0.0039693,-0.00017565
-0.11593,-0.0045466,-0.00020565
-0.085645,-0.0055664,-8.9423e-05
-0.090506,-0.0056189,-0.00034062
-0.074427,-0.0089255,-0.00020565
-0.066948,-0.0064361,0.00045796
-0.065827,-0.0024847,0.0011103
-0.037781,-0.003973,0.0016952
-0.02058,0.0017517,0.0022838
-0.011605,-0.004914,0.0025687
-0.016093,-0.0017799,0.0030036
-0.018336,-0.0013562,0.0036485
0.01644,-0.0022185,0.0032848
0.054208,0.0029251,0.0044658
0.081879,-0.0070847,0.0040534
0.14582,0.0086649,0.0050282
0.18696,-0.013188,0.0050282
0.20677,0.005302,0.0045071
0.23931,-0.010643,0.0065129
0.261,-0.0012175,0.0039597
0.27932,0.0095684,0.0076938
0.28119,-0.034542,0.0032736
0.30512,0.038949,0.0075176
0.32456,-0.064801,0.004957
0.25763,0.07915,0.0044696
0.26773,-0.10057,0.010686
0.23295,0.17543,-0.0061556
0.1877,1.7938,0.18734
0.28941,2.2099,0.54883
0.18396,2.0694,0.8458
0.24192,2.3404,1.1367
0.30923,2.3724,1.4007
0.19032,2.5619,1.6355
0.36308,2.6956,1.8624
0.33391,2.8591,2.0649
0.35111,2.9783,2.2547
0.5134,3.0965,2.4208
0.45769,3.2244,2.5732
0.46891,3.2699,2.7084
0.36046,3.3388,2.8266
0.30923,3.3291,2.9261
0.25501,3.366,3.0056
0.10132,3.3816,3.0736
0.085992,3.341,3.1288
-0.013849,3.3174,3.1728
-0.0059964,3.2641,3.2044
-0.0030049,3.2076,3.2223
-0.01871,3.1533,3.2277
0.12488,3.1036,3.2219
0.11666,3.0352,3.2083
0.059817,2.9371,3.1863
0.049346,2.8636,3.1548
-0.0037528,2.7976,3.1158
-0.063209,2.709,3.0714
-0.04713,2.6293,3.0216
-0.11182,2.5429,2.9648
-0.21877,2.4516,2.9001
-0.2326,2.3448,2.8278
-0.34778,2.2243,2.7483
-0.38928,2.1426,2.665
-0.40461,2.0449,2.578
-0.41695,1.9254,2.4843
-0.41172,1.8079,2.3847
-0.47118,1.6799,2.281
-0.38779,1.5699,2.1748
-0.32571,1.4534,2.0638
-0.20119,1.3421,1.951
-0.047504,1.2151,1.8367
-0.013475,1.0793,1.7148
0.052712,0.97349,1.5939
0.026536,0.82921,1.4711
-0.048999,0.70277,1.3436
-0.12453,0.55937,1.2146
-0.18287,0.42235,1.0806
-0.20718,0.26475,0.94292
-0.23559,0.09412,0.79401
-0.1997,-0.02334,0.64786
-0.14211,-0.23911,0.49199
-0.044886,-0.32126,0.3385
0.10132,-0.59145,0.18192
0.24641,-0.64372,0.017453
0.34962,-0.099307,-0.028163
0.3743,-0.042745,-0.0076252
0.35822,-0.1068,-0.015881
0.37579,-0.033107,-0.011982
0.29615,-0.072006,-0.013283
0.16415,-0.032466,-0.013564
0.18658,-0.058555,-0.012683
0.12825,-0.042337,-0.014704
0.092349,-0.033733,-0.012998
0.088236,-0.041733,-0.014692
0.013448,-0.029702,-0.014055
0.048599,-0.040575,-0.014696
-0.0056225,-0.030479,-0.014857
-0.011979,-0.032124,-0.014842
0.015318,-0.028911,-0.015337
-0.035164,-0.029781,-0.015491
0.01644,-0.026137,-0.015993
0.00036053,-0.026816,-0.016008
0.04972,-0.03392,-0.01641
0.11628,-0.022966,-0.016455
0.099828,-0.029635,-0.016994
0.14283,-0.030392,-0.017313
0.09908,-0.021072,-0.017054
0.032145,-0.024788,-0.017227
-0.032546,-0.026636,-0.017351
-0.11294,-0.02313,-0.017336
-0.14622,-0.019385,-0.017208
-0.12865,-0.021267,-0.017141
-0.0662,-0.017852,-0.017148
-1.3407e-05,-0.019486,-0.017107
0.093097,-0.024514,-0.017204
0.17798,-0.024139,-0.017995
0.258,-0.022204,-0.018618
0.32382,-0.019258,-0.018929
0.35485,-0.021593,-0.019844
0.35934,-0.022598,-0.01984
0.31821,-0.026388,-0.020474
0.26324,-0.018425,-0.020875
0.18097,-0.020712,-0.020961
0.13573,-0.01856,-0.02212
0.12413,-0.024045,-0.021456
0.12488,-0.026366,-0.023181
0.15181,-0.0079507,-0.02191
0.13872,-0.032454,-0.023308
0.14844,0.00028209,-0.023342
0.14358,-0.035513,-0.022449
0.13535,-0.0075009,-0.025509
0.13872,-0.020113,-0.020939
0.11815,-0.040811,-0.027687
0.10282,0.029828,-0.019589
0.039624,-0.10124,-0.028921
0.046729,0.1495,-0.019083
-0.014597,-0.60967,-0.040569
-0.016467,-1.9925,-0.32259
0.022049,-1.9814,-0.68313
-0.097611,-2.004,-0.97628
0.052712,-2.1556,-1.272
0.088236,-2.1364,-1.5299
0.09048,-2.2367,-1.7775
0.24417,-2.1827,-2.0134
0.13647,-2.1767,-2.235
0.22659,-2.1073,-2.4483
0.35111,-2.0724,-2.6447
0.36458,-2.0292,-2.8329
0.52013,-1.9594,-3.0058
0.54818,-1.9373,-3.1663
0.5938,-1.8811,-3.3086
0.57286,-1.8559,-3.4343
0.35037,-1.8352,-3.5471
0.23893,-1.8161,-3.6464
0.39823,-1.7956,-3.7329
0.47264,-1.7591,-3.8035
0.32793,-1.7249,-3.8587
0.33952,-1.6883,-3.8998
-0.1896,-1.6601,-3.9294
-0.77145,-1.632,-3.9486
-0.35712,-1.5948,-3.9565
0.25239,-1.5592,-3.953
0.52126,-1.5232,-3.9395
0.53771,-1.4919,-3.9179
0.48274,-1.4502,-3.8883
0.28418,-1.3926,-3.8491
0.35111,-1.3386,-3.7995
0.55454,-1.2842,-3.7406
0.39711,-1.2295,-3.6734
0.23968,-1.1745,-3.5992
-0.15258,-1.1169,-3.5197
-0.65216,-1.0511,-3.4328
-0.90307,-0.98396,-3.3369
-0.72845,-0.91838,-3.2352
-0.37021,-0.84365,-3.127
-0.18885,-0.78734,-3.0141
-0.13874,-0.72258,-2.8996
-0.42481,-0.63763,-2.7772
-0.66899,-0.57815,-2.6493
-0.73218,-0.51032,-2.52
-0.59233,-0.42369,-2.3854
-0.26102,-0.34165,-2.2439
-0.046008,-0.26889,-2.0999
0.10656,-0.16374,-1.9502
0.071035,-0.066818,-1.789
0.016066,0.035144,-1.6235
0.068417,0.1439,-1.4495
0.10843,0.22622,-1.2749
0.17275,0.3651,-1.0933
0.14694,0.41888,-0.9097
-0.053487,0.56786,-0.72411
-0.37844,0.63168,-0.52651
-0.55681,0.74909,-0.33987
-0.41209,0.92258,-0.12124
-0.055356,0.2925,0.010652
0.36645,-0.043825,-0.0064405
0.65438,0.10811,-0.0077452
0.74113,0.0076939,-0.0036886
0.64653,0.047205,-0.0079139
0.43301,0.02269,-0.0032875
0.34551,0.015083,-0.0065792
0.304,0.029566,-0.0032275
0.18546,0.0048521,-0.0047309
0.11965,0.022825,-0.0036849
-0.059096,0.0021229,-0.0030813
-0.26738,0.013336,-0.0035274
-0.2857,0.0069478,-0.0022339
-0.15557,-0.00082012,-0.0028151
0.055329,0.0047809,-0.0017166
0.24043,0.0035812,-0.0017428
0.30624,0.0038287,-0.0014391
0.129,0.0010019,-0.00054682
-0.073679,0.0056357,0.00038672
-0.13052,0.0085487,0.0014665
-0.10584,0.0031951,0.0024488
0.069165,0.00031583,0.0037797
0.24118,0.0047172,0.0043009
0.26922,0.0023253,0.0054743
0.1806,-0.0056863,0.005718
0.061686,0.0061455,0.0059842
-0.070314,-0.0051127,0.0072439
-0.1294,0.0027564,0.006779
-0.04713,0.0052233,0.0085112
-0.046008,-0.0074521,0.0070865
-0.089759,0.015638,0.0094372
-0.10995,-0.02589,0.0086386
-0.13987,0.022724,0.0087211
-0.040399,-0.022891,0.011278
0.20117,0.0028389,0.0069215
0.42179,0.0074015,0.014251
0.525,-0.038921,0.004777
0.48685,0.083645,0.017505
0.33765,-0.18343,0.0015115
0.10469,0.81901,0.044923
-0.002631,2.1428,0.37467
0.054582,1.8539,0.76239
-0.016467,1.7863,1.096
0.10918,1.8265,1.4447
0.22248,1.7695,1.755
0.14171,1.8762,2.0582
0.30325,1.8543,2.3445
0.40085,1.9397,2.6167
0.52761,1.9565,2.879
0.65251,2.0136,3.1248
0.64503,2.0666,3.3628
0.64952,2.079,3.5852
0.58109,2.1469,3.7993
0.60053,2.1805,3.9987
0.57323,2.2107,4.1845
0.62895,2.254,4.3618
0.73515,2.2858,4.5294
0.69215,2.3005,4.6859
0.54556,2.3055,4.8281
0.41693,2.3147,4.9571
0.4876,2.323,5.0744
0.3642,2.3013,5.1783
0.30811,2.2667,5.2652
0.33279,2.2343,5.336
0.24566,2.2009,5.3941
0.29764,2.1715,5.4416
0.23407,2.1306,5.4789
0.23033,2.0805,5.5036
0.19256,2.029,5.5147
0.11703,1.9691,5.5128
0.057573,1.9167,5.4999
-0.13314,1.8778,5.4776
-0.20942,1.8219,5.4457
-0.313,1.76,5.4034
-0.31973,1.7145,5.3518
-0.34329,1.6661,5.2936
-0.36086,1.6173,5.2291
-0.21802,1.5656,5.157
-0.23634,1.4992,5.0772
-0.18362,1.4295,4.9887
-0.15258,1.3585,4.8915
-0.2513,1.2989,4.7883
-0.29842,1.2472,4.6809
-0.38255,1.176,4.5667
-0.50072,1.0978,4.4448
-0.56092,1.0335,4.317
-0.56952,0.97443,4.1861
-0.57812,0.9016,4.0499
-0.53624,0.84113,3.9092
-0.44201,0.78082,3.7683
-0.32534,0.69083,3.6199
-0.2614,0.62255,3.4654
-0.17913,0.56284,3.311
-0.10808,0.4819,3.1521
-0.11519,0.39984,2.9875
-0.058348,0.33018,2.8207
-0.035164,0.22701,2.6475
-0.047504,0.11625,2.4634
-0.060965,0.029352,2.2758
-0.05947,-0.063684,2.0815
-0.037407,-0.14157,1.8842
-0.069192,-0.26166,1.6823
-0.051617,-0.34035,1.4772
-0.049373,-0.47294,1.2705
-0.059844,-0.56112,1.0547
-0.065827,-0.64816,0.84436
-0.12154,-0.78592,0.61867
-0.077419,-0.79479,0.40505
-0.00824,-1.0677,0.17343
0.06206,-0.69129,-0.035755
0.18471,-0.013878,-0.062149
0.2337,-0.12346,-0.040742
0.26698,-0.098039,-0.05248
0.28418,-0.064587,-0.045226
0.23557,-0.096064,-0.049702
0.18546,-0.051316,-0.047659
0.11853,-0.086163,-0.048319
0.032519,-0.051237,-0.049387
-0.025441,-0.068156,-0.047906
-0.061339,-0.055897,-0.050088
-0.063209,-0.054146,-0.049031
-0.0033789,-0.059436,-0.050429
0.069165,-0.046686,-0.049785
0.13348,-0.061022,-0.050231
0.19032,-0.049347,-0.051554
0.23258,-0.048455,-0.052162
0.23856,-0.047657,-0.053275
0.20677,-0.045471,-0.054385
0.20191,-0.045118,-0.055543
0.18434,-0.044346,-0.056016
0.16377,-0.046386,-0.057673
0.19107,-0.035528,-0.057913
0.16003,-0.040871,-0.058854
0.13722,-0.038321,-0.059094
0.1432,-0.044222,-0.059349
0.077766,-0.02785,-0.060717
0.040372,-0.041025,-0.059071
0.035885,-0.039289,-0.062157
0.0074654,-0.014365,-0.059469
-0.0033789,-0.057374,-0.062611
0.023545,-0.0031483,-0.061265
0.019057,-0.066012,-0.06116
0.061686,0.0060068,-0.064845
0.10394,-0.059196,-0.057002
0.087114,-0.031502,-0.072212
0.13161,0.035759,-0.044633
0.015692,-1.2741,-0.17237
0.021301,-1.944,-0.56421
-0.046382,-1.6311,-0.93198
-0.20867,-1.8028,-1.2741
0.10731,-1.7438,-1.6157
0.06206,-1.7689,-1.9203
0.15928,-1.8193,-2.2223
0.43226,-1.8202,-2.5019
0.081505,-1.8903,-2.7751
0.20603,-1.8901,-3.0331
0.32045,-1.9486,-3.2793
0.28717,-1.9624,-3.5157
0.49583,-2.0011,-3.7386
0.48012,-2.0228,-3.9534
0.56762,-2.0271,-4.1521
0.45694,-2.0645,-4.3407
0.48424,-2.0908,-4.5202
0.60464,-2.1124,-4.6905
0.5306,-2.1196,-4.8489
0.64615,-2.1299,-4.9933
0.56239,-2.1338,-5.1257
0.53509,-2.1272,-5.2436
0.57548,-2.1206,-5.3476
0.62297,-2.0994,-5.4365
0.71271,-2.0771,-5.5083
0.71907,-2.0676,-5.5669
0.80059,-2.0568,-5.6149
0.6899,-2.0384,-5.6511
0.57062,-2.0099,-5.674
0.43675,-1.9687,-5.6825
0.27857,-1.9284,-5.6771
0.20117,-1.8944,-5.6609
0.034389,-1.8588,-5.6356
-0.0018831,-1.8164,-5.6007
-0.11631,-1.7661,-5.5558
-0.20344,-1.7195,-5.5015
-0.19297,-1.6765,-5.44
-0.27972,-1.6322,-5.3725
-0.23709,-1.5769,-5.2972
-0.24831,-1.5198,-5.2123
-0.28495,-1.4653,-5.119
-0.33581,-1.4008,-5.0185
-0.43939,-1.3441,-4.911
-0.43191,-1.2836,-4.7982
-0.47417,-1.2194,-4.6805
-0.46931,-1.1505,-4.5553
-0.43603,-1.0762,-4.423
-0.46856,-1.0124,-4.2866
-0.49062,-0.94324,-4.1451
-0.54522,-0.89096,-4.0013
-0.54821,-0.81783,-3.855
-0.5583,-0.73009,-3.7001
-0.5239,-0.67577,-3.543
-0.43864,-0.59983,-3.3842
-0.43303,-0.50961,-3.2189
-0.34927,-0.4334,-3.0495
-0.25728,-0.35558,-2.8777
-0.19895,-0.2405,-2.6966
-0.062461,-0.1484,-2.5066
0.028032,-0.0537,-2.3128
0.087488,0.047733,-2.1121
0.10656,0.12969,-1.9105
0.056077,0.23997,-1.7021
0.031397,0.32895,-1.494
0.0070914,0.47129,-1.2797
0.035885,0.52748,-1.0619
0.0744,0.67639,-0.84523
0.069539,0.75659,-0.61561
0.1432,0.84054,-0.40249
0.19032,1.0508,-0.1573
0.21724,0.39541,0.0056168
0.3111,-0.048121,-0.0066542
0.31372,0.11909,-0.011832
0.33429,0.010509,-0.0051133
0.34999,0.048821,-0.010625
0.23893,0.031343,-0.0049896
0.20229,0.012523,-0.008795
0.15966,0.03944,-0.0051883
0.11965,0.0045635,-0.0063055
0.15928,0.025854,-0.0056607
0.129,0.0094784,-0.0044235
0.11628,0.017426,-0.0050046
0.11142,0.0088261,-0.0033774
0.084123,0.0086499,-0.0042248
0.067295,0.014491,-0.0029275
0.047477,0.0032138,-0.0026763
0.057573,0.0088936,-0.0024664
0.051216,0.0046947,-0.0017128
0.059069,0.0046422,-0.0011917
0.062434,0.0095871,0.00026675
0.077392,0.008245,0.001279
0.12488,0.008335,0.0025125
0.14769,0.0058719,0.0036447
0.1462,0.0030938,0.0037797
0.12451,0.0075889,0.0051257
0.08861,-0.0012813,0.0052119
0.01644,0.0063442,0.0057218
-0.014971,-2.5332e-05,0.0066291
-0.031798,-0.0017049,0.005838
-0.051991,-0.0055289,0.0079001
0.0052217,-0.0074521,0.0065129
0.044859,0.013644,0.0089198
0.095341,-0.024071,0.0076564
0.14358,0.022,0.0082825
0.16302,-0.023333,0.010138
0.18509,0.015788,0.0066141
0.15966,-0.0023385,0.013535
0.13647,-0.030925,0.0039222
0.074026,0.062557,0.01758
0.029528,-0.1727,-0.0013229
-0.026563,0.91178,0.055496
-0.011979,2.0956,0.39288
0.065426,1.7512,0.76849
-1.3407e-05,1.7195,1.094
0.15068,1.7464,1.4315
0.23295,1.6941,1.7317
0.11105,1.78,2.0252
0.24417,1.7417,2.2988
0.21762,1.8084,2.56
0.1619,1.8411,2.8124
0.30849,1.866,3.049
0.34214,1.8794,3.2737
0.42029,1.9179,3.4834
0.53023,1.9591,3.6876
0.57473,1.9573,3.8798
0.56837,1.9762,4.0584
0.57585,1.9813,4.2235
0.53434,1.9772,4.3745
0.46853,1.9762,4.5119
0.45881,1.9541,4.6334
0.37392,1.9251,4.7364
0.34812,1.9138,4.8228
0.34364,1.9071,4.8976
0.39786,1.8939,4.9612
0.5422,1.8714,5.0128
0.6282,1.8277,5.0497
0.70262,1.7929,5.0713
0.66148,1.7644,5.08
0.53584,1.7252,5.0771
0.3657,1.7008,5.0642
0.16265,1.6556,5.0412
0.02504,1.6104,5.0071
-0.13613,1.5819,4.9644
-0.22101,1.5466,4.915
-0.26214,1.4971,4.8579
-0.31749,1.4402,4.7925
-0.28907,1.3912,4.7182
-0.26962,1.3233,4.6341
-0.24195,1.2793,4.5422
-0.26439,1.2198,4.4451
-0.32534,1.1413,4.342
-0.38966,1.0974,4.2314
-0.50633,1.0246,4.1135
-0.53848,0.96433,3.9912
-0.53774,0.9057,3.8645
-0.53026,0.83455,3.7312
-0.48202,0.77352,3.5958
-0.44201,0.69273,3.4553
-0.41733,0.6299,3.3074
-0.46257,0.56925,3.1594
-0.4723,0.4862,3.0081
-0.48127,0.41092,2.8499
-0.52839,0.33947,2.6896
-0.49511,0.23619,2.5233
-0.46594,0.14692,2.3484
-0.40536,0.045683,2.1671
-0.29318,-0.052684,1.9775
-0.2068,-0.13771,1.7868
-0.060217,-0.24118,1.5889
0.073278,-0.32582,1.3911
0.14956,-0.46726,1.187
0.20752,-0.52153,0.97995
0.18733,-0.66603,0.77222
0.12077,-0.73411,0.55241
0.078514,-0.83702,0.34694
0.10207,-1.0319,0.1092
0.18097,-0.37927,-0.042076
0.26287,0.019571,-0.027357
0.29353,-0.14963,-0.023638
0.34513,-0.049032,-0.029138
0.38066,-0.078983,-0.023837
0.34962,-0.057974,-0.028767
0.39225,-0.04847,-0.025171
0.36832,-0.069307,-0.028399
0.27296,-0.038745,-0.026963
0.24566,-0.059841,-0.027691
0.13647,-0.042727,-0.028542
0.060191,-0.045966,-0.027919
0.068043,-0.039952,-0.029205
0.06206,-0.042674,-0.028726
0.072531,-0.043945,-0.029775
0.051964,-0.037377,-0.029873
0.050842,-0.041212,-0.030161
0.038876,-0.033965,-0.030386
0.0029781,-0.035697,-0.031043
0.010831,-0.041467,-0.03201
0.032893,-0.040533,-0.032891
0.047103,-0.03362,-0.034177
0.047851,-0.037598,-0.035144
0.037006,-0.031787,-0.035721
0.009709,-0.033047,-0.035916
0.00073447,-0.037317,-0.03697
0.0127,-0.022902,-0.036801
-0.0093619,-0.034306,-0.03781
-0.03292,-0.024424,-0.037986
-0.064331,-0.031824,-0.038346
-0.10172,-0.022437,-0.039388
-0.11818,-0.029556,-0.038233
-0.10546,-0.029039,-0.040982
-0.032546,-0.01152,-0.038091
0.017188,-0.044219,-0.0419
0.070661,0.0037912,-0.039658
0.126,-0.064962,-0.040562
0.17798,0.023144,-0.042931
0.19556,-0.058757,-0.036396
0.17798,-0.009739,-0.050351
0.2079,0.0084999,-0.023338
0.11366,-1.3578,-0.16499
0.17948,-1.9554,-0.55262
0.18995,-1.6233,-0.90527
0.084871,-1.7835,-1.236
0.40197,-1.7252,-1.5621
0.40683,-1.7676,-1.8552
0.41992,-1.8019,-2.1439
0.66447,-1.8083,-2.4084
0.40234,-1.8838,-2.6671
0.39337,-1.8881,-2.9116
0.50406,-1.9344,-3.1428
0.4517,-1.9429,-3.3609
0.58857,-1.99,-3.5669
0.62745,-2.019,-3.7665
0.64802,-2.0304,-3.9525
0.59118,-2.0458,-4.1258
0.55229,-2.0488,-4.2846
0.52986,-2.0533,-4.4299
0.4431,-2.0431,-4.5598
0.41955,-2.0309,-4.6738
0.3384,-2.0078,-4.7715
0.32157,-1.9945,-4.8534
0.3369,-1.9877,-4.9233
0.40608,-1.9722,-4.9821
0.48498,-1.9467,-5.0283
0.53771,-1.9102,-5.0596
0.61736,-1.875,-5.0766
0.50106,-1.8414,-5.0811
0.34027,-1.811,-5.075
0.18284,-1.7747,-5.0588
0.029528,-1.7305,-5.0319
-0.081906,-1.6879,-4.995
-0.20643,-1.6464,-4.9492
-0.21204,-1.6102,-4.8968
-0.2513,-1.5642,-4.837
-0.26401,-1.5028,-4.7678
-0.23223,-1.4421,-4.6896
-0.25018,-1.3846,-4.6034
-0.22176,-1.3283,-4.5095
-0.26289,-1.2691,-4.4101
-0.30889,-1.21,-4.3057
-0.38442,-1.1378,-4.1938
-0.47678,-1.07,-4.0739
-0.4521,-1.014,-3.9495
-0.4536,-0.93787,-3.8205
-0.45921,-0.8765,-3.6868
-0.42443,-0.81069,-3.5513
-0.41471,-0.72213,-3.409
-0.45323,-0.6586,-3.2605
-0.49473,-0.59269,-3.1117
-0.50745,-0.50294,-2.9575
-0.57812,-0.43398,-2.7973
-0.59084,-0.34789,-2.6353
-0.5254,-0.24135,-2.4649
-0.49212,-0.15166,-2.287
-0.39601,-0.045861,-2.1015
-0.26701,0.035995,-1.9129
-0.16118,0.14796,-1.719
-0.035911,0.22318,-1.5201
0.042989,0.35435,-1.3225
0.081879,0.46329,-1.1137
0.084497,0.52316,-0.91028
0.013074,0.7029,-0.69342
-0.03105,0.70482,-0.48275
-0.0030049,0.96846,-0.26466
0.03065,0.77081,-0.042268
0.10731,0.023035,0.011402
0.1877,0.052517,-0.014812
0.25688,0.081699,-0.0027101
0.38066,0.0092422,-0.0085775
0.40795,0.061233,-0.005327
0.41917,0.0061155,-0.0053682
0.46442,0.040666,-0.0061668
0.41169,0.00829,-0.0035499
0.37019,0.013509,-0.0055557
0.31185,0.020426,-0.0030438
0.21911,0.0058119,-0.0039961
0.17686,0.019713,-0.0029913
0.15517,-6.5868e-06,-0.0026164
0.15293,0.0027827,-0.0023389
0.12638,0.010453,-0.0016228
0.084123,-4.0328e-05,-0.0014729
0.060191,-0.0016599,-0.00087675
-0.0045007,0.0054107,-0.00079802
-0.041521,0.0016167,0.00016927
-0.011979,0.0019017,0.00084412
-0.013849,0.0051371,0.0019051
0.019431,0.0055494,0.0032698
0.07627,0.0046534,0.0040459
0.083375,-0.0075383,0.004567
0.12189,-0.00043772,0.0050732
0.10095,-0.0020985,0.0061267
0.075148,-0.0067173,0.0058005
0.071783,0.0081663,0.0069928
-0.023945,-0.012517,0.0070527
-0.082654,0.0049983,0.0073114
-0.14248,-0.0059788,0.0085487
-0.20269,-0.0024584,0.0073264
-0.19297,-0.0028146,0.010232
-0.16679,-0.014556,0.0075814
-0.095742,0.023608,0.011147
-0.021328,-0.040567,0.0088298
0.009709,0.035695,0.0096397
0.067295,-0.046089,0.012467
0.12226,0.034353,0.0058193
0.12713,-0.019899,0.019702
0.14769,-0.046296,-0.0070104
0.11329,1.4161,0.1303
0.19443,2.0755,0.51217
0.2509,1.6658,0.86138
0.19967,1.7909,1.19
0.38365,1.7419,1.5156
0.36308,1.7827,1.8081
0.33391,1.8164,2.0959
0.4876,1.8215,2.3589
0.40758,1.9093,2.6166
0.43301,1.9054,2.8601
0.52574,1.9416,3.0883
0.54668,1.9626,3.3043
0.57959,2.0194,3.5091
0.67195,2.0421,3.707
0.72991,2.0444,3.8899
0.67868,2.0703,4.0597
0.70262,2.0641,4.2153
0.62783,2.0596,4.3572
0.57735,2.0552,4.4835
0.53098,2.0318,4.5917
0.43712,2.0106,4.684
0.4001,1.9965,4.7628
0.35635,1.9894,4.8297
0.47077,1.9684,4.8852
0.51677,1.9189,4.9269
0.54893,1.89,4.9537
0.62334,1.8635,4.9671
0.53173,1.8225,4.9683
0.43749,1.7878,4.959
0.27408,1.7453,4.9394
0.080383,1.7018,4.9092
-0.087141,1.6563,4.8701
-0.23522,1.616,4.8233
-0.29505,1.5796,4.7701
-0.36124,1.5282,4.709
-0.37021,1.4666,4.6383
-0.36984,1.4002,4.5585
-0.38667,1.3445,4.4704
-0.37208,1.292,4.376
-0.38966,1.2307,4.2766
-0.41284,1.1633,4.17
-0.47043,1.09,4.0558
-0.5426,1.0312,3.936
-0.55082,0.96819,3.8123
-0.54335,0.89439,3.6828
-0.55045,0.83733,3.5498
-0.49773,0.76212,3.4137
-0.4637,0.67458,3.2693
-0.50558,0.61973,3.1221
-0.52278,0.54581,2.9744
-0.52278,0.45528,2.8192
-0.56616,0.38978,2.6609
-0.58784,0.28887,2.4989
-0.53288,0.19654,2.3281
-0.48763,0.094019,2.1503
-0.40349,-0.0050265,1.9646
-0.27336,-0.086478,1.7776
-0.1982,-0.20146,1.5831
-0.10247,-0.27833,1.3884
0.009335,-0.42101,1.1887
0.074026,-0.48809,0.98419
0.079635,-0.62693,0.78094
0.029528,-0.71774,0.56335
0.0014823,-0.79363,0.36088
-0.026189,-1.0294,0.12799
0.0082132,-0.44534,-0.035605
0.10394,0.023935,-0.027687
0.11516,-0.13834,-0.020316
0.21799,-0.048747,-0.027533
0.29465,-0.068299,-0.021193
0.26174,-0.06458,-0.026649
0.36308,-0.045276,-0.023076
0.38552,-0.065715,-0.025977
0.34289,-0.035356,-0.025145
0.35485,-0.057037,-0.025205
0.29166,-0.038112,-0.026465
0.24379,-0.044751,-0.0257
0.1978,-0.044162,-0.027121
0.13685,-0.040938,-0.026795
0.12825,-0.044414,-0.027406
0.099454,-0.036567,-0.027473
0.068791,-0.037231,-0.028017
0.056077,-0.030936,-0.028156
0.020179,-0.033811,-0.028497
0.0078393,-0.039184,-0.029573
0.035885,-0.037028,-0.030285
0.038502,-0.032882,-0.031417
0.05159,-0.032162,-0.032448
0.095715,-0.033208,-0.033303
0.089732,-0.027835,-0.033438
0.091228,-0.029676,-0.034132
0.099828,-0.026898,-0.034908
0.074774,-0.032855,-0.034829
0.062808,-0.027446,-0.036149
0.020553,-0.018497,-0.035418
-0.046008,-0.035364,-0.036996
-0.085271,-0.012922,-0.036636
-0.11743,-0.038453,-0.036846
-0.12603,-0.014362,-0.038357
-0.11893,-0.028132,-0.036003
-0.096863,-0.026276,-0.040577
-0.039277,-0.0036769,-0.035335
-0.014971,-0.062739,-0.041285
0.032519,0.042927,-0.036651
0.054208,-0.10716,-0.039366
0.082253,0.098191,-0.041829
0.089358,-0.30837,-0.031879
0.037006,-1.7527,-0.27076
0.19443,-1.8475,-0.66944
0.1189,-1.6624,-0.99971
0.15667,-1.8256,-1.3344
0.53023,-1.7446,-1.6447
0.45544,-1.8453,-1.934
0.63793,-1.8384,-2.2129
0.77142,-1.8953,-2.4705
0.49284,-1.9442,-2.7236
0.62596,-1.9601,-2.9589
0.63194,-2.0042,-3.1827
0.62297,-2.0221,-3.3921
0.76394,-2.0794,-3.5939
0.75983,-2.0941,-3.7861
0.78937,-2.1099,-3.9631
0.72318,-2.1221,-4.1279
0.71159,-2.125,-4.2778
0.6813,-2.12,-4.4132
0.59679,-2.1049,-4.5325
0.56538,-2.0873,-4.6351
0.52948,-2.0661,-4.7219
0.52462,-2.0581,-4.7955
0.52761,-2.0464,-4.8586
0.59604,-2.0214,-4.9102
0.63045,-1.9863,-4.9476
0.66709,-1.9457,-4.9696
0.67868,-1.9096,-4.9784
0.53135,-1.876,-4.9763
0.38776,-1.8361,-4.964
0.20677,-1.7919,-4.9415
-0.0030049,-1.7465,-4.9082
-0.19072,-1.7024,-4.8662
-0.34852,-1.6635,-4.8176
-0.39751,-1.6163,-4.7619
-0.46706,-1.5595,-4.698
-0.49511,-1.5024,-4.6246
-0.49249,-1.4388,-4.5421
-0.51979,-1.3774,-4.4515
-0.50969,-1.3202,-4.3553
-0.51904,-1.2623,-4.254
-0.52839,-1.1961,-4.1458
-0.59682,-1.1171,-4.0297
-0.62935,-1.0529,-3.9079
-0.59271,-0.98417,-3.7821
-0.63571,-0.91375,-3.6507
-0.61776,-0.85968,-3.5173
-0.57139,-0.77382,-3.3799
-0.57401,-0.6944,-3.2341
-0.55905,-0.63895,-3.087
-0.57064,-0.5487,-2.9372
-0.60766,-0.46722,-2.78
-0.63533,-0.3921,-2.6207
-0.59944,-0.29198,-2.4553
-0.53437,-0.1934,-2.2818
-0.47379,-0.083006,-2.0996
-0.35002,-0.00088386,-1.9129
-0.21353,0.11072,-1.7226
-0.12229,0.19586,-1.5259
-0.0045007,0.30715,-1.3315
0.085245,0.43405,-1.1263
0.13049,0.49876,-0.92492
0.13236,0.67176,-0.71347
0.070661,0.67684,-0.50236
0.079635,0.91393,-0.29184
0.051964,0.84593,-0.063338
0.04972,0.079836,0.014281
0.11479,0.010393,-0.01362
0.12862,0.096939,-0.0036361
0.26324,-0.0027659,-0.0070179
0.29615,0.055974,-0.0058781
0.28792,0.0122,-0.0043297
0.38888,0.031114,-0.0061668
0.34214,0.012553,-0.0030475
0.3485,0.013865,-0.0052145
0.33055,0.021318,-0.0030738
0.23519,0.0066292,-0.0036211
0.21014,0.017546,-0.0026351
0.14283,0.00072822,-0.0023989
0.14358,0.0083162,-0.0023352
0.11591,0.0064755,-0.0012554
0.063556,0.0061643,-0.0012554
0.07627,0.0065467,-0.00052058
0.028032,-0.00056894,-0.00053182
0.009709,0.0065129,0.00039422
0.02504,0.0078176,0.001474
0.044859,0.0038474,0.0025312
0.058321,0.0056357,0.003776
0.087488,0.0037199,0.0046945
0.11217,0.0013805,0.0049982
0.096089,0.004226,0.0055981
0.1174,-0.0076021,0.0063554
0.1189,0.0015942,0.0065429
0.085618,-0.00024652,0.0078176
0.067669,-0.011853,0.0069778
0.033267,0.0041661,0.0085599
-0.02058,-0.012386,0.0081437
-0.050869,0.012661,0.0087174
-0.084897,-0.017698,0.010003
-0.09462,0.0073115,0.0080088
-0.049373,-0.0013562,0.012227
-0.0011352,-0.021848,0.0072552
0.024293,0.033082,0.013794
0.053834,-0.063957,0.0078926
0.052338,0.093745,0.012673
0.067669,-0.14865,0.012028
0.085618,0.38179,0.0085674
0.065052,1.918,0.26237
0.20453,1.9356,0.65738
0.1963,1.7065,0.98671
0.18509,1.8434,1.3252
0.39262,1.768,1.6354
0.31746,1.8584,1.9275
0.36532,1.8425,2.2075
0.53397,1.9152,2.467
0.47227,1.9671,2.7211
0.55192,1.989,2.9582
0.63718,2.0304,3.1861
0.67158,2.0488,3.3968
0.74076,2.0996,3.5982
0.7875,2.1273,3.7917
0.78638,2.1552,3.9723
0.75946,2.1632,4.1403
0.76207,2.1685,4.2935
0.72318,2.1602,4.4343
0.70112,2.148,4.5599
0.6383,2.1442,4.6689
0.63194,2.1163,4.7602
0.6454,2.088,4.8357
0.63007,2.0924,4.901
0.71309,2.0722,4.9557
0.74674,2.036,4.9974
0.79087,2.0067,5.0249
0.78077,1.9545,5.0376
0.63007,1.9172,5.038
0.44086,1.8792,5.0277
0.2322,1.8412,5.0077
0.032145,1.7954,4.9777
-0.2068,1.728,4.9372
-0.38106,1.6943,4.8888
-0.46407,1.6637,4.8336
-0.56765,1.6062,4.7717
-0.61888,1.5452,4.7016
-0.62299,1.4818,4.6226
-0.64842,1.4167,4.5348
-0.65141,1.3602,4.4402
-0.62748,1.3019,4.3405
-0.63459,1.2304,4.2343
-0.67759,1.1567,4.1208
-0.71237,1.0825,4.0004
-0.71648,1.0137,3.8762
-0.73817,0.94669,3.7473
-0.73144,0.88902,3.6132
-0.70302,0.82198,3.4777
-0.71648,0.72731,3.3353
-0.72882,0.65963,3.187
-0.73518,0.59946,3.039
-0.74415,0.50863,2.8858
-0.76771,0.43855,2.7273
-0.70601,0.3581,2.5671
-0.60617,0.2561,2.3993
-0.54933,0.15691,2.2241
-0.41172,0.047238,2.0399
-0.28533,-0.031633,1.8527
-0.18511,-0.15157,1.6608
-0.043016,-0.23508,1.4637
0.058321,-0.354,1.2679
0.129,-0.46472,1.062
0.15854,-0.54691,0.86086
0.11105,-0.70779,0.64591
0.075522,-0.71574,0.43804
0.083001,-0.98782,0.22028
0.083749,-0.76604,0.003701
0.12787,-0.042378,-0.043887
0.16377,-0.079302,-0.018903
0.21911,-0.10618,-0.030589
0.31447,-0.04489,-0.024515
0.29615,-0.090853,-0.02759
0.33429,-0.040447,-0.027117
0.41132,-0.074623,-0.026619
0.33092,-0.04883,-0.028763
0.3111,-0.053456,-0.02687
0.28268,-0.051578,-0.029033
0.17873,-0.040638,-0.028043
0.1462,-0.049524,-0.029074
0.10282,-0.038561,-0.029232
0.059069,-0.042265,-0.029382
0.019431,-0.039885,-0.029925
0.013074,-0.037133,-0.030113
0.0067175,-0.035401,-0.030593
-0.050869,-0.036267,-0.030608
-0.04713,-0.036372,-0.031657
0.0022302,-0.039551,-0.032737
0.025788,-0.035727,-0.033566
0.057947,-0.036316,-0.034915
0.11067,-0.031296,-0.03595
0.14096,-0.027044,-0.035706
0.14657,-0.039251,-0.036932
0.15779,-0.025965,-0.037139
0.15218,-0.031686,-0.037439
0.12002,-0.026493,-0.038488
0.088984,-0.028469,-0.037859
0.042616,-0.026827,-0.039801
-0.00038735,-0.017128,-0.038218
-0.033294,-0.036376,-0.04052
-0.011232,-0.0030133,-0.039358
0.00036053,-0.047105,-0.040037
0.022423,0.00018086,-0.041743
0.077018,-0.038149,-0.038023
0.098706,-0.019959,-0.045259
0.15068,0.0041773,-0.035343
0.12974,-0.090466,-0.049136
0.14881,0.1435,-0.030188
0.090106,-0.87548,-0.085732
0.11142,-1.9774,-0.42598
0.24118,-1.7069,-0.80573
0.071783,-1.7787,-1.132
0.31709,-1.8263,-1.4682
0.49583,-1.8037,-1.7659
0.38215,-1.8997,-2.0568
0.72692,-1.8841,-2.3272
0.59829,-1.9735,-2.5846
0.4618,-1.9942,-2.8321
0.67794,-2.0452,-3.0652
0.5665,-2.0645,-3.2874
0.66709,-2.0926,-3.4923
0.73552,-2.1471,-3.6912
0.74263,-2.1669,-3.8795
0.78227,-2.1925,-4.0558
0.72281,-2.1951,-4.2183
0.76918,-2.2043,-4.367
0.69252,-2.2007,-4.5022
0.67868,-2.1907,-4.6211
0.66186,-2.1753,-4.725
0.61175,-2.1472,-4.812
0.654,-2.1331,-4.8843
0.67607,-2.1242,-4.9466
0.74637,-2.1024,-4.9974
0.74674,-2.0662,-5.0346
0.75459,-2.0287,-5.0584
0.71159,-1.989,-5.0681
0.53921,-1.9473,-5.0657
0.36532,-1.9099,-5.0537
0.1361,-1.8638,-5.0312
-0.067696,-1.8112,-4.9981
-0.26476,-1.7673,-4.9557
-0.39863,-1.7241,-4.906
-0.48539,-1.6748,-4.8494
-0.56803,-1.6217,-4.7853
-0.54596,-1.5588,-4.7124
-0.58448,-1.4949,-4.6302
-0.60729,-1.433,-4.5406
-0.60841,-1.3714,-4.4445
-0.66039,-1.3108,-4.3428
-0.68021,-1.2436,-4.2359
-0.70975,-1.168,-4.1213
-0.71872,-1.0998,-3.9995
-0.74565,-1.0344,-3.8744
-0.75836,-0.9591,-3.7436
-0.72358,-0.89647,-3.6089
-0.7262,-0.82106,-3.4721
-0.73181,-0.73489,-3.3272
-0.73368,-0.67666,-3.1786
-0.75126,-0.60084,-3.0297
-0.78005,-0.50471,-2.8733
-0.7692,-0.43474,-2.7133
-0.67535,-0.34982,-2.5498
-0.59757,-0.24984,-2.3775
-0.48912,-0.13942,-2.1983
-0.30552,-0.047844,-2.0115
-0.18399,0.047741,-1.8226
-0.054234,0.16673,-1.6262
0.082627,0.24476,-1.43
0.1346,0.39654,-1.2285
0.17761,0.46072,-1.022
0.19369,0.59826,-0.8176
0.1275,0.69578,-0.59872
0.095341,0.76968,-0.39512
0.12152,1.003,-0.16174
0.13236,0.41811,0.0043421
0.18808,-0.050037,-0.0025939
0.26137,0.11009,-0.010655
0.34962,0.015421,-0.0026876
0.38888,0.043958,-0.0087275
0.36308,0.037776,-0.0030663
0.39711,0.014116,-0.0065117
0.38926,0.036209,-0.0036136
0.33578,0.0041886,-0.0041123
0.30475,0.028786,-0.0038986
0.23669,0.0059956,-0.0026876
0.18733,0.01355,-0.0034674
0.13947,0.010761,-0.0020877
0.091975,-0.0016711,-0.0025451
0.081505,0.0074577,-0.0014391
0.047477,0.0076714,-0.0010792
0.035885,0.006303,-0.00059556
-0.0033789,0.0035062,-0.00034812
-0.059096,0.0076976,-3.3185e-05
-0.026189,0.00053327,0.001174
0.0089611,0.0037874,0.0020663
0.010831,0.0087848,0.0031911
0.088236,0.0065279,0.0045221
0.15592,0.0035887,0.0052569
0.15741,-0.0033507,0.0052606
0.1806,-0.00127,0.0064566
0.16751,-0.0043254,0.0064304
0.14694,0.00038331,0.0072364
0.11628,-0.0052365,0.0076076
0.054956,0.0040273,0.0076564
0.019057,-0.00596,0.009231
-0.020206,0.000612,0.0077576
-0.038155,-0.0019186,0.010562
-0.019458,-0.019573,0.0082712
0.01457,0.024853,0.010963
0.077766,-0.037287,0.010022
0.10282,0.036689,0.0096022
0.14694,-0.036747,0.013588
0.18247,0.0098196,0.0053994
0.14582,0.015368,0.020422
0.14994,-0.10149,-0.0058481
0.075148,1.2728,0.10655
0.14732,2.1157,0.4794
0.2509,1.7148,0.83722
0.14694,1.818,1.1655
0.31222,1.7948,1.4951
0.33765,1.8193,1.789
0.25239,1.8819,2.0783
0.46442,1.8851,2.3438
0.44909,1.968,2.6011
0.45731,1.9767,2.845
0.5923,2.0408,3.0761
0.58595,2.041,3.2946
0.62072,2.0783,3.4978
0.71795,2.1333,3.6953
0.76806,2.1495,3.8804
0.72655,2.164,4.0534
0.74861,2.1676,4.2122
0.73365,2.184,4.3572
0.70149,2.1752,4.4886
0.67195,2.1542,4.6032
0.59642,2.1289,4.7007
0.57062,2.106,4.7827
0.55155,2.0992,4.8525
0.64129,2.0859,4.9115
0.69252,2.0365,4.9586
0.70785,1.9978,4.9913
0.72169,1.9663,5.0098
0.62297,1.9201,5.0162
0.50779,1.8897,5.0109
0.28867,1.8399,4.9952
0.070287,1.7923,4.97
-0.1294,1.7521,4.9348
-0.36012,1.7061,4.8906
-0.46332,1.6625,4.8399
-0.55419,1.612,4.7825
-0.6028,1.5554,4.7162
-0.5957,1.4896,4.6408
-0.60467,1.429,4.557
-0.57663,1.367,4.4653
-0.59682,1.3074,4.3682
-0.6043,1.2417,4.2655
-0.62449,1.1664,4.1551
-0.71984,1.1029,4.0378
-0.76285,1.0428,3.9161
-0.79538,0.96683,3.7905
-0.80136,0.8918,3.6588
-0.77107,0.83529,3.5244
-0.75911,0.75396,3.3856
-0.74826,0.67263,3.2389
-0.73929,0.61753,3.0913
-0.70563,0.53449,2.9414
-0.71311,0.45458,2.7844
-0.68806,0.38453,2.6254
-0.58373,0.28264,2.4605
-0.53549,0.18676,2.2874
-0.43341,0.071933,2.1065
-0.26401,-0.013724,1.9198
-0.16006,-0.11361,1.7312
-0.03105,-0.21464,1.5344
0.092723,-0.30244,1.3401
0.14208,-0.44558,1.1372
0.18284,-0.50082,0.93403
0.16228,-0.66645,0.72596
0.097584,-0.70538,0.51134
0.07627,-0.8732,0.30567
0.056825,-0.96697,0.069952
0.095715,-0.2408,-0.045807
0.17237,-0.0036281,-0.020796
0.21687,-0.14058,-0.025033
0.31522,-0.03819,-0.026004
0.35373,-0.093263,-0.023559
0.37617,-0.050127,-0.027185
0.43974,-0.056054,-0.02375
0.38626,-0.056455,-0.027316
0.34476,-0.039626,-0.02516
0.29465,-0.059545,-0.02678
0.17237,-0.037369,-0.02681
0.10207,-0.046734,-0.026768
0.035137,-0.041853,-0.027897
0.012327,-0.040848,-0.027218
-0.0052485,-0.03969,-0.028148
-0.027311,-0.037845,-0.028369
0.0029781,-0.036185,-0.028928
-0.020954,-0.030362,-0.029018
-0.034416,-0.037178,-0.029667
0.019057,-0.033598,-0.030859
0.052712,-0.032994,-0.03159
0.063182,-0.047237,-0.032685
0.12451,-0.036631,-0.034019
0.16377,-0.024435,-0.034304
0.15966,-0.03332,-0.034503
0.17574,-0.024274,-0.035482
0.18135,-0.029264,-0.035437
0.16751,-0.029088,-0.036588
0.13161,-0.01964,-0.03613
0.081131,-0.03945,-0.037446
0.012327,-0.012348,-0.037529
-0.046008,-0.038835,-0.037176
-0.048251,-0.019486,-0.039403
-0.041147,-0.020997,-0.036483
-0.0071182,-0.038569,-0.041045
0.063556,0.0058906,-0.036659
0.098706,-0.064325,-0.041282
0.16415,0.040389,-0.038991
0.15106,-0.094099,-0.038035
0.15181,0.062786,-0.045518
0.16489,-0.18495,-0.026169
0.031023,-1.6435,-0.23309
0.16415,-1.9013,-0.63302
0.10992,-1.6692,-0.9706
0.0658,-1.8531,-1.305
0.42366,-1.7781,-1.6208
0.33541,-1.8742,-1.9113
0.50592,-1.8808,-2.194
0.72318,-1.9253,-2.4535
0.43749,-1.9878,-2.7077
0.59044,-2.0077,-2.9458
0.65363,-2.0585,-3.174
0.60203,-2.0661,-3.3858
0.73515,-2.1238,-3.5868
0.75198,-2.1523,-3.7811
0.81181,-2.1739,-3.9623
0.74786,-2.186,-4.1317
0.75048,-2.192,-4.2858
0.74712,-2.1954,-4.4273
0.6454,-2.1801,-4.5534
0.64466,-2.1663,-4.6631
0.58483,-2.1417,-4.7569
0.56314,-2.1226,-4.8352
0.59268,-2.11,-4.9021
0.66634,-2.0907,-4.9582
0.71196,-2.0606,-5.0019
0.6828,-2.0196,-5.0315
0.69589,-1.9759,-5.0469
0.58258,-1.9364,-5.0497
0.39038,-1.9,-5.0423
0.21837,-1.856,-5.0255
0.011205,-1.806,-4.9981
-0.1967,-1.7608,-4.9607
-0.36647,-1.7178,-4.9152
-0.45061,-1.6697,-4.8629
-0.53736,-1.6185,-4.8038
-0.56204,-1.5601,-4.7361
-0.56204,-1.4927,-4.6584
-0.61739,-1.4278,-4.572
-0.61178,-1.3679,-4.4789
-0.61888,-1.3089,-4.38
-0.63571,-1.245,-4.2757
-0.67983,-1.1721,-4.1646
-0.71685,-1.0991,-4.0457
-0.70863,-1.0382,-3.9222
-0.75836,-0.97066,-3.794
-0.74677,-0.90022,-3.6608
-0.70451,-0.84162,-3.5265
-0.71087,-0.75532,-3.386
-0.70339,-0.67744,-3.2381
-0.68881,-0.62064,-3.0906
-0.66712,-0.52575,-2.9383
-0.67235,-0.44881,-2.7789
-0.60617,-0.37086,-2.6178
-0.50034,-0.26587,-2.4493
-0.43864,-0.16853,-2.2731
-0.28421,-0.06119,-2.0882
-0.15819,0.01725,-1.8998
-0.081906,0.13616,-1.707
0.071783,0.22102,-1.5088
0.14433,0.33393,-1.3117
0.16153,0.44966,-1.1044
0.19855,0.53289,-0.90181
0.13984,0.68877,-0.68592
0.081131,0.70061,-0.4769
0.088984,0.96609,-0.25954
0.081879,0.75265,-0.039557
0.12451,0.023867,0.012013
0.15554,0.047685,-0.013976
0.2165,0.080935,-0.0019303
0.33204,0.012987,-0.0075353
0.32195,0.05537,-0.0044984
0.33466,0.0081663,-0.0046409
0.37916,0.041266,-0.0050833
0.33541,0.011747,-0.0026876
0.30774,0.015676,-0.0045884
0.24679,0.01818,-0.0021027
0.14732,0.0084137,-0.0030625
0.10095,0.013973,-0.0020352
0.065052,0.0050621,-0.0017953
0.029154,0.008991,-0.0013866
0.0014823,0.0022128,-0.00067804
0.0085872,0.0027452,-0.00048683
0.023919,0.0032476,0.00015427
-0.008614,0.0053582,8.3039e-05
-0.00076128,0.0049534,0.0010728
0.055703,0.0072328,0.0021076
0.086366,0.0074352,0.0032173
0.1275,0.0085074,0.0042109
0.17275,0.0034125,0.0051782
0.18808,-0.0074559,0.0054518
0.2064,0.0029139,0.0061942
0.20715,-0.0019748,0.0070115
0.18434,0.0050058,0.0070977
0.15068,0.00017711,0.0081737
0.13311,-0.0070022,0.0076226
0.084871,0.0010094,0.0096847
0.014944,-0.0142,0.0086536
-0.0059964,0.01472,0.0095459
-0.03479,-0.023719,0.010146
-0.027685,0.014705,0.0087886
0.027284,-0.007977,0.012785
0.085618,-0.012719,0.0075139
0.098706,0.030544,0.01481
0.12563,-0.063481,0.0074876
0.12563,0.096568,0.014802
0.088984,-0.17246,0.0096322
0.075148,0.49969,0.017509
0.03065,1.9846,0.29443
0.1432,1.8809,0.68639
0.11965,1.7226,1.0125
0.12862,1.8441,1.3501
0.30811,1.7678,1.6564
0.19182,1.8762,1.9475
0.3111,1.8575,2.2244
0.46704,1.937,2.4825
0.38178,1.9686,2.7346
0.53098,1.9919,2.9698
0.63456,2.0422,3.1952
0.62147,2.0555,3.4038
0.69776,2.1124,3.6047
0.80021,2.1313,3.7964
0.79722,2.1422,3.9748
0.78974,2.1549,4.1404
0.7789,2.1634,4.2911
0.72019,2.1561,4.4293
0.69663,2.1411,4.5521
0.62708,2.1205,4.6571
0.61063,2.0865,4.7455
0.56538,2.0705,4.8202
0.58894,2.0663,4.8842
0.68168,2.0399,4.9375
0.67756,1.997,4.977
0.73066,1.9562,5.0015
0.67569,1.9156,5.0126
0.55828,1.8724,5.012
0.40272,1.8324,5.0013
0.16115,1.7933,4.9811
-0.02058,1.7394,4.9504
-0.24719,1.6951,4.91
-0.41247,1.6493,4.8626
-0.5082,1.5849,4.8089
-0.57999,1.5429,4.7475
-0.58822,1.4947,4.6772
-0.6114,1.4266,4.5981
-0.58597,1.3634,4.5101
-0.6129,1.3068,4.4156
-0.64767,1.244,4.3161
-0.66114,1.1697,4.2093
-0.71573,1.101,4.0948
-0.72134,1.0414,3.9745
-0.74153,0.97528,3.8508
-0.76173,0.90058,3.7214
-0.75425,0.8418,3.5877
-0.72097,0.76778,3.4517
-0.70676,0.68303,3.308
-0.73368,0.6261,3.1606
-0.71237,0.55801,3.0129
-0.68956,0.46821,2.8584
-0.67609,0.3986,2.7003
-0.61252,0.31196,2.5393
-0.51829,0.21097,2.3691
-0.43116,0.10915,2.1914
-0.30103,0.010543,2.0056
-0.15632,-0.074623,1.818
-0.048999,-0.19211,1.6235
0.074026,-0.26319,1.4273
0.15068,-0.40159,1.2292
0.17424,-0.48699,1.0225
0.18359,-0.59804,0.81973
0.11516,-0.72171,0.60179
0.057573,-0.7564,0.39736
0.053834,-1.0289,0.16938
0.060191,-0.58344,-0.021111
0.12002,0.013366,-0.033022
0.15629,-0.12386,-0.017062
0.23819,-0.068853,-0.02741
0.31671,-0.053951,-0.020151
0.28605,-0.076333,-0.025415
0.3384,-0.038168,-0.022633
0.34812,-0.070904,-0.024264
0.27633,-0.038869,-0.024673
0.27221,-0.05325,-0.023705
0.20304,-0.041163,-0.025617
0.12526,-0.040657,-0.024564
0.080757,-0.044965,-0.026127
0.031771,-0.038749,-0.025884
0.022423,-0.041351,-0.026176
-0.0018831,-0.036237,-0.026626
0.00073447,-0.036754,-0.026952
-0.021328,-0.02989,-0.027211
-0.033294,-0.035382,-0.027323
0.010457,-0.038344,-0.028557
0.028032,-0.033467,-0.029648
0.094593,-0.031435,-0.030476
0.15293,-0.031888,-0.031639
0.1705,-0.028188,-0.03252
0.19892,-0.027086,-0.032493
0.20042,-0.03091,-0.033554
0.2049,-0.02379,-0.033764
0.16714,-0.031809,-0.034409
0.12488,-0.020098,-0.03505
0.11105,-0.028225,-0.034645
0.047851,-0.023772,-0.036644
0.009709,-0.016465,-0.035028
-0.017962,-0.03416,-0.037491
-0.021328,-0.0034519,-0.035778
-0.013849,-0.048661,-0.037101
0.028406,0.0065954,-0.038248
0.077392,-0.041643,-0.035215
0.093097,-0.014474,-0.041668
0.14395,-0.0084644,-0.031957
0.10058,-0.074773,-0.046493
0.11179,0.13299,-0.024815
0.017188,-0.98248,-0.096207
0.023545,-1.9984,-0.44882
0.15592,-1.6923,-0.82319
-0.024693,-1.7867,-1.1491
0.2236,-1.8116,-1.4826
0.39,-1.8058,-1.7781
0.33391,-1.8905,-2.068
0.67981,-1.8761,-2.3358
0.5493,-1.9658,-2.5924
0.49209,-1.9815,-2.8389
0.68803,-2.0314,-3.0708
0.60053,-2.0466,-3.291
0.70299,-2.0818,-3.4951
0.77067,-2.1309,-3.6939
0.83836,-2.1446,-3.8813
0.83836,-2.1655,-4.0561
0.75235,-2.1678,-4.2172
0.78526,-2.1766,-4.3646
0.69215,-2.1653,-4.4981
0.65139,-2.148,-4.615
0.63119,-2.1267,-4.7165
0.58258,-2.0991,-4.8014
0.5766,-2.0868,-4.8723
0.62596,-2.0733,-4.9337
0.69589,-2.046,-4.9841
0.6914,-2.0057,-5.0203
0.72019,-1.9628,-5.0423
0.64727,-1.9197,-5.051
0.47638,-1.8786,-5.0478
0.30624,-1.8418,-5.0351
0.090854,-1.7943,-5.0127
-0.10958,-1.7426,-4.9796
-0.30589,-1.6975,-4.9376
-0.4192,-1.655,-4.8883
-0.50109,-1.6095,-4.8324
-0.58298,-1.5491,-4.7687
-0.58747,-1.4854,-4.6953
-0.60804,-1.4273,-4.6131
-0.61963,-1.3617,-4.5233
-0.63421,-1.3007,-4.4274
-0.64693,-1.2445,-4.3259
-0.66675,-1.1731,-4.218
-0.73443,-1.0975,-4.1026
-0.74078,-1.0363,-3.9809
-0.74602,-0.96808,-3.8552
-0.76247,-0.89995,-3.7237
-0.709,-0.84276,-3.5901
-0.68432,-0.75831,-3.4529
-0.70264,-0.67951,-3.3067
-0.7019,-0.63013,-3.1589
-0.66974,-0.54771,-3.0095
-0.67497,-0.45571,-2.852
-0.68095,-0.39402,-2.6922
-0.57775,-0.29719,-2.5276
-0.48239,-0.19473,-2.3544
-0.36423,-0.090197,-2.1731
-0.20306,-0.0012138,-1.9845
-0.1021,0.097993,-1.7947
0.031023,0.20644,-1.5965
0.15218,0.28651,-1.3995
0.1907,0.4271,-1.1954
0.21425,0.48845,-0.98988
0.20715,0.64585,-0.78205
0.13909,0.69686,-0.56428
0.099828,0.83308,-0.35936
0.092349,0.98604,-0.12184
0.098706,0.2851,0.013288
0.1533,-0.036271,-0.0074003
0.19705,0.11902,-0.0068079
0.28156,0.0089948,-0.0032725
0.31036,0.055441,-0.0070479
0.30288,0.024943,-0.0024139
0.35261,0.024321,-0.0060019
0.30998,0.03201,-0.0022564
0.27521,0.0078701,-0.0039661
0.24192,0.026833,-0.0028601
0.15031,0.0057781,-0.0022939
0.091601,0.015064,-0.0024364
0.040746,0.0056544,-0.0012929
0.021301,0.007244,-0.0016153
-1.3407e-05,0.0084137,-0.00058806
-0.002257,0.0039224,-0.00055807
0.020927,0.0043573,0.00019926
0.00073447,0.0047097,0.00032299
-0.0067443,0.0049459,0.00087786
0.018684,0.002689,0.0019951
0.070661,0.0091148,0.0029512
0.10095,0.00037956,0.0042146
0.1533,0.0012531,0.0051857
0.20977,0.0018979,0.0058643
0.19817,0.001493,0.0061417
0.20191,0.0028389,0.0072702
0.21537,-2.1583e-05,0.007214
0.18022,0.0069253,0.0081025
0.14134,-0.0047003,0.0083762
0.10693,0.0088898,0.0088898
0.042989,-0.011497,0.0099059
0.016066,0.0029476,0.0087624
-0.002631,0.0023628,0.011555
0.0029781,-0.015115,0.0087024
0.04112,0.025078,0.012305
0.080757,-0.039382,0.010165
0.12526,0.039272,0.011128
0.13685,-0.046461,0.013734
0.14283,0.032021,0.0070377
0.11179,-0.015992,0.021123
0.10469,-0.044995,-0.0056494
0.042989,1.4224,0.1322
0.075148,2.0863,0.51516
0.16452,1.6843,0.8655
0.085245,1.8253,1.1953
0.22061,1.776,1.5217
0.2509,1.821,1.8145
0.21687,1.8701,2.1025
0.43002,1.8734,2.3658
0.41506,1.9439,2.6223
0.46965,1.9598,2.8649
0.62334,2.015,3.0949
0.62185,2.0203,3.3109
0.6828,2.0727,3.5141
0.76955,2.1058,3.7118
0.82415,2.1179,3.8958
0.80807,2.1357,4.0675
0.78227,2.1346,4.225
0.73851,2.1373,4.3691
0.68654,2.1258,4.4996
0.63905,2.0964,4.6124
0.57922,2.0631,4.7076
0.5422,2.0476,4.7885
0.5336,2.0345,4.8581
0.59268,2.0174,4.9165
0.61661,1.9862,4.963
0.65587,1.9402,4.995
0.68766,1.8932,5.012
0.59604,1.8543,5.0172
0.43749,1.8146,5.012
0.24267,1.7717,4.9964
0.050842,1.726,4.9704
-0.16193,1.6724,4.9346
-0.35525,1.6319,4.8906
-0.47828,1.5829,4.8395
-0.56952,1.5253,4.7818
-0.61028,1.4771,4.7157
-0.61626,1.4196,4.6406
-0.60841,1.3509,4.5565
-0.61589,1.2918,4.4649
-0.63384,1.2394,4.3687
-0.64244,1.1672,4.2653
-0.68582,1.0993,4.1542
-0.73592,1.0363,4.0366
-0.74752,0.97168,3.9146
-0.75013,0.90373,3.7882
-0.75126,0.83311,3.6558
-0.70489,0.77419,3.5213
-0.67235,0.69485,3.3812
-0.67647,0.62242,3.2346
-0.65777,0.56621,3.0875
-0.64655,0.47702,2.9363
-0.63197,0.40506,2.7788
-0.58485,0.33495,2.6194
-0.51792,0.22721,2.4523
-0.45136,0.1356,2.2774
-0.35002,0.03342,2.0954
-0.20194,-0.047165,1.9079
-0.076671,-0.15746,1.7169
0.039624,-0.24612,1.5192
0.15106,-0.34397,1.3238
0.19406,-0.47678,1.1177
0.20341,-0.53499,0.91388
0.18546,-0.70389,0.70174
0.11591,-0.71629,0.48839
0.088236,-0.92829,0.27785
0.061312,-0.90299,0.045332
0.097211,-0.14686,-0.043032
0.16377,-0.032792,-0.015195
0.1705,-0.12574,-0.023859
0.28081,-0.02881,-0.021163
0.29353,-0.087685,-0.021167
0.28381,-0.036559,-0.023286
0.3556,-0.063601,-0.020717
0.28642,-0.050318,-0.024182
0.24716,-0.038625,-0.021805
0.20453,-0.051181,-0.023743
0.10581,-0.032983,-0.023405
0.059443,-0.046674,-0.023927
0.013074,-0.036758,-0.024624
0.015318,-0.038453,-0.024463
0.0011084,-0.036631,-0.025093
-0.014223,-0.035382,-0.025183
0.0074654,-0.03527,-0.025917
-0.02245,-0.034111,-0.025827
-0.002257,-0.035791,-0.026757
0.048599,-0.033721,-0.027665
0.074026,-0.034111,-0.028636
0.12862,-0.034119,-0.029858
0.17686,-0.032897,-0.030799
0.20453,-0.025897,-0.031234
0.22472,-0.03073,-0.03153
0.23033,-0.02388,-0.032426
0.22809,-0.025691,-0.032501
0.20266,-0.027802,-0.033697
0.17462,-0.017379,-0.033003
0.13348,-0.034479,-0.034436
0.069539,-0.013983,-0.034454
0.030276,-0.035086,-0.034522
0.029528,-0.011584,-0.036153
0.01831,-0.025762,-0.033543
0.034015,-0.027097,-0.038125
0.11441,0.0020066,-0.033397
0.10656,-0.060711,-0.038871
0.13647,0.040779,-0.034556
0.13535,-0.1017,-0.036689
0.10955,0.099631,-0.039958
0.1088,-0.28957,-0.028384
-0.0067443,-1.7451,-0.26195
0.13947,-1.8666,-0.66152
0.066174,-1.674,-0.99448
0.050094,-1.8419,-1.3303
0.41431,-1.7618,-1.6425
0.32307,-1.8601,-1.9334
0.5164,-1.8558,-2.2138
0.67046,-1.9117,-2.4727
0.44236,-1.9634,-2.7271
0.61998,-1.9833,-2.9643
0.61698,-2.0253,-3.1905
0.61848,-2.036,-3.401
0.75534,-2.0916,-3.6029
0.77703,-2.1103,-3.7963
0.83686,-2.1301,-3.9765
0.77105,-2.1378,-4.1447
0.75646,-2.1418,-4.2983
0.69663,-2.1424,-4.439
0.63232,-2.1231,-4.5637
0.62147,-2.1038,-4.6724
0.55005,-2.0739,-4.7652
0.52761,-2.0527,-4.8426
0.51826,-2.0415,-4.9088
0.57735,-2.0176,-4.9646
0.61661,-1.9802,-5.0072
0.63007,-1.9382,-5.0352
0.64054,-1.8958,-5.05
0.52761,-1.8556,-5.0527
0.3556,-1.8156,-5.0449
0.16003,-1.7711,-5.0274
-0.014971,-1.7208,-4.9993
-0.20942,-1.674,-4.9615
-0.37171,-1.6315,-4.916
-0.44762,-1.5851,-4.864
-0.55269,-1.5322,-4.8045
-0.56653,-1.4684,-4.7354
-0.59383,-1.4079,-4.6575
-0.60505,-1.3497,-4.5715
-0.59383,-1.2888,-4.4785
-0.70115,-1.2356,-4.3803
-0.68843,-1.1674,-4.276
-0.67983,-1.0914,-4.1641
-0.71984,-1.0311,-4.0452
-0.69367,-0.96351,-3.9217
-0.70526,-0.89129,-3.7929
-0.67235,-0.83623,-3.6604
-0.61439,-0.76578,-3.5254
-0.61963,-0.6797,-3.3823
-0.6114,-0.6185,-3.2343
-0.56765,-0.55358,-3.0864
-0.57289,-0.46522,-2.9321
-0.61215,-0.39777,-2.7723
-0.55419,-0.31361,-2.6106
-0.44089,-0.21142,-2.4402
-0.3646,-0.11717,-2.262
-0.22026,-0.018377,-2.0755
-0.089759,0.063547,-1.8868
-0.015719,0.18325,-1.6918
0.088984,0.25394,-1.4927
0.15966,0.38122,-1.2938
0.22061,0.47858,-1.085
0.24192,0.56754,-0.88147
0.20416,0.71588,-0.66305
0.1619,0.72787,-0.45516
0.13273,1.0042,-0.23144
0.13535,0.66913,-0.022288
0.15218,-0.017979,0.0089461
0.19107,0.079143,-0.013129
0.26287,0.065065,-0.00055807
0.29428,0.021621,-0.007404
0.25913,0.057451,-0.0030063
0.26062,0.0071953,-0.0044684
0.27034,0.041694,-0.0038086
0.23445,0.01003,-0.0023839
0.23407,0.023072,-0.0038198
0.1877,0.016234,-0.0013529
0.097958,0.009201,-0.0026688
0.083375,0.018217,-0.0011354
0.0658,0.007109,-0.0010005
0.037754,0.0074652,-0.00084675
0.021301,0.0057894,-0.00029938
0.035511,0.009321,7.1791e-05
0.04972,0.0021528,0.00066416
0.02691,0.0068579,0.00093035
0.033267,0.011642,0.0025687
0.063556,0.0027677,0.0034798
0.098706,0.007094,0.0042709
0.16527,0.0061568,0.0059542
0.22173,-0.0026984,0.0062579
0.22697,0.0060668,0.0070265
0.24492,0.00063824,0.0075176
0.23781,0.0077464,0.0078851
0.20042,-0.00046772,0.0089948
0.1877,-0.0017311,0.0082675
0.16639,0.0040011,0.010378
0.14246,-0.011385,0.0090585
0.081879,0.015008,0.010734
0.049346,-0.019738,0.010494
0.052338,0.020624,0.010093
0.059443,-0.01669,0.013059
0.095715,0.005197,0.0085224
0.10132,0.011597,0.016024
0.1361,-0.049715,0.006869
0.10506,0.089299,0.018117
0.11404,-0.18413,0.0051894
0.09048,0.72298,0.036975
0.047477,2.0678,0.35068
0.20416,1.8202,0.73688
0.14956,1.7605,1.0642
0.21762,1.8349,1.4057
0.3369,1.7747,1.71
0.20677,1.8788,2.0047
0.35859,1.8548,2.2818
0.41319,1.9354,2.5437
0.37991,1.9518,2.7967
0.5422,2.0044,3.0337
0.59305,2.0419,3.2641
0.62932,2.0464,3.4761
0.70673,2.0922,3.6778
0.78114,2.1118,3.8706
0.77815,2.145,4.0537
0.76918,2.1477,4.2246
0.76058,2.1505,4.3805
0.71496,2.1577,4.5245
0.69776,2.1432,4.6546
0.6196,2.1181,4.7686
0.60502,2.0876,4.8656
0.56538,2.0671,4.947
0.56127,2.0503,5.0164
0.63269,2.0272,5.075
0.63793,2.0012,5.1214
0.68168,1.9583,5.1542
0.62932,1.9074,5.1724
0.5134,1.8678,5.178
0.34625,1.8297,5.1727
0.12488,1.7884,5.1573
-0.027311,1.7385,5.1321
-0.21839,1.6864,5.0961
-0.36049,1.6449,5.0515
-0.4723,1.6009,5.0005
-0.56316,1.5491,4.9422
-0.57999,1.4931,4.8761
-0.63421,1.43,4.8012
-0.60654,1.3646,4.717
-0.61028,1.3045,4.6246
-0.64281,1.2508,4.5274
-0.66562,1.1834,4.4248
-0.76883,1.1081,4.3136
-0.76434,1.0446,4.1954
-0.82417,0.98636,4.0728
-0.84511,0.91866,3.9457
-0.71311,0.85075,3.8126
-0.64954,0.79489,3.6772
-0.61178,0.71738,3.5381
-0.63234,0.64013,3.3908
-0.60953,0.58361,3.2414
-0.57663,0.50716,3.0907
-0.57737,0.42305,2.9325
-0.49847,0.36058,2.7712
-0.44089,0.26938,2.6065
-0.39714,0.17034,2.4315
-0.30253,0.080593,2.2505
-0.20418,-0.019996,2.0619
-0.091628,-0.09723,1.8704
0.038876,-0.21171,1.6738
0.14657,-0.29066,1.4737
0.18883,-0.42263,1.272
0.14433,-0.51207,1.0607
0.10282,-0.60532,0.855
0.041494,-0.74752,0.63381
0.037006,-0.75859,0.42406
0.10432,-1.0341,0.19735
0.12264,-0.67955,-0.010145
0.20977,-0.0052627,-0.038218
0.24828,-0.10775,-0.017047
0.25651,-0.086751,-0.028913
0.32606,-0.046738,-0.02188
0.29203,-0.081304,-0.026401
0.29502,-0.035416,-0.02429
0.29278,-0.070387,-0.024928
0.19556,-0.038516,-0.026454
0.13647,-0.052287,-0.02486
0.040746,-0.046232,-0.027027
-0.01011,-0.039547,-0.02591
0.032893,-0.045508,-0.027181
0.038502,-0.036916,-0.027143
0.056825,-0.042397,-0.02747
0.082253,-0.037347,-0.028201
0.059069,-0.037673,-0.028392
0.047103,-0.033392,-0.028692
0.041868,-0.038396,-0.029397
0.062434,-0.037009,-0.03111
0.10506,-0.02992,-0.031672
0.11927,-0.038843,-0.032696
0.15928,-0.030629,-0.034094
0.2064,-0.03046,-0.034458
0.21986,-0.033182,-0.03532
0.22697,-0.022981,-0.035137
0.25539,-0.034183,-0.036276
0.25165,-0.021638,-0.0364
0.19219,-0.035888,-0.036546
0.14021,-0.023888,-0.038102
0.085245,-0.02436,-0.03643
0.039624,-0.031228,-0.039557
0.033641,-0.0081944,-0.037015
0.057199,-0.049718,-0.039771
0.10992,0.012328,-0.038762
0.11591,-0.057055,-0.038102
0.15218,0.011559,-0.042631
0.17985,-0.037118,-0.034113
0.11142,-0.040233,-0.049308
0.12713,0.077763,-0.022423
0.0078393,-1.2241,-0.1349
0.040372,-1.9981,-0.51357
0.11366,-1.6639,-0.87708
-0.038529,-1.8198,-1.2091
0.28194,-1.7865,-1.5415
0.35785,-1.8173,-1.8372
0.36121,-1.878,-2.1299
0.70897,-1.8758,-2.3982
0.47751,-1.958,-2.6585
0.49059,-1.9634,-2.9051
0.66074,-2.0308,-3.1403
0.53883,-2.0391,-3.3653
0.66672,-2.0618,-3.5723
0.70598,-2.1009,-3.7717
0.75684,-2.125,-3.961
0.73478,-2.1497,-4.1404
0.71047,-2.1492,-4.3066
0.75833,-2.1586,-4.4593
0.65662,-2.1521,-4.5996
0.66672,-2.1382,-4.7245
0.64092,-2.1212,-4.8341
0.59081,-2.0884,-4.9276
0.58632,-2.0664,-5.0054
0.62521,-2.0541,-5.0722
0.64204,-2.0288,-5.1284
0.62446,-1.9957,-5.1717
0.67943,-1.9523,-5.2013
0.59081,-1.9046,-5.2162
0.45507,-1.8641,-5.2185
0.29502,-1.8251,-5.2107
0.089732,-1.7832,-5.1937
-0.081906,-1.7337,-5.1667
-0.27374,-1.6836,-5.129
-0.35899,-1.6391,-5.0832
-0.45697,-1.5947,-5.0307
-0.55307,-1.5444,-4.9711
-0.58037,-1.4832,-4.9029
-0.63421,-1.4213,-4.825
-0.62524,-1.3594,-4.7388
-0.64767,-1.2966,-4.6456
-0.66076,-1.2406,-4.5461
-0.67123,-1.1809,-4.4417
-0.72732,-1.1083,-4.3302
-0.70825,-1.0371,-4.2106
-0.72919,-0.97635,-4.0862
-0.72209,-0.90895,-3.957
-0.68021,-0.84824,-3.8228
-0.67198,-0.78496,-3.6868
-0.62711,-0.70218,-3.5446
-0.61888,-0.63531,-3.3958
-0.58261,-0.57447,-3.2464
-0.55868,-0.49558,-3.0931
-0.534,-0.41884,-2.9325
-0.4379,-0.34905,-2.7701
-0.38367,-0.24634,-2.6015
-0.26327,-0.15223,-2.4222
-0.13874,-0.054461,-2.2373
-0.097611,0.035455,-2.0456
0.024293,0.12492,-1.8521
0.12264,0.23102,-1.6511
0.1548,0.30517,-1.4508
0.19668,0.45616,-1.2443
0.18583,0.51637,-1.0331
0.19443,0.65726,-0.82315
0.17462,0.73301,-0.59972
0.14134,0.81206,-0.39196
0.17013,1.0245,-0.1527
0.16527,0.38995,0.0084099
0.23407,-0.049467,-0.0030288
0.26548,0.12301,-0.0086563
0.27521,0.022038,-0.001919
0.33242,0.046222,-0.0075578
0.24978,0.033888,-0.0017541
0.26623,0.01752,-0.0056832
0.27034,0.03685,-0.0025639
0.17611,0.0057631,-0.0033662
0.15704,0.02819,-0.0028226
0.052338,0.0074652,-0.0017353
0.019805,0.01361,-0.0024289
0.038502,0.011878,-0.00064055
0.0127,0.0073152,-0.0012217
0.04972,0.0092835,-0.00047934
0.047851,0.0018792,8.3039e-05
0.057573,0.0075477,0.00060417
0.050842,0.0048259,0.00080288
0.038502,0.0037462,0.0013952
0.10581,0.00826,0.0028499
0.13647,0.0068579,0.0037347
0.16377,0.0062205,0.0048782
0.20864,0.0058906,0.0061829
0.24492,0.001538,0.0064341
0.25277,0.0011406,0.0072852
0.24305,-0.0045279,0.0077688
0.23706,0.0044322,0.0080688
0.2049,-0.0021098,0.0091298
0.18957,0.0013805,0.0084924
0.15255,0.0043198,0.010423
0.11292,-0.011167,0.0091935
0.092723,0.016512,0.010959
0.07627,-0.019831,0.010704
0.070661,0.020459,0.0099733
0.099454,-0.016191,0.01346
0.16714,-0.0013787,0.0086349
0.16751,0.016804,0.016088
0.172,-0.054,0.0074726
0.11441,0.08955,0.01767
0.074774,-0.18164,0.006809
0.029154,0.66026,0.03143
-0.043016,2.0375,0.33459
0.11179,1.8243,0.72245
0.065052,1.7286,1.049
0.11591,1.8105,1.3882
0.28642,1.7449,1.6922
0.13722,1.8457,1.9857
0.30475,1.8248,2.2621
0.42104,1.8983,2.5221
0.3556,1.9223,2.7748
0.52986,1.9675,3.0116
0.56015,1.9874,3.2394
0.56725,2.0007,3.4492
0.66784,2.0444,3.6516
0.72393,2.0524,3.8449
0.71346,2.085,4.0262
0.71084,2.076,4.1944
0.70187,2.0802,4.3477
0.65027,2.0857,4.4895
0.6282,2.0575,4.6152
0.56725,2.0297,4.7235
0.5336,2.0034,4.8154
0.48536,1.9857,4.8931
0.49396,1.9696,4.9601
0.56239,1.9429,5.0165
0.57847,1.9022,5.0594
0.63718,1.8592,5.0875
0.59118,1.8148,5.1022
0.46778,1.7716,5.1044
0.3399,1.7332,5.0962
0.11217,1.6862,5.0788
-0.071436,1.6351,5.0505
-0.23485,1.5943,5.0127
-0.39265,1.5516,4.9679
-0.45846,1.4998,4.9161
-0.51306,1.4533,4.8568
-0.5325,1.3986,4.7892
-0.5426,1.3317,4.7122
-0.53587,1.2716,4.6258
-0.53736,1.2205,4.5334
-0.577,1.1599,4.4359
-0.59345,1.0907,4.3304
-0.68881,1.0243,4.2174
-0.74939,0.96254,4.0987
-0.72022,0.90271,3.976
-0.72695,0.82963,3.8472
-0.68619,0.77606,3.7139
-0.6286,0.71133,3.5783
-0.59831,0.6202,3.4349
-0.58037,0.56955,3.2868
-0.56204,0.5037,3.1383
-0.51156,0.41461,2.9841
-0.49062,0.35685,2.8245
-0.445,0.2745,2.663
-0.37732,0.17224,2.4928
-0.30702,0.09229,2.3149
-0.16941,-0.012116,2.1298
-0.078914,-0.088813,1.9392
0.01831,-0.18821,1.7464
0.129,-0.28046,1.5465
0.16265,-0.38043,1.348
0.21313,-0.50523,1.1393
0.21537,-0.55803,0.93327
0.14807,-0.72756,0.71849
0.094967,-0.73899,0.50128
0.085245,-0.94027,0.28885
0.093471,-0.92552,0.052088
0.13273,-0.15915,-0.042459
0.19107,-0.026887,-0.014213
0.23071,-0.12983,-0.022359
0.30624,-0.027382,-0.020474
0.29689,-0.088412,-0.019881
0.26212,-0.039435,-0.022277
0.30362,-0.058154,-0.019728
0.22248,-0.048328,-0.023121
0.17312,-0.040128,-0.020774
0.15966,-0.051274,-0.022881
0.051964,-0.03323,-0.022408
0.035137,-0.046592,-0.022746
0.024293,-0.033954,-0.023537
0.024293,-0.035285,-0.023319
0.040746,-0.034033,-0.024208
0.034389,-0.032555,-0.024215
0.071783,-0.035375,-0.024943
0.063556,-0.036938,-0.025145
0.060565,-0.037171,-0.025989
0.094593,-0.033834,-0.027215
0.12862,-0.03103,-0.027994
0.1892,-0.030827,-0.029254
0.21799,-0.026838,-0.030424
0.23781,-0.024911,-0.030439
0.25352,-0.027296,-0.031417
0.23931,-0.02075,-0.031564
0.22884,-0.028023,-0.032239
0.18957,-0.015617,-0.032805
0.1533,-0.030688,-0.032715
0.11666,-0.020596,-0.034181
0.072531,-0.018455,-0.0327
0.04972,-0.036158,-0.035635
0.034763,-0.0039543,-0.033243
0.056451,-0.046119,-0.035478
0.11628,0.0060293,-0.035395
0.13273,-0.050562,-0.033761
0.15405,0.005242,-0.039137
0.15293,-0.024034,-0.030094
0.097584,-0.048399,-0.045057
0.12339,0.10288,-0.020035
-0.026937,-1.1429,-0.11719
0.0014823,-2.0042,-0.48609
0.12264,-1.6603,-0.85235
-0.063583,-1.7872,-1.1809
0.22398,-1.7738,-1.5134
0.3657,-1.7857,-1.8092
0.32606,-1.8488,-2.1006
0.64316,-1.8388,-2.3687
0.48536,-1.9216,-2.6282
0.46928,-1.928,-2.8753
0.62521,-1.9795,-3.1095
0.54519,-1.9835,-3.3319
0.67495,-2.0154,-3.538
0.71982,-2.0562,-3.739
0.75085,-2.0696,-3.9285
0.73365,-2.0868,-4.1062
0.69065,-2.0821,-4.2701
0.69289,-2.0868,-4.4207
0.60764,-2.0737,-4.5581
0.57473,-2.0529,-4.6788
0.51939,-2.029,-4.7838
0.50817,-1.9988,-4.8726
0.48424,-1.982,-4.9478
0.50742,-1.9663,-5.0126
0.57062,-1.9359,-5.0659
0.57697,-1.8993,-5.106
0.61661,-1.8526,-5.1315
0.53883,-1.8057,-5.143
0.41543,-1.7706,-5.1432
0.26473,-1.7294,-5.1339
0.066174,-1.6827,-5.1145
-0.099481,-1.6347,-5.0842
-0.28271,-1.5889,-5.0448
-0.36199,-1.5471,-4.998
-0.44313,-1.4999,-4.9444
-0.51717,-1.4436,-4.8831
-0.4981,-1.3826,-4.8122
-0.53063,-1.3227,-4.7321
-0.51193,-1.2631,-4.6443
-0.53661,-1.2063,-4.5501
-0.57214,-1.1492,-4.4502
-0.58822,-1.0846,-4.3436
-0.65553,-1.0133,-4.2295
-0.64281,-0.95257,-4.109
-0.65553,-0.8938,-3.9846
-0.65328,-0.82576,-3.8544
-0.5957,-0.76782,-3.7205
-0.56616,-0.69559,-3.5832
-0.55269,-0.61711,-3.4382
-0.54746,-0.56245,-3.2902
-0.50894,-0.49227,-3.1404
-0.48912,-0.40518,-2.9831
-0.47267,-0.34611,-2.822
-0.40648,-0.25979,-2.6578
-0.33469,-0.15776,-2.4827
-0.23036,-0.072756,-2.3015
-0.11257,0.025577,-2.1131
-0.024319,0.10548,-1.9208
0.096837,0.21783,-1.7233
0.18209,0.2887,-1.522
0.21164,0.41656,-1.3206
0.2337,0.51081,-1.1088
0.21463,0.59254,-0.90254
0.17836,0.7448,-0.68127
0.11441,0.74335,-0.46972
0.096463,1.014,-0.2448
0.13311,0.71043,-0.028137
0.15181,-0.004048,0.010832
0.20939,0.074288,-0.012822
0.2681,0.073302,-0.0004081
0.2939,0.013801,-0.0070816
0.28381,0.05567,-0.0028301
0.25501,0.0078851,-0.0040373
0.26885,0.041191,-0.0036024
0.20827,0.013051,-0.0015478
0.15517,0.021929,-0.0034524
0.13049,0.015788,-0.00094048
0.033641,0.0067041,-0.002204
0.035137,0.013651,-0.0008655
0.064678,0.0060143,-0.00060306
0.061312,0.012991,-0.00043435
0.06393,0.008065,0.00056668
0.054582,0.0066517,0.00086287
0.078888,0.0027114,0.0011778
0.070661,0.0052083,0.001444
0.0658,0.0077689,0.0026062
0.10581,0.0069028,0.0035473
0.13423,0.0065317,0.0045558
0.18284,0.0079113,0.0058905
0.22771,0.0014818,0.0065991
0.2423,0.00055576,0.0069103
0.25763,0.007349,0.0082375
0.2595,-0.0016786,0.0081437
0.22809,0.0050058,0.0090061
0.18957,-0.0045354,0.0094747
0.16452,0.0074314,0.0092123
0.1174,-0.00098508,0.011038
0.079261,-0.0016674,0.0093735
0.061312,0.0092722,0.012264
0.054582,-0.022362,0.01015
0.069539,0.027095,0.012035
0.11142,-0.033703,0.012358
0.13498,0.024748,0.010547
0.13348,-0.023247,0.016182
0.129,-0.0024135,0.006929
0.069913,0.040048,0.021974
0.067295,-0.14358,-0.0022002
-0.0048746,1.1271,0.086621
-1.3407e-05,2.0949,0.44749
0.12675,1.7035,0.81257
0.046729,1.7752,1.1396
0.17985,1.7635,1.4728
0.24305,1.7579,1.769
0.16527,1.8253,2.0606
0.37991,1.8085,2.3289
0.36645,1.8927,2.5881
0.36869,1.8969,2.8362
0.522,1.9398,3.0699
0.51453,1.9466,3.2912
0.5766,1.9804,3.498
0.67457,2.0206,3.6999
0.72842,2.022,3.8889
0.71645,2.034,4.0656
0.70636,2.0314,4.2282
0.67233,2.0362,4.3774
0.61511,2.0156,4.513
0.56576,1.9883,4.6302
0.48424,1.9623,4.732
0.4517,1.9302,4.8184
0.41543,1.9198,4.8921
0.45993,1.8959,4.9564
0.51789,1.8529,5.0074
0.55865,1.8183,5.0438
0.58819,1.7802,5.0671
0.50667,1.7356,5.0771
0.40347,1.6954,5.0759
0.22398,1.6558,5.0652
0.044859,1.6054,5.0439
-0.11444,1.557,5.0123
-0.29916,1.5201,4.9725
-0.39377,1.4769,4.9257
-0.45809,1.4251,4.8716
-0.50034,1.3715,4.809
-0.51343,1.3049,4.737
-0.52577,1.2447,4.6554
-0.5052,1.1962,4.5668
-0.50333,1.1327,4.4728
-0.534,1.0689,4.3713
-0.57962,1.0078,4.2623
-0.6387,0.94308,4.1468
-0.65216,0.88692,4.0264
-0.65104,0.82059,3.9011
-0.64169,0.76204,3.7701
-0.57812,0.70669,3.6373
-0.5325,0.62236,3.4987
-0.49623,0.55751,3.3522
-0.46968,0.50357,3.205
-0.44687,0.42567,3.0546
-0.41995,0.35221,2.8969
-0.42929,0.28746,2.7367
-0.37545,0.19042,2.571
-0.2943,0.10095,2.3953
-0.22737,0.0091035,2.2131
-0.11481,-0.078567,2.0235
-0.023198,-0.15785,1.8325
0.074774,-0.26817,1.634
0.1791,-0.33933,1.4348
0.20229,-0.47831,1.2314
0.21463,-0.54017,1.0219
0.20827,-0.66433,0.81434
0.11553,-0.75612,0.59208
0.076644,-0.81025,0.38547
0.081131,-1.0551,0.14939
0.094967,-0.48909,-0.025936
0.16153,0.026945,-0.023372
0.17237,-0.13688,-0.013414
0.22061,-0.053243,-0.021932
0.26698,-0.062761,-0.015157
0.23145,-0.061835,-0.020714
0.25651,-0.035787,-0.017069
0.23856,-0.0626,-0.019926
0.16975,-0.028938,-0.01951
0.15293,-0.052245,-0.019158
0.094967,-0.037399,-0.020665
0.033267,-0.038644,-0.019784
0.025788,-0.039116,-0.021433
0.034763,-0.033369,-0.020762
0.048599,-0.036308,-0.021501
0.050094,-0.033545,-0.022015
0.074774,-0.033208,-0.022153
0.090106,-0.029575,-0.022524
0.055703,-0.033365,-0.023098
0.081131,-0.032334,-0.024223
0.13834,-0.031243,-0.025194
0.14881,-0.03079,-0.026315
0.19443,-0.030377,-0.027256
0.22996,-0.024308,-0.027803
0.22921,-0.028908,-0.028388
0.25127,-0.027562,-0.029202
0.24679,-0.020904,-0.029074
0.21388,-0.026771,-0.030394
0.20304,-0.017462,-0.029937
0.16078,-0.029556,-0.031013
0.10843,-0.014834,-0.031657
0.082253,-0.031922,-0.030791
0.064304,-0.014811,-0.033176
0.066922,-0.015295,-0.030214
0.065052,-0.036946,-0.034702
0.12152,0.012508,-0.030788
0.11553,-0.060883,-0.034342
0.1189,0.038458,-0.033779
0.13049,-0.080513,-0.030469
0.068417,0.051632,-0.040775
0.054582,-0.10911,-0.017493
-0.072183,-1.5754,-0.2024
0.04112,-1.9335,-0.5997
0.067669,-1.6378,-0.9419
-0.033294,-1.81,-1.2759
0.32307,-1.7288,-1.5959
0.32643,-1.8031,-1.8883
0.41207,-1.8134,-2.1744
0.65625,-1.8386,-2.4366
0.41431,-1.9002,-2.6944
0.51789,-1.9081,-2.9363
0.58782,-1.951,-3.1669
0.53023,-1.9503,-3.3825
0.6828,-2.0014,-3.5874
0.69589,-2.023,-3.786
0.73739,-2.0326,-3.9712
0.69327,-2.0404,-4.1444
0.68766,-2.0359,-4.303
0.66934,-2.0352,-4.4488
0.56725,-2.0139,-4.5794
0.54182,-1.9889,-4.6935
0.47788,-1.959,-4.7908
0.46367,-1.9359,-4.873
0.45058,-1.9213,-4.9443
0.51303,-1.8978,-5.0048
0.55603,-1.8604,-5.0526
0.54855,-1.8165,-5.086
0.57361,-1.7748,-5.1055
0.46292,-1.7345,-5.1128
0.33017,-1.6942,-5.1097
0.14358,-1.6511,-5.0964
-0.031798,-1.6017,-5.0725
-0.16754,-1.5552,-5.0387
-0.34478,-1.5154,-4.997
-0.39227,-1.4723,-4.9485
-0.45846,-1.4217,-4.8924
-0.48838,-1.3621,-4.8273
-0.49174,-1.3014,-4.7526
-0.50932,-1.243,-4.669
-0.46183,-1.1881,-4.5787
-0.52801,-1.1356,-4.4828
-0.54035,-1.073,-4.3804
-0.57102,-1.0008,-4.27
-0.6458,-0.9379,-4.1521
-0.62337,-0.88351,-4.0303
-0.64506,-0.81472,-3.903
-0.60056,-0.75661,-3.7707
-0.52054,-0.69324,-3.6366
-0.49623,-0.61233,-3.4951
-0.47604,-0.55739,-3.3482
-0.44014,-0.49621,-3.2006
-0.41546,-0.41233,-3.0472
-0.44537,-0.34673,-2.8877
-0.39826,-0.27513,-2.726
-0.30739,-0.16954,-2.5558
-0.25317,-0.083684,-2.377
-0.14435,0.014708,-2.1914
-0.028433,0.095976,-1.9993
0.045607,0.18962,-1.805
0.1432,0.27884,-1.6035
0.22472,0.36628,-1.4034
0.23332,0.50427,-1.194
0.21911,0.55025,-0.986
0.17873,0.70907,-0.77243
0.1088,0.73182,-0.55202
0.099454,0.89733,-0.34175
0.11067,0.9697,-0.10065
0.10506,0.21079,0.016883
0.14694,-0.01438,-0.0086938
0.21051,0.11967,-0.0039623
0.25202,0.0029964,-0.0032125
0.26623,0.062819,-0.0052183
0.2595,0.01878,-0.0014691
0.25913,0.029371,-0.0046747
0.21874,0.027151,-0.00060306
0.1634,0.0055532,-0.0030663
0.1376,0.027024,-0.0011842
0.070661,0.0041736,-0.00097423
0.049346,0.016185,-0.0010305
0.048599,0.010551,0.00037172
0.054582,0.010697,-0.0002094
0.10132,0.0077389,0.00089286
0.10394,0.0044697,0.0012228
0.11292,0.0069816,0.001519
0.090854,0.0019466,0.0018451
0.072531,0.0086199,0.0028724
0.12376,0.0098646,0.0040946
0.13386,0.0051221,0.0049907
0.15517,0.0075177,0.0062879
0.22585,0.0023965,0.0073527
0.25389,0.0018379,0.0075476
0.25651,0.0062018,0.0085449
0.25688,-0.0023685,0.0087361
0.24267,0.005302,0.0094485
0.2165,-0.0094766,0.010022
0.18022,0.0040498,0.0098684
0.13049,0.0024603,0.011642
0.083001,-0.005019,0.0099921
0.04972,0.012676,0.012744
0.058695,-0.020161,0.010869
0.0658,0.026132,0.01247
0.087862,-0.029016,0.013265
0.12413,0.025318,0.010791
0.12376,-0.014392,0.017056
0.1432,-0.012408,0.0072702
0.09048,0.054283,0.022214
0.060565,-0.15663,-0.0004231
-0.008614,1.0531,0.076007
-0.013101,2.0979,0.43001
0.12675,1.7199,0.8004
0.036633,1.7646,1.1282
0.14246,1.763,1.4641
0.25015,1.7503,1.7626
0.14994,1.8164,2.0562
0.33541,1.7954,2.3273
0.36383,1.88,2.5881
0.35037,1.8797,2.838
0.49471,1.9303,3.0743
0.52013,1.9308,3.2993
0.57847,1.9549,3.508
0.64877,2.0031,3.7115
0.69364,2.0059,3.9034
0.69252,2.0204,4.0833
0.67906,2.0153,4.2496
0.65513,2.0225,4.4026
0.61212,2.0099,4.543
0.55454,1.9807,4.6658
0.50181,1.9552,4.7727
0.48611,1.9232,4.8632
0.41842,1.9069,4.9398
0.46629,1.8906,5.0078
0.52537,1.8547,5.0635
0.5321,1.8166,5.1043
0.58109,1.7692,5.1312
0.51116,1.7205,5.1447
0.40384,1.6833,5.1466
0.22921,1.6436,5.1383
0.057199,1.6016,5.1201
-0.074053,1.553,5.0916
-0.28084,1.5068,5.0538
-0.38031,1.4624,5.0083
-0.4551,1.4168,4.9563
-0.50446,1.3649,4.8966
-0.47791,1.3031,4.8274
-0.48651,1.2488,4.7492
-0.47903,1.1946,4.6628
-0.49436,1.1409,4.5703
-0.52091,1.0764,4.4714
-0.5669,1.0064,4.3651
-0.62711,0.9467,4.2514
-0.64506,0.88807,4.1316
-0.6286,0.82685,4.0077
-0.60018,0.76354,3.8774
-0.58261,0.7124,3.7441
-0.5239,0.63801,3.6073
-0.48389,0.56148,3.4618
-0.47753,0.51062,3.3141
-0.43976,0.43969,3.1647
-0.43042,0.36335,3.0088
-0.43154,0.30142,2.8486
-0.37769,0.22121,2.6851
-0.30926,0.12397,2.5122
-0.24158,0.040741,2.3316
-0.11556,-0.059181,2.1437
-0.0089879,-0.13111,1.9513
0.091975,-0.23239,1.7561
0.19593,-0.31454,1.5538
0.20677,-0.41316,1.3531
0.21051,-0.54103,1.1419
0.19107,-0.59416,0.93333
0.12077,-0.75328,0.71507
0.060565,-0.75372,0.49736
0.056825,-0.97064,0.28109
0.078514,-0.90326,0.044953
0.10058,-0.12579,-0.039744
0.17162,-0.039041,-0.011273
0.20864,-0.12555,-0.020654
0.23706,-0.028627,-0.017894
0.24716,-0.089852,-0.018262
0.21351,-0.036953,-0.019896
0.22921,-0.059777,-0.017628
0.18022,-0.043326,-0.020759
0.12974,-0.037564,-0.018562
0.083375,-0.04757,-0.020646
0.0044739,-0.031952,-0.02017
0.032145,-0.04432,-0.020897
0.040746,-0.030763,-0.021332
0.03925,-0.037129,-0.021167
0.060939,-0.036529,-0.022213
0.081505,-0.030887,-0.022127
0.092723,-0.028732,-0.022678
0.050468,-0.032949,-0.023181
0.071783,-0.036972,-0.02417
0.11067,-0.029376,-0.025209
0.13834,-0.030464,-0.026049
0.20304,-0.031704,-0.027398
0.23856,-0.024278,-0.028197
0.25875,-0.027569,-0.028519
0.26623,-0.025635,-0.029464
0.28007,-0.023183,-0.029288
0.26473,-0.028559,-0.030473
0.21537,-0.015209,-0.030364
0.17499,-0.029519,-0.031222
0.1103,-0.013353,-0.03183
0.060939,-0.028919,-0.030881
0.032145,-0.019895,-0.033611
0.033267,-0.011531,-0.030559
0.05346,-0.037572,-0.03466
0.10469,0.011098,-0.031309
0.11927,-0.062574,-0.034023
0.14919,0.033131,-0.034544
0.14769,-0.076265,-0.030398
0.072157,0.03514,-0.04214
0.069913,-0.064227,-0.016728
-0.067322,-1.5168,-0.1875
0.019431,-1.95,-0.5829
0.060191,-1.6362,-0.92923
-0.04713,-1.8065,-1.264
0.28829,-1.728,-1.5877
0.30213,-1.792,-1.8815
0.38626,-1.8079,-2.1703
0.6368,-1.8265,-2.4349
0.39487,-1.8887,-2.6945
0.46891,-1.8974,-2.939
0.5508,-1.9437,-3.1733
0.49284,-1.9348,-3.3924
0.62708,-1.9792,-3.5981
0.65064,-2.0053,-3.7983
0.69402,-2.0183,-3.9864
0.65139,-2.0271,-4.1629
0.66036,-2.0209,-4.3249
0.66298,-2.023,-4.4741
0.55379,-2.0053,-4.6095
0.51116,-1.9807,-4.7285
0.44871,-1.9501,-4.831
0.42964,-1.9229,-4.9175
0.42628,-1.9073,-4.9918
0.49359,-1.8876,-5.0561
0.52836,-1.8543,-5.1084
0.55528,-1.812,-5.1466
0.59754,-1.7651,-5.1702
0.48162,-1.7238,-5.1805
0.36345,-1.6864,-5.1801
0.17873,-1.6464,-5.1702
0.013448,-1.6012,-5.1499
-0.12117,-1.5498,-5.1189
-0.30365,-1.5059,-5.0792
-0.36086,-1.4645,-5.0322
-0.43902,-1.4165,-4.9778
-0.45734,-1.3617,-4.9153
-0.44163,-1.3032,-4.8437
-0.48314,-1.2412,-4.7625
-0.45285,-1.185,-4.6737
-0.48464,-1.1354,-4.5795
-0.51231,-1.0746,-4.4794
-0.53961,-1.0066,-4.3718
-0.59084,-0.94172,-4.2563
-0.58747,-0.88634,-4.1356
-0.59158,-0.82059,-4.0099
-0.55419,-0.76284,-3.8782
-0.50707,-0.70896,-3.7444
-0.47529,-0.62383,-3.6048
-0.45734,-0.55931,-3.4579
-0.44874,-0.50613,-3.3094
-0.42331,-0.43184,-3.1575
-0.43453,-0.35519,-2.9985
-0.39265,-0.2932,-2.8365
-0.31001,-0.20431,-2.6697
-0.26775,-0.10706,-2.4924
-0.14585,-0.019426,-2.3094
-0.036659,0.075397,-2.1179
0.029154,0.14697,-1.9239
0.16115,0.25899,-1.7247
0.23145,0.32388,-1.5215
0.26025,0.45058,-1.3172
0.24005,0.53852,-1.1038
0.17761,0.62564,-0.89534
0.13086,0.76474,-0.67098
0.065052,0.76572,-0.45913
0.073278,1.0402,-0.22913
0.096463,0.66121,-0.018659
0.1275,-0.026909,0.0093135
0.20715,0.090704,-0.011824
0.24791,0.062392,0.00028174
0.26511,0.024392,-0.0065305
0.23407,0.058725,-0.0016603
0.20752,0.0036712,-0.0036436
0.21874,0.042222,-0.0025826
0.16228,0.0097371,-0.0011542
0.13199,0.022967,-0.0025451
0.076644,0.017741,-0.00015316
0.014944,0.011402,-0.0013304
0.070287,0.017917,0.00010553
0.077392,0.0044097,-1.4439e-05
0.08674,0.010644,0.00036423
0.10207,0.0074577,0.001309
0.092723,0.006183,0.0015415
0.099828,0.0046534,0.0018976
0.070661,0.0038024,0.002295
0.098706,0.0026252,0.0030261
0.11366,0.0011144,0.0032173
0.13872,0.0038549,0.0037497
0.21949,0.0037199,0.0044096
0.24005,0.00055202,0.0044358
0.26062,-0.00042648,0.0042896
0.26212,-0.0021548,0.0045745
0.25613,-0.0015249,0.0045558
0.23781,-0.0020236,0.0044096
0.17013,-0.0042392,0.0045595
0.13423,-0.0014799,0.0046008
0.096089,-0.0024472,0.0047545
0.045233,-0.0019898,0.0047358
0.036633,-0.0035494,0.0046945
0.03925,-0.0067586,0.0047545
0.071035,-0.0042317,0.004672
