0.097211,-0.014853,-0.00049058
0.060565,-0.015303,-0.0004306
0.058321,-0.010444,-0.00044934
0.076644,-0.0025822,3.8049e-05
0.080383,-0.010669,0.00038297
0.085245,-0.0054651,0.00061917
0.064304,-0.012086,0.00091535
0.062434,-0.010703,0.0012153
0.082627,-0.0071897,0.0014102
0.082627,-0.023355,0.0011216
0.051216,0.00040206,0.0018526
0.0658,-0.0332,0.001519
0.093097,-0.0013937,0.0018339
0.079261,-0.025627,0.0018751
0.082627,-0.0095741,0.0018414
0.075148,0.0084174,0.0026175
0.08674,-0.05313,0.001204
0.089358,0.034642,0.0030074
0.077392,-0.086856,0.0011516
0.072905,0.082123,0.0033411
0.067295,-0.1047,0.0015152
0.069165,0.040025,0.0015265
0.073278,-0.021807,0.0040384
0.088984,-0.16268,-0.0044572
0.050468,3.0295,0.077065
0.09048,4.3837,0.23801
0.10992,3.1615,0.39387
0.1376,3.3297,0.55051
0.28343,3.013,0.6899
0.18022,2.9524,0.81879
0.17462,3.0198,0.93095
0.25913,2.7743,1.0221
0.13984,2.7054,1.1057
0.21351,2.4976,1.1769
0.18883,2.348,1.2442
0.062808,2.1747,1.3026
0.10506,2.1049,1.349
0.11778,2.0539,1.3846
0.17536,2.0023,1.41
0.16527,1.9504,1.4281
0.11591,1.8512,1.4367
0.12152,1.778,1.4357
0.038876,1.683,1.4246
0.0044739,1.5984,1.4048
0.031397,1.5207,1.3779
-0.016841,1.4298,1.3444
-0.027311,1.3447,1.3041
-0.0037528,1.2405,1.2543
-0.020954,1.1476,1.1986
0.0082132,1.056,1.1384
0.022423,0.95281,1.0722
0.034763,0.84776,1.0021
0.030276,0.7366,0.92701
-0.063583,0.61779,0.84686
-0.12229,0.50459,0.763
-0.15969,0.39834,0.67974
-0.15969,0.2494,0.58816
-0.12528,0.15969,0.49498
-0.11519,-0.0082844,0.39823
-0.061713,-0.14095,0.29112
-0.0048746,-0.29784,0.18445
0.019057,-0.52067,0.057205
0.058695,-0.19564,-0.011074
0.077766,0.024984,0.00237
0.057199,-0.074391,0.0016727
0.068417,-0.013735,0.00040172
0.077018,-0.035716,0.0024375
0.037006,-0.023198,0.0002405
0.054956,-0.014534,0.0022651
0.093471,-0.024154,0.0004617
0.083375,-0.0085543,0.0014365
0.15704,-0.022981,0.00082912
0.172,-0.012352,0.00080288
0.14096,-0.01618,0.00079538
0.20977,-0.018602,0.00026675
0.16115,-0.019539,0.00032673
0.14545,-0.014159,-0.00011942
0.215,-0.010219,0.00023301
0.17761,-0.0097653,-0.00018315
0.1462,-0.010436,-0.00039311
0.16377,-0.013068,-0.00044934
0.15143,-0.0086893,-0.00070054
0.13797,-0.0099115,-0.00095923
0.14994,-0.0064474,-0.0011392
0.12862,-0.021631,-0.0012179
0.11553,-0.023539,-0.0012292
0.094967,-0.0057088,-0.0012367
0.068791,-0.0097465,-0.0013716
0.051216,-0.0084044,-0.0011279
0.048225,-0.0097165,-0.0011542
0.071035,-0.011816,-0.0014654
0.036633,-0.0092666,-0.0012367
0.042242,-0.0086593,-0.0012629
0.064678,-0.0085543,-0.0014241
0.08674,-0.0090979,-0.0012067
0.085245,-0.0023422,-0.0012329
0.026162,-0.0039805,-0.0011354
0.047103,-0.010069,-0.0012367
-0.0089879,-0.0088393,-0.0011729
-0.045634,-0.0066161,-0.00089924
-0.0074922,-0.0040105,-0.0012217
-0.027685,-0.0025822,-0.0011279
-1.3407e-05,-0.0021848,-0.0011017
-0.02245,-0.0045316,-0.0011992
0.009709,-0.0094316,-0.001038
0.0658,-0.0072797,-0.0011429
0.054956,-0.0032382,-0.0011317
0.10992,-0.0048128,-0.0011429
0.11179,-0.0048241,-0.0012517
0.13161,-0.0057726,-0.0016603
0.14994,-0.008858,-0.002174
0.15405,-0.0090454,-0.0023427
0.18209,-0.0068898,-0.0029313
0.12937,-0.0031595,-0.0030775
0.13273,-0.0074709,-0.0033512
0.14844,-0.0027021,-0.0037449
0.12638,-0.0073059,-0.0037599
0.12413,-0.0062899,-0.0043935
0.092723,-0.0043929,-0.0034862
0.081505,-0.013308,-0.0047534
0.09048,0.0050396,-0.0038798
0.079635,-0.02063,-0.0043972
0.098706,0.0056844,-0.0049858
0.12077,-0.01399,-0.00325
0.10506,-0.0029533,-0.0059269
0.10656,0.0027227,-0.0021365
0.10544,-0.030891,-0.0070216
0.096089,0.045694,-0.0012704
0.068043,-0.087801,-0.0063093
0.063556,0.12601,-0.0027213
0.028406,-0.39546,-0.0072728
-0.0033789,-1.6855,-0.20523
0.092723,-1.7675,-0.4724
0.061686,-1.7587,-0.6724
0.090106,-1.9413,-0.87099
0.16901,-1.9398,-1.0373
0.17349,-2.0726,-1.1866
0.31297,-2.0607,-1.3166
0.26847,-2.1063,-1.4186
0.24342,-2.1248,-1.5079
0.28194,-2.1177,-1.5812
0.19481,-2.106,-1.6446
0.24305,-2.0633,-1.6917
0.21351,-2.0368,-1.7274
0.23482,-1.9811,-1.7517
0.26473,-1.9526,-1.7665
0.16788,-1.9033,-1.7745
0.16302,-1.8429,-1.771
0.070661,-1.7757,-1.758
0.020553,-1.6886,-1.7358
0.015692,-1.6046,-1.7064
-0.019084,-1.4813,-1.6719
-0.0015092,-1.3501,-1.6307
0.01457,-1.2405,-1.5824
0.011579,-1.1293,-1.5288
0.01644,-1.0258,-1.4697
0.075148,-0.92795,-1.4054
0.056451,-0.82747,-1.3357
0.068791,-0.73289,-1.2628
0.013822,-0.60844,-1.1853
-0.12379,-0.50411,-1.099
-0.138,-0.43509,-1.0139
-0.21989,-0.30882,-0.92261
-0.1982,-0.21801,-0.82457
-0.14735,-0.10418,-0.72451
-0.18212,-0.0063912,-0.61695
-0.12491,0.12826,-0.50488
-0.093498,0.26544,-0.37786
-0.030302,0.34736,-0.25664
-0.002631,0.60568,-0.11578
0.034015,0.34221,-0.0006218
0.10245,-0.056557,0.0022801
0.071783,0.041847,-0.0070666
0.084497,0.011147,-0.00076052
0.12376,0.00802,-0.0052408
0.1103,0.020009,-0.0020315
0.13049,-0.0090417,-0.004161
0.16527,0.014746,-0.0027551
0.15293,-0.0036469,-0.0027738
0.17088,0.0078701,-0.0033812
0.12862,0.0027189,-0.0023014
0.12451,-0.0019111,-0.0029238
0.15592,-0.0066386,-0.0021777
0.12862,-0.0019861,-0.0024327
0.215,0.0023928,-0.0017728
0.22734,-0.0034219,-0.0016453
0.21164,0.00025584,-0.0016641
0.23183,-0.00097383,-0.0011992
0.22323,-0.00017529,-0.0011017
0.2408,0.0011744,-0.0010305
0.20117,-0.0007189,-0.00079052
0.20864,-0.00065517,-0.00052058
0.17013,0.0030863,-0.00039685
0.093471,-0.017166,-0.00027313
0.096089,-0.016622,-0.00011567
0.038128,0.00091942,-0.00021315
-0.0067443,-0.0038868,-0.00037436
0.0040999,-0.0010038,4.3064e-06
-0.002257,-0.0047903,-0.00010817
-0.01871,-0.0048578,-0.00022439
-0.023198,-0.0021885,-3.1919e-06
-0.012353,-0.0065561,-0.00026188
-0.016093,-0.0057501,-0.00053557
-0.01011,-0.0030283,-0.00029563
0.0127,0.00092317,0.00059667
0.0127,-0.0035944,0.0011066
0.0085872,-0.0034294,0.0014552
0.020553,-0.0016487,0.0023963
0.0011084,-0.0026571,0.0025013
-0.018336,0.00030833,0.0031274
0.011579,-0.0094803,0.0034198
0.0074654,0.001613,0.003581
0.017562,-0.0026984,0.0046233
0.054208,-0.0015924,0.0039072
0.081879,0.0042748,0.0055831
0.10768,-0.014586,0.0043796
0.097211,0.014033,0.0058118
0.1432,-0.019756,0.0056506
0.17873,0.014075,0.0050319
0.20229,-0.015764,0.0078363
0.24043,-0.0019261,0.0033261
0.19256,0.017426,0.010142
0.20378,-0.051233,0.0017964
0.20939,0.089437,0.011552
0.16863,-0.17771,0.00085537
0.129,0.63827,0.024906
0.1619,2.0493,0.30833
0.27521,1.9105,0.66453
0.16602,1.861,0.96054
0.24305,2.0175,1.2638
0.43712,2.0302,1.5259
0.30998,2.2155,1.7758
0.39524,2.2503,2.011
0.48162,2.3381,2.2282
0.41992,2.3554,2.433
0.59268,2.3866,2.6185
0.58258,2.4115,2.7946
0.58782,2.3818,2.9523
0.69813,2.3479,3.0973
0.60203,2.2688,3.2264
0.56463,2.2248,3.3405
0.51116,2.1795,3.4433
0.62521,2.1456,3.5327
0.5781,2.1183,3.6108
0.42141,2.0605,3.6741
0.47713,2.0023,3.7224
0.29989,1.9297,3.7585
0.15405,1.851,3.7831
0.074026,1.7997,3.7987
0.062808,1.745,3.8052
0.052338,1.6801,3.8003
0.072157,1.6192,3.7867
-0.04713,1.5641,3.7659
-0.38405,1.5051,3.7368
-0.43453,1.4372,3.6982
-0.55681,1.3774,3.6496
-0.45622,1.3193,3.5919
-0.20157,1.2603,3.5265
-0.43303,1.1964,3.4551
-0.53961,1.1302,3.3769
-0.39788,1.0606,3.2901
-0.33992,0.99309,3.1957
-0.26962,0.9323,3.0973
-0.16716,0.85161,2.993
-0.17576,0.7871,2.8829
-0.31113,0.72155,2.7703
-0.45061,0.63204,2.6507
-0.57663,0.56453,2.5252
-0.57588,0.50052,2.3981
-0.45397,0.41012,2.2667
-0.40387,0.32353,2.128
-0.39751,0.25354,1.9875
-0.4106,0.13516,1.8396
-0.43266,0.039298,1.6823
-0.39639,-0.064737,1.5208
-0.25579,-0.1602,1.3512
-0.11107,-0.25898,1.1807
0.020553,-0.37794,1.0017
0.1791,-0.44399,0.82539
0.22697,-0.60567,0.6379
0.27221,-0.61715,0.44932
0.35224,-0.83558,0.26104
0.36009,-0.808,0.05136
0.41356,-0.10404,-0.02477
0.46965,-0.01429,0.00090036
0.33017,-0.1028,-0.007629
0.21911,-0.017335,-0.0049596
0.1447,-0.065685,-0.0051358
0.05159,-0.017886,-0.0068642
0.15181,-0.04303,-0.0051321
0.22435,-0.027937,-0.0078802
0.28007,-0.024341,-0.0058481
0.35822,-0.033733,-0.0080152
0.35336,-0.016468,-0.0071903
0.30362,-0.027637,-0.0075765
0.21014,-0.017023,-0.0080864
0.18509,-0.021458,-0.0080077
0.13947,-0.017694,-0.0089562
0.031771,-0.015303,-0.0086713
-0.07854,-0.017758,-0.0091774
-0.15408,-0.01627,-0.009661
-0.19558,-0.014901,-0.010178
-0.23036,-0.014493,-0.010336
-0.1466,-0.014781,-0.010831
-0.071436,-0.019438,-0.011412
-0.049373,-0.023595,-0.011251
-0.042268,-0.012663,-0.011468
-0.10846,-0.0096603,-0.011618
-0.15408,-0.013732,-0.011352
-0.14847,-0.015036,-0.011341
-0.081906,-0.014448,-0.011689
-0.017589,-0.011689,-0.012533
0.031397,-0.014553,-0.01317
0.10058,-0.010283,-0.013785
0.098706,-0.010331,-0.014644
0.075148,-0.02526,-0.014764
0.12413,-0.014763,-0.015566
0.15255,-0.0054239,-0.015532
0.14732,-0.018714,-0.016297
0.16527,-0.0016112,-0.016769
0.11965,-0.014815,-0.016631
0.09908,-0.0053227,-0.018082
0.13386,-0.0072647,-0.016694
0.14208,-0.020469,-0.019375
0.22472,0.0085974,-0.017216
0.28568,-0.032421,-0.019094
0.27969,0.022622,-0.018573
0.24417,-0.038097,-0.017283
0.16527,0.01581,-0.022033
0.084123,-0.015355,-0.01356
0.020179,-0.040593,-0.027608
0.020927,0.10914,-0.0039848
-0.064705,-1.1453,-0.096765
-0.050495,-2.0346,-0.44333
0.016814,-1.6433,-0.78662
-0.072931,-1.6777,-1.0938
0.17312,-1.6338,-1.4006
0.40234,-1.633,-1.6704
0.43525,-1.6969,-1.9373
0.64952,-1.6825,-2.1829
0.525,-1.7432,-2.4184
0.38514,-1.7267,-2.6381
0.50069,-1.7673,-2.8403
0.40122,-1.7747,-3.0303
0.43488,-1.7856,-3.202
0.51976,-1.7854,-3.3586
0.5579,-1.7676,-3.4949
0.51752,-1.7746,-3.6163
0.34064,-1.7638,-3.7247
0.35485,-1.7573,-3.8199
0.3283,-1.7326,-3.9008
0.31222,-1.6987,-3.9655
0.31821,-1.6665,-4.0153
0.26586,-1.6352,-4.0519
0.22547,-1.6088,-4.0774
0.25053,-1.5742,-4.092
0.24005,-1.533,-4.0954
0.12226,-1.493,-4.0876
0.25838,-1.4532,-4.0703
-0.022824,-1.4106,-4.0455
-0.34703,-1.3671,-4.0115
-0.040399,-1.3194,-3.9673
-0.1451,-1.263,-3.9133
-0.31375,-1.2143,-3.8505
-0.1911,-1.1665,-3.7808
-0.23522,-1.1013,-3.7033
-0.22438,-1.0385,-3.6172
-0.21952,-0.97702,-3.5242
-0.20493,-0.91868,-3.4253
-0.18212,-0.85746,-3.3212
-0.27149,-0.78767,-3.2101
-0.2255,-0.74245,-3.0952
-0.32609,-0.67032,-2.9774
-0.33357,-0.58803,-2.8506
-0.16791,-0.53713,-2.7206
-0.36572,-0.45898,-2.5887
-0.33207,-0.37778,-2.4501
-0.25055,-0.30056,-2.3059
-0.29767,-0.22529,-2.1581
-0.23559,-0.11098,-2.0033
-0.30477,-0.014253,-1.8368
-0.18137,0.070362,-1.6681
-0.094994,0.18291,-1.4913
-0.022824,0.25315,-1.3124
0.18396,0.38766,-1.1283
0.23632,0.44378,-0.94114
0.32083,0.58521,-0.75273
0.31709,0.65318,-0.55112
0.32344,0.73901,-0.36191
0.32531,0.94967,-0.14087
0.27707,0.34631,0.0048895
0.31634,-0.050888,-0.0074078
0.11591,0.10983,-0.011873
0.045233,0.011105,-0.0059269
0.12077,0.037049,-0.010958
0.037754,0.026075,-0.0059569
0.10207,0.016841,-0.0094211
0.24192,0.031534,-0.0061518
0.28268,0.0057706,-0.0072091
0.26062,0.023204,-0.0068642
0.25501,0.0048296,-0.0058331
0.21201,0.014408,-0.0062231
0.13161,0.006453,-0.0050308
0.1275,0.0080425,-0.0056982
0.082627,0.010224,-0.0044647
-0.048625,0.0016805,-0.004446
-0.11631,0.007169,-0.0040111
-0.1552,0.0045635,-0.00319
-0.20904,0.0023815,-0.0034674
-0.17502,0.002419,-0.0030213
-0.097611,0.0043198,-0.0021552
-0.051243,0.0041098,-0.0015853
-0.039651,0.0064829,-0.00068554
-0.031798,-0.0025372,0.00035673
-0.038155,-0.0031932,0.0009341
-0.041147,0.0035812,0.0014552
0.017562,0.0028502,0.0018189
0.045233,0.0022728,0.0030111
0.068417,-0.0053339,0.0027712
0.096089,0.0058606,0.0034573
0.090106,-0.0074671,0.0043421
0.079635,0.0023141,0.0040609
0.06393,-0.0027246,0.005868
0.091975,-0.0066461,0.0042259
0.069913,0.01127,0.006869
0.096089,-0.023903,0.0049495
0.13012,0.0232,0.0065578
0.063182,-0.029601,0.0072589
0.093471,0.021756,0.004837
0.1174,-0.024623,0.011034
0.16826,-0.013934,0.001519
0.21351,0.052123,0.016238
0.2322,-0.158,-0.0066767
0.2322,1.0696,0.071415
0.22323,2.1226,0.42396
0.29128,1.7287,0.78905
0.13797,1.7519,1.1131
0.2079,1.746,1.447
0.29914,1.7247,1.7429
0.11179,1.7934,2.0337
0.28156,1.774,2.3023
0.27109,1.8595,2.5613
0.22697,1.8547,2.8093
0.48536,1.894,3.0398
0.50181,1.9253,3.2598
0.52275,1.9613,3.4679
0.63419,2.0063,3.669
0.62035,2.0112,3.8545
0.60838,2.0277,4.025
0.5422,2.0464,4.1824
0.40347,2.0411,4.3259
0.44909,2.028,4.4533
0.36645,2.0231,4.564
0.33765,1.9992,4.659
0.3829,1.9841,4.7393
0.08861,1.9654,4.8082
0.3212,1.9395,4.8655
0.53808,1.9057,4.9101
0.41917,1.853,4.9405
0.44722,1.807,4.957
-0.16978,1.7506,4.9619
-0.58635,1.7025,4.9567
-0.34591,1.6642,4.9416
-0.0041267,1.6157,4.9159
0.22547,1.5716,4.8811
-0.04526,1.5225,4.8388
-0.24756,1.4701,4.7893
-0.32758,1.4115,4.7314
-0.27448,1.3491,4.6644
-0.2341,1.285,4.5885
-0.48464,1.2268,4.504
-0.63197,1.1762,4.4138
-0.72807,1.1096,4.3175
-0.60205,1.0399,4.2129
-0.44463,0.97847,4.1007
-0.19932,0.92489,3.984
0.15554,0.85805,3.8629
0.24267,0.78932,3.7348
0.1361,0.73934,3.6042
-0.1451,0.6602,3.4702
-0.36572,0.58333,3.3271
-0.53288,0.53746,3.182
-0.49399,0.46133,3.0362
-0.32534,0.37386,2.8825
-0.23111,0.31727,2.7249
-0.010858,0.21994,2.5642
0.172,0.11303,2.3931
0.19369,0.029554,2.2157
0.16452,-0.063339,2.0308
0.1892,-0.14177,1.8426
0.084497,-0.25019,1.6489
-0.010484,-0.32335,1.452
-0.049373,-0.4527,1.2527
-0.20792,-0.52884,1.0451
-0.17016,-0.62675,0.84283
0.027284,-0.75324,0.62471
0.25464,-0.76383,0.4185
0.46591,-1.0352,0.19189
0.5407,-0.63053,-0.0092486
0.49583,0.01674,-0.031009
0.26773,-0.10304,-0.011768
0.0044739,-0.070612,-0.023405
-0.15595,-0.045984,-0.016425
-0.27598,-0.068816,-0.02113
-0.27785,-0.024521,-0.018895
-0.12566,-0.058536,-0.020129
0.0059696,-0.026096,-0.021126
0.094967,-0.042205,-0.019773
0.19743,-0.030718,-0.021921
0.21949,-0.031993,-0.020822
0.27595,-0.036818,-0.022071
0.23519,-0.023179,-0.02206
0.038876,-0.028709,-0.022393
-0.13014,-0.027903,-0.022761
-0.30889,-0.028589,-0.023398
-0.30328,-0.02499,-0.023747
-0.16679,-0.032379,-0.023934
-0.01011,-0.026576,-0.025055
0.21575,-0.025777,-0.025423
0.32756,-0.029403,-0.02663
0.32195,-0.022602,-0.027833
0.26287,-0.027734,-0.028538
0.15181,-0.019299,-0.029097
0.066548,-0.022103,-0.029475
0.019431,-0.021001,-0.03039
-0.023198,-0.01621,-0.030116
-0.016467,-0.03106,-0.031444
0.058695,-0.013196,-0.031406
0.13797,-0.025938,-0.031991
0.19406,-0.010995,-0.032681
0.25688,-0.020937,-0.031916
0.31335,-0.017158,-0.034548
0.27259,-0.0058138,-0.031564
0.12937,-0.036631,-0.035898
-0.0089879,0.0084924,-0.032666
-0.17651,-0.05944,-0.034904
-0.23522,0.038301,-0.035542
-0.17053,-0.070042,-0.031294
-0.11556,0.032137,-0.04307
0.013448,-0.051293,-0.017722
0.011953,-1.5325,-0.18434
0.12413,-2.0021,-0.57533
0.14507,-1.6284,-0.91882
0.013822,-1.7657,-1.2511
0.304,-1.6809,-1.5744
0.28418,-1.7274,-1.867
0.20902,-1.7373,-2.1544
0.37093,-1.745,-2.4188
0.14881,-1.8029,-2.6793
0.17162,-1.792,-2.9228
0.31896,-1.838,-3.1525
0.36121,-1.8558,-3.3707
0.58931,-1.9018,-3.5793
0.59904,-1.9142,-3.7796
0.61362,-1.919,-3.9641
0.51752,-1.9305,-4.1362
0.304,-1.9252,-4.2934
0.35822,-1.9235,-4.436
0.21874,-1.9046,-4.5635
0.16527,-1.8829,-4.6734
0.38963,-1.8651,-4.7668
0.40982,-1.8553,-4.8471
0.4274,-1.8449,-4.9166
0.5665,-1.8206,-4.9742
0.60128,-1.7875,-5.0172
0.60502,-1.7515,-5.0458
0.52574,-1.7152,-5.061
0.36196,-1.6835,-5.0647
0.15629,-1.6494,-5.0583
-0.12117,-1.6072,-5.041
-0.25803,-1.5667,-5.0127
-0.31001,-1.528,-4.9754
-0.26663,-1.4909,-4.9299
-0.12192,-1.449,-4.8765
-0.062087,-1.4003,-4.8149
-0.07854,-1.3481,-4.744
-0.1451,-1.2879,-4.6639
-0.23672,-1.2366,-4.577
-0.29767,-1.1796,-4.4834
-0.32833,-1.1109,-4.3816
-0.33469,-1.0523,-4.2725
-0.31337,-0.99339,-4.1574
-0.32534,-0.93713,-4.0376
-0.26102,-0.86973,-3.9121
-0.18661,-0.80634,-3.7809
-0.1451,-0.75387,-3.6476
-0.034042,-0.6715,-3.5085
-0.061339,-0.60273,-3.363
-0.15557,-0.54867,-3.2166
-0.24868,-0.46573,-3.0663
-0.37993,-0.38675,-2.9088
-0.42369,-0.31981,-2.7487
-0.36984,-0.22506,-2.5829
-0.18362,-0.13424,-2.4068
0.017562,-0.031978,-2.2255
0.1432,0.059955,-2.0372
0.25314,0.15077,-1.846
0.25838,0.25414,-1.6472
0.21762,0.32125,-1.4488
0.18509,0.46893,-1.2442
0.12264,0.52222,-1.0349
0.078514,0.65713,-0.82788
-0.0045007,0.74039,-0.60655
-0.053861,0.80966,-0.40074
-0.022824,1.0273,-0.16356
0.03738,0.40568,0.001324
0.16975,-0.053827,-0.0077902
0.23669,0.11658,-0.014475
0.26137,0.018603,-0.0070966
0.26436,0.042927,-0.013024
0.12862,0.035613,-0.0070404
0.03738,0.013805,-0.01067
0.015318,0.034218,-0.007689
0.0127,0.0038999,-0.0085775
0.083749,0.020692,-0.0082514
0.14919,0.0046272,-0.0068417
0.15928,0.015218,-0.0076065
0.15554,0.0096434,-0.0060056
0.18097,0.0069366,-0.0063543
0.15442,0.0091223,-0.0056082
0.11329,0.0041698,-0.005252
0.068417,0.00823,-0.0047759
-0.014223,0.0046122,-0.0043485
-0.059096,0.010075,-0.0035761
-0.091628,0.0096509,-0.0020615
-0.029181,0.0067454,-0.0011767
0.0744,0.010569,2.3052e-05
0.15854,0.0049646,0.0012753
0.28381,0.002659,0.0011815
0.28941,0.0078476,0.0021826
0.215,-0.00076014,0.0026175
0.12376,0.006273,0.0032061
-0.0015092,-0.0077033,0.0038734
-0.060591,0.0036562,0.003746
-0.09462,0.0030564,0.0055418
-0.10135,-0.0039056,0.0039297
-0.079662,0.016125,0.0066891
-0.066948,-0.022954,0.0047807
-0.023572,0.023713,0.0063704
0.053086,-0.027562,0.0072702
0.085245,0.01722,0.0044396
0.081131,-0.013567,0.011057
0.083749,-0.01507,0.0013315
-0.0059964,0.052322,0.016111
-0.039277,-0.16132,-0.0061856
-0.074427,1.04,0.068074
-0.019084,2.1272,0.4209
0.18696,1.742,0.79288
0.11179,1.7529,1.1228
0.25277,1.7454,1.4618
0.38552,1.7102,1.7632
0.17424,1.7809,2.0598
0.29016,1.7544,2.3346
0.21276,1.8188,2.5995
0.10207,1.8226,2.8526
0.26137,1.8793,3.0927
0.20416,1.8888,3.3234
0.35598,1.9044,3.5356
0.48498,1.9455,3.741
0.55155,1.9654,3.9365
0.70935,1.9907,4.1213
0.62745,1.9883,4.2919
0.64204,1.9924,4.4484
0.60128,1.9843,4.5921
0.42254,1.9758,4.7199
0.33952,1.9685,4.8324
0.26735,1.9485,4.9282
0.22809,1.9361,5.0091
0.32008,1.9208,5.078
0.45544,1.9001,5.1344
0.51041,1.8834,5.1786
0.5837,1.8477,5.209
0.55229,1.8105,5.2239
0.4259,1.7823,5.2261
0.2681,1.749,5.2179
0.071035,1.7071,5.1992
-0.042642,1.663,5.1695
-0.17277,1.635,5.1306
-0.24083,1.5831,5.0829
-0.24233,1.5444,5.0276
-0.25055,1.5044,4.9654
-0.19558,1.4199,4.8936
-0.17988,1.3723,4.8125
-0.17389,1.3271,4.7236
-0.21278,1.2668,4.6278
-0.30253,1.2146,4.5265
-0.35899,1.1554,4.4179
-0.44425,1.0886,4.3016
-0.46781,1.0221,4.1793
-0.40798,0.96612,4.0537
-0.35488,0.89306,3.9226
-0.2872,0.82875,3.7862
-0.20531,0.76796,3.6485
-0.19222,0.68265,3.503
-0.23148,0.62176,3.3518
-0.24606,0.56592,3.2017
-0.29767,0.47288,3.0468
-0.37283,0.39703,2.8851
-0.38143,0.32773,2.7219
-0.36946,0.21483,2.5511
-0.35488,0.13019,2.3714
-0.25915,0.029854,2.1865
-0.13874,-0.061749,1.9948
-0.054234,-0.15351,1.8016
0.054582,-0.26262,1.6007
0.10357,-0.33697,1.4004
0.092349,-0.48054,1.1927
0.061312,-0.53809,0.98339
-0.033294,-0.68539,0.77283
-0.095368,-0.73924,0.55125
-0.077045,-0.85863,0.34357
-0.025441,-1.0231,0.10269
0.043737,-0.32983,-0.040925
0.15181,0.019275,-0.022472
0.22173,-0.14169,-0.021452
0.23519,-0.031506,-0.02555
0.2666,-0.072925,-0.021092
0.2337,-0.046678,-0.025925
0.22024,-0.044935,-0.022341
0.23108,-0.052485,-0.025764
0.17162,-0.026568,-0.023822
0.16975,-0.050524,-0.025179
0.14171,-0.027243,-0.025782
0.14395,-0.03831,-0.025239
0.23594,-0.031828,-0.026731
0.24604,-0.030681,-0.02615
0.23071,-0.036511,-0.027233
0.20603,-0.031165,-0.027365
0.1361,-0.027352,-0.027702
0.049346,-0.028713,-0.028189
0.0063435,-0.037332,-0.029232
0.0067175,-0.028439,-0.030634
-0.0052485,-0.026471,-0.031204
0.038876,-0.031157,-0.032475
0.074026,-0.024566,-0.03339
0.068791,-0.026328,-0.033554
0.085992,-0.024195,-0.0346
0.069165,-0.020682,-0.034653
0.045233,-0.025946,-0.035886
-0.0041267,-0.015764,-0.03562
-0.097985,-0.031356,-0.036366
-0.14136,-0.0148,-0.037367
-0.16342,-0.027865,-0.036239
-0.20194,-0.0191,-0.038811
-0.16941,-0.01363,-0.03586
-0.10995,-0.03996,-0.039988
-0.041521,0.015822,-0.037011
0.0067175,-0.062109,-0.039339
0.032893,0.03258,-0.040022
0.023545,-0.070987,-0.035617
-0.0033789,0.026147,-0.047625
0.023919,-0.056111,-0.021898
-0.062087,-1.5274,-0.1894
0.019805,-2.0014,-0.58416
0.055703,-1.6562,-0.93156
0.014196,-1.8116,-1.2685
0.36981,-1.7284,-1.5948
0.42478,-1.7875,-1.8898
0.42478,-1.8094,-2.1806
0.59492,-1.8223,-2.4478
0.36944,-1.8839,-2.7097
0.37467,-1.8908,-2.9548
0.49359,-1.9503,-3.1906
0.39711,-1.9482,-3.4134
0.50892,-1.9853,-3.6206
0.60577,-2.0182,-3.8213
0.66747,-2.0424,-4.0108
0.71383,-2.059,-4.1897
0.65849,-2.0589,-4.3537
0.68168,-2.0692,-4.5044
0.64428,-2.064,-4.6412
0.48498,-2.0584,-4.7621
0.4102,-2.039,-4.8671
0.37318,-2.0164,-4.9551
0.33765,-2.0098,-5.0299
0.42441,-1.9997,-5.094
0.47564,-1.9793,-5.1458
0.50443,-1.9498,-5.1842
0.54182,-1.9148,-5.2079
0.49695,-1.8803,-5.2181
0.38402,-1.8479,-5.217
0.21238,-1.8156,-5.205
0.1002,-1.778,-5.1827
-0.0037528,-1.7336,-5.1496
-0.12865,-1.6901,-5.1068
-0.19558,-1.6528,-5.0566
-0.22812,-1.6077,-4.9987
-0.22176,-1.5558,-4.9325
-0.20456,-1.5,-4.8581
-0.21727,-1.4368,-4.7745
-0.23559,-1.3847,-4.6832
-0.27261,-1.329,-4.5861
-0.35039,-1.2591,-4.4811
-0.40985,-1.1917,-4.369
-0.46781,-1.1253,-4.2509
-0.47678,-1.0679,-4.1275
-0.40461,-0.99947,-4.0008
-0.37582,-0.92436,-3.8676
-0.33319,-0.86753,-3.7307
-0.29019,-0.79207,-3.5917
-0.30552,-0.70706,-3.4451
-0.31412,-0.64681,-3.2947
-0.33618,-0.57759,-3.1435
-0.37881,-0.48709,-2.986
-0.41546,-0.41769,-2.8237
-0.40312,-0.32241,-2.6586
-0.37769,-0.22282,-2.483
-0.34965,-0.13575,-2.3012
-0.25317,-0.021755,-2.1135
-0.15782,0.058545,-1.9219
-0.089385,0.17526,-1.7248
-0.016841,0.24729,-1.5245
0.025788,0.37145,-1.3237
0.022797,0.48146,-1.1122
0.017562,0.562,-0.9071
0.010831,0.71775,-0.68769
-0.0078661,0.72028,-0.47716
0.031397,0.9961,-0.25428
0.08674,0.71908,-0.036734
0.16265,-0.0027096,0.0053544
0.26324,0.066096,-0.01888
0.29054,0.071884,-0.0063655
0.32456,0.016928,-0.012634
0.32382,0.06057,-0.0085963
0.27745,0.0075252,-0.0093986
0.28455,0.042683,-0.0093724
0.23856,0.011207,-0.0074603
0.2079,0.020823,-0.0091474
0.21276,0.017501,-0.006598
0.17312,0.0078438,-0.0077265
0.1907,0.016504,-0.0063543
0.21276,0.0056244,-0.0062531
0.20603,0.011439,-0.0060468
0.20304,0.0066104,-0.0052108
0.16938,0.010386,-0.0049296
0.11628,0.0042335,-0.0044684
0.048599,0.00050703,-0.0043485
0.0127,0.0078738,-0.0033774
-0.0037528,0.0094522,-0.0025039
-0.008614,0.0074127,-0.0012067
0.059069,0.0033938,-9.6921e-05
0.08674,0.0077389,0.00081413
0.043363,0.0015118,0.0010953
0.039624,0.0053245,0.0017852
0.00036053,0.002614,0.0027599
-0.072183,-0.0012438,0.002295
-0.11257,0.0069853,0.0038734
-0.18063,-0.0083481,0.0032773
-0.22363,0.0055644,0.0044996
-0.21877,-0.0074109,0.004837
-0.22475,0.01136,0.0043421
-0.19484,-0.0069235,0.0067303
-0.10995,-0.0014237,0.0038547
-0.05947,0.011645,0.0082037
-0.017589,-0.026321,0.0039409
0.013822,0.039958,0.0085374
0.032519,-0.066825,0.0060105
0.046729,0.071585,0.0055756
0.017936,-0.10108,0.012613
0.047851,0.17974,-0.0055932
0.040746,1.7339,0.20181
0.17649,2.0006,0.59656
0.25426,1.6719,0.93024
0.1806,1.8062,1.2642
0.43002,1.726,1.5809
0.39748,1.8043,1.8719
0.31746,1.8036,2.1542
0.47152,1.8371,2.4146
0.3399,1.8887,2.671
0.45956,1.8976,2.9101
0.56239,1.9443,3.1372
0.48311,1.9573,3.3506
0.63905,2.0067,3.5553
0.70486,2.0223,3.7511
0.76394,2.0321,3.9315
0.77553,2.0396,4.0991
0.67046,2.04,4.2525
0.61474,2.0369,4.3915
0.54257,2.0262,4.5145
0.40721,2.0138,4.6221
0.31858,1.9854,4.7122
0.30849,1.972,4.7879
0.29652,1.9635,4.8531
0.39075,1.9385,4.9061
0.43151,1.9081,4.9457
0.46105,1.8719,4.9705
0.51453,1.8352,4.9813
0.44983,1.7967,4.9808
0.34962,1.7594,4.9702
0.17237,1.728,4.9494
0.037754,1.6846,4.9183
-0.089011,1.6393,4.8777
-0.22849,1.6062,4.8289
-0.27037,1.5604,4.7736
-0.30103,1.5,4.7096
-0.29954,1.4451,4.6356
-0.29729,1.3851,4.5537
-0.3145,1.3275,4.4642
-0.34366,1.2725,4.3681
-0.39564,1.2059,4.2657
-0.42967,1.1361,4.1559
-0.47417,1.0665,4.0391
-0.48613,1.0071,3.9179
-0.44911,0.94021,3.7927
-0.43976,0.87417,3.6613
-0.41658,0.81284,3.5279
-0.35002,0.72956,3.3895
-0.29916,0.65325,3.243
-0.30739,0.59842,3.0964
-0.3762,0.51933,2.9476
-0.4091,0.43207,2.7909
-0.43528,0.36631,2.6321
-0.50371,0.26608,2.4681
-0.48576,0.16753,2.2953
-0.42481,0.064105,2.1152
-0.3732,-0.022208,1.9292
-0.27149,-0.12303,1.7409
-0.17988,-0.22507,1.5445
-0.089011,-0.30573,1.3498
-0.0078661,-0.44539,1.1466
0.053834,-0.50377,0.94356
0.082627,-0.66475,0.73627
0.026536,-0.70314,0.52164
0.029154,-0.86131,0.31725
0.052712,-0.96567,0.081455
0.072531,-0.24299,-0.039129
0.16415,0.0093135,-0.01524
0.20378,-0.1321,-0.018573
0.27334,-0.023052,-0.01993
0.33167,-0.075538,-0.017137
0.29428,-0.036961,-0.021133
0.31185,-0.04219,-0.017759
0.31335,-0.045846,-0.021388
0.29166,-0.029699,-0.019191
0.2666,-0.044815,-0.020815
0.22323,-0.023599,-0.02104
0.2236,-0.036829,-0.020759
0.21201,-0.02935,-0.021947
0.20079,-0.030055,-0.021531
0.18471,-0.027423,-0.022427
0.17873,-0.026463,-0.022513
0.16228,-0.027611,-0.023289
0.10132,-0.022118,-0.023424
0.08674,-0.028015,-0.023915
0.035885,-0.028267,-0.024793
-0.0067443,-0.030284,-0.025486
0.026162,-0.026752,-0.026903
0.023545,-0.022384,-0.02774
0.040372,-0.022066,-0.028482
0.054582,-0.019516,-0.028531
-0.0052485,-0.026448,-0.0294
-0.038903,-0.015719,-0.030116
-0.057226,-0.024,-0.030146
-0.12229,-0.026538,-0.031361
-0.17202,-0.019453,-0.030615
-0.21241,-0.023524,-0.032418
-0.22288,-0.0090454,-0.031387
-0.21989,-0.032619,-0.032797
-0.22213,0.0011031,-0.032936
-0.16305,-0.033305,-0.032122
-0.087515,-0.00602,-0.035692
-0.040399,-0.017128,-0.030746
-0.0059964,-0.037632,-0.037915
0.047851,0.03039,-0.029712
0.017936,-0.11255,-0.039362
0.051964,0.15524,-0.029678
0.05159,-0.61647,-0.049755
0.021675,-1.9778,-0.34649
0.20603,-1.8067,-0.73517
0.11927,-1.7162,-1.0593
0.258,-1.8151,-1.3951
0.56949,-1.7527,-1.6974
0.48798,-1.8564,-1.9872
0.69289,-1.8302,-2.2604
0.72094,-1.905,-2.5176
0.55005,-1.9311,-2.7688
0.69813,-1.9542,-3.0013
0.63979,-1.9878,-3.2224
0.61624,-2.0172,-3.4297
0.73739,-2.0685,-3.6315
0.74375,-2.0752,-3.8216
0.80732,-2.0929,-3.9969
0.77142,-2.0982,-4.1592
0.68168,-2.1053,-4.3064
0.67233,-2.0992,-4.4399
0.55454,-2.0765,-4.5569
0.42366,-2.058,-4.6567
0.39823,-2.0436,-4.7413
0.35411,-2.0328,-4.8137
0.38365,-2.0185,-4.8747
0.44423,-1.9929,-4.9231
0.46442,-1.9542,-4.9575
0.51415,-1.9183,-4.9774
0.51453,-1.8841,-4.985
0.45806,-1.8491,-4.9821
0.29241,-1.8085,-4.969
0.12226,-1.761,-4.9448
-0.030302,-1.7205,-4.9101
-0.20643,-1.6774,-4.8673
-0.32048,-1.6306,-4.8168
-0.40873,-1.5825,-4.7585
-0.43004,-1.5253,-4.6921
-0.42032,-1.4673,-4.6165
-0.41733,-1.4046,-4.5323
-0.41733,-1.3439,-4.4406
-0.4349,-1.2873,-4.3433
-0.45173,-1.222,-4.24
-0.46519,-1.149,-4.1292
-0.48165,-1.0812,-4.0108
-0.50595,-1.0209,-3.8885
-0.48539,-0.94635,-3.7614
-0.46744,-0.88405,-3.6289
-0.44724,-0.82213,-3.4955
-0.40274,-0.73024,-3.3558
-0.39564,-0.66401,-3.2089
-0.38667,-0.60614,-3.0626
-0.39863,-0.51195,-2.9112
-0.44089,-0.4371,-2.753
-0.46893,-0.35514,-2.5929
-0.46781,-0.2521,-2.425
-0.42256,-0.15795,-2.25
-0.37844,-0.050922,-2.0674
-0.30403,0.031474,-1.881
-0.19932,0.14384,-1.6891
-0.095742,0.22203,-1.493
0.015318,0.34882,-1.2965
0.083001,0.45526,-1.09
0.14096,0.53768,-0.88953
0.14732,0.68854,-0.67432
0.085245,0.69864,-0.46799
0.098332,0.97442,-0.24971
0.10955,0.70341,-0.035703
0.10058,-0.0066911,0.0059355
0.15629,0.060544,-0.018055
0.19294,0.072949,-0.0059531
0.25576,0.0079526,-0.012293
0.28605,0.046995,-0.0082251
0.28231,0.0069966,-0.0089
0.31671,0.038185,-0.0090424
0.30138,0.0074877,-0.0070404
0.31484,0.018603,-0.0086863
0.29615,0.013404,-0.0063805
0.24529,0.0068916,-0.0073103
0.24043,0.015694,-0.0059944
0.20528,0.0074427,-0.0058894
0.18097,0.0099283,-0.0056419
0.17761,0.00351,-0.0050158
0.14358,0.0098271,-0.0047196
0.096089,0.0048746,-0.0041423
0.057199,0.0065579,-0.0039061
0.01644,0.0089835,-0.0026276
0.0029781,0.0010844,-0.0015329
0.019057,0.0071953,-0.00060306
0.044859,0.011045,0.00075039
0.063556,0.00095691,0.0014627
0.055703,0.0044172,0.0017289
0.035137,0.0051071,0.0029024
0.0029781,0.0011406,0.0027449
-0.0067443,0.0074464,0.0036335
-0.028059,-0.0067023,0.0036185
-0.075549,0.009006,0.0045633
-0.1193,-0.0065449,0.0053956
-0.16716,0.0042185,0.0041434
-0.18436,-0.00044147,0.0071615
-0.1967,-0.010073,0.0041396
-0.1982,0.021382,0.0078926
-0.138,-0.032319,0.0052569
-0.10322,0.043613,0.007169
-0.060965,-0.05436,0.0085824
-0.015345,0.046822,0.0035023
-0.014597,-0.03906,0.016152
0.06393,0.007124,-0.0099947
0.047477,1.5287,0.14797
0.15068,2.0909,0.53845
0.30549,1.7012,0.88576
0.21799,1.8447,1.2199
0.42067,1.783,1.5464
0.46853,1.8446,1.8405
0.35897,1.8754,2.1291
0.5594,1.8906,2.3936
0.49284,1.9647,2.6528
0.54556,1.9717,2.8958
0.68915,2.0395,3.1291
0.59081,2.0435,3.3498
0.70075,2.0775,3.5548
0.74375,2.1163,3.7528
0.79423,2.1339,3.9395
0.84546,2.1575,4.1153
0.74412,2.1644,4.2765
0.81742,2.1749,4.4244
0.7774,2.1636,4.5589
0.63082,2.1615,4.6773
0.61736,2.1524,4.7807
0.56127,2.0908,4.8681
0.53696,2.0908,4.9401
0.62372,2.1025,5.0012
0.62858,2.0593,5.0511
0.6196,2.0402,5.0871
0.64727,2.0037,5.11
0.5594,1.9537,5.1187
0.42067,1.9153,5.1147
0.2494,1.8762,5.1011
0.06393,1.8371,5.0777
-0.11182,1.7904,5.0442
-0.3029,1.7455,5.0015
-0.41658,1.6995,4.9507
-0.48763,1.6567,4.8931
-0.52988,1.6036,4.8283
-0.51493,1.5345,4.7534
-0.5168,1.471,4.6698
-0.52951,1.4072,4.5793
-0.54409,1.3504,4.4822
-0.57064,1.2902,4.379
-0.60991,1.2161,4.2683
-0.63833,1.146,4.1507
-0.63421,1.0845,4.0276
-0.60729,1.0142,3.9011
-0.59831,0.93974,3.7695
-0.5942,0.88383,3.6339
-0.56092,0.80507,3.4962
-0.5512,0.71608,3.3502
-0.55269,0.66181,3.2006
-0.5426,0.59067,3.0516
-0.54746,0.49372,2.8957
-0.57476,0.42615,2.7356
-0.53063,0.33585,2.5731
-0.445,0.23158,2.4011
-0.41247,0.13227,2.2221
-0.29729,0.02882,2.0358
-0.16829,-0.048166,1.8479
-0.094246,-0.17591,1.6532
0.00073447,-0.24794,1.4549
0.054956,-0.37463,1.2562
0.083375,-0.47855,1.0479
0.094593,-0.56954,0.84507
0.072157,-0.71104,0.62738
0.058321,-0.73076,0.42115
0.06393,-1.0123,0.19692
0.082253,-0.6598,-0.0084838
0.15966,0.0075289,-0.035733
0.24192,-0.098332,-0.015075
0.26623,-0.075002,-0.0269
0.3212,-0.039724,-0.019784
0.31522,-0.072745,-0.024564
0.28007,-0.025938,-0.022577
0.32494,-0.060463,-0.023256
0.31596,-0.027521,-0.024673
0.29914,-0.042007,-0.023106
0.26511,-0.036481,-0.025351
0.21687,-0.036957,-0.024403
0.18995,-0.041947,-0.025779
0.12301,-0.029376,-0.025614
0.11927,-0.033575,-0.025951
0.10357,-0.027581,-0.026469
0.041494,-0.032061,-0.026765
0.010083,-0.026156,-0.027252
-0.032546,-0.028038,-0.02729
-0.03479,-0.034164,-0.028786
-0.0037528,-0.026827,-0.029873
0.022797,-0.031101,-0.03063
0.07627,-0.03485,-0.03222
0.10768,-0.022684,-0.032722
0.090106,-0.025185,-0.033108
0.0744,-0.021935,-0.033922
0.038128,-0.025942,-0.034046
-0.017215,-0.024593,-0.0352
-0.04339,-0.017841,-0.034391
-0.08415,-0.028165,-0.035991
-0.12341,-0.0074634,-0.035609
-0.15258,-0.03476,-0.036171
-0.17689,-0.0058213,-0.037247
-0.14809,-0.028285,-0.035155
-0.09462,-0.018403,-0.039549
-0.027685,-0.0017161,-0.034518
0.010083,-0.05499,-0.041
0.045981,0.043249,-0.035043
0.018684,-0.10905,-0.039984
0.038502,0.12643,-0.039261
0.05346,-0.39547,-0.035909
-0.0037528,-1.8697,-0.29291
0.18696,-1.8855,-0.69172
0.14358,-1.7181,-1.0231
0.18509,-1.8677,-1.3631
0.55005,-1.789,-1.6736
0.50443,-1.8989,-1.9657
0.63045,-1.8863,-2.2464
0.74861,-1.9484,-2.507
0.56089,-1.9888,-2.7615
0.67981,-2.0251,-2.9983
0.69476,-2.0787,-3.2289
0.66335,-2.0776,-3.4421
0.77628,-2.1307,-3.6428
0.80956,-2.1608,-3.8367
0.88472,-2.1906,-4.0197
0.85892,-2.2006,-4.1911
0.82863,-2.2079,-4.347
0.82078,-2.2161,-4.4907
0.70336,-2.2067,-4.6195
0.64279,-2.1992,-4.7327
0.63194,-2.173,-4.8302
0.57548,-2.1509,-4.911
0.61287,-2.1433,-4.9801
0.67158,-2.1255,-5.0385
0.657,-2.0993,-5.0846
0.70149,-2.0624,-5.1172
0.65475,-2.0182,-5.135
0.54332,-1.9802,-5.1402
0.40683,-1.942,-5.1344
0.18209,-1.9011,-5.1186
-0.022076,-1.8554,-5.0925
-0.21428,-1.8074,-5.056
-0.38442,-1.7625,-5.011
-0.47641,-1.7142,-4.9584
-0.53026,-1.666,-4.8984
-0.57737,-1.6104,-4.8306
-0.58934,-1.5447,-4.7538
-0.59532,-1.4786,-4.6682
-0.60542,-1.4169,-4.5746
-0.61327,-1.358,-4.4752
-0.62038,-1.2924,-4.3707
-0.61739,-1.2202,-4.2594
-0.63234,-1.1452,-4.1404
-0.61365,-1.0824,-4.0165
-0.59944,-1.0116,-3.8882
-0.61327,-0.94004,-3.7541
-0.57064,-0.88847,-3.6191
-0.58336,-0.79968,-3.4801
-0.60841,-0.71702,-3.3323
-0.58822,-0.66712,-3.1833
-0.60168,-0.57644,-3.0328
-0.59869,-0.48591,-2.8746
-0.57102,-0.41575,-2.7129
-0.49548,-0.31342,-2.5465
-0.40873,-0.21794,-2.3715
-0.28196,-0.10917,-2.1896
-0.14697,-0.021758,-2.0011
-0.081158,0.076717,-1.8111
0.027658,0.1893,-1.6134
0.10245,0.26115,-1.4166
0.1346,0.4112,-1.2123
0.16415,0.47475,-1.0059
0.15741,0.62866,-0.7988
0.10955,0.6954,-0.5799
0.07814,0.81009,-0.37554
0.13124,0.99386,-0.13852
0.1346,0.31845,0.0068053
0.18509,-0.048061,-0.010467
0.27109,0.12007,-0.012229
0.27745,0.0098346,-0.007389
0.30774,0.049274,-0.011899
0.31073,0.023312,-0.0066917
0.33279,0.014176,-0.010336
0.34326,0.034342,-0.0066392
0.32045,0.0056732,-0.0081651
0.31372,0.025288,-0.0072803
0.24641,0.0067379,-0.006523
0.20229,0.014442,-0.0069841
0.16901,0.01006,-0.0054695
0.12301,0.010348,-0.0057544
0.084123,0.010224,-0.0048396
0.047851,0.0069291,-0.0047271
0.019057,0.0092235,-0.0039173
-0.038903,0.0015642,-0.0037449
-0.053487,0.013329,-0.0031975
-0.03479,0.0020779,-0.0015853
0.0018563,-0.01125,-0.00068929
0.0744,0.0096471,0.00031549
0.13909,0.0083725,0.0016015
0.16639,-0.0025934,0.0017777
0.13834,0.0045972,0.0025987
0.10768,0.00086318,0.0031761
0.039998,0.004571,0.0035173
-0.019458,-0.0050003,0.0044283
-0.013849,0.0046047,0.0038847
-0.08041,0.0035775,0.005868
-0.12528,-0.01041,0.0044583
-0.14286,0.018915,0.0065241
-0.15819,-0.020982,0.0058942
-0.10322,0.020883,0.0059617
-0.06994,-0.019119,0.0085786
-0.0030049,0.0065692,0.0041734
0.034015,0.0093997,0.011664
0.052712,-0.039154,0.0022613
0.067295,0.085808,0.014487
0.072905,-0.18237,-0.0006518
0.070287,0.78278,0.038673
0.099454,2.092,0.35996
0.27371,1.8196,0.7425
0.20416,1.7751,1.0691
0.2666,1.8474,1.4082
0.48349,1.7967,1.7101
0.34214,1.9031,2.0026
0.45432,1.8833,2.2764
0.52874,1.9574,2.5366
0.46442,1.9853,2.787
0.68093,2.0353,3.0221
0.67719,2.0636,3.2492
0.6899,2.0835,3.458
0.80508,2.1338,3.6585
0.83611,2.156,3.8495
0.91202,2.1831,4.0296
0.86341,2.1879,4.1963
0.83686,2.1966,4.3487
0.82003,2.197,4.4884
0.70411,2.1805,4.6125
0.62745,2.1627,4.7218
0.59455,2.1437,4.8144
0.53659,2.1268,4.8918
0.58146,2.1148,4.9577
0.63493,2.0914,5.0119
0.60203,2.0686,5.0543
0.65363,2.0227,5.0831
0.6211,1.9557,5.0967
0.50032,1.9307,5.0979
0.31559,1.8987,5.0886
0.10394,1.8491,5.0692
-0.065827,1.8078,5.04
-0.28982,1.7567,5.0009
-0.4551,1.7015,4.9531
-0.54895,1.6577,4.8987
-0.60243,1.6145,4.8369
-0.62486,1.5525,4.7659
-0.6488,1.4891,4.6865
-0.65366,1.4256,4.5992
-0.65665,1.3644,4.5045
-0.64169,1.2984,4.4045
-0.63346,1.2298,4.2978
-0.67572,1.1584,4.1834
-0.69404,1.0845,4.0627
-0.65553,1.0278,3.9387
-0.63795,0.95681,3.8101
-0.61103,0.88839,3.6756
-0.55681,0.82407,3.5397
-0.55531,0.73707,3.3976
-0.58336,0.66903,3.2489
-0.5942,0.60879,3.1006
-0.59682,0.52198,2.9483
-0.60168,0.44337,2.7893
-0.56316,0.36719,2.6286
-0.49286,0.26163,2.4605
-0.43528,0.16195,2.2839
-0.30702,0.05964,2.1004
-0.16567,-0.021016,1.9128
-0.065079,-0.13708,1.7216
0.068417,-0.22396,1.5232
0.15854,-0.31632,1.328
0.18808,-0.45405,1.1223
0.18359,-0.51272,0.91864
0.129,-0.68515,0.70755
0.081131,-0.70283,0.49414
0.082627,-0.91002,0.28462
0.088236,-0.90673,0.050824
0.11179,-0.14954,-0.042672
0.19032,-0.02036,-0.014981
0.2408,-0.12361,-0.023094
0.26361,-0.020727,-0.021205
0.28904,-0.079309,-0.020871
0.29764,-0.030921,-0.023387
0.31596,-0.054112,-0.020762
0.32456,-0.044297,-0.024234
0.30175,-0.033058,-0.021752
0.27334,-0.04459,-0.023702
0.2165,-0.026351,-0.023458
0.17237,-0.038228,-0.0239
0.15255,-0.029076,-0.024736
0.10245,-0.035817,-0.024422
0.062434,-0.032537,-0.025284
0.031397,-0.027967,-0.025453
-0.017215,-0.029598,-0.026045
-0.043764,-0.028229,-0.02618
-0.061339,-0.032421,-0.027113
-0.028433,-0.028638,-0.028384
0.039624,-0.026017,-0.029254
0.074774,-0.030643,-0.030476
0.13984,-0.024788,-0.03141
0.16751,-0.022609,-0.031582
0.15068,-0.024896,-0.032602
0.14134,-0.02376,-0.032625
0.077766,-0.029789,-0.033536
0.041868,-0.013604,-0.033704
0.0085872,-0.028353,-0.033948
-0.062835,-0.015779,-0.035339
-0.097985,-0.018665,-0.033907
-0.14622,-0.028746,-0.036756
-0.14884,-0.010897,-0.034106
-0.10098,-0.043263,-0.037326
-0.046756,0.012643,-0.035973
0.0070914,-0.059072,-0.035729
0.045981,0.019653,-0.039594
0.067669,-0.040897,-0.03189
0.071409,-0.021267,-0.046538
0.091975,0.062025,-0.019638
0.0059696,-1.3058,-0.1417
0.12264,-2.051,-0.52169
0.21164,-1.6957,-0.88027
0.08674,-1.8432,-1.2117
0.41581,-1.8076,-1.5412
0.52537,-1.849,-1.8347
0.47938,-1.9088,-2.1242
0.76245,-1.9108,-2.3901
0.63419,-1.9922,-2.6488
0.60128,-2.0036,-2.8928
0.7602,-2.0697,-3.1258
0.65737,-2.0753,-3.3469
0.74375,-2.1101,-3.5509
0.8477,-2.1555,-3.7484
0.88435,-2.1808,-3.9356
0.93184,-2.2038,-4.1119
0.86304,-2.203,-4.2737
0.84434,-2.2152,-4.4223
0.79722,-2.2084,-4.5574
0.65849,-2.1954,-4.6766
0.60876,-2.1781,-4.7805
0.57473,-2.1519,-4.8677
0.52687,-2.1396,-4.9409
0.59268,-2.1265,-5.0038
0.59978,-2.1008,-5.0553
0.59754,-2.0662,-5.0936
0.61736,-2.0233,-5.118
0.56501,-1.9816,-5.1288
0.43899,-1.9429,-5.1281
0.1993,-1.9025,-5.1171
0.020553,-1.8557,-5.0957
-0.17277,-1.8059,-5.064
-0.36759,-1.7575,-5.0229
-0.46594,-1.7089,-4.9735
-0.57775,-1.6627,-4.9167
-0.60467,-1.6084,-4.8531
-0.59271,-1.548,-4.7808
-0.61963,-1.4858,-4.6988
-0.62711,-1.4179,-4.6093
-0.64393,-1.3561,-4.5129
-0.64393,-1.2957,-4.4108
-0.64393,-1.2266,-4.303
-0.67422,-1.1529,-4.1874
-0.64992,-1.0896,-4.0654
-0.61589,-1.0215,-3.9398
-0.61626,-0.94517,-3.8086
-0.57962,-0.88931,-3.674
-0.54409,-0.81873,-3.5382
-0.52876,-0.72997,-3.3942
-0.52727,-0.66563,-3.2449
-0.52577,-0.60048,-3.0965
-0.51829,-0.50596,-2.9413
-0.54895,-0.43118,-2.7802
-0.50109,-0.34692,-2.6174
-0.40648,-0.24027,-2.4455
-0.32085,-0.14252,-2.2664
-0.14884,-0.038108,-2.0799
-0.041894,0.041904,-1.8904
0.036259,0.15829,-1.6956
0.13722,0.23552,-1.4967
0.16826,0.36058,-1.2973
0.18434,0.46031,-1.0885
0.18284,0.55247,-0.88532
0.1533,0.70066,-0.66759
0.10506,0.71285,-0.46031
0.097584,0.99103,-0.23699
0.094219,0.66695,-0.02753
0.12264,-0.021488,0.004597
0.21313,0.074636,-0.017489
0.26324,0.062343,-0.0051508
0.30587,0.016414,-0.011941
0.31036,0.056933,-0.0074153
0.29278,0.007244,-0.0087837
0.29989,0.041405,-0.0080751
0.27558,0.0074502,-0.0064967
0.27932,0.017771,-0.0080339
0.27072,0.015353,-0.0056044
0.19369,0.0093172,-0.0067442
0.17275,0.013839,-0.0054095
0.15442,0.0036899,-0.0053008
0.099828,0.0099245,-0.0049371
0.095341,0.0077164,-0.004371
0.079635,-0.0010788,-0.0038798
0.031397,-0.0093566,-0.0034637
0.0026042,0.0078813,-0.00331
0.0022302,0.013175,-0.0013679
0.024667,0.0053358,-0.0004306
0.065052,0.010157,0.000278
0.11666,0.0079713,0.0018939
0.17836,0.0010919,0.0021751
0.2079,0.0071915,0.0029699
0.1619,-0.0021698,0.0033673
0.12189,0.0032138,0.0037235
0.075522,0.0010506,0.0050019
0.010831,0.0016505,0.0043009
-0.03105,0.0060781,0.0062354
-0.091254,-0.0090792,0.0049007
-0.13276,0.018645,0.0067753
-0.14061,-0.018605,0.0067153
-0.13164,0.018922,0.0059955
-0.089759,-0.015415,0.0091073
-0.023572,-0.0024172,0.0043458
0.009709,0.013186,0.011964
0.065052,-0.046727,0.0030974
0.064304,0.089876,0.013932
0.068791,-0.1866,0.0023438
0.067669,0.68797,0.029641
0.037754,2.0681,0.33783
0.22734,1.8489,0.72564
0.18359,1.7694,1.053
0.23145,1.8564,1.3941
0.4719,1.7985,1.6984
0.32793,1.903,1.9919
0.45731,1.8851,2.2684
0.56501,1.9672,2.5295
0.48985,1.983,2.7821
0.70374,2.0342,3.0178
0.70523,2.0752,3.2475
0.73403,2.0774,3.4595
0.8421,2.1275,3.6608
0.8593,2.156,3.8527
0.98793,2.1895,4.0349
0.93708,2.193,4.2049
0.88659,2.1998,4.3598
0.89744,2.2032,4.5027
0.77441,2.1931,4.6307
0.67569,2.1825,4.7442
0.64241,2.1545,4.8418
0.5781,2.1344,4.9226
0.56912,2.1174,4.9913
0.62446,2.0927,5.0483
0.61063,2.0675,5.0936
0.61399,2.0303,5.1265
0.58109,1.9863,5.1446
0.48648,1.9428,5.1495
0.29428,1.8997,5.1434
0.088984,1.858,5.1272
-0.074053,1.815,5.1015
-0.32085,1.7607,5.0655
-0.45846,1.7066,5.0198
-0.55269,1.6655,4.9671
-0.63197,1.6161,4.9075
-0.62374,1.5566,4.8393
-0.64618,1.4987,4.7626
-0.63309,1.4329,4.678
-0.64281,1.3671,4.5853
-0.65889,1.3128,4.4873
-0.64506,1.2432,4.383
-0.68656,1.1653,4.2706
-0.69217,1.102,4.1515
-0.66039,1.0422,4.0279
-0.65067,0.9679,3.9005
-0.62935,0.89795,3.7672
-0.5871,0.84463,3.6312
-0.55382,0.76268,3.492
-0.55494,0.68043,3.3446
-0.54933,0.62896,3.1954
-0.52614,0.54968,3.0455
-0.53811,0.45429,2.8875
-0.51156,0.39127,2.7264
-0.41957,0.29556,2.5616
-0.33618,0.19352,2.3863
-0.22363,0.10034,2.2057
-0.11444,0.0023965,2.0184
-0.027311,-0.088022,1.8281
0.078514,-0.20335,1.6308
0.14059,-0.26995,1.4327
0.17798,-0.4128,1.2308
0.15854,-0.49066,1.0214
0.11254,-0.60775,0.8172
0.074026,-0.7227,0.59761
0.013448,-0.76625,0.39239
0.034015,-1.03,0.16136
0.066174,-0.53074,-0.023424
0.15068,0.029944,-0.029318
0.25127,-0.12395,-0.015716
0.26698,-0.055061,-0.025419
0.31447,-0.052703,-0.018554
0.3025,-0.062259,-0.024137
0.30138,-0.028754,-0.020819
0.30624,-0.060613,-0.023057
0.24716,-0.025905,-0.023034
0.24641,-0.046468,-0.022314
0.19182,-0.032788,-0.024305
0.14358,-0.033815,-0.023154
0.11591,-0.035832,-0.02471
0.06393,-0.026628,-0.024358
0.075522,-0.033613,-0.02489
0.055703,-0.029747,-0.02561
0.033641,-0.028282,-0.025872
0.0085872,-0.025631,-0.026105
-0.014597,-0.031472,-0.026667
0.034389,-0.03398,-0.028456
0.060939,-0.02896,-0.029307
0.11105,-0.028859,-0.030191
0.19032,-0.023554,-0.031706
0.20939,-0.024754,-0.031785
0.19892,-0.02586,-0.032418
0.1791,-0.018853,-0.032643
0.13348,-0.028199,-0.033656
0.070287,-0.013222,-0.033956
0.0078393,-0.0292,-0.033937
-0.059844,-0.019978,-0.035474
-0.10023,-0.017065,-0.033836
-0.14136,-0.028173,-0.036711
-0.15707,-0.0034107,-0.034421
-0.12267,-0.045287,-0.036929
-0.059096,0.014438,-0.036314
-0.020206,-0.051979,-0.035433
0.023171,0.010584,-0.040191
0.069539,-0.028237,-0.031515
0.029154,-0.041459,-0.04668
0.072905,0.095379,-0.020417
-0.0030049,-1.2138,-0.12591
0.03925,-2.0616,-0.49928
0.15854,-1.7036,-0.86365
0.048972,-1.8366,-1.1953
0.35785,-1.8183,-1.5285
0.50256,-1.8415,-1.8233
0.48424,-1.9126,-2.1145
0.7774,-1.9096,-2.3827
0.66148,-1.9882,-2.6427
0.66074,-1.9949,-2.8886
0.81592,-2.0652,-3.1225
0.71047,-2.0779,-3.347
0.82415,-2.1039,-3.5536
0.89071,-2.1478,-3.7523
0.91913,-2.174,-3.9412
0.97223,-2.2003,-4.1201
0.88248,-2.2016,-4.2856
0.88472,-2.2134,-4.4374
0.82602,-2.2107,-4.5762
0.68467,-2.2016,-4.7002
0.62409,-2.1832,-4.8088
0.57959,-2.1559,-4.9007
0.51939,-2.1374,-4.9782
0.54444,-2.1225,-5.044
0.58034,-2.1024,-5.099
0.57136,-2.0668,-5.1416
0.58109,-2.0245,-5.1697
0.52874,-1.982,-5.1841
0.38626,-1.94,-5.1865
0.18546,-1.9025,-5.1786
-0.0033789,-1.8608,-5.1608
-0.18362,-1.8108,-5.1329
-0.36685,-1.7588,-5.0949
-0.50408,-1.7073,-5.048
-0.58859,-1.6648,-4.9936
-0.60654,-1.6149,-4.9318
-0.61514,-1.5484,-4.8621
-0.6387,-1.4889,-4.7831
-0.63833,-1.4248,-4.6957
-0.63085,-1.3604,-4.6016
-0.64169,-1.3026,-4.5016
-0.65067,-1.2387,-4.3961
-0.6402,-1.1651,-4.2831
-0.62935,-1.0927,-4.1624
-0.61215,-1.0299,-4.0372
-0.61065,-0.95907,-3.9073
-0.58672,-0.90064,-3.7725
-0.54185,-0.83246,-3.6369
-0.53624,-0.75072,-3.4954
-0.50745,-0.6908,-3.3464
-0.49324,-0.61798,-3.1974
-0.51306,-0.52562,-3.0447
-0.50184,-0.44868,-2.8842
-0.43864,-0.37972,-2.7222
-0.34778,-0.27251,-2.5535
-0.25728,-0.17642,-2.3758
-0.1365,-0.074406,-2.1913
-0.026563,0.011105,-2.0013
0.076644,0.11016,-1.8093
0.14881,0.21733,-1.6087
0.17611,0.29515,-1.41
0.20191,0.44315,-1.2031
0.16489,0.50089,-0.99518
0.11366,0.65352,-0.7848
0.077766,0.70215,-0.56601
0.058321,0.84732,-0.35928
0.0658,0.97856,-0.11998
0.071035,0.25822,0.010457
0.1533,-0.036676,-0.011974
0.23295,0.11886,-0.010118
0.25838,0.0080988,-0.0070329
0.29315,0.055959,-0.01058
0.26324,0.022188,-0.0061668
0.26062,0.024152,-0.0094736
0.258,0.029266,-0.0056682
0.22996,0.0063667,-0.0074153
0.22248,0.024838,-0.0062381
0.1462,0.0060968,-0.0056494
0.13012,0.018686,-0.0056869
0.11105,0.0088186,-0.0046072
0.077392,0.0084812,-0.0050196
0.094967,0.010015,-0.0041423
0.065426,0.0050096,-0.0036586
0.06206,0.0067716,-0.0029688
0.035137,0.0059243,-0.0030813
0.016814,0.009276,-0.0021815
0.0658,0.0072515,-0.00084675
0.10132,0.0066367,-7.4426e-05
0.17873,0.010119,0.0010466
0.25239,0.0061455,0.0023813
0.24641,-0.0039505,0.0026812
0.22809,0.0036674,0.0033561
0.1877,0.0010731,0.0041734
0.12114,0.0059356,0.0041134
0.079261,0.0023928,0.0052756
0.0029781,-0.0032007,0.0046645
-0.073305,0.0056882,0.0064904
-0.08415,-0.016532,0.0056993
-0.11893,0.014682,0.0065653
-0.12753,-0.015138,0.0076076
-0.077045,0.012628,0.0059505
-0.047504,-0.0028858,0.010007
0.023171,-0.013571,0.004777
0.047477,0.033075,0.011668
0.043737,-0.060482,0.0047845
0.02691,0.095683,0.011342
0.017562,-0.16056,0.0080913
0.023171,0.45995,0.011694
-0.043764,1.9621,0.28106
0.14059,1.9033,0.67486
0.16639,1.7222,1.0024
0.13722,1.852,1.3411
0.393,1.7698,1.6493
0.30811,1.8733,1.9412
0.4016,1.8612,2.2192
0.57398,1.9255,2.4784
0.49396,1.958,2.7317
0.69028,1.9926,2.9682
0.72842,2.032,3.1961
0.73478,2.039,3.4062
0.85705,2.0977,3.6081
0.87986,2.1151,3.8017
0.98157,2.1342,3.9826
0.9109,2.1374,4.1504
0.82976,2.1415,4.3032
0.80807,2.1426,4.444
0.68317,2.1214,4.5684
0.56501,2.1065,4.6773
0.49695,2.0761,4.7707
0.45021,2.0452,4.8481
0.44049,2.0375,4.9147
0.51378,2.0185,4.9702
0.49433,1.9781,5.0127
0.53397,1.9337,5.0415
0.5665,1.8936,5.0561
0.42029,1.8519,5.0582
0.28007,1.8095,5.0503
0.067295,1.7685,5.0325
-0.14473,1.7171,5.0042
-0.32534,1.6699,4.9663
-0.51044,1.6271,4.9204
-0.57887,1.5805,4.8674
-0.63234,1.5242,4.8064
-0.65403,1.4621,4.7365
-0.61739,1.4004,4.6579
-0.62823,1.3351,4.571
-0.61926,1.2794,4.4779
-0.60579,1.2173,4.3789
-0.62187,1.1506,4.2723
-0.61776,1.0816,4.1584
-0.6316,1.0165,4.0387
-0.61178,0.95833,3.9159
-0.55756,0.88323,3.7871
-0.5497,0.82512,3.6534
-0.50745,0.75871,3.518
-0.45061,0.67138,3.375
-0.45547,0.61132,3.2273
-0.46033,0.5476,3.08
-0.44163,0.45957,2.9265
-0.45323,0.38685,2.7676
-0.4536,0.30375,2.6065
-0.37208,0.20508,2.4362
-0.30178,0.11575,2.2591
-0.20755,0.01274,2.0753
-0.067322,-0.065303,1.8871
0.028406,-0.17906,1.6939
0.12526,-0.25665,1.4961
0.20416,-0.37152,1.2985
0.22996,-0.48412,1.0897
0.20229,-0.55263,0.88703
0.13909,-0.71765,0.67154
0.070661,-0.71999,0.46105
0.043737,-0.9743,0.24422
0.038502,-0.79024,0.021172
0.05346,-0.050341,-0.036355
0.14283,-0.061085,-0.0099085
0.19369,-0.098988,-0.021591
0.22323,-0.027337,-0.016162
0.26361,-0.076603,-0.018738
0.26735,-0.023633,-0.018865
0.28268,-0.057861,-0.017879
0.26399,-0.031892,-0.020481
0.22809,-0.035266,-0.018374
0.1993,-0.037958,-0.020616
0.14694,-0.027476,-0.01972
0.13984,-0.037624,-0.020695
0.12189,-0.026092,-0.020995
0.079635,-0.032087,-0.021163
0.083375,-0.02785,-0.021752
0.066922,-0.028027,-0.021973
0.03738,-0.024345,-0.022697
0.021301,-0.023982,-0.022689
0.0052217,-0.028199,-0.023807
0.038502,-0.025264,-0.024748
0.10132,-0.024158,-0.025692
0.13535,-0.025882,-0.027057
0.19032,-0.02322,-0.027912
0.23332,-0.022343,-0.028058
0.19967,-0.025609,-0.028969
0.18247,-0.015569,-0.029168
0.14246,-0.024098,-0.029892
0.084123,-0.016723,-0.030491
0.045607,-0.022362,-0.030083
-0.042642,-0.01955,-0.032092
-0.08415,-0.01429,-0.0303
-0.10696,-0.029646,-0.032842
-0.11593,0.0035175,-0.031481
-0.087889,-0.043334,-0.03249
-0.036285,0.0093734,-0.033779
0.017188,-0.036706,-0.030848
0.024293,-0.0087568,-0.037375
0.070661,0.00049203,-0.027503
0.037754,-0.076153,-0.04199
0.05346,0.14651,-0.020909
0.014196,-0.98182,-0.088375
-0.0063704,-2.0578,-0.43673
0.15966,-1.7251,-0.81063
0.0658,-1.7869,-1.1369
0.26586,-1.8177,-1.4723
0.5149,-1.8036,-1.7691
0.4532,-1.8887,-2.0599
0.73029,-1.8695,-2.3294
0.72617,-1.9536,-2.588
0.64092,-1.9653,-2.836
0.80582,-2.0163,-3.0692
0.73291,-2.0324,-3.2916
0.78114,-2.0623,-3.4977
0.85107,-2.1104,-3.698
0.91614,-2.1222,-3.8874
0.99317,-2.1424,-4.0647
0.8765,-2.142,-4.2277
0.84097,-2.149,-4.377
0.78301,-2.1418,-4.5131
0.6368,-2.1257,-4.6329
0.54407,-2.1033,-4.7371
0.48648,-2.0761,-4.8245
0.42702,-2.0662,-4.8991
0.45769,-2.051,-4.9644
0.49732,-2.0193,-5.0172
0.47152,-1.9803,-5.0559
0.49957,-1.9381,-5.0807
0.46741,-1.8954,-5.0922
0.35859,-1.8541,-5.0922
0.19443,-1.8155,-5.0824
-0.0093619,-1.7684,-5.0628
-0.20306,-1.717,-5.0325
-0.39452,-1.6724,-4.9926
-0.51792,-1.625,-4.945
-0.59757,-1.5737,-4.8899
-0.63272,-1.517,-4.8265
-0.61664,-1.4553,-4.7539
-0.61065,-1.3936,-4.6732
-0.59719,-1.3319,-4.5841
-0.5942,-1.2737,-4.4882
-0.59158,-1.2138,-4.3876
-0.57476,-1.1476,-4.2801
-0.59046,-1.076,-4.1648
-0.5856,-1.0136,-4.0438
-0.54522,-0.94605,-3.9187
-0.54746,-0.87557,-3.7883
-0.49847,-0.82326,-3.6547
-0.4379,-0.74429,-3.5179
-0.44949,-0.66253,-3.3729
-0.40948,-0.6098,-3.2253
-0.39115,-0.53341,-3.0769
-0.41022,-0.44373,-2.9199
-0.40985,-0.37896,-2.7595
-0.38218,-0.28395,-2.5958
-0.29094,-0.1811,-2.4217
-0.21839,-0.086455,-2.2409
-0.11182,0.005302,-2.0534
0.0070914,0.090723,-1.864
0.079635,0.20682,-1.6667
0.16415,0.26976,-1.4683
0.20677,0.40999,-1.2674
0.2408,0.49051,-1.0585
0.22285,0.59958,-0.85368
0.1432,0.7148,-0.63347
0.10469,0.75733,-0.4274
0.081131,1.0237,-0.19558
0.061686,0.52857,-0.0079177
0.099828,-0.049212,-0.00057307
0.16639,0.10397,-0.014752
0.19032,0.037817,-0.004251
0.2251,0.033731,-0.011164
0.24043,0.047137,-0.0056007
0.23669,0.011237,-0.0083938
0.2681,0.040381,-0.0062268
0.24192,0.0042185,-0.0061556
0.21687,0.025206,-0.006703
0.19855,0.010716,-0.0048134
0.13834,0.012942,-0.0058856
0.13161,0.015226,-0.0041985
0.12077,0.0028164,-0.0042397
0.10544,0.0082675,-0.0037411
0.11628,0.0078663,-0.0034112
0.08861,0.0074877,-0.0026726
0.071409,0.00010963,-0.0025414
0.057199,0.0067679,-0.0022527
0.041868,0.009261,-0.00088425
0.081505,0.006123,3.43e-05
0.13947,0.0085149,0.0012453
0.19219,0.0086461,0.0022538
0.21463,0.0018792,0.0029661
0.21051,0.0050883,0.0032548
0.20902,0.0068466,0.0045221
0.18957,0.00037206,0.0045033
0.14246,0.0080613,0.0051219
0.097211,-0.0055326,0.0055231
0.050094,0.00823,0.0059692
-0.029181,-0.0063799,0.007004
-0.077419,0.00057451,0.005823
-0.10621,0.005392,0.0087924
-0.1021,-0.014778,0.0060592
-0.061339,0.024317,0.009426
-0.033668,-0.035184,0.0076526
0.0078393,0.038713,0.0080088
0.045607,-0.044429,0.011057
0.044859,0.026776,0.0041284
0.010083,-0.0039805,0.018409
0.041494,-0.060662,-0.0084238
-0.0071182,1.3854,0.12318
0.055329,2.092,0.5049
0.20902,1.6862,0.85818
0.12787,1.8248,1.1884
0.31335,1.7775,1.5162
0.39748,1.8225,1.8095
0.30549,1.862,2.0983
0.52238,1.8562,2.3627
0.52948,1.9431,2.6204
0.568,1.9489,2.8646
0.70037,2.0013,3.0967
0.69663,2.0024,3.3153
0.78937,2.0478,3.5198
0.81816,2.0874,3.719
0.92287,2.0995,3.9056
0.95577,2.1106,4.0797
0.85406,2.1076,4.2394
0.85032,2.1134,4.3859
0.73739,2.0904,4.5179
0.60203,2.0759,4.6336
0.53958,2.058,4.7338
0.47264,2.0327,4.8186
0.41319,2.0132,4.8899
0.46255,1.9947,4.9506
0.47564,1.9665,5.0004
0.45694,1.921,5.0352
0.50144,1.8799,5.0559
0.42441,1.8332,5.0642
0.32494,1.7894,5.0604
0.13984,1.7517,5.0469
-0.072931,1.7064,5.0238
-0.2341,1.6549,4.9902
-0.44089,1.6088,4.9482
-0.53138,1.5705,4.8992
-0.59046,1.5177,4.8427
-0.61701,1.4583,4.7776
-0.59644,1.4005,4.7036
-0.59233,1.3406,4.6215
-0.57663,1.2791,4.5325
-0.59046,1.2157,4.4375
-0.57214,1.1526,4.3345
-0.5942,1.0844,4.2238
-0.61664,1.0204,4.1068
-0.5856,0.96292,3.9861
-0.5699,0.89036,3.8603
-0.52652,0.82701,3.7279
-0.49548,0.772,3.5943
-0.44537,0.68186,3.4549
-0.38966,0.60769,3.3075
-0.37769,0.56105,3.1602
-0.37806,0.47713,3.0099
-0.38293,0.39642,2.8515
-0.37919,0.33292,2.6915
-0.35226,0.22781,2.5253
-0.30141,0.13702,2.3497
-0.23223,0.038912,2.1686
-0.11107,-0.048238,1.9799
0.0055957,-0.13744,1.7893
0.083375,-0.24473,1.5915
0.15928,-0.32108,1.3942
0.21238,-0.46137,1.1896
0.21537,-0.51452,0.98292
0.17424,-0.66362,0.77599
0.10319,-0.72466,0.55656
0.032145,-0.83199,0.3515
0.016066,-1.012,0.11383
0.041494,-0.34291,-0.033464
0.11142,0.02765,-0.016732
0.15741,-0.13626,-0.01422
0.19593,-0.035289,-0.019368
0.26473,-0.071826,-0.014542
0.24305,-0.043649,-0.019563
0.23856,-0.037812,-0.015843
0.27184,-0.054131,-0.01912
0.24305,-0.02824,-0.017815
0.22435,-0.047649,-0.018562
0.19443,-0.026317,-0.019424
0.15368,-0.036091,-0.018876
0.1346,-0.030257,-0.020162
0.11516,-0.027288,-0.019941
0.10955,-0.02908,-0.020522
0.11105,-0.025894,-0.020984
0.10731,-0.026497,-0.021572
0.07627,-0.022722,-0.021306
0.047103,-0.026242,-0.022157
0.0658,-0.027022,-0.023458
0.094219,-0.026302,-0.024388
0.1275,-0.026002,-0.025464
0.19032,-0.026917,-0.026637
0.23295,-0.01871,-0.027132
0.22622,-0.023678,-0.027485
0.19518,-0.019224,-0.028426
0.16714,-0.022722,-0.028268
0.13386,-0.026835,-0.029524
0.083375,-0.012828,-0.0291
0.023545,-0.028563,-0.030338
-0.021328,-0.0059638,-0.030131
-0.067322,-0.030936,-0.03036
-0.11332,-0.0092816,-0.032197
-0.092376,-0.018617,-0.029622
-0.050495,-0.023858,-0.034252
-0.0041267,0.0067604,-0.029359
0.011205,-0.056924,-0.034825
0.039998,0.047302,-0.030761
0.035137,-0.10001,-0.032733
0.025788,0.10572,-0.036325
0.042616,-0.28181,-0.023878
-0.054608,-1.7917,-0.2556
0.10319,-1.916,-0.65423
0.12638,-1.6846,-0.98698
0.11366,-1.8481,-1.3245
0.4805,-1.761,-1.638
0.46629,-1.8591,-1.9291
0.59305,-1.8521,-2.2104
0.7976,-1.9008,-2.4708
0.61511,-1.9459,-2.726
0.7273,-1.9674,-2.9639
0.75272,-2.016,-3.1931
0.70785,-2.0174,-3.406
0.80433,-2.0708,-3.6087
0.82714,-2.0911,-3.8042
0.93932,-2.11,-3.9867
0.88622,-2.1172,-4.1571
0.81442,-2.1174,-4.3131
0.81368,-2.1215,-4.4565
0.66896,-2.1035,-4.5845
0.5493,-2.0806,-4.6959
0.50779,-2.0539,-4.791
0.43637,-2.0367,-4.8715
0.40309,-2.0244,-4.9412
0.45395,-1.9996,-5.0003
0.43675,-1.9619,-5.046
0.46105,-1.9195,-5.0771
0.47264,-1.8775,-5.0948
0.37056,-1.8382,-5.1005
0.22173,-1.7991,-5.0955
0.039624,-1.7542,-5.0807
-0.11743,-1.702,-5.0555
-0.30926,-1.6546,-5.0197
-0.47978,-1.6132,-4.9757
-0.5699,-1.5632,-4.9245
-0.61739,-1.5073,-4.8651
-0.60318,-1.4513,-4.797
-0.58934,-1.3949,-4.7211
-0.58336,-1.3313,-4.6369
-0.55531,-1.2719,-4.5449
-0.55269,-1.2181,-4.448
-0.5598,-1.1506,-4.3444
-0.55195,-1.077,-4.2326
-0.5669,-1.0104,-4.1137
-0.54858,-0.95032,-3.9908
-0.50259,-0.88204,-3.8627
-0.50221,-0.82456,-3.73
-0.43976,-0.75865,-3.5956
-0.37283,-0.67187,-3.454
-0.39265,-0.61625,-3.3069
-0.36984,-0.55505,-3.1599
-0.34404,-0.4613,-3.0069
-0.36535,-0.39196,-2.8474
-0.36049,-0.31767,-2.6863
-0.29729,-0.20903,-2.5162
-0.23746,-0.12003,-2.3379
-0.15856,-0.022868,-2.1537
-0.028059,0.055745,-1.9641
0.056825,0.16605,-1.7709
0.13423,0.25092,-1.5708
0.19855,0.34291,-1.3732
0.23632,0.4813,-1.1642
0.25015,0.53365,-0.95813
0.17574,0.69865,-0.74492
0.093471,0.70963,-0.529
0.066922,0.91276,-0.31783
0.054582,0.89971,-0.081454
0.059443,0.12371,0.013231
0.11628,-0.0029008,-0.014891
0.16975,0.10651,-0.0062605
0.22285,0.0028951,-0.0081014
0.25613,0.063959,-0.0084313
0.22771,0.01373,-0.0058519
0.2408,0.034413,-0.0083413
0.24791,0.022244,-0.0047046
0.22024,0.011158,-0.0069541
0.21425,0.023106,-0.0048209
0.1705,0.0058381,-0.0051808
0.13984,0.015582,-0.0045284
0.13348,0.0062843,-0.0036061
0.11479,0.012376,-0.0039736
0.12787,0.0048971,-0.00289
0.12862,0.0055944,-0.0026464
0.11404,0.007379,-0.0022489
0.090854,0.0050021,-0.0019715
0.072905,0.01106,-0.00081676
0.11105,0.0082637,0.00033798
0.13647,0.0061118,0.0010503
0.16863,0.0096921,0.002445
0.22734,0.0049196,0.0035923
0.24417,-0.0019486,0.0034648
0.22809,0.0043835,0.0046758
0.20042,-0.00093259,0.004822
0.17125,0.0030414,0.0054818
0.129,-0.0054239,0.0061642
0.091228,0.0060931,0.0060705
0.036259,-0.00026527,0.0078176
-0.023945,-0.00049021,0.0061005
-0.069192,0.010956,0.0090735
-0.090506,-0.017897,0.0070902
-0.062461,0.026668,0.009081
-0.020954,-0.032784,0.009186
-0.0052485,0.028501,0.0073602
0.01831,-0.022527,0.012924
0.057947,1.5907e-05,0.0036185
0.009709,0.039388,0.018795
0.019805,-0.13755,-0.0056157
-0.014223,1.1476,0.085898
0.011205,2.1128,0.44967
0.20191,1.7205,0.81537
0.12526,1.7973,1.1437
0.25165,1.7931,1.4777
0.39038,1.7952,1.7741
0.28119,1.8636,2.0655
0.48985,1.8475,2.3338
0.51901,1.9268,2.5934
0.53621,1.9339,2.8407
0.7071,1.9912,3.0752
0.67046,1.9951,3.2985
0.75385,2.023,3.505
0.79984,2.0693,3.7061
0.87912,2.0815,3.8961
0.92997,2.1019,4.0747
0.81966,2.0915,4.2389
0.83761,2.0981,4.3895
0.76731,2.0935,4.5274
0.63232,2.0722,4.6486
0.54108,2.0579,4.755
0.47638,2.0226,4.8458
0.42815,1.9982,4.921
0.43488,1.9893,4.9855
0.46517,1.9547,5.0393
0.45096,1.9172,5.0794
0.49284,1.8764,5.1059
0.42515,1.8208,5.1185
0.29727,1.7803,5.1187
0.15031,1.7472,5.1094
-0.051991,1.7053,5.0906
-0.21278,1.6529,5.0611
-0.40761,1.602,5.0219
-0.52876,1.5611,4.9753
-0.58485,1.5113,4.9215
-0.61813,1.4573,4.8593
-0.58149,1.3995,4.7883
-0.57139,1.337,4.7083
-0.56877,1.2767,4.6204
-0.56129,1.2187,4.5267
-0.56167,1.1563,4.426
-0.5755,1.0814,4.3172
-0.58672,1.0175,4.2019
-0.57401,0.96694,4.0817
-0.56728,0.89785,3.9574
-0.53886,0.82488,3.8264
-0.47865,0.775,3.6927
-0.44014,0.70188,3.5561
-0.41658,0.6138,3.4103
-0.38816,0.56311,3.262
-0.36572,0.50061,3.1136
-0.33656,0.40822,2.9579
-0.36012,0.34688,2.7979
-0.34778,0.26419,2.6351
-0.26364,0.15977,2.4623
-0.20792,0.077864,2.2831
-0.11519,-0.030576,2.0969
-0.016093,-0.10231,1.9063
0.073278,-0.20585,1.7119
0.15181,-0.28675,1.5115
0.18883,-0.39448,1.3114
0.20378,-0.50778,1.1018
0.19107,-0.57899,0.89721
0.13161,-0.73461,0.67914
0.049346,-0.73314,0.46694
0.046355,-0.98985,0.24796
0.029902,-0.79582,0.022578
0.061312,-0.05202,-0.035212
0.16153,-0.068883,-0.0083826
0.17312,-0.10003,-0.020324
0.2251,-0.029875,-0.014974
0.23706,-0.083617,-0.017561
0.19817,-0.02613,-0.017587
0.22585,-0.057303,-0.016623
0.20154,-0.030119,-0.01927
0.19256,-0.035738,-0.017036
0.17761,-0.039064,-0.019469
0.11105,-0.027569,-0.018592
0.11553,-0.039585,-0.01945
0.12488,-0.025252,-0.019885
0.12152,-0.028398,-0.019968
0.14134,-0.028289,-0.020785
0.12413,-0.027847,-0.020995
0.10319,-0.023217,-0.021358
0.080757,-0.02529,-0.021598
0.072531,-0.030872,-0.022877
0.10693,-0.024158,-0.02399
0.12974,-0.02433,-0.024875
0.18733,-0.030351,-0.026285
0.23931,-0.021188,-0.026941
0.23407,-0.025297,-0.027053
0.22398,-0.021676,-0.028099
0.20079,-0.018519,-0.028189
0.15966,-0.025942,-0.029412
0.11292,-0.0099002,-0.029093
0.05159,-0.028709,-0.029955
0.009335,-0.010946,-0.030484
-0.035538,-0.025507,-0.029809
-0.085645,-0.012386,-0.032478
-0.070688,-0.01104,-0.029445
-0.038903,-0.037354,-0.033674
0.01457,0.014618,-0.030124
0.02504,-0.062585,-0.03342
0.054208,0.037274,-0.032977
0.028406,-0.079823,-0.029817
-0.034042,0.049559,-0.040112
0.030276,-0.10162,-0.016616
-0.069566,-1.6014,-0.19903
0.040746,-1.9866,-0.59502
0.12862,-1.6697,-0.9379
0.05159,-1.838,-1.2734
0.4102,-1.7595,-1.5948
0.48237,-1.8358,-1.8872
0.51041,-1.851,-2.1736
0.75572,-1.8756,-2.4369
0.61848,-1.9333,-2.695
0.66522,-1.9449,-2.9365
0.74412,-2.0014,-3.1688
0.68055,-1.9981,-3.3864
0.76544,-2.043,-3.5906
0.79087,-2.0726,-3.7889
0.90193,-2.0897,-3.9754
0.87612,-2.1002,-4.1504
0.77815,-2.099,-4.3109
0.79124,-2.1031,-4.4585
0.65326,-2.0877,-4.5919
0.54108,-2.0669,-4.709
0.50667,-2.0385,-4.8096
0.4274,-2.0166,-4.8949
0.39113,-2.0041,-4.9686
0.43338,-1.9834,-5.0317
0.43301,-1.9511,-5.0825
0.46629,-1.9133,-5.1191
0.47825,-1.8718,-5.1416
0.39075,-1.827,-5.1514
0.27558,-1.7866,-5.1505
0.10319,-1.7474,-5.1399
-0.079288,-1.6972,-5.1183
-0.26738,-1.6462,-5.0862
-0.39377,-1.6012,-5.0454
-0.49137,-1.5546,-4.9968
-0.56391,-1.5041,-4.9406
-0.55942,-1.4464,-4.8759
-0.56279,-1.3887,-4.8022
-0.55382,-1.3255,-4.7196
-0.55606,-1.266,-4.6292
-0.55157,-1.2167,-4.5333
-0.54297,-1.1527,-4.4318
-0.54858,-1.0793,-4.3226
-0.53886,-1.0106,-4.2056
-0.5411,-0.95359,-4.0838
-0.50782,-0.88661,-3.9578
-0.47865,-0.82272,-3.8258
-0.43864,-0.77216,-3.6914
-0.36722,-0.68928,-3.5525
-0.36273,-0.61749,-3.406
-0.3646,-0.56546,-3.2578
-0.35152,-0.48259,-3.1071
-0.356,-0.39935,-2.9486
-0.34965,-0.33714,-2.7868
-0.31001,-0.23822,-2.6203
-0.22924,-0.14027,-2.4434
-0.14174,-0.053276,-2.261
-0.043764,0.043411,-2.0714
0.047851,0.12698,-1.879
0.13124,0.23036,-1.6804
0.19107,0.30116,-1.4805
0.21724,0.44162,-1.2762
0.2337,0.51213,-1.0648
0.20416,0.62688,-0.85836
0.12675,0.73235,-0.63585
0.074026,0.77176,-0.42836
0.084497,1.0377,-0.19422
0.073278,0.52333,-0.0059944
0.12002,-0.050967,-0.00012691
0.19518,0.10867,-0.014074
0.19668,0.036565,-0.0035761
0.23332,0.030503,-0.01064
0.21238,0.04533,-0.0049746
0.1993,0.009932,-0.0079139
0.22659,0.033622,-0.005582
0.19256,0.0015642,-0.005477
0.20902,0.029082,-0.0060244
0.17462,0.01205,-0.0041873
0.1346,0.010123,-0.0051358
0.16265,0.011934,-0.0032875
0.13199,0.0070565,-0.0037374
0.13834,0.012511,-0.003145
0.15405,0.0038174,-0.0025151
0.11778,0.0076114,-0.0020765
0.099454,0.0034612,-0.0018103
0.067669,0.006303,-0.0015179
0.074026,0.011147,4.1798e-05
0.11927,0.0065204,0.0011441
0.15891,0.0090473,0.0021788
0.22472,0.0075552,0.0035698
0.24267,-0.002076,0.003776
0.22809,0.0044285,0.0041809
0.21351,-0.00145,0.0052494
0.1705,0.0026815,0.0052306
0.11329,0.0046422,0.0065466
0.059817,-0.0074334,0.0059955
0.017188,0.010491,0.0074764
-0.019458,-0.010807,0.0073527
-0.054982,0.014858,0.0074614
-0.093124,-0.0098552,0.0092273
-0.065079,0.0024715,0.0066891
-0.032172,0.0099508,0.011222
-0.0067443,-0.027835,0.0063929
0.029528,0.036794,0.012077
0.032519,-0.062623,0.0079638
0.018684,0.087499,0.0098046
0.0048478,-0.12738,0.0134
-0.0074922,0.26202,0.0010841
-0.051991,1.8244,0.23174
0.11927,1.954,0.62951
0.18322,1.6755,0.96225
0.13348,1.8261,1.2999
0.37467,1.742,1.6149
0.3197,1.8395,1.908
0.32681,1.8192,2.1911
0.53397,1.8666,2.4525
0.46442,1.9156,2.7091
0.59717,1.9296,2.9489
0.67008,1.9776,3.1795
0.64653,1.9737,3.394
0.76282,2.0243,3.5987
0.79199,2.044,3.7964
0.8937,2.0604,3.9806
0.85518,2.0634,4.1525
0.76319,2.0562,4.3098
0.76282,2.061,4.4542
0.6368,2.0363,4.5834
0.52051,2.0139,4.697
0.45357,1.9937,4.7951
0.38552,1.9658,4.8774
0.36345,1.9499,4.9478
0.41805,1.9294,5.0082
0.42216,1.8948,5.0555
0.42366,1.85,5.0884
0.45058,1.8045,5.1079
0.3571,1.7595,5.1137
0.21874,1.7163,5.1087
0.053834,1.675,5.0946
-0.12753,1.6212,5.07
-0.30253,1.5752,5.0357
-0.46183,1.5368,4.9929
-0.51941,1.4935,4.9427
-0.55606,1.4394,4.8853
-0.57513,1.3787,4.8187
-0.52951,1.3212,4.7427
-0.50782,1.263,4.6585
-0.51605,1.2108,4.5678
-0.52353,1.1434,4.4708
-0.52315,1.0727,4.3658
-0.55157,1.014,4.2536
-0.5785,0.95328,4.1356
-0.54035,0.88996,4.0135
-0.50932,0.8189,3.8854
-0.47566,0.76871,3.7529
-0.40723,0.70399,3.6188
-0.3474,0.61578,3.4766
-0.32347,0.56155,3.3288
-0.32983,0.50388,3.1814
-0.30814,0.42252,3.0291
-0.31898,0.35351,2.8702
-0.32534,0.2816,2.7094
-0.2685,0.17953,2.5406
-0.23559,0.092706,2.3628
-0.15931,-0.0057051,2.1791
-0.057226,-0.084937,1.9885
0.020927,-0.17915,1.7966
0.11479,-0.27762,1.5966
0.17125,-0.35082,1.3975
0.20266,-0.49408,1.1908
0.1978,-0.54234,0.98277
0.13947,-0.69674,0.77219
0.064678,-0.74184,0.55168
0.032519,-0.86406,0.34418
0.031771,-1.0101,0.10349
0.034015,-0.30123,-0.034001
0.11553,0.020362,-0.013553
0.17088,-0.14013,-0.014029
0.2049,-0.029016,-0.017452
0.23931,-0.071819,-0.01347
0.20042,-0.041741,-0.018258
0.21687,-0.040635,-0.014445
0.21724,-0.049284,-0.017995
0.17237,-0.024904,-0.016323
0.17611,-0.044732,-0.017583
0.13909,-0.026812,-0.018145
0.10282,-0.038865,-0.0178
0.10955,-0.028597,-0.019075
0.10955,-0.026096,-0.018333
0.12974,-0.027292,-0.019428
0.13834,-0.026268,-0.019803
0.11292,-0.025342,-0.020035
0.097958,-0.021683,-0.020357
0.073278,-0.032915,-0.021197
0.093845,-0.024694,-0.022483
0.13348,-0.030726,-0.023293
0.1346,-0.041658,-0.02444
0.20191,-0.022617,-0.025797
0.24155,-0.017634,-0.025895
0.20304,-0.026238,-0.026585
0.18808,-0.016461,-0.026975
0.16041,-0.022441,-0.02741
0.11329,-0.014973,-0.028339
0.074026,-0.019629,-0.027976
0.0074654,-0.022092,-0.030019
-0.039651,-0.0092891,-0.028298
-0.062087,-0.035603,-0.030368
-0.068444,0.0019729,-0.029779
-0.058722,-0.038861,-0.029659
-0.024693,-0.00041148,-0.03225
0.031771,-0.022992,-0.027691
0.043363,-0.024116,-0.035414
0.072531,0.025415,-0.026011
0.009709,-0.10072,-0.03787
0.010083,0.16109,-0.023649
0.00073447,-0.76216,-0.060541
-0.0662,-2.0222,-0.38004
0.10656,-1.7631,-0.76516
0.053086,-1.7393,-1.0916
0.17761,-1.808,-1.4299
0.48087,-1.7564,-1.7314
0.42889,-1.8518,-2.0234
0.6469,-1.823,-2.2979
0.68168,-1.8985,-2.5583
0.53135,-1.9128,-2.8101
0.70075,-1.9544,-3.0465
0.66522,-1.9733,-3.2732
0.69028,-1.9861,-3.4823
0.7875,-2.0374,-3.6849
0.77628,-2.0485,-3.8782
0.8593,-2.0652,-4.0596
0.81629,-2.0628,-4.2276
0.75609,-2.0649,-4.3812
0.71309,-2.059,-4.522
0.57211,-2.0388,-4.6471
0.47152,-2.0135,-4.7562
0.43189,-1.984,-4.8483
0.3657,-1.9676,-4.9267
0.3642,-1.9533,-4.9952
0.40534,-1.9257,-5.0523
0.40795,-1.8843,-5.0955
0.44497,-1.8403,-5.1243
0.42366,-1.7995,-5.14
0.31783,-1.761,-5.1444
0.16041,-1.7243,-5.1385
-0.012727,-1.674,-5.1222
-0.17726,-1.6207,-5.0948
-0.34665,-1.5788,-5.0577
-0.46183,-1.532,-5.0133
-0.51343,-1.4861,-4.9609
-0.54035,-1.4346,-4.9006
-0.55195,-1.3727,-4.8318
-0.52876,-1.3114,-4.754
-0.50782,-1.2512,-4.6675
-0.49698,-1.1992,-4.5747
-0.49025,-1.1409,-4.4766
-0.49922,-1.073,-4.3712
-0.50221,-1.0048,-4.2577
-0.51717,-0.9449,-4.1381
-0.48838,-0.88437,-4.0149
-0.45771,-0.8142,-3.8853
-0.43902,-0.76155,-3.752
-0.35152,-0.69265,-3.6161
-0.31524,-0.61127,-3.4718
-0.3216,-0.56022,-3.324
-0.30477,-0.49879,-3.1754
-0.29991,-0.41131,-3.02
-0.313,-0.34122,-2.8593
-0.3201,-0.25633,-2.6958
-0.25167,-0.15272,-2.5222
-0.16866,-0.076303,-2.3417
-0.097237,0.026761,-2.155
-0.0015092,0.10326,-1.9626
0.063556,0.2021,-1.7671
0.12376,0.28821,-1.5656
0.18471,0.39039,-1.3647
0.20304,0.50551,-1.1534
0.19219,0.56647,-0.94685
0.15816,0.73278,-0.72941
0.085618,0.72403,-0.5133
0.053834,0.95019,-0.29685
0.059069,0.85163,-0.063424
0.06393,0.072897,0.013063
0.14134,0.018937,-0.015454
0.18359,0.10038,-0.0044085
0.19443,0.0077351,-0.0082551
0.21799,0.063922,-0.0071828
0.20939,0.010839,-0.0055632
0.23819,0.037172,-0.0072316
0.21014,0.017074,-0.0039473
0.17798,0.014041,-0.0063805
0.19294,0.021666,-0.004056
0.13423,0.0072627,-0.0045059
0.13647,0.018641,-0.0036699
0.15854,0.004241,-0.0031975
0.13685,0.012174,-0.00319
0.16302,0.00805,-0.0019453
0.14769,0.00068698,-0.0020202
0.13273,0.0048746,-0.0016341
0.11479,0.0064829,-0.0012854
0.082627,0.0099958,-0.00026563
0.12002,0.0092572,0.00084787
0.13348,0.0042523,0.0020101
0.16415,0.0073677,0.0033711
0.23108,0.0025652,0.0041096
0.24043,0.00094941,0.0042971
0.21126,0.0070116,0.0054556
0.16527,-0.0030695,0.0055793
0.12301,0.001418,0.0063554
0.093845,-0.0085506,0.0068803
0.060565,0.004481,0.0067266
-0.013101,-0.0010001,0.0085861
-0.055356,-0.0023685,0.0068765
-0.08415,0.0074989,0.0096059
-0.099481,-0.024375,0.0078326
-0.048999,0.029243,0.0095984
-0.013849,-0.031153,0.010011
0.02878,0.020189,0.0078138
0.034763,-0.022651,0.013468
0.028032,-0.0039281,0.0042971
-0.0015092,0.046376,0.019223
-0.0067443,-0.15047,-0.0045397
-0.027311,1.1038,0.079772
0.0055957,2.1051,0.43868
0.17836,1.7148,0.80654
0.11703,1.7728,1.1336
0.23893,1.7654,1.468
0.38926,1.7633,1.7654
0.26548,1.8335,2.057
0.43787,1.8109,2.3261
0.49022,1.8876,2.5862
0.50219,1.8929,2.835
0.6555,1.9411,3.0695
0.60876,1.9449,3.2927
0.67083,1.9753,3.5007
0.74375,2.0158,3.7035
0.79087,2.0209,3.8942
0.85593,2.0316,4.0724
0.7804,2.0255,4.237
0.74375,2.0257,4.3874
0.67046,2.012,4.524
0.53397,1.9977,4.6449
0.45096,1.9718,4.7505
0.39262,1.9409,4.8399
0.3384,1.9199,4.9154
0.33915,1.8986,4.9804
0.38178,1.8633,5.0339
0.37318,1.8192,5.0735
0.3844,1.7837,5.0989
0.37879,1.7365,5.1109
0.24342,1.6963,5.1117
0.079635,1.6562,5.1025
-0.0576,1.6081,5.0832
-0.22774,1.5653,5.0538
-0.40125,1.5043,5.015
-0.48912,1.4677,4.9686
-0.51306,1.4275,4.9155
-0.55082,1.3572,4.8532
-0.53699,1.3078,4.781
-0.49324,1.2503,4.7009
-0.50259,1.1948,4.6138
-0.49922,1.1409,4.5202
-0.48576,1.0728,4.419
-0.50333,1.0125,4.3103
-0.51717,0.9446,4.1951
-0.50932,0.8866,4.0748
-0.488,0.82233,3.9505
-0.45809,0.75911,3.8195
-0.41621,0.70869,3.6861
-0.35451,0.629,3.5479
-0.30141,0.56172,3.4016
-0.2943,0.50943,3.2545
-0.28907,0.43658,3.1051
-0.26925,0.35498,2.9484
-0.29019,0.29447,2.7883
-0.30552,0.20535,2.6237
-0.24382,0.099331,2.4484
-0.17202,0.019005,2.2672
-0.1092,-0.071204,2.0791
-0.01011,-0.14816,1.8879
0.061686,-0.25696,1.6905
0.10693,-0.32556,1.4893
0.16041,-0.44947,1.2873
0.16527,-0.53789,1.0757
0.1447,-0.62244,0.86986
0.097211,-0.75685,0.64883
0.027284,-0.77313,0.43862
0.024667,-1.0432,0.21115
0.039998,-0.67073,0.001354
0.091228,0.0077239,-0.028114
0.16041,-0.10051,-0.006628
0.17836,-0.076745,-0.018873
0.21537,-0.037984,-0.011794
0.19817,-0.071793,-0.016365
0.16153,-0.021039,-0.014749
0.20528,-0.063309,-0.01527
0.19182,-0.029196,-0.016567
0.15068,-0.038037,-0.015266
0.15031,-0.035124,-0.017369
0.1189,-0.027048,-0.016241
0.11778,-0.032863,-0.017669
0.12226,-0.022639,-0.017542
0.11179,-0.031536,-0.018082
0.1447,-0.029331,-0.018685
0.14395,-0.025534,-0.018906
0.10918,-0.023078,-0.019281
0.07814,-0.024649,-0.019596
0.064678,-0.026508,-0.020924
0.10432,-0.024818,-0.02173
0.15293,-0.024008,-0.022869
0.1877,-0.024544,-0.024174
0.21575,-0.017728,-0.024538
0.21911,-0.021147,-0.02507
0.17462,-0.019618,-0.026229
0.15031,-0.016476,-0.025906
0.12974,-0.022422,-0.027162
0.064304,-0.010972,-0.027027
0.014944,-0.02562,-0.027781
-0.028433,-0.0064661,-0.028534
-0.056104,-0.023955,-0.027623
-0.08041,-0.016735,-0.030296
-0.078166,-0.011625,-0.027316
-0.051243,-0.034516,-0.03129
-0.00076128,0.016789,-0.028028
0.045233,-0.060512,-0.030979
0.04972,0.040224,-0.031054
0.025414,-0.072546,-0.027102
-0.0089879,0.04286,-0.038286
0.01457,-0.071373,-0.013684
-0.086019,-1.5642,-0.18723
-1.3407e-05,-1.9938,-0.58145
0.094967,-1.6561,-0.92603
0.027658,-1.8177,-1.2601
0.37654,-1.7403,-1.5827
0.46143,-1.8072,-1.8759
0.48311,-1.8194,-2.1633
0.72879,-1.8356,-2.4271
0.56202,-1.8974,-2.6858
0.5938,-1.9043,-2.929
0.6742,-1.9503,-3.1617
0.5953,-1.9445,-3.3791
0.71683,-1.9924,-3.5844
0.75272,-2.0181,-3.7845
0.80096,-2.0285,-3.9717
0.80919,-2.0357,-4.1469
0.73478,-2.0292,-4.3073
0.68504,-2.0333,-4.4546
0.58183,-2.014,-4.5879
0.47526,-1.9873,-4.7041
0.38776,-1.9593,-4.8037
0.33728,-1.9393,-4.8888
0.29876,-1.9264,-4.9628
0.34812,-1.8992,-5.0259
0.38066,-1.8609,-5.0755
0.37093,-1.8194,-5.1108
0.40683,-1.7786,-5.1324
0.34027,-1.7402,-5.1421
0.21762,-1.7006,-5.1415
0.069165,-1.6549,-5.1306
-0.11369,-1.606,-5.109
-0.2786,-1.562,-5.0772
-0.43453,-1.5182,-5.0369
-0.50109,-1.4703,-4.9887
-0.51941,-1.4183,-4.9323
-0.53886,-1.36,-4.8676
-0.49249,-1.3033,-4.7935
-0.48202,-1.2453,-4.7105
-0.4809,-1.1878,-4.6205
-0.4536,-1.1332,-4.5251
-0.4794,-1.0679,-4.4231
-0.46557,-1.0018,-4.3131
-0.49062,-0.94406,-4.1958
-0.49698,-0.88261,-4.0747
-0.41808,-0.81106,-3.9481
-0.39452,-0.75621,-3.8159
-0.34142,-0.70165,-3.6827
-0.30739,-0.61874,-3.5423
-0.26476,-0.55535,-3.3953
-0.24008,-0.50121,-3.2483
-0.28159,-0.42313,-3.0966
-0.27486,-0.34712,-2.9376
-0.29804,-0.27759,-2.7756
-0.25392,-0.18266,-2.6067
-0.18773,-0.093931,-2.4285
-0.13575,0.0025615,-2.2446
-0.024693,0.085745,-2.0534
0.029528,0.16823,-1.8603
0.10319,0.27589,-1.6601
0.17686,0.34335,-1.4591
0.1877,0.4792,-1.2517
0.19107,0.54062,-1.0408
0.16863,0.67141,-0.83023
0.087114,0.74185,-0.60644
0.048972,0.82646,-0.39867
0.068043,1.0366,-0.15875
0.042989,0.40103,0.0053206
0.10656,-0.052466,-0.0046222
0.17723,0.11515,-0.011239
0.18097,0.020605,-0.0040185
0.1993,0.046069,-0.0096311
0.17162,0.035905,-0.0040523
0.17275,0.016703,-0.0075165
0.18322,0.035392,-0.0043372
0.17013,0.0077239,-0.0052408
0.17948,0.029341,-0.0047496
0.15106,0.010371,-0.0034899
0.12226,0.016928,-0.0041648
0.1462,0.010783,-0.0025826
0.1619,0.0064792,-0.0030888
0.15031,0.012163,-0.0022752
0.15442,0.0086949,-0.0016566
0.14657,0.0068054,-0.0012742
0.12488,0.0010169,-0.0010117
0.1017,0.0067079,-0.00029188
0.091975,0.0030751,0.00012053
0.12189,0.0013955,0.00034923
0.15143,0.0032551,0.0010803
0.20341,0.00056326,0.001324
0.22996,0.00090442,0.0013877
0.20603,-0.0044529,0.0013315
0.1877,-0.0036469,0.0015527
0.13909,-0.0015962,0.0016427
0.08674,-0.0046928,0.001504
0.051216,-0.0035044,0.0016914
-0.00038735,-0.0046179,0.0017177
-0.042268,-0.0024359,0.0016764
-0.073679,-0.00095509,0.0017814
-0.089385,-0.0045691,0.0016352
-0.068818,-0.0075758,0.0017514
-0.028059,-0.0064886,0.0018826
