0.071783,-0.017893,-0.0016228
0.086366,-0.014616,-0.0017128
0.071783,-0.0091204,-0.0014391
0.069165,-0.0044942,-0.00091424
0.075148,-0.0073809,-0.00068929
0.078514,-0.0069273,-0.00049808
0.087488,-0.010305,4.3064e-06
0.068043,-0.0091992,1.1805e-05
0.064678,-0.0044604,0.00039047
0.063182,-0.015205,0.00025175
0.058695,-0.00011156,0.00073914
0.063182,-0.020559,0.0009491
0.048225,-0.00025777,0.00056293
0.059069,-0.014399,0.0016127
0.068791,-0.015093,0.00041671
0.054956,0.0078251,0.0020476
0.073278,-0.03786,0.00051044
0.068791,0.024516,0.0012978
0.085992,-0.057978,0.0017214
0.095715,0.041881,0.0002555
0.093845,-0.050307,0.0036148
0.069539,-0.0038306,-0.0025489
0.049346,0.038226,0.0061754
0.089358,-0.23099,-0.0078052
0.020179,1.7453,0.044972
0.12825,3.4294,0.24652
0.12264,2.9184,0.42907
0.093845,2.7673,0.5935
0.30624,2.7733,0.76014
0.14096,2.701,0.89297
0.17237,2.7166,1.0219
0.21986,2.681,1.122
0.01831,2.4331,1.2114
0.10992,2.2439,1.2969
0.069165,2.2707,1.3681
0.033267,2.1955,1.4287
0.095341,2.1596,1.4732
0.11292,2.0795,1.5084
0.14507,2.0086,1.5332
0.13086,1.961,1.5506
0.17948,1.8812,1.5595
0.10843,1.8171,1.5572
0.081131,1.732,1.5461
0.033267,1.6592,1.5255
-0.038529,1.5761,1.4963
-0.0078661,1.4891,1.4598
-0.072183,1.409,1.4168
0.0078393,1.2961,1.3656
-0.022076,1.1875,1.3063
-0.024319,1.0795,1.2422
0.03065,0.97581,1.1726
-0.050869,0.88228,1.1007
-0.019084,0.7495,1.0239
-0.09275,0.63374,0.94066
-0.14286,0.51676,0.85379
-0.17614,0.40862,0.76557
-0.20418,0.26032,0.67211
-0.15856,0.14157,0.57112
-0.12678,0.023473,0.47269
-0.031798,-0.16729,0.36038
0.031023,-0.25762,0.24776
0.073278,-0.53742,0.12137
0.055329,-0.43834,0.005928
0.074026,0.0094559,-0.0074153
0.087114,-0.035945,0.0048145
0.039998,-0.04534,-0.002159
0.08861,-0.012536,0.0024863
0.047103,-0.038498,-5.1931e-05
0.029528,-0.0045279,0.00088536
0.067669,-0.02878,0.00055918
0.077392,-0.0077633,-0.00013066
0.12077,-0.018744,0.00085912
0.13124,-0.018785,-0.00026563
0.1877,-0.0093041,0.00041297
0.18396,-0.016022,-0.00032187
0.16302,-0.0090454,-7.8175e-05
0.15592,-0.012386,-0.00048309
0.10207,-0.0117,-0.000873
0.1432,-0.012742,-0.00048683
0.15667,-0.011823,-0.00094048
0.15966,-0.0029233,-0.0010905
0.16901,-0.014388,-0.0013904
0.16041,-0.026336,-0.001784
0.14769,-0.0082207,-0.0017878
0.10469,-0.0060987,-0.0020202
0.12937,-0.0070472,-0.0019828
0.097211,-0.0054989,-0.001904
0.053086,-0.0077445,-0.0022452
0.029154,-0.0018399,-0.0019003
-0.0097358,-0.0067248,-0.001829
-0.019084,-0.0092179,-0.0022414
-0.023198,-0.0072272,-0.001994
0.041868,-0.0047003,-0.0020165
0.046355,-0.0041942,-0.0022977
0.049346,-0.0058026,-0.0019828
0.045607,-0.0044229,-0.0018815
-0.0048746,-0.004018,-0.0021477
0.013448,-0.0049815,-0.0020277
-0.036659,-0.0099152,-0.0019715
-0.044886,-0.007797,-0.001934
-0.016467,-0.00077138,-0.0019153
-0.01871,-0.0016299,-0.0020052
0.020179,-0.0034257,-0.0018065
0.0067175,-0.0015887,-0.0018103
0.023919,-0.002106,-0.001874
0.050468,-0.0053227,-0.0019453
0.05346,-0.0047341,-0.0017541
0.086366,-0.0011538,-0.0015928
0.096837,-0.0021323,-0.0018815
0.10581,-0.0052252,-0.0021702
0.10058,-0.0040668,-0.0027926
0.097958,-0.0083706,-0.0032162
0.12376,-0.010129,-0.0037036
0.14134,-0.0021998,-0.0037898
0.15181,-0.010133,-0.0039773
0.18359,-0.0076471,-0.0046109
0.19593,-0.0062712,-0.0042697
0.16078,-0.0091617,-0.0050271
0.15554,0.001418,-0.0043747
0.13049,-0.01432,-0.0051058
0.10394,0.0051071,-0.0050646
0.11441,-0.016004,-0.0046709
0.11628,-0.0043779,-0.0063205
0.11142,-0.0033432,-0.0034524
0.090106,-0.020247,-0.0066017
0.071409,0.016583,-0.0036736
0.032893,-0.045411,-0.0065117
0.033267,0.049113,-0.0047196
0.020553,-0.069228,-0.0035799
0.011953,0.069069,-0.0091662
-0.00038735,-0.12595,0.0058867
-0.039277,-1.5061,-0.13939
0.014944,-1.8707,-0.41373
0.03925,-1.6956,-0.62544
0.1174,-1.9033,-0.82576
0.16452,-1.8962,-1.0038
0.22285,-2.0284,-1.1549
0.34326,-2.0451,-1.2939
0.26287,-2.0387,-1.4023
0.24342,-2.0692,-1.4972
0.22809,-2.0607,-1.5763
0.1462,-2.0618,-1.6446
0.14881,-2.0225,-1.6975
0.13012,-2.0083,-1.7367
0.15031,-1.9644,-1.7658
0.14096,-1.9271,-1.7838
0.10469,-1.8892,-1.7951
0.079635,-1.8331,-1.7964
0.05346,-1.7687,-1.7874
0.044485,-1.6934,-1.7676
0.035137,-1.6193,-1.7385
0.028406,-1.5437,-1.7028
-0.04526,-1.4595,-1.6592
-0.012353,-1.3692,-1.6066
0.0085872,-1.2769,-1.5472
0.01644,-1.186,-1.4823
0.090106,-1.091,-1.4133
0.054956,-0.98128,-1.3377
0.067669,-0.8924,-1.2589
-0.017589,-0.76245,-1.1752
-0.097611,-0.64634,-1.0831
-0.12715,-0.54798,-0.9915
-0.21914,-0.41785,-0.89461
-0.20082,-0.31169,-0.79412
-0.22849,-0.16786,-0.68741
-0.19895,-0.069749,-0.57876
-0.11855,0.12156,-0.46224
-0.092376,0.2416,-0.33483
-0.014971,0.4194,-0.21026
0.023545,0.6283,-0.064845
0.056077,0.17959,0.0096884
0.061312,-0.049554,-0.0061218
0.03925,0.06917,-0.0044272
0.051216,-0.0047941,-0.0036661
0.026162,0.027657,-0.0054995
0.024293,0.0088748,-0.0031225
0.048972,0.008946,-0.0053083
0.055703,0.013846,-0.0030888
0.080757,-0.0029833,-0.0046522
0.12114,0.012365,-0.0035686
0.15143,-0.00096633,-0.0035537
0.15143,0.0034388,-0.0037636
0.1548,-0.0034069,-0.0030513
0.16975,0.0029514,-0.0034112
0.14807,0.0035437,-0.0027438
0.16415,-0.00017529,-0.0027288
0.22024,0.0027152,-0.0024027
0.21388,-0.00077888,-0.0024214
0.24379,0.0021903,-0.0022339
0.24753,0.00052952,-0.0018553
0.2064,-0.0031183,-0.0018928
0.18022,-0.0041193,-0.0014841
0.13012,-0.001165,-0.0011917
0.12114,-0.00077513,-0.0011767
0.0744,-0.0024359,-0.0011992
0.020179,-0.0021173,-0.0014841
-0.012353,-0.0015437,-0.0013829
-0.028433,-0.0012738,-0.0010905
-0.025815,-0.0036656,-0.0012367
-0.021328,-0.0019936,-0.0014204
-0.00076128,-0.0029571,-0.0012292
-0.014223,-0.0076246,-0.0011504
-0.002631,-0.0043854,-0.0015816
-0.023198,-0.0025597,-0.0013941
-0.05573,-0.00058393,-0.00079427
-0.059844,0.0019354,-0.00030313
-0.08415,-0.00067016,0.00022176
-0.08415,0.00074696,0.00085537
-0.075923,-0.0029833,0.0015302
-0.043016,0.00047704,0.0014777
-0.042642,0.0019541,0.0023025
-0.03105,-0.0040105,0.0022763
0.020927,0.0028802,0.0029811
0.040372,-0.0074034,0.0032398
0.082627,0.008305,0.0030936
0.095715,-0.010459,0.0041921
0.10992,0.0020854,0.0029474
0.14807,0.0068016,0.0053356
0.14657,-0.018403,0.0029886
0.16714,0.027549,0.0056393
0.1963,-0.03575,0.0041134
0.20042,0.041191,0.0039859
0.21238,-0.044057,0.007079
0.17723,0.022589,-4.0684e-05
0.17125,0.0060743,0.013021
0.15181,-0.086822,-0.011581
0.11666,1.4299,0.10272
0.22846,2.3687,0.45128
0.22323,2.1068,0.77145
0.25314,2.3352,1.0558
0.32868,2.4114,1.3321
0.30026,2.5599,1.5715
0.40459,2.7103,1.8042
0.41842,2.7837,2.0127
0.41917,2.9052,2.2072
0.42291,2.9533,2.3821
0.3642,3.043,2.5412
0.35672,3.0819,2.6857
0.26735,3.112,2.8111
0.24005,3.1,2.9192
0.15816,3.1034,3.0082
0.04112,3.1108,3.0859
0.003352,3.0859,3.1508
-0.063957,3.0639,3.2029
-0.03479,3.0192,3.2419
-0.0662,2.9728,3.2664
-0.057226,2.9236,3.2788
-0.051991,2.8757,3.281
-0.062461,2.8185,3.2739
0.035511,2.7551,3.2573
0.023171,2.6844,3.2314
0.087488,2.6145,3.1969
0.10955,2.5448,3.1559
0.059069,2.4567,3.109
0.0040999,2.3711,3.0543
-0.072557,2.2835,2.9922
-0.12566,2.1838,2.9226
-0.2341,2.0813,2.8449
-0.2872,1.9897,2.7623
-0.34665,1.8909,2.6754
-0.35862,1.7717,2.5818
-0.34254,1.6652,2.481
-0.31001,1.5587,2.3753
-0.24719,1.4408,2.2665
-0.18997,1.3338,2.1538
-0.089011,1.2304,2.04
-0.072931,1.0949,1.9224
-0.042642,0.96692,1.7971
-0.035538,0.86985,1.6738
-0.082654,0.72236,1.5466
-0.084897,0.59905,1.4135
-0.14323,0.46631,1.28
-0.16342,0.3233,1.1403
-0.1466,0.16799,0.99635
-0.15071,0.00067573,0.84159
-0.12977,-0.10832,0.68972
-0.11818,-0.32153,0.52847
-0.095368,-0.39598,0.36774
-0.039277,-0.66246,0.20712
0.038128,-0.72477,0.032453
0.12563,-0.10486,-0.025404
0.20304,-0.010144,-0.0037711
0.26511,-0.097136,-0.011157
0.2939,-0.015962,-0.0080639
0.2767,-0.065581,-0.0089899
0.29839,-0.023164,-0.0098148
0.27521,-0.043229,-0.0084051
0.20752,-0.032053,-0.010595
0.18546,-0.02631,-0.008885
0.093097,-0.038685,-0.01085
0.06393,-0.022767,-0.0099722
0.064304,-0.032106,-0.010463
0.03065,-0.019528,-0.010898
0.069165,-0.021785,-0.01076
0.069165,-0.034876,-0.011464
0.094593,-0.027982,-0.011374
0.098332,-0.017226,-0.011847
0.070661,-0.02364,-0.012087
0.10207,-0.02021,-0.012443
0.097211,-0.016607,-0.012492
0.10282,-0.020679,-0.012994
0.068417,-0.018429,-0.013425
0.019431,-0.018733,-0.013369
-0.0056225,-0.015846,-0.013658
-0.066948,-0.015303,-0.013429
-0.094246,-0.018242,-0.0132
-0.10733,-0.016585,-0.013361
-0.10135,-0.013469,-0.013406
-0.086019,-0.010298,-0.013215
-0.065079,-0.012779,-0.013118
-0.019832,-0.014849,-0.013493
0.0127,-0.014388,-0.013909
0.063182,-0.014943,-0.014542
0.13423,-0.012693,-0.015187
0.16602,-0.016427,-0.015716
0.18322,-0.012378,-0.015967
0.21575,-0.016633,-0.01656
0.1806,-0.015059,-0.017118
0.13348,-0.013533,-0.016961
0.12488,-0.015265,-0.018232
0.091228,-0.0063499,-0.017493
0.076644,-0.02325,-0.018749
0.081505,0.00094941,-0.018715
0.080383,-0.028068,-0.018655
0.10207,-0.011539,-0.020387
0.095341,-0.013042,-0.017673
0.094593,-0.021815,-0.021861
0.12413,0.01415,-0.017283
0.13722,-0.056658,-0.021891
0.15143,0.044873,-0.018843
0.1189,-0.096851,-0.019716
0.14283,0.1025,-0.023979
0.10207,-0.24549,-0.0099347
0.033641,-1.8692,-0.21688
0.083375,-2.194,-0.58714
0.011953,-2.0143,-0.89189
0.096837,-2.2177,-1.1873
0.21164,-2.1975,-1.4558
0.23781,-2.3768,-1.7021
0.34102,-2.4269,-1.9389
0.30325,-2.4402,-2.1522
0.2595,-2.3992,-2.3579
0.26511,-2.3419,-2.5462
0.37505,-2.3353,-2.725
0.42702,-2.2562,-2.8891
0.47713,-2.2158,-3.0389
0.52462,-2.1345,-3.1736
0.40795,-2.0661,-3.2927
0.46853,-2.0231,-3.4009
0.29876,-1.9653,-3.496
0.25277,-1.9211,-3.579
0.33765,-1.8709,-3.6474
0.12301,-1.8243,-3.7016
0.16788,-1.7759,-3.7432
0.022049,-1.7258,-3.7737
-0.0048746,-1.6806,-3.7944
0.19817,-1.6309,-3.8042
0.17275,-1.5789,-3.8036
0.17125,-1.5245,-3.7937
0.12825,-1.4774,-3.7753
0.11628,-1.4276,-3.7488
0.11105,-1.3652,-3.7129
0.12488,-1.2979,-3.6668
0.025414,-1.2345,-3.6111
-0.064705,-1.1797,-3.5475
-0.077793,-1.1119,-3.4774
-0.20867,-1.0395,-3.398
-0.17988,-0.9758,-3.3103
-0.2771,-0.91516,-3.2174
-0.43116,-0.84638,-3.119
-0.37171,-0.773,-3.0133
-0.40536,-0.71479,-2.9031
-0.37059,-0.63665,-2.7891
-0.34366,-0.54947,-2.6669
-0.37208,-0.48481,-2.5396
-0.37133,-0.41572,-2.4108
-0.36984,-0.31823,-2.2758
-0.33805,-0.24301,-2.1339
-0.34329,-0.16305,-1.9905
-0.24793,-0.045909,-1.8376
-0.22213,0.042027,-1.6773
-0.25018,0.16818,-1.5094
-0.2154,0.24663,-1.336
-0.20418,0.37225,-1.1611
-0.12603,0.47202,-0.97633
-0.066948,0.55719,-0.79651
-0.044512,0.69922,-0.60194
-0.029181,0.70277,-0.41583
0.020553,0.98373,-0.21441
0.10282,0.66476,-0.023274
0.17237,-0.031037,0.0063254
0.27147,0.064446,-0.014276
0.36757,0.058096,-0.0033737
0.4446,0.013276,-0.0096123
0.41917,0.053188,-0.005327
0.3915,0.0040273,-0.0068192
0.37318,0.038724,-0.0064518
0.27408,0.0069666,-0.0049821
0.25913,0.020399,-0.0064105
0.23258,0.014273,-0.004341
0.16938,0.0076939,-0.0053982
0.16489,0.014483,-0.0042772
0.14582,0.0039636,-0.004446
0.10805,0.011675,-0.0039398
0.084497,0.0020104,-0.0033812
0.10357,0.0023965,-0.0034337
0.074026,0.0057931,-0.0027701
0.047103,0.005302,-0.0024102
0.022049,0.0050808,-0.0018628
-0.038903,0.0093584,-0.0011654
-0.021328,0.0089423,0.00037922
-0.036659,0.0058606,0.0013915
-0.027311,0.0065392,0.0021863
-0.018336,0.00086318,0.0028387
-0.091254,0.0070078,0.0034873
-0.12341,-0.002061,0.003626
-0.1638,0.0040948,0.0039222
-0.18736,0.0014068,0.0053694
-0.18362,-0.0062937,0.0044621
-0.15782,0.0083012,0.0063516
-0.12304,-0.011145,0.0055381
-0.072931,0.014697,0.0067153
0.035885,-0.018797,0.0071202
0.07814,0.016856,0.0058605
0.14694,-0.0069498,0.0099508
0.23108,-0.01504,0.0044846
0.23557,0.016789,0.012148
0.23968,-0.069836,0.0044096
0.18471,0.10482,0.012159
0.1619,-0.18513,0.0062767
0.13909,0.57183,0.016264
0.1634,2.1697,0.30223
0.27707,2.0411,0.70115
0.23445,1.8628,1.0357
0.28904,1.9662,1.3841
0.41618,1.8618,1.6983
0.37467,1.9763,1.9985
0.41842,1.9538,2.2852
0.51041,2.0204,2.5544
0.48424,2.0427,2.8174
0.52462,2.0693,3.0609
0.60838,2.1327,3.2975
0.57847,2.1452,3.5199
0.68467,2.1805,3.7291
0.70897,2.2023,3.9245
0.62446,2.2483,4.1094
0.61549,2.2788,4.2863
0.53322,2.2921,4.4493
0.56463,2.2973,4.5991
0.48199,2.2842,4.7349
0.28568,2.2764,4.8578
0.17649,2.2451,4.9682
0.33167,2.1946,5.0614
0.18322,2.1657,5.1378
-0.24457,2.1387,5.2026
0.070287,2.1031,5.2569
0.19518,2.0524,5.3005
0.1791,1.9982,5.3316
0.15816,1.9477,5.3489
-0.051243,1.8906,5.3534
0.017562,1.8414,5.3471
-0.25093,1.7952,5.3322
-0.33244,1.7376,5.3077
-0.34142,1.6746,5.2721
-0.42219,1.6265,5.228
-0.14174,1.5754,5.177
-0.24831,1.515,5.1187
-0.52427,1.4581,5.0525
-0.6028,1.3975,4.9781
-0.44612,1.3345,4.8954
-0.19484,1.2679,4.8034
-0.019458,1.2088,4.7043
-0.0063704,1.1509,4.5998
-0.47005,1.0759,4.4886
-0.50109,0.99546,4.3691
-0.27748,0.93896,4.2431
-0.30403,0.87656,4.114
-0.098733,0.79827,3.9788
-0.12229,0.75122,3.8409
-0.27,0.67519,3.7014
-0.41172,0.58021,3.5515
-0.4091,0.52587,3.398
-0.29281,0.45487,3.2445
-0.21615,0.36271,3.0835
0.021675,0.29531,2.9173
-0.041521,0.20998,2.7493
-0.22737,0.090836,2.5708
-0.35002,0.011282,2.3849
-0.30851,-0.090493,2.1948
-0.14473,-0.1766,1.9977
-0.040773,-0.27562,1.7987
0.16901,-0.37356,1.5932
0.09048,-0.4645,1.3883
-0.016093,-0.6154,1.174
0.0052217,-0.65795,0.96155
-0.022824,-0.82464,0.74501
0.0048478,-0.8446,0.52156
0.040372,-1.0024,0.30821
0.13161,-1.0766,0.065304
0.083749,-0.25589,-0.054377
-0.0097358,-0.0010188,-0.029063
-0.073679,-0.15082,-0.032958
-0.050869,-0.027014,-0.034004
0.091228,-0.086627,-0.031399
0.1978,-0.046704,-0.035002
0.27969,-0.056699,-0.031789
0.13199,-0.054045,-0.035212
0.0067175,-0.037628,-0.03294
-0.01011,-0.056729,-0.03466
-0.042268,-0.034509,-0.034653
0.033267,-0.048376,-0.034608
0.08674,-0.038816,-0.035594
0.13984,-0.041006,-0.03508
0.044111,-0.039656,-0.036246
-0.035164,-0.034205,-0.036415
-0.058348,-0.03801,-0.036947
-0.083402,-0.038921,-0.038083
0.11553,-0.036368,-0.039414
0.18284,-0.03428,-0.040322
0.17536,-0.032915,-0.041368
0.17312,-0.032034,-0.042181
0.06393,-0.032867,-0.043389
0.059817,-0.022677,-0.043359
0.11516,-0.034842,-0.044326
0.20677,-0.02334,-0.044993
0.24192,-0.031974,-0.044382
0.20341,-0.02887,-0.04635
0.14694,-0.022122,-0.044854
0.00036053,-0.038985,-0.04761
-0.048251,-0.0038418,-0.045477
-0.00076128,-0.04985,-0.0471
0.06393,0.0065167,-0.047918
0.091228,-0.049838,-0.045214
0.094219,-0.010695,-0.051794
0.09048,-0.014785,-0.041754
-0.01871,-0.074312,-0.056912
0.010831,0.13997,-0.033892
-0.0018831,-1.1099,-0.11248
0.062808,-2.1674,-0.47558
0.15779,-1.8063,-0.85607
0.047103,-1.8968,-1.1937
0.2408,-1.8804,-1.5394
0.26548,-1.8464,-1.8453
0.23407,-1.9141,-2.1471
0.45395,-1.8773,-2.4279
0.37991,-1.9466,-2.6984
0.29278,-1.936,-2.9571
0.27147,-1.988,-3.2012
0.19219,-2.0098,-3.4387
0.16788,-2.0151,-3.6607
0.31709,-2.0295,-3.8706
0.46591,-2.0452,-4.0677
0.47825,-2.0838,-4.2575
0.55528,-2.0863,-4.437
0.45993,-2.0857,-4.6021
0.39487,-2.0862,-4.754
0.39449,-2.0818,-4.8923
0.3283,-2.0706,-5.0172
0.32569,-2.0503,-5.1263
0.31634,-2.0202,-5.2197
0.40758,-1.9932,-5.2981
0.35822,-1.9754,-5.3633
0.43076,-1.9594,-5.4172
0.51191,-1.9313,-5.4597
0.45769,-1.8887,-5.4883
0.51565,-1.8489,-5.502
0.35747,-1.8119,-5.5037
0.23145,-1.7766,-5.4948
0.084123,-1.7423,-5.4754
-0.066948,-1.7006,-5.447
-0.14024,-1.6519,-5.4084
-0.19895,-1.6072,-5.3599
-0.1006,-1.5697,-5.3046
-0.10247,-1.5221,-5.2423
-0.10509,-1.4661,-5.1714
-0.16791,-1.4084,-5.0918
-0.25242,-1.3442,-5.0031
-0.23859,-1.293,-4.9067
-0.31412,-1.2355,-4.8038
-0.33282,-1.1635,-4.6935
-0.36386,-1.099,-4.5756
-0.37956,-1.0319,-4.4515
-0.38517,-0.97448,-4.3228
-0.38928,-0.90326,-4.1893
-0.29804,-0.83799,-4.0502
-0.29916,-0.78466,-3.9092
-0.29505,-0.68659,-3.7622
-0.32908,-0.61346,-3.6064
-0.43864,-0.5598,-3.4499
-0.51007,-0.47191,-3.2909
-0.53175,-0.38725,-3.1243
-0.48987,-0.3253,-2.9543
-0.44762,-0.22524,-2.7811
-0.31038,-0.10547,-2.5964
-0.20344,-0.019295,-2.4056
-0.15108,0.087645,-2.2092
-0.027311,0.16669,-2.0085
0.042242,0.2816,-1.804
0.07814,0.36068,-1.5943
0.10432,0.47509,-1.3858
0.088984,0.5984,-1.1677
0.042989,0.66846,-0.95524
0.0048478,0.83558,-0.7303
0.046355,0.81953,-0.5111
0.10506,1.0928,-0.28679
0.16377,0.88814,-0.05353
0.23594,0.04094,0.0099209
0.23445,0.047557,-0.01807
0.261,0.096669,-0.0059569
0.27109,0.0088673,-0.011086
0.18172,0.071832,-0.0087987
0.18022,0.0093772,-0.0082664
0.19406,0.042219,-0.0092636
0.16676,0.018364,-0.006388
0.21014,0.01944,-0.0086413
0.20977,0.019994,-0.0061218
0.18957,0.0057294,-0.0070104
0.20416,0.01932,-0.0059794
0.17424,0.0083987,-0.0056044
0.15891,0.016365,-0.0055295
0.10132,0.011765,-0.0042885
0.011205,0.0075477,-0.0045622
-0.047877,0.0070228,-0.0038686
-0.091254,0.0087286,-0.0031975
-0.086767,0.011068,-0.0023877
-0.054234,0.0070416,-0.0011204
0.029528,0.0070078,-6.6928e-05
0.11404,0.0087811,0.001189
0.13984,0.0036375,0.0018302
0.14208,0.0045335,0.0019764
0.10656,-0.0026159,0.0033298
0.066922,-0.0096003,0.0031948
0.028032,0.0069103,0.0040946
-0.016093,-0.0053864,0.0044658
-0.037407,0.0091372,0.0045445
-0.056478,-0.0023122,0.0060142
-0.028807,0.0018567,0.0046495
0.0082132,0.0045072,0.0075364
0.038876,-0.020135,0.0049345
0.093845,0.027714,0.0077388
0.15293,-0.035877,0.0067003
0.18883,0.040104,0.0063254
0.16302,-0.037534,0.01033
0.13086,0.02062,0.0024188
0.085992,0.013745,0.017224
0.077392,-0.10008,-0.0092974
0.083001,1.3818,0.10687
0.17162,2.2424,0.4834
0.26025,1.8004,0.84305
0.18135,1.8879,1.1741
0.26212,1.8297,1.5069
0.27633,1.842,1.8045
0.12713,1.8804,2.0977
0.15779,1.856,2.3674
0.16938,1.9264,2.6299
0.1346,1.9152,2.8797
0.172,1.9466,3.1152
0.20565,1.9405,3.3375
0.26137,1.9811,3.5465
0.40234,2.0099,3.7499
0.5164,2.0031,3.9398
0.52649,2.0109,4.1165
0.51415,2.0052,4.2783
0.43375,2.001,4.4256
0.3313,1.9856,4.5594
0.23407,1.9662,4.6776
0.17574,1.9337,4.7775
0.15816,1.9154,4.8607
0.1376,1.9097,4.9333
0.23145,1.8888,4.9946
0.29128,1.8607,5.0425
0.35224,1.8178,5.0771
0.41543,1.7706,5.097
0.4016,1.7405,5.104
0.34027,1.7182,5.1018
0.20416,1.6797,5.0889
0.10731,1.6332,5.0644
-0.034042,1.5925,5.03
-0.12753,1.549,4.9874
-0.12528,1.5088,4.9369
-0.12229,1.4583,4.8786
-0.079662,1.3971,4.8123
-0.051617,1.3431,4.7368
-0.063209,1.2828,4.6523
-0.13687,1.2255,4.56
-0.19184,1.1747,4.4616
-0.23746,1.1023,4.3567
-0.3145,1.0217,4.2433
-0.38293,0.96542,4.1225
-0.43154,0.90899,3.9982
-0.4091,0.83382,3.8684
-0.38554,0.77768,3.7335
-0.34815,0.71132,3.597
-0.30477,0.61612,3.4527
-0.31711,0.55199,3.3022
-0.32758,0.49423,3.1522
-0.36348,0.39844,2.9964
-0.43827,0.32433,2.8339
-0.51792,0.24568,2.6699
-0.534,0.13461,2.497
-0.50969,0.05221,2.3168
-0.45285,-0.057291,2.1299
-0.33581,-0.13952,1.9376
-0.25018,-0.24855,1.7422
-0.15557,-0.34418,1.54
-0.072931,-0.4423,1.3401
-0.054982,-0.57816,1.1295
-0.032172,-0.63006,0.92302
-0.03292,-0.80088,0.70838
-0.04713,-0.80456,0.49206
-0.039651,-1.0229,0.27897
-0.012727,-0.97254,0.044259
0.10394,-0.14086,-0.044135
0.1978,-0.030227,-0.015907
0.26847,-0.13189,-0.024811
0.3844,-0.022819,-0.022254
0.36458,-0.086009,-0.022262
0.35186,-0.030306,-0.024107
0.35298,-0.05647,-0.021711
0.25426,-0.042213,-0.025066
0.21164,-0.038291,-0.022618
0.1791,-0.050989,-0.024815
0.15405,-0.02947,-0.024332
0.16527,-0.042539,-0.024706
0.15891,-0.030081,-0.02543
0.17162,-0.032368,-0.02513
0.16975,-0.03142,-0.025955
0.13984,-0.03305,-0.026274
0.094967,-0.02914,-0.026742
0.025788,-0.02929,-0.026742
-0.020954,-0.031513,-0.027627
-0.030302,-0.030951,-0.028699
-0.011605,-0.041302,-0.0297
0.0026042,-0.033935,-0.030686
0.029528,-0.027588,-0.031841
0.072157,-0.023412,-0.032062
0.056077,-0.02583,-0.032501
0.028032,-0.024034,-0.033573
0.0067175,-0.026366,-0.03327
-0.070688,-0.027543,-0.034593
-0.11967,-0.01414,-0.033974
-0.15819,-0.030842,-0.035245
-0.19558,-0.01239,-0.035658
-0.1638,-0.03581,-0.035302
-0.11893,-0.013019,-0.037454
-0.017589,-0.019153,-0.034556
0.066922,-0.030006,-0.039107
0.12563,0.010956,-0.034705
0.14433,-0.063129,-0.039178
0.1361,0.045593,-0.0367
0.15592,-0.10107,-0.03634
0.12974,0.090202,-0.043441
0.10132,-0.21574,-0.024838
0.065052,-1.813,-0.23529
0.1892,-2.0511,-0.63654
0.17798,-1.763,-0.97475
0.19593,-1.928,-1.3117
0.5134,-1.8264,-1.6308
0.50667,-1.9057,-1.9243
0.53584,-1.8901,-2.209
0.59156,-1.9221,-2.4713
0.42889,-1.9704,-2.7299
0.39674,-1.9698,-2.9715
0.36719,-2.0058,-3.2012
0.41431,-2.0083,-3.4165
0.47825,-2.057,-3.6231
0.56576,-2.0678,-3.8214
0.60988,-2.0764,-4.0047
0.57136,-2.0806,-4.175
0.59642,-2.0772,-4.3305
0.45843,-2.0716,-4.4719
0.36121,-2.0583,-4.5974
0.25015,-2.0432,-4.7081
0.16901,-2.0113,-4.8021
0.14919,-1.9947,-4.8802
0.12451,-1.984,-4.9467
0.27371,-1.9645,-5.002
0.33092,-1.9332,-5.0444
0.40907,-1.8921,-5.0718
0.43076,-1.8586,-5.0865
0.35373,-1.8224,-5.0897
0.24267,-1.7867,-5.0819
0.066548,-1.7521,-5.0648
-0.060591,-1.7047,-5.0374
-0.21952,-1.6579,-4.9998
-0.27149,-1.6196,-4.9542
-0.27935,-1.5734,-4.9016
-0.25467,-1.5171,-4.8405
-0.18736,-1.4632,-4.7705
-0.13912,-1.3997,-4.6918
-0.11444,-1.3372,-4.604
-0.16941,-1.2813,-4.5101
-0.19184,-1.2089,-4.4088
-0.27074,-1.1414,-4.2996
-0.33544,-1.0737,-4.1843
-0.37171,-1.0092,-4.0632
-0.39153,-0.94848,-3.9383
-0.32534,-0.87147,-3.8076
-0.32983,-0.81296,-3.6729
-0.27972,-0.73559,-3.5348
-0.25055,-0.64359,-3.3876
-0.31337,-0.5896,-3.2367
-0.35712,-0.51161,-3.0858
-0.45809,-0.41245,-2.9271
-0.54522,-0.34715,-2.7641
-0.56429,-0.25407,-2.5982
-0.53811,-0.14613,-2.4225
-0.5153,-0.03927,-2.2395
-0.41583,0.055576,-2.0497
-0.25691,0.14765,-1.8577
-0.16866,0.2659,-1.6575
-0.060217,0.33915,-1.4571
0.003352,0.48972,-1.2531
0.01457,0.55973,-1.0436
0.0089611,0.69225,-0.83795
-0.062461,0.78539,-0.61748
-0.07854,0.84199,-0.41249
-0.073679,1.1121,-0.17837
-0.041894,0.49941,-0.0016566
0.056077,-0.064909,-0.00313
0.13535,0.12047,-0.013823
0.26885,0.027046,-0.0047796
0.32344,0.033363,-0.011453
0.28941,0.041154,-0.0055745
0.33279,0.010431,-0.0089075
0.31036,0.041203,-0.006313
0.25464,0.0075627,-0.0065867
0.23108,0.026578,-0.0068567
0.20416,0.009156,-0.0051808
0.18658,0.010483,-0.0063205
0.18434,0.011072,-0.0047384
0.21612,0.008065,-0.0047834
0.20378,0.0075964,-0.0042547
0.16676,0.0030526,-0.0038236
0.11703,0.0070453,-0.0032612
0.038128,0.0021941,-0.0030025
-0.029181,0.0091298,-0.0026988
-0.074427,0.0087249,-0.0016641
-0.062087,0.0082112,-0.00078677
-0.035164,0.009141,0.00037172
0.024293,0.0056582,0.0015977
0.096463,0.0012568,0.0022501
0.129,-0.00092884,0.0023738
0.15405,0.0073715,0.0035323
0.14919,-0.003302,0.0036597
0.098332,0.0042185,0.0040946
0.010457,-0.00049021,0.0052306
-0.0576,0.0013618,0.0047133
-0.14921,0.0031801,0.0066328
-0.20381,-0.012078,0.0052119
-0.19259,0.017355,0.007169
-0.16492,-0.019929,0.0064266
-0.085645,0.020545,0.0066253
-0.028059,-0.022756,0.0091148
0.050468,0.0069253,0.004882
0.085245,0.0089798,0.012185
0.091975,-0.041054,0.0028424
0.098332,0.089239,0.015147
0.080383,-0.19462,-0.0001794
0.088236,0.8354,0.039472
0.1189,2.2177,0.36174
0.26025,1.9208,0.74575
0.27184,1.8619,1.0719
0.33055,1.9161,1.4104
0.4805,1.8579,1.7128
0.38701,1.9507,2.0059
0.40347,1.9008,2.28
0.4517,1.9834,2.5401
0.37916,2.0009,2.7925
0.40421,2.0299,3.0281
0.44385,2.0474,3.2524
0.46629,2.0599,3.4608
0.54818,2.1086,3.6632
0.654,2.1163,3.8549
0.66447,2.1263,4.0325
0.67569,2.1173,4.1962
0.65662,2.1145,4.3453
0.56164,2.1123,4.4803
0.49022,2.0983,4.5995
0.38365,2.07,4.7014
0.33092,2.0424,4.7864
0.29278,2.0311,4.8591
0.31709,2.0142,4.9203
0.39561,1.9909,4.9695
0.45582,1.9557,5.0056
0.51228,1.9064,5.0265
0.4704,1.8697,5.0347
0.38664,1.8382,5.0336
0.22921,1.7925,5.0218
0.063556,1.7456,4.9989
-0.11219,1.7045,4.9661
-0.29131,1.6587,4.9245
-0.37433,1.6122,4.8749
-0.39901,1.5698,4.8181
-0.37395,1.5134,4.7535
-0.33394,1.444,4.6795
-0.27299,1.3792,4.597
-0.27149,1.3225,4.5062
-0.30515,1.2661,4.409
-0.30851,1.1944,4.306
-0.36311,1.117,4.1949
-0.43827,1.0493,4.076
-0.50707,0.98354,3.9526
-0.51007,0.91095,3.8247
-0.48539,0.84811,3.691
-0.46071,0.78554,3.5556
-0.40948,0.69354,3.4147
-0.41995,0.61954,3.2658
-0.44612,0.56402,3.1167
-0.48352,0.46977,2.9646
-0.54858,0.38793,2.8047
-0.62524,0.31329,2.6423
-0.65254,0.20566,2.4734
-0.59644,0.11086,2.297
-0.52951,-0.0043667,2.113
-0.39527,-0.090039,1.9233
-0.25392,-0.19609,1.731
-0.13501,-0.29409,1.5316
-0.029928,-0.39657,1.3338
-0.0078661,-0.53744,1.1258
0.013822,-0.5953,0.92121
-0.012727,-0.77014,0.70965
-0.063209,-0.77927,0.49489
-0.084523,-0.98783,0.28611
-0.11743,-0.9863,0.052568
-0.035911,-0.16728,-0.044071
0.050094,-0.016701,-0.016432
0.13012,-0.1364,-0.023957
0.27558,-0.024315,-0.022543
0.3111,-0.084678,-0.021662
0.32793,-0.03338,-0.024309
0.34326,-0.05505,-0.021478
0.30213,-0.044549,-0.024909
0.29764,-0.034989,-0.022712
0.27371,-0.048882,-0.02456
0.22734,-0.030055,-0.02435
0.20154,-0.044474,-0.024564
0.18172,-0.033275,-0.025254
0.17349,-0.034044,-0.02507
0.13722,-0.031086,-0.025775
0.094593,-0.033163,-0.025895
0.044859,-0.029635,-0.026682
-0.034416,-0.02502,-0.0266
-0.079288,-0.030535,-0.027155
-0.097237,-0.029924,-0.028111
-0.086019,-0.030741,-0.029022
-0.060965,-0.02779,-0.030154
0.0011084,-0.028128,-0.031294
0.07814,-0.022782,-0.031954
0.09048,-0.025695,-0.031954
0.11254,-0.025935,-0.033067
0.1189,-0.019014,-0.032996
0.065426,-0.027494,-0.033806
0.0040999,-0.014676,-0.034143
-0.059096,-0.031742,-0.034357
-0.11855,-0.015925,-0.03562
-0.15744,-0.023224,-0.034226
-0.14809,-0.026872,-0.037255
-0.10247,-0.0030958,-0.034597
-0.057974,-0.049227,-0.037532
0.029154,0.019278,-0.036216
0.077018,-0.059428,-0.036018
0.089732,0.015409,-0.040153
0.1017,-0.041047,-0.03186
0.10207,-0.030973,-0.046868
0.13423,0.068184,-0.0202
0.046729,-1.3636,-0.1387
0.14694,-2.166,-0.5191
0.21986,-1.7866,-0.87934
0.15143,-1.9351,-1.2091
0.46816,-1.895,-1.5394
0.57062,-1.9199,-1.8331
0.57548,-1.9694,-2.1216
0.71982,-1.9621,-2.3864
0.59118,-2.0396,-2.6443
0.52836,-2.0402,-2.8886
0.5422,-2.0813,-3.1189
0.54781,-2.0866,-3.3364
0.54781,-2.1347,-3.5412
0.61661,-2.1633,-3.7402
0.7187,-2.1671,-3.9248
0.67233,-2.1796,-4.0963
0.70262,-2.177,-4.2535
0.61923,-2.1804,-4.3967
0.53098,-2.1664,-4.525
0.47751,-2.1485,-4.6376
0.36682,-2.121,-4.7336
0.39412,-2.1,-4.8135
0.36645,-2.0908,-4.8821
0.42403,-2.0713,-4.9391
0.49022,-2.0371,-4.9836
0.54033,-1.9942,-5.0144
0.57473,-1.951,-5.0304
0.52612,-1.9138,-5.0344
0.42328,-1.8806,-5.0289
0.21837,-1.8387,-5.0135
0.082627,-1.7897,-4.9881
-0.14398,-1.7396,-4.9525
-0.30253,-1.6929,-4.908
-0.37657,-1.6476,-4.8565
-0.45958,-1.593,-4.7977
-0.41247,-1.5349,-4.73
-0.40387,-1.4697,-4.6537
-0.36759,-1.4038,-4.5689
-0.38554,-1.3453,-4.4766
-0.41546,-1.2776,-4.3779
-0.41247,-1.208,-4.272
-0.46108,-1.1342,-4.1588
-0.47641,-1.0662,-4.0393
-0.52166,-1.0031,-3.916
-0.51007,-0.92403,-3.7876
-0.51941,-0.86488,-3.6536
-0.51567,-0.79206,-3.5178
-0.46818,-0.68958,-3.3743
-0.52914,-0.62548,-3.2239
-0.54222,-0.56007,-3.0745
-0.58111,-0.46363,-2.9191
-0.6817,-0.38999,-2.7576
-0.70489,-0.29965,-2.5942
-0.67422,-0.19521,-2.4228
-0.61926,-0.08686,-2.2435
-0.52614,0.012478,-2.0562
-0.3732,0.098319,-1.8665
-0.23036,0.22886,-1.6695
-0.090133,0.30125,-1.4707
-0.0041267,0.44214,-1.2706
0.024293,0.53154,-1.0623
0.059443,0.64446,-0.8592
0.022049,0.77057,-0.64084
-0.0045007,0.80019,-0.43577
-0.020954,1.0951,-0.20845
-0.040025,0.61257,-0.013414
0.023545,-0.053239,0.0020176
0.09908,0.097835,-0.015281
0.2049,0.047711,-0.0040485
0.28755,0.024707,-0.011352
0.29727,0.045911,-0.0059044
0.33429,0.0059506,-0.0081726
0.33877,0.039159,-0.0068079
0.31409,-0.0020161,-0.0060206
0.2939,0.023815,-0.0069541
0.26436,0.0080013,-0.0049371
0.24641,0.0025202,-0.0060543
0.2049,0.016257,-0.0046971
0.20603,0.0041773,-0.0046147
0.19855,0.0071728,-0.004056
0.14358,0.0045747,-0.0038273
0.1088,0.0075927,-0.0031262
0.050468,0.0030114,-0.0026988
-0.014597,0.0062055,-0.0025864
-0.06994,0.0048746,-0.0015291
-0.074053,0.0013805,-0.00096298
-0.057226,0.0051595,0.00028924
-0.019084,-0.0013675,0.0011403
0.0658,0.00070947,0.0019876
0.10544,0.0019129,0.002685
0.13236,0.0046797,0.0028799
0.13535,-0.0012775,0.0040722
0.10955,-0.0048391,0.003821
0.085245,0.0080875,0.0050807
0.02691,-0.0072797,0.0050469
-0.053487,0.0090848,0.0052606
-0.1006,-0.0064024,0.0067603
-0.10584,0.00099815,0.0055231
-0.10995,-0.0020086,0.0081063
-0.062461,-0.01104,0.0055568
-0.0093619,0.022964,0.009231
0.040372,-0.041148,0.0067341
0.094593,0.041814,0.0080425
0.11778,-0.055391,0.0099996
0.14881,0.04187,0.0038772
0.13236,-0.026362,0.017479
0.15106,-0.020821,-0.0090949
0.14358,1.5594,0.13735
0.21949,2.2214,0.52474
0.32344,1.8002,0.8741
0.28381,1.9429,1.2041
0.4517,1.8881,1.5297
0.48125,1.9298,1.8228
0.39636,1.959,2.1096
0.52911,1.9695,2.3717
0.52313,2.042,2.6289
0.50667,2.0405,2.8709
0.56089,2.0828,3.0987
0.56426,2.0833,3.313
0.57323,2.1382,3.5161
0.66859,2.1598,3.7129
0.76469,2.1579,3.8944
0.73365,2.1773,4.0629
0.73664,2.1694,4.2167
0.65812,2.167,4.3561
0.56276,2.1517,4.4813
0.50368,2.1201,4.5894
0.39524,2.0965,4.6796
0.37392,2.0822,4.756
0.39225,2.0685,4.8217
0.45357,2.0406,4.8756
0.49845,2.0005,4.9169
0.55229,1.9601,4.9433
0.56949,1.911,4.9555
0.52836,1.8797,4.9576
0.41842,1.8475,4.9501
0.2064,1.793,4.9318
0.02691,1.7437,4.9031
-0.19334,1.6938,4.8649
-0.3732,1.649,4.8187
-0.45622,1.6042,4.7652
-0.48127,1.5512,4.7041
-0.45884,1.4856,4.6344
-0.4349,1.414,4.556
-0.41546,1.3561,4.469
-0.45921,1.2972,4.3749
-0.47791,1.2348,4.275
-0.47379,1.1591,4.1681
-0.52988,1.083,4.0533
-0.57513,1.0185,3.9325
-0.5942,0.94084,3.8072
-0.61813,0.87467,3.6761
-0.61739,0.817,3.5425
-0.57999,0.72914,3.4057
-0.57363,0.64232,3.2597
-0.5841,0.59128,3.1113
-0.63085,0.51032,2.9623
-0.71386,0.41105,2.8053
-0.74378,0.34203,2.6445
-0.77893,0.24493,2.4789
-0.75836,0.14708,2.3064
-0.66525,0.032355,2.1258
-0.55344,-0.056433,1.9381
-0.35937,-0.15661,1.7491
-0.20007,-0.26584,1.5523
-0.076671,-0.35175,1.3566
0.020179,-0.50683,1.1525
0.068791,-0.56291,0.9483
0.080009,-0.72946,0.74168
0.021301,-0.77414,0.52576
0.0018563,-0.91701,0.32228
-0.039651,-1.052,0.087611
-0.026937,-0.29184,-0.040487
0.070661,0.018791,-0.01852
0.11366,-0.14283,-0.020114
0.23819,-0.024814,-0.022584
0.32307,-0.077015,-0.01909
0.32008,-0.043919,-0.023353
0.36271,-0.047604,-0.019645
0.36944,-0.050971,-0.023147
0.34962,-0.031483,-0.021253
0.31222,-0.055308,-0.022562
0.27034,-0.029204,-0.022862
0.24641,-0.043806,-0.022562
0.22248,-0.033519,-0.023747
0.21537,-0.030737,-0.023439
0.19443,-0.032923,-0.024159
0.14246,-0.029628,-0.024013
0.089732,-0.030156,-0.025029
0.020927,-0.024075,-0.025115
-0.053861,-0.030827,-0.025314
-0.090506,-0.028698,-0.026375
-0.09275,-0.030422,-0.026967
-0.052365,-0.030377,-0.028156
-0.0059964,-0.02571,-0.029258
0.044859,-0.025279,-0.03
0.095341,-0.020075,-0.029914
0.11591,-0.028709,-0.030758
0.1462,-0.019783,-0.03189
0.12825,-0.024416,-0.031519
0.071409,-0.028252,-0.032906
0.010083,-0.015081,-0.032287
-0.06807,-0.030658,-0.033644
-0.082654,-0.0080332,-0.033345
-0.097611,-0.033185,-0.033607
-0.099481,-0.00605,-0.035189
-0.029928,-0.025286,-0.032827
0.026162,-0.023704,-0.03727
0.10357,0.0039674,-0.032227
0.13647,-0.057873,-0.038308
0.17275,0.047703,-0.033333
0.17088,-0.11294,-0.036494
0.16639,0.12193,-0.03832
0.17948,-0.34975,-0.029378
0.10544,-1.9294,-0.2725
0.26137,-2.0139,-0.67289
0.23931,-1.8047,-1.0043
0.28343,-1.971,-1.3402
0.61586,-1.8817,-1.6511
0.58221,-1.9845,-1.9413
0.69514,-1.966,-2.22
0.7617,-2.0209,-2.4774
0.60427,-2.0649,-2.7306
0.62372,-2.0727,-2.9655
0.61661,-2.115,-3.1886
0.63157,-2.1313,-3.3979
0.64054,-2.1825,-3.5997
0.75011,-2.1877,-3.7911
0.77366,-2.1979,-3.9673
0.70486,-2.203,-4.1306
0.72954,-2.2001,-4.2788
0.60352,-2.1946,-4.4129
0.5336,-2.178,-4.5313
0.44423,-2.155,-4.6339
0.39599,-2.1255,-4.7201
0.38178,-2.1099,-4.7921
0.37206,-2.0943,-4.8538
0.47077,-2.0658,-4.904
0.47788,-2.0257,-4.9397
0.55641,-1.9833,-4.9618
0.54444,-1.941,-4.9714
0.46629,-1.9022,-4.9696
0.33765,-1.8656,-4.9589
0.13012,-1.814,-4.9382
-0.046756,-1.7642,-4.9064
-0.28346,-1.7227,-4.8663
-0.39227,-1.6719,-4.8187
-0.46818,-1.6185,-4.7631
-0.49922,-1.5635,-4.6995
-0.48389,-1.4991,-4.6273
-0.47342,-1.4316,-4.5457
-0.45397,-1.3725,-4.4565
-0.5239,-1.3078,-4.3614
-0.50782,-1.2324,-4.259
-0.51979,-1.1595,-4.1489
-0.58298,-1.0895,-4.0319
-0.59196,-1.0272,-3.9107
-0.59046,-0.95401,-3.7856
-0.57588,-0.88029,-3.6538
-0.59196,-0.81812,-3.5199
-0.55456,-0.72427,-3.3808
-0.55643,-0.6414,-3.2325
-0.61065,-0.58957,-3.0842
-0.63758,-0.49396,-2.9326
-0.68806,-0.40866,-2.7733
-0.75013,-0.33235,-2.6118
-0.76285,-0.22681,-2.4434
-0.66301,-0.12332,-2.2676
-0.58186,-0.014755,-2.0834
-0.43827,0.066115,-1.8956
-0.26887,0.19361,-1.7025
-0.16193,0.27,-1.504
0.003352,0.39033,-1.3069
0.052712,0.5141,-1.0998
0.067669,0.59189,-0.89864
0.087862,0.75572,-0.68395
0.062434,0.75477,-0.47655
0.060565,1.0421,-0.26002
0.036259,0.80252,-0.0407
0.060191,0.0095196,0.0094897
0.10918,0.051539,-0.01614
0.20191,0.079169,-0.0040673
0.30886,0.0092385,-0.009886
0.33017,0.063022,-0.0065905
0.36944,0.0014893,-0.0070216
0.37168,0.039744,-0.0073965
0.347,0.012658,-0.0050121
0.36121,0.015582,-0.0070966
0.31222,0.016395,-0.0046822
0.28343,0.0074127,-0.0057132
0.25763,0.017235,-0.0045772
0.22622,0.0067191,-0.004371
0.21762,0.010618,-0.0041198
0.16639,0.0041473,-0.0034149
0.12301,0.0055982,-0.00319
0.059069,0.0035025,-0.0023202
-0.0067443,0.0063292,-0.0024027
-0.058348,0.0044322,-0.0012967
-0.095368,0.002419,5.5726e-07
-0.078914,0.0078963,0.00075039
-0.051243,0.0083612,0.0022463
0.00073447,0.0028089,0.0030524
0.080383,-0.0020535,0.0030749
0.11217,0.0030151,0.0042034
0.11404,0.0022616,0.0041059
0.12413,0.0026252,0.0052081
0.09048,-0.0078233,0.0052756
0.02878,-0.0036019,0.0056506
-0.027311,-0.020068,0.006959
-0.063209,0.0044247,0.0056206
-0.073679,0.0013131,0.0085224
-0.077419,-0.015415,0.0055531
-0.059096,0.026139,0.0091635
0.0018563,-0.040811,0.007169
0.066922,0.045173,0.0077951
0.11553,-0.045636,0.011057
0.1447,0.034735,0.0037422
0.15779,-0.0085618,0.018199
0.18696,-0.057978,-0.0089262
0.15293,1.4978,0.12609
0.24417,2.2471,0.51276
0.35972,1.83,0.86931
0.30774,1.9757,1.2036
0.46517,1.9186,1.5344
0.54743,1.9624,1.8302
0.49246,2.0098,2.1215
0.60689,2.0073,2.3883
0.63157,2.0821,2.6484
0.6383,2.0882,2.8936
0.67195,2.1566,3.128
0.6555,2.1566,3.3504
0.66934,2.1798,3.5555
0.72057,2.2123,3.7531
0.77254,2.2399,3.9402
0.78114,2.2585,4.1171
0.78787,2.2556,4.2795
0.73403,2.265,4.428
0.70224,2.2502,4.5633
0.63718,2.24,4.683
0.54968,2.2184,4.7873
0.54145,2.1838,4.8748
0.49059,2.1627,4.9469
0.52462,2.147,5.0086
0.54893,2.1237,5.0594
0.5579,2.0829,5.0967
0.57024,2.042,5.1208
0.50667,1.9946,5.1313
0.3829,1.9472,5.1298
0.1806,1.9138,5.1189
0.013074,1.8607,5.0983
-0.2083,1.8097,5.0672
-0.39863,1.7659,5.0266
-0.48987,1.7032,4.978
-0.5583,1.6592,4.922
-0.57663,1.6091,4.8592
-0.60168,1.5392,4.7879
-0.5598,1.4823,4.7083
-0.52914,1.416,4.6211
-0.54858,1.3512,4.5265
-0.51754,1.2855,4.4256
-0.52241,1.2066,4.3175
-0.58784,1.131,4.2022
-0.63309,1.0587,4.08
-0.62374,0.99491,3.9527
-0.63646,0.91971,3.8209
-0.63421,0.85296,3.6849
-0.62038,0.78911,3.5472
-0.65927,0.68719,3.4021
-0.70302,0.61648,3.2505
-0.72321,0.56109,3.0995
-0.72695,0.45756,2.943
-0.74939,0.38317,2.7799
-0.70526,0.29526,2.6149
-0.6402,0.18316,2.442
-0.57064,0.092755,2.2617
-0.42668,-0.016945,2.0734
-0.29804,-0.09681,1.883
-0.15183,-0.22038,1.6878
-0.023945,-0.30296,1.4864
0.030276,-0.42753,1.2864
0.046729,-0.54752,1.0766
0.033641,-0.62485,0.87261
-0.0097358,-0.79284,0.65504
-0.039277,-0.79091,0.445
-0.027311,-1.0684,0.22647
-0.013475,-0.82292,0.0067566
0.088236,-0.036215,-0.043002
0.20266,-0.07628,-0.017332
0.27184,-0.10105,-0.02925
0.33354,-0.031168,-0.023094
0.34139,-0.086556,-0.026206
0.36869,-0.033013,-0.025917
0.38402,-0.066701,-0.025194
0.33952,-0.037362,-0.027368
0.29353,-0.045673,-0.025415
0.25501,-0.045478,-0.027578
0.21201,-0.034449,-0.026682
0.17349,-0.042547,-0.027676
0.14919,-0.033159,-0.02783
0.12526,-0.040151,-0.028069
0.072905,-0.035049,-0.028748
0.015318,-0.036736,-0.029213
-0.027311,-0.031431,-0.029355
-0.072183,-0.034659,-0.029344
-0.088263,-0.039296,-0.031155
-0.075175,-0.031266,-0.032134
-0.022076,-0.032694,-0.032771
0.060565,-0.033755,-0.034443
0.11479,-0.027554,-0.03487
0.16938,-0.02977,-0.03514
0.19556,-0.023033,-0.036051
0.16228,-0.029815,-0.035856
0.13909,-0.02971,-0.037146
0.095341,-0.017882,-0.036588
0.0070914,-0.032439,-0.038162
-0.050495,-0.0083894,-0.03778
-0.093872,-0.035378,-0.037832
-0.10322,-0.010399,-0.039936
-0.053861,-0.024645,-0.037221
0.0052217,-0.027097,-0.041758
0.078888,0.00069448,-0.036704
0.12376,-0.064043,-0.042507
0.18359,0.045105,-0.038286
0.18247,-0.11263,-0.040176
0.18957,0.11339,-0.043677
0.17312,-0.31353,-0.031691
0.097958,-1.8995,-0.26817
0.25539,-2.0287,-0.67218
0.20977,-1.8235,-1.0088
0.28755,-2.0011,-1.3504
0.61811,-1.9064,-1.6666
0.59417,-2.0111,-1.96
0.72393,-1.9989,-2.2435
0.79124,-2.0506,-2.5057
0.67345,-2.0921,-2.7621
0.70486,-2.1172,-3.0007
0.68018,-2.1744,-3.2328
0.67457,-2.1638,-3.4486
0.67868,-2.2085,-3.6507
0.80321,-2.2338,-3.8454
0.81555,-2.261,-4.0292
0.77292,-2.2702,-4.2017
0.84172,-2.2676,-4.3585
0.71084,-2.2759,-4.5028
0.66709,-2.2629,-4.633
0.56949,-2.2497,-4.7478
0.50705,-2.2273,-4.8477
0.50443,-2.1948,-4.9309
0.46292,-2.1758,-5.0002
0.5508,-2.1567,-5.0587
0.53247,-2.1295,-5.1058
0.58034,-2.0919,-5.1401
0.56052,-2.0417,-5.1603
0.49658,-1.9981,-5.1673
0.36009,-1.9585,-5.1633
0.13199,-1.9173,-5.15
-0.0071182,-1.8681,-5.1271
-0.25205,-1.8145,-5.0939
-0.38704,-1.766,-5.0512
-0.46818,-1.715,-5.0008
-0.52091,-1.6644,-4.943
-0.50745,-1.6081,-4.8778
-0.51268,-1.5445,-4.8045
-0.47192,-1.4767,-4.7221
-0.51081,-1.411,-4.6314
-0.52016,-1.3508,-4.5351
-0.5325,-1.2774,-4.432
-0.60093,-1.2013,-4.321
-0.63646,-1.1281,-4.203
-0.64805,-1.0654,-4.0799
-0.64842,-0.99528,-3.9536
-0.69554,-0.91513,-3.8206
-0.65927,-0.85843,-3.6841
-0.64655,-0.77492,-3.5452
-0.67572,-0.68317,-3.3967
-0.64842,-0.62463,-3.245
-0.68021,-0.54439,-3.0931
-0.71648,-0.45018,-2.9333
-0.71872,-0.38034,-2.7697
-0.64767,-0.28183,-2.6021
-0.5598,-0.17543,-2.4259
-0.42107,-0.069479,-2.243
-0.25541,0.028415,-2.0518
-0.15333,0.12016,-1.8591
-0.033668,0.23922,-1.6594
0.0082132,0.31393,-1.4586
0.029154,0.47024,-1.2546
0.061686,0.54048,-1.045
0.047851,0.66919,-0.83888
-1.3407e-05,0.77587,-0.61858
-0.0093619,0.83241,-0.41344
0.037754,1.1041,-0.17962
0.046355,0.50531,-0.0017578
0.15368,-0.06458,-0.0020427
0.28343,0.1165,-0.013384
0.35635,0.030319,-0.0042098
0.41132,0.038571,-0.010748
0.36944,0.041832,-0.0051433
0.3743,0.012485,-0.0084538
0.34999,0.038766,-0.0058444
0.27969,0.0029701,-0.0061143
0.28231,0.028358,-0.0064368
0.22285,0.0087436,-0.0047346
0.19107,0.011402,-0.005507
0.18471,0.013332,-0.004071
0.13647,0.0065767,-0.0045097
0.10992,0.0071915,-0.0038048
0.09048,0.0047059,-0.00331
0.066548,0.0071653,-0.0027326
-0.0071182,0.0026177,-0.0024626
-0.042642,0.0073152,-0.0021027
-0.041894,0.0062243,-0.00095173
-0.050495,0.0054857,0.00019176
0.025414,0.0059468,0.0012678
0.12226,0.0041961,0.00243
0.17424,-0.0051315,0.0032736
0.2049,0.00036082,0.0032361
0.19743,0.0023665,0.0043496
0.15704,-0.0015099,0.0044171
0.089732,0.0073152,0.0053506
0.025414,-0.0066461,0.0054856
-0.033294,0.011844,0.0061379
-0.081158,-0.011737,0.007184
-0.083776,0.001433,0.006003
-0.065827,0.0043085,0.0087961
-0.015345,-0.013822,0.0056018
0.047851,0.02525,0.0093322
0.13947,-0.038078,0.0071465
0.19219,0.046207,0.0084662
0.2079,-0.050138,0.010551
0.21949,0.043175,0.0044546
0.15255,-0.02502,0.018083
0.1346,-0.025432,-0.0087725
0.093471,1.5571,0.13854
0.17424,2.2187,0.52744
0.29951,1.8154,0.87858
0.27109,1.9678,1.2118
0.436,1.9005,1.5393
0.48461,1.9573,1.8331
0.42665,1.9888,2.1217
0.55753,1.9959,2.386
0.57323,2.068,2.6441
0.58557,2.07,2.8872
0.64765,2.1246,3.1188
0.64092,2.1132,3.3366
0.64017,2.1644,3.5397
0.73515,2.1899,3.7368
0.83985,2.1903,3.9219
0.81442,2.2177,4.0948
0.80246,2.2158,4.2531
0.73328,2.2135,4.3983
0.63194,2.2001,4.529
0.51714,2.1828,4.6438
0.41842,2.1482,4.7421
0.39823,2.118,4.8234
0.36532,2.1071,4.8928
0.43749,2.0835,4.9518
0.48237,2.0456,4.9989
0.53023,2.0026,5.0322
0.56875,1.9607,5.051
0.52163,1.9153,5.0574
0.41581,1.8704,5.0536
0.21014,1.8321,5.0403
0.028032,1.7751,5.0165
-0.19596,1.7205,4.9823
-0.4106,1.6827,4.9394
-0.51268,1.6328,4.8893
-0.55232,1.5801,4.832
-0.54297,1.5174,4.7666
-0.48613,1.4528,4.6923
-0.4536,1.3923,4.6094
-0.48314,1.3252,4.5186
-0.49511,1.2646,4.4213
-0.52652,1.1967,4.3181
-0.56728,1.1192,4.2074
-0.62486,1.0452,4.0885
-0.67647,0.98144,3.9649
-0.65179,0.9103,3.837
-0.66861,0.84154,3.7037
-0.64693,0.78224,3.5688
-0.60916,0.69016,3.4283
-0.63047,0.60969,3.2792
-0.61926,0.55764,3.1301
-0.65889,0.46469,2.9783
-0.70863,0.37855,2.8176
-0.71386,0.31394,2.655
-0.68058,0.20591,2.4869
-0.61626,0.10389,2.3101
-0.488,-0.00030651,2.1257
-0.29692,-0.078567,1.9364
-0.17389,-0.19081,1.7447
-0.046756,-0.29244,1.5445
0.056077,-0.38416,1.3466
0.077392,-0.53508,1.1396
0.097958,-0.58721,0.93418
0.066922,-0.75845,0.72332
-0.0011352,-0.78094,0.50768
-0.022076,-0.96631,0.30027
-0.019458,-1.0145,0.064546
0.03738,-0.20892,-0.043227
0.13311,-0.0039955,-0.016769
0.21874,-0.13677,-0.022611
0.34326,-0.025504,-0.022412
0.38327,-0.088105,-0.020537
0.3728,-0.034707,-0.023634
0.38776,-0.055301,-0.020481
0.33055,-0.053111,-0.023942
0.28941,-0.032717,-0.021681
0.24828,-0.051957,-0.02336
0.18957,-0.03118,-0.02336
0.17798,-0.043293,-0.023649
0.15592,-0.035195,-0.024429
0.14059,-0.036743,-0.024088
0.11366,-0.033317,-0.024879
0.075148,-0.032267,-0.024995
0.050094,-0.030801,-0.025704
-0.010858,-0.025466,-0.025602
-0.056852,-0.032837,-0.026506
-0.066948,-0.03091,-0.027631
-0.042268,-0.03046,-0.028516
0.0063435,-0.032211,-0.029738
0.069165,-0.030422,-0.030818
0.14732,-0.023974,-0.03108
0.18135,-0.026546,-0.031571
0.18957,-0.021027,-0.032497
0.15741,-0.024251,-0.032381
0.1002,-0.02463,-0.033622
0.042989,-0.018171,-0.033026
-0.04339,-0.029294,-0.034484
-0.072183,-0.0068523,-0.034068
-0.099855,-0.038235,-0.034582
-0.10172,-0.0099452,-0.036153
-0.01871,-0.028518,-0.033719
0.049346,-0.023202,-0.038185
0.14283,-0.0016936,-0.033078
0.18359,-0.063729,-0.039178
0.22958,0.046031,-0.033918
0.21837,-0.11382,-0.037589
0.21238,0.12301,-0.038758
0.18583,-0.37561,-0.031515
0.059817,-1.9442,-0.27967
0.23893,-2.005,-0.68129
0.20715,-1.8156,-1.0146
0.25314,-1.9785,-1.3535
0.58894,-1.8869,-1.6657
0.568,-1.9933,-1.9579
0.72094,-1.9733,-2.2388
0.77628,-2.0266,-2.4982
0.64615,-2.0685,-2.7524
0.67981,-2.0932,-2.9904
0.66074,-2.1309,-3.219
0.6914,-2.1282,-3.43
0.71122,-2.1834,-3.6318
0.81405,-2.2005,-3.826
0.83611,-2.2151,-4.007
0.78301,-2.2186,-4.1753
0.78413,-2.2212,-4.3284
0.67158,-2.2194,-4.4691
0.60876,-2.2021,-4.5945
0.47302,-2.1827,-4.704
0.42067,-2.1482,-4.7979
0.37766,-2.1211,-4.8756
0.33877,-2.1051,-4.9413
0.42964,-2.0851,-4.9969
0.42328,-2.0473,-5.0402
0.51228,-1.9987,-5.0692
0.50331,-1.9547,-5.0843
0.43712,-1.9144,-5.0879
0.32008,-1.873,-5.0814
0.12862,-1.8283,-5.0653
-0.028059,-1.7801,-5.0391
-0.26102,-1.7273,-5.0033
-0.38031,-1.6773,-4.9588
-0.47155,-1.6313,-4.9064
-0.51717,-1.5757,-4.8471
-0.4981,-1.5146,-4.7795
-0.46856,-1.4485,-4.703
-0.45921,-1.3806,-4.6174
-0.50932,-1.3232,-4.525
-0.49361,-1.255,-4.4268
-0.52839,-1.1789,-4.3203
-0.58037,-1.1089,-4.2063
-0.60991,-1.0441,-4.087
-0.62038,-0.97983,-3.9639
-0.60467,-0.90422,-3.8347
-0.60804,-0.84358,-3.7006
-0.55606,-0.77181,-3.5647
-0.56429,-0.6738,-3.4208
-0.57663,-0.60859,-3.2706
-0.56915,-0.5455,-3.1204
-0.6301,-0.44745,-2.9647
-0.66488,-0.37348,-2.8026
-0.67422,-0.29105,-2.6381
-0.60692,-0.18889,-2.466
-0.49847,-0.084194,-2.2867
-0.37582,0.02639,-2.0985
-0.23111,0.10134,-1.9073
-0.11257,0.22671,-1.711
0.013822,0.30247,-1.5097
0.075148,0.42819,-1.309
0.10731,0.54045,-1.0989
0.12152,0.6292,-0.89462
0.077392,0.78361,-0.67633
0.045981,0.78326,-0.46756
0.023171,1.0738,-0.24518
0.02878,0.75266,-0.030731
0.068791,-0.016768,0.0081063
0.16415,0.063235,-0.015555
0.28755,0.071854,-0.0032762
0.33391,0.014071,-0.009706
0.34401,0.057301,-0.0055107
0.34887,0.0063705,-0.0067704
0.33578,0.042016,-0.0066692
0.29203,0.010806,-0.0045847
0.25501,0.018266,-0.0064105
0.24641,0.013666,-0.0040185
0.20677,0.0093922,-0.0049708
0.19556,0.016437,-0.0039586
0.19855,0.0063667,-0.0038798
0.15704,0.012039,-0.0034599
0.126,0.0055682,-0.0027288
0.10506,0.0063255,-0.0024401
0.054956,0.0036824,-0.0020427
0.00073447,0.0024603,-0.0018553
-0.037033,0.009051,-0.0006368
-0.041521,0.0080538,0.00049545
-0.0052485,0.00068698,0.0013465
0.053834,0.0075777,0.0025125
0.12413,-0.011302,0.003491
0.16901,-0.018283,0.0034798
0.19032,0.0066179,0.004717
0.19443,-0.0038268,0.004837
0.15816,0.0060481,0.0054106
0.094593,-0.0034332,0.0063816
0.033641,0.0043273,0.0058193
-0.034042,0.0041436,0.0078138
-0.073679,-0.0095966,0.0062392
-0.078166,0.015012,0.0087774
-0.0662,-0.021305,0.0073602
-0.0097358,0.02699,0.0082712
0.079261,-0.027363,0.0097784
0.14545,0.018255,0.0064304
0.15554,-0.0053039,0.013385
0.18733,-0.024068,0.0033973
0.17536,0.072747,0.017697
0.15181,-0.18571,-0.0023914
0.11591,1.0073,0.059035
0.13909,2.2437,0.40352
0.29465,1.879,0.78044
0.26174,1.8924,1.1076
0.35149,1.9306,1.4457
0.50742,1.9061,1.7453
0.42927,1.99,2.0376
0.53023,1.9609,2.3088
0.61923,2.0447,2.5689
0.59081,2.0461,2.8183
0.64166,2.0938,3.0523
0.66522,2.1024,3.2761
0.66111,2.1172,3.4826
0.71234,2.171,3.683
0.82452,2.1811,3.8723
0.8305,2.1964,4.0493
0.80956,2.1928,4.2126
0.77703,2.1926,4.3615
0.67495,2.1832,4.4979
0.58146,2.1657,4.6182
0.46928,2.1383,4.7226
0.43189,2.1033,4.8105
0.34962,2.0805,4.8838
0.34962,2.0653,4.9468
0.43936,2.0333,4.9986
0.45245,1.9872,5.0363
0.50331,1.9452,5.0601
0.47751,1.8948,5.0713
0.3829,1.8602,5.0715
0.23706,1.8151,5.0621
0.064678,1.7538,5.0424
-0.13687,1.715,5.0121
-0.35825,1.6662,4.9722
-0.47641,1.6169,4.925
-0.52876,1.5694,4.8711
-0.54746,1.5098,4.8085
-0.52727,1.4503,4.7373
-0.47641,1.3859,4.6578
-0.46856,1.3138,4.5697
-0.49773,1.25,4.4746
-0.50932,1.1921,4.3735
-0.54895,1.1139,4.266
-0.61626,1.0388,4.1503
-0.65328,0.98195,4.028
-0.63122,0.91178,3.9024
-0.64468,0.83945,3.7711
-0.63346,0.78237,3.6365
-0.55008,0.70376,3.4988
-0.5411,0.61304,3.3516
-0.54933,0.55856,3.2014
-0.55269,0.48344,3.0513
-0.59196,0.38312,2.8927
-0.62299,0.32077,2.7301
-0.60617,0.22633,2.5644
-0.56616,0.12518,2.3893
-0.48763,0.020767,2.2074
-0.31487,-0.072509,2.0188
-0.20044,-0.15683,1.8284
-0.09462,-0.28023,1.6298
0.039624,-0.34552,1.4304
0.084497,-0.50238,1.2271
0.11105,-0.57995,1.0171
0.079261,-0.69889,0.81095
0.010457,-0.80154,0.59072
-0.0074922,-0.85336,0.38564
-0.024319,-1.1199,0.15245
0.0048478,-0.53124,-0.026172
0.081879,0.038934,-0.026997
0.16078,-0.13607,-0.015495
0.27483,-0.049805,-0.024564
0.31484,-0.059346,-0.017815
0.30811,-0.06443,-0.023304
0.33055,-0.031108,-0.019705
0.30774,-0.060208,-0.022022
0.26399,-0.02872,-0.021921
0.21949,-0.052763,-0.02158
0.18621,-0.031926,-0.023106
0.15031,-0.038063,-0.022168
0.129,-0.036233,-0.023597
0.14246,-0.027873,-0.023199
0.1174,-0.036023,-0.023818
0.090106,-0.030625,-0.024125
0.081505,-0.033028,-0.024718
0.043363,-0.025927,-0.025033
-0.0030049,-0.02938,-0.02522
-0.034042,-0.031716,-0.026341
-0.016093,-0.028866,-0.027413
0.019431,-0.028214,-0.028433
0.072157,-0.027937,-0.029505
0.1432,-0.021286,-0.030296
0.17686,-0.023967,-0.03051
0.1978,-0.027839,-0.031455
0.20378,-0.022066,-0.031312
0.17611,-0.027768,-0.032508
0.11516,-0.014654,-0.032561
0.023545,-0.028956,-0.032898
-0.03105,-0.015366,-0.033862
-0.056104,-0.028949,-0.032786
-0.076297,-0.02171,-0.035527
-0.025815,-0.0088393,-0.032583
0.04972,-0.044492,-0.036449
0.126,0.014637,-0.033824
0.16527,-0.064823,-0.035485
0.21313,0.032272,-0.037232
0.2251,-0.069,-0.031402
0.18658,0.014213,-0.044742
0.18995,-0.014601,-0.017872
0.067295,-1.5492,-0.17072
0.18284,-2.1365,-0.56328
0.24342,-1.7846,-0.91531
0.16975,-1.9607,-1.2492
0.51826,-1.8926,-1.575
0.60128,-1.9527,-1.8684
0.65587,-1.9775,-2.1568
0.82452,-1.9856,-2.4203
0.69102,-2.0557,-2.678
0.68055,-2.0615,-2.9211
0.69813,-2.1139,-3.1531
0.69177,-2.1073,-3.3705
0.68018,-2.1504,-3.5741
0.73889,-2.179,-3.7723
0.84471,-2.1898,-3.9579
0.79124,-2.1973,-4.1311
0.78862,-2.1925,-4.289
0.71084,-2.1976,-4.4343
0.60801,-2.1777,-4.565
0.49583,-2.1592,-4.6796
0.41842,-2.1334,-4.7795
0.39524,-2.1022,-4.863
0.31522,-2.0823,-4.9331
0.39524,-2.0612,-4.9928
0.40608,-2.0279,-5.0405
0.45395,-1.983,-5.0741
0.48199,-1.9383,-5.0943
0.41768,-1.8952,-5.1023
0.36832,-1.853,-5.099
0.15928,-1.811,-5.086
0.0026042,-1.7626,-5.0638
-0.18885,-1.7118,-5.0315
-0.36124,-1.6631,-4.9901
-0.44014,-1.6163,-4.9416
-0.51268,-1.5649,-4.8856
-0.51418,-1.5037,-4.8214
-0.4981,-1.4371,-4.7481
-0.46071,-1.3693,-4.6654
-0.50782,-1.3119,-4.5754
-0.51268,-1.2485,-4.4796
-0.49959,-1.1719,-4.3756
-0.57663,-1.1022,-4.2639
-0.6043,-1.0372,-4.1466
-0.61739,-0.97647,-4.025
-0.59757,-0.90009,-3.8978
-0.60243,-0.83289,-3.7649
-0.54783,-0.77635,-3.6306
-0.49847,-0.68172,-3.4907
-0.52128,-0.60518,-3.3414
-0.48838,-0.55567,-3.191
-0.52502,-0.46431,-3.0384
-0.56616,-0.37571,-2.8773
-0.58784,-0.30659,-2.7135
-0.55718,-0.20231,-2.544
-0.48389,-0.10392,-2.3659
-0.38741,0.0071315,-2.1801
-0.22213,0.085433,-1.9888
-0.1294,0.18569,-1.7955
-0.0071182,0.29298,-1.5937
0.085245,0.37795,-1.3945
0.09048,0.52438,-1.1867
0.12563,0.57998,-0.97935
0.086366,0.74659,-0.76781
0.049346,0.77872,-0.54985
0.039998,0.95046,-0.34119
-0.0030049,1.0177,-0.10229
0.04112,0.21309,0.014161
0.12675,-0.027858,-0.011611
0.2079,0.12162,-0.0070891
0.30849,0.0038699,-0.0060431
0.32307,0.058827,-0.0084276
0.30437,0.015975,-0.0046522
0.30736,0.030709,-0.0077415
0.27184,0.027714,-0.0039961
0.23332,0.0071278,-0.0061556
0.21164,0.022754,-0.0045697
0.17162,0.0040648,-0.0044947
0.15255,0.020635,-0.0045022
0.15741,0.0058456,-0.0033699
0.1533,0.0048746,-0.0035949
0.15928,0.0066329,-0.0026164
0.14395,0.0089423,-0.0024027
0.10768,0.0068878,-0.001874
0.043363,0.00049953,-0.0018703
-0.00824,0.0096621,-0.00098922
0.0070914,0.0047771,0.00031549
0.013822,0.0034762,0.0012265
0.05346,0.009201,0.0021826
0.12825,0.0063367,0.0034685
0.18434,-0.0012438,0.0039822
0.23706,0.004496,0.0043046
0.22585,-0.00098883,0.0053694
0.19892,0.0016917,0.0053019
0.1705,0.0047097,0.0063929
0.10506,-0.006916,0.0058343
0.056451,0.01157,0.0072027
0.026536,-0.01047,0.0072927
-0.0059964,0.010978,0.0073564
-0.00824,-0.01263,0.009366
0.041868,0.0015867,0.0068053
0.088984,0.010356,0.011342
0.16676,-0.027146,0.0067491
0.1963,0.042368,0.011848
0.20378,-0.068044,0.0082825
0.2079,0.088065,0.0097484
0.15368,-0.12695,0.014292
0.13947,0.25533,-0.00053557
0.090106,1.9104,0.22369
0.21164,2.0995,0.62332
0.30026,1.8056,0.95883
0.28755,1.9609,1.297
0.47227,1.8664,1.6133
0.44236,1.9593,1.9063
0.43749,1.9476,2.1899
0.57996,1.9901,2.4514
0.56837,2.0349,2.7079
0.61212,2.0463,2.9474
0.64129,2.0891,3.177
0.62334,2.0826,3.3906
0.65139,2.1318,3.5936
0.74861,2.1534,3.7896
0.82976,2.1624,3.9722
0.80545,2.1648,4.1422
0.78675,2.1591,4.2972
0.70636,2.1545,4.4387
0.59417,2.1361,4.5657
0.49134,2.1037,4.6767
0.4016,2.0706,4.7702
0.33504,2.049,4.8493
0.30774,2.0311,4.9172
0.35859,2.0052,4.9743
0.39786,1.9624,5.0192
0.44423,1.9134,5.0491
0.45731,1.8703,5.065
0.41693,1.8335,5.0697
0.29166,1.7912,5.0645
0.12264,1.7454,5.0495
-0.066948,1.6933,5.024
-0.28907,1.6402,4.9887
-0.42593,1.5949,4.9458
-0.5239,1.545,4.8959
-0.54372,1.4923,4.8376
-0.51867,1.4328,4.7704
-0.49137,1.3673,4.6949
-0.49062,1.301,4.6107
-0.52315,1.2333,4.5183
-0.49511,1.1722,4.4201
-0.55195,1.1051,4.3156
-0.57438,1.0262,4.2024
-0.66936,0.96402,4.0818
-0.79201,0.90031,3.9578
-0.6574,0.82623,3.829
-0.57924,0.77542,3.6954
-0.47267,0.7027,3.5596
-0.39227,0.61293,3.4158
-0.43229,0.55382,3.2666
-0.42817,0.49006,3.1181
-0.47155,0.39534,2.9628
-0.48875,0.3188,2.8013
-0.52876,0.24357,2.638
-0.54671,0.13685,2.4655
-0.49212,0.043369,2.2854
-0.42855,-0.054442,2.0987
-0.28907,-0.13923,1.9077
-0.12827,-0.25533,1.712
0.034763,-0.32919,1.5111
0.13498,-0.4523,1.3111
0.13573,-0.57274,1.1006
0.10207,-0.63516,0.89543
0.01457,-0.80346,0.67828
-0.024319,-0.79708,0.46622
-0.00824,-1.0613,0.24867
-0.0063704,-0.86645,0.022938
0.085618,-0.060456,-0.038443
0.19668,-0.067009,-0.011374
0.27707,-0.10927,-0.022622
0.34289,-0.029268,-0.017681
0.3384,-0.085218,-0.019739
0.31783,-0.026081,-0.019911
0.28642,-0.063042,-0.019015
0.21687,-0.036518,-0.021617
0.14732,-0.045047,-0.019285
0.084497,-0.046895,-0.021478
0.04972,-0.029643,-0.020725
0.091601,-0.041122,-0.021741
0.14919,-0.027787,-0.021921
0.20079,-0.034576,-0.021913
0.21724,-0.02812,-0.022731
0.17873,-0.030527,-0.023053
0.12413,-0.030745,-0.02345
0.03925,-0.026167,-0.023229
-0.014223,-0.032428,-0.024347
-0.023945,-0.032713,-0.025535
0.0011084,-0.027566,-0.026502
0.042242,-0.027134,-0.02771
0.096837,-0.028094,-0.028741
0.18022,-0.024934,-0.028752
0.20042,-0.026235,-0.029577
0.21051,-0.018013,-0.029918
0.21762,-0.026778,-0.030289
0.15741,-0.018538,-0.031511
0.097584,-0.020806,-0.030668
0.015318,-0.027787,-0.032741
-0.024319,-0.009754,-0.031346
-0.032172,-0.035495,-0.033165
-0.011605,0.00073572,-0.032917
0.071409,-0.040226,-0.032227
0.14283,-0.002316,-0.035624
0.20864,-0.022279,-0.030675
0.22323,-0.031967,-0.03814
0.23706,0.030023,-0.029337
0.17349,-0.11199,-0.040041
0.13161,0.17214,-0.027863
0.076644,-0.74083,-0.056968
0.037754,-2.1191,-0.36928
0.20864,-1.8898,-0.76008
0.14807,-1.8539,-1.0873
0.29241,-1.9423,-1.4265
0.59118,-1.8797,-1.7303
0.5938,-1.9764,-2.0227
0.77815,-1.94,-2.2969
0.76656,-2.0172,-2.5563
0.63045,-2.0325,-2.8085
0.65812,-2.0658,-3.0442
0.61063,-2.0824,-3.2696
0.61362,-2.0956,-3.4779
0.654,-2.1463,-3.6801
0.76207,-2.1514,-3.8726
0.77329,-2.1636,-4.0517
0.74375,-2.1567,-4.217
0.72318,-2.1589,-4.3678
0.61063,-2.1471,-4.5057
0.53547,-2.1243,-4.6272
0.41506,-2.1023,-4.7335
0.38926,-2.0642,-4.8232
0.32905,-2.0424,-4.898
0.3197,-2.0287,-4.9629
0.36458,-1.9984,-5.017
0.38327,-1.9552,-5.0575
0.48985,-1.9089,-5.0839
0.45096,-1.8647,-5.0972
0.40721,-1.8226,-5.0991
0.25426,-1.7812,-5.0911
0.063182,-1.735,-5.0736
-0.12304,-1.6824,-5.0458
-0.33992,-1.6336,-5.0082
-0.40574,-1.5886,-4.9627
-0.49511,-1.542,-4.9106
-0.50184,-1.4854,-4.8507
-0.47828,-1.4201,-4.7817
-0.45584,-1.3561,-4.7037
-0.44463,-1.2942,-4.6171
-0.49174,-1.235,-4.5242
-0.46856,-1.1651,-4.4243
-0.5067,-1.093,-4.3161
-0.55718,-1.0265,-4.2017
-0.59308,-0.96395,-4.0819
-0.58859,-0.89546,-3.9575
-0.5856,-0.82375,-3.8272
-0.58111,-0.77447,-3.6935
-0.47043,-0.69304,-3.5565
-0.45697,-0.59893,-3.4099
-0.44612,-0.54711,-3.2597
-0.42369,-0.47232,-3.1092
-0.48352,-0.37955,-2.9506
-0.52914,-0.31547,-2.7878
-0.52614,-0.22158,-2.6222
-0.46893,-0.12199,-2.4471
-0.41322,-0.020491,-2.2641
-0.28495,0.078828,-2.0733
-0.15071,0.16087,-1.8808
-0.043764,0.28023,-1.6808
0.083001,0.34737,-1.4793
0.12301,0.48628,-1.2755
0.14507,0.56506,-1.0644
0.15891,0.68414,-0.85843
0.097584,0.80155,-0.63675
0.052712,0.83563,-0.42967
0.032145,1.1125,-0.19744
0.013822,0.57653,-0.0067592
0.075148,-0.055398,0.0019501
0.17349,0.10489,-0.013114
0.27371,0.039137,-0.0023127
0.3227,0.033243,-0.0093911
0.28904,0.049248,-0.0039211
0.29203,0.010607,-0.0069092
0.27857,0.043538,-0.0047421
0.21799,0.0017292,-0.004431
0.20266,0.023867,-0.0051021
0.16639,0.012961,-0.00313
0.12713,0.011192,-0.004326
0.14881,0.017093,-0.0028076
0.14807,0.0014105,-0.003085
0.15405,0.0027452,-0.0023389
0.15741,0.005302,-0.0018065
0.13386,0.007094,-0.0013829
0.10095,0.00094941,-0.0010417
0.023545,0.0046534,-0.00071928
0.003726,0.010573,0.00063417
0.024667,0.0072702,0.0016389
0.024667,0.0072103,0.00261
0.098332,0.0093847,0.0039672
0.16751,0.00095316,0.0045708
0.19294,0.0055794,0.0047882
0.22996,0.0035025,0.0059392
0.22061,0.0019354,0.0058867
0.17723,0.0052908,0.0070227
0.1275,-0.0061925,0.0066253
0.069165,0.0089273,0.0077201
0.013074,-0.012585,0.0080388
-0.020954,0.0080988,0.0077238
-0.02245,-0.010706,0.010093
0.0078393,-0.002346,0.0069628
0.057199,0.011042,0.011537
0.13049,-0.032387,0.0075551
0.18172,0.04785,0.011777
0.1978,-0.06816,0.0096847
0.20004,0.078265,0.0088186
0.17013,-0.10137,0.016508
0.12974,0.17322,-0.00325
0.069165,1.8276,0.20208
0.18509,2.1244,0.60203
0.26399,1.7972,0.94156
0.22323,1.9582,1.2802
0.41768,1.8594,1.6005
0.43301,1.9491,1.8949
0.38851,1.9466,2.1816
0.55753,1.9757,2.4454
0.56127,2.0241,2.7043
0.55342,2.034,2.946
0.60016,2.0799,3.179
0.61325,2.06,3.396
0.62521,2.1085,3.6001
0.68467,2.1272,3.7979
0.77778,2.1391,3.9835
0.77628,2.1481,4.1575
0.75011,2.1328,4.3158
0.68093,2.1393,4.4612
0.60165,2.122,4.593
0.50219,2.0935,4.7084
0.41057,2.0626,4.8074
0.34999,2.0227,4.8896
0.31409,2.0087,4.9593
0.36009,1.997,5.0199
0.36869,1.9531,5.0686
0.41581,1.9014,5.1028
0.45432,1.8554,5.1229
0.42403,1.8105,5.1308
0.30549,1.7743,5.1277
0.13012,1.7349,5.1161
-0.029928,1.6767,5.0941
-0.24681,1.6242,5.0607
-0.40349,1.5842,5.0195
-0.48763,1.5336,4.9709
-0.51792,1.4779,4.9142
-0.51119,1.4239,4.8496
-0.47865,1.3608,4.7767
-0.44837,1.2918,4.6948
-0.48539,1.2275,4.6044
-0.47529,1.1717,4.508
-0.49773,1.1107,4.4059
-0.55905,1.0343,4.2956
-0.59906,0.96423,4.1771
-0.63047,0.90662,4.0544
-0.60467,0.83618,3.927
-0.60505,0.76806,3.7935
-0.52988,0.70524,3.6581
-0.45397,0.62161,3.5163
-0.47342,0.5514,3.3668
-0.44238,0.49896,3.2178
-0.4622,0.41304,3.0646
-0.51792,0.33007,2.9034
-0.52166,0.26686,2.7408
-0.51081,0.1607,2.5712
-0.47753,0.068315,2.392
-0.36759,-0.032094,2.2078
-0.21989,-0.12443,2.0155
-0.10621,-0.21249,1.8216
0.0011084,-0.31658,1.6203
0.082627,-0.39227,1.4194
0.11067,-0.55017,1.212
0.13049,-0.60052,1.001
0.1103,-0.74751,0.79201
0.020553,-0.81887,0.56981
-0.0041267,-0.90521,0.36268
-0.0048746,-1.1167,0.12387
0.024293,-0.41449,-0.033678
0.14096,0.032287,-0.020909
0.21911,-0.14587,-0.015907
0.28867,-0.037613,-0.021865
0.29951,-0.078901,-0.016477
0.27221,-0.054345,-0.021797
0.27521,-0.039682,-0.017872
0.21313,-0.060459,-0.021298
0.1705,-0.026546,-0.019859
0.16041,-0.052189,-0.020455
0.11778,-0.030505,-0.021625
0.12039,-0.036462,-0.020676
0.13086,-0.032912,-0.022191
0.13984,-0.035971,-0.021621
0.14732,-0.037695,-0.022434
0.12152,-0.028638,-0.022862
0.10619,-0.029661,-0.023248
0.043737,-0.024356,-0.023409
-0.010858,-0.031195,-0.023927
-0.002257,-0.031011,-0.025396
-0.00824,-0.026962,-0.026382
0.026536,-0.031135,-0.027308
0.11217,-0.029339,-0.028647
0.16788,-0.021428,-0.028834
0.21313,-0.025365,-0.029524
0.2322,-0.021852,-0.030334
0.21463,-0.026193,-0.030488
0.17499,-0.018126,-0.031489
0.11105,-0.022294,-0.030765
0.063182,-0.028417,-0.032677
0.017936,-0.006901,-0.031564
-0.013101,-0.039004,-0.033082
0.0055957,-0.0047153,-0.033356
0.023171,-0.037632,-0.032152
0.078514,-0.0084269,-0.035815
0.15554,-0.019112,-0.030664
0.16676,-0.042712,-0.038132
0.20453,0.033667,-0.02988
0.16863,-0.12079,-0.038938
0.15293,0.16616,-0.03057
0.087488,-0.63405,-0.047801
0.012327,-2.0815,-0.34421
0.18808,-1.9153,-0.7394
0.13872,-1.8396,-1.0688
0.2782,-1.9466,-1.4101
0.56089,-1.8673,-1.7168
0.52462,-1.9688,-2.0104
0.70673,-1.9306,-2.2883
0.72804,-2.0009,-2.5495
0.57884,-2.0185,-2.804
0.61511,-2.0497,-3.0418
0.62185,-2.0732,-3.2707
0.60165,-2.0742,-3.4818
0.63381,-2.1231,-3.6853
0.76282,-2.1314,-3.88
0.74824,-2.1466,-4.0621
0.74038,-2.1405,-4.2309
0.74487,-2.1428,-4.3854
0.61025,-2.134,-4.5273
0.53322,-2.1083,-4.6528
0.41581,-2.0929,-4.7639
0.38402,-2.055,-4.8596
0.30923,-2.0245,-4.9384
0.28418,-2.0096,-5.0056
0.35373,-1.9817,-5.0626
0.34924,-1.9436,-5.1066
0.43787,-1.8964,-5.1374
0.42815,-1.8503,-5.1544
0.3814,-1.8082,-5.1594
0.24716,-1.7651,-5.1547
0.077392,-1.722,-5.14
-0.06994,-1.6728,-5.1152
-0.29131,-1.6193,-5.0803
-0.38816,-1.5714,-5.0368
-0.46482,-1.5298,-4.9865
-0.48239,-1.474,-4.9285
-0.4536,-1.4119,-4.862
-0.44687,-1.351,-4.7868
-0.43752,-1.2833,-4.7026
-0.46893,-1.2255,-4.6111
-0.46033,-1.1603,-4.513
-0.5082,-1.0904,-4.4069
-0.55082,-1.0237,-4.2941
-0.56429,-0.95719,-4.1753
-0.58597,-0.89745,-4.0518
-0.57812,-0.82197,-3.9228
-0.56429,-0.76792,-3.7892
-0.46183,-0.70873,-3.6535
-0.42481,-0.60993,-3.5095
-0.42369,-0.54569,-3.3586
-0.4106,-0.48553,-3.208
-0.48052,-0.38941,-3.0521
-0.50782,-0.32031,-2.8887
-0.50558,-0.24799,-2.724
-0.4794,-0.13714,-2.551
-0.40648,-0.046251,-2.3688
-0.27598,0.05444,-2.1806
-0.15856,0.13648,-1.9874
-0.059844,0.2467,-1.79
0.068417,0.33066,-1.5857
0.10843,0.42818,-1.3836
0.13535,0.55999,-1.1717
0.15554,0.61711,-0.96379
0.093845,0.79723,-0.74723
0.045981,0.79319,-0.52944
0.045981,1.0127,-0.31619
0.027658,0.97383,-0.077686
0.045981,0.12801,0.015623
0.15891,0.0058531,-0.013084
0.25053,0.11355,-0.0042173
0.29128,0.0010206,-0.0063768
0.28044,0.067633,-0.0065567
0.25314,0.012324,-0.0041048
0.23744,0.036329,-0.0065605
0.17686,0.023196,-0.00298
0.15667,0.01358,-0.0052858
0.14994,0.021869,-0.0031675
0.11965,0.00045079,-0.0037449
0.13124,0.01851,-0.0030925
0.13012,0.0066891,-0.0021815
0.13984,0.0087399,-0.0025301
0.14433,0.0083912,-0.0014429
0.12152,0.0076301,-0.0012142
0.096089,0.0044022,-0.00068179
0.027658,0.0051633,-0.00052058
-0.018336,0.0099733,0.00045046
-0.011979,0.0077051,0.0016802
-0.0011352,0.0069891,0.0025575
0.072157,0.0010356,0.0039484
0.14919,0.002344,0.0049944
0.19406,0.0031763,0.0049382
0.22211,0.0047697,0.0061567
0.20229,-0.00046772,0.0063554
0.19743,0.0032775,0.006794
0.14507,-0.0026009,0.0076414
0.0744,0.0029776,0.0072289
0.028406,-0.0075271,0.009171
-0.0074922,-0.0061737,0.0076039
-0.0089879,0.014798,0.010153
0.0055957,-0.022808,0.0087661
0.047477,0.028212,0.0096884
0.10955,-0.032248,0.011012
0.16863,0.019252,0.0078851
0.19369,-0.013192,0.01475
0.2079,-0.024555,0.0050919
0.15181,0.070501,0.019219
0.11254,-0.19385,-0.0014129
0.067669,1.0279,0.063054
0.085992,2.2293,0.40981
0.25053,1.8456,0.78668
0.22921,1.8819,1.1148
0.32718,1.8993,1.4531
0.45582,1.8629,1.7532
0.3556,1.9477,2.0466
0.46068,1.9164,2.3189
0.54481,1.9917,2.5802
0.49172,1.9928,2.8312
0.53696,2.0351,3.0677
0.5665,2.034,3.2935
0.55491,2.0535,3.5018
0.60539,2.0979,3.7043
0.73291,2.0963,3.8964
0.75235,2.1081,4.0759
0.71832,2.1017,4.2413
0.70149,2.0979,4.3926
0.60091,2.088,4.5305
0.49508,2.0653,4.6536
0.40122,2.023,4.7604
0.33915,1.9852,4.8495
0.27334,1.9701,4.9255
0.27745,1.9541,4.9908
0.32868,1.9197,5.0447
0.37542,1.8752,5.0857
0.43151,1.8324,5.1121
0.40496,1.7822,5.1252
0.3369,1.7448,5.1279
0.19481,1.7056,5.1209
0.035511,1.6517,5.1033
-0.15482,1.6047,5.0753
-0.34291,1.5559,5.0384
-0.43266,1.5083,4.9934
-0.47828,1.4594,4.9406
-0.45996,1.4022,4.8802
-0.4435,1.3415,4.8113
-0.42032,1.2776,4.7329
-0.41471,1.216,4.6461
-0.45846,1.1584,4.5527
-0.47678,1.0987,4.4537
-0.51156,1.0273,4.347
-0.56017,0.95436,4.2317
-0.60168,0.89336,4.1107
-0.59308,0.82433,3.9855
-0.57363,0.75944,3.854
-0.52764,0.70716,3.72
-0.42144,0.62691,3.5822
-0.39414,0.54777,3.4352
-0.38854,0.49506,3.286
-0.3934,0.42319,3.1353
-0.4435,0.33256,2.9769
-0.50034,0.26803,2.8141
-0.51044,0.17677,2.6475
-0.45846,0.075573,2.4709
-0.39975,-0.006946,2.2887
-0.27112,-0.11239,2.0986
-0.1537,-0.18642,1.9051
-0.050869,-0.29691,1.7071
0.06393,-0.37577,1.5042
0.10394,-0.50188,1.3006
0.11591,-0.6009,1.0875
0.10058,-0.68321,0.88041
0.047103,-0.83229,0.65877
-0.0033789,-0.82674,0.44698
-0.013475,-1.1055,0.2228
0.0029781,-0.7782,0.0061492
0.076644,-0.012495,-0.033967
0.16265,-0.089387,-0.0097548
0.24342,-0.095636,-0.022093
0.29727,-0.039311,-0.015491
0.25501,-0.078642,-0.019203
0.24716,-0.026407,-0.018145
0.22285,-0.064872,-0.018097
0.15629,-0.031967,-0.019881
0.14395,-0.042524,-0.018059
0.10955,-0.039071,-0.020399
0.10058,-0.035199,-0.019424
0.1174,-0.041891,-0.020582
0.10955,-0.026381,-0.02047
0.14208,-0.03428,-0.020706
0.15816,-0.028522,-0.021508
0.11703,-0.027536,-0.021685
0.065426,-0.025796,-0.022183
0.022423,-0.030336,-0.022622
-0.01871,-0.033407,-0.023717
-0.020206,-0.027708,-0.024695
0.017562,-0.026984,-0.025614
0.068791,-0.028417,-0.026828
0.14582,-0.021736,-0.027665
0.1892,-0.026816,-0.027657
0.19967,-0.028169,-0.028711
0.20079,-0.019232,-0.028748
0.18022,-0.026823,-0.029794
0.13984,-0.013533,-0.029892
0.077018,-0.030227,-0.030428
0.017936,-0.018021,-0.031365
-0.013101,-0.025669,-0.030008
-0.0033789,-0.022632,-0.033007
0.036633,-0.010354,-0.030139
0.064678,-0.041193,-0.033779
0.14582,0.012957,-0.031305
0.19743,-0.06831,-0.032778
0.20827,0.034237,-0.034803
0.19331,-0.06317,-0.028594
0.13535,0.0085674,-0.042118
0.14283,-0.01086,-0.015352
0.011205,-1.5405,-0.16602
0.091228,-2.136,-0.55901
0.19481,-1.7648,-0.91191
0.14059,-1.9376,-1.2463
0.46255,-1.8646,-1.5746
0.53584,-1.9117,-1.8692
0.56463,-1.9329,-2.1586
0.73664,-1.9363,-2.424
0.5953,-2.0034,-2.6842
0.57473,-1.9993,-2.9293
0.58595,-2.044,-3.1627
0.55715,-2.0352,-3.3821
0.58333,-2.0768,-3.5887
0.64877,-2.1,-3.7899
0.74786,-2.1042,-3.9778
0.71458,-2.1097,-4.1535
0.71346,-2.1003,-4.3143
0.63269,-2.1003,-4.4621
0.52051,-2.0755,-4.595
0.43562,-2.0587,-4.7122
0.33541,-2.0312,-4.8151
0.28829,-1.9891,-4.9006
0.21687,-1.9762,-4.9735
0.27558,-1.9567,-5.0367
0.31335,-1.9116,-5.0866
0.37093,-1.8696,-5.1229
0.41768,-1.8248,-5.1462
0.37692,-1.7755,-5.1559
0.2954,-1.7358,-5.1547
0.10619,-1.6977,-5.1449
-0.016467,-1.6455,-5.1251
-0.22064,-1.5934,-5.0945
-0.38293,-1.5506,-5.0556
-0.42742,-1.5034,-5.0096
-0.48202,-1.4506,-4.9555
-0.44238,-1.394,-4.8931
-0.41284,-1.3348,-4.8221
-0.39564,-1.2696,-4.7416
-0.41621,-1.2086,-4.6531
-0.43303,-1.147,-4.5584
-0.4349,-1.0784,-4.4559
-0.48912,-1.018,-4.3461
-0.52614,-0.95077,-4.2297
-0.56204,-0.88779,-4.1085
-0.5254,-0.82208,-3.9824
-0.50333,-0.75891,-3.8507
-0.45734,-0.69938,-3.7164
-0.36199,-0.60996,-3.5758
-0.36572,-0.54087,-3.4269
-0.36834,-0.48583,-3.2768
-0.39863,-0.40228,-3.1237
-0.44575,-0.32244,-2.9622
-0.48539,-0.25712,-2.7984
-0.48763,-0.15266,-2.6291
-0.42742,-0.056695,-2.4487
-0.34254,0.033326,-2.2628
-0.2068,0.12478,-2.07
-0.096489,0.21121,-1.8746
0.019805,0.31639,-1.6718
0.10544,0.38246,-1.4692
0.13311,0.5374,-1.2618
0.14545,0.6027,-1.0496
0.11217,0.73191,-0.83991
0.05346,0.82087,-0.61589
0.031771,0.88336,-0.40758
0.032145,1.1204,-0.16794
0.02691,0.4681,0.0041996
0.12376,-0.060939,-0.0018928
0.21388,0.12524,-0.010437
0.26511,0.024212,-0.0024252
0.29727,0.038083,-0.0087987
0.24791,0.038275,-0.0029575
0.23407,0.014712,-0.0064105
0.20304,0.039193,-0.0033137
0.15816,0.0056394,-0.004101
0.14769,0.029929,-0.0040523
0.12376,0.012024,-0.0024851
0.12825,0.016452,-0.0033924
0.1346,0.01193,-0.0017578
0.16115,0.0065317,-0.002099
0.17499,0.012496,-0.0013604
0.17312,0.0068691,-0.00094798
0.15106,0.0040086,-0.00054307
0.054208,-0.0034369,-0.00027313
0.0067175,0.0043198,0.0004617
0.0078393,0.0086761,0.0020214
0.0127,0.0069553,0.0028462
0.059069,0.010641,0.0039034
0.12787,0.0061155,0.0052306
0.18022,0.0018154,0.0053019
0.21949,0.0057631,0.0062467
0.22622,-0.0018623,0.0068578
0.20603,0.0061268,0.0071277
0.17686,-0.0069423,0.0081737
0.10955,0.001568,0.0076264
0.044111,0.0070828,0.0094635
-0.0059964,-0.010699,0.00823
-0.035164,0.014322,0.010491
-0.0052485,-0.022928,0.0097334
0.024293,0.024617,0.0095384
0.070661,-0.021687,0.012107
0.14208,0.0095834,0.0080313
0.15442,0.0070565,0.01523
0.18583,-0.039656,0.0057968
0.16115,0.085696,0.018431
0.10843,-0.19508,0.0026212
0.045233,0.85012,0.044188
0.021675,2.1885,0.37023
0.20752,1.8956,0.75583
0.22398,1.8594,1.0852
0.26885,1.9022,1.4261
0.43076,1.8559,1.7301
0.35598,1.9426,2.026
0.42702,1.9012,2.3022
0.51789,1.9732,2.5649
0.47938,1.9777,2.8187
0.522,2.0225,3.0577
0.54855,2.0254,3.2873
0.56202,2.0273,3.4985
0.56987,2.0726,3.7028
0.67158,2.0784,3.8973
0.71196,2.0915,4.0807
0.67607,2.0827,4.2503
0.67756,2.0835,4.4052
0.59044,2.0642,4.5474
0.49583,2.0358,4.6745
0.393,2.0199,4.7867
0.31858,1.98,4.8808
0.23781,1.9524,4.96
0.2408,1.9395,5.0288
0.30362,1.9035,5.0869
0.33541,1.868,5.1322
0.40982,1.82,5.1632
0.39225,1.7645,5.1803
0.33653,1.7276,5.1855
0.2064,1.6849,5.1812
0.028406,1.6365,5.1668
-0.1365,1.5867,5.1414
-0.31524,1.5379,5.1067
-0.42144,1.4874,5.0637
-0.47342,1.4454,5.0133
-0.4794,1.3989,4.9557
-0.45622,1.3343,4.8895
-0.39938,1.2727,4.8141
-0.38517,1.2055,4.7298
-0.43565,1.1503,4.6382
-0.44762,1.0919,4.5406
-0.47379,1.0193,4.4355
-0.54222,0.95344,4.3222
-0.57438,0.8899,4.2023
-0.55793,0.82915,4.0782
-0.55643,0.76156,3.9485
-0.51979,0.70586,3.8145
-0.44687,0.63698,3.6783
-0.40835,0.55144,3.5335
-0.3646,0.49439,3.3835
-0.36946,0.43526,3.2333
-0.41097,0.34941,3.0774
-0.45884,0.27372,2.9147
-0.49212,0.20029,2.7495
-0.46856,0.09758,2.5764
-0.4177,0.01328,2.3943
-0.29655,-0.090455,2.2061
-0.16941,-0.16778,2.0117
-0.061713,-0.26138,1.8156
0.033267,-0.36323,1.6117
0.077392,-0.44005,1.4085
0.080009,-0.59074,1.1971
0.079261,-0.63703,0.98593
0.054208,-0.7957,0.77137
-0.038903,-0.82686,0.54819
-0.037407,-0.96309,0.33855
-0.020206,-1.0902,0.095979
0.0127,-0.302,-0.037439
0.14283,0.012706,-0.015379
0.22323,-0.15064,-0.016807
0.29203,-0.024994,-0.019353
0.28044,-0.079553,-0.015682
0.22323,-0.044204,-0.020151
0.2064,-0.048605,-0.016421
0.16639,-0.054285,-0.020174
0.14582,-0.026636,-0.01825
0.10432,-0.047859,-0.019518
0.083001,-0.026943,-0.019949
0.12002,-0.041591,-0.019536
0.13647,-0.029976,-0.020762
0.14021,-0.02875,-0.020264
0.13722,-0.033665,-0.021482
0.13947,-0.027322,-0.021805
0.094593,-0.030741,-0.021891
0.040372,-0.026756,-0.022116
0.0029781,-0.033422,-0.023192
-0.029555,-0.033954,-0.02444
0.010083,-0.027543,-0.02516
0.063182,-0.036331,-0.026472
0.12039,-0.025579,-0.027432
0.18396,-0.024896,-0.027642
0.22659,-0.030392,-0.028647
0.21575,-0.020622,-0.028763
0.18434,-0.033778,-0.029779
0.14881,-0.013885,-0.029704
0.054582,-0.029924,-0.030057
-0.0041267,-0.022283,-0.031324
-0.031424,-0.019138,-0.02973
-0.056478,-0.026013,-0.032861
-0.014971,-0.0043517,-0.030334
0.029902,-0.042397,-0.033566
0.10432,0.018015,-0.031751
0.14694,-0.057363,-0.031747
0.16003,0.023241,-0.035699
0.18284,-0.047634,-0.027912
0.12339,-0.020712,-0.042815
0.11927,0.056986,-0.015656
-0.0015092,-1.4078,-0.14117
0.034015,-2.1574,-0.52542
0.15554,-1.7683,-0.88579
0.089732,-1.9259,-1.2199
0.40347,-1.8664,-1.5524
0.55865,-1.8913,-1.8488
0.55117,-1.9305,-2.1411
0.72692,-1.9197,-2.4098
0.61848,-1.9875,-2.6717
0.54407,-1.9795,-2.919
0.56202,-2.0328,-3.1548
0.53547,-2.0242,-3.3785
0.53808,-2.0504,-3.5868
0.61511,-2.0798,-3.7891
0.71757,-2.0871,-3.9805
0.66485,-2.0947,-4.1602
0.68205,-2.0828,-4.3247
0.611,-2.0829,-4.4762
0.50331,-2.0639,-4.6138
0.42665,-2.0447,-4.7358
0.30475,-2.0159,-4.843
0.28904,-1.9763,-4.9328
0.20229,-1.9552,-5.0086
0.23445,-1.9354,-5.0744
0.27894,-1.9024,-5.1285
0.34999,-1.8598,-5.1693
0.40982,-1.8129,-5.1965
0.34214,-1.7666,-5.2105
0.30662,-1.7222,-5.213
0.12226,-1.6836,-5.2057
-0.0015092,-1.638,-5.189
-0.1881,-1.5818,-5.1613
-0.37507,-1.5351,-5.1237
-0.40798,-1.4931,-5.0793
-0.4723,-1.4415,-5.0274
-0.45061,-1.3881,-4.9671
-0.43752,-1.3337,-4.8991
-0.37806,-1.2636,-4.8218
-0.38442,-1.2029,-4.7352
-0.42518,-1.1512,-4.6423
-0.40125,-1.0809,-4.5423
-0.47604,-1.0142,-4.4344
-0.51343,-0.94735,-4.3195
-0.54821,-0.88515,-4.1989
-0.52353,-0.82423,-4.0743
-0.5138,-0.7582,-3.9433
-0.47267,-0.70275,-3.8089
-0.3474,-0.62037,-3.6703
-0.36685,-0.54143,-3.5227
-0.34628,-0.49102,-3.3722
-0.3646,-0.42056,-3.2202
-0.4349,-0.33242,-3.0607
-0.45884,-0.26602,-2.8962
-0.46893,-0.18168,-2.7292
-0.41845,-0.076651,-2.5517
-0.33319,0.0064417,-2.3673
-0.19222,0.10641,-2.176
-0.11182,0.18251,-1.9794
-0.002631,0.29305,-1.7797
0.079635,0.36863,-1.5741
0.086366,0.47896,-1.3694
0.11853,0.59516,-1.1553
0.082253,0.65664,-0.94587
0.042616,0.82506,-0.72503
-0.016841,0.80832,-0.50845
-0.024693,1.0681,-0.28769
-0.002257,0.89467,-0.054479
0.045981,0.052097,0.014476
0.15218,0.035504,-0.013718
0.20416,0.094765,-0.0024626
0.26548,0.0039936,-0.0070066
0.23258,0.06676,-0.0049596
0.18733,0.00339,-0.0041235
0.20042,0.036108,-0.0054882
0.13834,0.014435,-0.0023652
0.12301,0.016916,-0.0047009
0.1189,0.022877,-0.0022677
0.095341,0.0073227,-0.0030513
0.12488,0.018506,-0.0020652
0.15031,0.0037837,-0.0015329
0.17312,0.011807,-0.001769
0.16676,0.0079376,-0.00077927
0.13124,0.0062618,-0.00062555
0.094593,0.0057519,-9.6921e-05
0.031023,0.0017255,0.00030424
-0.0097358,0.0027789,0.0010241
0.014944,0.0036225,0.0011366
0.035885,0.0048371,0.001579
0.082253,0.00024835,0.0024
0.18509,-0.0063087,0.0025275
0.24267,-0.0051352,0.0024
0.24342,0.0009794,0.0024263
0.21126,-0.0054427,0.0026175
0.16826,-0.0057463,0.00258
0.10544,0.00072447,0.0025087
0.04112,-0.0026159,0.0024638
0.003352,-0.0013675,0.0025087
-0.04713,-0.007126,0.0027599
-0.057226,-0.010631,0.0026962
-0.0018831,-0.0031857,0.0025087
0.057947,-0.0036394,0.002595
0.11067,-0.0068523,0.0025912
