0.036633,-0.013548,-0.0016116
0.027284,-0.013019,-0.0017053
0.031397,-0.005199,-0.0015966
0.029902,0.00047704,-0.0011692
0.020553,-0.0078908,-0.00068179
0.016066,0.00014712,-0.00036311
0.017188,-0.0083594,-0.00026938
0.0074654,-0.0065524,-0.00018315
0.022049,-0.0034182,0.00022551
0.040746,-0.014013,0.00018427
0.031771,0.0091897,0.00057793
0.037006,-0.025792,0.00063042
0.04112,0.012942,0.00097159
0.030276,-0.02499,0.00084037
0.022423,-0.008888,0.00062667
0.03065,0.0084212,0.0015377
0.034763,-0.049542,0.00025925
0.03065,0.050463,0.0016502
0.03738,-0.093271,0.00030424
0.019431,0.088069,0.0015115
0.02691,-0.10596,0.0009416
0.016814,0.049473,-0.00020565
-0.0067443,-0.011985,0.0030786
0.02878,-0.17393,-0.0055445
0.0022302,3.1402,0.066226
0.039624,4.446,0.24895
0.14134,3.3763,0.44424
0.20677,4.1366,0.6032
0.25726,3.8435,0.72622
0.21276,3.418,0.85108
0.23931,3.4143,0.96712
0.23931,3.1731,1.0603
0.11441,3.0897,1.1462
0.028032,2.9825,1.2163
-0.0074922,2.9613,1.2742
-0.027311,2.7248,1.3233
-0.093872,2.5376,1.3668
-0.065453,2.4148,1.4041
-0.054234,2.2932,1.4326
-0.08041,2.2046,1.453
0.01644,2.0724,1.4625
0.014944,1.9721,1.4618
0.01457,1.8456,1.4513
0.022049,1.7279,1.4326
-0.065827,1.6174,1.4058
-0.06807,1.4984,1.3704
-0.0045007,1.3796,1.3279
-0.014597,1.2452,1.2783
-0.033668,1.1142,1.2214
0.040372,0.98603,1.1579
0.0022302,0.85099,1.0902
-0.060591,0.67907,1.015
-0.056852,0.54138,0.93319
-0.15146,0.39401,0.84755
-0.20456,0.27569,0.75994
-0.20942,0.12541,0.67216
-0.23335,-0.05274,0.5752
-0.21503,-0.18614,0.47782
-0.11706,-0.4527,0.369
-0.019458,-0.52729,0.25718
0.035511,-0.84323,0.14182
0.12339,-0.83174,0.017569
0.15779,-0.052073,-0.019154
0.12825,0.0056357,-0.0024439
0.12526,-0.089124,-0.0079739
0.093471,0.0053995,-0.005147
0.0040999,-0.059248,-0.0058069
-0.024693,-0.0079807,-0.0061668
-0.0033789,-0.036901,-0.0049296
-0.016093,-0.01735,-0.0063805
0.035511,-0.018186,-0.0049371
0.10619,-0.030437,-0.0060131
0.11404,-0.012,-0.0055632
0.12488,-0.023273,-0.0057844
0.13909,-0.010875,-0.0059419
0.14208,-0.016438,-0.0059681
0.11778,-0.0139,-0.0063505
0.10619,-0.015246,-0.0061031
0.098706,-0.014838,-0.0063205
0.085618,-0.01143,-0.0064892
0.10506,-0.01573,-0.0065567
0.087488,-0.010969,-0.0068004
0.079635,-0.0094353,-0.0071116
0.097211,-0.017638,-0.0072578
0.056077,-0.016701,-0.0073553
0.003352,-0.0095328,-0.0073216
-0.036659,-0.010946,-0.0071978
-0.087515,-0.0084156,-0.0071566
-0.12267,-0.0075009,-0.0072691
-0.10584,-0.0088168,-0.0070929
-0.07854,-0.0074071,-0.0070254
-0.057974,-0.007722,-0.0071791
-0.0059964,-0.005244,-0.0070591
0.022423,-0.0048878,-0.0069916
0.010083,-0.0055626,-0.0067967
0.033641,-0.0081682,-0.0067404
0.036633,-0.010777,-0.0068867
-0.002631,-0.0066723,-0.0067667
-0.025067,-0.0036244,-0.0068042
-0.052365,-0.004198,-0.0067217
-0.0097358,-0.0062862,-0.006523
0.01644,-0.0066873,-0.0066767
-0.025441,-0.0041642,-0.0066055
0.0063435,-0.0036731,-0.0066167
0.032893,-0.005139,-0.0066992
0.04972,-0.0050827,-0.0066467
0.090106,-0.0038681,-0.006643
0.095341,-0.0045991,-0.0065267
0.080383,-0.0074709,-0.0068154
0.064678,-0.0096903,-0.0071866
0.049346,-0.0082132,-0.0076028
0.053086,-0.010541,-0.0080939
0.097211,-0.012176,-0.0084276
0.11927,-0.0063012,-0.0084726
0.10992,-0.012333,-0.008825
0.11329,-0.0014387,-0.0089412
0.073278,-0.01002,-0.0088287
0.061312,-0.0076996,-0.0098073
0.0744,-0.001345,-0.0091699
0.056825,-0.022178,-0.010152
0.050094,0.0087998,-0.0092824
0.023919,-0.029249,-0.0097735
0.011953,0.01466,-0.010403
-0.010858,-0.020285,-0.00854
0.0048478,-0.0060612,-0.011348
0.019805,0.012373,-0.0073666
0.020179,-0.054832,-0.012428
0.026162,0.080871,-0.0070479
-0.023945,-0.13653,-0.010696
-0.0030049,0.20737,-0.0091849
-0.046008,-0.57986,-0.0087612
-0.068818,-2.6383,-0.19857
0.011953,-2.6917,-0.4712
0.042616,-2.5874,-0.67547
0.09908,-2.8038,-0.8746
0.14881,-2.6678,-1.04
0.22136,-2.7784,-1.1841
0.23145,-2.6562,-1.3118
0.19518,-2.6188,-1.4143
0.1907,-2.5796,-1.5061
0.12339,-2.5354,-1.5811
0.090106,-2.4905,-1.6448
0.07814,-2.4049,-1.6934
0.10918,-2.3616,-1.7321
0.08674,-2.2798,-1.7606
0.012327,-2.2436,-1.7779
0.1017,-2.167,-1.786
0.13909,-2.0616,-1.7825
0.085245,-1.9615,-1.7691
0.047477,-1.8519,-1.7465
0.009709,-1.7532,-1.7153
-0.011232,-1.6371,-1.676
-0.020954,-1.5186,-1.629
0.016066,-1.4033,-1.5757
0.010457,-1.27,-1.5146
0.003726,-1.1523,-1.4475
-0.0097358,-1.0014,-1.3745
-0.061713,-0.86163,-1.2935
-0.081532,-0.72928,-1.2092
-0.1294,-0.56484,-1.1183
-0.16754,-0.45791,-1.0253
-0.18698,-0.2965,-0.92994
-0.20194,-0.16776,-0.83008
-0.22288,0.015863,-0.72686
-0.20269,0.17211,-0.61598
-0.14435,0.35375,-0.50313
-0.12341,0.58241,-0.37693
-0.033668,0.65054,-0.25661
-1.3407e-05,1.0426,-0.12257
-0.002631,0.66822,-0.0032387
0.01457,-0.087887,0.0073977
-0.022824,0.057436,-0.005207
0.034763,0.038627,0.0014215
0.018684,0.0048859,-0.0034824
-0.0037528,0.045206,-0.00074178
0.068417,-0.0071447,-0.0022264
0.048599,0.036003,-0.0017091
0.071409,-0.0029233,-0.0014579
0.09908,0.016879,-0.0023089
0.12039,0.010374,-0.0011092
0.14732,0.0058531,-0.0020015
0.12974,0.013917,-0.0011467
0.17349,0.0012268,-0.0014766
0.16938,0.0093172,-0.0010492
0.13834,0.0035475,-0.00082426
0.14507,0.006213,-0.0011954
0.13984,0.0046047,-0.00065555
0.1361,0.0037349,-0.0006218
0.12339,0.0044397,-0.00052433
0.1346,-0.00056519,-0.00031812
0.12937,0.0016167,-4.0684e-05
0.091228,0.0028764,0.00022176
0.059443,0.00051827,0.00011678
0.028032,0.00050328,-6.9411e-06
0.0067175,-0.0015212,-0.00010442
-0.019084,-0.0018436,-3.3185e-05
-0.040399,-0.0038606,-2.5687e-05
-0.058348,-0.0017611,-7.4426e-05
-0.083402,-0.0010526,-9.3172e-05
-0.075549,-0.007096,-0.00023564
-0.040025,-0.0032757,-0.00023564
-0.035538,-0.0043292,-0.00023564
-0.048251,-0.0055589,-0.0002019
-0.040399,0.00095691,-0.00021689
-0.06994,0.0031913,0.00032299
-0.099481,-0.0039168,0.001219
-0.087889,-0.0050003,0.0015152
-0.087889,0.0036787,0.0021938
-0.069566,-0.0006964,0.0024188
-0.043764,0.0078738,0.0028087
-0.018336,-0.0035644,0.0033036
-0.00076128,0.002389,0.0032136
0.018684,0.0041811,0.0045558
0.051216,-0.0059,0.003611
0.054208,0.017779,0.0049757
0.063556,-0.01919,0.004537
0.067669,0.027537,0.0045708
0.072905,-0.020109,0.0058643
0.081131,0.016864,0.0036073
0.096463,0.0046834,0.0075064
0.11965,-0.029241,0.0026212
0.14358,0.066688,0.0083874
0.15741,-0.11085,0.0029474
0.13498,0.15698,0.0064191
0.13947,-0.25152,0.0070827
0.091601,0.61783,0.00079163
0.12638,3.2454,0.23472
0.18583,3.4087,0.60332
0.1432,3.2059,0.89586
0.2049,3.5201,1.1859
0.21687,3.4169,1.4443
0.22734,3.6423,1.6802
0.25015,3.6514,1.9024
0.25165,3.7457,2.1009
0.27969,3.777,2.2885
0.29166,3.7802,2.4518
0.34326,3.807,2.6011
0.2666,3.7855,2.7307
0.27894,3.8219,2.8448
0.29465,3.7627,2.9453
0.18284,3.7272,3.0296
0.19668,3.6775,3.1003
0.077766,3.593,3.155
-0.0093619,3.5078,3.1974
-0.053113,3.4059,3.2286
-0.15221,3.317,3.2479
-0.15445,3.2314,3.2561
-0.18063,3.1338,3.2537
-0.12117,3.0498,3.2421
-0.087515,2.9591,3.223
-0.044886,2.8567,3.1967
0.03065,2.7429,3.1636
0.0070914,2.6199,3.1237
0.021301,2.507,3.0763
-0.0037528,2.3807,3.0205
-0.04713,2.2603,2.9575
-0.13164,2.124,2.8874
-0.19708,1.9948,2.8106
-0.20979,1.8917,2.7285
-0.2513,1.757,2.6403
-0.23111,1.6183,2.5465
-0.25654,1.4778,2.4469
-0.27261,1.3444,2.3417
-0.25392,1.2113,2.2327
-0.26214,1.0557,2.1177
-0.23896,0.91939,1.9983
-0.19783,0.76415,1.8747
-0.15221,0.64736,1.7481
-0.13276,0.51745,1.6227
-0.087889,0.34036,1.4916
-0.041147,0.20232,1.3574
-0.013101,-0.0054614,1.2164
0.029154,-0.15177,1.0698
0.031397,-0.351,0.91981
-1.3407e-05,-0.48123,0.76459
-0.032172,-0.65197,0.61306
-0.047504,-0.86104,0.44942
-0.059096,-0.9297,0.29562
-0.063209,-1.3683,0.12411
0.003352,-0.80658,-0.020417
0.056077,0.071296,-0.029175
0.073278,-0.12792,-0.015663
0.17873,-0.078605,-0.023372
0.2165,-0.050423,-0.017306
0.18172,-0.086792,-0.020676
0.215,-0.027629,-0.018745
0.17686,-0.077694,-0.019761
0.14994,-0.032765,-0.019773
0.14134,-0.057029,-0.019188
0.074774,-0.042933,-0.020421
0.077392,-0.036436,-0.019218
0.047477,-0.043368,-0.020162
0.026162,-0.036023,-0.019855
0.02878,-0.040462,-0.020144
-0.017215,-0.029864,-0.020196
-0.02058,-0.034284,-0.020395
-0.038155,-0.028687,-0.020515
-0.046756,-0.027899,-0.02068
-0.052365,-0.029894,-0.021103
-0.048251,-0.026632,-0.020837
-0.032172,-0.029388,-0.021268
-0.025815,-0.030853,-0.021508
0.01457,-0.024379,-0.021441
0.0018563,-0.023487,-0.021261
-0.0037528,-0.026887,-0.02125
-0.024319,-0.022613,-0.021223
-0.060965,-0.017522,-0.021036
-0.048625,-0.022133,-0.021055
-0.07181,-0.024739,-0.020901
-0.078166,-0.020949,-0.020969
-0.060217,-0.023618,-0.021115
-0.042268,-0.024413,-0.021763
0.0026042,-0.022418,-0.022378
0.063556,-0.028409,-0.022727
0.083375,-0.027483,-0.023627
0.10394,-0.021503,-0.023574
0.14096,-0.023123,-0.024279
0.13872,-0.015516,-0.024358
0.14283,-0.030265,-0.024631
0.12675,-0.013443,-0.025651
0.083749,-0.026276,-0.024853
0.067295,-0.022366,-0.026416
0.072905,-0.0088168,-0.024853
0.042242,-0.05003,-0.026915
0.026162,0.015424,-0.026015
0.044111,-0.058008,-0.026214
0.028032,0.019567,-0.027953
0.020553,-0.043878,-0.023855
0.024293,-0.020757,-0.030716
0.010457,0.032201,-0.021553
-0.0052485,-0.14713,-0.033941
-0.002631,0.27676,-0.017024
0.0014823,-1.452,-0.06342
0.038128,-3.4821,-0.38173
0.059443,-3.0615,-0.74194
0.057199,-3.1213,-1.0369
0.17312,-3.2026,-1.3344
0.27745,-3.1454,-1.5942
0.2681,-3.279,-1.8443
0.31073,-3.2239,-2.0736
0.26586,-3.31,-2.2871
0.14994,-3.235,-2.4857
0.215,-3.2259,-2.6634
0.24791,-3.1859,-2.829
0.22435,-3.133,-2.9768
0.27782,-3.1014,-3.113
0.33616,-3.0305,-3.2329
0.29502,-2.9974,-3.3385
0.28829,-2.9027,-3.4296
0.31522,-2.8104,-3.5059
0.20603,-2.7237,-3.5707
0.23519,-2.6278,-3.6226
0.1791,-2.5405,-3.662
0.048599,-2.4443,-3.6889
0.14919,-2.3534,-3.7052
0.12189,-2.2549,-3.713
0.12638,-2.1355,-3.7133
0.19967,-2,-3.7064
0.11965,-1.8505,-3.6936
0.072531,-1.7086,-3.6749
0.041494,-1.5737,-3.6479
-0.029928,-1.443,-3.6131
-0.12977,-1.3141,-3.5701
-0.15146,-1.1908,-3.5192
-0.1795,-1.0797,-3.4617
-0.19745,-0.96687,-3.3962
-0.14473,-0.85233,-3.3235
-0.18436,-0.74362,-3.2438
-0.094246,-0.65092,-3.157
-0.043764,-0.5386,-3.0637
-0.12117,-0.4214,-2.9614
-0.14996,-0.32657,-2.8522
-0.23522,-0.2229,-2.7377
-0.26925,-0.13628,-2.6171
-0.28907,-0.056534,-2.4926
-0.28682,0.040888,-2.3647
-0.25953,0.16131,-2.2302
-0.21914,0.25656,-2.0885
-0.1982,0.40195,-1.94
-0.21503,0.53094,-1.781
-0.14548,0.6195,-1.6188
-0.15557,0.76375,-1.4493
-0.15856,0.8284,-1.2772
-0.12267,1.0075,-1.1003
-0.13089,1.0595,-0.91803
-0.074427,1.2262,-0.73677
-0.025815,1.325,-0.54124
0.044111,1.3693,-0.35867
0.13872,1.7162,-0.14721
0.2079,0.68319,0.0086799
0.24791,-0.1497,0.0040047
0.22323,0.1605,-0.0052933
0.20117,0.013797,0.0017814
0.16452,0.051763,-0.004356
0.10918,0.049495,0.00047295
0.093471,0.0073077,-0.003145
0.079635,0.054534,-0.00052433
0.087862,-0.0016636,-0.0016528
0.13797,0.038859,-0.001844
0.17574,0.01217,-0.00032937
0.18471,0.021708,-0.0016716
0.18957,0.020298,-0.00058806
0.16826,0.0096396,-0.0011092
0.13311,0.016714,-0.00034062
0.0744,0.0099695,-0.00024689
0.0082132,0.013966,1.5554e-05
-0.040399,0.0058681,0.00030049
-0.070688,0.012181,0.00052919
-0.059096,0.017966,0.0018751
-0.058722,0.01202,0.0026662
-0.040773,0.0086836,0.003536
-0.028059,0.0068166,0.0049794
-0.052739,0.005452,0.0052981
-0.081906,0.013925,0.0058455
-0.10359,0.0013018,0.0060217
-0.11818,0.010637,0.0065016
-0.15295,-0.0001453,0.0075964
-0.12977,0.0041023,0.0066928
-0.090506,0.0057631,0.0087699
-0.07181,-0.012858,0.0072964
-0.0067443,0.032107,0.0093847
0.02691,-0.035588,0.0091485
0.043363,0.042466,0.0085187
0.085992,-0.030411,0.011657
0.086366,0.011379,0.0065466
0.061686,0.023252,0.014424
0.044485,-0.078383,0.0050282
0.011579,0.16317,0.016707
0.01457,-0.32674,0.0037347
0.02878,1.3005,0.034864
0.099454,3.613,0.35935
0.23332,3.1176,0.76139
0.20827,3.0303,1.1015
0.25389,3.113,1.4593
0.36832,2.9274,1.7821
0.25464,3.0249,2.0946
0.28231,2.9007,2.3889
0.36458,2.9951,2.6691
0.24978,2.9425,2.9414
0.3025,2.9486,3.1942
0.38365,2.9431,3.439
0.34663,2.8876,3.6686
0.44684,2.9292,3.8886
0.58296,2.8818,4.0937
0.4876,2.8777,4.2867
0.45694,2.8706,4.4728
0.55977,2.8218,4.6478
0.39412,2.752,4.81
0.33541,2.6813,4.9564
0.3642,2.6321,5.0899
0.25277,2.5597,5.211
0.24342,2.4864,5.3181
0.23445,2.4112,5.4123
0.21612,2.3373,5.4931
0.3111,2.2644,5.5612
0.48386,2.1801,5.6164
0.45395,2.1019,5.6584
0.30961,2.0053,5.6876
0.19443,1.9222,5.7046
0.0011084,1.8457,5.7099
-0.094994,1.757,5.7031
-0.12304,1.6925,5.686
-0.14772,1.6163,5.6597
-0.16417,1.5401,5.6248
-0.23148,1.4688,5.5822
-0.24569,1.3849,5.531
-0.20381,1.304,5.4714
-0.21652,1.213,5.4028
-0.21316,1.1215,5.3248
-0.19371,1.0367,5.2393
-0.3029,0.95102,5.146
-0.38816,0.86278,5.045
-0.45958,0.77879,4.937
-0.49399,0.69434,4.8221
-0.37657,0.60139,4.7013
-0.32571,0.51655,4.5736
-0.2427,0.41691,4.4381
-0.20269,0.32037,4.2948
-0.27935,0.26201,4.1476
-0.27261,0.17008,3.9973
-0.32347,0.072784,3.8405
-0.38928,0.011435,3.6806
-0.37246,-0.083606,3.5172
-0.34665,-0.18312,3.3484
-0.34478,-0.2977,3.1734
-0.32347,-0.41543,2.9902
-0.23709,-0.52939,2.8011
-0.17913,-0.63357,2.6055
-0.081906,-0.71741,2.4076
0.024667,-0.84828,2.2036
0.0052217,-0.92238,1.9961
-0.02245,-1.0662,1.7856
-0.068818,-1.1499,1.5683
-0.16342,-1.2779,1.3528
-0.14548,-1.4089,1.1281
-0.069566,-1.4583,0.90915
-0.072183,-1.6702,0.67843
0.032145,-1.572,0.45416
0.13984,-1.9557,0.2261
0.062808,-1.5038,-0.0092224
0.12114,-0.038873,-0.07225
0.14395,-0.082957,-0.042969
0.081131,-0.17356,-0.053939
0.11853,-0.034734,-0.047929
0.035511,-0.14363,-0.049755
-0.0063704,-0.045576,-0.049552
-0.017962,-0.10912,-0.048135
-0.01871,-0.060842,-0.050265
0.048972,-0.067594,-0.04779
0.081131,-0.073375,-0.050193
0.13086,-0.050386,-0.048622
0.13086,-0.06843,-0.049391
0.071409,-0.04805,-0.049398
-0.01871,-0.06413,-0.049305
-0.06807,-0.055083,-0.050347
-0.097237,-0.055428,-0.050928
-0.12528,-0.053726,-0.052267
-0.06807,-0.051934,-0.052878
-0.043764,-0.048301,-0.054029
-0.035538,-0.04841,-0.054479
0.035137,-0.051484,-0.055615
0.075522,-0.036897,-0.056057
0.081505,-0.051113,-0.057122
0.095341,-0.027701,-0.057377
0.060939,-0.047559,-0.057407
-0.013849,-0.031277,-0.058715
-0.051617,-0.035836,-0.056923
-0.096489,-0.045651,-0.060159
-0.091254,-0.0053714,-0.057433
-0.02245,-0.079261,-0.059952
0.034389,0.026079,-0.059221
0.084871,-0.097346,-0.058149
0.11778,0.02672,-0.063045
0.11179,-0.057719,-0.053804
0.075522,-0.059248,-0.069951
0.072531,0.14835,-0.042406
-0.019832,-2.168,-0.15429
0.0082132,-3.5014,-0.5479
0.0070914,-2.8556,-0.92912
-0.035164,-3.0929,-1.2766
0.27932,-2.9485,-1.6307
0.30662,-2.8908,-1.9481
0.36084,-2.9001,-2.2617
0.54668,-2.8201,-2.5516
0.29465,-2.8874,-2.835
0.2494,-2.8012,-3.1045
0.27521,-2.8286,-3.3591
0.17723,-2.7912,-3.6046
0.21874,-2.7846,-3.8358
0.29689,-2.759,-4.0577
0.35972,-2.7187,-4.2636
0.34999,-2.7272,-4.4599
0.45881,-2.7051,-4.647
0.4517,-2.6847,-4.8225
0.37617,-2.6251,-4.9845
0.42889,-2.5643,-5.1302
0.33429,-2.5168,-5.2616
0.30101,-2.4634,-5.3796
0.32083,-2.4101,-5.4843
0.35224,-2.3509,-5.5755
0.42403,-2.2846,-5.6533
0.49732,-2.2145,-5.718
0.52948,-2.1416,-5.7692
0.45283,-2.0686,-5.807
0.38851,-1.9975,-5.8318
0.30362,-1.9211,-5.8452
0.21762,-1.8394,-5.8467
0.075148,-1.7612,-5.8362
-0.037781,-1.6921,-5.8155
-0.054608,-1.6258,-5.7862
-0.046382,-1.5571,-5.7481
0.0018563,-1.4877,-5.7015
0.017562,-1.41,-5.6467
0.040746,-1.3239,-5.5825
-0.024319,-1.2399,-5.5093
-0.088637,-1.1574,-5.4275
-0.13725,-1.0734,-5.3374
-0.25429,-0.98792,-5.2398
-0.32758,-0.90028,-5.1344
-0.4278,-0.81566,-5.0219
-0.47043,-0.7252,-4.9026
-0.51119,-0.63558,-4.7762
-0.52577,-0.55151,-4.6441
-0.44612,-0.44409,-4.5049
-0.45285,-0.35137,-4.3575
-0.47604,-0.27687,-4.206
-0.49399,-0.1813,-4.0501
-0.51792,-0.10241,-3.8894
-0.50857,-0.019539,-3.7264
-0.47043,0.074336,-3.5585
-0.42742,0.17444,-3.385
-0.38629,0.30815,-3.204
-0.29505,0.41564,-3.0158
-0.25093,0.53313,-2.8214
-0.20718,0.62528,-2.6212
-0.13501,0.73737,-2.419
-0.13388,0.85483,-2.2097
-0.11519,0.9379,-1.9994
-0.14286,1.0889,-1.7825
-0.19035,1.1417,-1.5633
-0.17651,1.3199,-1.3422
-0.14248,1.3802,-1.1155
-0.03105,1.5315,-0.89384
0.067295,1.6502,-0.6574
0.17836,1.6341,-0.43784
0.27782,2.021,-0.19329
0.3111,0.92568,0.0010803
0.4001,-0.14588,0.0062729
0.36271,0.18998,-0.0088475
0.31222,0.051677,0.0013765
0.30998,0.06081,-0.0063918
0.1806,0.077084,-0.000888
0.15704,0.015143,-0.0044947
0.1346,0.07401,-0.0023689
0.087114,0.0075327,-0.0023352
0.1189,0.053207,-0.0032312
0.10544,0.021367,-0.0015441
0.11778,0.027084,-0.0026876
0.11067,0.029847,-0.0012367
0.087488,0.017276,-0.0018703
0.063556,0.028403,-0.00099672
0.032519,0.009261,-0.0010042
-1.3407e-05,0.018157,-0.0010567
-0.026937,0.013374,-0.00019065
0.024667,0.010708,-0.00028813
0.027284,0.01599,0.00039797
0.00036053,0.017134,0.0011366
0.017562,0.018618,0.0021451
0.0089611,0.011927,0.0032323
-0.027311,0.014918,0.0039672
-0.07181,0.010333,0.0044321
-0.11219,0.0087361,0.0045633
-0.14772,0.011469,0.005703
-0.1638,0.0014105,0.0055193
-0.15034,0.011424,0.0062954
-0.080036,-0.0056376,0.0066141
0.0052217,0.020227,0.0067865
0.066922,-0.0033432,0.0081063
0.16489,0.0086424,0.0064679
0.20004,0.014202,0.0093885
0.17985,-0.023899,0.0067153
0.1791,0.046751,0.0096734
0.13199,-0.06101,0.0086611
0.065426,0.067656,0.0078476
0.017936,-0.060302,0.01199
0.010457,0.041214,0.0039297
-0.013101,0.013464,0.018683
0.0052217,-0.14123,-0.0081389
0.031023,2.2517,0.10949
0.099454,3.5292,0.49137
0.19182,2.8046,0.85318
0.13086,2.968,1.1836
0.22659,2.816,1.5182
0.23258,2.7535,1.8183
0.053834,2.744,2.1132
0.16676,2.6551,2.3845
0.1548,2.6838,2.6468
0.072905,2.5998,2.8919
0.24118,2.6484,3.1262
0.22996,2.5985,3.3532
0.20117,2.5492,3.5625
0.33055,2.4985,3.7582
0.31372,2.4419,3.9365
0.21687,2.3953,4.1018
0.20378,2.3109,4.252
0.14507,2.264,4.3864
0.066548,2.2014,4.5064
0.10132,2.1269,4.6116
0.080009,2.0562,4.7022
0.072905,1.98,4.778
0.17985,1.9106,4.8403
0.21986,1.8401,4.8897
0.26399,1.7711,4.9262
0.34401,1.6924,4.9504
0.32681,1.6115,4.963
0.26287,1.555,4.9643
0.16153,1.4864,4.956
0.04972,1.4102,4.9391
-0.024693,1.3493,4.9127
-0.097611,1.2791,4.877
-0.12154,1.1902,4.8321
-0.11219,1.1047,4.7769
-0.10397,1.0318,4.7126
-0.085271,0.95385,4.6403
-0.063957,0.86594,4.5592
-0.080784,0.77764,4.4701
-0.15183,0.69912,4.3734
-0.22026,0.61186,4.2696
-0.2771,0.5228,4.1588
-0.3317,0.42951,4.0404
-0.38442,0.3278,3.9136
-0.40312,0.24772,3.7805
-0.40499,0.1666,3.6437
-0.39153,0.081579,3.5013
-0.33656,-0.0022522,3.3531
-0.3145,-0.079291,3.2021
-0.31936,-0.17521,3.0463
-0.36086,-0.28562,2.883
-0.40611,-0.39469,2.7139
-0.42929,-0.51909,2.5358
-0.45547,-0.60276,2.3525
-0.42855,-0.72664,2.1649
-0.36386,-0.80731,1.9717
-0.27149,-0.92786,1.7761
-0.18661,-1.0383,1.5722
-0.13239,-1.1275,1.3693
-0.06994,-1.3038,1.1573
0.020553,-1.3219,0.94793
0.041868,-1.5461,0.73337
0.0048478,-1.5041,0.51342
0.05346,-1.7497,0.30236
0.053834,-1.7366,0.062769
0.10805,-0.28756,-0.048094
0.24978,0.038886,-0.020729
0.29016,-0.2103,-0.025524
0.38963,-0.0082844,-0.02513
0.47152,-0.11971,-0.022791
0.46816,-0.039,-0.026049
0.4618,-0.068205,-0.022438
0.39935,-0.061269,-0.025543
0.34513,-0.036241,-0.023301
0.26586,-0.067151,-0.024838
0.17798,-0.032672,-0.024459
0.15255,-0.053621,-0.024493
0.11666,-0.038134,-0.025299
0.10058,-0.047,-0.02465
0.08861,-0.038168,-0.025445
0.060565,-0.033819,-0.025389
0.047477,-0.04068,-0.02585
0.013448,-0.033894,-0.025805
-0.030676,-0.037084,-0.026277
-0.060591,-0.03052,-0.02666
-0.068444,-0.032102,-0.026652
-0.083402,-0.035334,-0.027717
-0.093124,-0.029849,-0.028778
-0.081532,-0.030287,-0.029112
-0.073305,-0.031757,-0.029775
-0.08415,-0.02313,-0.030274
-0.10546,-0.031067,-0.030656
-0.10808,-0.021897,-0.03138
-0.1466,-0.024124,-0.031133
-0.16754,-0.027528,-0.032456
-0.15146,-0.011362,-0.031819
-0.1911,-0.038483,-0.032913
-0.17502,-0.0007264,-0.033138
-0.12528,-0.041662,-0.032748
-0.10995,-0.0047453,-0.035058
-0.043764,-0.020536,-0.031946
0.034763,-0.03813,-0.03625
0.083749,0.024148,-0.031912
0.092723,-0.097526,-0.036404
0.14246,0.088721,-0.033873
0.14507,-0.15586,-0.03339
0.12039,0.16609,-0.040119
0.15181,-0.36354,-0.02191
0.086366,-2.9444,-0.23588
0.16003,-3.2439,-0.64141
0.16003,-2.758,-0.98076
0.17948,-2.9854,-1.3179
0.48012,-2.7437,-1.6391
0.436,-2.7964,-1.9353
0.44161,-2.704,-2.2233
0.55678,-2.6865,-2.4885
0.2853,-2.6714,-2.7464
0.24566,-2.6244,-2.9854
0.34887,-2.6655,-3.2173
0.23482,-2.6109,-3.4382
0.30213,-2.5864,-3.6446
0.42889,-2.5042,-3.8353
0.33391,-2.4529,-4.0082
0.31335,-2.404,-4.1677
0.32756,-2.3437,-4.312
0.16938,-2.2907,-4.4428
0.13386,-2.2182,-4.5585
0.12226,-2.155,-4.6592
0.017188,-2.0807,-4.7457
0.022049,-2.0073,-4.8177
0.085992,-1.9417,-4.8762
0.11404,-1.8691,-4.9218
0.16826,-1.7948,-4.9548
0.23819,-1.7215,-4.9754
0.1963,-1.649,-4.9842
0.15741,-1.5872,-4.983
0.079261,-1.5225,-4.9726
-0.041147,-1.4499,-4.9527
-0.12678,-1.3787,-4.9233
-0.19521,-1.3012,-4.8846
-0.19783,-1.2157,-4.8361
-0.20007,-1.1329,-4.7775
-0.1264,-1.0545,-4.7104
-0.053487,-0.96755,-4.6348
-0.033668,-0.88211,-4.5508
-0.008614,-0.79976,-4.4592
-0.030302,-0.711,-4.3601
-0.053861,-0.62736,-4.2533
-0.1178,-0.54518,-4.1398
-0.15258,-0.44188,-4.0196
-0.18549,-0.33869,-3.8906
-0.23485,-0.26243,-3.756
-0.22587,-0.17942,-3.6172
-0.2412,-0.091036,-3.4726
-0.22625,-0.01438,-3.3238
-0.20643,0.072814,-3.1717
-0.24008,0.18628,-3.0132
-0.28795,0.28878,-2.8475
-0.32945,0.41926,-2.6749
-0.38255,0.53151,-2.4932
-0.40835,0.62242,-2.308
-0.35152,0.74361,-2.1169
-0.3029,0.81313,-1.9232
-0.23372,0.96489,-1.7243
-0.13052,1.0369,-1.52
-0.066574,1.1895,-1.3148
0.018684,1.2948,-1.101
0.087488,1.3818,-0.89378
0.029528,1.567,-0.67137
0.0044739,1.4957,-0.45955
0.023919,1.9142,-0.23365
-0.022824,1.2138,-0.019649
0.01831,-0.093792,0.014634
0.065426,0.10947,-0.0094773
0.11778,0.10066,0.0026325
0.23893,0.023781,-0.0045209
0.29951,0.096965,-0.00073428
0.34588,0.0061268,-0.0024926
0.3743,0.074524,-0.0020427
0.37579,0.011338,-0.00069304
0.35672,0.038207,-0.0026426
0.32083,0.032441,-0.00037061
0.2954,0.017591,-0.0017578
0.26473,0.031496,-0.00048309
0.24529,0.014742,-0.00074178
0.23632,0.024763,-0.00054682
0.24043,0.016718,-8.5674e-05
0.19481,0.020321,0.00011303
0.1189,0.010314,0.00068291
0.091975,0.013666,0.0004992
0.021301,0.017445,0.0013353
-0.0662,0.011657,0.0018489
-0.092376,0.019121,0.0026287
-0.096863,0.012433,0.0037235
-0.083402,0.0098308,0.0043271
-0.062087,0.0076976,0.0052306
-0.039651,0.0014068,0.0056056
-0.021702,0.015106,0.0067041
-0.02058,0.00021835,0.007214
-0.025441,0.0092535,0.0070227
-0.04339,0.0013543,0.0083425
-0.084523,0.0028202,0.0075514
-0.1178,0.016643,0.0093997
-0.14323,-0.01606,0.0084512
-0.17988,0.031459,0.0096397
-0.17277,-0.029852,0.010063
-0.16417,0.032074,0.0088486
-0.14996,-0.017541,0.012463
-0.09275,0.00066074,0.0072814
-0.091254,0.040666,0.01463
-0.073679,-0.090703,0.0065541
-0.079288,0.16243,0.015368
-0.081532,-0.31162,0.0070302
-0.046382,1.0522,0.023365
-0.015345,3.4426,0.32117
0.15405,3.0842,0.72003
0.16302,2.8787,1.0503
0.19892,2.9804,1.3946
0.40234,2.7626,1.7079
0.30063,2.8446,2.0078
0.30699,2.7133,2.2912
0.4259,2.7726,2.5581
0.28568,2.7099,2.8171
0.32008,2.6757,3.0553
0.3986,2.7035,3.2866
0.29727,2.6705,3.5059
0.39187,2.6552,3.715
0.49845,2.5737,3.9073
0.42029,2.5339,4.0829
0.44161,2.4748,4.2448
0.43525,2.4166,4.3906
0.31222,2.3652,4.5233
0.29428,2.2963,4.6405
0.2509,2.2394,4.7436
0.15816,2.168,4.8332
0.17686,2.0969,4.9078
0.22285,2.0295,4.9691
0.24379,1.9484,5.0167
0.34102,1.8738,5.0505
0.41768,1.8004,5.0724
0.35934,1.7237,5.0824
0.28381,1.6607,5.0813
0.17125,1.5932,5.0707
0.036259,1.5157,5.0511
-0.078166,1.4532,5.0227
-0.18885,1.387,4.985
-0.22849,1.3033,4.938
-0.21839,1.2174,4.8814
-0.1911,1.1314,4.8151
-0.13575,1.0463,4.7403
-0.090506,0.96602,4.6575
-0.1006,0.88011,4.5667
-0.13501,0.7879,4.4686
-0.1623,0.70727,4.3635
-0.22288,0.61947,4.2519
-0.31188,0.51976,4.1329
-0.35675,0.42155,4.0057
-0.36872,0.33553,3.8714
-0.39489,0.26013,3.7328
-0.36685,0.17143,3.5898
-0.32534,0.081662,3.4413
-0.31936,0.0012981,3.289
-0.30926,-0.087898,3.1334
-0.32721,-0.19742,2.9709
-0.36722,-0.30597,2.8016
-0.44089,-0.44413,2.6246
-0.4536,-0.54271,2.4396
-0.43453,-0.64541,2.2522
-0.41209,-0.75701,2.0581
-0.28533,-0.8381,1.8628
-0.21465,-0.98645,1.661
-0.11706,-1.0474,1.456
-0.020206,-1.2319,1.2483
-0.020206,-1.2956,1.0343
0.0055957,-1.4313,0.82548
-0.048251,-1.5588,0.60121
-0.081532,-1.5523,0.39178
-0.098359,-1.9428,0.15789
-0.068818,-0.92886,-0.030964
0.045233,0.12181,-0.037596
0.068417,-0.1956,-0.022479
0.20079,-0.069956,-0.032167
0.29727,-0.071125,-0.024392
0.2595,-0.099996,-0.029633
0.31783,-0.033549,-0.025947
0.30624,-0.090879,-0.027728
0.25987,-0.02908,-0.02762
0.23557,-0.068081,-0.026375
0.19294,-0.043169,-0.028178
0.1791,-0.047034,-0.026948
0.1432,-0.053006,-0.028178
0.15218,-0.039184,-0.027691
0.15181,-0.047409,-0.028111
0.12451,-0.036559,-0.028332
0.11553,-0.040398,-0.028437
0.073278,-0.035075,-0.028748
0.027284,-0.038535,-0.028857
-0.046008,-0.039401,-0.029498
-0.067322,-0.038127,-0.03
-0.052365,-0.039701,-0.030866
-0.074427,-0.034284,-0.03174
-0.04526,-0.034602,-0.032471
-0.015345,-0.027832,-0.033048
-0.0041267,-0.030419,-0.033315
0.0067175,-0.033706,-0.034364
-0.002631,-0.017788,-0.034083
-0.04339,-0.035266,-0.03472
-0.080036,-0.018384,-0.03535
-0.10958,-0.034321,-0.034882
-0.15183,-0.019989,-0.036558
-0.13014,-0.017331,-0.034987
-0.13725,-0.040117,-0.037577
-0.13089,0.012519,-0.035553
-0.065453,-0.066641,-0.037547
-0.024693,0.032973,-0.037799
-0.025815,-0.067886,-0.035463
-0.03479,0.01394,-0.041506
-0.016093,-0.013968,-0.031575
-0.065453,-0.095539,-0.047115
-0.034042,0.22611,-0.022862
-0.056478,-1.8811,-0.1086
-0.0033789,-3.4959,-0.47849
0.12002,-2.8443,-0.85517
0.047103,-2.9827,-1.1855
0.34289,-2.9125,-1.5253
0.50181,-2.8106,-1.8286
0.43076,-2.8392,-2.1252
0.65288,-2.7419,-2.3988
0.5048,-2.8108,-2.6638
0.33242,-2.7214,-2.9148
0.46367,-2.7385,-3.1487
0.40683,-2.7272,-3.3752
0.38888,-2.7111,-3.5887
0.53135,-2.68,-3.7927
0.53322,-2.6158,-3.9793
0.4517,-2.5724,-4.1498
0.50293,-2.5035,-4.3049
0.4087,-2.4624,-4.4454
0.2494,-2.3995,-4.5722
0.27147,-2.3332,-4.6837
0.19256,-2.276,-4.7815
0.1275,-2.2032,-4.865
0.19817,-2.1318,-4.9346
0.258,-2.0657,-4.9908
0.31559,-1.9902,-5.0341
0.44123,-1.9135,-5.0643
0.47003,-1.8406,-5.0821
0.3814,-1.7662,-5.0885
0.32606,-1.698,-5.0844
0.18546,-1.6323,-5.0711
0.044485,-1.5635,-5.0484
-0.077793,-1.4894,-5.0166
-0.19446,-1.4143,-4.976
-0.23485,-1.3317,-4.9262
-0.23522,-1.2441,-4.8664
-0.18549,-1.1576,-4.7974
-0.17651,-1.0702,-4.7201
-0.16043,-0.98701,-4.6346
-0.17389,-0.89708,-4.5413
-0.25504,-0.81436,-4.441
-0.30926,-0.72232,-4.3332
-0.36946,-0.63074,-4.218
-0.41022,-0.54752,-4.0974
-0.44126,-0.43333,-3.9687
-0.42967,-0.34751,-3.8324
-0.40611,-0.27072,-3.6928
-0.37769,-0.17016,-3.5479
-0.30776,-0.088588,-3.398
-0.29804,-0.0099002,-3.2453
-0.35525,0.099901,-3.0874
-0.41957,0.209,-2.9224
-0.48501,0.32167,-2.7513
-0.55382,0.4562,-2.5709
-0.53549,0.54723,-2.3849
-0.48501,0.67483,-2.1944
-0.42556,0.7565,-1.9992
-0.30776,0.88744,-1.8019
-0.21503,0.99604,-1.5967
-0.12341,1.0875,-1.3932
-0.075549,1.2678,-1.1802
-0.030302,1.2859,-0.97076
0.0048478,1.5239,-0.75513
-0.049747,1.4827,-0.53471
-0.0576,1.7462,-0.32345
-0.052739,1.7055,-0.083827
-0.002257,0.23608,0.022574
0.088236,-0.048984,-0.0059456
0.15442,0.18917,0.00026675
0.28755,-0.014635,-0.00056182
0.33466,0.1026,-0.0025226
0.33167,0.016095,0.00039422
0.36046,0.052543,-0.0029763
0.28081,0.039939,0.00053294
0.23856,0.016961,-0.001889
0.23893,0.047463,-0.00016441
0.18883,0.01006,-0.00054307
0.17499,0.034177,-0.00046809
0.20304,0.014386,0.00033798
0.21201,0.020426,-0.00011192
0.2049,0.017175,0.0009191
0.20453,0.015196,0.00057418
0.15854,0.017063,0.0011066
0.10132,0.010015,0.0014665
0.038502,0.01872,0.0016464
-0.033294,0.0069328,0.0021188
-0.075175,0.01463,0.0029624
-0.07181,0.018574,0.0042634
-0.046382,0.0020029,0.0047882
-0.030302,0.012815,0.0055456
0.011953,0.0087848,0.0061079
0.020179,0.012691,0.0063629
-0.0033789,0.0076264,0.0073114
-0.014223,0.0033113,0.0070715
-0.04526,0.011522,0.0082862
-0.088263,-0.0078195,0.0078513
-0.11706,0.022026,0.0086349
-0.11668,-0.016828,0.0093772
-0.11406,0.020306,0.0086761
-0.10659,-0.003272,0.010974
-0.042642,-0.0077745,0.0078776
0.012327,0.032767,0.012287
0.023545,-0.052628,0.0084924
0.03738,0.081317,0.011822
0.053086,-0.10274,0.011286
0.028032,0.11793,0.0081812
-0.010858,-0.12685,0.018521
0.018684,0.17884,-0.0055707
0.0052217,2.833,0.18079
0.10768,3.4247,0.58405
0.23632,2.8136,0.93032
0.21425,3.0506,1.2682
0.39674,2.8341,1.5955
0.41394,2.858,1.8948
0.28343,2.7804,2.1862
0.42702,2.7689,2.4534
0.35149,2.7911,2.7158
0.26436,2.7104,2.9583
0.40496,2.7508,3.1893
0.3399,2.7254,3.4115
0.34588,2.7285,3.6224
0.49209,2.6662,3.8201
0.45283,2.6067,3.999
0.42478,2.5621,4.1643
0.44722,2.5062,4.3143
0.32756,2.4403,4.4496
0.25127,2.3721,4.57
0.22809,2.3238,4.6761
0.12974,2.2497,4.7681
0.11516,2.1847,4.8455
0.21201,2.116,4.9101
0.28268,2.0384,4.9609
0.36009,1.9578,4.998
0.4719,1.8784,5.0233
0.44796,1.8121,5.0367
0.39748,1.7344,5.0379
0.33429,1.6709,5.0292
0.16302,1.6063,5.0118
0.019057,1.5285,4.9851
-0.10434,1.4617,4.95
-0.20904,1.3837,4.9063
-0.2599,1.2986,4.8528
-0.23111,1.2123,4.7898
-0.21428,1.1277,4.7181
-0.21952,1.043,4.6381
-0.18137,0.95469,4.55
-0.22774,0.8681,4.4546
-0.29655,0.78169,4.3516
-0.34591,0.69892,4.2423
-0.42556,0.60173,4.1263
-0.48389,0.48938,4.0018
-0.50857,0.39689,3.8694
-0.4981,0.32233,3.7324
-0.47641,0.23386,3.5912
-0.42294,0.14235,3.4447
-0.39078,0.063333,3.294
-0.43116,-0.02364,3.1404
-0.46145,-0.13391,2.9811
-0.50371,-0.23664,2.8151
-0.59308,-0.36998,2.6423
-0.64281,-0.48548,2.4607
-0.61626,-0.58156,2.2753
-0.58186,-0.70674,2.0835
-0.50408,-0.78147,1.8895
-0.37096,-0.93324,1.6905
-0.25504,-1.004,1.4865
-0.15632,-1.1597,1.2824
-0.076671,-1.2701,1.0695
-0.013101,-1.352,0.86291
-0.051617,-1.5495,0.64229
-0.06994,-1.4841,0.43154
-0.054982,-1.9021,0.20779
-0.07181,-1.2515,-0.0065792
0.057947,0.055936,-0.044292
0.12451,-0.12192,-0.019806
0.20416,-0.12186,-0.031522
0.34999,-0.039161,-0.024388
0.34476,-0.11587,-0.027841
0.37392,-0.025009,-0.026367
0.36832,-0.093987,-0.026236
0.31409,-0.041167,-0.027747
0.29615,-0.062345,-0.025528
0.24566,-0.054742,-0.027631
0.23594,-0.044792,-0.026446
0.21949,-0.05193,-0.027252
0.21575,-0.033755,-0.02717
0.24267,-0.04552,-0.027421
0.24417,-0.034096,-0.02774
0.22472,-0.039896,-0.027785
0.14956,-0.033279,-0.028231
0.084123,-0.033781,-0.028174
0.019057,-0.034947,-0.028741
-0.053487,-0.034276,-0.029209
-0.082654,-0.043889,-0.030195
-0.099855,-0.033407,-0.031163
-0.076671,-0.033279,-0.03165
-0.031798,-0.036732,-0.03243
-0.021328,-0.025436,-0.032527
-0.002257,-0.036271,-0.033273
0.026536,-0.023757,-0.033839
-0.0093619,-0.034535,-0.033779
-0.054234,-0.02791,-0.035009
-0.083776,-0.017814,-0.034023
-0.14772,-0.037238,-0.035751
-0.15295,-0.0029533,-0.035043
-0.1193,-0.049351,-0.03583
-0.091628,0.0052495,-0.036486
-0.064331,-0.050127,-0.034942
-0.019832,-0.01164,-0.038908
0.022049,-0.0064774,-0.033633
0.0063435,-0.07087,-0.040738
0.054956,0.078569,-0.033135
0.013448,-0.18562,-0.040288
0.0082132,0.26915,-0.035665
0.029154,-0.88442,-0.041581
-0.002257,-3.3112,-0.32428
0.17312,-3.0899,-0.72914
0.14657,-2.8695,-1.0607
0.29652,-3.0306,-1.4034
0.59679,-2.8106,-1.7175
0.51565,-2.8928,-2.0149
0.6454,-2.7759,-2.297
0.66036,-2.8334,-2.5613
0.41805,-2.7856,-2.8185
0.44572,-2.7516,-3.0542
0.45283,-2.7793,-3.2822
0.36682,-2.7583,-3.4987
0.43675,-2.7583,-3.7056
0.53584,-2.68,-3.8971
0.46105,-2.6356,-4.0709
0.45582,-2.5734,-4.2306
0.46367,-2.5299,-4.3751
0.29652,-2.4745,-4.5061
0.27633,-2.4018,-4.6216
0.22585,-2.3508,-4.7228
0.12376,-2.2732,-4.8102
0.17387,-2.2049,-4.883
0.24716,-2.1447,-4.9429
0.29353,-2.0722,-4.9902
0.39225,-1.9934,-5.0246
0.48498,-1.9145,-5.0461
0.41319,-1.8391,-5.0555
0.36981,-1.7644,-5.0542
0.26548,-1.6971,-5.0432
0.091228,-1.6317,-5.023
-0.036285,-1.557,-4.9939
-0.17464,-1.4818,-4.9557
-0.23186,-1.4022,-4.9085
-0.27748,-1.3109,-4.8522
-0.25354,-1.2215,-4.7864
-0.22512,-1.135,-4.7119
-0.22325,-1.0529,-4.6294
-0.22213,-0.96465,-4.5386
-0.28757,-0.871,-4.4408
-0.3317,-0.78168,-4.3359
-0.40873,-0.69239,-4.2235
-0.45697,-0.60401,-4.1053
-0.49959,-0.49612,-3.9801
-0.51193,-0.39837,-3.8463
-0.47454,-0.3216,-3.7078
-0.46519,-0.22612,-3.5653
-0.38218,-0.13232,-3.4171
-0.37171,-0.059155,-3.2653
-0.42967,0.037873,-3.1104
-0.45734,0.15387,-2.9484
-0.52054,0.25821,-2.78
-0.6043,0.39813,-2.6037
-0.64356,0.49687,-2.4202
-0.58523,0.61676,-2.2328
-0.52801,0.71308,-2.0391
-0.43827,0.81271,-1.8442
-0.2872,0.95788,-1.6411
-0.16791,1.0262,-1.4379
-0.069192,1.2239,-1.2291
0.0089611,1.2576,-1.0178
0.039624,1.4497,-0.80756
0.0055957,1.5001,-0.58492
0.0074654,1.6044,-0.37819
-0.0030049,1.8703,-0.13978
0.0082132,0.58235,0.016039
0.11479,-0.13539,0.001564
0.1548,0.19884,-0.0038086
0.25576,0.0081025,0.0021601
0.34775,0.079851,-0.0037149
0.33317,0.042147,0.0014665
0.36757,0.027354,-0.0024739
0.35298,0.057634,0.00043546
0.32382,0.0058531,-0.0010492
0.31185,0.049184,-0.00053182
0.27296,0.013647,0.00042046
0.26361,0.027507,-0.00052058
0.25651,0.015586,0.00081788
0.25875,0.013599,3.0551e-05
0.25688,0.01692,0.0006979
0.22136,0.013254,0.00086661
0.15891,0.017797,0.0012453
0.1103,0.011345,0.0016502
0.027658,0.01451,0.0016877
-0.08041,0.011334,0.0024188
-0.090506,0.021636,0.003416
-0.10846,0.012879,0.0044433
-0.13164,0.007394,0.0051182
-0.091254,0.01274,0.0059655
-0.045634,0.004511,0.0062129
-0.016841,0.01701,0.0068578
-0.0067443,0.0012493,0.0074539
0.014944,0.010224,0.0074614
-0.016467,0.0081438,0.0088261
-0.060217,-0.004929,0.0078063
-0.077045,0.015743,0.0095197
-0.12117,-0.018197,0.0089723
-0.15258,0.033974,0.0096697
-0.15707,-0.022073,0.010809
-0.12267,0.024797,0.0086649
-0.073305,-0.0010526,0.012676
-0.020206,-0.018201,0.0074726
-0.011979,0.062722,0.014679
0.012327,-0.10603,0.0079038
0.02504,0.17197,0.013524
0.0044739,-0.27955,0.011428
0.038876,0.77728,0.01154
0.052338,3.338,0.28106
0.2049,3.1898,0.6857
0.27072,2.8882,1.0204
0.30849,3.0677,1.3659
0.52574,2.8347,1.6835
0.43936,2.9267,1.9839
0.40833,2.8084,2.2699
0.53509,2.8499,2.5365
0.39187,2.8244,2.797
0.36906,2.7923,3.0377
0.43151,2.8001,3.2689
0.34214,2.7712,3.4861
0.38664,2.7923,3.6956
0.47676,2.7251,3.8918
0.43076,2.6835,4.0706
0.45058,2.6303,4.2359
0.48424,2.5821,4.385
0.37953,2.5227,4.5209
0.33354,2.4533,4.6413
0.31409,2.4005,4.7471
0.20079,2.3276,4.8393
0.1907,2.2572,4.9163
0.29689,2.1881,4.9805
0.3313,2.113,5.0318
0.40683,2.0392,5.0694
0.49284,1.9663,5.0951
0.43936,1.8815,5.1085
0.37392,1.8067,5.1101
0.25053,1.7408,5.1019
0.10581,1.6637,5.084
-0.038155,1.5931,5.0575
-0.18623,1.5247,5.0226
-0.26813,1.4489,4.9786
-0.3403,1.3567,4.9255
-0.31562,1.2698,4.8632
-0.24681,1.1912,4.7921
-0.24195,1.1024,4.7128
-0.25242,1.0163,4.6257
-0.28009,0.92653,4.5309
-0.32422,0.84184,4.4285
-0.37993,0.74666,4.3196
-0.45584,0.6505,4.2028
-0.52054,0.57534,4.0802
-0.53886,0.46902,3.9521
-0.54671,0.36194,3.8158
-0.5325,0.27994,3.6743
-0.49473,0.1893,3.5278
-0.46444,0.10805,3.3768
-0.46444,0.034904,3.2236
-0.51792,-0.075684,3.0655
-0.55494,-0.19273,2.8999
-0.60131,-0.30392,2.7284
-0.65814,-0.43749,2.5484
-0.6286,-0.5241,2.3633
-0.56466,-0.64874,2.1743
-0.46332,-0.73854,1.9797
-0.32609,-0.85994,1.7835
-0.23372,-0.98268,1.5789
-0.15108,-1.0671,1.3756
-0.078914,-1.2549,1.1645
-0.026563,-1.2791,0.95413
-0.028059,-1.5036,0.74076
-0.06994,-1.4905,0.51998
-0.058348,-1.702,0.31063
-0.056478,-1.7793,0.070961
0.0074654,-0.3671,-0.051603
0.12077,0.066017,-0.026379
0.19331,-0.21696,-0.028977
0.31148,-0.01865,-0.030199
0.34924,-0.11981,-0.026753
0.34438,-0.051151,-0.030244
0.37206,-0.066743,-0.026409
0.33391,-0.069997,-0.029828
0.31372,-0.039038,-0.027503
0.2939,-0.069941,-0.028786
0.25838,-0.035855,-0.028808
0.24604,-0.058652,-0.028489
0.22061,-0.041144,-0.029325
0.21724,-0.04471,-0.028624
0.21837,-0.042749,-0.029352
0.17237,-0.037864,-0.0294
0.10357,-0.041943,-0.029963
0.039624,-0.035693,-0.02994
-0.033294,-0.038246,-0.030236
-0.081906,-0.034704,-0.030825
-0.08041,-0.04225,-0.031789
-0.09088,-0.041302,-0.032891
-0.060591,-0.035483,-0.033427
-0.0030049,-0.03001,-0.034327
-0.0015092,-0.029039,-0.034462
0.028406,-0.035056,-0.03532
0.046729,-0.021526,-0.035377
0.0029781,-0.037834,-0.035976
-0.041521,-0.018467,-0.036678
-0.089385,-0.02956,-0.035804
-0.12528,-0.026036,-0.037825
-0.13388,-0.012082,-0.036141
-0.14435,-0.047424,-0.038597
-0.13239,0.011462,-0.037172
-0.093498,-0.065472,-0.037795
-0.039277,0.022034,-0.039789
-0.014223,-0.060369,-0.036066
0.0059696,-0.010271,-0.042991
0.043737,0.016553,-0.032808
-0.011979,-0.13957,-0.046849
0.029154,0.27212,-0.027053
0.003352,-1.6242,-0.086339
0.022049,-3.4884,-0.43683
0.18957,-2.9031,-0.8241
0.12301,-2.9955,-1.1549
0.39561,-2.987,-1.4982
0.62147,-2.858,-1.8047
0.53472,-2.9151,-2.1027
0.73066,-2.8053,-2.3791
0.6368,-2.8876,-2.6442
0.43787,-2.8175,-2.8986
0.52126,-2.8228,-3.1346
0.46554,-2.8047,-3.3609
0.40309,-2.8052,-3.5742
0.51004,-2.8079,-3.7804
0.53098,-2.7399,-3.9709
0.46891,-2.7014,-4.1455
0.52275,-2.6361,-4.3046
0.4618,-2.5938,-4.4482
0.34887,-2.5406,-4.5794
0.33803,-2.4806,-4.6957
0.24866,-2.4116,-4.7977
0.19892,-2.3387,-4.8853
0.23781,-2.2813,-4.9592
0.32083,-2.2072,-5.0201
0.37953,-2.1336,-5.0673
0.46891,-2.0615,-5.1018
0.50667,-1.981,-5.1241
0.39674,-1.9042,-5.1345
0.33803,-1.8292,-5.1337
0.21612,-1.7563,-5.1229
0.037754,-1.6893,-5.1032
-0.13201,-1.6155,-5.0744
-0.2599,-1.5354,-5.0369
-0.3317,-1.4597,-4.9904
-0.3818,-1.3728,-4.9349
-0.3115,-1.2803,-4.8697
-0.27561,-1.1951,-4.7959
-0.25354,-1.1108,-4.7143
-0.25691,-1.0202,-4.6246
-0.32684,-0.92817,-4.5274
-0.35376,-0.83854,-4.4228
-0.40948,-0.74564,-4.3113
-0.44163,-0.66051,-4.1933
-0.48987,-0.5599,-4.0692
-0.51044,-0.44965,-3.9368
-0.48501,-0.36913,-3.798
-0.49286,-0.28416,-3.6557
-0.45061,-0.18623,-3.5082
-0.4551,-0.10641,-3.3564
-0.50296,-0.026036,-3.2016
-0.54073,0.096545,-3.0407
-0.6129,0.20491,-2.8733
-0.66787,0.32988,-2.6994
-0.64655,0.45366,-2.5158
-0.58111,0.5464,-2.3289
-0.51941,0.67771,-2.1365
-0.37732,0.75031,-1.941
-0.23298,0.90067,-1.7415
-0.14061,0.98656,-1.536
-0.050869,1.133,-1.3313
-0.033294,1.257,-1.117
-0.034042,1.323,-0.90895
-0.061713,1.5457,-0.68766
-0.078166,1.4704,-0.47422
-0.060965,1.8712,-0.25272
-0.041147,1.3341,-0.030484
0.061686,-0.043431,0.01893
0.14283,0.078426,-0.0083676
0.26361,0.124,0.0034685
0.38178,0.0089798,-0.0027963
0.36682,0.10096,0.00020676
0.40945,0.0043198,-0.00057681
0.40608,0.070647,-0.0014954
0.3399,0.019447,0.00081038
0.34625,0.029963,-0.0015666
0.31372,0.026769,0.00064166
0.2696,0.014952,-0.00035561
0.26922,0.028703,0.00059293
0.26623,0.011244,0.00056293
0.24604,0.024654,0.00054419
0.215,0.014277,0.0013428
0.15667,0.018169,0.001234
0.089732,0.0094447,0.0015077
0.019431,0.011844,0.0016427
-0.059844,0.016178,0.0022463
-0.078166,0.014461,0.0031086
-0.067696,0.020084,0.0046008
-0.046008,0.013707,0.0054256
0.0085872,0.013614,0.0058867
0.038128,0.005332,0.0064716
0.049346,0.010877,0.0069778
0.061686,0.005392,0.0077726
0.052712,0.005377,0.0075626
-0.0033789,0.016122,0.0088936
-0.062461,-0.007006,0.0082675
-0.11593,0.022941,0.0091185
-0.17165,-0.011805,0.0098534
-0.16081,0.021363,0.0090136
-0.14809,0.00014712,0.011552
-0.12827,-0.0037893,0.0085074
-0.067322,0.035324,0.012864
-0.0033789,-0.055125,0.0088186
0.029154,0.082355,0.01238
0.028406,-0.10089,0.012062
0.034763,0.1138,0.008125
0.0014823,-0.12267,0.019118
0.015318,0.16201,-0.0051695
0.025788,2.8242,0.17948
0.12039,3.4459,0.58404
0.24192,2.8456,0.93275
0.25987,3.1025,1.2731
0.47788,2.8805,1.6032
0.47264,2.9188,1.904
0.35598,2.857,2.1968
0.52948,2.8365,2.4652
0.44011,2.8783,2.7291
0.36981,2.8017,2.9749
0.51228,2.8205,3.2077
0.45731,2.7952,3.4285
0.45395,2.8182,3.6392
0.58632,2.7777,3.8405
0.58819,2.7156,4.0237
0.53883,2.6632,4.1927
0.56127,2.6208,4.3464
0.48199,2.5631,4.4853
0.38327,2.4965,4.6102
0.35074,2.4413,4.7208
0.24828,2.3661,4.8169
0.20266,2.3101,4.8993
0.27782,2.2402,4.9679
0.34401,2.166,5.0229
0.42141,2.0895,5.0653
0.52051,2.0021,5.0941
0.49545,1.9296,5.1108
0.41543,1.8511,5.1162
0.30587,1.7757,5.1104
0.12376,1.7085,5.0954
-0.037781,1.6379,5.0717
-0.19708,1.5708,5.0393
-0.32422,1.4946,4.9986
-0.40013,1.4091,4.949
-0.42182,1.3208,4.8898
-0.36946,1.2302,4.8216
-0.32123,1.1419,4.7447
-0.30253,1.059,4.66
-0.32945,0.97103,4.5679
-0.37171,0.8796,4.4681
-0.42406,0.79318,4.3615
-0.49286,0.68708,4.2474
-0.51268,0.5978,4.1264
-0.54073,0.51468,4.0005
-0.5254,0.40791,3.8665
-0.51156,0.32205,3.7268
-0.51007,0.23168,3.5828
-0.44089,0.14163,3.4334
-0.48912,0.068949,3.2809
-0.53175,-0.02652,3.1254
-0.55232,-0.14762,2.9632
-0.67385,-0.2526,2.794
-0.6989,-0.38598,2.6174
-0.65665,-0.4932,2.4329
-0.61626,-0.5966,2.2455
-0.52016,-0.71009,2.052
-0.36311,-0.79739,1.857
-0.23223,-0.94801,1.6554
-0.14136,-1.0121,1.4513
-0.062461,-1.1955,1.2446
-0.047877,-1.2648,1.0311
-0.027311,-1.4028,0.82321
-0.054234,-1.5379,0.60043
-0.081906,-1.5296,0.39218
-0.068818,-1.9309,0.16027
-0.040773,-0.94913,-0.030083
0.080383,0.12047,-0.039043
0.15928,-0.18685,-0.022896
0.27334,-0.073746,-0.032962
0.35373,-0.068467,-0.025093
0.31148,-0.099112,-0.029895
0.34551,-0.032585,-0.026682
0.33279,-0.091445,-0.028463
0.28829,-0.032972,-0.028358
0.30213,-0.068516,-0.027185
0.26324,-0.043851,-0.029067
0.23669,-0.047158,-0.027668
0.25239,-0.049865,-0.028995
0.23744,-0.039326,-0.028579
0.21874,-0.048511,-0.028849
0.20266,-0.033594,-0.029052
0.12675,-0.040061,-0.029374
0.033641,-0.035551,-0.029712
-0.01871,-0.036694,-0.029629
-0.081906,-0.039795,-0.03045
-0.10509,-0.039259,-0.031237
-0.09275,-0.038513,-0.03228
-0.064705,-0.036724,-0.032887
-0.017589,-0.032728,-0.033836
0.0022302,-0.02869,-0.034304
0.047103,-0.040871,-0.034713
0.058695,-0.023048,-0.035219
0.025414,-0.032934,-0.035092
-0.014223,-0.028863,-0.036366
-0.062461,-0.020502,-0.035733
-0.11406,-0.040203,-0.037371
-0.1466,-0.0032195,-0.036355
-0.12192,-0.051825,-0.037142
-0.11406,0.0018154,-0.038068
-0.08228,-0.048837,-0.036291
-0.022076,-0.011606,-0.040423
0.0044739,-0.006796,-0.035024
0.017562,-0.076505,-0.042073
0.046355,0.079855,-0.034852
0.0018563,-0.1889,-0.041563
0.0059696,0.26247,-0.037525
0.011205,-0.86456,-0.042163
-0.019458,-3.3051,-0.32301
0.17162,-3.1029,-0.7295
0.13573,-2.8936,-1.0628
0.28343,-3.069,-1.4077
0.62633,-2.8454,-1.7239
0.5336,-2.9403,-2.0228
0.7071,-2.823,-2.307
0.75609,-2.8832,-2.5724
0.49807,-2.8569,-2.8322
0.56837,-2.8211,-3.0718
0.57249,-2.8329,-3.3013
0.47638,-2.7985,-3.5175
0.54556,-2.8248,-3.7251
0.63232,-2.7771,-3.921
0.57174,-2.7341,-4.1007
0.56501,-2.6745,-4.2653
0.57548,-2.6222,-4.4141
0.41618,-2.5696,-4.549
0.37168,-2.504,-4.6691
0.29652,-2.4522,-4.7758
0.17873,-2.3832,-4.8683
0.24342,-2.315,-4.9465
0.3313,-2.2466,-5.0119
0.38851,-2.1704,-5.064
0.47713,-2.0941,-5.1026
0.54481,-2.0174,-5.1291
0.47788,-1.939,-5.1435
0.38626,-1.8596,-5.1463
0.25613,-1.7897,-5.1386
0.080757,-1.7167,-5.1216
-0.096489,-1.6443,-5.0957
-0.27,-1.5735,-5.0612
-0.35039,-1.4909,-5.0181
-0.42182,-1.4046,-4.9656
-0.41733,-1.3177,-4.9043
-0.37358,-1.2276,-4.8337
-0.36086,-1.1378,-4.7544
-0.35039,-1.0516,-4.6678
-0.38031,-0.96071,-4.5729
-0.40125,-0.86961,-4.4711
-0.47379,-0.77567,-4.3619
-0.52353,-0.68622,-4.246
-0.53138,-0.59458,-4.1243
-0.53699,-0.47965,-3.9946
-0.50969,-0.39164,-3.8577
-0.50707,-0.31128,-3.7163
-0.47305,-0.21652,-3.5705
-0.45472,-0.13392,-3.42
-0.51306,-0.048309,-3.2663
-0.56017,0.052101,-3.1085
-0.59046,0.16548,-2.9435
-0.65291,0.28323,-2.7724
-0.67535,0.41643,-2.5926
-0.61739,0.51272,-2.4066
-0.54522,0.63578,-2.2165
-0.39302,0.72278,-2.0209
-0.22924,0.84491,-1.8239
-0.14548,0.97222,-1.6189
-0.019832,1.0534,-1.415
0.03925,1.2405,-1.2031
0.035885,1.2647,-0.99217
0.038876,1.4874,-0.77854
-0.031424,1.477,-0.55666
-0.042268,1.6742,-0.3474
-0.025441,1.7902,-0.10654
0.017188,0.3815,0.021772
0.11142,-0.094257,-0.0024439
0.20902,0.1979,-0.0008655
0.32569,-0.0090604,0.0011553
0.31634,0.091559,-0.0024964
0.32606,0.028538,0.0016089
0.3485,0.038998,-0.0022377
0.27707,0.04085,0.0011516
0.28642,0.0087661,-0.0011879
0.26997,0.04689,0.00031924
0.24267,0.011192,0.00078788
0.23594,0.031897,0.00031174
0.22771,0.015117,0.0014477
0.26586,0.019811,0.00086287
0.20939,0.018832,0.0015902
0.15854,0.014735,0.0015265
0.126,0.016429,0.0019389
0.031771,0.0090435,0.0021488
-0.056852,0.015825,0.0023625
-0.10472,0.016969,0.0032361
-0.078166,0.017546,0.0045033
-0.070688,0.01241,0.0053919
-0.015345,0.0159,0.0063254
0.04112,0.0019804,0.0069665
0.054956,0.0095159,0.0070715
0.075148,0.010056,0.0080725
0.043737,-0.0076321,0.0076189
0.035511,0.018618,0.0089161
-0.0089879,-0.011119,0.0091748
-0.068444,0.012845,0.0090323
-0.10359,-0.0022822,0.010791
-0.12341,0.0063442,0.0090548
-0.10808,0.010667,0.011799
-0.088637,-0.025635,0.0094522
-0.031798,0.047677,0.012185
0.031771,-0.06134,0.010719
0.059069,0.070081,0.010753
0.071409,-0.071466,0.014491
0.080383,0.044952,0.0062804
0.03925,0.0084549,0.021543
0.034763,-0.12973,-0.0060206
0.038502,2.3264,0.11735
0.13273,3.5692,0.50571
0.2666,2.8616,0.87054
0.24791,3.078,1.2067
0.41581,2.9361,1.545
0.47526,2.9017,1.8477
0.36944,2.8923,2.1451
0.52948,2.8243,2.4173
0.49807,2.8982,2.6826
0.37879,2.8121,2.9334
0.51153,2.8278,3.1692
0.50144,2.8013,3.3933
0.45208,2.8211,3.6052
0.58408,2.8005,3.8102
0.60651,2.7396,3.9982
0.54668,2.7074,4.1715
0.57922,2.6406,4.3296
0.50443,2.5866,4.4733
0.39748,2.533,4.6029
0.38514,2.4637,4.7178
0.28231,2.4036,4.8183
0.20752,2.3389,4.9048
0.27782,2.2521,4.9777
0.35747,2.1927,5.037
0.41431,2.1217,5.0836
0.49433,2.0328,5.1172
0.52462,1.9583,5.1382
0.46143,1.8736,5.1472
0.33915,1.7997,5.145
0.18284,1.7322,5.1328
0.0014823,1.6586,5.1114
-0.18773,1.5893,5.082
-0.3201,1.5125,5.044
-0.42294,1.4274,4.9968
-0.45472,1.3397,4.9413
-0.41396,1.2567,4.8761
-0.38667,1.1717,4.8021
-0.35825,1.0801,4.7206
-0.37545,0.99204,4.631
-0.38741,0.90735,4.534
-0.42144,0.81767,4.4298
-0.50371,0.70463,4.3184
-0.54372,0.61435,4.1995
-0.57887,0.54295,4.0751
-0.57625,0.43614,3.9442
-0.56316,0.34228,3.8058
-0.55456,0.25608,3.6627
-0.52166,0.16203,3.5145
-0.51829,0.081744,3.3621
-0.54185,0.0024903,3.2077
-0.57737,-0.10777,3.048
-0.63459,-0.218,2.8804
-0.67834,-0.33768,2.7071
-0.66076,-0.46671,2.5253
-0.61103,-0.54981,2.3389
-0.53362,-0.67977,2.1478
-0.38106,-0.76119,1.9519
-0.22101,-0.89897,1.7532
-0.11406,-0.99929,1.5474
-0.025815,-1.1078,1.343
0.020553,-1.2738,1.1295
0.027284,-1.306,0.92029
-0.027311,-1.5405,0.70259
-0.079662,-1.4777,0.48491
-0.072557,-1.8014,0.27072
-0.063209,-1.6079,0.035351
0.035511,-0.14806,-0.051629
0.14881,-0.013147,-0.022165
0.24679,-0.18893,-0.030795
0.3485,-0.017473,-0.027826
0.35411,-0.13202,-0.027473
0.37168,-0.032559,-0.029048
0.3743,-0.08355,-0.02624
0.3227,-0.05382,-0.029277
0.304,-0.049546,-0.02681
0.28493,-0.067781,-0.028474
0.25239,-0.034527,-0.027901
0.22435,-0.063099,-0.028452
0.23145,-0.038948,-0.028504
0.22398,-0.044117,-0.028159
0.1907,-0.039221,-0.029082
0.15293,-0.039859,-0.028864
0.047103,-0.039161,-0.02928
-0.024693,-0.03362,-0.029434
-0.064331,-0.037763,-0.029937
-0.11332,-0.039604,-0.030701
-0.10135,-0.044069,-0.031826
-0.062087,-0.035457,-0.032538
-0.002631,-0.035169,-0.033457
0.050842,-0.029091,-0.033959
0.091601,-0.032582,-0.034349
0.10805,-0.025736,-0.035058
0.08861,-0.027284,-0.034739
0.034015,-0.030561,-0.03631
-0.050495,-0.02003,-0.035594
-0.10285,-0.045355,-0.036704
-0.12528,-0.0085993,-0.036779
-0.14136,-0.047814,-0.036576
-0.1294,-0.0056264,-0.038563
-0.06994,-0.030426,-0.035542
-0.0071182,-0.037384,-0.040176
0.051216,0.020403,-0.03538
0.059443,-0.095543,-0.040479
0.094967,0.087938,-0.037097
0.096463,-0.17128,-0.03757
0.048225,0.18113,-0.043441
0.062808,-0.43209,-0.02669
0.024293,-3.0331,-0.25233
0.16676,-3.265,-0.66354
0.18509,-2.8475,-1.0063
0.26249,-3.1044,-1.3499
0.62035,-2.8591,-1.6746
0.55828,-2.9311,-1.9748
0.68168,-2.8489,-2.2647
0.81106,-2.8677,-2.5322
0.51789,-2.8783,-2.7951
0.55342,-2.8233,-3.0386
0.5923,-2.8423,-3.2712
0.48835,-2.8015,-3.4901
0.53621,-2.8312,-3.6996
0.61549,-2.7948,-3.8995
0.60203,-2.7473,-4.0833
0.57772,-2.687,-4.2526
0.60315,-2.6321,-4.4048
0.45769,-2.588,-4.5437
0.37841,-2.5256,-4.6686
0.33803,-2.4702,-4.7794
0.20977,-2.3996,-4.8764
0.20416,-2.3304,-4.9589
0.26623,-2.2595,-5.0282
0.33017,-2.186,-5.0845
0.39561,-2.1114,-5.1271
0.48274,-2.032,-5.1576
0.45245,-1.955,-5.176
0.36757,-1.8757,-5.1823
0.2509,-1.8014,-5.1781
0.078514,-1.7295,-5.1643
-0.074427,-1.6589,-5.1416
-0.25616,-1.586,-5.1101
-0.35039,-1.5043,-5.0695
-0.41695,-1.4231,-5.0205
-0.41135,-1.3359,-4.9621
-0.35226,-1.2458,-4.8944
-0.33693,-1.1591,-4.8184
-0.30664,-1.0708,-4.7341
-0.3646,-0.98088,-4.6425
-0.3818,-0.89099,-4.5435
-0.41359,-0.79991,-4.437
-0.49511,-0.71131,-4.3238
-0.51493,-0.62092,-4.2041
-0.54596,-0.51034,-4.0772
-0.53288,-0.41176,-3.9423
-0.51455,-0.33236,-3.8023
-0.46631,-0.23951,-3.6583
-0.44014,-0.15024,-3.5087
-0.49249,-0.070049,-3.3556
-0.51717,0.022832,-3.1992
-0.57214,0.13832,-3.036
-0.64805,0.2417,-2.8661
-0.64169,0.37927,-2.6892
-0.57737,0.48917,-2.5039
-0.52427,0.58027,-2.3159
-0.4192,0.70398,-2.1213
-0.26514,0.78554,-1.9247
-0.16118,0.94158,-1.7225
-0.061713,1.0052,-1.5162
0.0022302,1.1786,-1.309
0.010831,1.2739,-1.0933
0.034015,1.3714,-0.88431
-0.018336,1.5609,-0.66011
-0.075923,1.4962,-0.44856
-0.049747,1.9178,-0.22038
-0.025067,1.1369,-0.011753
0.065052,-0.11698,0.014933
0.16938,0.13236,-0.0070741
0.26548,0.085126,0.0047095
0.32905,0.02804,-0.0027288
0.31222,0.089591,0.0017214
0.34663,-0.0024959,-0.00056557
0.3197,0.07094,0.00014677
0.29016,0.0073452,0.0011403
0.31409,0.036636,-0.00057681
0.25688,0.028276,0.0019314
0.25277,0.019372,0.00056668
0.2595,0.03018,0.0016989
0.25015,0.014326,0.0014815
0.24529,0.025423,0.0016689
0.19182,0.010731,0.0021113
0.13909,0.015192,0.0019351
0.060565,0.010877,0.002445
-0.002631,0.01157,0.0028049
-0.071062,0.014866,0.0032811
-0.08415,0.010708,0.0037347
-0.043016,0.017168,0.0049907
-0.0074922,0.013287,0.0060292
0.059443,0.012245,0.0064266
0.088236,0.0091747,0.0072514
0.11965,0.0074614,0.0075476
0.10207,0.010989,0.008275
0.065426,-0.0020086,0.008335
0.023919,0.017299,0.0088336
-0.062835,-0.0038418,0.0098234
-0.1107,0.010142,0.0091935
-0.1466,0.0090548,0.011023
-0.12603,-0.011647,0.0094859
-0.10733,0.030926,0.011698
-0.06807,-0.032728,0.010569
0.01457,0.046455,0.010967
0.04112,-0.038149,0.013025
0.068417,0.03021,0.0089161
0.069539,-0.00068516,0.016178
0.053086,-0.0528,0.0065091
0.0127,0.12924,0.019901
0.03925,-0.30634,0.0020214
0.054956,1.5384,0.052605
0.072157,3.553,0.3921
0.27521,2.9643,0.77861
0.29016,2.973,1.1068
0.35972,2.9796,1.4486
0.51153,2.8319,1.7545
0.34887,2.8906,2.0511
0.41207,2.7794,2.3268
0.49209,2.8608,2.5903
0.34214,2.7696,2.8424
0.45619,2.7787,3.0755
0.50592,2.7828,3.3013
0.43824,2.7603,3.5137
0.57323,2.7579,3.717
0.62334,2.6861,3.905
0.57959,2.64,4.0765
0.59193,2.567,4.232
0.50555,2.5114,4.3718
0.36532,2.46,4.4986
0.29689,2.3983,4.6113
0.23183,2.3296,4.7095
0.15106,2.2446,4.7932
0.17349,2.1704,4.8633
0.24903,2.1044,4.9196
0.28081,2.0356,4.9634
0.39711,1.9528,4.9949
0.42628,1.8671,5.0133
0.35186,1.7969,5.0202
0.29764,1.7208,5.0171
0.12339,1.6492,5.004
-0.042268,1.5835,4.9825
-0.19558,1.5064,4.9528
-0.33656,1.4257,4.9138
-0.39527,1.3383,4.8652
-0.42855,1.2549,4.8077
-0.39003,1.1697,4.741
-0.32646,1.0748,4.6653
-0.28832,0.995,4.5824
-0.30664,0.90801,4.4917
-0.37919,0.81578,4.3935
-0.40798,0.72834,4.2884
-0.45734,0.63154,4.1752
-0.52727,0.54969,4.056
-0.52914,0.45242,3.9308
-0.51268,0.34718,3.7975
-0.50894,0.25844,3.6586
-0.46893,0.17171,3.5147
-0.40873,0.094124,3.3665
-0.42069,0.014157,3.2155
-0.44986,-0.088536,3.0602
-0.46706,-0.1988,2.8975
-0.53512,-0.31105,2.7283
-0.60991,-0.44488,2.5506
-0.59383,-0.53115,2.3673
-0.52614,-0.65151,2.18
-0.44201,-0.74228,1.9866
-0.30552,-0.85619,1.7921
-0.18773,-0.98194,1.5893
-0.077419,-1.0602,1.3874
0.0018563,-1.254,1.1779
0.050468,-1.272,0.96787
0.039998,-1.4903,0.75654
-0.02245,-1.495,0.53578
-0.03105,-1.6594,0.32837
-0.10621,-1.8201,0.089317
-0.049747,-0.44822,-0.045109
0.077018,0.083656,-0.023091
0.070661,-0.21949,-0.022937
0.21051,-0.015171,-0.025685
0.29166,-0.11245,-0.021362
0.25688,-0.049842,-0.02558
0.3197,-0.062184,-0.021441
0.31746,-0.076404,-0.024751
0.27894,-0.029676,-0.022697
0.26997,-0.078751,-0.023552
0.21911,-0.036964,-0.023814
0.19705,-0.050528,-0.023488
0.2079,-0.038805,-0.024511
0.1978,-0.037785,-0.0236
0.18957,-0.046314,-0.024643
0.18284,-0.036376,-0.024481
0.14507,-0.035453,-0.024706
0.06206,-0.031457,-0.025119
-0.0015092,-0.033901,-0.025438
-0.044138,-0.033159,-0.025872
-0.076297,-0.036068,-0.026154
-0.074053,-0.03885,-0.027552
-0.036659,-0.034276,-0.028459
0.022049,-0.033328,-0.028861
0.057947,-0.025511,-0.029464
0.078514,-0.02854,-0.029682
0.083375,-0.029238,-0.030641
0.072531,-0.021848,-0.030334
0.02691,-0.034186,-0.031511
-0.025815,-0.011385,-0.031567
-0.0662,-0.036338,-0.031455
-0.11406,-0.009799,-0.032808
-0.12603,-0.025875,-0.031151
-0.11107,-0.028102,-0.034188
-0.069192,0.0012531,-0.031736
-0.031424,-0.060763,-0.034698
0.029154,0.039898,-0.032876
0.043363,-0.092937,-0.0333
0.067669,0.056446,-0.036295
0.072905,-0.080888,-0.028988
0.0029781,0.0033675,-0.043576
0.054956,0.061428,-0.015847
-0.002631,-2.3883,-0.15112
0.093471,-3.4655,-0.54493
0.18658,-2.804,-0.9057
0.15068,-3.0415,-1.2389
0.49845,-2.8897,-1.5723
0.56276,-2.8706,-1.8713
0.55454,-2.8454,-2.1644
0.76581,-2.8011,-2.4328
0.5867,-2.8567,-2.6953
0.48237,-2.7658,-2.9405
0.59567,-2.7997,-3.1711
0.54182,-2.7765,-3.3931
0.50742,-2.7846,-3.6033
0.62147,-2.7384,-3.8033
0.62708,-2.6736,-3.9846
0.56576,-2.6273,-4.1514
0.60053,-2.554,-4.3022
0.45993,-2.5162,-4.4384
0.347,-2.4597,-4.5616
0.32868,-2.3883,-4.6704
0.1978,-2.3164,-4.7647
0.17611,-2.2527,-4.8446
0.22921,-2.1828,-4.9115
0.28867,-2.1044,-4.9651
0.32382,-2.0288,-5.0057
0.4001,-1.9481,-5.0337
0.41094,-1.8695,-5.0496
0.32382,-1.79,-5.0543
0.26436,-1.7209,-5.0486
0.096463,-1.6537,-5.0338
-0.067322,-1.5763,-5.0099
-0.23485,-1.5022,-4.977
-0.33992,-1.4192,-4.9355
-0.40499,-1.3338,-4.8845
-0.44837,-1.2477,-4.8242
-0.37358,-1.1552,-4.7549
-0.3833,-1.0689,-4.6773
-0.35974,-0.98079,-4.592
-0.38143,-0.89248,-4.4986
-0.41658,-0.80524,-4.3981
-0.3904,-0.71314,-4.2906
-0.46071,-0.62897,-4.1762
-0.4622,-0.52741,-4.0555
-0.46108,-0.41683,-3.9264
-0.46631,-0.34251,-3.7907
-0.43603,-0.25749,-3.6514
-0.40611,-0.15898,-3.5068
-0.37171,-0.07802,-3.357
-0.38816,0.0026027,-3.2043
-0.43004,0.11473,-3.0464
-0.46594,0.22115,-2.8813
-0.51081,0.33782,-2.7099
-0.57139,0.46842,-2.5293
-0.52801,0.56007,-2.3439
-0.44537,0.68849,-2.1533
-0.36797,0.75991,-1.9588
-0.23186,0.90481,-1.7608
-0.11893,0.99486,-1.5559
-0.0074922,1.104,-1.3527
0.068417,1.2642,-1.1394
0.095715,1.3107,-0.93154
0.084123,1.5379,-0.71305
0.043737,1.4701,-0.49726
0.019057,1.8306,-0.28073
-0.0093619,1.4998,-0.049451
0.030276,0.049079,0.022679
0.068417,0.026698,-0.0067067
0.13311,0.15214,0.0036635
0.27109,-0.0044642,-0.00069679
0.27558,0.10865,0.00043546
0.27894,0.0040798,0.0012153
0.3227,0.061687,-0.00059556
0.27633,0.025198,0.0022988
0.26249,0.024793,-0.00023564
0.25987,0.038503,0.0019614
0.23706,0.013764,0.0010091
0.20154,0.032291,0.0016652
0.19144,0.011109,0.0019614
0.21762,0.022461,0.0018901
0.1907,0.016283,0.0027449
0.15667,0.014577,0.0024338
0.09908,0.010839,0.0030411
0.060939,0.012058,0.0031536
0.013074,0.017483,0.0035923
-0.089011,0.012853,0.0044996
-0.067322,0.015031,0.0056843
-0.028807,0.01256,0.0064604
-0.02245,0.01448,0.0071727
0.024293,0.0078626,0.0078813
0.044859,0.01175,0.0079713
0.079635,0.010843,0.0088261
0.12226,0.0014893,0.0082937
0.10768,0.017771,0.0092572
0.06206,-0.0071559,0.009366
0.032145,0.017872,0.0091748
-0.025815,-0.0030958,0.010806
-0.063957,0.011364,0.009456
-0.061339,0.015297,0.012013
-0.064705,-0.018947,0.0093997
-0.025441,0.04707,0.012661
0.045607,-0.057423,0.010869
0.080383,0.075888,0.011139
0.08674,-0.068925,0.014622
0.10544,0.055438,0.006824
0.071409,-0.0075084,0.021772
0.065052,-0.099198,-0.0058069
0.054956,2.3865,0.12439
0.13909,3.5552,0.51527
0.27932,2.8445,0.87784
0.24604,3.0696,1.2138
0.393,2.9149,1.5507
0.45096,2.8831,1.8526
0.3556,2.8742,2.1492
0.51752,2.8096,2.4205
0.49471,2.8759,2.686
0.4274,2.7937,2.9357
0.56725,2.8142,3.17
0.53098,2.7754,3.3943
0.51752,2.7855,3.6059
0.64092,2.767,3.8095
0.62633,2.7132,3.9981
0.56875,2.6715,4.1722
0.58296,2.5935,4.3294
0.51714,2.5458,4.4707
0.40907,2.4836,4.5987
0.35635,2.4222,4.7123
0.26212,2.3616,4.8121
0.18696,2.2728,4.8977
0.22622,2.2043,4.9689
0.28231,2.1328,5.0272
0.32943,2.0388,5.0728
0.43076,1.9705,5.1051
0.43189,1.902,5.1255
0.36046,1.8199,5.134
0.27109,1.7449,5.1313
0.10619,1.6736,5.1191
-0.033668,1.6052,5.0979
-0.20269,1.5321,5.0684
-0.32646,1.4521,5.0303
-0.40686,1.3734,4.9831
-0.4551,1.2884,4.9269
-0.40574,1.1972,4.8613
-0.39601,1.109,4.7867
-0.36348,1.0223,4.7043
-0.35488,0.93373,4.6148
-0.39489,0.84669,4.5176
-0.40723,0.76035,4.413
-0.47491,0.66123,4.3008
-0.50408,0.5708,4.1816
-0.50745,0.48134,4.0573
-0.50857,0.37834,3.9251
-0.46482,0.29172,3.7862
-0.43864,0.20558,3.6429
-0.41322,0.11845,3.4945
-0.42518,0.040228,3.3426
-0.45136,-0.044361,3.1878
-0.46033,-0.15899,3.0266
-0.52914,-0.2655,2.858
-0.57064,-0.389,2.6833
-0.53288,-0.50704,2.4997
-0.49361,-0.59464,2.3125
-0.44724,-0.72286,2.1199
-0.3115,-0.79879,1.9239
-0.15744,-0.9431,1.7237
-0.066574,-1.024,1.5173
0.01457,-1.1648,1.3115
0.022049,-1.2915,1.0966
0.02504,-1.3568,0.8878
0.0029781,-1.5663,0.66659
-0.064705,-1.4909,0.45243
-0.06807,-1.8914,0.23059
-0.067696,-1.3723,0.0066028
0.027284,0.0096809,-0.045612
0.11292,-0.092135,-0.018078
0.2064,-0.14302,-0.029655
0.30886,-0.024926,-0.023402
0.25913,-0.11953,-0.025816
0.28306,-0.025174,-0.024991
0.27857,-0.091509,-0.024313
0.22248,-0.041834,-0.026491
0.24866,-0.058169,-0.023795
0.21537,-0.058409,-0.026127
0.17686,-0.040113,-0.024849
0.17649,-0.056264,-0.02558
0.20378,-0.033586,-0.025655
0.19481,-0.0457,-0.025782
0.14582,-0.039079,-0.026555
0.13236,-0.039941,-0.026142
0.057947,-0.037103,-0.026525
-0.015345,-0.034827,-0.026694
-0.049747,-0.035915,-0.027275
-0.074801,-0.039742,-0.028118
-0.052739,-0.037152,-0.029213
-0.014971,-0.031532,-0.030113
0.03738,-0.035562,-0.03099
0.059817,-0.027401,-0.031402
0.09908,-0.037096,-0.031736
0.129,-0.025983,-0.03243
0.096089,-0.026163,-0.032388
0.074026,-0.03269,-0.033592
0.0070914,-0.018879,-0.032733
-0.066948,-0.040188,-0.034079
-0.08041,-0.0020948,-0.034128
-0.08041,-0.049752,-0.033888
-0.081532,-0.0071447,-0.035823
-0.051243,-0.027596,-0.032951
0.017188,-0.037677,-0.037562
0.044859,0.01803,-0.032857
0.036259,-0.09624,-0.037978
0.097958,0.09229,-0.034327
0.055703,-0.169,-0.03511
0.025414,0.18226,-0.040524
0.059069,-0.44813,-0.024373
-0.038903,-3.0481,-0.25207
0.11404,-3.2552,-0.66255
0.12974,-2.8373,-1.0037
0.16938,-3.0882,-1.3468
0.53921,-2.8479,-1.6707
0.48835,-2.9235,-1.9705
0.60315,-2.8259,-2.2597
0.75684,-2.8459,-2.5265
0.49994,-2.8545,-2.7894
0.54257,-2.793,-3.0324
0.58894,-2.8127,-3.264
0.49732,-2.775,-3.483
0.57436,-2.8055,-3.6928
0.64129,-2.757,-3.8928
0.59156,-2.7068,-4.0758
0.58744,-2.6535,-4.2439
0.60577,-2.5926,-4.3959
0.42553,-2.5454,-4.5342
0.34962,-2.4773,-4.6581
0.32419,-2.4183,-4.7675
0.18845,-2.3517,-4.8634
0.17574,-2.2773,-4.9452
0.23594,-2.2095,-5.0134
0.29876,-2.1356,-5.069
0.36532,-2.055,-5.1114
0.45507,-1.9775,-5.1407
0.42815,-1.8996,-5.1584
0.32606,-1.8211,-5.1644
0.22734,-1.7442,-5.1595
0.069913,-1.6724,-5.1454
-0.11519,-1.6028,-5.1223
-0.28421,-1.527,-5.0904
-0.35152,-1.4486,-5.0499
-0.43341,-1.3639,-5.0003
-0.44724,-1.2741,-4.9414
-0.38031,-1.1913,-4.8734
-0.3747,-1.1037,-4.7968
-0.35339,-1.011,-4.7123
-0.38367,-0.92243,-4.6204
-0.41322,-0.83421,-4.5209
-0.44126,-0.7458,-4.4142
-0.50109,-0.65711,-4.3008
-0.51007,-0.56397,-4.1809
-0.51193,-0.45123,-4.0532
-0.49773,-0.36056,-3.9173
-0.46407,-0.28598,-3.7772
-0.41621,-0.18777,-3.6325
-0.39975,-0.10468,-3.4827
-0.42967,-0.029391,-3.3298
-0.46444,0.068053,-3.1726
-0.50034,0.18501,-3.0085
-0.55082,0.28984,-2.8382
-0.57064,0.42458,-2.6597
-0.49773,0.52726,-2.4735
-0.45958,0.63455,-2.2847
-0.37246,0.74706,-2.0893
-0.18025,0.83263,-1.8923
-0.09462,0.98104,-1.6881
-0.011979,1.0387,-1.4818
0.052338,1.2269,-1.2722
0.051964,1.2871,-1.0573
0.079635,1.4332,-0.84674
0.0063435,1.5495,-0.62115
-0.048251,1.5596,-0.41171
-0.039277,1.9314,-0.17549
-0.02245,0.84409,0.0077988
0.068791,-0.14996,0.0089986
0.14582,0.18581,-0.0044197
0.26623,0.039444,0.0049645
0.31297,0.056289,-0.0022227
0.26473,0.065369,0.0029512
0.28343,0.010783,-0.00062555
0.26249,0.071142,0.0016614
0.25426,0.0063555,0.0010991
0.261,0.047857,0.00061167
0.22771,0.021153,0.0022988
0.1963,0.022859,0.0012115
0.19144,0.021651,0.0026962
0.20977,0.015173,0.0020214
0.19892,0.02525,0.002715
0.19556,0.0093997,0.0025837
0.13049,0.012043,0.0027937
0.043737,0.0097521,0.003611
-0.0052485,0.013044,0.0034798
-0.078166,0.016339,0.0043533
-0.083402,0.012054,0.0052606
-0.058348,0.0075439,0.0062692
0.010831,0.016729,0.0074352
0.077766,0.011147,0.0080425
0.091975,0.0085299,0.0081325
0.12825,0.013505,0.0091898
0.12638,-0.0016636,0.0092348
0.10581,0.018941,0.0097859
0.050094,-0.0029608,0.010708
-0.012353,0.012504,0.0099883
-0.064705,0.0098608,0.011882
-0.10434,-0.012555,0.010041
-0.091628,0.028137,0.012482
-0.087141,-0.036736,0.011488
-0.04526,0.048183,0.011953
0.032893,-0.041062,0.014056
0.066174,0.027567,0.0097559
0.06206,0.00084444,0.016909
0.087114,-0.048886,0.0071465
0.04112,0.13088,0.020932
0.003726,-0.30585,0.0023813
0.021675,1.5609,0.055301
0.050468,3.5701,0.39878
0.1978,2.9631,0.78669
0.20715,2.9864,1.1185
0.29091,3.0027,1.464
0.43862,2.8527,1.7725
0.32643,2.9119,2.0729
0.41207,2.7911,2.3519
0.48872,2.877,2.6184
0.37168,2.8042,2.875
0.479,2.8005,3.113
0.51378,2.786,3.3415
0.45881,2.7738,3.5562
0.56875,2.7825,3.7635
0.61923,2.7099,3.9571
0.59492,2.672,4.1359
0.61586,2.6078,4.2987
0.55267,2.5534,4.4455
0.4102,2.5011,4.5788
0.37804,2.435,4.6976
0.2954,2.3625,4.8028
0.1705,2.2901,4.8932
0.19743,2.2269,4.9701
0.27558,2.1473,5.0337
0.30213,2.0763,5.0838
0.37991,2.0009,5.1213
0.44983,1.9113,5.1459
0.37953,1.8395,5.1584
0.28455,1.7602,5.1602
0.13049,1.6808,5.1514
-0.040399,1.6148,5.133
-0.19371,1.5413,5.1068
-0.35002,1.4663,5.0719
-0.43827,1.3847,5.0276
-0.48165,1.2962,4.9749
-0.45846,1.2118,4.9126
-0.43677,1.1236,4.8415
-0.3934,1.0393,4.7623
-0.37806,0.9566,4.675
-0.42742,0.8623,4.5804
-0.4349,0.78251,4.4786
-0.49548,0.68772,4.3696
-0.52801,0.58206,4.2528
-0.52502,0.50461,4.1304
-0.534,0.40772,4.0012
-0.48987,0.31327,3.8641
-0.45547,0.2212,3.7231
-0.40948,0.13186,3.5763
-0.39863,0.064203,3.4251
-0.43341,-0.018231,3.2714
-0.45435,-0.12228,3.1125
-0.5082,-0.23496,2.9464
-0.57251,-0.3458,2.7737
-0.56728,-0.47757,2.5926
-0.50633,-0.5618,2.4061
-0.44014,-0.67763,2.2162
-0.31375,-0.77463,2.02
-0.17801,-0.88622,1.8223
-0.073679,-1.0122,1.6166
0.03925,-1.0825,1.4115
0.051216,-1.2777,1.1992
0.038876,-1.3019,0.98617
0.034763,-1.5107,0.77246
-0.048251,-1.5263,0.54828
-0.070688,-1.6715,0.33849
-0.065827,-1.8605,0.096928
-0.0074922,-0.50213,-0.045319
0.12114,0.092744,-0.025336
0.19032,-0.22022,-0.023769
0.27633,-0.020356,-0.027586
0.28792,-0.11047,-0.022442
0.28455,-0.055451,-0.026795
0.31073,-0.055102,-0.022622
0.22734,-0.074777,-0.025974
0.21201,-0.034662,-0.024189
0.22435,-0.074218,-0.024684
0.1634,-0.031858,-0.025171
0.16115,-0.052815,-0.02465
0.18247,-0.039847,-0.025752
0.17686,-0.038663,-0.025066
0.16003,-0.041868,-0.025801
0.14657,-0.034336,-0.025764
0.095341,-0.039277,-0.026154
0.00073447,-0.033047,-0.026236
-0.066948,-0.037444,-0.02639
-0.096489,-0.038978,-0.027383
-0.076297,-0.03753,-0.028467
-0.046756,-0.033133,-0.029352
0.013822,-0.035438,-0.030184
0.077392,-0.026445,-0.030829
0.085618,-0.031401,-0.031076
0.11217,-0.032072,-0.032036
0.11815,-0.022643,-0.031676
0.06206,-0.034662,-0.03285
0.01831,-0.01179,-0.032745
-0.039277,-0.038798,-0.032925
-0.09275,-0.010346,-0.034428
-0.085645,-0.027918,-0.032763
-0.084897,-0.028687,-0.035467
-0.048251,-0.0027884,-0.032782
0.009709,-0.059638,-0.036198
0.0744,0.038979,-0.033877
0.092723,-0.094677,-0.034732
0.088984,0.061009,-0.037521
0.096089,-0.092633,-0.030428
0.044111,0.018371,-0.044821
0.052712,0.032452,-0.016961
-0.038903,-2.4519,-0.15933
0.04112,-3.4552,-0.5566
0.1462,-2.8161,-0.91784
0.11179,-3.0672,-1.2551
0.46704,-2.8943,-1.5907
0.5164,-2.895,-1.8928
0.49695,-2.868,-2.189
0.74338,-2.8144,-2.4603
0.522,-2.871,-2.7256
0.45544,-2.7942,-2.9748
0.57249,-2.8165,-3.2102
0.47863,-2.7742,-3.4338
0.5306,-2.7949,-3.6456
0.62932,-2.7719,-3.8502
0.63531,-2.7133,-4.0383
0.57772,-2.6664,-4.2116
0.59417,-2.6001,-4.369
0.49658,-2.5569,-4.5121
0.33466,-2.4935,-4.6413
0.31335,-2.4336,-4.7562
0.20117,-2.3669,-4.8576
0.15629,-2.2909,-4.9442
0.21463,-2.2241,-5.0172
0.26922,-2.1487,-5.0771
0.33653,-2.0721,-5.124
0.40571,-1.9961,-5.1587
0.40982,-1.9117,-5.1808
0.3283,-1.8336,-5.1909
0.22846,-1.7576,-5.19
0.093097,-1.6852,-5.1792
-0.054982,-1.6179,-5.1598
-0.23784,-1.5394,-5.1313
-0.35862,-1.4614,-5.0938
-0.41172,-1.3808,-5.0477
-0.42481,-1.2892,-4.9919
-0.38629,-1.2033,-4.9268
-0.37433,-1.1148,-4.8532
-0.34478,-1.0272,-4.7716
-0.37881,-0.94296,-4.6821
-0.4005,-0.85302,-4.5848
-0.41583,-0.76722,-4.4808
-0.4809,-0.67598,-4.3695
-0.48352,-0.58736,-4.2519
-0.50259,-0.48728,-4.1274
-0.48352,-0.38433,-3.9942
-0.45584,-0.30176,-3.8557
-0.42817,-0.21121,-3.7127
-0.3904,-0.12809,-3.5646
-0.41621,-0.045272,-3.4126
-0.43042,0.041135,-3.2567
-0.46856,0.15032,-3.0953
-0.52465,0.25773,-2.9265
-0.55681,0.37349,-2.7511
-0.52016,0.50322,-2.5665
-0.45622,0.59192,-2.3784
-0.38891,0.71205,-2.1852
-0.24158,0.78891,-1.9877
-0.14099,0.93665,-1.7872
-0.041894,1.0211,-1.5794
0.05346,1.1369,-1.3731
0.033267,1.2915,-1.1573
0.045981,1.3282,-0.94645
0.012327,1.5705,-0.72554
-0.065079,1.4927,-0.50649
-0.036659,1.8346,-0.28864
-0.020206,1.5407,-0.053594
0.027284,0.07263,0.024299
0.11404,0.016163,-0.0056082
0.21949,0.162,0.0043833
0.30026,-0.0046216,0.00034923
0.26735,0.10539,0.00097159
0.28081,0.009186,0.0021976
0.28119,0.062055,-0.00014566
0.22996,0.023271,0.0029137
0.23407,0.024332,0.00054419
0.21911,0.038353,0.0026925
0.18509,0.013857,0.0018601
0.17275,0.032535,0.0023288
0.18247,0.0088711,0.0027974
0.18546,0.025389,0.0025612
0.17462,0.016733,0.0033298
0.13161,0.017059,0.0031948
0.052338,0.016684,0.0036073
0.0011084,0.013419,0.0038172
-0.067696,0.016785,0.0042821
-0.091254,0.006228,0.004837
-0.048625,0.01581,0.0061005
-0.01011,0.015582,0.0071015
0.059817,0.014438,0.0076489
0.1017,0.010449,0.0085599
0.12862,0.0040461,0.0088186
0.12226,0.0086349,0.0096809
0.082627,0.0024828,0.0096809
0.041494,0.018727,0.010543
-0.027311,-0.0037893,0.010671
-0.09088,0.018397,0.010558
-0.12005,0.0009944,0.012174
-0.099855,-0.0007114,0.010566
-0.1021,0.019248,0.013464
-0.06807,-0.029849,0.010918
0.0040999,0.047182,0.013599
0.060565,-0.051852,0.013063
0.082253,0.060322,0.011627
0.058321,-0.050191,0.016609
0.068791,0.018765,0.0076189
-0.013101,0.050256,0.023129
0.0011084,-0.2027,-0.003295
0.024293,2.0815,0.10187
0.040372,3.5445,0.48097
0.23332,2.8567,0.85007
0.20902,3.0347,1.1828
0.33466,2.9232,1.5215
0.43002,2.8534,1.8241
0.27109,2.8544,2.121
0.43375,2.7651,2.3937
0.42067,2.8472,2.659
0.3197,2.7533,2.9093
0.47115,2.7801,3.1434
0.4517,2.7518,3.3684
0.45208,2.7495,3.5803
0.59904,2.7332,3.7842
0.62708,2.6531,3.9724
0.55603,2.6122,4.1455
0.56613,2.5388,4.302
0.48872,2.4938,4.4431
0.33877,2.4396,4.5712
0.30213,2.3687,4.685
0.20378,2.3043,4.7847
0.12114,2.2243,4.8702
0.17686,2.1551,4.9412
0.24192,2.0815,4.9991
0.29577,1.9966,5.0446
0.39449,1.9195,5.0768
0.40833,1.8479,5.0968
0.3369,1.7604,5.1053
0.25688,1.6706,5.1025
0.097584,1.6139,5.0909
-0.079288,1.5496,5.0704
-0.23073,1.4755,5.0407
-0.33618,1.397,5.0027
-0.41097,1.306,4.9556
-0.43528,1.2237,4.8991
-0.38218,1.1375,4.8334
-0.35301,1.0491,4.7589
-0.33431,0.96693,4.6764
-0.35226,0.87659,4.5862
-0.40424,0.78571,4.4886
-0.41621,0.70036,4.3838
-0.46557,0.6043,4.271
-0.50333,0.51909,4.1523
-0.49473,0.42795,4.028
-0.4981,0.32877,3.8951
-0.47454,0.24488,3.7564
-0.41882,0.15123,3.6132
-0.37283,0.068188,3.4649
-0.37433,-0.0020386,3.3133
-0.40948,-0.093931,3.158
-0.45098,-0.21117,2.9956
-0.51193,-0.31326,2.8259
-0.5785,-0.44588,2.6492
-0.55307,-0.54802,2.4646
-0.47454,-0.64074,2.277
-0.41583,-0.75735,2.083
-0.27074,-0.83707,1.8873
-0.13987,-0.98799,1.6852
-0.0576,-1.0474,1.4794
0.02691,-1.2212,1.2721
0.035511,-1.3002,1.0572
0.032893,-1.4175,0.84799
-0.027311,-1.5718,0.62368
-0.06807,-1.5348,0.41325
-0.084523,-1.9448,0.18161
-0.099481,-1.0423,-0.018472
0.031397,0.11048,-0.035257
0.12339,-0.16987,-0.016365
0.20266,-0.084727,-0.027342
0.27184,-0.067189,-0.019514
0.25053,-0.10238,-0.024122
0.26062,-0.025811,-0.021122
0.25426,-0.094358,-0.022198
0.23407,-0.026475,-0.022599
0.21986,-0.065667,-0.021272
0.20378,-0.043008,-0.023342
0.17948,-0.042652,-0.021898
0.16302,-0.051447,-0.023064
0.19294,-0.030868,-0.022727
0.2064,-0.047109,-0.022952
0.18396,-0.03266,-0.023402
0.13161,-0.039499,-0.023593
0.059817,-0.038239,-0.023855
-0.0067443,-0.030711,-0.023923
-0.081906,-0.037092,-0.024511
-0.092002,-0.038239,-0.025228
-0.063957,-0.033541,-0.026364
-0.037781,-0.030381,-0.027072
0.029154,-0.031438,-0.027863
0.068791,-0.026066,-0.028381
0.087488,-0.035532,-0.028883
0.097958,-0.025646,-0.029618
0.085245,-0.023115,-0.029209
0.035511,-0.031243,-0.030656
-0.023945,-0.010777,-0.029974
-0.072557,-0.038816,-0.030859
-0.1107,-0.0053902,-0.03144
-0.11332,-0.039964,-0.030731
-0.093872,-0.0091429,-0.033135
-0.042642,-0.015865,-0.030057
0.0070914,-0.042505,-0.034481
0.080383,0.032269,-0.030413
0.078514,-0.096416,-0.034293
0.084497,0.088882,-0.032711
0.083749,-0.14725,-0.030701
0.031397,0.13734,-0.039692
0.056077,-0.26816,-0.017688
-0.036285,-2.8779,-0.21802
0.091975,-3.32,-0.62576
0.15106,-2.8067,-0.9711
0.14732,-3.0749,-1.311
0.51041,-2.8444,-1.638
0.49845,-2.8886,-1.9374
0.54294,-2.8084,-2.228
0.71159,-2.8119,-2.4955
0.48012,-2.8322,-2.7584
0.45918,-2.7566,-3.0019
0.54182,-2.7875,-3.2339
0.47377,-2.7492,-3.4547
0.49845,-2.7626,-3.6659
0.62633,-2.7145,-3.8659
0.62484,-2.6601,-4.0482
0.56501,-2.6066,-4.2164
0.57473,-2.5438,-4.3684
0.41805,-2.4952,-4.5065
0.32307,-2.4278,-4.6304
0.26137,-2.3671,-4.7401
0.13236,-2.295,-4.8356
0.14096,-2.2223,-4.9172
0.19256,-2.1538,-4.9859
0.23968,-2.0742,-5.0406
0.2696,-1.9944,-5.0824
0.36308,-1.9189,-5.1117
0.3642,-1.8365,-5.1289
0.2767,-1.7552,-5.1345
0.19481,-1.6887,-5.1301
0.043363,-1.6166,-5.1164
-0.10472,-1.5405,-5.0933
-0.27374,-1.4688,-5.0617
-0.36386,-1.3897,-5.0212
-0.41546,-1.3029,-4.9716
-0.42032,-1.2105,-4.9125
-0.3833,-1.1254,-4.8442
-0.37844,-1.0381,-4.7673
-0.33805,-0.94763,-4.6823
-0.40125,-0.86269,-4.5899
-0.41808,-0.77094,-4.4897
-0.41845,-0.68151,-4.3824
-0.48763,-0.59773,-4.2688
-0.47978,-0.49792,-4.1482
-0.49212,-0.38938,-4.0188
-0.46482,-0.3117,-3.883
-0.43042,-0.23629,-3.7439
-0.38779,-0.14256,-3.5993
-0.3317,-0.057644,-3.4495
-0.35862,0.020114,-3.2967
-0.38966,0.11893,-3.1392
-0.43752,0.2322,-2.9743
-0.51455,0.34158,-2.8032
-0.54409,0.48017,-2.623
-0.50146,0.5684,-2.4363
-0.44051,0.68491,-2.2464
-0.33431,0.77771,-2.0502
-0.20493,0.87954,-1.8528
-0.11369,1.0131,-1.6471
-0.01011,1.079,-1.4414
0.029528,1.2768,-1.2293
0.02504,1.2986,-1.0158
0.039998,1.5012,-0.80237
0.009709,1.5317,-0.57757
-0.025067,1.6448,-0.36819
-0.04713,1.8685,-0.12653
-0.017215,0.52686,0.021105
0.068417,-0.12809,0.0024788
0.13909,0.20658,-0.00028063
0.25726,0.0046797,0.0044733
0.28941,0.08967,-0.00070054
0.25426,0.042005,0.0039897
0.27334,0.027972,-0.00016441
0.22061,0.057859,0.0031161
0.215,0.0084887,0.0015602
0.23407,0.051726,0.0022426
0.19743,0.01238,0.0028912
0.16826,0.021415,0.0022163
0.16602,0.016039,0.0031948
0.21687,0.018045,0.0027712
0.2064,0.021217,0.0035885
0.18172,0.013584,0.0033561
0.14059,0.013569,0.0038622
0.059069,0.0082187,0.0042859
-0.012727,0.013389,0.0045483
-0.07854,0.010776,0.0050169
-0.062835,0.0088111,0.0051632
-0.060591,0.0056207,0.0054706
-0.03105,0.0059881,0.0057968
0.059817,-0.00021653,0.0057405
0.083001,-0.00097383,0.0056168
0.088984,0.0052833,0.0055906
0.092723,0.0026365,0.0055943
0.057199,0.0032588,0.0056093
0.017188,0.00053327,0.0054781
-0.036285,-0.00055769,0.0053731
-0.090133,-0.0036206,0.0052119
-0.083776,-0.0064849,0.0052044
-0.099107,-0.0027734,0.0051857
-0.097237,-0.0049253,0.0051782
-0.030676,-0.0074634,0.0049757
