0.058695,-0.017608,-0.0004381
0.072905,-0.024214,-0.00028438
0.072531,-0.023074,-0.00012317
0.061312,-0.010496,0.00046545
0.070661,-0.016641,0.00064166
0.089732,-0.016667,0.00076914
0.056825,-0.017222,0.0012378
0.03925,-0.019606,0.0013728
0.059443,-0.01633,0.0019389
0.050842,-0.026932,0.0016577
0.05159,-0.012022,0.0022351
0.069913,-0.026133,0.0023775
0.068791,-0.012045,0.0020439
0.055703,-0.023715,0.0028649
0.053086,-0.023573,0.0016277
0.074774,0.004526,0.003686
0.064304,-0.045595,0.0019689
0.054582,0.0066367,0.0029512
0.075896,-0.053734,0.0028087
0.059443,0.028081,0.0018302
0.069913,-0.044522,0.0047245
0.072157,-0.025012,-0.0011317
0.067295,0.029434,0.008125
0.073278,-0.22133,-0.0083188
0.069913,1.4823,0.054105
0.16228,3.0222,0.27444
0.21575,2.7265,0.47159
0.35411,2.7318,0.64045
0.46704,2.6403,0.80879
0.39262,2.5735,0.94691
0.53921,2.5483,1.0784
0.57884,2.4086,1.1882
0.36944,2.4031,1.2856
0.28418,2.3482,1.3685
0.32718,2.3203,1.4371
0.28418,2.2495,1.4947
0.18097,2.2104,1.5366
0.2423,2.1504,1.5699
0.10469,2.0882,1.5923
-0.0089879,2.0412,1.6055
0.1174,1.9502,1.6097
0.00036053,1.8863,1.6039
-0.13127,1.8083,1.5889
-0.17689,1.7165,1.5646
-0.3029,1.6372,1.5329
-0.29729,1.5464,1.494
-0.21839,1.462,1.4487
-0.19596,1.3639,1.3973
-0.10098,1.2495,1.3374
-0.0067443,1.1393,1.2707
-0.068444,1.0297,1.1985
-0.10883,0.92459,1.1245
-0.15669,0.78918,1.0463
-0.27448,0.65469,0.96009
-0.34815,0.524,0.86894
-0.4536,0.41402,0.77799
-0.48651,0.25744,0.68257
-0.51306,0.13777,0.58034
-0.47192,0.0082,0.48006
-0.34254,-0.19716,0.36475
-0.23784,-0.28398,0.25087
-0.10958,-0.57432,0.12393
-0.048251,-0.46563,0.0075776
0.054208,0.0085599,-0.0059494
0.094219,-0.03999,0.0064041
0.11179,-0.047124,-0.00041935
0.12002,-0.010208,0.0038622
0.13498,-0.039866,0.0012378
0.22398,-0.0060162,0.0023625
0.16751,-0.030696,0.0019314
0.22136,-0.010695,0.0013877
0.25838,-0.019524,0.0022763
0.19406,-0.016315,0.0010841
0.27184,-0.012922,0.0016089
0.24267,-0.018958,0.00095659
0.19107,-0.0085543,0.001309
0.21463,-0.013571,0.00091535
0.2049,-0.012869,0.00078038
0.19256,-0.015243,0.00071665
0.25314,-0.01107,0.00025925
0.32756,-0.0075346,0.00035298
0.32681,-0.01417,7.1791e-05
0.4016,-0.013912,-4.8182e-05
0.3986,-0.0080482,-0.00035936
0.32344,-0.014077,-0.00067804
0.27521,-0.011872,-0.00057307
0.17985,-0.0086293,-0.00061431
0.10619,-0.013923,-0.000858
-0.0071182,-0.0081382,-0.00064055
-0.077419,-0.010676,-0.00048309
-0.1451,-0.010515,-0.00076052
-0.16417,-0.0050115,-0.00076427
-0.13874,-0.012371,-0.0006293
-0.16791,-0.012243,-0.00063305
-0.10135,-0.0048728,-0.00067429
-0.075923,-0.0064736,-0.00051308
-0.055356,-0.0085806,-0.00045684
-0.04713,-0.0052627,-0.00059556
-0.086019,-0.0052552,-0.00055432
-0.086393,-0.006991,-0.00046059
-0.10172,-0.0054614,-0.00056932
-0.068444,-0.0048953,-0.00071553
-0.083028,-0.006125,-0.00058056
-0.083402,-0.0053264,-0.00066305
-0.028433,-0.0067436,-0.00061806
-0.015719,-0.010395,-0.0004081
0.021301,-0.0056901,-0.0006218
0.041494,-0.0024622,-0.00051308
0.087488,-0.0061062,-0.00046434
0.14545,-0.008813,-0.00079052
0.17574,-0.010324,-0.0013341
0.20191,-0.0090567,-0.001859
0.19705,-0.011235,-0.0023014
0.22958,-0.0078683,-0.0025414
0.26586,-0.010916,-0.0027063
0.31709,-0.0069235,-0.00304
0.31447,-0.0063986,-0.0030025
0.26586,-0.010864,-0.0038723
0.27072,-0.00036649,-0.0032275
0.20453,-0.017859,-0.0040748
0.15891,0.0008107,-0.0037374
0.13012,-0.019655,-0.0033624
0.072531,-0.0057913,-0.0049971
0.072157,-0.0047978,-0.0023914
0.083749,-0.018279,-0.0055407
0.05346,0.013734,-0.0022527
0.023919,-0.049775,-0.0055032
0.056077,0.044423,-0.0031825
0.049346,-0.080209,-0.0026351
0.065052,0.079109,-0.0071116
0.025414,-0.16698,0.0060555
-0.029555,-1.5614,-0.14542
-0.032172,-1.8494,-0.41946
-0.070314,-1.6587,-0.63318
0.054208,-1.8307,-0.83879
0.081505,-1.7869,-1.0228
0.15592,-1.9011,-1.1815
0.33803,-1.9064,-1.3245
0.28231,-1.931,-1.4386
0.30101,-1.9746,-1.5411
0.30063,-1.9772,-1.6256
0.25688,-2.0004,-1.6972
0.3126,-1.9721,-1.7526
0.31783,-1.9711,-1.794
0.28343,-1.9454,-1.8239
0.2236,-1.9283,-1.8422
0.22585,-1.9064,-1.8519
0.21687,-1.8624,-1.8495
0.18247,-1.8123,-1.8365
0.16602,-1.7518,-1.8138
0.1002,-1.6898,-1.7818
0.072905,-1.621,-1.7418
0.026162,-1.5496,-1.6951
-0.031424,-1.4719,-1.6426
-0.024319,-1.3719,-1.5825
-0.0071182,-1.2685,-1.5145
-0.03105,-1.1679,-1.4413
-0.024693,-1.056,-1.3619
-0.017215,-0.96364,-1.2805
-0.089011,-0.82047,-1.1941
-0.093872,-0.6916,-1.0976
-0.1709,-0.58682,-1.0015
-0.24906,-0.45021,-0.90166
-0.2584,-0.33136,-0.79876
-0.31936,-0.17876,-0.68972
-0.31076,-0.063402,-0.57875
-0.32571,0.14547,-0.45787
-0.28608,0.25469,-0.32883
-0.24345,0.44908,-0.20428
-0.21204,0.65511,-0.059098
-0.10621,0.17239,0.011169
-0.09275,-0.04853,-0.0056907
-0.028807,0.066257,-0.00322
0.010083,-0.010414,-0.002995
-0.008614,0.027402,-0.0044422
-0.0030049,0.00085943,-0.0020652
-0.019458,0.0055457,-0.0042547
0.031023,0.014191,-0.0022152
0.031397,-0.0069198,-0.0035312
0.068791,0.0056244,-0.0024739
0.1346,-0.002346,-0.0026314
0.14283,0.0037537,-0.0026239
0.22547,-0.0063874,-0.0020052
0.25651,0.0014443,-0.0022077
0.28455,0.0027377,-0.0015141
0.30849,-0.0028071,-0.0018628
0.30475,-0.00089885,-0.0014991
0.32157,-0.0045204,-0.0013341
0.28904,0.0010281,-0.0011767
0.30063,-0.0065636,-0.00072678
0.30811,-0.0077483,-0.00067429
0.30549,-2.5332e-05,-0.00025064
0.30998,-0.0096715,-0.00026563
0.27371,-0.0088318,-0.00019065
0.22547,-0.0041567,4.9296e-05
0.16265,-0.0064024,-0.00035186
0.10693,-0.0028296,-0.00027688
0.048972,-0.0065186,4.9296e-05
0.013074,-0.0073509,-1.8189e-05
-0.022824,-0.0040668,-0.0001944
-0.050121,-0.008708,-4.8182e-05
-0.058722,-0.0076508,-9.6921e-05
-0.08415,-0.0062374,-0.00037061
-0.057974,-0.0097278,-0.00015691
-0.076297,-0.0085693,0.00010928
-0.1178,-0.0046366,0.0009416
-0.096116,-0.0024397,0.0015302
-0.12528,-0.00038899,0.0019501
-0.1552,-0.0037481,0.0025425
-0.14959,-0.00016779,0.0027712
-0.15408,-0.0020011,0.0035435
-0.15482,-0.0057913,0.0031199
-0.11519,0.0050058,0.0042634
-0.0576,-0.010414,0.0042109
-0.016841,0.0073377,0.0044283
0.042989,-0.0074671,0.0054106
0.060191,0.0023628,0.0040909
0.059817,6.4644e-05,0.0066178
0.10095,-0.01883,0.0038322
0.1346,0.021449,0.0070302
0.15181,-0.040357,0.0044133
0.17125,0.043666,0.0055343
0.2064,-0.053726,0.0075514
0.21986,0.04118,0.0016277
0.25314,-0.025526,0.013895
0.23557,-0.029223,-0.01091
0.25464,1.6212,0.12396
0.36719,2.4203,0.47891
0.36682,2.1452,0.79239
0.43862,2.3971,1.0789
0.5164,2.4194,1.3526
0.52836,2.5934,1.5908
0.64765,2.7432,1.8219
0.71907,2.8367,2.0273
0.81255,3.0019,2.2192
0.94829,3.0913,2.3892
0.90566,3.2168,2.5427
0.87201,3.2857,2.678
0.87912,3.3687,2.7909
0.76394,3.4176,2.8878
0.74151,3.4595,2.968
0.63755,3.4693,3.0351
0.35485,3.4423,3.0878
0.18546,3.408,3.1285
-0.082654,3.3314,3.1576
-0.356,3.291,3.1753
-0.42593,3.2365,3.1822
-0.57962,3.1555,3.1779
-0.61402,3.0988,3.1637
-0.52278,3.0076,3.1414
-0.54148,2.9191,3.1114
-0.44949,2.8562,3.074
-0.29842,2.7651,3.0292
-0.17614,2.6656,2.9763
-0.12528,2.5642,2.9161
-0.18661,2.4597,2.8494
-0.28308,2.3541,2.7761
-0.3919,2.2479,2.6968
-0.46033,2.1388,2.6129
-0.49473,2.0182,2.5245
-0.49997,1.9084,2.4318
-0.49324,1.7885,2.3331
-0.50932,1.6656,2.2288
-0.52951,1.5347,2.1214
-0.5411,1.4077,2.0095
-0.51941,1.3074,1.8983
-0.49062,1.1425,1.7819
-0.42294,1.0034,1.6569
-0.32272,0.88469,1.5333
-0.26551,0.73843,1.4065
-0.15183,0.59896,1.2767
0.009335,0.43869,1.1425
0.1432,0.29728,1.0062
0.24641,0.096864,0.8602
0.31783,-0.023175,0.71157
0.30549,-0.21867,0.56294
0.22921,-0.36726,0.40428
0.14507,-0.52095,0.2553
0.044859,-0.81113,0.083315
0.050094,-0.35051,-0.022806
0.050468,0.021749,-0.010212
0.12713,-0.11115,-0.0080976
0.28119,-0.035461,-0.011558
0.29278,-0.060107,-0.0080077
0.39786,-0.045782,-0.011611
0.47152,-0.034617,-0.0089
0.43263,-0.049733,-0.011187
0.44909,-0.02586,-0.009901
0.40795,-0.048211,-0.010808
0.32494,-0.027581,-0.011333
0.23183,-0.031633,-0.010715
0.12226,-0.030261,-0.011637
0.042616,-0.030224,-0.011153
-0.01011,-0.032589,-0.011929
-0.056104,-0.023997,-0.011869
-0.088637,-0.026538,-0.012312
-0.097611,-0.026231,-0.012615
-0.12865,-0.029208,-0.012739
-0.1623,-0.022441,-0.013215
-0.18287,-0.020622,-0.013095
-0.17576,-0.026115,-0.013808
-0.12192,-0.017931,-0.01419
-0.077793,-0.019756,-0.013639
-0.039277,-0.023543,-0.013748
-0.046756,-0.019112,-0.013894
-0.059844,-0.021346,-0.013789
-0.069566,-0.020169,-0.013819
-0.09462,-0.019839,-0.013984
-0.086019,-0.016555,-0.013969
-0.090506,-0.016911,-0.013755
-0.077793,-0.023258,-0.014051
-0.053861,-0.021646,-0.014527
-0.010484,-0.021616,-0.015071
0.04112,-0.020019,-0.015476
0.12675,-0.020825,-0.016196
0.26287,-0.022527,-0.016616
0.34513,-0.022013,-0.016949
0.41468,-0.014744,-0.017504
0.4274,-0.021035,-0.017381
0.39262,-0.018047,-0.018532
0.37093,-0.014335,-0.01789
0.33167,-0.028896,-0.019248
0.28381,-0.004273,-0.01882
0.19892,-0.035214,-0.018948
0.12862,-0.0075758,-0.02035
0.066922,-0.02598,-0.018044
0.029154,-0.021882,-0.021745
0.027658,0.0049646,-0.016923
0.019431,-0.058154,-0.022599
0.023545,0.045919,-0.017909
0.02878,-0.11243,-0.02098
0.053086,0.12497,-0.021943
0.0082132,-0.35674,-0.015019
0.0044739,-2.0057,-0.24325
0.0658,-2.2313,-0.6128
0.054956,-2.1167,-0.91259
0.16489,-2.3196,-1.2072
0.28642,-2.2975,-1.4707
0.31409,-2.4893,-1.7135
0.41094,-2.542,-1.9443
0.34738,-2.6589,-2.1508
0.23893,-2.7421,-2.3458
0.26174,-2.8054,-2.5184
0.18509,-2.8996,-2.6779
0.17237,-2.9181,-2.8177
0.1907,-2.9935,-2.9388
0.29128,-2.989,-3.0437
0.32868,-3.0702,-3.1324
0.38253,-2.9663,-3.2088
0.55454,-2.5071,-3.2846
0.40571,-2.2948,-3.361
0.5321,-2.2227,-3.4248
0.76432,-2.0934,-3.4789
0.72057,-1.993,-3.5232
0.42702,-1.8404,-3.5579
0.27707,-1.7356,-3.5846
0.42291,-1.6703,-3.6007
0.20416,-1.6038,-3.6068
0.36607,-1.5532,-3.6032
0.11516,-1.5005,-3.5896
-0.42556,-1.4521,-3.5664
-0.13725,-1.3947,-3.5331
-0.15894,-1.3341,-3.4896
0.13049,-1.278,-3.4369
0.32419,-1.2201,-3.376
-0.060217,-1.1618,-3.3077
-0.043016,-1.1055,-3.2337
-0.21765,-1.029,-3.1521
-0.29692,-0.95366,-3.0612
-0.26476,-0.89334,-2.9643
-0.3115,-0.81876,-2.861
-0.32347,-0.75311,-2.7528
-0.51007,-0.67578,-2.6408
-0.54671,-0.57352,-2.5192
-0.57214,-0.51027,-2.3921
-0.3661,-0.43433,-2.265
-0.23597,-0.32491,-2.1301
-0.39601,-0.25722,-1.9908
-0.52689,-0.14064,-1.847
-0.80585,-0.029121,-1.6927
-0.88625,0.079442,-1.5323
-0.75126,0.18338,-1.3644
-0.50707,0.27513,-1.1964
-0.22849,0.42935,-1.0189
0.085618,0.48961,-0.84298
0.29203,0.65713,-0.66194
0.28792,0.68931,-0.47466
0.37019,0.85873,-0.29465
0.3197,0.9485,-0.086346
0.30288,0.19513,0.013096
0.21874,-0.035405,-0.010021
0.063556,0.10624,-0.0056119
0.04972,-0.0043367,-0.0052595
-0.097611,0.052862,-0.0069204
0.022049,0.0071953,-0.0039098
0.29764,0.021869,-0.0067779
0.50443,0.020785,-0.0033849
0.71982,-0.0016674,-0.005387
0.69925,0.019672,-0.0039661
0.57286,-0.00039273,-0.0038911
0.40347,0.013595,-0.0038461
0.21986,0.0036599,-0.0029613
0.11404,0.0053283,-0.00304
0.07814,0.0046947,-0.0022639
0.069913,0.00036082,-0.0022714
0.054208,0.0039336,-0.0017428
0.057573,0.00091942,-0.0016191
0.056825,0.0025315,-0.000858
0.070661,0.0019691,-0.00037436
0.083749,0.0079076,0.00059667
0.086366,0.0029326,0.0021001
0.028032,0.0025127,0.0027824
-0.10733,0.0029814,0.0036785
-0.24532,-0.00071515,0.0039372
-0.35189,0.0013918,0.004822
-0.31412,-0.0090529,0.0047882
-0.19857,0.0030076,0.0056431
-0.024693,-0.0105,0.0064866
0.13872,0.00071322,0.0059092
0.10992,-0.0005202,0.0078401
0.047477,-0.0082057,0.0063591
-0.054608,0.014723,0.0089798
-0.1294,-0.025192,0.0071727
-0.11294,0.026713,0.0086424
-0.12902,-0.032001,0.0096547
-0.083776,0.024909,0.006899
-0.043764,-0.015078,0.013479
0.031397,-0.017316,0.0034573
0.12226,0.06634,0.018405
0.21687,-0.18977,-0.0039173
0.39,1.161,0.069686
0.49359,2.3962,0.4267
0.5837,1.9678,0.80493
0.49284,2.0072,1.1403
0.41468,2.0082,1.486
0.49246,1.9635,1.7916
0.41356,2.0421,2.0923
0.57249,2.0162,2.3727
0.75235,2.1057,2.6423
0.69925,2.1012,2.8995
0.79685,2.1631,3.141
0.81068,2.2018,3.3747
0.81031,2.2404,3.593
0.76319,2.281,3.7983
0.61586,2.3071,3.9871
0.75908,2.3807,4.167
0.9655,2.4116,4.3373
0.91838,2.4469,4.4935
0.71645,2.475,4.6361
0.59941,2.4906,4.7642
0.49882,2.497,4.8778
0.45956,2.4808,4.9743
0.36532,2.4752,5.0547
0.1189,2.4594,5.1228
0.072531,2.4308,5.1793
-0.07854,2.3934,5.224
-0.1724,2.3523,5.2567
-0.11294,2.3071,5.2772
-0.2169,2.2572,5.286
-0.031424,2.2104,5.2832
0.025414,2.1584,5.2693
-0.31113,2.1062,5.2445
-0.44612,2.0488,5.2098
-0.46557,1.9957,5.1669
-0.47828,1.9333,5.1151
-0.33282,1.8593,5.056
-0.23746,1.7984,4.9898
-0.37171,1.7301,4.915
-0.37133,1.6586,4.8321
-0.32422,1.5874,4.7416
-0.43191,1.5085,4.6439
-0.43453,1.4372,4.5403
-0.4177,1.3674,4.4306
-0.52278,1.2938,4.3157
-0.60991,1.2084,4.1953
-0.59121,1.1294,4.0672
-0.60991,1.056,3.9345
-0.53549,0.97527,3.7971
-0.35974,0.92171,3.6572
-0.25654,0.83362,3.5156
-0.15632,0.71614,3.3632
-0.15258,0.65182,3.2058
-0.18885,0.57405,3.0503
-0.20082,0.47414,2.8876
-0.23111,0.39669,2.7209
-0.23223,0.27939,2.5504
-0.22924,0.17093,2.3702
-0.22475,0.064353,2.1844
-0.18212,-0.040455,1.993
-0.16155,-0.13372,1.8002
-0.16118,-0.26707,1.5994
-0.086393,-0.34668,1.3986
-0.020206,-0.50272,1.1944
0.019805,-0.58462,0.98577
0.060939,-0.72144,0.78202
0.03738,-0.83236,0.56374
0.025788,-0.89555,0.36026
0.058695,-1.1705,0.12878
0.13386,-0.55959,-0.044776
0.21388,0.02627,-0.043182
0.23295,-0.15263,-0.032793
0.27633,-0.07069,-0.04121
0.24267,-0.080595,-0.034421
0.12825,-0.083625,-0.039876
0.1002,-0.053569,-0.036179
0.059069,-0.083085,-0.038582
0.039624,-0.049051,-0.038293
0.082627,-0.069851,-0.038072
0.054208,-0.051308,-0.039362
0.035511,-0.056448,-0.038425
0.063556,-0.052916,-0.039778
0.067295,-0.047938,-0.039264
0.10656,-0.049445,-0.040097
0.1533,-0.042089,-0.040224
0.17536,-0.047308,-0.040779
0.18658,-0.043416,-0.041446
0.14021,-0.051034,-0.042365
0.097958,-0.045373,-0.043902
0.10357,-0.040185,-0.044884
0.11591,-0.042134,-0.045811
0.12451,-0.041351,-0.046684
0.12563,-0.036177,-0.047809
0.1002,-0.036406,-0.047224
0.065052,-0.040702,-0.048649
0.076644,-0.023659,-0.048574
0.063556,-0.042299,-0.049102
0.063556,-0.023487,-0.050118
0.10918,-0.039551,-0.048817
0.099828,-0.031723,-0.051685
0.10619,-0.019468,-0.048671
0.11217,-0.049981,-0.052581
0.088984,0.0084437,-0.049406
0.088984,-0.07318,-0.051663
0.13573,0.030147,-0.05272
0.13311,-0.083921,-0.047798
0.11479,0.022645,-0.060376
0.071783,-0.055792,-0.033783
-0.049747,-1.6237,-0.20199
0.02878,-2.1504,-0.60635
-0.014223,-1.8547,-0.96363
0.011579,-2.0601,-1.3074
0.33541,-1.9592,-1.6405
0.32307,-2.0211,-1.9409
0.42366,-2.0416,-2.2375
0.54818,-2.055,-2.5105
0.35635,-2.1178,-2.7774
0.45432,-2.1122,-3.0269
0.52537,-2.1771,-3.2659
0.45096,-2.1991,-3.495
0.56164,-2.236,-3.7105
0.58857,-2.2457,-3.9125
0.53509,-2.2828,-4.0994
0.58483,-2.3314,-4.2796
0.62895,-2.3486,-4.4479
0.5867,-2.3694,-4.603
0.5938,-2.3833,-4.7441
0.60913,-2.399,-4.8713
0.59904,-2.3974,-4.9841
0.63344,-2.3864,-5.0798
0.66821,-2.38,-5.1601
0.70112,-2.3742,-5.2268
0.70075,-2.3653,-5.2818
0.69962,-2.3484,-5.3247
0.64092,-2.3227,-5.3543
0.51826,-2.2884,-5.3714
0.36869,-2.2524,-5.3762
0.22136,-2.2178,-5.369
0.081505,-2.1767,-5.3511
-0.061713,-2.1329,-5.3228
-0.091254,-2.0834,-5.2843
-0.14921,-2.0283,-5.2365
-0.21204,-1.9783,-5.1804
-0.21578,-1.918,-5.1159
-0.26663,-1.8503,-5.0438
-0.28271,-1.7823,-4.9643
-0.30253,-1.7081,-4.877
-0.32197,-1.6351,-4.782
-0.35226,-1.5643,-4.6798
-0.41733,-1.4961,-4.5715
-0.4349,-1.4294,-4.4584
-0.46033,-1.3542,-4.3402
-0.51081,-1.2686,-4.2143
-0.57887,-1.1902,-4.0826
-0.61963,-1.1059,-3.9467
-0.66974,-1.0298,-3.8054
-0.752,-0.96014,-3.6625
-0.75948,-0.84885,-3.5138
-0.76135,-0.75766,-3.3564
-0.75425,-0.69636,-3.1991
-0.68881,-0.59129,-3.0385
-0.56877,-0.49922,-2.8714
-0.43715,-0.40999,-2.7025
-0.35451,-0.28496,-2.5256
-0.27112,-0.18107,-2.3411
-0.21166,-0.063669,-2.1504
-0.1825,0.024943,-1.9564
-0.18063,0.1515,-1.7593
-0.181,0.25301,-1.5552
-0.17352,0.35877,-1.354
-0.18025,0.50694,-1.1436
-0.13613,0.5839,-0.93797
-0.09088,0.77505,-0.72417
-0.044512,0.784,-0.51114
0.060565,1.0356,-0.29952
0.14433,0.96769,-0.068943
0.22061,0.098457,0.012073
0.29091,0.006138,-0.015937
0.31634,0.10378,-0.0060693
0.35972,-0.0085581,-0.0091249
0.35186,0.065792,-0.0084163
0.32083,0.0038849,-0.0066655
0.33803,0.029063,-0.0085513
0.33167,0.018873,-0.005357
0.34513,0.009066,-0.007689
0.33055,0.020703,-0.005162
0.28194,0.0026065,-0.0057319
0.2494,0.012845,-0.0050908
0.19219,0.0037124,-0.004371
0.14807,0.008035,-0.0043635
0.099454,0.0040386,-0.0034262
0.056451,0.0055832,-0.0035124
0.063556,0.0035887,-0.0025376
0.069165,0.0017817,-0.0026051
0.068043,0.0075439,-0.0020877
0.13311,0.0022466,-0.0004381
0.19144,0.0021266,0.0004767
0.18957,0.0067154,0.001384
0.18022,0.0010206,0.0027749
0.12675,-0.0068485,0.0029174
0.059069,0.0042898,0.003551
-0.0048746,-0.0044867,0.0044096
-0.070314,-0.0030133,0.0041134
-0.11818,-0.0029945,0.0056018
-0.11967,-0.010706,0.0049869
-0.06807,0.009111,0.0066066
-0.033668,-0.015752,0.0062879
0.0082132,0.014562,0.0066778
0.082253,-0.01588,0.0080725
0.14208,0.0055682,0.0056168
0.16714,0.0028314,0.010255
0.1892,-0.025725,0.0053094
0.1963,0.039444,0.011334
0.18209,-0.0718,0.0061267
0.16938,0.10076,0.0099209
0.15517,-0.15956,0.010622
0.15667,0.38064,0.0042184
0.14545,2.0988,0.25239
0.27334,2.1705,0.65158
0.33092,1.9081,0.98308
0.29278,2.0505,1.3211
0.45208,1.9532,1.6341
0.37542,2.0506,1.9283
0.35411,2.027,2.2102
0.51602,2.0858,2.4713
0.43263,2.1256,2.7263
0.53472,2.1461,2.964
0.63606,2.1763,3.1926
0.6039,2.1755,3.4031
0.71496,2.2411,3.6026
0.76806,2.262,3.7939
0.77703,2.2846,3.9725
0.74338,2.299,4.138
0.68392,2.3066,4.2885
0.61811,2.3043,4.4256
0.55603,2.2863,4.545
0.5306,2.2787,4.6478
0.49658,2.2616,4.7364
0.50892,2.2496,4.8114
0.5422,2.236,4.8748
0.59754,2.2108,4.9254
0.60539,2.1834,4.9622
0.58744,2.1434,4.9869
0.54332,2.105,4.9991
0.36757,2.0674,4.9988
0.20229,2.0232,4.988
0.055703,1.9773,4.966
-0.090133,1.9317,4.9343
-0.1881,1.8841,4.8944
-0.28121,1.8275,4.8451
-0.33057,1.7731,4.7877
-0.34665,1.7121,4.7219
-0.3575,1.6527,4.6475
-0.35189,1.5898,4.5659
-0.37919,1.5173,4.4768
-0.39564,1.4536,4.3809
-0.4091,1.3808,4.2786
-0.47903,1.313,4.1704
-0.5067,1.2389,4.0568
-0.54073,1.153,3.9352
-0.58298,1.0797,3.8081
-0.60542,0.99638,3.6769
-0.68769,0.93109,3.5412
-0.71349,0.8559,3.404
-0.7348,0.7364,3.2582
-0.79164,0.66114,3.1047
-0.79201,0.59856,2.9526
-0.78005,0.49498,2.7952
-0.75836,0.40697,2.6329
-0.71947,0.30808,2.4664
-0.6215,0.19983,2.2926
-0.51867,0.078306,2.1113
-0.4278,-0.013207,1.9237
-0.30889,-0.1203,1.7357
-0.24046,-0.24293,1.5389
-0.17651,-0.32416,1.3433
-0.14921,-0.48407,1.1415
-0.14286,-0.55263,0.93876
-0.12528,-0.72178,0.7361
-0.12453,-0.7884,0.52337
-0.063957,-0.92422,0.32335
-0.026937,-1.1099,0.092193
0.090106,-0.35607,-0.043209
0.21837,0.025775,-0.024358
0.26885,-0.15295,-0.023645
0.41431,-0.036162,-0.027275
0.43974,-0.086286,-0.023004
0.41543,-0.058274,-0.02768
0.44348,-0.05448,-0.024024
0.37991,-0.066233,-0.027312
0.36345,-0.037253,-0.025602
0.35934,-0.060932,-0.026649
0.2954,-0.038389,-0.027215
0.23781,-0.047908,-0.026821
0.18471,-0.043521,-0.027987
0.15143,-0.045988,-0.027537
0.11815,-0.039034,-0.028516
0.0744,-0.039334,-0.028366
0.052712,-0.043641,-0.029235
0.044859,-0.030021,-0.029438
0.03925,-0.038685,-0.029449
0.035511,-0.037246,-0.030611
0.064304,-0.033774,-0.031594
0.1017,-0.035596,-0.032508
0.1174,-0.038918,-0.03345
0.12488,-0.032672,-0.034451
0.10207,-0.027191,-0.034357
0.050468,-0.032855,-0.035482
-0.026189,-0.023569,-0.035909
-0.099481,-0.034482,-0.036134
-0.138,-0.023059,-0.036974
-0.17277,-0.026752,-0.036351
-0.19371,-0.030981,-0.03835
-0.1709,-0.01976,-0.036719
-0.10808,-0.040905,-0.039171
-0.027685,-0.0028071,-0.038436
0.029902,-0.050517,-0.038511
0.11591,-0.0019336,-0.040884
0.18359,-0.038134,-0.036816
0.1993,-0.026478,-0.044022
0.23931,0.012785,-0.034312
0.22136,-0.10405,-0.047355
0.22884,0.16703,-0.030548
0.19256,-0.90323,-0.076711
0.20341,-2.1974,-0.41021
0.29839,-1.9332,-0.79752
0.23108,-1.9784,-1.1246
0.46292,-2.0414,-1.4613
0.67457,-2.0004,-1.761
0.64428,-2.0933,-2.0514
0.87874,-2.0652,-2.3221
0.8492,-2.1533,-2.5792
0.7359,-2.1666,-2.8272
0.87126,-2.2149,-3.0604
0.8234,-2.2296,-3.2821
0.81555,-2.2505,-3.4853
0.89893,-2.3085,-3.6819
0.89519,-2.3263,-3.8675
0.87874,-2.353,-4.0406
0.85481,-2.3541,-4.1999
0.79386,-2.3647,-4.3445
0.72842,-2.3608,-4.4758
0.67831,-2.3375,-4.5896
0.6368,-2.3235,-4.6873
0.61474,-2.3108,-4.7709
0.56725,-2.2986,-4.842
0.61399,-2.2787,-4.9017
0.64054,-2.2518,-4.9483
0.62783,-2.2216,-4.982
0.65999,-2.1842,-5.0037
0.56164,-2.144,-5.0127
0.42216,-2.101,-5.0099
0.26361,-2.0563,-4.9961
0.042242,-2.0102,-4.9718
-0.18848,-1.961,-4.9376
-0.33693,-1.9142,-4.8945
-0.44874,-1.8604,-4.8429
-0.56167,-1.804,-4.7827
-0.58111,-1.7487,-4.7145
-0.58747,-1.6811,-4.6377
-0.55942,-1.6134,-4.5534
-0.52577,-1.5479,-4.4613
-0.50034,-1.4817,-4.3623
-0.44762,-1.4156,-4.2588
-0.46183,-1.3379,-4.1495
-0.50857,-1.2562,-4.0324
-0.56242,-1.182,-3.9092
-0.62786,-1.0995,-3.7819
-0.70414,-1.0187,-3.6479
-0.75836,-0.95747,-3.5115
-0.78304,-0.85866,-3.3727
-0.82866,-0.74884,-3.2228
-0.83876,-0.68948,-3.0699
-0.85596,-0.59882,-2.917
-0.88101,-0.50302,-2.757
-0.83016,-0.4163,-2.5937
-0.73892,-0.30194,-2.4241
-0.6402,-0.18961,-2.247
-0.54073,-0.073581,-2.0616
-0.42892,0.011424,-1.874
-0.34927,0.14562,-1.6823
-0.26065,0.23595,-1.4842
-0.15782,0.35983,-1.2881
-0.1021,0.48619,-1.083
-0.025067,0.58034,-0.8837
-0.025815,0.75646,-0.67274
-0.048625,0.75553,-0.46868
-0.020206,1.0605,-0.25609
-0.030676,0.83227,-0.040569
0.04112,0.012838,0.0099059
0.13722,0.046725,-0.015633
0.23781,0.080511,-0.0036961
0.35224,0.0069103,-0.0093011
0.34999,0.060547,-0.0062456
0.4016,0.00058576,-0.0062306
0.4876,0.040468,-0.0068154
0.48237,0.0085599,-0.0046634
0.50106,0.011983,-0.006403
0.49882,0.017033,-0.0037711
0.4102,0.004511,-0.0048846
0.30774,0.013509,-0.0038011
0.24305,0.0062318,-0.0037486
0.16751,0.0074352,-0.0033624
0.088236,0.00067198,-0.0025976
0.058695,0.0092572,-0.0027963
0.023545,0.0027039,-0.0015891
-0.011232,0.0023628,-0.0018365
-0.025067,0.0067491,-0.0012104
-0.021328,0.0055007,0.00045046
0.035885,0.004376,0.0013203
0.094593,0.00026334,0.0023138
0.10731,0.0057631,0.0034498
0.10544,-0.002256,0.0035998
0.07814,0.0019204,0.0042746
0.045981,-0.0028258,0.0050019
0.0022302,-0.00065891,0.0050919
-0.040773,-0.00010781,0.0063067
-0.041894,-0.0037931,0.0055943
-0.097237,0.0084999,0.0074277
-0.12827,-0.01459,0.0067341
-0.13164,0.01704,0.0077163
-0.15482,-0.019918,0.0085412
-0.11257,0.0090998,0.0066441
-0.065079,-0.0025447,0.010768
0.01457,-0.016349,0.005688
0.070661,0.030214,0.012579
0.12862,-0.066008,0.0056206
0.18172,0.10245,0.012369
0.18471,-0.18455,0.0083912
0.23183,0.5219,0.012751
0.24604,2.1951,0.28587
0.393,2.1382,0.6826
0.46404,1.9469,1.0119
0.45731,2.0857,1.3517
0.63007,2.0035,1.6609
0.56762,2.1203,1.9542
0.6211,2.0925,2.2332
0.81592,2.1631,2.4931
0.76282,2.1934,2.7456
0.88921,2.2294,2.9804
0.95802,2.2765,3.2081
0.87799,2.2709,3.4168
0.97372,2.3285,3.6136
1.0122,2.3589,3.8017
0.96063,2.3884,3.9791
0.95278,2.3944,4.1442
0.94418,2.4063,4.2939
0.88323,2.4104,4.4318
0.84322,2.3854,4.552
0.81592,2.3684,4.6544
0.78488,2.3567,4.7435
0.74375,2.3423,4.8197
0.71196,2.3171,4.8831
0.73851,2.2966,4.9343
0.69364,2.2706,4.9736
0.65027,2.2248,4.9994
0.57174,2.1808,5.0126
0.39561,2.1396,5.0145
0.215,2.0881,5.0045
-0.045634,2.0391,4.9835
-0.30066,1.9929,4.9532
-0.50969,1.9408,4.9139
-0.64992,1.8838,4.866
-0.72396,1.8273,4.8103
-0.79875,1.7632,4.7468
-0.77107,1.6878,4.6745
-0.71984,1.6243,4.5939
-0.66188,1.5586,4.5054
-0.57102,1.4869,4.4102
-0.53961,1.4188,4.3084
-0.52465,1.3443,4.2006
-0.55718,1.2662,4.0886
-0.64244,1.1827,3.969
-0.6817,1.1105,3.843
-0.752,1.0333,3.7132
-0.8395,0.9565,3.5779
-0.82941,0.88925,3.4414
-0.87727,0.78053,3.299
-0.94645,0.68934,3.1468
-0.9457,0.62589,2.995
-0.94383,0.52535,2.84
-0.89971,0.44304,2.6787
-0.83016,0.35025,2.5147
-0.71124,0.23836,2.3436
-0.58485,0.12373,2.165
-0.43864,0.015698,1.9786
-0.28047,-0.074046,1.7919
-0.19334,-0.20614,1.5979
-0.062461,-0.2826,1.4013
0.009335,-0.42977,1.2034
0.013448,-0.52807,0.99852
0.038502,-0.65257,0.7999
-0.051991,-0.79084,0.58688
-0.10546,-0.82733,0.38697
-0.076297,-1.1347,0.16476
-0.061713,-0.64988,-0.023027
0.047477,0.025404,-0.035946
0.15554,-0.1251,-0.019758
0.25838,-0.071789,-0.030094
0.35972,-0.056842,-0.023012
0.40496,-0.083118,-0.028152
0.48087,-0.039956,-0.02549
0.48947,-0.075459,-0.026948
0.48985,-0.038254,-0.027335
0.49583,-0.056178,-0.026465
0.39935,-0.044841,-0.028377
0.31858,-0.046239,-0.027282
0.22211,-0.046667,-0.028729
0.12638,-0.043806,-0.028508
0.066174,-0.051113,-0.029014
-0.023945,-0.038239,-0.029172
-0.046382,-0.043225,-0.029689
-0.076671,-0.034269,-0.030274
-0.11855,-0.032128,-0.030083
-0.062835,-0.038093,-0.03123
-0.015345,-0.037084,-0.032478
0.044111,-0.035206,-0.033285
0.097584,-0.03566,-0.034222
0.12114,-0.03151,-0.035332
0.14807,-0.030662,-0.035197
0.12526,-0.033455,-0.036246
0.10581,-0.023037,-0.03661
0.062434,-0.033155,-0.037041
0.0070914,-0.021526,-0.037829
-0.027685,-0.031457,-0.037251
-0.083402,-0.026298,-0.039204
-0.098733,-0.01961,-0.037589
-0.12416,-0.040353,-0.040003
-0.10958,-0.0026834,-0.038567
-0.046008,-0.050809,-0.039729
0.012327,0.0073302,-0.040824
0.070287,-0.047533,-0.037829
0.13685,-0.011853,-0.044341
0.20939,-0.004914,-0.034499
0.21201,-0.087355,-0.04935
0.25389,0.14568,-0.027556
0.21799,-1.0807,-0.097725
0.27745,-2.2215,-0.45288
0.36906,-1.9125,-0.83159
0.28904,-2.0321,-1.1603
0.5407,-2.0572,-1.4964
0.66672,-2.0439,-1.7932
0.66447,-2.1317,-2.0838
0.92922,-2.1149,-2.3524
0.87725,-2.2067,-2.6097
0.83985,-2.2131,-2.855
0.99952,-2.277,-3.0866
0.93782,-2.2885,-3.3088
0.95353,-2.3073,-3.5113
1.0683,-2.3614,-3.7058
1.0347,-2.3848,-3.89
1.004,-2.4144,-4.063
1.0164,-2.4136,-4.2223
0.91614,-2.4258,-4.367
0.82976,-2.4253,-4.4993
0.80657,-2.4022,-4.6147
0.75422,-2.3835,-4.7129
0.72991,-2.3691,-4.7971
0.70336,-2.3564,-4.869
0.71496,-2.336,-4.929
0.68392,-2.3092,-4.9771
0.63979,-2.2756,-5.0125
0.62222,-2.2348,-5.0351
0.50892,-2.1948,-5.0456
0.35822,-2.1478,-5.0445
0.16452,-2.0995,-5.0321
-0.041147,-2.0516,-5.009
-0.28495,-1.9954,-4.9762
-0.46332,-1.9413,-4.9344
-0.6043,-1.8849,-4.8841
-0.75873,-1.8261,-4.8257
-0.78267,-1.7651,-4.7595
-0.79837,-1.6973,-4.6853
-0.74527,-1.6267,-4.6032
-0.68881,-1.5541,-4.5129
-0.65441,-1.4873,-4.4157
-0.57363,-1.4201,-4.3133
-0.56578,-1.3453,-4.2057
-0.55456,-1.2607,-4.0912
-0.58261,-1.1822,-3.9696
-0.64281,-1.1111,-3.8437
-0.74228,-1.0218,-3.712
-0.83913,-0.9532,-3.5755
-0.86194,-0.87581,-3.4376
-0.9199,-0.76067,-3.2904
-0.92738,-0.69427,-3.1369
-0.91541,-0.6181,-2.9848
-0.91616,-0.51389,-2.8262
-0.87802,-0.43459,-2.6634
-0.79725,-0.32235,-2.4961
-0.66039,-0.21529,-2.3207
-0.53699,-0.09693,-2.1376
-0.37956,-0.0017086,-1.949
-0.24719,0.1118,-1.7592
-0.14809,0.22101,-1.5606
-0.049373,0.30937,-1.3643
-0.025815,0.46913,-1.1611
0.041868,0.52974,-0.95862
0.06393,0.71944,-0.75368
0.0070914,0.76964,-0.54161
0.022797,0.94288,-0.33958
0.016814,1.0636,-0.10687
0.01644,0.24936,0.012871
0.067295,-0.040541,-0.010947
0.14433,0.12127,-0.0077265
0.26473,-0.0022485,-0.0058369
0.32943,0.057263,-0.0085888
0.37579,0.016763,-0.0044984
0.44909,0.024272,-0.0077565
0.46217,0.029678,-0.0040635
0.45881,0.0051296,-0.0060131
0.45843,0.01926,-0.0045772
0.39786,0.00058576,-0.0043185
0.3025,0.017929,-0.0043222
0.20939,0.0064042,-0.003325
0.11142,0.0075927,-0.0035874
0.014196,0.0065317,-0.0025301
-0.048251,0.0057519,-0.0026201
-0.078166,0.0098458,-0.0015516
-0.11294,0.0010806,-0.0012479
-0.10397,0.0068466,-0.00067429
-0.041521,0.0069253,0.0010391
0.0059696,0.0040911,0.0017777
0.067669,0.0096096,0.0028574
0.13049,-0.0012962,0.0039184
0.15966,-0.0037818,0.0042709
0.17424,-0.0016749,0.0050169
0.15816,-0.0017611,0.0051069
0.11217,0.0039149,0.0065166
0.054582,-0.01047,0.0060705
0.0040999,0.011634,0.006929
-0.021328,-0.0092142,0.0078813
-0.040399,0.0041286,0.0068615
-0.061339,-0.0036806,0.0095722
-0.062461,-0.01101,0.0065803
-0.071436,0.020126,0.010723
-0.026563,-0.038726,0.0073789
0.023171,0.048097,0.0099471
0.057199,-0.063594,0.010551
0.14246,0.061766,0.0062429
0.19294,-0.059083,0.018132
0.261,0.045619,-0.0073816
0.2423,1.7551,0.16348
0.34289,2.3136,0.56088
0.49508,1.9351,0.90965
0.43974,2.1061,1.2483
0.60502,2.0209,1.5757
0.62596,2.1071,1.8712
0.55379,2.1287,2.1617
0.76357,2.1536,2.4276
0.73403,2.2287,2.6878
0.77366,2.2194,2.93
0.94568,2.2955,3.1622
0.91015,2.311,3.3842
0.99466,2.3384,3.5891
1.0934,2.3623,3.782
1.0672,2.3992,3.9639
1.0403,2.43,4.138
1.0298,2.4295,4.2989
1.0025,2.4493,4.4461
0.93782,2.4488,4.5807
0.88323,2.4262,4.6998
0.85855,2.4071,4.8015
0.80844,2.3894,4.8882
0.72617,2.369,4.9627
0.71533,2.3461,5.0252
0.67308,2.3224,5.0752
0.62633,2.2836,5.1128
0.55528,2.2387,5.1383
0.39748,2.2062,5.1512
0.25277,2.1603,5.1527
0.065426,2.1037,5.1429
-0.13987,2.0554,5.1217
-0.35787,2.0035,5.0911
-0.53699,1.9448,5.0513
-0.69217,1.889,5.0028
-0.7965,1.8335,4.9466
-0.77182,1.7707,4.8827
-0.81109,1.6951,4.81
-0.82941,1.6279,4.7297
-0.74826,1.5636,4.642
-0.6746,1.4878,4.546
-0.59794,1.423,4.4449
-0.55793,1.3539,4.3384
-0.56952,1.2723,4.2243
-0.63496,1.1836,4.1028
-0.71611,1.1143,3.9761
-0.80996,1.0417,3.8467
-0.86381,0.95652,3.7113
-0.86418,0.89875,3.573
-0.90681,0.79627,3.4315
-0.91467,0.691,3.2795
-0.90756,0.64108,3.1251
-0.88849,0.5478,2.9705
-0.81856,0.44987,2.8082
-0.71349,0.37466,2.6431
-0.60505,0.25962,2.4721
-0.51418,0.15323,2.2927
-0.40088,0.038582,2.1069
-0.34703,-0.047593,1.9173
-0.2584,-0.16357,1.7251
-0.14398,-0.27188,1.5245
-0.082654,-0.36101,1.3267
-0.0093619,-0.51692,1.1205
0.032893,-0.58266,0.91676
0.009335,-0.76636,0.70916
-0.050121,-0.79667,0.49659
-0.040399,-0.99521,0.29197
-0.061339,-1.0698,0.058578
-0.013475,-0.23841,-0.050006
0.11553,-0.0091392,-0.02414
0.17424,-0.15499,-0.02937
0.29652,-0.033676,-0.029329
0.33653,-0.097226,-0.02735
0.37654,-0.05202,-0.030664
0.46255,-0.066533,-0.027612
0.44759,-0.062233,-0.03093
0.44385,-0.045051,-0.028782
0.3571,-0.063106,-0.030529
0.22659,-0.041621,-0.030371
0.12825,-0.054652,-0.030458
0.017936,-0.041744,-0.03138
-0.050121,-0.043326,-0.031178
-0.085645,-0.039577,-0.031961
-0.072557,-0.03777,-0.031984
-0.064331,-0.045133,-0.032977
-0.041521,-0.038678,-0.032977
0.0048478,-0.041463,-0.033791
0.029154,-0.039506,-0.035275
0.083749,-0.037748,-0.035943
0.126,-0.041947,-0.037457
0.17611,-0.031247,-0.038113
0.19182,-0.033324,-0.038661
0.17237,-0.034111,-0.039242
0.13161,-0.032927,-0.039351
0.079261,-0.027948,-0.0407
0.080757,-0.031461,-0.039707
0.032145,-0.042044,-0.041551
0.016814,-0.019037,-0.04091
-0.0048746,-0.046753,-0.041608
-0.044886,-0.011737,-0.042762
-0.020206,-0.038453,-0.040768
-0.0033789,-0.02087,-0.044982
0.046355,-0.015917,-0.039733
0.092723,-0.058514,-0.046755
0.17387,0.039478,-0.040041
0.20004,-0.13079,-0.046005
0.23332,0.14584,-0.043276
0.21463,-0.49618,-0.044783
0.21164,-2.0522,-0.31738
0.38552,-2.036,-0.72241
0.29802,-1.9496,-1.0568
0.4173,-2.1086,-1.4006
0.65064,-2.017,-1.7124
0.58782,-2.1341,-2.0063
0.80919,-2.1152,-2.2882
0.88398,-2.1881,-2.5504
0.77853,-2.2147,-2.8058
0.92661,-2.2458,-3.042
0.95353,-2.311,-3.2726
0.9554,-2.313,-3.4888
1.0814,-2.3431,-3.6897
1.093,-2.3689,-3.879
1.0167,-2.4129,-4.059
1.0096,-2.4294,-4.2299
0.95353,-2.4341,-4.3865
0.86117,-2.4408,-4.5296
0.83125,-2.4396,-4.6597
0.77067,-2.419,-4.7747
0.75721,-2.3899,-4.872
0.69514,-2.3729,-4.955
0.66298,-2.3559,-5.0258
0.66634,-2.338,-5.0853
0.60053,-2.3076,-5.133
0.5953,-2.2713,-5.168
0.49022,-2.234,-5.1909
0.3844,-2.1875,-5.2014
0.22659,-2.1409,-5.2
0.013822,-2.0931,-5.1879
-0.15034,-2.0397,-5.1653
-0.40574,-1.9875,-5.1327
-0.56728,-1.9332,-5.0909
-0.76771,-1.8739,-5.0406
-0.93299,-1.8171,-4.982
-0.99132,-1.7569,-4.9157
-0.93411,-1.6876,-4.8417
-0.77893,-1.6131,-4.7591
-1.0358,-1.5437,-4.6686
-1.0526,-1.4804,-4.5712
-0.61589,-1.408,-4.4681
-0.39302,-1.3359,-4.3597
-0.31263,-1.2594,-4.2454
-0.39078,-1.1743,-4.1237
-0.52166,-1.1002,-3.9966
-0.61664,-1.0203,-3.8644
-0.66974,-0.94839,-3.7269
-0.6832,-0.87733,-3.5881
-0.76472,-0.76971,-3.4426
-0.81595,-0.68847,-3.288
-0.89672,-0.62921,-3.1342
-0.96739,-0.52681,-2.9765
-0.86605,-0.44165,-2.812
-0.66787,-0.34803,-2.6452
-0.49473,-0.22865,-2.4697
-0.35862,-0.12786,-2.2869
-0.29767,-0.019869,-2.0967
-0.31487,0.070617,-1.9045
-0.2427,0.20123,-1.7075
-0.10397,0.27519,-1.5054
0.048972,0.40364,-1.3051
0.1978,0.53138,-1.0957
0.28941,0.62233,-0.89278
0.25763,0.7918,-0.67718
0.14956,0.79986,-0.46907
0.11105,1.1046,-0.25066
0.042242,0.81359,-0.035287
0.031397,0.00039081,0.0094072
0.070661,0.061256,-0.015292
0.087488,0.075172,-0.00307
0.129,0.0095159,-0.0092711
0.099454,0.062182,-0.0056757
0.1877,0.0059056,-0.0061293
0.35261,0.039463,-0.0064105
0.45021,0.0066142,-0.0043672
0.53322,0.021745,-0.0060356
0.48274,0.014472,-0.0035312
0.32793,0.0024528,-0.0047121
0.15181,0.013089,-0.0034524
0.022423,0.0066254,-0.0031675
-0.065079,0.011124,-0.0029088
-0.12192,-0.0018923,-0.0022677
-0.10509,0.0085187,-0.0019303
-0.1178,0.0055007,-0.0011504
-0.10359,0.0039899,-0.0013754
-0.062087,0.01325,4.1798e-05
-0.028433,0.0067941,0.0016015
0.084871,0.0070453,0.0022651
0.18396,0.0093097,0.0036485
0.23332,0.0034463,0.0042671
0.2509,0.003465,0.0047395
0.22921,-0.0063949,0.0056018
0.16676,0.0030826,0.0057143
0.10394,0.0020966,0.007094
0.12376,-0.011913,0.0062242
0.14171,0.013756,0.0078326
0.14769,-0.013398,0.0078326
0.097211,0.012755,0.0074839
0.0048478,-0.010373,0.0096772
-0.026937,0.0015942,0.006914
-0.060591,0.011578,0.011507
-0.0071182,-0.032492,0.0068203
0.050094,0.045173,0.011882
0.093097,-0.075185,0.0087174
0.16527,0.090971,0.0095234
0.19481,-0.12829,0.014761
0.23033,0.2444,-0.0011129
0.23145,1.9872,0.22024
0.41431,2.2113,0.62087
0.5063,1.9191,0.95847
0.46517,2.1005,1.2992
0.60464,1.9934,1.6178
0.48087,2.0935,1.9125
0.43862,2.0828,2.1982
0.60764,2.1305,2.4615
0.60203,2.1784,2.719
0.73777,2.1788,2.9574
0.85331,2.2482,3.1889
0.83574,2.2506,3.4058
0.90641,2.2835,3.6067
0.99504,2.3104,3.7984
1.007,2.3439,3.9798
0.97746,2.358,4.1511
0.96475,2.3512,4.3077
0.84883,2.3641,4.4521
0.74898,2.3516,4.582
0.68654,2.3216,4.6942
0.60203,2.3067,4.7907
0.56164,2.2822,4.8736
0.53995,2.2537,4.9443
0.55678,2.2285,5.0031
0.49545,2.1934,5.0494
0.4891,2.1582,5.0829
0.45058,2.1164,5.1043
0.33279,2.0727,5.1138
0.22211,2.0268,5.1118
0.020553,1.9704,5.0986
-0.11182,1.9154,5.075
-0.3216,1.8631,5.0419
-0.48763,1.8141,5.0002
-0.66076,1.7629,4.9502
-0.76584,1.7001,4.8917
-0.79538,1.6401,4.8251
-0.83838,1.5771,4.7502
-0.91691,1.5041,4.6673
-4.3657,1.4337,4.5768
-11.988,1.3688,4.4798
-19.768,1.3017,4.3776
-23.332,1.2227,4.2685
-21.758,1.1327,4.1515
-18.705,1.0494,4.0283
-14.947,0.96615,3.9028
-13.058,0.86505,3.7727
-11.297,0.78314,3.639
-6.078,0.68593,3.5041
-1.541,0.55625,3.3601
5.7418,0.48117,3.2106
13.74,0.41243,3.0621
16.614,0.3031,2.9073
19.195,0.23027,2.7471
21.983,0.14138,2.5837
22.235,0.032674,2.4097
20.257,-0.056354,2.2294
17.475,-0.14734,2.0433
11.977,-0.22567,1.854
3.033,-0.34986,1.6577
-5.123,-0.40935,1.4574
-11.602,-0.53069,1.2566
-14.074,-0.63218,1.0473
-10.283,-0.72518,0.84437
-3.8935,-0.8676,0.62754
2.2758,-0.8686,0.42104
7.5584,-1.1596,0.19716
10.9,-0.75619,-0.008945
12.172,7.2142e-05,-0.038136
13.736,-0.11046,-0.016848
14.322,-0.0871,-0.028459
12.907,-0.050573,-0.021381
11.261,-0.08295,-0.025824
8.2281,-0.030085,-0.02426
4.829,-0.076861,-0.02474
1.0818,-0.036548,-0.025932
-2.9672,-0.054461,-0.024549
-6.1386,-0.045508,-0.026753
-9.4363,-0.038985,-0.025696
-12.077,-0.049628,-0.026888
-15.038,-0.035847,-0.026765
-17.315,-0.039244,-0.027188
-16.357,-0.034715,-0.027552
-12.332,-0.037414,-0.027931
-5.1746,-0.029343,-0.028366
2.1853,-0.033946,-0.028444
7.4107,-0.041122,-0.030319
9.2845,-0.035262,-0.031387
7.5027,-0.037129,-0.031995
4.1675,-0.037489,-0.033637
-0.22886,-0.028836,-0.033888
-4.715,-0.030246,-0.034499
-8.6952,-0.028619,-0.035043
-11.69,-0.036856,-0.035215
-12.467,-0.028529,-0.036321
-10.981,-0.032064,-0.035549
-7.2346,-0.037407,-0.037525
-1.486,-0.019085,-0.036321
4.7374,-0.041459,-0.038151
9.6364,-0.0034969,-0.038046
12.546,-0.046472,-0.037259
12.921,-0.0060687,-0.0404
11.712,-0.028503,-0.035789
10.191,-0.03783,-0.04337
8.8115,0.026851,-0.034271
8.101,-0.11382,-0.045162
6.9392,0.17481,-0.0327
4.8559,-0.76029,-0.062314
2.312,-2.1535,-0.3783
-0.42406,-1.9358,-0.77326
-2.8378,-1.9208,-1.1054
-4.1575,-1.9902,-1.4494
-4.3377,-1.9121,-1.7565
-4.4282,-2.0028,-2.0538
-4.0157,-1.9592,-2.3343
-3.1347,-2.0316,-2.5997
-1.7456,-2.0264,-2.8565
1.2949,-2.0631,-3.0972
4.3395,-2.0851,-3.3319
5.8544,-2.0703,-3.5478
5.6173,-2.1078,-3.7521
2.9758,-2.1233,-3.9471
-0.91878,-2.1449,-4.1329
-4.537,-2.1373,-4.3067
-7.5835,-2.137,-4.4651
-9.4244,-2.1346,-4.6115
-9.8843,-2.1097,-4.7436
-9.6349,-2.0801,-4.8589
-8.4376,-2.052,-4.9582
-6.05,-2.0293,-5.0442
-2.7915,-2.0042,-5.1181
1.0642,-1.977,-5.1801
4.8361,-1.9405,-5.2302
7.3153,-1.8948,-5.2673
8.1967,-1.8513,-5.2919
7.8714,-1.8101,-5.3046
6.2676,-1.763,-5.3064
4.8354,-1.7155,-5.2968
4.1118,-1.6672,-5.2765
3.3471,-1.6154,-5.2468
2.9133,-1.5673,-5.2075
2.1105,-1.5149,-5.1594
0.78264,-1.4593,-5.1033
-0.16268,-1.4023,-5.039
-0.52203,-1.34,-4.9657
-0.50296,-1.2762,-4.8836
-0.43677,-1.2158,-4.7938
-0.51306,-1.1561,-4.697
-0.67572,-1.0959,-4.5943
-0.44837,-1.032,-4.4859
0.32045,-0.96092,-4.3697
1.3421,-0.89873,-4.2471
2.2339,-0.82834,-4.1194
2.3408,-0.7595,-3.9851
1.5458,-0.70442,-3.8485
0.063182,-0.61724,-3.7067
-2.038,-0.53356,-3.5547
-3.9451,-0.47585,-3.4003
-5.1091,-0.40174,-3.2443
-5.5844,-0.31597,-3.081
-5.2965,-0.24941,-2.9133
-4.5015,-0.14889,-2.7408
-3.5494,-0.038299,-2.5567
-2.5742,0.037397,-2.3677
-1.4382,0.14427,-2.1732
-0.34478,0.21586,-1.9745
0.17312,0.32166,-1.7714
0.0127,0.40161,-1.5639
-0.73069,0.50752,-1.3571
-1.682,0.61617,-1.1409
-2.1674,0.7016,-0.93205
-2.0283,0.87087,-0.70958
-1.3653,0.84992,-0.49341
-0.22213,1.1321,-0.27026
0.87014,0.87728,-0.0431
1.7261,0.023342,0.012178
2.3229,0.052341,-0.014546
2.5443,0.082622,-0.0024177
2.6994,0.0051408,-0.0081126
2.8561,0.065436,-0.0049708
3.0356,0.0037462,-0.0050383
3.1624,0.039722,-0.0057169
3.2731,0.010093,-0.0032987
3.3232,0.019837,-0.0052258
3.2192,0.020077,-0.0025564
3.2903,0.0060293,-0.0036249
3.0117,0.01863,-0.0023952
2.2107,-0.00043772,-0.0021477
1.2194,0.0068166,-0.0021327
-0.14921,0.010566,-0.0010942
-1.3522,0.0028277,-0.00084301
-2.1161,0.0025915,-0.00036686
-2.5323,0.011773,-0.00016066
-2.3783,0.012579,0.0013053
-1.8746,0.0069628,0.0025387
-1.3522,0.0056582,0.0032698
-0.91728,0.005392,0.0045633
-0.68021,-0.0033282,0.0051819
-0.82305,0.0063367,0.0057893
-1.1409,0.006363,0.0068053
-1.5085,0.0019279,0.0067603
-2.0406,0.0066554,0.0079713
-2.4616,-0.0037256,0.0074839
-2.6378,0.0098271,0.0088036
-2.5353,-0.01474,0.0087699
-2.1027,0.0094409,0.0086011
-1.4655,-0.010751,0.010888
-0.72732,-0.0013375,0.0080313
-0.081532,0.015211,0.012639
0.38888,-0.030565,0.008185
0.63157,0.046575,0.013044
0.76619,-0.071871,0.010315
0.95054,0.082625,0.010003
1.13,-0.11206,0.017003
1.5051,0.20116,-0.0013004
1.9202,1.9165,0.21024
2.3704,2.1898,0.6099
2.7963,1.8461,0.94815
2.8004,1.9972,1.2877
2.7705,1.8935,1.6084
2.5084,1.9655,1.9047
1.9284,1.9283,2.1931
1.4913,1.9598,2.4588
0.90006,2.0119,2.7189
0.43562,2.0176,2.9628
0.32157,2.0453,3.1979
0.24604,2.0218,3.4156
0.42702,2.0598,3.6207
0.75422,2.0683,3.8193
0.89258,2.0865,4.0059
0.86079,2.0863,4.1806
0.67158,2.0844,4.3404
0.33952,2.0784,4.4876
-0.047504,2.0415,4.6177
-0.45996,2.0162,4.7303
-0.76659,1.982,4.8299
-0.87316,1.956,4.916
-0.82604,1.9367,4.9891
-0.6387,1.9091,5.0507
-0.53624,1.8668,5.0991
-0.48875,1.8233,5.1345
-0.50932,1.7845,5.1585
-0.68507,1.7363,5.1702
-0.88064,1.6917,5.1699
-1.1891,1.6458,5.159
-1.4116,1.5961,5.1383
-1.4363,1.544,5.1074
-1.3215,1.4938,5.0682
-0.96141,1.446,5.0207
-0.41845,1.3814,4.9639
0.11441,1.3263,4.8984
0.51527,1.2746,4.8248
0.76619,1.2036,4.7427
0.78488,1.1487,4.6527
0.68355,1.0917,4.5575
0.57996,1.0179,4.4554
0.51453,0.94644,4.3443
0.5407,0.88657,4.2262
0.63007,0.83167,4.1039
0.73926,0.7551,3.9766
0.832,0.69624,3.8434
0.95727,0.63656,3.7081
0.97634,0.53939,3.5651
0.83312,0.47001,3.4134
0.59492,0.42096,3.2613
0.2251,0.33177,3.1052
-0.19857,0.24486,2.9417
-0.48651,0.18435,2.7756
-0.5957,0.0753,2.6015
-0.65366,-0.010661,2.4176
-0.54708,-0.098471,2.2304
-0.42668,-0.19356,2.0366
-0.47155,-0.27617,1.84
-0.57401,-0.38533,1.6357
-0.81109,-0.45078,1.4316
-1.1005,-0.5974,1.2219
-1.3481,-0.65634,1.0095
-1.5537,-0.80039,0.80014
-1.7254,-0.88011,0.57722
-1.7471,-0.95201,0.36929
-1.5713,-1.1817,0.13039
-1.2707,-0.47559,-0.032531
-0.82791,0.0376,-0.022716
-0.46295,-0.14981,-0.016338
-0.19147,-0.045628,-0.023124
-0.030302,-0.075009,-0.017171
-0.026189,-0.059863,-0.022472
0.010457,-0.041759,-0.018682
0.042242,-0.066405,-0.021955
0.10656,-0.031937,-0.020969
0.2494,-0.059605,-0.021216
0.42628,-0.036469,-0.022348
0.6024,-0.041216,-0.021553
0.73777,-0.03834,-0.023057
0.88435,-0.034164,-0.022457
0.9898,-0.04056,-0.023312
1.0407,-0.03876,-0.023675
1.0306,-0.035558,-0.024152
0.94755,-0.027438,-0.024343
0.88173,-0.035075,-0.024935
0.89856,-0.033541,-0.026431
0.99466,-0.028604,-0.027233
1.1225,-0.032653,-0.028366
1.2972,-0.028477,-0.029603
1.3791,-0.022021,-0.029667
1.3043,-0.030636,-0.030439
1.1255,-0.024041,-0.031069
0.77516,-0.030467,-0.031275
0.35298,-0.022699,-0.032456
-0.073305,-0.02382,-0.031804
-0.47192,-0.031318,-0.033603
-0.78154,-0.011835,-0.032388
-1.0059,-0.041489,-0.034143
-1.0986,-0.0016824,-0.034076
-1.1009,-0.038884,-0.033022
-1.0104,-0.0052402,-0.036535
-0.91317,-0.019265,-0.031755
-0.87092,-0.037407,-0.039264
-0.82829,0.02287,-0.030428
-0.91728,-0.12583,-0.040637
-0.97038,0.17217,-0.03003
-1.053,-0.71797,-0.054047
-1.0433,-2.1514,-0.36169
-0.73817,-1.946,-0.75639
-0.60131,-1.9003,-1.0859
-0.22662,-1.9868,-1.4277
0.27371,-1.9,-1.7346
0.42104,-1.9856,-2.0294
0.78301,-1.9393,-2.3075
0.98232,-2.0054,-2.5703
0.95091,-2.0086,-2.8258
1.2448,-2.0374,-3.0655
1.3925,-2.0458,-3.2962
1.5096,-2.042,-3.508
1.8416,-2.0905,-3.7124
2.0398,-2.0939,-3.9072
2.2029,-2.107,-4.0897
2.3233,-2.0956,-4.2597
2.2533,-2.0932,-4.4148
2.0293,-2.0813,-4.5575
1.6823,-2.0443,-4.683
1.268,-2.0199,-4.7918
0.87201,-1.9942,-4.8867
0.55416,-1.9701,-4.9686
0.37542,-1.9466,-5.0389
0.29839,-1.9143,-5.0973
0.29951,-1.8757,-5.1427
0.31073,-1.8339,-5.175
0.21388,-1.7901,-5.1949
0.06393,-1.7457,-5.2032
-0.15707,-1.6979,-5.2004
-0.45809,-1.6516,-5.1868
-0.85297,-1.6005,-5.1628
-1.2348,-1.5493,-5.1296
-1.5227,-1.5073,-5.0873
-1.7231,-1.4508,-5.0364
-1.7512,-1.3919,-4.9773
-1.7033,-1.3337,-4.9093
-1.5676,-1.2712,-4.8322
-1.4004,-1.212,-4.7474
-1.2763,-1.1477,-4.6552
-1.1353,-1.0931,-4.5567
-1.0153,-1.0352,-4.4532
-0.85596,-0.95726,-4.342
-0.66226,-0.89067,-4.2226
-0.39414,-0.82744,-4.0985
-0.10135,-0.75414,-3.9678
0.15031,-0.69956,-3.8335
0.44123,-0.62369,-3.6964
0.63942,-0.53153,-3.5487
0.74038,-0.47729,-3.3962
0.77292,-0.41609,-3.2437
0.68242,-0.32446,-3.0846
0.5321,-0.2539,-2.9194
0.37729,-0.16676,-2.751
0.26137,-0.051799,-2.5718
0.2165,0.02248,-2.3858
0.26997,0.12394,-2.1948
0.36009,0.20305,-1.9986
0.45245,0.30716,-1.7991
0.52275,0.39158,-1.5927
0.50443,0.47819,-1.3883
0.39674,0.61548,-1.1741
0.21799,0.67939,-0.96508
-0.054234,0.85861,-0.74751
-0.38704,0.84649,-0.5284
-0.61178,1.0714,-0.31397
-0.79688,1.0232,-0.075463
-0.91616,0.13563,0.016148
-0.91205,0.0074502,-0.012672
-0.87353,0.11627,-0.0034824
-0.75724,-0.0016262,-0.0058406
-0.72246,0.059974,-0.0058519
-0.68656,0.005257,-0.0035012
-0.62187,0.038357,-0.0058219
-0.66188,0.021471,-0.0022939
-0.66114,0.012076,-0.0047496
-0.6387,0.026072,-0.0022564
-0.60168,0.0041286,-0.0025451
-0.52914,0.014899,-0.0021477
-0.40761,0.0028202,-0.0012929
-0.25579,0.0053058,-0.0016941
-0.10472,0.004346,-0.0006293
0.0744,0.0037124,-0.00030687
0.18957,0.0029139,6.4293e-05
0.29989,0.0046872,0.00027425
0.46143,0.0074464,0.0012753
0.60502,0.0092685,0.00252
0.75347,0.006318,0.0035585
0.95241,0.0050846,0.0047957
1.1401,0.005242,0.0058343
1.259,0.0010806,0.0057218
1.3563,0.00817,0.0068728
1.3753,-0.0011013,0.0075064
1.3095,0.0061043,0.0076301
1.1555,-0.0021473,0.0087924
0.90753,0.0017479,0.008185
0.63157,0.0050808,0.0099546
0.34214,-0.0098365,0.0085749
0.13012,0.019402,0.010622
-0.00824,-0.022947,0.010071
-0.093872,0.021003,0.0098834
-0.084897,-0.02358,0.012718
-0.058722,0.0056132,0.0082375
-0.031424,0.010539,0.015672
-0.00038735,-0.044564,0.0064079
-0.065079,0.091544,0.018379
-0.17763,-0.20436,0.0040272
-0.31749,0.83443,0.040312
-0.46033,2.2609,0.35998
-0.44837,1.9721,0.74578
-0.55307,1.9155,1.0728
-0.59046,1.9718,1.4132
-0.43303,1.8925,1.718
-0.5082,1.9771,2.0137
-0.35712,1.929,2.291
-0.11967,1.9906,2.5533
-0.10322,1.9946,2.8073
0.12638,2.0157,3.0458
0.28343,2.0124,3.2735
0.36532,2.0189,3.4834
0.60951,2.0589,3.6871
0.84172,2.058,3.8805
0.99167,2.0745,4.0613
1.09,2.0686,4.2288
1.1667,2.056,4.382
1.1039,2.024,4.5208
1.0167,1.9867,4.6406
0.95839,1.9725,4.7454
0.81854,1.947,4.8384
0.73515,1.9134,4.918
0.72356,1.8908,4.9849
0.72393,1.855,5.0399
0.80134,1.8169,5.0817
0.94268,1.7795,5.1106
0.99616,1.7239,5.1275
0.95914,1.6814,5.1329
0.85631,1.6406,5.127
0.61474,1.5847,5.1107
0.31896,1.54,5.0848
0.0078393,1.4943,5.0495
-0.33843,1.444,5.0057
-0.62973,1.3886,4.9533
-0.85895,1.3257,4.8922
-1.0168,1.2732,4.8224
-1.0968,1.2058,4.744
-1.133,1.1448,4.6574
-1.117,1.096,4.5651
-1.0736,1.0253,4.4668
-1.0437,0.95725,4.3599
-1.0194,0.8831,4.2449
-0.99394,0.83091,4.1247
-0.9816,0.76953,4.0003
-0.94533,0.69003,3.8693
-0.8683,0.64575,3.7358
-0.79762,0.55751,3.5967
-0.7535,0.47245,3.4476
-0.70713,0.42576,3.2962
-0.68021,0.34942,3.1425
-0.66338,0.26726,2.9816
-0.62225,0.20172,2.817
-0.57924,0.097753,2.6466
-0.47267,-0.0037144,2.4655
-0.30141,-0.077244,2.2801
-0.10808,-0.1802,2.0884
0.14208,-0.26174,1.8933
0.40907,-0.36617,1.6921
0.66074,-0.43186,1.4877
0.85294,-0.56033,1.2817
0.95577,-0.64895,1.068
0.99354,-0.75042,0.86118
0.9038,-0.88935,0.63879
0.77254,-0.88769,0.42876
0.611,-1.1837,0.19997
0.38664,-0.73742,-0.0059494
0.25501,0.015263,-0.030529
0.12152,-0.12151,-0.010475
0.019057,-0.082762,-0.022382
0.009335,-0.041384,-0.015011
-0.047877,-0.080749,-0.019833
-0.056104,-0.029538,-0.017755
-0.028059,-0.066881,-0.018644
-0.036285,-0.030092,-0.019881
-0.015719,-0.050734,-0.018517
-0.022076,-0.042783,-0.020575
-0.096863,-0.037575,-0.019386
-0.16567,-0.041504,-0.0208
-0.24569,-0.03112,-0.020642
-0.34778,-0.041186,-0.021055
-0.4192,-0.034674,-0.021827
-0.488,-0.029369,-0.021988
-0.55045,-0.027011,-0.022202
-0.58485,-0.031678,-0.022712
-0.57513,-0.031659,-0.023885
-0.51119,-0.035446,-0.02477
-0.39564,-0.032687,-0.025779
-0.21316,-0.028518,-0.026963
-0.00824,-0.025804,-0.027807
0.21724,-0.027183,-0.027859
0.43562,-0.027888,-0.029029
0.60091,-0.019033,-0.029029
0.73178,-0.028679,-0.029805
0.79124,-0.013859,-0.030169
0.79423,-0.028634,-0.030146
0.74001,-0.021091,-0.031721
0.62745,-0.023993,-0.030383
0.47788,-0.028881,-0.033071
0.33092,-0.0024434,-0.030461
0.23744,-0.048039,-0.03336
0.21537,0.0146,-0.032467
0.21837,-0.060114,-0.031976
0.24043,0.015563,-0.036201
0.30923,-0.03747,-0.027856
0.35373,-0.033774,-0.043287
0.41431,0.078745,-0.016485
0.36869,-1.3697,-0.13038
0.41132,-2.2143,-0.51038
0.46217,-1.8278,-0.87347
0.29091,-1.9734,-1.2044
0.45283,-1.9196,-1.5377
0.45058,-1.9232,-1.834
0.26324,-1.9598,-2.1253
0.3829,-1.9396,-2.3936
0.099828,-2.0132,-2.655
-0.087515,-1.9989,-2.904
-0.0018831,-2.0274,-3.1394
-0.17202,-2.0149,-3.3609
-0.086393,-2.0484,-3.5681
0.073652,-2.0764,-3.7703
0.15442,-2.0773,-3.9594
0.29577,-2.0821,-4.1361
0.4087,-2.0682,-4.2983
0.52724,-2.0644,-4.4472
0.52874,-2.0312,-4.581
0.52986,-2.0006,-4.6962
0.51415,-1.9832,-4.7982
0.41244,-1.9571,-4.8873
0.34775,-1.9297,-4.9633
0.31634,-1.9006,-5.0273
0.27782,-1.864,-5.0786
0.29278,-1.8249,-5.1169
0.35298,-1.7837,-5.143
0.36869,-1.7338,-5.1571
0.39711,-1.6887,-5.159
0.44572,-1.6444,-5.1503
0.45769,-1.5931,-5.1317
0.42328,-1.5441,-5.1027
0.38552,-1.4962,-5.0647
0.36158,-1.4458,-5.0183
0.304,-1.3901,-4.9632
0.21089,-1.3297,-4.8994
0.11815,-1.2678,-4.8265
-0.033294,-1.2096,-4.7453
-0.2326,-1.1511,-4.6565
-0.37806,-1.0896,-4.561
-0.53961,-1.0333,-4.4603
-0.71124,-0.96435,-4.3532
-0.83128,-0.89474,-4.2377
-0.89859,-0.83678,-4.1162
-0.89672,-0.7623,-3.9889
-0.87129,-0.70344,-3.8566
-0.75986,-0.64108,-3.7221
-0.62337,-0.54522,-3.579
-0.55232,-0.47741,-3.428
-0.46332,-0.42409,-3.2768
-0.42855,-0.33552,-3.121
-0.46893,-0.25919,-2.9573
-0.51979,-0.19129,-2.791
-0.56092,-0.068801,-2.6158
-0.61215,0.013175,-2.4308
-0.65665,0.095739,-2.2421
-0.64132,0.18675,-2.0474
-0.59719,0.27759,-1.8503
-0.48875,0.38055,-1.6455
-0.34778,0.44387,-1.4417
-0.21204,0.58836,-1.2312
-0.0097358,0.65053,-1.0198
0.16302,0.81074,-0.80782
0.26361,0.86491,-0.5845
0.39187,0.9755,-0.37575
0.46928,1.1434,-0.13367
0.51826,0.3602,0.012298
0.59567,-0.054975,-0.0060731
0.59006,0.12709,-0.0074678
0.56576,0.011458,-0.00292
0.47526,0.056761,-0.0074978
0.34738,0.029393,-0.0022902
0.29166,0.02299,-0.0061068
0.17237,0.035721,-0.0025901
0.10768,0.0049609,-0.0039361
0.099828,0.02729,-0.0027588
0.054208,0.0065279,-0.0020465
0.088236,0.019672,-0.0024701
0.126,0.0091372,-0.000888
0.17948,0.0045822,-0.0013716
0.24716,0.010123,-0.00050558
0.27334,0.0076564,-2.1938e-05
0.26137,0.007079,0.00045421
0.17649,0.0015455,0.0004617
0.070661,0.0056582,0.0012228
-0.027685,0.0037312,0.0020963
-0.10771,0.0082562,0.0031011
-0.20643,0.0089348,0.0046008
-0.27224,0.0025952,0.0055606
-0.29617,-0.00027277,0.0061379
-0.30365,0.0044547,0.0064304
-0.24906,0.0024903,0.0075476
-0.16492,-0.0028296,0.0074277
-0.048251,0.0067041,0.0085487
0.060191,-0.0087493,0.0086724
0.15667,0.0076489,0.0090173
0.20939,-0.0084906,0.010142
0.24604,-0.00040023,0.0087286
0.30512,0.0059843,0.011945
0.30475,-0.017563,0.0090923
0.27558,0.022776,0.012369
0.25352,-0.038865,0.010776
0.22771,0.041251,0.011308
0.18135,-0.045673,0.01436
0.14844,0.031084,0.006959
0.096089,-0.010256,0.021491
0.09908,-0.064902,-0.005312
0.11778,1.5033,0.12535
0.18733,2.2887,0.50819
0.37729,1.8438,0.86332
0.37879,1.9588,1.194
0.53958,1.9013,1.5237
0.67607,1.9102,1.8199
0.5665,1.9398,2.1113
0.7445,1.9304,2.3783
0.7071,1.9945,2.6391
0.60764,1.9777,2.8864
0.67233,1.9927,3.1192
0.47713,1.9866,3.3383
0.44647,2.0315,3.5453
0.43749,2.0545,3.7468
0.35186,2.0422,3.9341
0.36308,2.042,4.1083
0.31634,2.0325,4.2688
0.29839,2.009,4.4144
0.26548,1.983,4.5424
0.27408,1.9565,4.6541
0.28568,1.9299,4.7526
0.25987,1.909,4.8385
0.26698,1.8773,4.9118
0.28979,1.8483,4.9725
0.29652,1.8093,5.021
0.28642,1.7624,5.0562
0.26586,1.7222,5.0792
0.15928,1.6741,5.0903
0.060939,1.622,5.0892
-0.098359,1.5789,5.0778
-0.28234,1.5318,5.0563
-0.35563,1.4831,5.0257
-0.44874,1.4344,4.9866
-0.45771,1.3779,4.9383
-0.39975,1.3254,4.8817
-0.36759,1.272,4.8163
-0.27037,1.2101,4.7419
-0.19222,1.1448,4.6587
-0.15856,1.0903,4.5693
-0.12154,1.0261,4.4743
-0.14024,0.95716,4.371
-0.1911,0.89397,4.2594
-0.25691,0.82479,4.1416
-0.33918,0.76553,4.0194
-0.3762,0.6998,3.8914
-0.42929,0.64611,3.7593
-0.45173,0.57641,3.6235
-0.41808,0.482,3.4778
-0.40835,0.42752,3.3272
-0.37059,0.36476,3.176
-0.33469,0.27421,3.0183
-0.29542,0.20974,2.8552
-0.26514,0.12046,2.6885
-0.25055,0.015154,2.5107
-0.20718,-0.05893,2.327
-0.20792,-0.16078,2.1374
-0.19446,-0.23375,1.9428
-0.1709,-0.34321,1.7446
-0.20231,-0.42004,1.5399
-0.20531,-0.51518,1.3366
-0.22064,-0.63775,1.1237
-0.24083,-0.70259,0.91726
-0.26551,-0.87739,0.69992
-0.30552,-0.8621,0.48487
-0.27561,-1.1152,0.26801
-0.23971,-0.96668,0.035993
-0.13837,-0.093387,-0.036531
-0.026563,-0.047038,-0.0084688
0.093845,-0.12135,-0.019255
0.24454,-0.027419,-0.0147
0.24379,-0.0926,-0.016488
0.30662,-0.030636,-0.017437
0.37131,-0.065404,-0.01557
0.33728,-0.041399,-0.018805
0.35186,-0.038951,-0.016368
0.31484,-0.047563,-0.018742
0.26212,-0.030658,-0.017913
0.22958,-0.042295,-0.018577
0.21575,-0.027363,-0.01918
0.22435,-0.036769,-0.018989
0.25239,-0.037992,-0.019994
0.29353,-0.03494,-0.020204
0.30886,-0.032589,-0.020657
0.33653,-0.032282,-0.020702
0.33541,-0.032683,-0.02143
0.30998,-0.030051,-0.022536
0.32382,-0.030062,-0.023769
0.32531,-0.027641,-0.024875
0.27969,-0.027367,-0.02576
0.2049,-0.022002,-0.025887
0.12787,-0.025211,-0.026738
0.035885,-0.020322,-0.027623
-0.037407,-0.023374,-0.027218
-0.092002,-0.022092,-0.028673
-0.16006,-0.016011,-0.027991
-0.19446,-0.034962,-0.029584
-0.21091,-0.0088168,-0.029419
-0.23746,-0.036927,-0.029228
-0.21316,-0.0079545,-0.031297
-0.14473,-0.020622,-0.028587
-0.084523,-0.027618,-0.033202
-0.029181,0.0058269,-0.028523
-0.02058,-0.063747,-0.033922
0.016066,0.04984,-0.029813
0.0055957,-0.1086,-0.031485
-0.033294,0.11433,-0.035665
-0.016093,-0.30521,-0.022599
-0.073305,-1.9314,-0.25383
0.068791,-2.0689,-0.65621
0.12039,-1.8265,-0.99143
0.14246,-1.9906,-1.3295
0.49545,-1.8719,-1.6449
0.55379,-1.9531,-1.938
0.68317,-1.9235,-2.2216
0.90828,-1.9589,-2.4839
0.76357,-1.9936,-2.7421
0.84621,-1.9855,-2.9829
0.92249,-2.0056,-3.2119
0.81068,-2.0042,-3.4258
0.88921,-2.0533,-3.6317
0.89744,-2.0535,-3.8287
0.80994,-2.0545,-4.0111
0.72842,-2.0497,-4.1808
0.60053,-2.0396,-4.3362
0.46816,-2.0196,-4.478
0.34551,-1.9855,-4.6014
0.25352,-1.9633,-4.7094
0.20416,-1.9334,-4.8043
0.18546,-1.9083,-4.8856
0.21911,-1.8842,-4.9553
0.26361,-1.8498,-5.013
0.31484,-1.808,-5.0575
0.38888,-1.7708,-5.0892
0.36944,-1.7294,-5.1092
0.29764,-1.677,-5.1171
0.1705,-1.6338,-5.1136
-0.019832,-1.5861,-5.1
-0.23522,-1.5301,-5.0755
-0.41022,-1.4839,-5.0415
-0.53512,-1.4358,-4.9993
-0.63309,-1.3825,-4.9483
-0.6286,-1.3246,-4.8888
-0.62673,-1.2625,-4.8203
-0.57924,-1.2047,-4.7431
-0.50595,-1.1428,-4.658
-0.46931,-1.0854,-4.5654
-0.3762,-1.035,-4.4678
-0.29355,-0.96564,-4.3643
-0.24868,-0.89249,-4.252
-0.23597,-0.83094,-4.1333
-0.20418,-0.76079,-4.0091
-0.19857,-0.70189,-3.8785
-0.22288,-0.64709,-3.746
-0.17651,-0.55484,-3.6072
-0.18997,-0.48016,-3.4582
-0.22924,-0.43244,-3.3076
-0.22625,-0.3494,-3.1547
-0.27261,-0.26811,-2.9939
-0.2872,-0.2039,-2.8296
-0.2513,-0.095089,-2.6593
-0.21428,-0.0033994,-2.4776
-0.13052,0.082427,-2.2915
-0.019458,0.1763,-2.0987
0.067669,0.25385,-1.9027
0.10207,0.36974,-1.6997
0.12937,0.4283,-1.4952
0.14919,0.56225,-1.2885
0.11591,0.64116,-1.0751
0.068043,0.7593,-0.86733
-0.054608,0.87183,-0.64389
-0.15408,0.89342,-0.43506
-0.20082,1.1852,-0.20168
-0.28196,0.62747,-0.0070516
-0.24756,-0.055376,0.0043608
-0.20904,0.11362,-0.011528
-0.13912,0.04551,-0.00074178
-0.054982,0.028505,-0.0079402
-0.050121,0.04933,-0.0023314
0.056825,0.010648,-0.0051808
0.10132,0.045023,-0.0032275
0.13984,0.002599,-0.0028076
0.21986,0.024055,-0.0034712
0.20229,0.011465,-0.0013454
0.18808,0.011315,-0.0025639
0.16714,0.012898,-0.00082801
0.15068,-0.00077513,-0.0011467
0.13498,0.006333,-0.00075677
0.12301,0.0077276,0.00014677
0.12301,0.0084137,0.00052169
0.12787,0.0038174,0.00068291
0.14769,0.008365,0.0012678
0.15741,0.009171,0.002415
0.22809,0.0094747,0.0032473
0.30512,0.0089123,0.0045933
0.35523,0.0096134,0.0057555
0.4173,0.0036637,0.0063554
0.43712,0.00012463,0.0065541
0.44011,0.005467,0.0077201
0.4016,-0.00032525,0.0077688
0.31709,0.0057481,0.0085449
0.24828,-0.0094991,0.0091523
0.1548,0.0032888,0.0088673
0.02878,-0.0030358,0.010656
-0.041147,-0.0034819,0.0090923
-0.10659,0.0092685,0.011784
-0.16305,-0.027618,0.0098084
-0.1552,0.028242,0.011687
-0.14211,-0.035416,0.012253
-0.096863,0.02693,0.0098534
-0.074053,-0.024915,0.01574
-0.030302,-0.016247,0.0066291
-0.011605,0.046043,0.02142
-0.00824,-0.16205,-0.0022115
0.017936,1.2032,0.081339
0.042616,2.3074,0.44109
0.21425,1.8833,0.8108
0.172,1.9389,1.1383
0.22173,1.9244,1.4741
0.37206,1.8993,1.7738
0.16938,1.9499,2.068
0.33354,1.9048,2.339
0.41955,1.9837,2.6005
0.3126,1.9737,2.8518
0.54893,1.9951,3.0873
0.54294,1.9874,3.3101
0.59417,2.0149,3.5185
0.75871,2.0463,3.7218
0.78339,2.0385,3.9125
0.84322,2.0405,4.0898
0.81929,2.0246,4.2539
0.79498,2.0182,4.4038
0.69888,1.9874,4.537
0.58071,1.9489,4.6533
0.47489,1.9201,4.7557
0.36383,1.9027,4.8451
0.32793,1.8823,4.9218
0.28268,1.8453,4.9857
0.28979,1.8076,5.0375
0.33429,1.7647,5.076
0.35747,1.723,5.1019
0.3111,1.6754,5.1163
0.22771,1.6259,5.1188
0.15928,1.5836,5.1104
-0.0015092,1.533,5.0921
-0.17576,1.486,5.0643
-0.27523,1.4378,5.0274
-0.3848,1.382,4.9814
-0.46444,1.3323,4.9266
-0.4895,1.2775,4.8633
-0.51268,1.2154,4.7913
-0.53026,1.1539,4.7106
-0.5411,1.1006,4.6227
-0.5583,1.0484,4.5295
-0.57289,0.97567,4.4289
-0.57326,0.89665,4.3198
-0.56092,0.83942,4.2037
-0.51642,0.78063,4.0827
-0.45547,0.70437,3.956
-0.40574,0.65588,3.8242
-0.32945,0.59553,3.6903
-0.22213,0.50014,3.5475
-0.1795,0.43843,3.3969
-0.19222,0.38473,3.2461
-0.17128,0.29877,3.0903
-0.20306,0.22074,2.9278
-0.28982,0.15118,2.7623
-0.28907,0.043448,2.588
-0.25915,-0.039776,2.4048
-0.23896,-0.13124,2.2176
-0.17389,-0.21605,2.0237
-0.099481,-0.30259,1.8274
-0.040025,-0.40812,1.6234
0.03738,-0.47585,1.4199
0.077018,-0.61603,1.2093
0.10095,-0.67177,0.99817
0.11404,-0.832,0.7871
0.026536,-0.87769,0.56412
0.010457,-0.98335,0.35599
-0.013101,-1.1666,0.11476
-0.067696,-0.3871,-0.033236
-0.028433,0.032377,-0.01578
-0.020954,-0.15251,-0.013658
0.014196,-0.031866,-0.018453
-0.020954,-0.076408,-0.013504
-0.047877,-0.04862,-0.01861
0.010083,-0.042018,-0.014734
-0.016841,-0.059121,-0.018254
0.015318,-0.028612,-0.016803
0.067669,-0.053096,-0.017534
0.09908,-0.031817,-0.018565
0.14283,-0.040031,-0.01795
0.16975,-0.032604,-0.019158
0.2079,-0.032364,-0.018757
0.20565,-0.033103,-0.019619
0.20229,-0.028199,-0.01984
0.18696,-0.030812,-0.02014
0.16115,-0.027982,-0.020462
0.11366,-0.033129,-0.021148
0.063556,-0.028634,-0.02206
0.10207,-0.028649,-0.023016
0.10955,-0.03019,-0.024212
0.13086,-0.028282,-0.02537
0.19256,-0.028387,-0.025854
0.22285,-0.03106,-0.026221
0.24604,-0.024131,-0.027338
0.25651,-0.020934,-0.027076
0.2494,-0.025594,-0.028362
0.19743,-0.015085,-0.028069
0.16639,-0.029144,-0.028733
0.12937,-0.0081494,-0.029749
0.065426,-0.030299,-0.028868
0.023545,-0.020469,-0.031331
-0.011605,-0.016157,-0.028429
-0.025067,-0.038854,-0.032557
-0.03292,0.018075,-0.029112
-0.057974,-0.068074,-0.032002
-0.041147,0.043463,-0.032254
-0.029555,-0.081274,-0.028287
-0.035911,0.040696,-0.039583
0.0018563,-0.083351,-0.014554
-0.038155,-1.6903,-0.18892
0.08674,-2.1531,-0.58659
0.1978,-1.8075,-0.93322
0.18696,-1.9858,-1.2683
0.50705,-1.8827,-1.5927
0.57136,-1.9333,-1.8869
0.56351,-1.9334,-2.175
0.75684,-1.9389,-2.4396
0.525,-1.9933,-2.7
0.4977,-1.9813,-2.9451
0.6039,-2.0056,-3.1777
0.44834,-1.9942,-3.3953
0.55491,-2.0391,-3.6019
0.65326,-2.0515,-3.802
0.61848,-2.0519,-3.9881
0.62521,-2.0512,-4.1614
0.61661,-2.0395,-4.3203
0.59343,-2.0249,-4.4661
0.53173,-1.9871,-4.5946
0.4517,-1.963,-4.7062
0.38028,-1.9385,-4.8052
0.31073,-1.9109,-4.8905
0.28306,-1.8858,-4.9634
0.32307,-1.853,-5.0245
0.30101,-1.8135,-5.0727
0.34364,-1.7715,-5.1077
0.35635,-1.7284,-5.1305
0.2322,-1.6829,-5.1414
0.17836,-1.6348,-5.1408
0.059817,-1.587,-5.1296
-0.076671,-1.5404,-5.1084
-0.15856,-1.4927,-5.0776
-0.26065,-1.4459,-5.038
-0.32758,-1.3924,-4.9897
-0.35114,-1.3373,-4.9328
-0.3474,-1.2775,-4.8666
-0.33731,-1.2118,-4.7915
-0.32571,-1.1561,-4.7081
-0.35339,-1.0925,-4.6173
-0.37246,-1.0395,-4.5208
-0.38854,-0.984,-4.4192
-0.42032,-0.90093,-4.3091
-0.43939,-0.84434,-4.1913
-0.45285,-0.78432,-4.0692
-0.42443,-0.70882,-3.9401
-0.40125,-0.65858,-3.8076
-0.32534,-0.57969,-3.6714
-0.29617,-0.49244,-3.5244
-0.31375,-0.4421,-3.3733
-0.25317,-0.37318,-3.2216
-0.28795,-0.28519,-3.063
-0.31263,-0.22617,-2.8989
-0.28869,-0.13171,-2.7309
-0.30141,-0.018287,-2.5515
-0.27785,0.050193,-2.366
-0.23971,0.15155,-2.1752
-0.19072,0.22997,-1.9794
-0.14211,0.33618,-1.7795
-0.08415,0.4048,-1.5736
-0.044138,0.49882,-1.369
-0.038903,0.63497,-1.1548
-0.012727,0.70275,-0.94634
-0.00038735,0.86974,-0.72708
-0.0048746,0.85602,-0.5103
0.015692,1.1127,-0.29183
0.013074,0.95749,-0.05816
0.050468,0.075184,0.01562
0.11254,0.032284,-0.012623
0.14769,0.10231,-0.0016641
0.21164,0.0022916,-0.0059119
0.18621,0.068608,-0.0043485
0.16938,0.0048334,-0.0031937
0.18322,0.04055,-0.0047084
0.12713,0.017216,-0.0013979
0.13685,0.01668,-0.0038986
0.13161,0.021644,-0.0012817
0.091601,0.0063367,-0.0019603
0.11965,0.022832,-0.0011992
0.14096,0.0028352,-0.00050183
0.13049,0.012256,-0.00098547
0.16751,0.007169,0.00011303
0.21388,-0.0019636,0.00048795
0.18247,0.0016467,0.0010203
0.14395,0.0054595,0.0013877
0.13647,0.0088861,0.0023025
0.12675,0.0063142,0.0035173
0.10992,0.0024603,0.0043271
0.1189,0.0040648,0.0052494
0.13909,0.0038212,0.0065016
0.13311,-0.00015655,0.0066928
0.13311,0.0081138,0.0075964
0.12039,-0.0038081,0.008185
0.087488,0.0053995,0.0082937
0.057947,0.00082944,0.0094672
0.04972,-0.00048646,0.0089161
0.036633,0.0059843,0.010776
0.0029781,-0.020345,0.0097559
0.00036053,0.014307,0.011338
0.02504,-0.020881,0.011061
0.041494,0.016706,0.010596
0.067669,-0.016536,0.013966
0.12713,-0.003017,0.0089948
0.12563,0.017314,0.016407
0.09908,-0.053299,0.0076826
0.089732,0.10032,0.017959
0.061686,-0.20428,0.0073227
0.051964,0.71273,0.031524
0.040372,2.223,0.33594
0.18097,1.9953,0.72626
0.22884,1.8864,1.0531
0.2408,1.9607,1.3935
0.44759,1.8705,1.7004
0.35859,1.9575,1.9957
0.44871,1.9006,2.274
0.61698,1.9592,2.5366
0.47227,1.9724,2.7923
0.63007,1.9851,3.0312
0.63456,1.9877,3.2592
0.54519,1.993,3.4703
0.64653,2.0284,3.6754
0.60951,2.0313,3.8702
0.58931,2.0345,4.0515
0.52387,2.0159,4.2197
0.47713,2.0172,4.3736
0.41468,1.9842,4.5123
0.3313,1.9454,4.632
0.29016,1.9255,4.7383
0.21762,1.8918,4.8322
0.20453,1.8755,4.9123
0.23931,1.8506,4.9808
0.32045,1.806,5.0362
0.3657,1.7685,5.0783
0.40721,1.7274,5.1079
0.38178,1.6733,5.1254
0.27932,1.6291,5.1316
0.19032,1.5877,5.1263
0.010831,1.5361,5.1107
-0.11743,1.492,5.0859
-0.24719,1.4441,5.0523
-0.3833,1.3928,5.0094
-0.40237,1.3437,4.958
-0.44126,1.284,4.8982
-0.40648,1.2218,4.8293
-0.35077,1.1553,4.7525
-0.35039,1.0965,4.6677
-0.31076,1.0474,4.5764
-0.29804,0.98561,4.4786
-0.29243,0.91751,4.3724
-0.32497,0.84977,4.2583
-0.35862,0.79248,4.1386
-0.32497,0.72746,4.0142
-0.34628,0.66495,3.8838
-0.3575,0.61061,3.7506
-0.33992,0.51851,3.6112
-0.37881,0.43982,3.4617
-0.38704,0.38931,3.3103
-0.40499,0.3143,3.1567
-0.45024,0.23313,2.9956
-0.45435,0.16979,2.8302
-0.44276,0.069076,2.659
-0.40835,-0.025414,2.4767
-0.34778,-0.10105,2.2902
-0.28084,-0.19722,2.0979
-0.18773,-0.27035,1.9023
-0.10135,-0.38163,1.7006
-0.047877,-0.44494,1.4959
-0.018336,-0.57333,1.2893
-0.036285,-0.66299,1.0752
-0.034416,-0.76395,0.86725
-0.068818,-0.9,0.64372
-0.12865,-0.89973,0.43292
-0.12005,-1.1912,0.20241
-0.11556,-0.73428,-0.004041
-0.028433,0.01187,-0.028006
0.047851,-0.11954,-0.0080377
0.1017,-0.076959,-0.019833
0.19518,-0.044432,-0.012574
0.19107,-0.082935,-0.017459
0.22398,-0.027071,-0.015221
0.23332,-0.065003,-0.016233
0.21425,-0.03067,-0.017452
0.24604,-0.048418,-0.015915
0.21238,-0.039277,-0.018119
0.21164,-0.034055,-0.017081
0.21388,-0.038044,-0.01831
0.19331,-0.02848,-0.018198
0.18322,-0.040398,-0.018603
0.16415,-0.032316,-0.019356
0.14545,-0.029365,-0.019716
0.087114,-0.030591,-0.019997
0.043737,-0.030475,-0.020335
0.025788,-0.027551,-0.021403
0.059069,-0.027547,-0.022524
0.087488,-0.031701,-0.023593
0.10319,-0.032874,-0.024526
0.15554,-0.023209,-0.025265
0.18284,-0.023183,-0.025419
0.1993,-0.026306,-0.026765
0.16751,-0.019269,-0.026664
0.1361,-0.031195,-0.027387
0.10095,-0.017207,-0.028051
0.026162,-0.027802,-0.027758
-0.011232,-0.017994,-0.029445
-0.026563,-0.014984,-0.027803
-0.054982,-0.027723,-0.030758
-0.04713,-0.00058768,-0.028598
-0.013475,-0.04555,-0.030705
0.033267,0.016875,-0.030533
0.079635,-0.051184,-0.028827
0.10544,0.01214,-0.034379
0.14208,-0.023682,-0.025295
0.11927,-0.051998,-0.040498
0.13797,0.11856,-0.015386
0.082253,-1.2642,-0.11179
0.10955,-2.2215,-0.48207
0.26287,-1.8302,-0.85036
0.1963,-1.9491,-1.1799
0.44161,-1.9127,-1.5141
0.60876,-1.9017,-1.8117
0.50929,-1.9491,-2.1045
0.73066,-1.9137,-2.3743
0.61624,-1.9857,-2.6356
0.49059,-1.9746,-2.8856
0.63045,-1.9999,-3.1217
0.5149,-1.9853,-3.3442
0.54706,-2.0146,-3.5521
0.62559,-2.0442,-3.7552
0.61773,-2.0403,-3.9451
0.61923,-2.0433,-4.1226
0.57772,-2.0286,-4.2858
0.56164,-2.0238,-4.4357
0.44236,-1.9891,-4.5703
0.347,-1.9556,-4.687
0.28941,-1.9345,-4.7895
0.21164,-1.9067,-4.8784
0.20154,-1.8842,-4.9554
0.23108,-1.8583,-5.0208
0.2696,-1.8187,-5.074
0.32456,-1.7744,-5.1139
0.34438,-1.7298,-5.1407
0.27969,-1.6856,-5.1555
0.21014,-1.6387,-5.159
0.13199,-1.5891,-5.1516
-0.0045007,-1.5476,-5.1336
-0.13575,-1.496,-5.1055
-0.22886,-1.4445,-5.0684
-0.32721,-1.3983,-5.023
-0.35413,-1.3381,-4.9693
-0.34778,-1.2854,-4.9061
-0.34927,-1.2278,-4.8343
-0.31786,-1.1605,-4.7543
-0.34105,-1.1043,-4.6661
-0.35114,-1.0497,-4.5717
-0.35226,-0.99106,-4.4719
-0.38442,-0.92733,-4.365
-0.37806,-0.8576,-4.25
-0.37208,-0.78948,-4.1295
-0.34478,-0.72195,-4.0024
-0.33918,-0.66618,-3.8704
-0.313,-0.60387,-3.737
-0.25616,-0.50912,-3.5935
-0.29729,-0.44125,-3.4419
-0.28795,-0.38905,-3.2907
-0.29131,-0.30717,-3.1346
-0.35488,-0.2343,-2.9716
-0.37806,-0.15922,-2.8056
-0.3904,-0.053318,-2.6305
-0.32646,0.032651,-2.4458
-0.28421,0.128,-2.2568
-0.22699,0.20869,-2.0612
-0.12005,0.29868,-1.8633
-0.06807,0.3961,-1.6578
-0.012353,0.4562,-1.4535
-0.013475,0.60556,-1.2428
-0.0052485,0.65959,-1.0303
0.02878,0.818,-0.81858
-0.020954,0.88119,-0.59427
-0.024693,0.96842,-0.38469
-0.022076,1.1589,-0.1423
-0.025441,0.39684,0.011349
0.04972,-0.05728,-0.0040073
0.097584,0.13475,-0.0072578
0.15629,0.016804,-0.0016003
0.17611,0.050849,-0.0067254
0.15928,0.028805,-0.0013229
0.20079,0.016474,-0.0050008
0.1877,0.039047,-0.0015329
0.19556,0.0064605,-0.0029163
0.23295,0.024287,-0.0022264
0.21425,0.0039899,-0.0011167
0.21949,0.013898,-0.0014804
0.23669,0.0082187,-3.6934e-05
0.23632,0.0055232,-0.00050558
0.21089,0.0069291,0.00050669
0.20528,0.0071765,0.00085162
0.19705,0.0087361,0.0012903
0.13722,0.0030788,0.0015565
0.10058,0.011439,0.0021226
0.072157,0.0093847,0.0032736
0.073278,0.010037,0.0043233
0.092723,0.0069178,0.0053394
0.11329,0.00082194,0.0065466
0.16527,0.001703,0.007079
0.19406,0.0023965,0.0075514
0.18621,-0.0021998,0.0086536
0.15854,-0.00043022,0.0083275
0.12526,0.0010844,0.0098009
0.077018,-0.0074859,0.0094972
0.041868,0.0081962,0.0103
0.016066,-0.017098,0.010708
-0.031424,0.0087061,0.010281
-0.038529,-0.0081719,0.01271
0.009335,-0.010789,0.0097146
0.019057,0.01193,0.014251
0.04972,-0.032473,0.01018
0.099828,0.0468,0.014146
0.1017,-0.068092,0.012808
0.1361,0.078899,0.010809
0.10544,-0.095224,0.019515
0.086366,0.14733,-0.0014541
0.1002,1.851,0.19491
0.20752,2.1981,0.59313
0.33279,1.8279,0.93376
0.27857,1.9806,1.2708
0.4532,1.8636,1.593
0.4547,1.9279,1.8885
0.33504,1.9213,2.1765
0.53098,1.9277,2.4417
0.43413,1.9719,2.7023
0.42964,1.9667,2.9468
0.56015,1.9814,3.1795
0.4603,1.9682,3.3962
0.55005,2.016,3.603
0.61362,2.0206,3.803
0.57959,2.0171,3.9891
0.60427,2.0216,4.1626
0.56314,1.9977,4.3219
0.50779,1.9658,4.4672
0.4431,1.9524,4.5943
0.32419,1.9295,4.7056
0.22285,1.888,4.8041
0.19705,1.8605,4.8895
0.18097,1.8337,4.9622
0.21238,1.8085,5.0224
0.258,1.7672,5.0702
0.31297,1.72,5.1049
0.3384,1.6875,5.1275
0.24155,1.6343,5.1383
0.17536,1.5793,5.1371
0.08674,1.5393,5.1253
-0.053113,1.4922,5.1038
-0.15819,1.4426,5.0726
-0.27037,1.3873,5.0323
-0.33469,1.3397,4.9838
-0.34815,1.2881,4.9265
-0.34665,1.2287,4.8602
-0.32347,1.1686,4.7855
-0.31412,1.1028,4.7022
-0.33693,1.0545,4.6121
-0.34441,0.99265,4.5161
-0.36124,0.92029,4.4124
-0.40162,0.85544,4.3003
-0.41209,0.79513,4.182
-0.39377,0.73238,4.0596
-0.3646,0.66133,3.9304
-0.34179,0.615,3.7979
-0.29206,0.53666,3.6621
-0.27261,0.44493,3.5156
-0.27897,0.39977,3.3649
-0.28308,0.33854,3.2131
-0.33805,0.24845,3.0543
-0.35376,0.18068,2.8899
-0.37806,0.099346,2.7223
-0.40499,-0.0081532,2.5434
-0.36834,-0.081769,2.3583
-0.3302,-0.17747,2.1687
-0.24008,-0.24962,1.9734
-0.14323,-0.35089,1.7746
-0.07854,-0.43205,1.5689
-0.016841,-0.51957,1.3647
-0.028433,-0.65366,1.151
-0.015345,-0.70965,0.9424
-0.016093,-0.88336,0.72499
-0.072557,-0.87564,0.50645
-0.023198,-1.0959,0.29133
-0.041894,-1.0299,0.053569
-0.008614,-0.14731,-0.036246
0.089358,-0.027476,-0.0076552
0.10282,-0.1356,-0.016593
0.1907,-0.023142,-0.014078
0.17013,-0.087276,-0.014186
0.15741,-0.029335,-0.016387
0.19182,-0.057378,-0.013954
0.14246,-0.042502,-0.017141
0.17686,-0.036514,-0.014827
0.19219,-0.047462,-0.016998
0.18135,-0.029455,-0.016428
0.23145,-0.045272,-0.016916
0.23893,-0.031749,-0.017737
0.2322,-0.035753,-0.017576
0.25239,-0.033864,-0.018344
0.22323,-0.029916,-0.01849
0.16115,-0.025612,-0.019004
0.10432,-0.028833,-0.019154
0.07627,-0.032379,-0.020177
0.055703,-0.027693,-0.021103
0.053834,-0.029987,-0.022101
0.098332,-0.033931,-0.023282
0.10207,-0.030876,-0.024204
0.11703,-0.02373,-0.024407
0.16265,-0.02935,-0.025336
0.15106,-0.02027,-0.025884
0.13722,-0.029245,-0.025906
0.10731,-0.021931,-0.027203
0.071783,-0.019127,-0.026525
0.032893,-0.029654,-0.028366
-0.011979,-0.0048278,-0.027308
0.0029781,-0.037977,-0.028632
-0.012353,-0.0029945,-0.028898
-0.00824,-0.033609,-0.027859
0.044859,-0.006035,-0.031639
0.074026,-0.015231,-0.026424
0.087862,-0.043653,-0.033896
0.094967,0.036599,-0.025914
0.066548,-0.12193,-0.03463
0.066922,0.1675,-0.026634
0.054208,-0.64241,-0.042729
0.028406,-2.1286,-0.33681
0.20864,-1.9598,-0.73256
0.2165,-1.8655,-1.0611
0.31447,-1.9631,-1.4013
0.61437,-1.865,-1.7091
0.54407,-1.9531,-2.0034
0.69813,-1.9016,-2.2821
0.74412,-1.9616,-2.5442
0.49321,-1.9722,-2.801
0.61511,-1.9768,-3.0406
0.54968,-1.9826,-3.2689
0.46404,-1.9886,-3.481
0.60502,-2.0314,-3.6866
0.58258,-2.0273,-3.8821
0.56875,-2.0341,-4.064
0.56912,-2.0207,-4.2323
0.52761,-2.0117,-4.3864
0.45245,-1.9885,-4.527
0.37579,-1.9492,-4.6493
0.30811,-1.9307,-4.7565
0.23931,-1.9034,-4.851
0.22211,-1.8727,-4.9317
0.22285,-1.8477,-5.0007
0.26361,-1.8113,-5.0579
0.32083,-1.7704,-5.1018
0.33915,-1.7277,-5.133
0.31484,-1.6825,-5.152
0.22996,-1.6365,-5.1591
0.12488,-1.5889,-5.1549
0.019057,-1.5445,-5.1404
-0.13014,-1.4939,-5.1159
-0.25167,-1.4422,-5.0817
-0.31337,-1.3949,-5.0393
-0.32871,-1.3414,-4.9886
-0.33057,-1.2843,-4.9287
-0.31188,-1.2254,-4.8597
-0.25691,-1.1631,-4.7819
-0.26476,-1.1034,-4.696
-0.27561,-1.0479,-4.6032
-0.29355,-0.99038,-4.5049
-0.34628,-0.92483,-4.4003
-0.37283,-0.85706,-4.2874
-0.38704,-0.79628,-4.1685
-0.37769,-0.72456,-4.0438
-0.38031,-0.66581,-3.9127
-0.35226,-0.61905,-3.7803
-0.30589,-0.52393,-3.6405
-0.30702,-0.44548,-3.4905
-0.30926,-0.4022,-3.3392
-0.3216,-0.32105,-3.1856
-0.33506,-0.23773,-3.0241
-0.36535,-0.17377,-2.8583
-0.35226,-0.069704,-2.6865
-0.30178,0.022577,-2.5033
-0.28757,0.10366,-2.3158
-0.20568,0.19923,-2.1219
-0.10883,0.27078,-1.9246
-0.064705,0.3809,-1.7212
-0.023572,0.43979,-1.5154
-0.0015092,0.56927,-1.3081
-0.012727,0.6556,-1.0929
-0.0018831,0.75936,-0.88438
-0.023945,0.88977,-0.66005
-0.039277,0.89534,-0.44849
-0.0041267,1.1863,-0.21608
-0.035538,0.69129,-0.012533
0.037754,-0.048691,0.0072627
0.12638,0.096508,-0.011494
0.18247,0.053413,0.00028924
0.23632,0.025925,-0.0069579
0.20864,0.058455,-0.0017353
0.25127,0.0095609,-0.0039811
0.20565,0.03944,-0.0024626
0.16415,0.00057826,-0.0016753
0.19256,0.024088,-0.0027851
0.15779,0.011259,-0.00038936
0.16788,0.0076451,-0.0015891
0.17088,0.014138,9.4286e-05
0.17985,0.0033825,-0.00024314
0.16788,0.0080275,0.00016177
0.16041,0.0040198,0.0011403
0.18247,0.0044622,0.0012153
0.13386,0.0024528,0.0015602
0.095715,0.0067904,0.0019801
0.082627,0.0029964,0.0028762
0.081505,0.00064199,0.0030486
0.084871,0.0014443,0.003566
0.095715,-0.003077,0.0043533
0.13984,-0.0023535,0.0040946
0.17088,-0.00017904,0.0039934
0.18172,-0.0038043,0.0043121
0.16863,-0.0017049,0.0043346
0.13872,-0.0025372,0.0042896
0.093471,-0.008813,0.0042709
0.05159,-0.0057276,0.0042821
0.009709,-0.0048503,0.0044171
-0.019832,-0.0067436,0.0044471
-0.0067443,-0.0057913,0.0043009
0.00036053,-0.0074034,0.0043758
0.031771,-0.011235,0.0042859
0.088984,-0.0044567,0.0043946
