0.054582,-0.0099115,-0.00050558
0.07814,-0.016802,-0.00067054
0.071409,-0.013934,-0.00055807
0.052712,-0.0026271,3.43e-05
0.05346,-0.0085543,0.00034173
0.056077,-0.01591,0.00050295
0.073278,-0.0053489,0.00097909
0.063556,-0.010695,0.00098659
0.050842,-0.011711,0.0014327
0.065426,-0.012018,0.0015265
0.056825,-0.012674,0.0014402
0.07627,-0.0033732,0.0022576
0.068043,-0.022576,0.0014777
0.050094,0.00043205,0.0026475
0.064304,-0.020277,0.0016127
0.040372,-0.017514,0.0023775
0.054956,-0.027873,0.0025275
0.062808,-0.02162,0.0011928
0.062434,0.012466,0.003821
0.074774,-0.04712,0.00012428
0.072157,0.043448,0.0050919
0.059817,-0.085169,-0.0010192
0.052712,0.064668,0.004927
0.069539,-0.1233,-7.4426e-05
0.06206,0.2969,0.0051594
0.11628,2.9669,0.16626
0.035511,3.6282,0.35465
0.0085872,2.6698,0.50734
0.21014,2.8611,0.67887
0.17237,2.7051,0.8143
0.22921,2.5597,0.94501
0.30961,2.5323,1.0603
0.1993,2.4038,1.1526
0.25838,2.3321,1.2377
0.16228,2.1946,1.3098
0.063556,2.1562,1.3743
0.12114,2.08,1.4226
0.04972,2.0244,1.4603
-0.0018831,1.9837,1.4876
0.043363,1.9219,1.5066
0.07814,1.8759,1.5187
0.015318,1.8004,1.5188
0.029528,1.7258,1.5092
0.070661,1.6603,1.4906
0.01644,1.5889,1.4636
0.031397,1.5095,1.4298
-0.00076128,1.4178,1.3895
-0.078166,1.3226,1.3404
-0.046756,1.2307,1.2832
0.0048478,1.1283,1.2215
0.0089611,1.0246,1.1539
0.039998,0.93023,1.0831
0.054208,0.8112,1.0077
-0.023572,0.69404,0.92616
-0.095368,0.57246,0.84099
-0.13687,0.46668,0.75468
-0.16268,0.32709,0.66459
-0.15258,0.20285,0.56643
-0.13874,0.09388,0.47109
-0.1279,-0.094849,0.36306
-0.077045,-0.18129,0.25363
-0.034042,-0.44611,0.1337
0.017188,-0.43622,0.014671
0.15068,-0.019089,-0.007809
0.17462,-0.030419,0.0064566
0.14807,-0.050757,-0.00026188
0.1705,-0.0084231,0.0035398
0.078888,-0.04697,0.0015865
0.030276,-0.011434,0.0020663
0.045981,-0.027749,0.0022463
0.01831,-0.015314,0.001354
0.052712,-0.014538,0.0025687
0.085245,-0.016292,0.0010878
0.066174,-0.016274,0.0017852
0.085992,-0.016712,0.0013165
0.11441,-0.0087605,0.001174
0.12713,-0.015689,0.0010391
0.15218,-0.012659,0.00064166
0.15667,-0.011524,0.00064541
0.15218,-0.0082469,0.0004842
0.13161,-0.0098102,0.00036423
0.094967,-0.0093454,-7.4426e-05
0.13685,-0.01122,-0.00018315
0.17649,-0.018114,-0.00043435
0.14283,-0.012105,-0.00061431
0.15181,-0.01053,-0.00050558
0.12488,-0.011797,-0.00046059
0.034763,-0.0070885,-0.00062555
0.045607,-0.0047378,-0.0006443
0.013448,-0.0058738,-0.00038561
-0.029181,-0.0083444,-0.00068179
0.003352,-0.005124,-0.00077927
0.023545,-0.0031408,-0.00052058
0.1275,-0.0068785,-0.00061056
0.094593,-0.0051427,-0.00059556
0.071035,-0.0028221,-0.00056182
0.14171,-0.0084793,-0.00049808
0.013822,-0.0087755,-0.00059181
0.030276,-0.0056526,-0.00059181
0.069539,-0.0027959,-0.00044559
-0.045634,-0.0073022,-0.00068554
-0.045634,-0.01456,-0.00055807
-0.061339,-0.0073134,-0.00041935
-0.05573,-0.0064661,-0.00049808
0.0070914,-0.0065936,-0.00047559
0.063556,-0.0024434,-0.0004006
0.10619,-0.0028558,-0.00038561
0.094219,-0.0082357,-0.00067054
0.074774,-0.0069385,-0.0004156
0.040372,-0.0053114,-0.00058431
0.061312,-0.015123,-0.0014354
0.088984,-0.0091579,-0.0015666
0.11666,-0.010541,-0.0020427
0.15517,-0.0074146,-0.0025076
0.14919,-0.0063087,-0.0023652
0.15405,-0.020472,-0.0032312
0.11591,-0.0048053,-0.00289
0.1002,-0.0073621,-0.003115
0.095341,-0.0015099,-0.0035986
0.074774,-0.0075646,-0.003175
0.080757,-0.0065824,-0.0043222
0.04972,0.0002446,-0.0028151
0.051216,-0.020064,-0.0046822
0.061686,0.0060781,-0.0029688
0.087488,-0.028349,-0.0036099
0.14919,0.01379,-0.0043035
0.15592,-0.025725,-0.002099
0.14732,-0.0035981,-0.0064818
0.11591,0.006468,0.0010016
0.057573,-0.056553,-0.0095298
0.011579,0.12794,0.0068315
-0.01011,-0.80998,-0.045612
0.0063435,-1.7749,-0.29302
0.043363,-1.6042,-0.5367
0.049346,-1.7072,-0.73391
0.042242,-1.789,-0.92869
0.13498,-1.8493,-1.0871
0.21238,-1.9601,-1.2348
0.20565,-1.9432,-1.3549
0.25389,-2.0003,-1.4539
0.24679,-2.0028,-1.538
0.1791,-2.0291,-1.6071
0.17536,-2.017,-1.664
0.15218,-1.9934,-1.7039
0.1361,-1.9751,-1.7338
0.18022,-1.9449,-1.7526
0.18022,-1.9274,-1.763
0.11965,-1.8756,-1.7641
0.10544,-1.8254,-1.7541
0.01644,-1.764,-1.7345
-0.086393,-1.695,-1.7051
-0.048625,-1.6305,-1.6695
-0.042642,-1.5462,-1.627
-0.038155,-1.4627,-1.575
0.017188,-1.3745,-1.5158
0.054956,-1.2811,-1.4509
0.043363,-1.1904,-1.3818
0.058695,-1.0825,-1.3067
0.081131,-0.9921,-1.2282
0.054208,-0.86582,-1.1469
0.029154,-0.74162,-1.0572
-0.06807,-0.6445,-0.96745
-0.14772,-0.51055,-0.87455
-0.18661,-0.39636,-0.77739
-0.20082,-0.25406,-0.67402
-0.14473,-0.15198,-0.5687
-0.10659,0.030604,-0.45707
-0.060965,0.16409,-0.33357
-0.03292,0.305,-0.21503
-0.011605,0.54693,-0.074184
0.009709,0.20776,0.0091898
-0.0089879,-0.0519,-0.00328
0.028406,0.058935,-0.0042435
0.069539,-0.0061025,-0.0017953
0.056451,0.016114,-0.0044722
0.058321,0.014952,-0.0017915
0.075148,-0.0027284,-0.0041535
0.062808,0.0065167,-0.0021852
0.077018,-0.0024135,-0.0029538
0.11142,0.01226,-0.0022414
0.094593,-0.0050228,-0.0022639
0.095715,0.00099815,-0.0025526
0.086366,0.002644,-0.0016903
0.062434,-0.0014162,-0.001994
0.096463,0.0028014,-0.0012892
0.13199,-0.0095403,-0.0013979
0.16415,-0.0076208,-0.0013266
0.19705,0.00017711,-0.0012292
0.23108,-0.010541,-0.0010492
0.22435,-0.0086855,-0.00047559
0.18696,-0.0049403,-0.00038186
0.17013,-0.0056301,-0.00013441
0.11666,-0.00118,9.8036e-05
0.10357,-0.0018061,-3.1919e-06
0.095341,-0.0020386,0.00016177
0.050094,-0.0061437,-4.4433e-05
0.023545,-0.0043854,-0.00017565
0.023919,-0.00075264,0.00019551
0.034389,-0.0038568,0.00012428
0.012327,-0.0040405,3.43e-05
0.057199,-0.0056339,5.3046e-05
0.076644,-0.0061662,0.00011678
0.031397,-0.0044042,3.43e-05
0.0127,-0.0026646,-7.8175e-05
-0.02058,-0.0017086,0.00050295
-0.041147,-0.00094384,0.0013653
-0.056478,0.00026709,0.0017027
-0.030302,-0.0036244,0.0022388
-0.030302,-0.0038831,0.0027899
-0.049747,0.0027302,0.0029549
-0.039277,-0.0046441,0.003761
-0.066574,-0.0037593,0.0038622
-0.042642,0.0010019,0.0048257
-0.030676,-0.0091804,0.0043646
-0.0089879,0.0092947,0.0051144
0.060565,-0.0090792,0.0054293
0.079261,0.0039786,0.004672
0.094219,-0.0063574,0.0069403
0.10058,-0.0090979,0.0041771
0.10955,0.013722,0.0077688
0.12077,-0.029972,0.0041321
0.12974,0.029843,0.0071277
0.14096,-0.069813,0.0063067
0.13834,0.062197,0.0038659
0.10619,-0.06897,0.012868
0.078514,0.081677,-0.008585
0.12488,1.6661,0.16202
0.18396,2.2435,0.52246
0.24903,2.074,0.82474
0.25913,2.3638,1.1145
0.30063,2.3994,1.3825
0.38477,2.5802,1.6168
0.3399,2.7228,1.8461
0.393,2.8305,2.0516
0.45918,2.9781,2.244
0.4345,3.0255,2.4142
0.49994,3.0445,2.5724
0.47751,2.989,2.719
0.436,2.9257,2.8529
0.44011,2.866,2.9728
0.38253,2.8137,3.0744
0.38514,2.7521,3.1651
0.35448,2.7039,3.2452
0.29016,2.6771,3.3134
0.28792,2.5966,3.3676
0.18583,2.4969,3.4101
0.097958,2.4174,3.4405
0.13386,2.3024,3.4607
-0.041147,2.2013,3.474
-0.24158,2.119,3.4782
-0.14921,2.0082,3.4732
-0.083028,1.8994,3.461
-0.26626,1.8086,3.443
-0.41583,1.7357,3.4188
-0.23186,1.641,3.3863
-0.049373,1.5337,3.3449
-0.0033789,1.4433,3.2954
-0.0018831,1.3517,3.2383
-0.1092,1.2755,3.175
-0.23522,1.1828,3.1063
-0.29468,1.0818,3.0306
-0.22886,1.0026,2.9463
-0.25691,0.91101,2.8562
-0.31001,0.83777,2.7615
-0.23859,0.77444,2.6606
-0.27972,0.70173,2.5568
-0.30814,0.61629,2.4478
-0.29131,0.52518,2.3304
-0.30365,0.47093,2.2124
-0.26027,0.38205,2.0909
-0.26327,0.29626,1.9611
-0.30627,0.22467,1.8292
-0.38255,0.12144,1.6901
-0.3646,0.027301,1.5444
-0.18736,-0.087501,1.3884
-0.024319,-0.15895,1.228
0.13909,-0.28601,1.0625
0.21837,-0.35483,0.88931
0.19705,-0.4573,0.71905
0.14956,-0.57964,0.53357
0.089732,-0.62512,0.35926
0.047851,-0.89073,0.16093
0.010831,-0.4919,-0.0032012
0.072531,0.041754,-0.010955
0.098706,-0.086755,0.0022801
0.063556,-0.043982,-0.0065605
0.1174,-0.034546,-0.00058806
0.20042,-0.045602,-0.0052145
0.31933,-0.015749,-0.0025939
0.40122,-0.04507,-0.0044872
0.42515,-0.010481,-0.0045547
0.36009,-0.03401,-0.0040635
0.21949,-0.026778,-0.0057132
0.1548,-0.01925,-0.0045884
0.077392,-0.02165,-0.0058819
0.031771,-0.016067,-0.0055032
0.046729,-0.019606,-0.0060693
0.062808,-0.014684,-0.0062905
0.068791,-0.01525,-0.0065492
0.013448,-0.013248,-0.0069541
-0.030676,-0.01429,-0.0071603
-0.066574,-0.013698,-0.0080227
-0.056104,-0.01555,-0.0079402
-0.046382,-0.015209,-0.0083188
-0.069566,-0.01483,-0.0090424
-0.077045,-0.013031,-0.008825
-0.097611,-0.015108,-0.0088512
-0.09088,-0.024139,-0.0091549
-0.054982,-0.01248,-0.0089937
0.022797,-0.0049965,-0.0088362
0.066548,-0.012367,-0.0091737
0.054208,-0.013934,-0.0098935
0.009335,-0.010271,-0.010471
-0.089385,-0.012401,-0.010984
-0.13575,-0.013537,-0.011659
-0.11182,-0.0061437,-0.011974
-0.053861,-0.0139,-0.012638
0.019057,-0.0090754,-0.012979
0.073278,-0.011539,-0.013268
0.10768,-0.0097765,-0.014407
0.14657,-0.0072722,-0.01371
0.20939,-0.017837,-0.015304
0.24566,0.0011631,-0.014452
0.26062,-0.023794,-0.015472
0.27932,0.0074127,-0.015956
0.25314,-0.0191,-0.014535
0.17723,-0.0036956,-0.017988
0.096463,0.00096066,-0.013163
0.066922,-0.038396,-0.019656
0.10469,0.047913,-0.012593
0.12077,-0.098223,-0.01966
0.126,0.13833,-0.014745
0.10394,-0.48147,-0.021955
0.04972,-1.904,-0.28298
0.11815,-1.8329,-0.654
0.097958,-1.6228,-0.96169
0.10656,-1.6973,-1.2759
0.34139,-1.6107,-1.5563
0.38888,-1.7113,-1.8233
0.41693,-1.7011,-2.0798
0.49022,-1.7561,-2.3174
0.37579,-1.7745,-2.5445
0.347,-1.7976,-2.7502
0.36158,-1.8375,-2.9447
0.31409,-1.8381,-3.1212
0.31222,-1.8563,-3.2826
0.33242,-1.8309,-3.4255
0.25501,-1.8243,-3.55
0.15517,-1.8142,-3.6617
0.19855,-1.7947,-3.7594
0.16564,-1.7726,-3.8448
0.15704,-1.7312,-3.9156
0.17686,-1.6851,-3.9712
0.079261,-1.6438,-4.0128
0.12638,-1.6009,-4.0424
0.13797,-1.557,-4.0618
0.085245,-1.5114,-4.0702
0.079261,-1.4627,-4.0674
-0.060591,-1.4208,-4.0554
-0.075549,-1.3732,-4.0354
0.053086,-1.3235,-4.0073
-0.066948,-1.2718,-3.9702
-0.15333,-1.2089,-3.9228
-0.10771,-1.1531,-3.8658
-0.095368,-1.1024,-3.8016
-0.053487,-1.0463,-3.7313
-0.068444,-0.98768,-3.6518
-0.044138,-0.9208,-3.5634
-0.075175,-0.86102,-3.4686
-0.10472,-0.80769,-3.3686
-0.10621,-0.73853,-3.2623
-0.12229,-0.6846,-3.1498
-0.084897,-0.62573,-3.0346
-0.10883,-0.5406,-2.912
-0.098359,-0.48787,-2.7837
-0.14847,-0.4254,-2.6546
-0.19147,-0.34444,-2.519
-0.26962,-0.26976,-2.3774
-0.35787,-0.19536,-2.2312
-0.28047,-0.10721,-2.0802
-0.27149,-0.00067391,-1.918
-0.19633,0.067089,-1.7505
-0.14473,0.18132,-1.5768
-0.11107,0.25649,-1.3964
0.015318,0.35455,-1.2148
0.031023,0.447,-1.023
0.10992,0.52191,-0.83502
0.13797,0.65413,-0.63254
0.11142,0.66668,-0.43785
0.11292,0.94183,-0.22898
0.021675,0.6659,-0.028347
0.022049,-0.017863,0.0066291
0.022049,0.053391,-0.015573
0.057947,0.056304,-0.0038236
0.126,0.0063667,-0.0101
0.073652,0.046132,-0.0063318
0.12563,0.00032708,-0.0071903
0.12675,0.033806,-0.0069616
0.091975,0.0019954,-0.0053645
0.15554,0.017816,-0.0069242
0.14246,0.014959,-0.0047684
0.17162,0.0080163,-0.0056419
0.17761,0.015188,-0.0042772
0.16302,0.0057856,-0.0044572
0.17312,0.011173,-0.004026
0.12189,0.0039974,-0.0032687
0.13161,0.0068316,-0.0034937
0.11628,0.0013356,-0.0026913
0.088236,0.004511,-0.0023502
0.054208,0.00018461,-0.0020915
-0.014971,0.0048596,-0.00064805
-0.036659,0.006438,0.00065666
-0.046008,-0.013274,0.0010728
-0.017215,-0.004198,0.0025312
-0.0048746,0.0014555,0.0029324
0.013074,0.0012306,0.003476
0.02878,-0.007066,0.0039297
0.0044739,0.0033563,0.0044096
-0.011232,-0.00057269,0.0056281
-0.035911,-0.0035644,0.0047582
-0.033668,0.0072215,0.0068465
-0.03479,-0.012547,0.0054069
-0.059096,0.011747,0.0071277
-0.076297,-0.018152,0.0072252
-0.068818,0.016358,0.0064679
-0.041147,-0.014058,0.0097859
-0.0033789,0.001583,0.0049195
0.020179,0.011409,0.012377
0.048972,-0.058427,0.0036185
0.07814,0.091443,0.014341
0.077392,-0.18312,0.0028424
0.10805,0.6573,0.029319
0.13834,2.0723,0.33626
0.2322,1.8529,0.72523
0.24791,1.7084,1.0565
0.2681,1.7743,1.4029
0.42478,1.6935,1.7132
0.32606,1.7831,2.0139
0.29989,1.7506,2.2986
0.39187,1.823,2.5681
0.32868,1.8369,2.8293
0.37318,1.8768,3.0733
0.44796,1.9198,3.311
0.46778,1.9208,3.5321
0.45096,1.9736,3.7409
0.53659,1.9986,3.9393
0.56089,2.0334,4.1282
0.50406,2.0456,4.3052
0.50817,2.0359,4.467
0.39524,2.046,4.6155
0.304,2.0535,4.751
0.12301,2.0398,4.8737
0.24492,2.0192,4.9796
0.48125,1.9919,5.0684
0.20341,1.9624,5.1439
0.17574,1.9379,5.208
0.29315,1.9077,5.2608
0.1533,1.8646,5.301
0.15368,1.8087,5.3274
0.10095,1.7636,5.3406
-0.067696,1.709,5.3423
-0.17576,1.6586,5.3337
-0.30963,1.628,5.3147
-0.2412,1.575,5.2851
-0.048999,1.5279,5.2467
-0.051243,1.4959,5.2001
-0.05573,1.4517,5.1464
-0.11107,1.3874,5.0858
-0.23746,1.3251,5.0154
-0.2528,1.2656,4.9359
-0.33244,1.1993,4.8487
-0.2169,1.1493,4.7545
-0.23821,1.0947,4.6552
-0.50034,1.0289,4.549
-0.27448,0.95688,4.4342
-0.24943,0.89261,4.3123
-0.20119,0.84084,4.1867
0.056825,0.77459,4.0554
-0.1997,0.72378,3.9199
-0.24606,0.66168,3.7833
-0.33618,0.57676,3.6379
-0.48912,0.52512,3.487
-0.16305,0.4618,3.3363
-0.096489,0.37846,3.1804
-0.088637,0.3104,3.0175
0.038128,0.2428,2.8519
0.00073447,0.13937,2.6796
0.0011084,0.043167,2.4964
0.053086,-0.037043,2.3101
0.069539,-0.12643,2.1164
-0.022076,-0.20122,1.9194
-0.12453,-0.30638,1.7171
-0.23933,-0.3752,1.5111
-0.30515,-0.49877,1.3017
-0.23223,-0.56156,1.0837
-0.071436,-0.65778,0.87047
0.09908,-0.78222,0.64099
0.16265,-0.79643,0.42562
0.14956,-1.0729,0.18925
0.094219,-0.63122,-0.0141
0.10282,0.027207,-0.031935
0.078514,-0.11069,-0.0138
0.063182,-0.072246,-0.025494
0.12675,-0.043713,-0.018235
0.077766,-0.069926,-0.023394
0.064678,-0.033808,-0.020732
0.051216,-0.066825,-0.022277
0.05346,-0.026981,-0.022971
0.13498,-0.045216,-0.02179
0.15592,-0.033107,-0.024069
0.16639,-0.037534,-0.022967
0.091975,-0.044586,-0.024496
-0.0059964,-0.027558,-0.023968
-0.071062,-0.034756,-0.024721
-0.10733,-0.026081,-0.025539
-0.039651,-0.027101,-0.025411
0.050842,-0.031978,-0.026405
0.13348,-0.034149,-0.027762
0.13199,-0.028454,-0.029033
0.10394,-0.026583,-0.029659
0.071409,-0.027172,-0.030979
0.009335,-0.02589,-0.031796
-0.0089879,-0.026032,-0.03288
-0.053861,-0.01991,-0.032981
-0.08041,-0.027892,-0.033764
-0.11893,-0.013612,-0.034154
-0.1451,-0.027104,-0.034143
-0.11219,-0.023835,-0.035909
-0.060965,-0.017709,-0.034241
0.039998,-0.026613,-0.037022
0.10319,-0.0045429,-0.034904
0.12713,-0.042382,-0.037285
0.1017,0.011604,-0.03682
0.026162,-0.049793,-0.035692
0.021301,0.011045,-0.040742
0.029902,-0.028094,-0.031871
0.024667,-0.041999,-0.047171
0.080383,0.093033,-0.0214
0.044485,-1.1978,-0.12459
0.068791,-2.0414,-0.49905
0.15629,-1.6589,-0.86761
0.070287,-1.7494,-1.2034
0.25913,-1.7018,-1.5435
0.43301,-1.6943,-1.8468
0.35411,-1.74,-2.147
0.47601,-1.7178,-2.4247
0.39449,-1.7845,-2.6949
0.27446,-1.7758,-2.9515
0.34588,-1.8312,-3.1964
0.29802,-1.8355,-3.433
0.32494,-1.8469,-3.6514
0.36158,-1.8781,-3.8602
0.40234,-1.9003,-4.0589
0.36906,-1.9266,-4.2495
0.30175,-1.9252,-4.4266
0.32382,-1.9307,-4.5895
0.20079,-1.9281,-4.7388
0.1907,-1.9249,-4.8733
0.1432,-1.9129,-4.9945
0.097958,-1.885,-5.0988
0.2423,-1.8644,-5.1869
0.23819,-1.854,-5.2624
0.34438,-1.8383,-5.3259
0.42927,-1.8131,-5.3777
0.30288,-1.7805,-5.4164
0.34251,-1.7405,-5.4407
0.35897,-1.699,-5.4511
0.13012,-1.6633,-5.4492
-0.0037528,-1.6348,-5.4372
-0.09275,-1.5908,-5.4149
-0.24868,-1.5481,-5.3821
-0.2169,-1.5125,-5.3398
-0.15595,-1.4656,-5.2894
-0.11145,-1.423,-5.2321
-0.035164,-1.37,-5.1665
-0.054982,-1.3148,-5.0919
-0.10397,-1.26,-5.0083
-0.14847,-1.2027,-4.9169
-0.15782,-1.1517,-4.8204
-0.15894,-1.0835,-4.7168
-0.17165,-1.0144,-4.6045
-0.2154,-0.95596,-4.4857
-0.25205,-0.90318,-4.362
-0.22699,-0.83748,-4.2338
-0.22737,-0.76923,-4.0992
-0.16455,-0.71978,-3.9616
-0.11033,-0.64327,-3.8198
-0.13762,-0.57468,-3.6705
-0.15632,-0.52447,-3.52
-0.24532,-0.44944,-3.3666
-0.29318,-0.37544,-3.2064
-0.23559,-0.30721,-3.041
-0.17838,-0.22724,-2.8718
-0.070688,-0.11775,-2.6933
0.020179,-0.040826,-2.5065
0.058695,0.046087,-2.316
0.078514,0.13654,-2.1177
0.068417,0.22069,-1.9181
0.075148,0.31844,-1.7111
0.054956,0.37696,-1.5033
0.010457,0.5164,-1.2888
-0.030676,0.55831,-1.0701
-0.065827,0.68889,-0.85238
-0.10322,0.76507,-0.62127
-0.061339,0.84772,-0.40666
0.055703,1.0567,-0.1609
0.11628,0.39212,0.0032961
0.20416,-0.060692,-0.0084501
0.25314,0.10938,-0.013886
0.2236,0.010479,-0.0067667
0.17088,0.03962,-0.012559
0.11815,0.030405,-0.0070291
0.11853,0.018559,-0.010538
0.073652,0.03087,-0.0071079
0.084123,0.0062318,-0.0081239
0.099828,0.023758,-0.0075615
0.06393,-0.00021653,-0.0063468
0.096837,0.017171,-0.0068454
0.094967,0.0073265,-0.005447
0.097958,0.004406,-0.0061143
0.10282,0.012369,-0.0047534
0.082627,0.0058231,-0.0044047
0.028406,0.0080313,-0.0042135
-0.033668,0.0012568,-0.0034374
-0.036285,0.0081288,-0.0028826
-0.041147,0.0041361,-0.0021777
0.013448,-0.0057576,-0.00097798
0.054956,-0.00016405,0.000278
0.079635,0.0042785,0.0011665
0.10058,0.0015268,0.0019651
0.056451,0.0068691,0.0023963
0.0127,0.0024115,0.0034948
-0.03479,-0.0090117,0.0031686
-0.057974,0.0044285,0.0041996
-0.063209,-0.0075758,0.0046345
-0.047877,0.0070978,0.004672
-0.036659,-0.0025709,0.0061942
0.0089611,-0.00098883,0.0048745
0.064304,0.0079676,0.0076076
0.081879,-0.014628,0.0052269
0.14545,0.026334,0.0082562
0.16564,-0.033804,0.0068015
0.13124,0.036925,0.0067153
0.088236,-0.035667,0.010528
0.043737,0.016909,0.0027337
-0.0045007,0.010734,0.01758
-0.011605,-0.093683,-0.0090762
0.021675,1.3044,0.10875
0.075896,2.0883,0.48266
0.19107,1.634,0.83736
0.16228,1.7186,1.1663
0.19855,1.6567,1.4968
0.26885,1.649,1.7933
0.10319,1.6851,2.0859
0.11927,1.671,2.3546
0.1346,1.7434,2.6185
0.05159,1.7148,2.8677
0.12339,1.7479,3.1005
0.1447,1.7606,3.3235
0.18097,1.7933,3.5363
0.24978,1.8169,3.7417
0.34438,1.8012,3.9302
0.34775,1.8066,4.106
0.29353,1.8042,4.2662
0.29428,1.7951,4.4125
0.1447,1.7783,4.5451
0.12825,1.7516,4.6579
0.13386,1.7308,4.7548
0.077766,1.7221,4.8391
0.16115,1.7032,4.9112
0.22585,1.6727,4.9712
0.29091,1.6363,5.0174
0.30811,1.6054,5.0485
0.35037,1.5733,5.0664
0.32868,1.5276,5.0729
0.21874,1.4986,5.0689
0.14582,1.4637,5.054
0.017188,1.4204,5.0279
-0.057974,1.3945,4.9926
-0.10322,1.3441,4.9504
-0.11107,1.2998,4.9003
-0.041894,1.2624,4.8408
-0.002257,1.2065,4.7717
-0.0089879,1.1562,4.6935
-0.029928,1.1058,4.6073
-0.063209,1.0552,4.5152
-0.16305,0.99477,4.4169
-0.21129,0.93505,4.3102
-0.23036,0.87601,4.1952
-0.29729,0.81269,4.0753
-0.27187,0.75545,3.9509
-0.22662,0.70691,3.8207
-0.22999,0.64805,3.6883
-0.20082,0.56922,3.5498
-0.15333,0.5058,3.4037
-0.15146,0.45353,3.2572
-0.19932,0.38527,3.1075
-0.23971,0.30704,2.95
-0.28533,0.24391,2.7895
-0.33731,0.15151,2.6234
-0.33431,0.061717,2.4468
-0.26813,-0.021084,2.2652
-0.20194,-0.11623,2.0756
-0.12341,-0.18936,1.8832
-0.028433,-0.29423,1.6841
0.013448,-0.35659,1.4825
0.044111,-0.47802,1.2774
0.03738,-0.54158,1.0637
0.018684,-0.64495,0.85456
0.023545,-0.75892,0.62925
0.042616,-0.78376,0.41843
0.065052,-1.0583,0.18398
0.078514,-0.58212,-0.01097
0.18359,0.037232,-0.022502
0.23781,-0.10716,-0.0064068
0.27147,-0.062116,-0.017309
0.34551,-0.048196,-0.010092
0.28343,-0.060028,-0.015555
0.23744,-0.024664,-0.012773
0.19892,-0.054064,-0.014576
0.13236,-0.024986,-0.015015
0.11254,-0.044249,-0.014198
0.072905,-0.030426,-0.016282
0.093097,-0.032825,-0.015236
0.10693,-0.033377,-0.016709
0.11591,-0.026141,-0.016263
0.1361,-0.030494,-0.016841
0.081505,-0.027326,-0.017534
0.074026,-0.022932,-0.017606
0.046729,-0.019989,-0.018003
-0.016467,-0.025871,-0.018532
-0.037781,-0.023607,-0.0193
-0.056852,-0.030797,-0.020087
-0.069192,-0.027611,-0.021516
-0.074801,-0.022272,-0.022386
-0.056104,-0.025492,-0.023256
-0.039277,-0.017391,-0.023732
-0.05573,-0.020765,-0.024298
-0.078914,-0.016648,-0.025153
-0.094994,-0.015824,-0.024714
-0.14136,-0.019179,-0.026172
-0.16492,-0.012303,-0.025756
-0.15071,-0.026748,-0.026978
-0.14959,-0.0065674,-0.027207
-0.10285,-0.029046,-0.026933
-0.035164,-0.0066086,-0.029037
0.026536,-0.012896,-0.02627
0.079635,-0.02598,-0.030799
0.12152,0.011998,-0.026322
0.12488,-0.056163,-0.031084
0.099828,0.045705,-0.028392
0.081505,-0.092648,-0.028324
0.05346,0.086251,-0.034758
0.035137,-0.20318,-0.017362
-0.0045007,-1.715,-0.22843
0.086366,-1.9271,-0.6246
0.12114,-1.6143,-0.95949
0.12077,-1.7515,-1.2945
0.35972,-1.6482,-1.6119
0.38365,-1.7126,-1.9059
0.39113,-1.6995,-2.1913
0.47414,-1.7323,-2.4553
0.29016,-1.7718,-2.7159
0.26062,-1.7569,-2.9566
0.29091,-1.7987,-3.1854
0.24529,-1.8134,-3.4034
0.31522,-1.8567,-3.6133
0.37916,-1.8566,-3.8128
0.41094,-1.8574,-3.9959
0.36645,-1.863,-4.1667
0.35523,-1.8528,-4.3222
0.28418,-1.8493,-4.4628
0.15667,-1.8287,-4.5879
0.12451,-1.8017,-4.6958
0.043363,-1.7847,-4.7878
0.039998,-1.7733,-4.8674
0.093471,-1.7566,-4.9357
0.16901,-1.7284,-4.9909
0.25726,-1.6932,-5.0322
0.28642,-1.6557,-5.0592
0.30175,-1.6215,-5.0726
0.2494,-1.5911,-5.0749
0.16041,-1.5534,-5.0669
0.065426,-1.5112,-5.0478
-0.015719,-1.4745,-5.018
-0.087515,-1.4389,-4.9799
-0.087515,-1.3977,-4.9341
-0.057226,-1.3513,-4.8802
-0.049747,-1.2987,-4.8172
0.020927,-1.2443,-4.7446
0.034389,-1.1905,-4.6634
0.017562,-1.139,-4.5747
-0.023572,-1.0904,-4.4798
-0.10509,-1.0354,-4.3793
-0.14921,-0.96583,-4.2711
-0.20755,-0.90047,-4.1547
-0.23971,-0.84542,-4.0335
-0.24345,-0.78015,-3.9066
-0.21241,-0.73088,-3.7756
-0.18474,-0.66807,-3.6423
-0.14473,-0.58279,-3.5009
-0.10621,-0.53243,-3.3548
-0.15295,-0.47466,-3.2087
-0.1537,-0.39127,-3.0566
-0.18586,-0.32121,-2.8974
-0.25317,-0.24547,-2.7356
-0.27,-0.14751,-2.5651
-0.28982,-0.066668,-2.3866
-0.23709,0.031688,-2.2018
-0.17539,0.11061,-2.0108
-0.10771,0.20683,-1.8173
-0.030302,0.29549,-1.6155
0.019431,0.3717,-1.4148
0.054208,0.49788,-1.2037
0.017562,0.53932,-0.9935
0.015692,0.69807,-0.77772
-0.01011,0.71714,-0.556
-0.019832,0.89253,-0.34473
0.038876,0.96768,-0.10345
0.047851,0.19271,0.012047
0.11927,-0.030786,-0.014258
0.20715,0.11493,-0.0088887
0.29615,-0.0034294,-0.0081051
0.3227,0.049604,-0.010332
0.27745,0.014033,-0.0063168
0.27521,0.027103,-0.0095411
0.22136,0.024804,-0.0058744
0.18172,0.0076901,-0.0078539
0.126,0.024343,-0.0060319
0.079261,0.0012643,-0.0060581
0.090854,0.014513,-0.0059344
0.085618,0.0068841,-0.0046484
0.12152,0.006423,-0.0051321
0.11254,0.011732,-0.0040785
0.092723,0.0087586,-0.0038086
0.092349,0.0057032,-0.0033212
0.041868,0.00339,-0.0031487
-0.0052485,0.0028989,-0.0024327
-0.041521,0.00081445,-0.0017616
-0.041894,0.0023928,-0.0010567
-0.019084,0.0027977,0.00040172
-0.012727,0.0049009,0.001324
-0.017962,0.003555,0.0022801
-0.0018831,0.00082194,0.0025275
-0.0048746,0.005482,0.0033636
-0.053861,-0.0018811,0.0037797
-0.096116,0.0019242,0.0039822
-0.14136,-0.0042542,0.0054219
-0.17614,-0.00034025,0.0044883
-0.20194,0.0072028,0.0064379
-0.20381,-0.014114,0.0056243
-0.17913,0.0087661,0.0067753
-0.12229,-0.020251,0.0069665
-0.042642,0.011852,0.0062729
-0.0074922,-0.014826,0.0095234
0.043737,-0.00061393,0.004867
0.063182,0.0070228,0.012058
0.059817,-0.058484,0.0036972
0.059069,0.09436,0.013475
0.031771,-0.17955,0.0037722
0.057199,0.61414,0.02428
0.057573,2.0189,0.31961
0.17723,1.8201,0.70619
0.24641,1.6644,1.03
0.23744,1.7416,1.3671
0.39374,1.6559,1.6725
0.28941,1.7348,1.9659
0.23706,1.6986,2.2429
0.30026,1.7683,2.505
0.17387,1.7824,2.7607
0.24679,1.7825,2.9959
0.30138,1.8252,3.2213
0.31185,1.8442,3.4356
0.38552,1.8636,3.6425
0.44722,1.8714,3.8357
0.49957,1.8858,4.014
0.43712,1.8812,4.1789
0.45993,1.876,4.3289
0.36794,1.8632,4.4648
0.21201,1.8345,4.5834
0.17349,1.8077,4.6845
0.081505,1.7934,4.7709
0.087114,1.7741,4.846
0.13573,1.7602,4.9087
0.20191,1.7324,4.9578
0.24903,1.6885,4.9925
0.28418,1.6563,5.0128
0.30774,1.623,5.0219
0.22622,1.5912,5.0202
0.16863,1.5341,5.0074
0.081505,1.4927,4.9839
0.011953,1.4765,4.9512
-0.062461,1.4328,4.9105
-0.1264,1.3938,4.8623
-0.074427,1.3492,4.8056
-0.060217,1.2926,4.7387
-0.03105,1.2401,4.6629
-0.0059964,1.1848,4.5789
-0.039277,1.1253,4.4883
-0.098733,1.0722,4.3922
-0.17128,1.0174,4.2882
-0.22026,0.94544,4.1755
-0.29169,0.88928,4.0569
-0.31113,0.82783,3.9344
-0.28458,0.766,3.8058
-0.26065,0.7155,3.6738
-0.22774,0.63351,3.538
-0.1825,0.56327,3.394
-0.13388,0.51637,3.2474
-0.16006,0.44721,3.0998
-0.19521,0.3612,2.9449
-0.22251,0.30066,2.7856
-0.27748,0.21813,2.6227
-0.33282,0.11716,2.45
-0.32571,0.031103,2.2715
-0.27673,-0.067024,2.0851
-0.23746,-0.13841,1.8949
-0.13014,-0.24664,1.699
-0.057226,-0.31336,1.4987
-0.023572,-0.42513,1.2971
-0.0052485,-0.51326,1.085
-0.013101,-0.59244,0.87825
-0.020954,-0.73489,0.65642
-0.048999,-0.74603,0.44505
-0.028433,-1.0283,0.21861
-0.029181,-0.70296,0.006093
0.059069,0.0048934,-0.027545
0.15554,-0.084123,-0.0051658
0.17798,-0.075954,-0.017332
0.28306,-0.027798,-0.010343
0.25875,-0.070364,-0.014854
0.23968,-0.022414,-0.01338
0.26062,-0.057681,-0.0138
0.19219,-0.02601,-0.015394
0.17312,-0.036833,-0.013755
0.12264,-0.036241,-0.016166
0.11965,-0.027948,-0.014996
0.1017,-0.031131,-0.016275
0.077392,-0.023509,-0.016188
0.12376,-0.029058,-0.016425
0.085992,-0.028319,-0.017302
0.09048,-0.02782,-0.017549
0.065426,-0.020041,-0.018055
0.0082132,-0.028312,-0.018363
-0.0056225,-0.031764,-0.019079
-0.046008,-0.022823,-0.01963
-0.043016,-0.02457,-0.020807
-0.046008,-0.022107,-0.021883
-0.02245,-0.015816,-0.022566
0.0082132,-0.023093,-0.023342
-0.011979,-0.026808,-0.023657
-0.019084,-0.016753,-0.024691
-0.036659,-0.0142,-0.024538
-0.078166,-0.026924,-0.025501
-0.12566,-0.013083,-0.026232
-0.14174,-0.021383,-0.025801
-0.14435,-0.012967,-0.027503
-0.16903,-0.014242,-0.026056
-0.14847,-0.024405,-0.028666
-0.084523,0.0055907,-0.0266
-0.063583,-0.039405,-0.028789
-0.0074922,0.017692,-0.028872
0.035511,-0.042614,-0.026967
0.028032,0.0061718,-0.032445
0.077766,-0.013061,-0.023237
0.044111,-0.049977,-0.038128
0.03925,0.11568,-0.014021
0.033641,-1.127,-0.10459
0.029154,-2.0495,-0.46653
0.16751,-1.664,-0.83071
0.14433,-1.7325,-1.1557
0.30138,-1.7173,-1.4876
0.49882,-1.707,-1.7837
0.41169,-1.7595,-2.0745
0.53509,-1.7439,-2.3425
0.50966,-1.8269,-2.6034
0.38253,-1.8085,-2.851
0.43749,-1.8431,-3.0806
0.38776,-1.8697,-3.3013
0.39674,-1.9037,-3.5112
0.42141,-1.9273,-3.7141
0.48162,-1.9212,-3.9004
0.52574,-1.9359,-4.0736
0.47526,-1.9265,-4.2328
0.46517,-1.9209,-4.3756
0.34588,-1.912,-4.5047
0.23893,-1.8875,-4.6175
0.18284,-1.8667,-4.7137
0.15442,-1.8528,-4.796
0.172,-1.8381,-4.8666
0.18808,-1.8107,-4.9248
0.25389,-1.7821,-4.9691
0.26735,-1.7484,-4.9993
0.28081,-1.707,-5.0154
0.27109,-1.6805,-5.0199
0.21612,-1.6458,-5.0147
0.14395,-1.599,-4.9984
0.048972,-1.5595,-4.9709
-0.0074922,-1.5234,-4.9349
-0.1107,-1.4825,-4.8912
-0.15183,-1.4353,-4.8392
-0.13837,-1.3869,-4.7786
-0.12267,-1.3302,-4.7084
-0.087141,-1.2697,-4.6289
-0.087141,-1.215,-4.542
-0.10023,-1.1627,-4.4489
-0.18436,-1.11,-4.35
-0.20979,-1.0458,-4.2445
-0.22924,-0.97487,-4.1301
-0.28645,-0.91622,-4.0098
-0.2872,-0.85173,-3.8857
-0.29804,-0.79233,-3.756
-0.27785,-0.73777,-3.6243
-0.28383,-0.65905,-3.4873
-0.23896,-0.58637,-3.3422
-0.20643,-0.53405,-3.1963
-0.24046,-0.45858,-3.0473
-0.23073,-0.37016,-2.8897
-0.29094,-0.30857,-2.7293
-0.3216,-0.21141,-2.5631
-0.3231,-0.11479,-2.3876
-0.29617,-0.024679,-2.2061
-0.23036,0.062268,-2.0179
-0.18063,0.14881,-1.8272
-0.097985,0.23925,-1.6282
-0.068818,0.31499,-1.4296
-0.024319,0.45869,-1.2225
-0.00076128,0.50672,-1.0128
-0.002631,0.6533,-0.80179
-0.0018831,0.70877,-0.57967
-0.0033789,0.82602,-0.37236
0.040746,1.0044,-0.13353
0.04112,0.31063,0.0085149
0.11666,-0.051979,-0.010298
0.18135,0.11465,-0.011221
0.22173,0.0064267,-0.0066917
0.29764,0.050406,-0.011089
0.27184,0.021618,-0.0060768
0.27707,0.01734,-0.0096798
0.25389,0.032302,-0.0061181
0.21126,0.003435,-0.0075428
0.20042,0.02416,-0.0066317
0.15779,0.0026102,-0.0059231
0.16826,0.015376,-0.0060731
0.14507,0.005482,-0.0047459
0.14208,0.0021678,-0.0053907
0.15143,0.0085037,-0.0043485
0.1103,0.0041961,-0.0038573
0.1174,0.0082637,-0.0034524
0.082253,0.0016842,-0.0033325
0.047851,0.0054295,-0.0027026
0.038876,0.010187,-0.0017016
0.013074,0.0075139,-0.00073053
0.003726,0.0045635,0.00039422
0.0018563,0.0046872,0.0013578
0.025414,-0.0032195,0.0022875
0.0022302,-0.0026009,0.002655
-0.017962,0.0060031,0.0037272
-0.029181,-0.0033432,0.0035398
-0.084897,0.0080875,0.0044358
-0.11593,-0.004003,0.0051632
-0.14622,0.0029289,0.0047695
-0.16268,0.0031538,0.0066703
-0.16492,-0.0089292,0.0049944
-0.15295,0.0080913,0.0077501
-0.13014,-0.023149,0.0059242
-0.092376,0.0061118,0.0076826
-0.040773,-0.032758,0.0082637
-0.016841,0.028685,0.0059542
0.0052217,-0.019933,0.011938
0.016066,-0.0049628,0.0027524
0.0127,0.03658,0.017149
0.043737,-0.15004,-0.0062081
0.055703,1.0981,0.077053
0.083001,2.1104,0.43369
0.21313,1.715,0.80104
0.21351,1.7482,1.1278
0.27745,1.7378,1.462
0.41618,1.7134,1.7603
0.29727,1.7782,2.0531
0.3298,1.7589,2.3234
0.3915,1.8412,2.5847
0.31559,1.8441,2.835
0.39225,1.8832,3.0694
0.42553,1.8976,3.292
0.42777,1.9119,3.5019
0.4547,1.9515,3.7066
0.51266,1.9726,3.8972
0.54481,1.9793,4.0741
0.47788,1.9753,4.2371
0.48573,1.9767,4.3856
0.39748,1.9683,4.5199
0.30998,1.9468,4.638
0.29577,1.9136,4.7387
0.24753,1.9075,4.824
0.26735,1.8983,4.8982
0.27782,1.8735,4.9601
0.34214,1.8484,5.0087
0.38402,1.8095,5.0437
0.39113,1.7705,5.0635
0.38926,1.7346,5.0708
0.3025,1.7033,5.068
0.21201,1.6649,5.0545
0.094967,1.619,5.0303
-0.027311,1.5709,4.9963
-0.15146,1.5322,4.9541
-0.18511,1.5028,4.9045
-0.19446,1.4509,4.8473
-0.23821,1.3951,4.7806
-0.18623,1.3355,4.7037
-0.19932,1.2732,4.6189
-0.25205,1.2291,4.5273
-0.28271,1.1717,4.4302
-0.32609,1.1052,4.3267
-0.34478,1.0348,4.2144
-0.38255,0.97094,4.0951
-0.40873,0.91935,3.972
-0.38667,0.84552,3.8439
-0.3646,0.78991,3.7115
-0.3575,0.72889,3.5767
-0.31375,0.64014,3.4341
-0.30216,0.58279,3.2862
-0.3317,0.52166,3.139
-0.34254,0.43423,2.9861
-0.37919,0.36336,2.8264
-0.41135,0.28386,2.6648
-0.402,0.18241,2.4946
-0.34927,0.096452,2.317
-0.2958,-0.0032645,2.1327
-0.23485,-0.080415,1.9428
-0.14136,-0.18805,1.7496
-0.087889,-0.2683,1.5497
-0.028807,-0.35738,1.3507
-0.01011,-0.48,1.1407
-0.025067,-0.53077,0.93394
0.0067175,-0.69904,0.71731
-0.0059964,-0.71428,0.50008
0.023171,-0.93874,0.28605
0.055329,-0.90507,0.051094
0.095715,-0.12934,-0.036141
0.19182,-0.019891,-0.0080264
0.2322,-0.1159,-0.017148
0.31783,-0.016367,-0.014456
0.31858,-0.07655,-0.014647
0.25726,-0.025597,-0.016863
0.2666,-0.050588,-0.014557
0.22435,-0.039532,-0.017808
0.19406,-0.029924,-0.015543
0.16639,-0.040743,-0.017662
0.1548,-0.024769,-0.017234
0.1447,-0.040653,-0.017729
0.12376,-0.031731,-0.018397
0.14844,-0.029196,-0.018123
0.12339,-0.025181,-0.018963
0.10805,-0.024435,-0.019255
0.091601,-0.02334,-0.019776
0.043737,-0.025571,-0.019926
0.022797,-0.027232,-0.020796
-0.011979,-0.024244,-0.021651
-0.010484,-0.025534,-0.022686
0.0014823,-0.025665,-0.023957
0.009335,-0.028413,-0.025078
0.02878,-0.019768,-0.02531
0.0052217,-0.021518,-0.025662
-0.043764,-0.020049,-0.026828
-0.079662,-0.01552,-0.026397
-0.11668,-0.022602,-0.027728
-0.15894,-0.011407,-0.027518
-0.15819,-0.028488,-0.028268
-0.16529,-0.0092067,-0.02919
-0.17315,-0.020919,-0.028163
-0.13127,-0.014268,-0.030799
-0.080036,-0.0098327,-0.027976
-0.037407,-0.035645,-0.032096
0.013448,0.015751,-0.028621
0.040372,-0.057696,-0.031462
0.044859,0.037648,-0.031931
0.050842,-0.073127,-0.027893
0.027658,0.04178,-0.038965
0.042242,-0.06888,-0.014396
0.018684,-1.5523,-0.18727
0.087488,-1.9863,-0.58075
0.17948,-1.6406,-0.92432
0.17349,-1.7981,-1.2575
0.41244,-1.7231,-1.5803
0.49583,-1.7823,-1.8737
0.47751,-1.7954,-2.1609
0.64466,-1.8163,-2.4241
0.54369,-1.8837,-2.6829
0.46143,-1.8848,-2.926
0.5048,-1.9274,-3.156
0.45357,-1.9391,-3.3727
0.46068,-1.9905,-3.5794
0.50779,-2.0097,-3.779
0.54893,-2.0188,-3.964
0.52387,-2.0276,-4.1358
0.50293,-2.0249,-4.2929
0.45096,-2.0238,-4.4359
0.34738,-2.0086,-4.5631
0.31185,-1.9945,-4.6745
0.26324,-1.9718,-4.7705
0.25239,-1.9537,-4.8515
0.26361,-1.9421,-4.9207
0.3298,-1.9228,-4.9789
0.42366,-1.8907,-5.0234
0.43375,-1.8496,-5.0535
0.44236,-1.8098,-5.0694
0.38776,-1.7731,-5.0728
0.28044,-1.7371,-5.0659
0.16041,-1.6977,-5.0491
0.040372,-1.6534,-5.0215
-0.082654,-1.6116,-4.9844
-0.1967,-1.5724,-4.94
-0.23634,-1.5282,-4.8879
-0.25429,-1.4737,-4.827
-0.22886,-1.4147,-4.7573
-0.22176,-1.3555,-4.6785
-0.23821,-1.2962,-4.5913
-0.24345,-1.2413,-4.4972
-0.31263,-1.1838,-4.3974
-0.34927,-1.1236,-4.2923
-0.36161,-1.0523,-4.1791
-0.38143,-0.98459,-4.0582
-0.38704,-0.92414,-3.9338
-0.39676,-0.85577,-3.8042
-0.38255,-0.80481,-3.6715
-0.36236,-0.73292,-3.5359
-0.34179,-0.64898,-3.3916
-0.34441,-0.59623,-3.2444
-0.35451,-0.52351,-3.0966
-0.36946,-0.43248,-2.9407
-0.40499,-0.36348,-2.7803
-0.40574,-0.2745,-2.6162
-0.38367,-0.1762,-2.4423
-0.32534,-0.079493,-2.2622
-0.2528,0.014821,-2.0748
-0.16903,0.096429,-1.8848
-0.088263,0.20831,-1.6875
-0.02058,0.2734,-1.4882
0.041494,0.40293,-1.2856
0.021301,0.47711,-1.0745
0.040746,0.58212,-0.86797
0.033267,0.70216,-0.6454
-0.00824,0.73661,-0.43757
0.04112,1.0284,-0.20744
0.056077,0.57536,-0.01305
0.12413,-0.050644,0.00022926
0.20939,0.090569,-0.016158
0.26773,0.038777,-0.0048509
0.33803,0.025787,-0.011911
0.32681,0.045986,-0.0065792
0.32083,0.0069366,-0.0091774
0.3025,0.039103,-0.007539
0.26212,-0.0025109,-0.0069654
0.24604,0.02287,-0.0074453
0.20528,0.010378,-0.005447
0.1877,0.0091335,-0.0068042
0.16228,0.014303,-0.005267
0.15405,-0.0012363,-0.0051958
0.16153,0.010041,-0.0046934
0.11292,0.0065654,-0.0041835
0.11067,0.007184,-0.0035649
0.084871,0.0048671,-0.0033699
0.026536,0.0076226,-0.0030513
0.029154,0.007214,-0.0020615
0.0070914,0.0055869,-0.0015553
-0.013849,0.0099958,-0.00027313
0.021301,0.0029701,0.00093035
0.037754,0.0010806,0.0018189
0.029902,-0.0033095,0.0021563
0.020179,0.0022803,0.002685
-0.035911,0.00058201,0.0037722
-0.08041,-0.00071515,0.0034123
-0.11743,0.0055982,0.004807
-0.1709,-0.012135,0.004537
-0.18997,0.0054107,0.0051369
-0.19297,-0.013199,0.0060105
-0.16978,0.0080575,0.0052456
-0.13463,-0.0061025,0.0078138
-0.075923,-0.010481,0.0050544
-0.019458,0.019293,0.0091448
0.022797,-0.051964,0.0056805
0.063182,0.03694,0.0086874
0.069539,-0.05382,0.0086274
0.078514,0.052228,0.004867
0.057573,-0.062855,0.015728
0.072157,0.058714,-0.0081239
0.09048,1.6022,0.16659
0.17798,2.037,0.55803
0.29203,1.6486,0.89883
0.25015,1.7961,1.2308
0.39075,1.71,1.5522
0.42403,1.7739,1.8443
0.31297,1.7952,2.13
0.44236,1.8154,2.3919
0.41693,1.8851,2.6501
0.39599,1.8769,2.8909
0.47638,1.9222,3.1179
0.44983,1.9382,3.3335
0.47489,1.9835,3.5399
0.51527,2.0022,3.7383
0.58146,2.0089,3.9203
0.54332,2.0181,4.0893
0.49508,2.0165,4.2436
0.48125,2.015,4.3839
0.33728,1.9936,4.5085
0.2782,1.9681,4.615
0.22585,1.9462,4.7061
0.19892,1.9352,4.7843
0.23295,1.9169,4.8508
0.29353,1.89,4.9056
0.37579,1.8482,4.946
0.3915,1.8086,4.9715
0.40384,1.7821,4.9848
0.34887,1.7279,4.9864
0.27483,1.6922,4.9772
0.14769,1.6656,4.9581
0.019057,1.6155,4.9284
-0.10584,1.5729,4.8899
-0.26738,1.5266,4.8446
-0.27187,1.4823,4.7917
-0.28383,1.435,4.73
-0.27972,1.3746,4.6586
-0.24233,1.3067,4.578
-0.26775,1.2517,4.4897
-0.27785,1.2046,4.3959
-0.34329,1.1384,4.2959
-0.36759,1.0709,4.188
-0.38367,1.006,4.0723
-0.41658,0.94305,3.9518
-0.39788,0.87587,3.8272
-0.40574,0.81239,3.6968
-0.40387,0.7533,3.5637
-0.38966,0.67146,3.425
-0.35189,0.60496,3.2793
-0.35002,0.55267,3.1336
-0.37358,0.46523,2.9843
-0.37881,0.39129,2.8275
-0.4278,0.32092,2.6687
-0.43116,0.21344,2.503
-0.42518,0.13002,2.3291
-0.37657,0.024909,2.1483
-0.27523,-0.056579,1.9606
-0.19857,-0.14729,1.7705
-0.093498,-0.2473,1.5724
-0.032546,-0.32337,1.3756
0.010831,-0.45722,1.1693
0.02878,-0.50221,0.96291
0.01457,-0.66113,0.75221
0.0089611,-0.70354,0.53335
0.0059696,-0.8655,0.32628
0.02504,-0.98826,0.088383
0.060191,-0.25247,-0.034061
0.15517,0.020201,-0.010085
0.2079,-0.12735,-0.01347
0.27745,-0.017567,-0.015195
0.34588,-0.069776,-0.012225
0.32494,-0.033961,-0.016233
0.36757,-0.042153,-0.013028
0.33504,-0.042325,-0.016575
0.2666,-0.028866,-0.014734
0.23669,-0.047244,-0.016312
0.18733,-0.020806,-0.016226
0.17499,-0.037208,-0.016267
0.13049,-0.027296,-0.017508
0.13834,-0.027281,-0.017013
0.13012,-0.026996,-0.017872
0.080757,-0.023985,-0.018142
0.083001,-0.024952,-0.018802
0.042989,-0.020169,-0.018712
0.022797,-0.02493,-0.019218
0.0078393,-0.022141,-0.020335
-0.0093619,-0.025159,-0.021025
-0.002631,-0.025414,-0.02218
0.0059696,-0.021282,-0.023323
0.03065,-0.022722,-0.023859
0.015318,-0.020341,-0.024065
-0.0097358,-0.023408,-0.025164
-0.048999,-0.013466,-0.025584
-0.098733,-0.019119,-0.025531
-0.13239,-0.017477,-0.026896
-0.16642,-0.009619,-0.026094
-0.1896,-0.02598,-0.028002
-0.19633,-0.0034032,-0.027282
-0.17801,-0.03275,-0.027927
-0.13538,-0.010594,-0.028947
-0.072183,-0.024881,-0.027091
-0.017962,-0.010151,-0.03114
0.051964,-0.0017424,-0.026289
0.077766,-0.0451,-0.033176
0.083749,0.039024,-0.026439
0.091228,-0.1047,-0.032628
0.092723,0.14034,-0.029209
0.10357,-0.46262,-0.032568
0.058321,-1.8999,-0.30108
0.17462,-1.8405,-0.69566
0.18845,-1.6776,-1.0224
0.21612,-1.8071,-1.3588
0.50555,-1.7264,-1.6666
0.49994,-1.821,-1.9579
0.5751,-1.7997,-2.2351
0.66784,-1.8676,-2.4943
0.51228,-1.8992,-2.7488
0.55528,-1.9096,-2.9833
0.53883,-1.9495,-3.2066
0.50069,-1.9745,-3.4174
0.52238,-2.0242,-3.6211
0.54743,-2.0269,-3.8138
0.59193,-2.0402,-3.9913
0.52948,-2.0461,-4.1555
0.51453,-2.0422,-4.3049
0.41394,-2.0349,-4.4399
0.29241,-2.0176,-4.5586
0.25053,-1.996,-4.661
0.2064,-1.977,-4.7481
0.21425,-1.9647,-4.8221
0.22958,-1.9448,-4.8848
0.3227,-1.9155,-4.9354
0.36084,-1.8783,-4.9719
0.37505,-1.8377,-4.9941
0.40272,-1.7985,-5.0032
0.31896,-1.7659,-5.0016
0.22809,-1.7271,-4.9903
0.10469,-1.6755,-4.9678
-0.032172,-1.6316,-4.9352
-0.16118,-1.5906,-4.8946
-0.2513,-1.5464,-4.8465
-0.27149,-1.4978,-4.7909
-0.28346,-1.4391,-4.7262
-0.29393,-1.3771,-4.6518
-0.28907,-1.319,-4.5693
-0.24719,-1.2652,-4.479
-0.29056,-1.2062,-4.3826
-0.36049,-1.1447,-4.2813
-0.35712,-1.0744,-4.1723
-0.3833,-1.0073,-4.0551
-0.39265,-0.94833,-3.9333
-0.39901,-0.87611,-3.807
-0.39452,-0.82097,-3.6759
-0.36199,-0.75897,-3.5431
-0.34553,-0.66876,-3.4032
-0.32497,-0.60762,-3.2567
-0.34142,-0.55162,-3.111
-0.35413,-0.45791,-2.9594
-0.39003,-0.38712,-2.8007
-0.41209,-0.31316,-2.64
-0.40387,-0.20782,-2.471
-0.40648,-0.117,-2.2946
-0.30776,-0.0185,-2.1107
-0.20904,0.062028,-1.9227
-0.12453,0.17794,-1.7293
-0.035911,0.2504,-1.53
0.022049,0.35877,-1.3309
0.047103,0.45982,-1.1206
0.045607,0.525,-0.91558
0.057199,0.69253,-0.69717
0.015692,0.69795,-0.48535
0.032519,0.97206,-0.2671
0.045607,0.77347,-0.045274
0.062808,0.014543,0.0087324
0.15667,0.038747,-0.017399
0.20715,0.072724,-0.0052708
0.30362,0.003555,-0.010715
0.3283,0.056873,-0.007824
0.31073,-0.0029796,-0.0077415
0.33765,0.035635,-0.0082626
0.304,0.011998,-0.0057957
0.27334,0.011803,-0.0079589
0.21575,0.016395,-0.0055257
0.20977,0.0096696,-0.0061856
0.19855,0.0075702,-0.0053233
0.14919,-0.0076583,-0.0050496
0.17798,0.010101,-0.0047009
0.129,0.0068241,-0.0040523
0.093097,0.0058906,-0.0035574
0.094967,8.4092e-06,-0.0030175
0.033641,0.0021828,-0.0031675
0.011579,0.013512,-0.0015853
0.014944,0.0069553,-0.00026938
0.021301,0.0056394,0.00026675
0.015318,0.0048184,0.0017102
0.031771,-0.0048203,0.0027
0.051964,0.0044247,0.0029287
0.022049,0.005317,0.0038884
0.0052217,0.0014593,0.0038622
-0.020954,0.0064117,0.0050844
-0.081532,-0.0049253,0.0047358
-0.14548,0.010502,0.0056206
-0.17651,-0.0066798,0.0063554
-0.19484,0.0070903,0.0055193
-0.21017,-0.0094016,0.0079038
-0.17502,-0.0052627,0.0053544
-0.12827,0.01671,0.0095309
-0.051991,-0.032316,0.0057218
0.013822,0.04674,0.0093172
0.03738,-0.060028,0.0085412
0.066548,0.06409,0.005853
0.072531,-0.069412,0.016088
0.097958,0.089175,-0.0073441
0.073278,1.6391,0.17604
0.15816,2.0374,0.57107
0.28231,1.6813,0.91462
0.2408,1.8341,1.2526
0.39823,1.7463,1.5765
0.44198,1.8123,1.8723
0.33803,1.8329,2.1618
0.47638,1.8494,2.4281
0.46741,1.9152,2.689
0.46404,1.9354,2.933
0.57249,1.9869,3.1688
0.54407,1.9915,3.3899
0.54519,2.029,3.5961
0.57959,2.0578,3.7962
0.64241,2.09,3.9851
0.62783,2.1039,4.163
0.59081,2.099,4.3258
0.58034,2.1069,4.475
0.47564,2.1017,4.611
0.41394,2.0865,4.7312
0.34251,2.0658,4.8348
0.32793,2.0421,4.9227
0.34775,2.0212,4.9966
0.37467,2.0107,5.0591
0.43189,1.9849,5.1108
0.43375,1.9393,5.1483
0.46105,1.8972,5.171
0.41805,1.8601,5.1812
0.33578,1.8251,5.1797
0.18845,1.781,5.1675
0.032519,1.7307,5.1454
-0.089385,1.6847,5.1131
-0.27561,1.6479,5.0716
-0.32983,1.6061,5.0223
-0.3646,1.5426,4.9661
-0.40162,1.4914,4.9025
-0.3762,1.441,4.8289
-0.37919,1.377,4.7461
-0.39115,1.3238,4.6557
-0.43902,1.2646,4.5592
-0.43939,1.2044,4.4571
-0.45098,1.1317,4.3476
-0.47417,1.0511,4.2306
-0.46856,0.99903,4.1074
-0.48015,0.92729,3.9808
-0.45397,0.8587,3.8488
-0.42929,0.81412,3.7134
-0.39751,0.72865,3.5747
-0.40611,0.64916,3.4278
-0.42556,0.60032,3.2782
-0.42443,0.52806,3.1282
-0.47828,0.43631,2.9709
-0.49099,0.37307,2.8092
-0.45397,0.28815,2.6449
-0.41247,0.1828,2.4702
-0.33731,0.095893,2.2893
-0.23933,-0.0082881,2.1018
-0.15894,-0.083763,1.9103
-0.075175,-0.19528,1.7138
-0.023198,-0.27277,1.5124
-0.013849,-0.38341,1.3104
0.00073447,-0.48205,1.0978
-0.013475,-0.5574,0.89048
-0.031424,-0.71621,0.6688
-0.010858,-0.72617,0.45571
0.045233,-1.0066,0.23315
0.069913,-0.76713,0.012489
0.14021,-0.023738,-0.034855
0.25389,-0.065378,-0.0096385
0.30175,-0.089409,-0.021771
0.3485,-0.028758,-0.015671
0.33092,-0.076591,-0.019229
0.29054,-0.025192,-0.018742
0.28867,-0.061153,-0.018295
0.24417,-0.032762,-0.020339
0.22323,-0.03915,-0.018468
0.20304,-0.03735,-0.02077
0.16863,-0.030711,-0.019791
0.17162,-0.03957,-0.021021
0.13872,-0.023865,-0.021089
0.10319,-0.033808,-0.021223
0.085618,-0.029125,-0.021928
0.050094,-0.024668,-0.022232
0.017936,-0.024413,-0.022787
-0.026563,-0.024893,-0.023004
-0.042268,-0.027914,-0.024609
-0.020206,-0.027614,-0.025456
0.016814,-0.033028,-0.026259
0.04972,-0.032323,-0.028103
0.056825,-0.01892,-0.028167
0.071409,-0.023952,-0.028767
0.041868,-0.017428,-0.029599
-0.032546,-0.022718,-0.029749
-0.072557,-0.02851,-0.031028
-0.11107,-0.021766,-0.030135
-0.16305,-0.026092,-0.032059
-0.16903,-0.0079545,-0.030968
-0.15221,-0.032987,-0.03195
-0.12865,0.00053327,-0.032895
-0.085271,-0.032664,-0.031489
-0.027685,-0.015985,-0.035448
0.040372,-0.0097465,-0.030113
0.080757,-0.042633,-0.037311
0.12189,0.03652,-0.029989
0.093097,-0.11464,-0.037442
0.098706,0.14909,-0.031969
0.085245,-0.51519,-0.040734
0.030276,-1.9243,-0.32211
0.1892,-1.8217,-0.719
0.17836,-1.7117,-1.0493
0.27483,-1.8341,-1.3908
0.5422,-1.7546,-1.7003
0.4891,-1.8572,-1.9954
0.61923,-1.8386,-2.2765
0.7,-1.908,-2.5394
0.56127,-1.9351,-2.7955
0.60464,-1.974,-3.0348
0.59679,-2.0136,-3.2667
0.55229,-2.0163,-3.4811
0.56089,-2.0667,-3.6851
0.60614,-2.0875,-3.8806
0.62708,-2.1159,-4.0657
0.59642,-2.1214,-4.2388
0.59978,-2.1272,-4.3967
0.52013,-2.1307,-4.5422
0.43151,-2.1156,-4.6721
0.36158,-2.1052,-4.7866
0.32195,-2.0826,-4.886
0.34588,-2.0552,-4.9696
0.35261,-2.0392,-5.0395
0.41842,-2.0243,-5.0985
0.50032,-1.995,-5.1463
0.54145,-1.9553,-5.1799
0.5164,-1.9136,-5.1996
0.44049,-1.8702,-5.2065
0.31596,-1.8319,-5.2017
0.14919,-1.7919,-5.1871
0.0011084,-1.7445,-5.1624
-0.17539,-1.6992,-5.1273
-0.29393,-1.6537,-5.0834
-0.35114,-1.61,-5.0324
-0.3934,-1.5595,-4.9741
-0.38442,-1.501,-4.907
-0.36049,-1.4442,-4.831
-0.34217,-1.3794,-4.7462
-0.37433,-1.3175,-4.6536
-0.41247,-1.2618,-4.5548
-0.44014,-1.2001,-4.4506
-0.46557,-1.1296,-4.3403
-0.47118,-1.0581,-4.2217
-0.46968,-0.99643,-4.0974
-0.45958,-0.9299,-3.9692
-0.45136,-0.86858,-3.8357
-0.4263,-0.81189,-3.7008
-0.44388,-0.72604,-3.5612
-0.44051,-0.64792,-3.4132
-0.43827,-0.5971,-3.2638
-0.5067,-0.51664,-3.1124
-0.49922,-0.42767,-2.9529
-0.50782,-0.36359,-2.7901
-0.488,-0.26729,-2.622
-0.37993,-0.17501,-2.4442
-0.27972,-0.075002,-2.2609
-0.15408,0.023256,-2.0706
-0.074427,0.10625,-1.878
-1.3407e-05,0.21417,-1.6775
0.037006,0.28216,-1.4763
0.032519,0.41887,-1.2697
0.030276,0.48118,-1.0567
0.0040999,0.607,-0.84708
0.0070914,0.70341,-0.62233
0.011579,0.77684,-0.41398
0.067295,1.0379,-0.17767
0.11404,0.46562,-0.0017765
0.1877,-0.063968,-0.0044272
0.29989,0.099245,-0.01458
0.34326,0.020545,-0.0055407
0.39823,0.035695,-0.011926
0.36981,0.035785,-0.0061031
0.32344,0.0095234,-0.0094773
0.30213,0.040396,-0.0065117
0.24492,-0.0037219,-0.0070441
0.2494,0.017606,-0.0072691
0.21911,0.010689,-0.0054882
0.19144,0.010899,-0.0063505
0.18396,0.0097221,-0.0047759
0.13647,0.0037274,-0.0051808
0.10357,0.0095346,-0.0045172
0.072157,0.0063817,-0.0041498
0.042616,0.0050508,-0.0035799
-0.00038735,0.0016692,-0.0031712
-0.017215,0.007184,-0.0025414
-0.026937,0.0065429,-0.0012479
-0.021328,0.0055232,-0.00050933
0.028406,0.006438,0.00067166
0.05346,0.0074727,0.0021263
0.083749,0.001733,0.0025312
0.072531,0.0056507,0.0028874
0.024293,0.0045635,0.0040309
-0.024693,-0.010376,0.0037422
-0.10584,-0.0023947,0.0050019
-0.14847,-0.001285,0.0047433
-0.18063,0.009216,0.0056056
-0.19371,-0.0079058,0.0061979
-0.14735,0.0097071,0.0056468
-0.10359,-0.0049928,0.0079413
-0.053113,-0.0056751,0.0051482
0.013448,0.0070041,0.0096209
0.098706,-0.030269,0.0059317
0.13722,0.044978,0.0096734
0.1346,-0.064909,0.0082375
0.14956,0.069496,0.0063516
0.12787,-0.080445,0.015245
0.11666,0.11852,-0.006448
0.095715,1.6752,0.1856
0.18621,2.0187,0.58064
0.304,1.6732,0.92069
0.30213,1.8293,1.2571
0.46442,1.74,1.5777
0.48386,1.8144,1.8712
0.39075,1.8271,2.1578
0.48461,1.8498,2.4212
0.44572,1.9192,2.68
0.45357,1.9277,2.9224
0.53883,1.9682,3.154
0.53434,1.9781,3.3704
0.56127,2.0303,3.5756
0.59081,2.0563,3.7747
0.63979,2.0675,3.9603
0.6196,2.0786,4.1333
0.59081,2.0754,4.2911
0.53621,2.0717,4.4354
0.40907,2.0643,4.566
0.34476,2.0466,4.6803
0.26324,2.0188,4.7771
0.25239,1.9973,4.859
0.29689,1.9874,4.9288
0.36271,1.9559,4.9874
0.43189,1.9101,5.0336
0.4618,1.8864,5.065
0.50256,1.8476,5.0828
0.43002,1.8007,5.0885
0.30886,1.7623,5.083
0.17275,1.7213,5.0682
0.0040999,1.674,5.043
-0.16268,1.6253,5.0073
-0.29767,1.5899,4.9639
-0.35301,1.5407,4.9136
-0.38517,1.4844,4.8556
-0.36909,1.436,4.7886
-0.36161,1.3739,4.7129
-0.3474,1.3148,4.6287
-0.32908,1.2608,4.5377
-0.37769,1.1954,4.4415
-0.40237,1.1298,4.3378
-0.44799,1.0585,4.2258
-0.47716,0.9915,4.1066
-0.47791,0.93089,3.9835
-0.48389,0.86554,3.8557
-0.46519,0.80858,3.7226
-0.46183,0.73688,3.5874
-0.42817,0.65598,3.4449
-0.4364,0.59755,3.2963
-0.46744,0.53641,3.1486
-0.45996,0.44697,2.9956
-0.50296,0.37654,2.8358
-0.51156,0.30645,2.6745
-0.46631,0.19983,2.505
-0.40499,0.11553,2.3275
-0.31524,0.013467,2.1431
-0.20344,-0.067429,1.9533
-0.067322,-0.16822,1.7607
-0.0052485,-0.25644,1.5603
0.028032,-0.34266,1.3615
0.055329,-0.47072,1.152
0.025414,-0.51668,0.94458
0.0127,-0.6844,0.72946
-0.013475,-0.70978,0.51121
-0.0097358,-0.91452,0.29979
0.022049,-0.9394,0.06263
0.078888,-0.16819,-0.036741
0.18957,-0.0014874,-0.0092411
0.28231,-0.12225,-0.017092
0.37542,-0.019052,-0.0156
0.39187,-0.076149,-0.014775
0.37093,-0.031536,-0.017632
0.37392,-0.051998,-0.014764
0.32681,-0.037853,-0.01822
0.26436,-0.030778,-0.015862
0.22248,-0.05707,-0.018048
0.21126,-0.027333,-0.017793
0.1791,-0.032975,-0.01804
0.12264,-0.026602,-0.018948
0.11628,-0.027209,-0.01858
0.10581,-0.026415,-0.019469
0.060565,-0.026748,-0.019746
0.03738,-0.023284,-0.020241
0.00073447,-0.021796,-0.02026
-0.025067,-0.027569,-0.021306
-0.021328,-0.02508,-0.022468
-0.0033789,-0.025155,-0.023338
0.036259,-0.02337,-0.024511
0.046729,-0.021743,-0.025513
0.071409,-0.020015,-0.025771
0.072157,-0.030718,-0.026888
0.037754,-0.022047,-0.027327
0.015692,-0.022639,-0.02726
-0.074053,-0.020386,-0.028628
-0.14473,-0.014744,-0.027852
-0.17464,-0.023138,-0.02967
-0.1967,-0.0053864,-0.028673
-0.15819,-0.033691,-0.029989
-0.11444,-0.002181,-0.030338
-0.065079,-0.032237,-0.028999
0.029154,-0.0054614,-0.032748
0.097958,-0.010286,-0.027844
0.12413,-0.04522,-0.035298
0.18247,0.04031,-0.027181
0.17424,-0.10623,-0.035639
0.15293,0.1525,-0.028309
0.129,-0.55801,-0.04226
0.088236,-1.9473,-0.33136
0.20453,-1.8113,-0.72469
0.19967,-1.7106,-1.0529
0.29839,-1.8224,-1.3928
0.55977,-1.747,-1.6995
0.53547,-1.8481,-1.9931
0.64914,-1.8236,-2.2714
0.72655,-1.8959,-2.5321
0.60165,-1.9253,-2.7866
0.65326,-1.9567,-3.0242
0.62035,-1.9874,-3.2519
0.57623,-1.9993,-3.4627
0.60053,-2.054,-3.6662
0.63755,-2.0689,-3.8607
0.66335,-2.087,-4.0423
0.61474,-2.0896,-4.2106
0.61624,-2.0911,-4.3645
0.48237,-2.0863,-4.5044
0.37056,-2.0747,-4.6292
0.33877,-2.0573,-4.7395
0.261,-2.0277,-4.8328
0.258,-2.0096,-4.9114
0.2666,-1.9922,-4.9786
0.35074,-1.9688,-5.0343
0.4102,-1.9362,-5.0774
0.43151,-1.89,-5.1061
0.43076,-1.8469,-5.1204
0.34551,-1.8093,-5.1228
0.24566,-1.7697,-5.1151
0.09908,-1.725,-5.0969
-0.056104,-1.6761,-5.0682
-0.23372,-1.6325,-5.0303
-0.33992,-1.5885,-4.9844
-0.37059,-1.5425,-4.9315
-0.40574,-1.488,-4.8709
-0.38031,-1.4259,-4.8008
-0.36273,-1.3681,-4.7221
-0.34404,-1.3082,-4.6357
-0.33319,-1.2518,-4.5424
-0.35339,-1.1971,-4.4435
-0.37507,-1.1285,-4.3386
-0.39377,-1.0536,-4.2253
-0.41284,-0.99653,-4.1048
-0.42593,-0.93185,-3.9803
-0.4106,-0.85867,-3.8506
-0.40985,-0.80787,-3.7174
-0.39601,-0.73437,-3.5813
-0.3919,-0.6506,-3.4373
-0.40648,-0.59724,-3.2895
-0.41658,-0.53264,-3.1415
-0.43827,-0.44128,-2.9862
-0.44612,-0.37089,-2.825
-0.44201,-0.28713,-2.6616
-0.38891,-0.18919,-2.4891
-0.32347,-0.10117,-2.3095
-0.22064,0.0045222,-2.1227
-0.095368,0.079304,-1.9321
-0.03479,0.18854,-1.7361
0.050094,0.25823,-1.5351
0.10319,0.3726,-1.3336
0.087862,0.47439,-1.1211
0.084871,0.54697,-0.91407
0.040372,0.70254,-0.69293
0.020927,0.70593,-0.48029
0.055329,0.98997,-0.25841
0.048225,0.74462,-0.038695
0.10207,0.0010806,0.0077201
0.20378,0.046815,-0.017557
0.2782,0.060769,-0.0049408
0.34738,0.0027077,-0.010988
0.36158,0.052142,-0.0073591
0.34476,0.0008032,-0.0078127
0.31484,0.039313,-0.0081539
0.28081,0.0075552,-0.0058744
0.25987,0.016317,-0.007749
0.21537,0.018135,-0.0052333
0.16415,0.0086461,-0.0061968
0.15218,0.017475,-0.0049371
0.15031,0.0062243,-0.0046597
0.11853,0.011522,-0.0047046
0.078514,0.0064755,-0.0037786
0.045233,0.0076451,-0.0033812
0.017936,0.004316,-0.00304
-0.016841,0.0062093,-0.0027738
-0.030676,0.0043573,-0.0018103
-0.0011352,0.0011556,-0.00068929
0.01831,0.0068841,0.00040547
0.048972,0.0061006,0.001339
0.084497,0.003525,0.0024488
0.087488,0.0037724,0.00249
0.090106,0.0067229,0.0036372
0.057573,-0.0024997,0.0041284
0.003726,0.0064455,0.0042521
-0.060965,-0.0037406,0.0053956
-0.12042,-0.0003215,0.0047095
-0.13725,0.0033,0.0066328
-0.14959,-0.0091354,0.0054219
-0.13463,0.014262,0.0074614
-0.079662,-0.023393,0.0068053
-0.030302,0.022154,0.0070452
0.033267,-0.020379,0.0092872
0.11927,0.0076414,0.0053019
0.12974,0.0012831,0.01256
0.14283,-0.036499,0.0030824
0.15704,0.079521,0.015755
0.12862,-0.185,-0.00038936
0.11853,0.82474,0.043701
0.11778,2.0698,0.36942
0.26698,1.7719,0.75014
0.30362,1.7444,1.0759
0.33354,1.783,1.4142
0.49807,1.7543,1.7156
0.39599,1.8235,2.009
0.43301,1.7857,2.2829
0.52687,1.8997,2.5435
0.46105,1.9045,2.7955
0.5493,1.9403,3.0312
0.57548,1.961,3.2564
0.56314,1.9849,3.4653
0.57062,2.0397,3.6688
0.60651,2.0391,3.8615
0.63905,2.0606,4.041
0.59604,2.0581,4.2064
0.58744,2.0572,4.3573
0.47713,2.0593,4.496
0.37617,2.0345,4.6177
0.31447,2.0113,4.7227
0.258,1.9862,4.8127
0.258,1.96,4.8887
0.27147,1.9481,4.9542
0.35298,1.9153,5.0078
0.37542,1.8779,5.0468
0.39898,1.839,5.0715
0.39113,1.781,5.0831
0.32195,1.7511,5.0831
0.23108,1.7217,5.073
0.050468,1.6624,5.0526
-0.072931,1.6112,5.0214
-0.24906,1.5756,4.9817
-0.37694,1.535,4.9347
-0.38218,1.4829,4.8801
-0.4106,1.4271,4.8174
-0.3762,1.3712,4.7451
-0.36423,1.3081,4.6639
-0.34105,1.2503,4.5747
-0.32983,1.1991,4.4802
-0.36647,1.1331,4.3797
-0.39452,1.0658,4.2712
-0.42032,1.0016,4.1553
-0.42742,0.94189,4.0343
-0.44575,0.87372,3.9095
-0.43341,0.80274,3.7787
-0.42593,0.74823,3.6446
-0.39639,0.67116,3.5059
-0.38031,0.59976,3.3597
-0.41097,0.55166,3.2123
-0.41583,0.47196,3.0629
-0.43715,0.38745,2.9055
-0.44612,0.32464,2.7449
-0.43827,0.22732,2.5798
-0.3762,0.13759,2.4046
-0.28159,0.045203,2.2241
-0.20867,-0.050723,2.0359
-0.081906,-0.12964,1.8453
0.0029781,-0.23741,1.6477
0.040372,-0.30118,1.4486
0.087114,-0.43368,1.2446
0.077018,-0.50005,1.0334
0.058695,-0.61943,0.82541
0.013074,-0.7246,0.60242
-0.0015092,-0.78686,0.39517
0.02504,-1.0508,0.16031
0.045607,-0.50661,-0.019724
0.14582,0.041469,-0.020642
0.22622,-0.11894,-0.0091099
0.29128,-0.046037,-0.018423
0.35298,-0.058499,-0.011704
0.35448,-0.06275,-0.017231
0.35448,-0.027191,-0.01386
0.31896,-0.058454,-0.016421
0.26773,-0.021833,-0.016136
0.24641,-0.044833,-0.015858
0.20528,-0.03127,-0.017587
0.1548,-0.031465,-0.016518
0.13273,-0.044983,-0.0181
0.12039,-0.031255,-0.017808
0.092723,-0.023832,-0.018404
0.060191,-0.025995,-0.018757
0.044111,-0.024555,-0.019154
0.01831,-0.020551,-0.019383
-0.014223,-0.025132,-0.019844
-0.028059,-0.024398,-0.021066
-0.019084,-0.023539,-0.021955
0.019057,-0.022527,-0.023091
0.042989,-0.024004,-0.024279
0.052338,-0.017271,-0.024935
0.080383,-0.019063,-0.0251
0.064304,-0.0215,-0.026266
0.01457,-0.01672,-0.026191
-0.011605,-0.025953,-0.027158
-0.061339,-0.010399,-0.02735
-0.12042,-0.02493,-0.02747
-0.13014,-0.014781,-0.028771
-0.12117,-0.019723,-0.027552
-0.11219,-0.019681,-0.030401
-0.057974,-0.00067016,-0.027695
0.0082132,-0.039364,-0.031005
0.072905,0.019121,-0.029153
0.12713,-0.054948,-0.02949
0.15816,0.024737,-0.033052
0.18396,-0.043274,-0.025696
0.16489,-0.010305,-0.039913
0.15667,0.047032,-0.013088
0.093097,-1.3463,-0.14277
0.12376,-2.03,-0.52515
0.22921,-1.6578,-0.88023
0.21463,-1.8057,-1.2108
0.42216,-1.757,-1.5396
0.55117,-1.7911,-1.8342
0.54519,-1.8335,-2.1248
0.71645,-1.835,-2.391
0.657,-1.9127,-2.6505
0.58894,-1.9173,-2.8963
0.64279,-1.9653,-3.1294
0.59941,-1.9677,-3.349
0.60651,-2.0133,-3.555
0.61586,-2.044,-3.7565
0.6297,-2.0546,-3.9447
0.59492,-2.0719,-4.12
0.57585,-2.0659,-4.2811
0.5422,-2.0661,-4.4277
0.40421,-2.0502,-4.5597
0.33616,-2.0357,-4.676
0.26212,-2.01,-4.777
0.23145,-1.9834,-4.8619
0.24641,-1.9736,-4.9341
0.28343,-1.9511,-4.9961
0.35822,-1.9187,-5.0456
0.40272,-1.8818,-5.0812
0.43189,-1.8342,-5.1026
0.37355,-1.7908,-5.1106
0.28119,-1.7532,-5.1076
0.14732,-1.7091,-5.0945
0.0074654,-1.662,-5.071
-0.13314,-1.6176,-5.0377
-0.30403,-1.5751,-4.9961
-0.37806,-1.5325,-4.9475
-0.40948,-1.481,-4.8913
-0.39452,-1.4201,-4.826
-0.36946,-1.3581,-4.751
-0.36086,-1.2964,-4.6673
-0.3317,-1.2394,-4.5763
-0.34067,-1.185,-4.4796
-0.35039,-1.1257,-4.3774
-0.35488,-1.0547,-4.2681
-0.35152,-0.98717,-4.1503
-0.36685,-0.93153,-4.0278
-0.3732,-0.86114,-3.9011
-0.35002,-0.8039,-3.7695
-0.35712,-0.74329,-3.6358
-0.34815,-0.65708,-3.4953
-0.3575,-0.59785,-3.3483
-0.37919,-0.53819,-3.2013
-0.38928,-0.4561,-3.0496
-0.43266,-0.38582,-2.8901
-0.43715,-0.30641,-2.7282
-0.38667,-0.20111,-2.5585
-0.31412,-0.1187,-2.3803
-0.23335,-0.017683,-2.1962
-0.14697,0.057691,-2.0058
-0.031424,0.1476,-1.8131
0.050842,0.25153,-1.612
0.093097,0.33007,-1.4123
0.1088,0.46141,-1.2033
0.090854,0.50905,-0.99408
0.079261,0.66683,-0.78029
0.032519,0.70515,-0.5592
0.022423,0.87381,-0.3491
0.042989,0.97567,-0.10864
0.06206,0.22183,0.01214
0.14732,-0.035056,-0.012904
0.22697,0.11325,-0.0089749
0.28792,-0.0010788,-0.0072053
0.31933,0.053226,-0.009706
0.32569,0.016092,-0.0057844
0.31858,0.024999,-0.0089262
0.30998,0.027804,-0.005417
0.28904,0.0025577,-0.0073666
0.23706,0.022315,-0.0055932
0.21687,0.0038774,-0.0054807
0.18209,0.01352,-0.0050946
0.1447,0.0083725,-0.004146
0.11965,0.0075402,-0.0046372
0.089732,0.0089985,-0.0035162
0.073278,0.0084849,-0.0033549
0.028406,0.0066966,-0.0026351
0.0078393,0.0036862,-0.0026688
-0.019832,0.008155,-0.001814
-0.036285,0.007304,-0.00031812
0.016814,0.0043085,0.0004992
0.029902,0.0069591,0.0017252
0.066922,0.00357,0.0029174
0.10282,-0.0010488,0.0029174
0.091601,0.0029851,0.0039672
0.081505,-0.0040968,0.0043721
0.037754,0.0065429,0.0047545
-0.0011352,-0.0010601,0.0056655
-0.0576,0.0034837,0.0053206
-0.10172,0.0027489,0.0072289
-0.10621,-0.007096,0.0057555
-0.098359,0.013752,0.0080988
-0.05947,-0.018924,0.0067865
-0.020206,0.011184,0.0078888
0.036633,-0.035172,0.0091523
0.09908,0.018457,0.0059167
0.13348,-0.011763,0.012879
0.17088,-0.020709,0.0031011
0.16452,0.066913,0.017194
0.15779,-0.17229,-0.0030138
0.1346,0.96211,0.059826
0.13573,2.1022,0.40328
0.27932,1.7505,0.77852
0.28194,1.7664,1.1068
0.34401,1.788,1.4455
0.4962,1.7567,1.7461
0.38514,1.8362,2.0407
0.436,1.818,2.3144
0.51041,1.897,2.5766
0.44909,1.9036,2.8284
0.56089,1.9546,3.0659
0.5751,1.9556,3.2932
0.5493,1.979,3.503
0.57735,2.0362,3.7068
0.61399,2.0387,3.9001
0.64054,2.0539,4.0822
0.58296,2.0586,4.2505
0.57585,2.0494,4.4036
0.47302,2.0425,4.5448
0.37505,2.0391,4.6696
0.347,2.0133,4.7776
0.2767,1.9843,4.8698
0.26511,1.9657,4.9474
0.27782,1.9502,5.0143
0.33728,1.9204,5.0702
0.39,1.8833,5.1125
0.41394,1.8418,5.1406
0.40758,1.7956,5.155
0.3384,1.7578,5.1578
0.21388,1.7146,5.1498
0.057947,1.6707,5.1313
-0.092002,1.6238,5.1024
-0.26214,1.5761,5.0638
-0.35787,1.5356,5.0179
-0.40648,1.4909,4.9657
-0.43528,1.436,4.9052
-0.40387,1.3783,4.8352
-0.36199,1.3171,4.7566
-0.35264,1.2532,4.6691
-0.3848,1.1999,4.5755
-0.35451,1.1378,4.4764
-0.36273,1.0711,4.3693
-0.41695,1.0076,4.2547
-0.41658,0.94556,4.1338
-0.43752,0.88787,4.0094
-0.42406,0.81585,3.8792
-0.4106,0.7606,3.7452
-0.40162,0.69367,3.609
-0.38704,0.60792,3.464
-0.41322,0.55827,3.3155
-0.4177,0.49723,3.1668
-0.4349,0.40772,3.0113
-0.46071,0.34184,2.8503
-0.43752,0.26213,2.6869
-0.38816,0.15882,2.5141
-0.32384,0.076481,2.3338
-0.20157,-0.026924,2.147
-0.086767,-0.099865,1.9552
-0.013475,-0.20804,1.7595
0.06393,-0.29371,1.5573
0.079635,-0.3748,1.3563
0.066922,-0.49191,1.144
0.064678,-0.54777,0.93538
0.020553,-0.71162,0.71687
-0.023198,-0.72382,0.49908
0.0040999,-0.95795,0.28322
0.024667,-0.89926,0.047435
0.092349,-0.11714,-0.036348
0.22472,-0.022531,-0.0079702
0.2666,-0.11435,-0.017684
0.32083,-0.021522,-0.014587
0.34775,-0.076445,-0.015124
0.31933,-0.027869,-0.016826
0.32606,-0.05382,-0.01482
0.27633,-0.03542,-0.018115
0.2408,-0.031581,-0.015765
0.215,-0.041846,-0.018003
0.16602,-0.024401,-0.017381
0.15629,-0.035334,-0.018033
0.13423,-0.023967,-0.018783
0.11217,-0.0304,-0.01843
0.068791,-0.028971,-0.019364
0.027284,-0.024938,-0.019784
0.0052217,-0.025665,-0.020091
-0.031798,-0.02532,-0.020234
-0.036285,-0.026193,-0.021595
-0.030676,-0.023959,-0.022884
0.0067175,-0.024679,-0.023555
0.035137,-0.026602,-0.024849
0.059443,-0.018834,-0.025737
0.10955,-0.021886,-0.025771
0.085992,-0.021117,-0.027023
0.051964,-0.016154,-0.026862
0.0089611,-0.023389,-0.027942
-0.03479,-0.01083,-0.028167
-0.079662,-0.026392,-0.028609
-0.12566,-0.0097053,-0.029637
-0.098733,-0.021912,-0.028339
-0.099107,-0.015835,-0.031185
-0.061339,-0.0049778,-0.028456
-0.0018831,-0.038813,-0.03204
0.060565,0.018217,-0.029382
0.13273,-0.059308,-0.031185
0.16863,0.033123,-0.032895
0.20341,-0.058341,-0.02717
0.17723,0.016973,-0.040314
0.16564,-0.018519,-0.014051
0.072157,-1.469,-0.16771
0.11329,-2.0069,-0.55877
0.22921,-1.6552,-0.90933
0.21388,-1.8203,-1.2438
0.44647,-1.7488,-1.5711
0.525,-1.8,-1.8666
0.55042,-1.8296,-2.1572
0.73291,-1.8399,-2.4233
0.6211,-1.9088,-2.684
0.60165,-1.916,-2.9296
0.63793,-1.9698,-3.1647
0.55753,-1.9651,-3.386
0.56987,-2.0064,-3.5927
0.5852,-2.0401,-3.794
0.62932,-2.0563,-3.9836
0.59492,-2.0671,-4.1613
0.5665,-2.0626,-4.3242
0.52836,-2.0673,-4.4738
0.40608,-2.0536,-4.6091
0.34588,-2.0411,-4.7292
0.27072,-2.0141,-4.8332
0.24604,-1.9818,-4.9203
0.24903,-1.9658,-4.9947
0.2868,-1.9474,-5.0581
0.34812,-1.919,-5.1099
0.3915,-1.8825,-5.1489
0.4173,-1.838,-5.1735
0.36532,-1.7924,-5.1844
0.29615,-1.7527,-5.1839
0.1548,-1.7122,-5.1733
0.020179,-1.6645,-5.1523
-0.13201,-1.6161,-5.1209
-0.29729,-1.5724,-5.0804
-0.3474,-1.5293,-5.0324
-0.38592,-1.4846,-4.9775
-0.40349,-1.4293,-4.9145
-0.37358,-1.3649,-4.842
-0.31973,-1.3049,-4.7607
-0.3115,-1.2472,-4.6715
-0.32459,-1.192,-4.5756
-0.32983,-1.1342,-4.4749
-0.37545,-1.0662,-4.3672
-0.37844,-0.99475,-4.2507
-0.36946,-0.93606,-4.1281
-0.37993,-0.87212,-4.0014
-0.39826,-0.80812,-3.8696
-0.37956,-0.75767,-3.7359
-0.34778,-0.67608,-3.5979
-0.38068,-0.60413,-3.4515
-0.37806,-0.555,-3.3032
-0.38704,-0.476,-3.1534
-0.43939,-0.39625,-2.9951
-0.43864,-0.33026,-2.8328
-0.38854,-0.23403,-2.6666
-0.31786,-0.13981,-2.4897
-0.23522,-0.051638,-2.3073
-0.13538,0.045836,-2.1175
-0.041894,0.12142,-1.9243
0.052338,0.23315,-1.7251
0.10132,0.29684,-1.5224
0.097584,0.41371,-1.3175
0.096089,0.49691,-1.1029
0.058321,0.58802,-0.89372
0.02878,0.72394,-0.66896
0.034015,0.744,-0.45754
0.050094,1.0323,-0.22839
0.071409,0.64552,-0.021231
0.13386,-0.038509,0.0040047
0.23145,0.077587,-0.016387
0.26548,0.043688,-0.004191
0.32569,0.011687,-0.011284
0.35074,0.054204,-0.0062081
0.304,0.0035887,-0.0081164
0.31409,0.038053,-0.0070816
0.28194,0.0088411,-0.0057544
0.24454,0.020013,-0.0071229
0.2049,0.0082825,-0.0048509
0.16788,0.007334,-0.0057619
0.15816,0.011735,-0.0043035
0.12226,0.0034425,-0.0045509
0.090106,0.010783,-0.0039098
0.043737,0.0036749,-0.0032537
0.046729,0.0086086,-0.0031262
0.023919,0.0034837,-0.0024776
-0.030676,0.0056507,-0.0021552
-0.015719,0.0072702,-0.0011767
0.009335,0.0036749,-0.00025439
0.02504,0.0064192,0.00091535
0.035885,-0.0016374,0.0020401
0.077392,-0.0048766,0.0030224
0.10918,0.0037874,0.0030936
0.090854,0.0033825,0.0040647
0.046729,-0.015685,0.004582
-0.010484,0.00018836,0.004612
-0.057974,0.0016167,0.0060217
-0.096489,-0.002301,0.0053806
-0.10733,0.001673,0.007079
-0.098733,-0.01438,0.005973
-0.081158,0.014022,0.0076676
-0.033294,-0.01907,0.0075739
0.022797,0.019878,0.0070377
0.088236,-0.015145,0.010086
0.16415,0.00085194,0.0054781
0.17312,0.016448,0.01292
0.17649,-0.048556,0.0041134
0.16041,0.089411,0.014637
0.11404,-0.18227,0.0031536
0.11516,0.67678,0.030091
0.11927,2.0381,0.33519
0.24118,1.8078,0.72135
0.28268,1.7108,1.0464
0.32419,1.7902,1.3841
0.45843,1.7164,1.6878
0.36233,1.8069,1.9807
0.39075,1.7833,2.2559
0.45133,1.8605,2.516
0.41057,1.8789,2.7697
0.49022,1.8986,3.0049
0.47377,1.9253,3.2295
0.49022,1.9492,3.4399
0.52612,1.9984,3.6448
0.55042,1.9918,3.8382
0.60951,1.9942,4.0169
0.55229,2.0045,4.1825
0.52948,1.9952,4.3334
0.44198,1.986,4.4712
0.31409,1.9702,4.5925
0.2494,1.9357,4.6959
0.19518,1.9127,4.7835
0.21351,1.8943,4.8589
0.22098,1.8733,4.9229
0.27969,1.8408,4.9748
0.32905,1.7966,5.0128
0.35635,1.751,5.0361
0.37019,1.715,5.0472
0.28755,1.6739,5.0477
0.19593,1.6242,5.0377
0.054956,1.5888,5.0169
-0.09088,1.5404,4.9859
-0.24158,1.4968,4.9464
-0.35488,1.4593,4.8997
-0.37171,1.404,4.846
-0.38293,1.3455,4.7832
-0.36049,1.2874,4.711
-0.32534,1.2314,4.63
-0.29692,1.1748,4.5416
-0.31599,1.1217,4.4482
-0.34329,1.059,4.3475
-0.35712,0.9882,4.2383
-0.39115,0.92589,4.122
-0.39414,0.8661,4.0014
-0.40873,0.80399,3.8759
-0.39527,0.74581,3.7448
-0.38928,0.68319,3.6114
-0.37507,0.6034,3.4707
-0.34067,0.5405,3.3243
-0.36498,0.48671,3.1785
-0.35039,0.4059,3.0273
-0.37545,0.33608,2.8692
-0.41022,0.27118,2.7092
-0.37283,0.17004,2.5416
-0.3489,0.086933,2.3656
-0.28234,-0.010058,2.1833
-0.17315,-0.094965,1.9939
-0.065827,-0.1837,1.802
0.010457,-0.27857,1.602
0.079261,-0.35097,1.4026
0.10619,-0.48125,1.1942
0.089732,-0.52724,0.98465
0.066922,-0.6823,0.77229
0.013074,-0.72959,0.55042
0.032145,-0.86936,0.34182
0.031771,-1.0096,0.10178
0.045981,-0.28695,-0.031387
0.15741,0.029296,-0.0099985
0.20565,-0.12823,-0.011198
0.26735,-0.019603,-0.014093
0.32083,-0.068175,-0.010516
0.3227,-0.03807,-0.01518
0.32157,-0.036991,-0.011461
0.2782,-0.044998,-0.014974
0.25165,-0.023667,-0.013283
0.21463,-0.043765,-0.01476
0.17312,-0.024458,-0.015019
0.15554,-0.029541,-0.014572
0.10207,-0.030898,-0.016012
0.096089,-0.03828,-0.015611
0.1017,-0.025024,-0.016623
0.062808,-0.025305,-0.016668
0.044485,-0.024529,-0.017081
0.012327,-0.016495,-0.017313
-0.008614,-0.025804,-0.017969
-0.011979,-0.019494,-0.019
-0.013101,-0.028499,-0.019945
0.0074654,-0.027768,-0.021261
0.032893,-0.01922,-0.022123
0.065052,-0.01696,-0.022783
0.060191,-0.016742,-0.023094
0.042616,-0.022433,-0.024133
0.029528,-0.016926,-0.024114
-0.017589,-0.024608,-0.025006
-0.049747,-0.010781,-0.025374
-0.08415,-0.020326,-0.025441
-0.10808,-0.0098965,-0.026956
-0.089011,-0.01185,-0.025333
-0.074801,-0.023614,-0.028189
-0.017962,0.0033413,-0.025846
0.032519,-0.039829,-0.028399
0.092723,0.015154,-0.027785
0.14694,-0.049955,-0.026825
0.15592,0.014892,-0.031612
0.20864,-0.026467,-0.022959
0.15667,-0.039555,-0.0379
0.13685,0.094641,-0.012473
0.10282,-1.2167,-0.11695
0.1017,-2.0481,-0.48688
0.22585,-1.6629,-0.84856
0.1907,-1.7762,-1.1764
0.37953,-1.7504,-1.5075
0.53023,-1.7612,-1.803
0.49583,-1.8123,-2.0936
0.66821,-1.802,-2.3605
0.64241,-1.8842,-2.6203
0.57922,-1.878,-2.8678
0.61063,-1.9166,-3.099
0.54668,-1.9287,-3.3185
0.53958,-1.9725,-3.5266
0.53434,-2.0045,-3.729
0.56875,-2.0016,-3.9171
0.56762,-2.0109,-4.0917
0.51228,-2.0061,-4.2523
0.47451,-2.0053,-4.3987
0.35261,-1.9893,-4.5303
0.27521,-1.9657,-4.646
0.20715,-1.9376,-4.7455
0.17499,-1.9159,-4.8295
0.2049,-1.9029,-4.9021
0.22398,-1.8779,-4.9637
0.29502,-1.84,-5.012
0.32232,-1.7982,-5.0462
0.32681,-1.7586,-5.0664
0.30325,-1.72,-5.0743
0.23968,-1.678,-5.0717
0.13348,-1.6329,-5.0588
-0.0093619,-1.5852,-5.0355
-0.11967,-1.5421,-5.0025
-0.2786,-1.5017,-4.9614
-0.35264,-1.4532,-4.9126
-0.35114,-1.4002,-4.8562
-0.38367,-1.3424,-4.7904
-0.36685,-1.2836,-4.7151
-0.33057,-1.2257,-4.6319
-0.31861,-1.1691,-4.5412
-0.34254,-1.1171,-4.4452
-0.33768,-1.0549,-4.3436
-0.3302,-0.98051,-4.2333
-0.34441,-0.92027,-4.1154
-0.35488,-0.86209,-3.9932
-0.37694,-0.79327,-3.8656
-0.34628,-0.744,-3.7344
-0.33282,-0.68056,-3.6008
-0.33918,-0.59824,-3.4589
-0.3115,-0.54173,-3.3124
-0.33357,-0.48012,-3.1657
-0.35077,-0.39234,-3.012
-0.36086,-0.32381,-2.8518
-0.38928,-0.24565,-2.6893
-0.34703,-0.14626,-2.5175
-0.27074,-0.064966,-2.3386
-0.20007,0.031121,-2.1532
-0.11855,0.09881,-1.9629
-0.017215,0.20951,-1.768
0.048225,0.28845,-1.5664
0.07814,0.3784,-1.3656
0.10282,0.48967,-1.1531
0.11366,0.54656,-0.94493
0.094967,0.71386,-0.72523
0.045233,0.71764,-0.50874
0.075148,0.96482,-0.2913
0.068791,0.8433,-0.059641
0.064304,0.057514,0.011859
0.15255,0.019646,-0.016316
0.20079,0.088785,-0.0049783
0.26997,0.0012981,-0.0092824
0.31073,0.061706,-0.0074865
0.29577,0.0047659,-0.0062943
0.27259,0.034454,-0.0079702
0.26174,0.016935,-0.0048771
0.23519,0.010978,-0.0071379
0.19331,0.019796,-0.0046297
0.19967,0.0097408,-0.0052258
0.14994,0.014303,-0.004446
0.12862,0.0017967,-0.0038423
0.1275,0.009992,-0.0038648
0.065052,0.0086799,-0.0031525
0.070661,0.0083612,-0.0028338
0.069913,0.0021828,-0.002114
0.033267,0.0029139,-0.0020877
0.0055957,0.0065917,-0.00094798
0.009335,0.0029514,0.00035673
0.021301,0.0051595,0.0011778
0.024667,0.0063517,0.002355
0.066922,0.0018492,0.0032698
0.069165,0.0025727,0.0034873
0.072531,0.0015792,0.004717
0.082253,-0.0019561,0.004897
0.029902,0.0088148,0.0056056
-0.012353,-0.0067286,0.0057893
-0.044886,0.0079151,0.0061604
-0.083028,-0.0022522,0.0076189
-0.097237,-0.00026527,0.0061154
-0.082654,0.007349,0.0090773
-0.050121,-0.015494,0.0065429
-0.023572,0.025408,0.0094147
0.029902,-0.037347,0.0083724
0.082627,0.037101,0.0078776
0.1103,-0.033969,0.012215
0.15741,0.015751,0.0039672
0.12526,0.014712,0.018971
0.11366,-0.09952,-0.0073178
0.12077,1.2827,0.10573
0.13984,2.0911,0.48003
0.26137,1.6834,0.84003
0.26436,1.7882,1.1714
0.35934,1.7469,1.5038
0.45432,1.7644,1.8011
0.35785,1.8119,2.0944
0.4259,1.8057,2.3637
0.45357,1.8785,2.6256
0.4259,1.8782,2.8742
0.51191,1.9293,3.1106
0.52013,1.9382,3.3348
0.50331,1.9586,3.5435
0.52051,1.9736,3.747
0.57697,2.0084,3.9389
0.56463,2.0278,4.1186
0.51266,2.0121,4.2839
0.49433,2.0234,4.4355
0.38477,2.0112,4.5742
0.31671,1.9823,4.6964
0.27034,1.9561,4.8016
0.21762,1.9264,4.8915
0.21724,1.8996,4.9678
0.24342,1.8908,5.0331
0.29278,1.8569,5.0871
0.31484,1.8144,5.1266
0.35074,1.781,5.1522
0.31821,1.7329,5.1649
0.22285,1.6933,5.1663
0.12787,1.655,5.1576
0.0070914,1.607,5.1382
-0.12229,1.5577,5.1082
-0.27411,1.5179,5.0696
-0.34703,1.4731,5.0236
-0.37844,1.4203,4.9701
-0.39564,1.3717,4.9082
-0.36722,1.3117,4.8369
-0.35488,1.2473,4.756
-0.33918,1.1943,4.6672
-0.36273,1.145,4.5732
-0.35376,1.0791,4.4731
-0.36348,1.0071,4.3648
-0.39527,0.94511,4.2489
-0.36685,0.89242,4.1283
-0.39601,0.82901,4.0035
-0.4005,0.7593,3.8724
-0.39377,0.70837,3.7386
-0.37881,0.6345,3.6001
-0.35899,0.56284,3.4536
-0.3762,0.5149,3.3057
-0.36797,0.44238,3.156
-0.3848,0.36112,2.9988
-0.39714,0.29602,2.8372
-0.38779,0.20524,2.6717
-0.31786,0.10918,2.4954
-0.23859,0.02858,2.3135
-0.16754,-0.070938,2.125
-0.062835,-0.13944,1.932
0.0040999,-0.24404,1.7345
0.062808,-0.3147,1.5317
0.071783,-0.41925,1.3284
0.068417,-0.51747,1.1141
0.062808,-0.58664,0.90531
0.0074654,-0.74109,0.68217
0.013448,-0.74769,0.46671
0.050842,-1.0215,0.2425
0.039624,-0.78193,0.018589
0.1017,-0.025365,-0.031552
0.20603,-0.062413,-0.0057432
0.24417,-0.090444,-0.018033
0.3111,-0.025207,-0.011911
0.31447,-0.074203,-0.015289
0.26698,-0.019861,-0.014944
0.26511,-0.056748,-0.014396
0.22098,-0.032436,-0.016908
0.1963,-0.03885,-0.014876
0.17985,-0.037887,-0.016994
0.15255,-0.025327,-0.016076
0.13012,-0.033935,-0.017276
0.094967,-0.024904,-0.017414
0.093471,-0.032057,-0.017613
0.048972,-0.026051,-0.018483
0.024667,-0.02385,-0.018498
0.032893,-0.02132,-0.019
-0.014223,-0.026066,-0.019424
-0.026189,-0.031577,-0.020567
-0.010484,-0.024098,-0.021748
0.014944,-0.022178,-0.022708
0.025414,-0.023993,-0.02405
0.040746,-0.017245,-0.024586
0.096837,-0.019344,-0.024961
0.073278,-0.016513,-0.025921
0.0127,-0.017976,-0.025756
-0.035911,-0.021601,-0.027053
-0.076297,-0.014009,-0.026637
-0.087515,-0.028417,-0.028002
-0.11556,-0.0069498,-0.028024
-0.11182,-0.027209,-0.027608
-0.087515,-0.0073509,-0.02994
-0.035911,-0.017949,-0.027181
0.023919,-0.027476,-0.031616
0.069165,0.010431,-0.0272
0.129,-0.060609,-0.031856
0.16676,0.048314,-0.029112
0.14769,-0.095441,-0.029112
0.13199,0.081594,-0.035755
0.12451,-0.20447,-0.017699
0.037006,-1.7173,-0.22971
0.12376,-1.9319,-0.62951
0.18546,-1.6574,-0.96798
0.19369,-1.8209,-1.3064
0.4345,-1.7246,-1.6253
0.46816,-1.807,-1.9202
0.52874,-1.8014,-2.2072
0.67008,-1.8396,-2.4715
0.5508,-1.8882,-2.7312
0.56314,-1.9,-2.9745
0.59156,-1.9436,-3.2085
0.52126,-1.9371,-3.4262
0.52238,-1.9892,-3.6327
0.55117,-2.01,-3.8329
0.58894,-2.0233,-4.021
0.52649,-2.0283,-4.1969
0.51116,-2.0241,-4.3575
0.45283,-2.0238,-4.5053
0.31559,-2.007,-4.6382
0.2782,-1.9873,-4.7551
0.21799,-1.9576,-4.856
0.20864,-1.9379,-4.9415
0.21313,-1.9217,-5.015
0.24492,-1.8983,-5.0777
0.3384,-1.8682,-5.1282
0.37168,-1.8249,-5.165
0.36196,-1.7787,-5.1874
0.30736,-1.7359,-5.1966
0.23145,-1.6943,-5.1948
0.11516,-1.6525,-5.1828
-0.020954,-1.607,-5.1605
-0.17801,-1.5592,-5.128
-0.29542,-1.5153,-5.0865
-0.34105,-1.474,-5.0384
-0.39265,-1.4258,-4.9828
-0.36498,-1.3644,-4.9179
-0.33618,-1.3046,-4.8436
-0.33095,-1.2429,-4.7603
-0.3388,-1.1859,-4.6696
-0.35152,-1.1384,-4.5731
-0.31861,-1.0751,-4.471
-0.34778,-1.008,-4.3618
-0.34927,-0.94234,-4.244
-0.36498,-0.88283,-4.121
-0.38106,-0.82102,-3.9937
-0.35451,-0.76213,-3.8615
-0.35899,-0.70522,-3.7278
-0.32833,-0.62267,-3.5878
-0.34815,-0.5596,-3.4402
-0.35525,-0.50519,-3.292
-0.36535,-0.42549,-3.1401
-0.39975,-0.34846,-2.9801
-0.38966,-0.28291,-2.8173
-0.36311,-0.18438,-2.6483
-0.26588,-0.093496,-2.4685
-0.18212,-0.01173,-2.2844
-0.088637,0.079814,-2.0929
0.003726,0.16281,-1.8986
0.03925,0.26752,-1.6973
0.084123,0.32796,-1.4944
0.084871,0.45788,-1.2869
0.071035,0.51996,-1.072
0.068043,0.63181,-0.86056
0.015318,0.73162,-0.63407
0.015318,0.79024,-0.42366
0.056825,1.0512,-0.18613
0.055703,0.49492,-0.0033812
0.13722,-0.059878,-0.001934
0.23033,0.10097,-0.013744
0.2696,0.025056,-0.0040635
0.32531,0.035467,-0.010677
0.30101,0.03622,-0.0050608
0.26025,0.0092347,-0.0083976
0.26436,0.03778,-0.0056194
0.22285,0.00013962,-0.0057057
0.20939,0.025805,-0.0059756
0.18434,0.0065354,-0.004161
0.15218,0.01415,-0.0051583
0.1548,0.01175,-0.0036999
0.10693,0.00086693,-0.0041348
0.088236,0.011454,-0.0031787
0.075522,0.0037649,-0.0026164
0.040746,0.009081,-0.0025564
0.0055957,0.0051895,-0.0021965
-0.010858,0.0049121,-0.0014691
-0.00076128,0.0052533,-0.00070804
-0.011232,0.00018086,-0.00078302
0.038128,0.0043985,-3.6934e-05
0.084871,0.0040273,0.00036048
0.089358,-0.0026871,0.00022926
0.089732,-0.0029683,0.00058168
0.061312,0.0019354,0.00061167
0.038502,-0.0019186,0.00051419
-0.022824,-0.0044492,0.00062292
-0.090133,-0.0012588,0.00083662
-0.1107,-0.0055176,0.00078788
-0.10397,-0.0052964,0.0004917
-0.083402,-0.0033357,0.00064541
-0.060591,-0.0050415,0.00077663
-0.0015092,-0.0033844,0.00062292
0.04972,-0.0026684,0.00087411
