0.065052,-0.016244,0.00084037
0.064304,-0.02141,0.00084787
0.052712,-0.020506,0.00072415
0.060565,-0.011861,0.0013952
0.05346,-0.012127,0.0017627
0.062434,-0.011557,0.0017777
0.071409,-0.013188,0.0022388
0.043363,-0.018722,0.0024338
0.046729,-0.0095741,0.0029062
0.058321,-0.024514,0.0031424
0.045981,-0.015085,0.0028987
0.04972,-0.011561,0.003746
0.04972,-0.025774,0.0030299
0.044859,-0.007051,0.003806
0.066922,-0.036128,0.0034685
0.070287,0.0047959,0.0037985
0.085618,-0.031723,0.0041059
0.08674,-0.0064624,0.0027412
0.060565,-0.01236,0.0051857
0.075522,-0.03771,0.0017477
0.05346,0.034683,0.0058905
0.057199,-0.10188,0.0015115
0.062434,0.10292,0.0050582
0.041494,-0.22612,0.0030899
0.035885,0.50599,0.0037272
0.072157,2.6339,0.16585
0.27072,2.7457,0.39691
0.44348,2.5154,0.57577
0.64017,2.6779,0.75511
0.73216,2.5167,0.90753
0.63867,2.6119,1.042
0.81031,2.4973,1.1609
0.62185,2.478,1.2585
0.25127,2.5148,1.3448
0.32643,2.5406,1.4122
0.097958,2.4755,1.4684
-0.059096,2.3644,1.5116
-0.047504,2.3847,1.5433
-0.10509,2.3076,1.5659
-0.018336,2.2376,1.58
-0.084523,2.1696,1.5854
-0.057974,2.0568,1.5811
-0.16604,1.9636,1.568
-0.26701,1.8747,1.546
-0.1911,1.7927,1.5155
-0.35525,1.7046,1.4763
-0.3044,1.6025,1.4317
-0.19521,1.4858,1.3804
-0.22849,1.3675,1.32
-0.087515,1.2481,1.2541
-0.0045007,1.127,1.1828
-0.047877,1.0033,1.1076
-0.12715,0.8608,1.0258
-0.24569,0.74791,0.94114
-0.39826,0.60965,0.8556
-0.60318,0.48431,0.76644
-0.69666,0.34167,0.67583
-0.64655,0.19199,0.57826
-0.62337,0.069268,0.48115
-0.48763,-0.13936,0.37145
-0.21727,-0.23266,0.26065
-0.059844,-0.50302,0.14146
0.089732,-0.5103,0.019196
0.21687,-0.03073,-0.0080564
0.27969,-0.019426,0.0071952
0.26399,-0.062521,0.00067916
0.17125,-0.0012325,0.0042184
0.16751,-0.042659,0.0024863
0.082627,-0.012348,0.0026325
0.041494,-0.030025,0.0030561
0.13498,-0.012941,0.0020026
0.15667,-0.014084,0.0030224
0.24118,-0.01889,0.0017252
0.28867,-0.010665,0.0026512
0.30288,-0.021755,0.0019539
0.38514,-0.012435,0.0017552
0.34775,-0.012195,0.0016764
0.32157,-0.010995,0.0014102
0.30063,-0.012686,0.0014852
0.24379,-0.012078,0.0010691
0.28044,-0.0085881,0.0011928
0.27446,-0.0094391,0.00086661
0.27296,-0.009799,0.00065666
0.31372,-0.01083,0.0004767
0.26212,-0.0084981,6.4293e-05
0.21537,-0.0089892,1.5554e-05
0.15368,-0.011145,0.00012053
0.039998,-0.0065111,0.00021051
-0.043764,-0.0076396,3.43e-05
-0.15557,-0.010268,-7.0677e-05
-0.21166,-0.0071147,0.00015427
-0.25541,-0.0097728,6.8042e-05
-0.2857,-0.010358,-8.1924e-05
-0.19857,-0.0056563,0.00018052
-0.19409,-0.0069535,0.000248
-0.1208,-0.0084419,4.5547e-05
-0.037781,-0.0044604,0.00018052
-0.087515,-0.006185,0.00021051
-0.039277,-0.0046816,0.00021426
-0.040773,-0.0041455,0.00039047
-0.083402,-0.011227,0.00019551
-0.1006,-0.0051577,0.000278
-0.14099,-0.0078083,0.00043921
-0.097611,-0.010238,0.00027425
-0.047877,-0.0011388,0.00032299
0.032519,-0.0053414,0.00037172
0.14919,-0.0059263,0.00035673
0.19219,-0.0057613,0.00028549
0.26922,-0.005199,0.00034548
0.32195,-0.0042205,0.00030799
0.31596,-0.012401,-0.00049058
0.32868,-0.0068598,-0.00097798
0.29989,-0.008037,-0.0010755
0.2782,-0.012866,-0.0016528
0.25576,-0.0053189,-0.0016978
0.21911,-0.010549,-0.0021477
0.21463,-0.0070885,-0.0022564
0.20902,-0.012108,-0.0027138
0.21612,-0.0046291,-0.002965
0.21201,-0.010054,-0.0024476
0.17798,-0.0065711,-0.0036286
0.14208,-0.0012663,-0.0022864
0.091975,-0.017424,-0.0040111
0.051964,0.012725,-0.0025226
0.014944,-0.031003,-0.0032312
-0.022824,0.014435,-0.0038648
-0.047504,-0.026538,-0.0014316
-0.065827,-0.00055394,-0.0060356
-0.079662,0.0069328,0.001339
-0.066574,-0.061768,-0.0088812
-0.072183,0.14203,0.0072814
-0.099481,-0.88237,-0.042834
-0.069566,-1.889,-0.28978
-0.087515,-1.6466,-0.5384
-0.069566,-1.7254,-0.74303
-0.0074922,-1.7454,-0.94767
0.034015,-1.7387,-1.1155
0.20902,-1.8179,-1.272
0.31522,-1.7847,-1.4032
0.36121,-1.8575,-1.5155
0.45619,-1.8748,-1.6131
0.4274,-1.912,-1.693
0.45657,-1.9154,-1.7584
0.50518,-1.9258,-1.8066
0.45544,-1.938,-1.8446
0.47264,-1.9187,-1.8704
0.42216,-1.9118,-1.8859
0.35411,-1.8662,-1.8902
0.30736,-1.8169,-1.8833
0.21126,-1.7554,-1.8669
0.18696,-1.6817,-1.8407
0.1432,-1.6228,-1.806
0.060939,-1.5343,-1.7622
-0.028059,-1.4373,-1.7111
-0.067696,-1.3525,-1.6559
-0.046382,-1.229,-1.5932
-0.089385,-1.1192,-1.5209
-0.12491,-1.0129,-1.4445
-0.14136,-0.87966,-1.3628
-0.1724,-0.76835,-1.276
-0.19708,-0.64678,-1.1863
-0.28271,-0.54927,-1.0955
-0.34927,-0.42029,-1.0011
-0.39863,-0.30161,-0.89995
-0.49212,-0.18409,-0.79829
-0.50633,-0.027667,-0.6865
-0.51567,0.079769,-0.57178
-0.52951,0.27109,-0.44652
-0.46482,0.34265,-0.31774
-0.38405,0.58083,-0.18722
-0.3216,0.62609,-0.040352
-0.26401,0.061477,0.012515
-0.15183,-0.020559,-0.0067554
-0.054982,0.061458,-0.00079052
-0.0097358,-0.011718,-0.0026838
0.034015,0.033963,-0.0027138
0.074026,-0.003257,-0.0015141
0.12264,0.013981,-0.0029313
0.14657,0.0016617,-0.0011167
0.18621,0.00053702,-0.0028451
0.21313,0.0070153,-0.0012067
0.22285,-0.008007,-0.0016641
0.30587,0.0064605,-0.0013716
0.36794,-0.0017649,-0.00075303
0.39636,0.00096441,-0.0010492
0.40608,-0.0038868,-0.0006218
0.38926,-0.0027846,-0.00062555
0.39935,-0.0036019,-0.00034062
0.3915,-0.0066311,-0.00032562
0.3844,-0.00030651,4.1798e-05
0.39786,-0.0019261,0.00034173
0.3829,-0.0038343,0.00055918
0.35485,-0.0047641,0.00090786
0.33429,-0.0036019,0.00088911
0.32307,-0.006065,0.00079163
0.26586,-0.006065,0.00076539
0.16975,-0.0020311,0.00084787
0.071783,-0.0043967,0.0009491
-0.041521,-0.0072084,0.00097534
-0.1279,-0.0038943,0.00097159
-0.1982,-0.002346,0.00093785
-0.22924,-0.0088917,0.00090786
-0.25616,-0.009023,0.0006979
-0.26439,-0.0023197,0.00081038
-0.2442,-0.0019036,0.001369
-0.23709,-0.0023235,0.0021151
-0.18324,-0.0026721,0.0025687
-0.17913,-0.0027021,0.0030899
-0.18848,-0.0054876,0.0036635
-0.18736,-0.0021135,0.0040796
-0.2154,-0.0050977,0.0049682
-0.19035,-0.0046029,0.004672
-0.17576,0.0045222,0.0057705
-0.16642,-0.011775,0.0055643
-0.099107,0.0057369,0.0062429
-0.028433,-0.010706,0.006959
0.031397,0.0026665,0.0055531
0.10992,-0.0037743,0.0081587
0.1907,-0.013207,0.0053581
0.24716,0.01872,0.0088673
0.2782,-0.039791,0.0059805
0.28867,0.047512,0.0078026
0.29166,-0.058337,0.0087174
0.3298,0.050969,0.0039259
0.35972,-0.046479,0.015481
0.35972,0.011447,-0.0087875
0.37505,1.6676,0.14199
0.45245,2.284,0.50659
0.51826,1.8966,0.82241
0.50742,2.1099,1.121
0.66597,2.1046,1.411
0.80956,2.2316,1.6675
0.82003,2.3513,1.916
0.9625,2.4495,2.1376
1.0436,2.5979,2.3466
1.1577,2.6623,2.535
1.1562,2.7712,2.7078
1.1379,2.8002,2.8645
1.1039,2.7683,3.0029
0.017562,2.7089,3.1279
-0.52577,2.6985,3.2367
-0.044138,2.6648,3.3338
-0.46706,2.6017,3.4182
-0.57289,2.5591,3.4887
-0.3044,2.4806,3.5473
-0.46183,2.4105,3.5953
-0.34927,2.3443,3.6316
-0.18661,2.2628,3.6573
0.12376,2.1889,3.6728
0.26623,2.1338,3.6773
0.22846,2.0755,3.6725
0.15293,2.0061,3.6599
-0.18324,1.9468,3.6389
-0.085645,1.8688,3.6093
0.030276,1.7889,3.571
-0.08228,1.7214,3.5235
0.024667,1.6398,3.4677
-0.24756,1.5523,3.4035
-0.71797,1.4697,3.3316
-0.9113,1.3915,3.2538
-1.0627,1.3025,3.1695
-1.1869,1.2191,3.0768
-1.1469,1.1331,2.9767
-0.91654,1.0411,2.8709
-0.68058,0.95243,2.7596
-0.46781,0.85323,2.6429
-0.17352,0.76712,2.5216
0.18583,0.68755,2.397
0.34102,0.60524,2.2707
0.32643,0.5004,2.1403
0.33354,0.40893,2.0045
0.07627,0.30451,1.8656
-0.33207,0.17861,1.7173
-0.57588,0.077433,1.5642
-0.61701,-0.062236,1.4035
-0.68619,-0.1548,1.2385
-0.62748,-0.30251,1.0694
-0.29206,-0.40015,0.89339
-0.15819,-0.52896,0.72033
-0.0097358,-0.66538,0.53258
0.21986,-0.71276,0.35637
0.31484,-0.9955,0.15833
0.46629,-0.5487,-0.0058294
0.56164,0.039643,-0.014216
0.59642,-0.1047,-0.00079052
0.5579,-0.048571,-0.0098822
0.41805,-0.036732,-0.0035686
0.33354,-0.05914,-0.0081914
0.3227,-0.019494,-0.0056607
0.28306,-0.052643,-0.0073103
0.25426,-0.020221,-0.0074678
0.26062,-0.033946,-0.0067554
0.087114,-0.026013,-0.0083638
-0.050495,-0.028435,-0.0071191
-0.089011,-0.028372,-0.0085325
-0.18623,-0.01958,-0.0083151
-0.10135,-0.027633,-0.0088062
0.035137,-0.021781,-0.0091886
0.089358,-0.021203,-0.0092336
0.17312,-0.018673,-0.0099197
0.2408,-0.018695,-0.009976
0.20902,-0.021526,-0.010175
0.22098,-0.018714,-0.010737
0.27446,-0.01892,-0.011071
0.10955,-0.019355,-0.011314
-0.034416,-0.013053,-0.011689
-0.16193,-0.013049,-0.011607
-0.3818,-0.013934,-0.011491
-0.4263,-0.01242,-0.011562
-0.38405,-0.01083,-0.011352
-0.31038,-0.012843,-0.011487
-0.15071,-0.016772,-0.012293
0.016066,-0.014939,-0.012855
0.12451,-0.019813,-0.013369
0.17948,-0.017589,-0.014246
0.23594,-0.0084381,-0.014348
0.27296,-0.018062,-0.015082
0.26698,-0.010834,-0.015686
0.20902,-0.014965,-0.015528
0.12114,-0.016289,-0.016792
0.053834,-0.0088205,-0.016005
-0.0030049,-0.019471,-0.017591
-0.027311,0.0024078,-0.017103
0.035511,-0.029571,-0.017587
0.094967,-0.0014987,-0.018573
0.12002,-0.024589,-0.016552
0.15704,-0.011621,-0.020736
0.14208,0.0066329,-0.015592
0.10693,-0.050974,-0.021553
0.14208,0.055096,-0.016001
0.14283,-0.10941,-0.02026
0.13012,0.14044,-0.019833
0.16452,-0.41165,-0.016391
0.10805,-2.0114,-0.2576
0.16228,-2.0281,-0.63376
0.16452,-1.7675,-0.94127
0.12713,-1.8859,-1.2525
0.37841,-1.7995,-1.5395
0.38028,-1.8936,-1.8096
0.37355,-1.8642,-2.0665
0.44871,-1.9073,-2.3019
0.26212,-1.9261,-2.5286
0.33578,-1.9412,-2.7359
0.42515,-1.9757,-2.9332
0.44236,-1.9502,-3.1107
0.52574,-1.9615,-3.27
0.55304,-1.9491,-3.4133
0.63718,-1.9579,-3.5404
0.57136,-1.9585,-3.6541
0.55042,-1.948,-3.7514
0.52238,-1.9416,-3.8335
0.36645,-1.9313,-3.9003
0.34438,-1.9302,-3.9543
0.28642,-1.917,-3.995
0.20752,-1.8943,-4.021
0.20827,-1.8751,-4.0345
0.19443,-1.8521,-4.0372
0.16639,-1.8207,-4.0298
0.15891,-1.7843,-4.0129
0.13386,-1.7436,-3.9868
0.095715,-1.6978,-3.9512
0.045607,-1.6488,-3.9055
-0.066948,-1.5916,-3.8508
-0.1982,-1.5279,-3.7874
-0.34553,-1.4649,-3.7156
-0.43715,-1.3889,-3.6352
-0.47828,-1.3231,-3.5475
-0.5052,-1.2616,-3.4553
-0.45622,-1.1733,-3.3565
-0.4278,-1.0879,-3.2487
-0.41808,-1.0078,-3.1339
-0.41209,-0.92452,-3.0143
-0.40574,-0.8355,-2.8885
-0.3762,-0.76029,-2.7588
-0.40162,-0.68527,-2.6274
-0.42742,-0.59709,-2.4923
-0.42256,-0.51113,-2.3536
-0.48052,-0.41239,-2.2087
-0.52652,-0.31263,-2.0606
-0.48987,-0.18547,-1.9044
-0.45809,-0.085008,-1.74
-0.39153,0.044783,-1.5717
-0.2943,0.15722,-1.3951
-0.22924,0.27193,-1.2188
-0.16604,0.41507,-1.0332
-0.075549,0.4823,-0.84989
0.020553,0.66081,-0.65862
0.095715,0.68136,-0.46701
0.23407,0.91925,-0.27641
0.33578,0.88953,-0.064961
0.4016,0.10543,0.013243
0.45731,0.001523,-0.012645
0.42291,0.098495,-0.0045209
0.48012,0.0010994,-0.0068042
0.4704,0.060941,-0.0064068
0.37206,0.0033263,-0.0048621
0.38028,0.030638,-0.0066955
0.28156,0.019357,-0.0035199
0.20304,0.008335,-0.0057769
0.22734,0.023267,-0.0036286
0.16003,0.0049384,-0.0041085
0.16153,0.012403,-0.0036999
0.1963,0.0056619,-0.0031637
0.18097,0.0078963,-0.0031337
0.19144,0.0047846,-0.0024289
0.15667,0.0068016,-0.0026838
0.094593,0.0004058,-0.001769
0.042616,-0.0012775,-0.0016228
-0.00076128,0.0067154,-0.0013004
-0.038155,-0.00095134,-0.00082051
-0.074427,2.3405e-05,-0.00044184
-0.097237,0.0051783,0.00023301
-0.13388,0.0041886,0.0015265
-0.18212,0.0029551,0.0022838
-0.20231,0.002494,0.0025575
-0.21316,0.0010956,0.0035173
-0.19596,0.0032288,0.003671
-0.17763,-0.0014912,0.004717
-0.17988,-0.0058363,0.004762
-0.16642,0.0077689,0.0056093
-0.13201,-0.008858,0.005913
-0.053487,0.0063292,0.005913
0.016066,-0.0042692,0.0076489
0.079635,0.0011519,0.0061604
0.12937,0.0071128,0.0087886
0.16265,-0.019588,0.0062429
0.16975,0.027519,0.0090211
0.13909,-0.043011,0.0078926
0.15517,0.041649,0.0076564
0.14433,-0.037849,0.01166
0.1447,0.018926,0.0037047
0.17387,0.013152,0.018443
0.17985,-0.10223,-0.0084088
0.19443,1.4709,0.11034
0.29577,2.3513,0.48876
0.41506,1.8786,0.84621
0.36981,2.0259,1.1763
0.4891,1.9812,1.5088
0.57286,2.0067,1.8051
0.47451,2.0648,2.0952
0.57174,2.0463,2.3597
0.50032,2.1412,2.6165
0.44946,2.1335,2.858
0.55117,2.1991,3.0851
0.50331,2.2331,3.3023
0.53247,2.2787,3.5061
0.55678,2.3174,3.7012
0.60801,2.3303,3.8807
0.64241,2.3618,4.0474
0.59044,2.3865,4.1998
0.64316,2.4123,4.3373
0.60539,2.403,4.4594
0.50742,2.3989,4.5631
0.45657,2.4194,4.6505
0.3728,2.4248,4.7247
0.28455,2.4058,4.7859
0.21837,2.3813,4.8336
0.17312,2.352,4.8686
0.11666,2.3081,4.8914
0.0744,2.265,4.9024
0.023545,2.221,4.9025
-0.081532,2.1608,4.8919
-0.20979,2.1081,4.8705
-0.31337,2.0585,4.8401
-0.40835,2.001,4.8015
-0.51193,1.9477,4.7555
-0.53961,1.8745,4.7021
-0.49548,1.8088,4.6395
-0.4192,1.7454,4.5685
-0.37208,1.6592,4.4898
-0.35563,1.5865,4.4029
-0.32833,1.5161,4.3087
-0.34665,1.4421,4.2087
-0.32646,1.3668,4.1026
-0.31599,1.2813,3.9891
-0.43827,1.1992,3.8683
-0.51717,1.121,3.7421
-0.5684,1.0366,3.6104
-0.66338,0.94981,3.4733
-0.63384,0.86631,3.3319
-0.55456,0.78742,3.1872
-0.50782,0.71633,3.0405
-0.4551,0.62474,2.8912
-0.41845,0.5289,2.7369
-0.38928,0.43797,2.5789
-0.36423,0.32392,2.4135
-0.29692,0.22651,2.2422
-0.24345,0.10253,2.0648
-0.23709,0.0022278,1.8809
-0.19857,-0.1141,1.6949
-0.15595,-0.23318,1.5013
-0.11519,-0.33996,1.3088
-0.03479,-0.49725,1.1071
0.059069,-0.55449,0.90727
0.1174,-0.73182,0.70343
0.15293,-0.77179,0.4942
0.18733,-0.96471,0.29248
0.20004,-1.0352,0.063474
0.22622,-0.23068,-0.044363
0.26623,-0.0048091,-0.019349
0.26586,-0.14307,-0.024103
0.30138,-0.024566,-0.024511
0.3111,-0.08827,-0.022311
0.25501,-0.039105,-0.02576
0.27707,-0.050828,-0.022817
0.27932,-0.050862,-0.02606
0.24155,-0.033279,-0.023923
0.21463,-0.05175,-0.025441
0.15854,-0.033384,-0.025528
0.11666,-0.048151,-0.025565
0.048972,-0.034929,-0.026472
0.0070914,-0.035821,-0.026157
-0.0052485,-0.035528,-0.027008
-0.019832,-0.03046,-0.02684
-0.00076128,-0.031176,-0.027451
0.012327,-0.029508,-0.027841
0.055703,-0.033272,-0.028073
0.092723,-0.031648,-0.028782
0.09908,-0.032447,-0.029513
0.11703,-0.03076,-0.030784
0.11516,-0.02911,-0.031627
0.10394,-0.027671,-0.032321
0.098706,-0.022272,-0.032977
0.057947,-0.027877,-0.033341
0.014944,-0.022051,-0.034053
0.023171,-0.026767,-0.034008
0.021675,-0.026711,-0.035219
0.031397,-0.014444,-0.034739
0.077018,-0.035663,-0.035961
0.11179,-0.0084606,-0.036081
0.13012,-0.033538,-0.035875
0.13573,-0.014324,-0.037769
0.15368,-0.023134,-0.034912
0.15816,-0.034044,-0.039534
0.15442,0.011619,-0.034848
0.1361,-0.069809,-0.039887
0.12526,0.049844,-0.037315
0.067295,-0.10538,-0.036876
0.03065,0.08456,-0.043512
0.038876,-0.23024,-0.025284
-0.050121,-1.9058,-0.23923
0.070661,-2.1598,-0.64104
0.028032,-1.8707,-0.97837
-0.016841,-2.0655,-1.3166
0.35261,-1.962,-1.636
0.32419,-2.0496,-1.9282
0.39674,-2.0412,-2.2101
0.57323,-2.0819,-2.4695
0.35859,-2.1361,-2.7236
0.4517,-2.1433,-2.9583
0.51527,-2.21,-3.1836
0.48985,-2.2307,-3.3968
0.60539,-2.2843,-3.599
0.63269,-2.3039,-3.7902
0.69701,-2.3268,-3.966
0.66261,-2.3464,-4.1302
0.63306,-2.3582,-4.28
0.65587,-2.3602,-4.4147
0.62745,-2.3476,-4.5314
0.62633,-2.351,-4.6319
0.62745,-2.3451,-4.7191
0.60464,-2.3362,-4.7926
0.6125,-2.3207,-4.8528
0.64129,-2.2962,-4.8997
0.5923,-2.2711,-4.933
0.568,-2.2405,-4.9546
0.49284,-2.2072,-4.9649
0.36532,-2.1646,-4.9628
0.22884,-2.1175,-4.9493
0.0014823,-2.0749,-4.9254
-0.16941,-2.0306,-4.893
-0.31487,-1.9856,-4.8532
-0.40798,-1.9316,-4.8048
-0.40536,-1.867,-4.7474
-0.42219,-1.8041,-4.6814
-0.40611,-1.739,-4.6071
-0.39377,-1.6672,-4.5249
-0.41097,-1.5932,-4.4347
-0.39788,-1.5243,-4.3372
-0.41882,-1.4529,-4.234
-0.46781,-1.3694,-4.1248
-0.5153,-1.2812,-4.0075
-0.60841,-1.2031,-3.8838
-0.68395,-1.1277,-3.7565
-0.74004,-1.0353,-3.6232
-0.78603,-0.94533,-3.4827
-0.76098,-0.86329,-3.3384
-0.75537,-0.78754,-3.1918
-0.77855,-0.7167,-3.0435
-0.76659,-0.61604,-2.8916
-0.71274,-0.52722,-2.7347
-0.65029,-0.42593,-2.5737
-0.58336,-0.31267,-2.4048
-0.44612,-0.21379,-2.2299
-0.3216,-0.083025,-2.0472
-0.23186,0.010333,-1.861
-0.11369,0.14309,-1.6701
-0.027311,0.24297,-1.474
0.042242,0.37675,-1.278
0.097211,0.4951,-1.0732
0.15143,0.58428,-0.8749
0.15928,0.75799,-0.66332
0.13273,0.76477,-0.45995
0.17424,1.0685,-0.24617
0.17013,0.79085,-0.034859
0.20416,-0.0085318,0.0084774
0.29166,0.060994,-0.015776
0.3197,0.07584,-0.0036549
0.39187,0.0074015,-0.0098148
0.39599,0.06189,-0.006433
0.34289,0.0036337,-0.0069616
0.37355,0.038886,-0.0071866
0.35224,0.0073115,-0.0051096
0.31073,0.020609,-0.0067779
0.2767,0.014067,-0.0043785
0.18209,0.0050883,-0.0054882
0.11366,0.016568,-0.0044535
0.069165,0.0041661,-0.0042023
0.019057,0.013674,-0.0036549
-0.031798,0.001613,-0.0031075
-0.050121,0.0047809,-0.0031825
-0.049747,0.003465,-0.0022527
-0.071062,0.0026365,-0.0021402
-0.067322,0.0093434,-0.0010867
-0.031798,0.0044472,0.0002705
0.016066,0.0068878,0.0010353
0.044859,0.0070041,0.0023588
0.0744,0.0014105,0.0030636
0.094593,0.0059956,0.0035585
0.10058,0.00071322,0.0044621
0.10282,0.0031126,0.0043421
0.06393,0.0045747,0.005718
0.060939,-0.007141,0.0051144
0.048972,0.011495,0.0064116
0.024293,-0.011284,0.0066366
0.056451,0.010648,0.0062204
0.064678,-0.011557,0.0087061
0.075522,-0.001375,0.0056993
0.10207,0.013801,0.010273
0.15106,-0.03076,0.0058792
0.18845,0.051707,0.01033
0.20079,-0.070484,0.0080275
0.20677,0.086359,0.0072289
0.1791,-0.11033,0.014941
0.17349,0.19286,-0.0046484
0.13685,1.9534,0.20502
0.23632,2.2644,0.60831
0.28268,1.9228,0.94899
0.215,2.1093,1.2921
0.42665,2.0163,1.617
0.3986,2.1072,1.9137
0.3283,2.113,2.2022
0.47638,2.1513,2.4672
0.39374,2.2099,2.726
0.48872,2.2256,2.9659
0.57286,2.2935,3.1961
0.56052,2.3048,3.4125
0.70336,2.358,3.6166
0.73851,2.3922,3.812
0.8133,2.4199,3.9945
0.83013,2.4445,4.1667
0.83163,2.4604,4.3251
0.8578,2.477,4.4708
0.79797,2.479,4.6032
0.82639,2.4706,4.7197
0.789,2.4503,4.8188
0.73141,2.4354,4.9025
0.7617,2.4264,4.9741
0.79535,2.4135,5.0337
0.77628,2.3876,5.0801
0.71944,2.3502,5.1133
0.65662,2.313,5.134
0.49807,2.2771,5.1425
0.32756,2.2361,5.1399
0.13647,2.1902,5.1262
-0.057226,2.1412,5.1016
-0.19745,2.0891,5.0675
-0.34703,2.0399,5.0252
-0.42556,1.9883,4.9748
-0.46519,1.9268,4.9172
-0.46669,1.8634,4.8518
-0.44799,1.7992,4.7777
-0.43453,1.727,4.6953
-0.41808,1.6506,4.6043
-0.47267,1.5748,4.5065
-0.5239,1.4984,4.4022
-0.63758,1.4226,4.2914
-0.79912,1.3392,4.1748
-0.87578,1.25,4.0509
-0.96889,1.1661,3.9205
-1.0575,1.0856,3.7855
-1.0904,1.0042,3.6461
-1.1028,0.91671,3.5014
-1.0949,0.83763,3.3534
-1.0811,0.7648,3.2038
-1.0205,0.6764,3.0518
-0.9543,0.58262,2.8957
-0.88363,0.49903,2.7351
-0.76135,0.38708,2.5697
-0.67983,0.27805,2.3965
-0.59158,0.17593,2.2179
-0.46818,0.050061,2.0311
-0.36236,-0.039514,1.8419
-0.24868,-0.17574,1.6484
-0.1881,-0.27308,1.45
-0.16043,-0.40905,1.2515
-0.1193,-0.52408,1.0439
-0.099481,-0.6143,0.84307
-0.10883,-0.78707,0.62919
-0.067322,-0.7996,0.42334
0.018684,-1.0995,0.20664
0.1002,-0.80418,-0.0041985
0.23856,-0.018036,-0.045582
0.38589,-0.090155,-0.021658
0.50705,-0.10168,-0.033337
0.59006,-0.038037,-0.027023
0.60016,-0.087628,-0.030476
0.60427,-0.033995,-0.029652
0.58445,-0.07336,-0.029502
0.47003,-0.038393,-0.031009
0.36981,-0.050802,-0.029198
0.261,-0.048245,-0.031714
0.12039,-0.03587,-0.030604
0.079261,-0.047683,-0.031635
0.031397,-0.036151,-0.031597
-0.032172,-0.042022,-0.032062
-0.023572,-0.033676,-0.032598
-0.016841,-0.033755,-0.032471
-0.021328,-0.034617,-0.033352
-0.0056225,-0.03611,-0.033637
0.029902,-0.038959,-0.034664
0.067295,-0.035675,-0.03583
0.098332,-0.039806,-0.036917
0.13947,-0.0375,-0.038207
0.15554,-0.031952,-0.03856
0.13161,-0.036038,-0.039351
0.099454,-0.02421,-0.039804
0.034015,-0.033714,-0.039939
-0.0041267,-0.027082,-0.041034
-0.052365,-0.024525,-0.040179
-0.13089,-0.035701,-0.04196
-0.13613,-0.017762,-0.040967
-0.14548,-0.046524,-0.042575
-0.10285,-0.0063837,-0.042631
-0.032172,-0.045505,-0.041626
0.046355,-0.012847,-0.045113
0.16153,-0.022414,-0.040153
0.18957,-0.047027,-0.047659
0.25165,0.027961,-0.03889
0.24379,-0.12657,-0.048847
0.22472,0.17089,-0.039193
0.16901,-0.7046,-0.060324
0.097958,-2.2021,-0.36607
0.23931,-2.0202,-0.76372
0.080009,-1.9843,-1.0945
0.21313,-2.1188,-1.44
0.58408,-2.0455,-1.7497
0.45694,-2.157,-2.0444
0.74263,-2.1357,-2.3215
0.81854,-2.226,-2.5822
0.6024,-2.246,-2.8347
0.84097,-2.2861,-3.0678
0.77628,-2.3384,-3.2928
0.80134,-2.361,-3.5028
0.92885,-2.4173,-3.7039
0.9023,-2.4363,-3.894
1.0029,-2.4695,-4.0721
0.95054,-2.4854,-4.239
0.9625,-2.4999,-4.3921
0.97858,-2.5154,-4.5337
0.92548,-2.5064,-4.6612
0.94717,-2.4834,-4.7708
0.9023,-2.4673,-4.8637
0.85668,-2.4607,-4.944
0.87538,-2.4461,-5.0123
0.84733,-2.4209,-5.0679
0.81704,-2.3891,-5.1103
0.82751,-2.3556,-5.1397
0.70598,-2.322,-5.1577
0.55678,-2.2805,-5.1643
0.34775,-2.2313,-5.159
0.061312,-2.1785,-5.1425
-0.14697,-2.1254,-5.1158
-0.4005,-2.0759,-5.0795
-0.60018,-2.0268,-5.0362
-0.68582,-1.9693,-4.9859
-0.73555,-1.9037,-4.9266
-0.72508,-1.8409,-4.8592
-0.69516,-1.7708,-4.784
-0.6473,-1.6998,-4.7009
-0.60617,-1.6273,-4.61
-0.5957,-1.5502,-4.5111
-0.59831,-1.4833,-4.4066
-0.65777,-1.3996,-4.2965
-0.76621,-1.3085,-4.1776
-0.84511,-1.2324,-4.0519
-0.97898,-1.1532,-3.9226
-1.0807,-1.0652,-3.7878
-1.0665,-0.97521,-3.6463
-1.1357,-0.89897,-3.5002
-1.1689,-0.82229,-3.3516
-1.1372,-0.74718,-3.2011
-1.1158,-0.66304,-3.0481
-1.0354,-0.55959,-2.8898
-0.94421,-0.47468,-2.7275
-0.80473,-0.36109,-2.5589
-0.68918,-0.25322,-2.3828
-0.54746,-0.13631,-2.2014
-0.36722,-0.023869,-2.0118
-0.27037,0.07861,-1.8206
-0.13575,0.21417,-1.6222
-0.038155,0.29524,-1.4232
0.0011084,0.45137,-1.2199
0.035511,0.52446,-1.0133
0.028032,0.67811,-0.80899
0.010457,0.77596,-0.59243
0.017562,0.8645,-0.39094
0.055703,1.1215,-0.15864
0.11778,0.44277,0.0033898
0.26548,-0.071313,-0.0046522
0.40122,0.12296,-0.011768
0.49957,0.020283,-0.004431
0.58819,0.045495,-0.010223
0.59268,0.034803,-0.0048096
0.60128,0.013359,-0.0082439
0.59417,0.039755,-0.0053158
0.51079,0.0048146,-0.0060881
0.41842,0.024917,-0.0057919
0.28044,0.0084399,-0.0045659
0.11292,0.013152,-0.0051995
0.02878,0.0063892,-0.0036849
-0.044512,0.011454,-0.0039998
-0.10023,0.0087698,-0.00301
-0.099107,0.002629,-0.0030325
-0.13089,0.0081925,-0.0027401
-0.14847,-0.0045766,-0.0020427
-0.12491,0.0009794,-0.0015703
-0.0576,0.0085786,-0.00028063
0.040372,0.0067004,0.00088161
0.10656,0.004226,0.0019164
0.16415,0.0065392,0.0031986
0.20603,0.0016617,0.0033936
0.20378,0.0044435,0.0043083
0.17985,-0.00078263,0.004687
0.12226,0.005437,0.0048145
0.055703,-5.9073e-05,0.0062542
-0.00824,0.00046579,0.0054593
-0.091254,0.0037349,0.0073827
-0.138,-0.012719,0.0061567
-0.16642,0.017842,0.0079338
-0.14248,-0.026298,0.0078776
-0.077419,0.020493,0.0071315
-0.011605,-0.013199,0.010337
0.091228,0.0028314,0.0055418
0.15143,0.017018,0.013059
0.23033,-0.053734,0.0042259
0.24604,0.1012,0.015185
0.22659,-0.20377,0.0028049
0.20864,0.77503,0.031366
0.16639,2.3029,0.34405
0.31447,2.0545,0.73495
0.25501,1.9886,1.0644
0.26249,2.0992,1.4085
0.50293,2.0344,1.7159
0.38402,2.1489,2.0111
0.49508,2.1181,2.2876
0.64316,2.2066,2.5478
0.57884,2.2275,2.799
0.77105,2.2672,3.0314
0.78376,2.3073,3.2553
0.79311,2.3288,3.4639
0.88996,2.3876,3.6642
0.92773,2.4027,3.8536
1.0119,2.4326,4.0309
0.9741,2.4434,4.1966
0.99242,2.4563,4.3487
0.98831,2.4635,4.4885
0.94082,2.4406,4.6137
0.92698,2.4227,4.7213
0.85855,2.4054,4.8126
0.80807,2.3798,4.8913
0.79161,2.3631,4.9569
0.8047,2.3429,5.0102
0.79274,2.3047,5.0508
0.75609,2.2699,5.0787
0.65139,2.2339,5.0947
0.49882,2.184,5.0991
0.3111,2.1304,5.093
0.03925,2.0813,5.0754
-0.22251,2.0356,5.0471
-0.49099,1.9822,5.0109
-0.71087,1.9308,4.9667
-0.81707,1.878,4.9144
-0.89634,1.814,4.8545
-0.88999,1.7484,4.7865
-0.7894,1.6687,4.7099
-0.7004,1.5936,4.6252
-0.6114,1.5316,4.5332
-0.55008,1.4578,4.4337
-0.54559,1.3827,4.3276
-0.6043,1.3073,4.2157
-0.71835,1.2234,4.0967
-0.80286,1.1383,3.9697
-0.94009,1.0617,3.838
-1.0571,0.97985,3.7019
-1.0695,0.88884,3.5596
-1.108,0.81435,3.4138
-1.1241,0.74011,3.266
-1.1031,0.66271,3.1156
-1.047,0.57701,2.962
-0.98011,0.48857,2.8032
-0.90943,0.39526,2.6401
-0.7808,0.28075,2.4699
-0.66525,0.18305,2.2936
-0.4966,0.054815,2.111
-0.30702,-0.036739,1.9222
-0.181,-0.15092,1.732
-0.034042,-0.27003,1.5333
0.070287,-0.36708,1.3352
0.10693,-0.52558,1.1292
0.10619,-0.57688,0.92535
0.064678,-0.75632,0.71723
-0.0052485,-0.79366,0.50331
-0.051617,-0.97567,0.29912
-0.063957,-1.0614,0.065915
-0.023198,-0.24099,-0.047183
0.10394,0.0049271,-0.022003
0.25053,-0.14791,-0.026469
0.40496,-0.024334,-0.027132
0.51752,-0.085776,-0.024601
0.58894,-0.045771,-0.028298
0.64129,-0.055237,-0.025168
0.59642,-0.054911,-0.028624
0.5134,-0.035468,-0.026371
0.40459,-0.051019,-0.027972
0.23183,-0.034681,-0.028208
0.083001,-0.049411,-0.028103
-0.023945,-0.035049,-0.028902
-0.12603,-0.035221,-0.028677
-0.19745,-0.034917,-0.029749
-0.21278,-0.030419,-0.029415
-0.22774,-0.032758,-0.030053
-0.21877,-0.033362,-0.030525
-0.14435,-0.034951,-0.03102
-0.077045,-0.031112,-0.032351
-0.0030049,-0.030074,-0.03324
0.10132,-0.032327,-0.034507
0.19406,-0.027547,-0.035545
0.25165,-0.029028,-0.035489
0.2681,-0.031941,-0.036558
0.2666,-0.022264,-0.036588
0.24903,-0.032488,-0.037517
0.20565,-0.022186,-0.037862
0.11927,-0.03314,-0.037622
0.011205,-0.015951,-0.039407
-0.063583,-0.029414,-0.037765
-0.10247,-0.049711,-0.040734
-0.094246,-0.0027734,-0.03835
-0.074801,-0.048822,-0.040599
-0.015719,0.012845,-0.040307
0.047851,-0.057996,-0.038905
0.10843,0.0076489,-0.044097
0.17723,-0.02794,-0.035013
0.18995,-0.051754,-0.050493
0.24641,0.10936,-0.024399
0.15405,-1.3271,-0.1272
0.19107,-2.2854,-0.50389
0.2868,-1.9016,-0.87143
0.11142,-2.0721,-1.2039
0.37019,-2.0585,-1.5418
0.5306,-2.0693,-1.8396
0.47451,-2.1392,-2.1309
0.77105,-2.133,-2.3985
0.66373,-2.2256,-2.6576
0.62297,-2.2231,-2.9016
0.83013,-2.2885,-3.131
0.74263,-2.3116,-3.3512
0.85518,-2.3529,-3.5567
0.94306,-2.3921,-3.7548
0.95839,-2.4064,-3.9397
0.99803,-2.4351,-4.1138
0.9382,-2.4357,-4.2753
0.97223,-2.4539,-4.4236
0.93521,-2.4539,-4.5601
0.89108,-2.4273,-4.6801
0.91202,-2.404,-4.782
0.8593,-2.3917,-4.87
0.79834,-2.3782,-4.9463
0.80395,-2.3508,-5.0095
0.75609,-2.3205,-5.0597
0.71757,-2.2866,-5.097
0.68055,-2.2512,-5.1222
0.55678,-2.2119,-5.1361
0.41132,-2.1661,-5.1387
0.20416,-2.1188,-5.13
-0.008614,-2.0638,-5.1101
-0.21091,-2.0151,-5.0805
-0.47903,-1.9704,-5.0438
-0.67235,-1.9125,-4.9992
-0.81333,-1.8488,-4.9451
-0.99731,-1.7839,-4.8828
-0.88326,-1.7205,-4.8121
-0.99918,-1.6516,-4.7331
-1.3223,-1.5743,-4.6467
-0.99506,-1.5095,-4.5522
-0.54895,-1.4466,-4.4518
-0.44575,-1.3614,-4.346
-0.35226,-1.274,-4.2316
-0.58298,-1.1967,-4.1098
-1.5257,-1.1201,-3.9835
-2.7178,-1.0395,-3.8519
-4.4959,-0.94957,-3.7141
-6.8057,-0.86588,-3.5708
-9.4341,-0.79345,-3.4241
-12.051,-0.71332,-3.2751
-13.947,-0.6335,-3.1241
-15.122,-0.54121,-2.9687
-14.179,-0.45133,-2.8081
-11.794,-0.34551,-2.6433
-9.2258,-0.2187,-2.4698
-6.6168,-0.11348,-2.2917
-4.0292,0.013299,-2.1067
-0.82604,0.10842,-1.9171
1.5836,0.23755,-1.7245
8.0714,0.33642,-1.5249
20.322,0.45722,-1.3272
26.44,0.58325,-1.12
23.211,0.63644,-0.91751
17.105,0.80998,-0.70454
10.922,0.81578,-0.49442
6.6011,1.0751,-0.28038
3.7741,0.90327,-0.054666
-0.56803,0.053882,0.012118
-5.9651,0.033581,-0.015187
-9.7654,0.10432,-0.0041835
-10.533,0.0075927,-0.00851
-6.8831,0.065972,-0.0067629
0.21276,0.010442,-0.0059981
6.8173,0.040648,-0.0070966
10.141,0.018645,-0.0043897
9.2475,0.020066,-0.006673
6.6,0.020362,-0.0041985
5.0321,0.008991,-0.0048171
4.8788,0.021565,-0.0038311
7.5517,0.0066816,-0.0035199
10.74,0.013936,-0.0034224
10.472,0.0081588,-0.0025676
7.0244,0.0097108,-0.0027663
1.1356,0.0096584,-0.0017765
-5.0085,0.0069478,-0.0012929
-8.7404,0.011634,-0.00032187
-10.457,0.0091073,0.0011441
-12.359,0.010524,0.0019876
-14.781,0.0092197,0.0033673
-15.751,0.0040011,0.0039484
-13.666,0.0064305,0.004642
-7.7536,-0.0017049,0.0051219
0.3986,0.0067866,0.0053694
8.0228,1.2158e-05,0.0068128
11.872,0.00076196,0.0057593
10.508,0.0098533,0.0077651
6.2661,-0.012442,0.0067753
0.31297,0.019117,0.0079713
-5.1174,-0.01985,0.0085824
-7.7723,0.016133,0.0074314
-8.6571,-0.016187,0.011034
-8.4428,-0.0082582,0.0059805
-7.6396,0.024928,0.01352
-6.0384,-0.061142,0.0051744
-3.0031,0.10098,0.014472
1.2923,-0.19947,0.0058155
5.8925,0.66654,0.023538
9.329,2.2492,0.32283
10.413,2.0632,0.71867
9.1013,1.9429,1.0495
7.3464,2.0532,1.3965
6.6572,1.9659,1.7088
6.7365,2.066,2.0078
7.2084,2.0203,2.2904
7.1609,2.0948,2.5555
5.2516,2.1088,2.8133
2.1247,2.1368,3.0523
-1.4961,2.1729,3.2831
-4.8044,2.1795,3.4987
-6.0825,2.2263,3.7055
-5.7508,2.2334,3.9016
-4.7288,2.255,4.0861
-3.4907,2.2563,4.2598
-2.3641,2.2606,4.42
-0.47379,2.2621,4.5682
2.3651,2.2432,4.7024
4.8212,2.2172,4.8206
5.7818,2.1852,4.9216
4.8432,2.1686,5.009
2.0765,2.1456,5.0852
-1.6771,2.1096,5.1478
-5.2378,2.0801,5.1974
-7.527,2.0361,5.2344
-8.1018,1.9913,5.2583
-7.4406,1.9653,5.2715
-6.1917,1.9159,5.2739
-4.5366,1.8591,5.2641
-2.548,1.8195,5.2443
-0.43453,1.7658,5.2153
2.1389,1.7161,5.177
4.7281,1.6722,5.1312
6.1386,1.6166,5.0779
6.4437,1.5542,5.0152
5.6479,1.4844,4.9435
4.2087,1.4299,4.8637
3.2443,1.3686,4.7765
2.7664,1.2941,4.6814
2.6486,1.2309,4.5786
2.416,1.1647,4.4704
1.5171,1.0889,4.355
-0.020954,1.0074,4.2306
-1.6251,0.94046,4.1004
-2.6034,0.86825,3.966
-3.0173,0.78341,3.8259
-2.8378,0.71849,3.6807
-2.3386,0.65204,3.5326
-1.7519,0.5786,3.3821
-0.81183,0.5083,3.2275
0.20977,0.41907,3.0686
1.0855,0.33211,2.9038
1.7093,0.2451,2.7342
1.7313,0.13564,2.5562
0.88248,0.049207,2.3717
-0.71087,-0.058634,2.1822
-2.7148,-0.14244,1.9872
-4.4858,-0.24981,1.7899
-5.1488,-0.36605,1.5838
-4.8003,-0.46124,1.3795
-3.9084,-0.60429,1.1676
-2.6445,-0.65256,0.95683
-1.4692,-0.82395,0.7423
-0.60168,-0.84578,0.52228
0.17836,-1.0225,0.31178
0.65251,-1.0976,0.071456
0.7273,-0.25588,-0.046257
0.65587,0.00098315,-0.021092
0.23183,-0.1502,-0.025119
-0.14473,-0.029777,-0.02591
-0.15034,-0.090541,-0.023732
0.14208,-0.041891,-0.027128
0.93745,-0.05767,-0.02378
1.6883,-0.053764,-0.027372
2.1053,-0.031371,-0.024984
2.1595,-0.055065,-0.026911
1.8046,-0.032432,-0.026963
1.3346,-0.043026,-0.026873
0.94194,-0.031247,-0.027938
0.93895,-0.037332,-0.027612
1.1947,-0.035112,-0.028568
1.6292,-0.028023,-0.028351
2.0768,-0.035525,-0.029063
2.2477,-0.033635,-0.029749
2.3786,-0.034175,-0.031001
2.2058,-0.031273,-0.031999
1.5174,-0.035937,-0.032906
0.57697,-0.029766,-0.034289
-0.50296,-0.026651,-0.034552
-1.5971,-0.032702,-0.035751
-2.3584,-0.021976,-0.035789
-2.6195,-0.033358,-0.036606
-2.5978,-0.022137,-0.037217
-2.25,-0.031779,-0.036771
-1.605,-0.024821,-0.038518
-0.97674,-0.020135,-0.036917
-0.48464,-0.032938,-0.039812
-0.27074,-0.00089885,-0.037754
-0.39826,-0.052444,-0.039722
-0.64169,0.0097071,-0.039913
-0.93374,-0.052519,-0.037911
-1.1734,0.0045635,-0.043662
-1.1267,-0.021151,-0.034124
-0.88139,-0.065517,-0.049646
-0.46444,0.13269,-0.02474
-0.12902,-1.2517,-0.11572
0.20528,-2.2898,-0.4864
0.60651,-1.8944,-0.85933
0.70673,-2.0243,-1.1932
1.1192,-2.0145,-1.5352
1.4112,-1.9985,-1.8367
1.2205,-2.0667,-2.1322
1.4568,-2.0459,-2.4053
1.6019,-2.1263,-2.6689
1.7923,-2.1152,-2.9189
2.3995,-2.1693,-3.1536
2.7163,-2.1877,-3.3799
2.9066,-2.2145,-3.5914
2.8094,-2.2481,-3.7952
2.226,-2.2574,-3.9867
1.4696,-2.2801,-4.1682
0.68055,-2.2754,-4.3376
0.13573,-2.2843,-4.4933
-0.21615,-2.288,-4.6384
-0.43266,-2.2631,-4.7685
-0.43902,-2.2263,-4.8798
-0.26775,-2.2047,-4.9752
0.085992,-2.1932,-5.0591
0.50106,-2.1679,-5.1315
0.74113,-2.1323,-5.19
0.77666,-2.0987,-5.2356
0.57211,-2.0619,-5.2691
0.080009,-2.018,-5.2899
-0.47043,-1.9786,-5.2994
-0.92289,-1.9333,-5.2983
-1.0833,-1.8789,-5.2854
-0.98758,-1.8352,-5.2617
-0.88886,-1.7944,-5.2298
-0.80548,-1.7447,-5.1907
-0.79014,-1.6886,-5.1424
-0.76958,-1.6354,-5.085
-0.70975,-1.5744,-5.0197
-0.71797,-1.5056,-4.9453
-0.76135,-1.4431,-4.8628
-0.78902,-1.3743,-4.7721
-0.78042,-1.315,-4.6747
-0.68282,-1.2505,-4.5719
-0.48501,-1.1693,-4.4603
-0.15146,-1.0984,-4.3407
0.29951,-1.0236,-4.2159
0.56015,-0.94972,-4.0852
0.55117,-0.87539,-3.949
0.39674,-0.79221,-3.807
0.033641,-0.72355,-3.6601
-0.32908,-0.66106,-3.5109
-0.4551,-0.58614,-3.3592
-0.48389,-0.50749,-3.2037
-0.4551,-0.4193,-3.0431
-0.26327,-0.33373,-2.8769
0.0052217,-0.23564,-2.7048
0.16788,-0.13352,-2.5238
0.31634,-0.033785,-2.3374
0.41132,0.072582,-2.1438
0.25127,0.15021,-1.9474
-0.04713,0.28274,-1.7459
-0.4637,0.36682,-1.5395
-0.92215,0.49358,-1.3344
-1.2056,0.60231,-1.1202
-1.2456,0.6854,-0.91232
-1.1046,0.84884,-0.69058
-0.84324,0.84646,-0.47737
-0.52502,1.1302,-0.25332
-0.32422,0.80639,-0.034477
-0.16342,-0.0023085,0.0089161
-0.05573,0.069909,-0.015772
-0.079662,0.080912,-0.0033549
-0.070688,0.016242,-0.0097023
-0.10135,0.066932,-0.0057807
-0.1466,0.0048484,-0.0067329
-0.090133,0.042222,-0.0067929
0.017936,0.016298,-0.0045847
0.26511,0.024744,-0.0065042
0.54257,0.016624,-0.0039923
0.65363,0.0089535,-0.0048959
0.67083,0.019897,-0.0037411
0.52836,0.0064829,-0.0035574
0.25539,0.013824,-0.0031113
0.0018563,0.004511,-0.0026164
-0.21765,0.0049384,-0.0025189
-0.29468,0.0074202,-0.0015891
-0.19521,0.0027114,-0.0014054
0.030276,0.0033338,-0.00076427
0.26287,0.0097821,0.00035298
0.45881,0.0067041,0.0016839
0.66261,0.0059468,0.0026887
0.77778,0.0061643,0.0037122
0.75684,-0.0042992,0.0038285
0.58744,0.0033563,0.0046495
0.30063,-0.0037331,0.0052644
0.040746,0.0042973,0.0052119
-0.083402,0.001598,0.0066741
-0.068444,-0.0032007,0.0058867
0.01457,0.0094034,0.0076339
0.19443,-0.010568,0.0068015
0.43488,0.016463,0.0080313
0.54781,-0.020829,0.0084137
0.48349,0.018364,0.0070003
0.29128,-0.0097053,0.010982
0.082253,-0.0066686,0.006018
-0.14735,0.027061,0.013213
-0.3762,-0.068089,0.0053619
-0.57251,0.10238,0.013775
-0.67909,-0.19144,0.0067153
-0.57513,0.6086,0.019395
-0.38517,2.2022,0.30769
0.040372,2.0536,0.70125
0.33017,1.9042,1.0276
0.4087,2.0257,1.3683
0.68654,1.9352,1.6772
0.52013,2.0195,1.9697
0.3369,1.9808,2.2455
0.37093,2.0565,2.5043
0.1791,2.063,2.7553
0.3111,2.0859,2.9866
0.40608,2.1288,3.2111
0.41618,2.1391,3.4224
0.64092,2.1867,3.625
0.75048,2.1793,3.815
0.86827,2.1925,3.9916
0.88547,2.1942,4.1566
0.79087,2.1803,4.307
0.71047,2.1602,4.4437
0.63381,2.1269,4.5611
0.66971,2.1089,4.6633
0.76544,2.0861,4.7536
0.92062,2.06,4.8293
1.1719,2.03,4.8926
1.394,1.989,4.9438
1.4404,1.954,4.9812
1.3413,1.9118,5.0067
1.0975,1.866,5.0213
0.76282,1.8243,5.0236
0.37467,1.7806,5.0149
-0.11033,1.7342,4.9965
-0.50969,1.677,4.9682
-0.77444,1.632,4.9315
-0.87727,1.5904,4.8875
-0.81894,1.5299,4.8348
-0.72209,1.4665,4.7727
-0.56354,1.4022,4.7017
-0.44425,1.3353,4.6222
-0.445,1.269,4.5345
-0.55382,1.2087,4.4388
-0.74378,1.1501,4.3374
-0.8668,1.0731,4.2301
-0.97375,0.98969,4.1134
-1.1263,0.92423,3.9899
-1.1779,0.85158,3.8618
-1.1929,0.77373,3.7275
-1.1876,0.70475,3.5878
-1.0841,0.63226,3.445
-0.98123,0.56737,3.2995
-0.91915,0.50097,3.1509
-0.85259,0.41454,2.9981
-0.77257,0.3358,2.8391
-0.69105,0.25079,2.676
-0.55681,0.14081,2.505
-0.34404,0.054249,2.3265
-0.076297,-0.055477,2.1423
0.22846,-0.13918,1.9526
0.4431,-0.24542,1.7599
0.51191,-0.35439,1.5585
0.54631,-0.44865,1.3588
0.49994,-0.59297,1.1506
0.35523,-0.64408,0.94389
0.1705,-0.81211,0.73254
0.0082132,-0.82752,0.51647
-0.074053,-1.0171,0.30856
-0.14809,-1.0643,0.071805
-0.08041,-0.22378,-0.038792
0.062434,-0.0059675,-0.012814
0.19443,-0.14651,-0.018262
0.44161,-0.024281,-0.018442
0.55528,-0.084712,-0.016402
0.54743,-0.03563,-0.019686
0.52724,-0.052058,-0.016619
0.38701,-0.046584,-0.020207
0.25838,-0.032799,-0.017954
0.1376,-0.048744,-0.019731
-0.038529,-0.025639,-0.019578
-0.18474,-0.043364,-0.019656
-0.28944,-0.030711,-0.020639
-0.37844,-0.032083,-0.02041
-0.46145,-0.029365,-0.02131
-0.51941,-0.026081,-0.021118
-0.55269,-0.031472,-0.021947
-0.55082,-0.026512,-0.022135
-0.52652,-0.025841,-0.022416
-0.49548,-0.031986,-0.023353
-0.38218,-0.035716,-0.024534
-0.18661,-0.027149,-0.025749
0.028032,-0.030167,-0.026521
0.22248,-0.024784,-0.027125
0.37841,-0.021342,-0.027492
0.48648,-0.02848,-0.028662
0.52275,-0.018103,-0.028493
0.48798,-0.029399,-0.029269
0.42029,-0.014497,-0.029798
0.33877,-0.023412,-0.029434
0.28044,-0.024094,-0.031357
0.26548,-0.016326,-0.029614
0.25726,-0.031993,-0.032493
0.30138,0.0018679,-0.0306
0.37879,-0.04354,-0.0321
0.48835,0.013257,-0.032917
0.56052,-0.049006,-0.030206
0.54668,0.0002221,-0.036426
0.54444,-0.010583,-0.026975
0.43862,-0.074091,-0.041735
0.35785,0.1502,-0.018558
0.22697,-1.1761,-0.097871
0.15779,-2.2879,-0.45754
0.28194,-1.8914,-0.82991
0.12226,-1.9758,-1.1561
0.25314,-1.9874,-1.4919
0.44161,-1.9662,-1.7899
0.23445,-2.0252,-2.0798
0.37579,-1.9961,-2.3467
0.29951,-2.0792,-2.6038
0.091975,-2.0679,-2.8483
0.18621,-2.1184,-3.0771
0.11142,-2.142,-3.2982
0.19743,-2.1681,-3.506
0.33765,-2.1952,-3.7056
0.40758,-2.1899,-3.8907
0.4805,-2.2028,-4.0634
0.43712,-2.203,-4.2244
0.44684,-2.194,-4.3719
0.35822,-2.1562,-4.5019
0.24267,-2.1315,-4.6133
0.23295,-2.1196,-4.7128
0.26137,-2.0943,-4.7995
0.36233,-2.0631,-4.8718
0.5407,-2.0314,-4.9311
0.6985,-1.9966,-4.9781
0.82901,-1.9567,-5.0122
0.97858,-1.9187,-5.0344
0.98344,-1.8742,-5.0457
0.89669,-1.8215,-5.0445
0.73515,-1.7765,-5.0319
0.49097,-1.7374,-5.0106
0.26324,-1.6873,-4.9811
0.013822,-1.6347,-4.9425
-0.16305,-1.5839,-4.8951
-0.2427,-1.5259,-4.8396
-0.30926,-1.4637,-4.7748
-0.33581,-1.3996,-4.7013
-0.35712,-1.337,-4.6194
-0.44238,-1.2738,-4.5299
-0.51979,-1.2073,-4.4346
-0.58747,-1.1353,-4.3314
-0.65216,-1.0603,-4.2198
-0.7277,-0.98706,-4.1019
-0.79837,-0.91922,-3.9778
-0.78977,-0.84649,-3.8484
-0.83726,-0.76689,-3.7128
-0.87391,-0.69755,-3.5713
-0.86418,-0.62821,-3.4268
-0.91766,-0.56054,-3.2798
-0.96814,-0.49272,-3.1297
-1.0369,-0.40225,-2.9742
-1.1289,-0.32236,-2.813
-1.1775,-0.22453,-2.6469
-1.1405,-0.12323,-2.4719
-0.99693,-0.031592,-2.2916
-0.77556,0.081197,-2.1033
-0.50558,0.15777,-1.9119
-0.22475,0.28305,-1.7151
0.024293,0.36859,-1.5128
0.23781,0.49827,-1.3114
0.35336,0.60137,-1.1003
0.39823,0.68115,-0.89569
0.43076,0.83797,-0.67723
0.41992,0.83384,-0.46704
0.39561,1.1256,-0.24464
0.32905,0.7867,-0.030379
0.36158,-0.012468,0.0089461
0.47377,0.075157,-0.01518
0.55977,0.076499,-0.0026426
0.6985,0.0076489,-0.00893
0.70561,0.060191,-0.0050458
0.71645,0.0085936,-0.0059719
0.74113,0.042166,-0.0058219
0.60203,0.0095571,-0.0040223
0.52088,0.018127,-0.0057694
0.436,0.011514,-0.003325
0.29839,0.0056469,-0.004446
0.16751,0.013704,-0.0031825
0.047103,0.004586,-0.0031787
-0.053861,0.014903,-0.0027176
-0.15744,0.0048296,-0.002009
-0.22849,0.0084099,-0.0020577
-0.34067,0.0079788,-0.0010942
-0.43416,0.00092317,-0.0008505
-0.51455,0.0064117,-0.00012691
-0.56503,0.0048671,0.0011703
-0.51642,0.0013768,0.0022426
-0.46145,0.0097146,0.0032698
-0.33207,0.0044397,0.0043308
-0.18511,0.0002371,0.0044846
-0.038903,0.0043235,0.0054368
0.096463,-0.0035532,0.0056056
0.12787,0.0084399,0.0063929
0.15293,-0.0044829,0.0070227
0.14433,0.0051933,0.0068465
0.095715,-0.0052102,0.0082562
0.066548,-0.0057501,0.0067116
0.017936,0.011548,0.0097184
0.041494,-0.023569,0.0075289
0.13535,0.026934,0.0097221
0.23744,-0.034228,0.0098496
0.36308,0.032269,0.0080313
0.45357,-0.028544,0.013483
0.56576,-0.0013037,0.0044396
0.60016,0.036456,0.019586
0.57136,-0.1507,-0.0055445
0.4962,1.2893,0.089212
0.44946,2.3302,0.45805
0.57211,1.9009,0.82522
0.46517,2.005,1.1552
0.49433,1.9835,1.4932
0.63344,1.9798,1.7932
0.4891,2.029,2.0862
0.6125,1.997,2.3552
0.60651,2.0838,2.6155
0.50742,2.0639,2.862
0.57249,2.118,3.0933
0.44086,2.1346,3.3159
0.42403,2.1638,3.5253
0.37692,2.1934,3.7272
0.37206,2.1959,3.9154
0.41842,2.2103,4.0922
0.34924,2.1909,4.2557
0.41094,2.1985,4.4058
0.34775,2.1754,4.5427
0.26698,2.1346,4.6611
0.23669,2.1263,4.7639
0.15891,2.1033,4.8544
0.15891,2.0763,4.9312
0.18284,2.0539,4.9952
0.25613,2.0076,5.0469
0.35224,1.9702,5.0849
0.45245,1.9373,5.1111
0.48573,1.8874,5.1256
0.48125,1.8398,5.1279
0.42852,1.7906,5.1196
0.29241,1.7379,5.1012
0.15629,1.69,5.0729
-0.056478,1.6504,5.0369
-0.16193,1.5949,4.9936
-0.23036,1.5381,4.941
-0.31038,1.4837,4.879
-0.27074,1.4125,4.8088
-0.28196,1.3505,4.7298
-0.23522,1.2816,4.6421
-0.20269,1.214,4.5468
-0.2326,1.1583,4.4458
-0.24345,1.086,4.3387
-0.3646,1.0088,4.2226
-0.44911,0.93687,4.0993
-0.52203,0.8684,3.9712
-0.65515,0.79588,3.8374
-0.72957,0.719,3.6979
-0.80435,0.65458,3.5544
-0.86792,0.58644,3.4082
-0.91467,0.51458,3.2589
-0.96515,0.44292,3.1057
-0.98983,0.35018,2.9469
-0.98085,0.27275,2.7833
-0.93897,0.17411,2.6133
-0.89373,0.073789,2.4343
-0.80996,-0.013923,2.2513
-0.65852,-0.11576,2.0613
-0.49361,-0.2007,1.8684
-0.36086,-0.32542,1.6686
-0.23485,-0.4059,1.4658
-0.10621,-0.54962,1.261
-0.0063704,-0.6305,1.0485
0.058321,-0.73065,0.84201
0.083749,-0.86115,0.62084
0.10432,-0.88814,0.41223
0.10432,-1.1686,0.1821
0.12974,-0.66476,-0.014085
0.25464,0.022731,-0.029899
0.32195,-0.12546,-0.012529
0.41655,-0.070867,-0.023657
0.54893,-0.049389,-0.016316
0.55491,-0.074439,-0.021448
0.61399,-0.031832,-0.01885
0.65999,-0.068636,-0.020099
0.61811,-0.028008,-0.0208
0.62596,-0.049617,-0.01993
0.53883,-0.03951,-0.021917
0.39225,-0.033826,-0.020729
0.29802,-0.037902,-0.022322
0.18883,-0.030059,-0.022078
0.10619,-0.037324,-0.022554
0.029528,-0.032061,-0.023046
-0.063957,-0.031836,-0.023147
-0.13575,-0.028582,-0.023717
-0.17763,-0.031712,-0.023987
-0.2083,-0.03157,-0.025033
-0.1982,-0.031697,-0.026319
-0.16716,-0.032998,-0.027312
-0.13687,-0.030194,-0.028444
-0.061713,-0.026508,-0.029037
-0.037781,-0.029354,-0.029487
-0.04713,-0.021181,-0.030375
-0.03105,-0.024068,-0.030109
-0.023198,-0.029076,-0.031515
-0.037407,-0.012191,-0.030949
-0.066574,-0.032398,-0.032066
-0.062835,-0.0094766,-0.032655
-0.074427,-0.027217,-0.031837
-0.086767,-0.013657,-0.034458
-0.049747,-0.016952,-0.031399
-0.012353,-0.037373,-0.035875
0.061686,0.014468,-0.031942
0.1447,-0.068906,-0.03565
0.22659,0.046114,-0.034735
0.28156,-0.096963,-0.032059
0.29914,0.064101,-0.041728
0.34513,-0.13752,-0.018861
0.28755,-1.8127,-0.21086
0.44123,-2.1931,-0.61259
0.53659,-1.8516,-0.95575
0.42104,-2.0441,-1.2936
0.73627,-1.9495,-1.6184
0.7617,-2.0184,-1.9141
0.7086,-2.0104,-2.2005
0.89332,-2.0361,-2.4631
0.63718,-2.0932,-2.7215
0.63793,-2.0834,-2.9612
0.657,-2.1394,-3.1908
0.50518,-2.1479,-3.4088
0.59305,-2.1882,-3.6158
0.53958,-2.2002,-3.8141
0.58183,-2.2077,-3.9981
0.57361,-2.2133,-4.1711
0.48872,-2.2131,-4.3307
0.49059,-2.2094,-4.4785
0.37766,-2.1702,-4.6097
0.35411,-2.1415,-4.7216
0.31522,-2.1296,-4.8204
0.24417,-2.1075,-4.908
0.29727,-2.0737,-4.9817
0.35411,-2.0438,-5.0416
0.39487,-2.0093,-5.0899
0.45021,-1.9675,-5.125
0.41057,-1.9274,-5.1475
0.34438,-1.8871,-5.1598
0.27109,-1.8325,-5.1598
0.092723,-1.7785,-5.1471
-0.041894,-1.7405,-5.1258
-0.20082,-1.6941,-5.0969
-0.32235,-1.6444,-5.0587
-0.31188,-1.593,-5.0121
-0.35376,-1.5327,-4.9573
-0.32609,-1.4695,-4.8926
-0.2599,-1.4048,-4.8193
-0.27486,-1.3467,-4.738
-0.27897,-1.2811,-4.6487
-0.32684,-1.2133,-4.5525
-0.39601,-1.1484,-4.4496
-0.44463,-1.0724,-4.3392
-0.52839,-0.99794,-4.2213
-0.58373,-0.92873,-4.0969
-0.63533,-0.85877,-3.9678
-0.67684,-0.77886,-3.8328
-0.63833,-0.70449,-3.6909
-0.64281,-0.64203,-3.5455
-0.67946,-0.57097,-3.3979
-0.68956,-0.50406,-3.2472
-0.69105,-0.42116,-3.0924
-0.68619,-0.33443,-2.9312
-0.70264,-0.25476,-2.765
-0.64169,-0.14344,-2.5905
-0.55868,-0.052523,-2.4088
-0.47192,0.053908,-2.2217
-0.31076,0.13662,-2.0278
-0.22924,0.23613,-1.8324
-0.13239,0.35218,-1.6284
-0.020954,0.43284,-1.4257
-0.0052485,0.58096,-1.2161
0.024667,0.63009,-1.0066
0.0089611,0.79962,-0.79505
-0.027685,0.83834,-0.57306
-0.0037528,0.96895,-0.36513
0.024293,1.1115,-0.12476
0.089358,0.30773,0.012264
0.19331,-0.040196,-0.0087238
0.30213,0.1294,-0.0081126
0.41281,0.011113,-0.0045547
0.45881,0.064113,-0.00869
0.44983,0.022645,-0.0037074
0.46143,0.026563,-0.0071903
0.43189,0.03324,-0.0036324
0.37841,0.0059731,-0.0052408
0.35261,0.029513,-0.0040935
0.25539,0.0087136,-0.0036736
0.17499,0.01911,-0.0038273
0.14694,0.0091298,-0.0025526
0.10319,0.012001,-0.0029275
0.084871,0.0092197,-0.0018853
0.059443,0.0041961,-0.0018253
0.0127,0.0076451,-0.0010792
-0.036659,0.0041886,-0.00067429
-0.071436,0.0076676,-0.0001869
-0.066574,0.0078513,0.00099784
-0.017215,0.0099695,0.0021451
0.040372,0.0060593,0.0031499
0.094967,0.00096066,0.0043083
0.13685,-0.0045879,0.0045933
0.15854,0.0052833,0.0052681
0.14507,-0.0020086,0.0063217
0.10581,0.00034957,0.0059205
0.084123,0.0052345,0.0073077
0.013448,-0.0082282,0.0067865
-0.056852,0.010888,0.0083837
-0.072183,-0.012056,0.0081362
-0.092376,0.013928,0.0082412
-0.08041,-0.011771,0.0098534
-0.024319,0.005527,0.0074726
0.042989,0.004541,0.012028
0.10581,-0.020682,0.007004
0.14021,0.04313,0.013284
0.172,-0.073615,0.0083312
0.1705,0.095117,0.011364
0.13647,-0.15276,0.013063
0.11292,0.3556,0.0045595
0.059069,2.0483,0.24977
0.21126,2.1337,0.65018
0.30101,1.8783,0.98253
0.22435,2.0314,1.3241
0.44684,1.9242,1.6409
0.42478,2.0141,1.936
0.393,1.9857,2.2191
0.58071,2.0347,2.4813
0.47115,2.0538,2.7378
0.56089,2.0595,2.9745
0.60502,2.1173,3.2028
0.56426,2.1108,3.4178
0.68915,2.1562,3.624
0.69252,2.1674,3.8199
0.78339,2.1639,4.0017
0.74263,2.1669,4.1724
0.66447,2.163,4.3285
0.64241,2.1527,4.4718
0.50331,2.1208,4.5981
0.42254,2.0863,4.7069
0.33167,2.068,4.8031
0.29727,2.0369,4.8858
0.31484,2.0053,4.9552
0.36495,1.982,5.013
0.43862,1.9369,5.0573
0.48685,1.9015,5.0886
0.50331,1.8582,5.1092
0.43637,1.8034,5.1174
0.33317,1.762,5.1137
0.13984,1.7134,5.1
-0.044138,1.6652,5.0764
-0.22363,1.6198,5.0441
-0.40798,1.572,5.0047
-0.46893,1.5203,4.9571
-0.50782,1.4545,4.8993
-0.5168,1.3949,4.8328
-0.49959,1.3348,4.7583
-0.47005,1.258,4.6745
-0.445,1.2012,4.5826
-0.47641,1.1483,4.4847
-0.49399,1.0772,4.3809
-0.53661,0.99895,4.2685
-0.59719,0.92447,4.1482
-0.58074,0.86074,4.0225
-0.59196,0.78447,3.8908
-0.62524,0.71115,3.7538
-0.57962,0.6489,3.6123
-0.56616,0.57916,3.4673
-0.58672,0.50873,3.3196
-0.59458,0.43998,3.1684
-0.63608,0.3588,3.0119
-0.66899,0.28124,2.85
-0.67759,0.18471,2.6827
-0.62786,0.080961,2.5058
-0.52914,-0.00013405,2.3236
-0.42256,-0.1139,2.1352
-0.26514,-0.18964,1.9415
-0.12341,-0.30015,1.7445
0.010083,-0.39882,1.5405
0.078888,-0.50906,1.338
0.063182,-0.62944,1.1259
0.10581,-0.68316,0.91863
0.10693,-0.85369,0.70195
0.077392,-0.84963,0.48627
0.050842,-1.0953,0.27036
-0.0048746,-0.96564,0.038467
0.091975,-0.10641,-0.038552
0.16602,-0.04501,-0.010351
0.2049,-0.12955,-0.020702
0.35485,-0.029732,-0.016949
0.32756,-0.086894,-0.017759
0.31709,-0.030246,-0.019105
0.36458,-0.065288,-0.017369
0.28493,-0.040241,-0.02044
0.29502,-0.035903,-0.018003
0.28081,-0.045156,-0.020294
0.20977,-0.028694,-0.019514
0.18284,-0.041924,-0.02026
0.10245,-0.027164,-0.02074
0.045607,-0.034145,-0.020714
0.020553,-0.028327,-0.021583
-0.0056225,-0.029849,-0.02122
-0.022824,-0.033099,-0.022202
-0.076297,-0.024169,-0.022476
-0.098733,-0.03004,-0.022956
-0.078914,-0.032042,-0.024197
-0.035538,-0.027847,-0.025261
0.023919,-0.032346,-0.026484
0.10207,-0.026388,-0.027372
0.18658,-0.019276,-0.027395
0.1907,-0.026036,-0.028609
0.18322,-0.01717,-0.028793
0.17985,-0.025121,-0.029108
0.12039,-0.018328,-0.030244
0.08674,-0.024098,-0.029573
0.084871,-0.023367,-0.031504
0.046729,-0.011062,-0.030083
0.0085872,-0.034962,-0.032355
0.01457,0.0039486,-0.03144
0.02691,-0.043821,-0.0315
0.076644,0.0081663,-0.033832
0.13086,-0.03338,-0.02973
0.14545,-0.027101,-0.037176
0.18284,0.021745,-0.027436
0.15255,-0.10593,-0.040389
0.14807,0.17781,-0.023754
0.092349,-0.91561,-0.069138
0.062434,-2.2558,-0.40154
0.2595,-1.9328,-0.78694
0.19107,-1.9386,-1.1144
0.28792,-2.0012,-1.4556
0.56762,-1.9393,-1.7597
0.47152,-2.0174,-2.0532
0.64054,-1.9765,-2.326
0.6469,-2.061,-2.586
0.45731,-2.0539,-2.8364
0.60203,-2.0887,-3.0692
0.51228,-2.1171,-3.2944
0.53547,-2.1356,-3.506
0.64054,-2.1694,-3.7099
0.60277,-2.1647,-3.9005
0.69439,-2.179,-4.0786
0.63942,-2.1747,-4.2449
0.61624,-2.1731,-4.3985
0.57211,-2.1429,-4.5376
0.44572,-2.1086,-4.6571
0.43151,-2.0929,-4.7616
0.38028,-2.0662,-4.8539
0.34438,-2.0389,-4.9329
0.4001,-2.0094,-4.9993
0.47115,-1.9747,-5.0531
0.51303,-1.9341,-5.0939
0.55192,-1.8968,-5.1228
0.51453,-1.8589,-5.1402
0.41506,-1.8067,-5.1456
0.27932,-1.7525,-5.1389
0.10357,-1.7089,-5.1218
-0.062835,-1.6684,-5.0964
-0.24681,-1.6175,-5.0627
-0.34142,-1.5673,-5.0204
-0.4005,-1.514,-4.9698
-0.43378,-1.4485,-4.9101
-0.41658,-1.3882,-4.8411
-0.43976,-1.3262,-4.7638
-0.42593,-1.2591,-4.6782
-0.45771,-1.1967,-4.585
-0.51754,-1.1313,-4.4853
-0.51829,-1.0597,-4.3784
-0.58597,-0.98649,-4.2637
-0.6488,-0.91631,-4.1421
-0.62898,-0.85207,-4.0153
-0.66824,-0.77858,-3.8826
-0.67722,-0.69667,-3.7432
-0.6114,-0.63213,-3.5991
-0.62,-0.56954,-3.4531
-0.61701,-0.50062,-3.3042
-0.60205,-0.42922,-3.1513
-0.62449,-0.34393,-2.9929
-0.62636,-0.26393,-2.8289
-0.59121,-0.15949,-2.6584
-0.49773,-0.062221,-2.4785
-0.4192,0.029374,-2.2936
-0.28795,0.12713,-2.1012
-0.12491,0.20911,-1.9063
-0.029555,0.33525,-1.7047
0.090854,0.41239,-1.5001
0.15293,0.55286,-1.2941
0.16602,0.62556,-1.0811
0.16078,0.73098,-0.8737
0.11441,0.85672,-0.65063
0.083749,0.87289,-0.44209
0.05346,1.17,-0.21088
0.085618,0.65419,-0.011922
0.16415,-0.047525,0.0041434
0.21874,0.1086,-0.013058
0.29764,0.046177,-0.0016528
0.35074,0.032239,-0.0089112
0.35224,0.058418,-0.0036774
0.3485,0.0064192,-0.0064743
0.34738,0.044588,-0.0046934
0.3283,0.0041736,-0.0039661
0.28605,0.027024,-0.0048584
0.22659,0.017003,-0.0026614
0.13049,0.014873,-0.0037599
0.097958,0.015109,-0.0022377
0.080009,0.0043123,-0.0025789
0.036633,0.011435,-0.0017578
0.031771,0.0017292,-0.0013491
-0.025441,0.0088561,-0.0012667
-0.080784,0.0076189,-0.00044934
-0.12827,0.0049346,-0.00012317
-0.16866,0.0099095,0.00091535
-0.10621,0.0087661,0.0021488
-0.046382,0.0046047,0.0033523
0.01644,0.0089535,0.0045558
0.10394,0.0027602,0.0050057
0.14059,0.0032551,0.0056693
0.16228,0.0022916,0.0064191
0.18097,0.0013468,0.0062617
0.19369,0.00092692,0.0077763
0.16714,-0.0048316,0.0070977
0.11105,0.012354,0.0085786
0.080757,-0.013758,0.0084624
0.036633,0.016527,0.0085299
0.0074654,-0.0088505,0.010622
0.052712,0.00010588,0.0077463
0.11553,0.0075439,0.012392
0.1705,-0.025012,0.0076264
0.19331,0.04563,0.013025
0.20341,-0.073637,0.0092497
0.19107,0.094866,0.010933
0.15517,-0.13374,0.014956
0.1462,0.29133,0.0013653
0.087862,2.0125,0.23241
0.21837,2.1598,0.6349
0.30437,1.8573,0.97066
0.215,2.0295,1.3123
0.42067,1.9143,1.6324
0.40234,1.9983,1.9291
0.34401,1.9747,2.2151
0.52649,2.0059,2.4785
0.44348,2.0465,2.737
0.48872,2.0544,2.9763
0.52799,2.0953,3.2063
0.47339,2.0959,3.4236
0.54818,2.1433,3.631
0.57024,2.1517,3.8295
0.6656,2.157,4.0142
0.6484,2.1521,4.1878
0.61511,2.15,4.3469
0.61811,2.1467,4.4939
0.50181,2.1111,4.6258
0.46666,2.0815,4.739
0.40721,2.056,4.8375
0.34551,2.0288,4.9237
0.37692,1.9981,4.9966
0.44049,1.9669,5.0569
0.47751,1.9271,5.1046
0.51079,1.8789,5.1396
0.52874,1.8466,5.1628
0.4532,1.7967,5.174
0.35224,1.7479,5.1741
0.172,1.7091,5.163
-0.02245,1.6466,5.1415
-0.20344,1.6086,5.1117
-0.3575,1.5648,5.0736
-0.40387,1.5069,5.0277
-0.45622,1.4581,4.973
-0.44612,1.3907,4.9093
-0.40761,1.3273,4.8371
-0.41322,1.264,4.7554
-0.41396,1.2021,4.6655
-0.43902,1.1447,4.569
-0.45659,1.0754,4.4664
-0.52315,0.99983,4.3561
-0.60617,0.92733,4.2377
-0.60916,0.85945,4.1128
-0.64468,0.79153,3.982
-0.66936,0.71969,3.8459
-0.60467,0.64372,3.7047
-0.57625,0.58558,3.5596
-0.57476,0.52442,3.4124
-0.58186,0.44679,3.2614
-0.60318,0.36972,3.106
-0.61327,0.28836,2.9453
-0.62412,0.20999,2.7793
-0.55606,0.10453,2.6056
-0.47753,0.014697,2.4243
-0.38854,-0.082061,2.2381
-0.23709,-0.172,2.0437
-0.13575,-0.25768,1.8481
-0.019832,-0.37899,1.6447
0.051964,-0.45904,1.4398
0.083001,-0.60641,1.2302
0.13236,-0.65802,1.0175
0.072531,-0.79745,0.80711
0.020179,-0.87344,0.58289
0.023919,-0.94112,0.37478
-0.0041267,-1.1728,0.13661
0.04112,-0.47376,-0.02967
0.16302,0.040925,-0.02134
0.23445,-0.15091,-0.014025
0.30175,-0.042652,-0.021478
0.35261,-0.067196,-0.015225
0.32793,-0.058652,-0.020571
0.33391,-0.036811,-0.016822
0.34064,-0.061352,-0.019997
0.29054,-0.024859,-0.019056
0.25127,-0.048369,-0.019079
0.18808,-0.027063,-0.020462
0.1376,-0.036458,-0.01972
0.11067,-0.036927,-0.021133
0.073652,-0.031517,-0.020755
0.059817,-0.038153,-0.021722
0.033641,-0.029058,-0.021677
-0.0037528,-0.032319,-0.022018
-0.072183,-0.027337,-0.022678
-0.10359,-0.025027,-0.023094
-0.08228,-0.034288,-0.024455
-0.058348,-0.027221,-0.025546
-0.0041267,-0.028559,-0.026536
0.048599,-0.029031,-0.027852
0.1189,-0.019479,-0.027987
0.16676,-0.032188,-0.028696
0.18471,-0.022238,-0.029205
0.20154,-0.027007,-0.029543
0.1993,-0.0197,-0.030525
0.16788,-0.021987,-0.029858
0.096463,-0.024851,-0.031957
0.056077,-0.0056526,-0.030574
0.0078393,-0.036769,-0.032358
-0.016093,0.0019317,-0.031867
0.037754,-0.043836,-0.031781
0.085618,0.0021828,-0.034664
0.12638,-0.025661,-0.029963
0.15741,-0.033538,-0.037611
0.19107,0.029007,-0.028321
0.14246,-0.11199,-0.040041
0.1432,0.18082,-0.02588
0.11366,-0.83794,-0.06146
0.046729,-2.2404,-0.38349
0.22659,-1.9467,-0.7731
0.15554,-1.9251,-1.1021
0.25314,-2.0038,-1.4459
0.57996,-1.9277,-1.7527
0.47638,-2.0133,-2.048
0.64615,-1.967,-2.324
0.67681,-2.0445,-2.5858
0.48985,-2.0409,-2.8388
0.6125,-2.0704,-3.0733
0.51415,-2.1015,-3.3001
0.50929,-2.1171,-3.5138
0.58819,-2.1518,-3.7198
0.61848,-2.1454,-3.9128
0.68168,-2.16,-4.0937
0.60614,-2.1548,-4.2629
0.62072,-2.1564,-4.4191
0.56314,-2.1356,-4.5626
0.46741,-2.0919,-4.6872
0.4446,-2.0734,-4.7955
0.37056,-2.0513,-4.8911
0.32083,-2.0243,-4.9737
0.3556,-1.9977,-5.0437
0.40421,-1.9568,-5.1008
0.42964,-1.9168,-5.1441
0.48237,-1.8825,-5.1754
0.4431,-1.8395,-5.1961
0.3657,-1.7905,-5.2045
0.24716,-1.7435,-5.2011
0.074026,-1.6948,-5.1875
-0.073679,-1.6493,-5.1643
-0.24457,-1.6053,-5.1329
-0.33357,-1.5536,-5.0933
-0.3833,-1.4985,-5.0444
-0.42892,-1.4406,-4.9869
-0.40761,-1.3821,-4.9206
-0.40387,-1.3219,-4.8452
-0.42481,-1.2543,-4.7619
-0.44575,-1.1888,-4.6704
-0.45622,-1.1304,-4.5724
-0.48202,-1.0631,-4.4688
-0.55045,-0.98706,-4.3564
-0.61776,-0.91901,-4.2359
-0.61327,-0.85317,-4.1108
-0.60953,-0.77851,-3.9803
-0.61626,-0.70175,-3.8418
-0.54484,-0.63369,-3.6977
-0.53063,-0.56935,-3.5516
-0.52727,-0.50272,-3.4028
-0.5153,-0.43468,-3.25
-0.54073,-0.35199,-3.093
-0.53886,-0.27275,-2.9301
-0.52278,-0.18201,-2.7611
-0.445,-0.075452,-2.5828
-0.38704,0.0050058,-2.3988
-0.2786,0.11128,-2.2086
-0.15445,0.1887,-2.0123
-0.093872,0.30101,-1.8133
0.014196,0.40021,-1.6062
0.050094,0.49313,-1.4014
0.093845,0.6309,-1.1879
0.12189,0.67766,-0.97723
0.056077,0.85265,-0.7593
0.047477,0.85104,-0.53897
0.056451,1.0572,-0.3249
0.048225,1.0425,-0.084536
0.097211,0.15974,0.015725
0.1892,-0.0026646,-0.01236
0.25838,0.12437,-0.0045997
0.2954,0.0035737,-0.0058894
0.30512,0.071779,-0.0062905
0.28979,0.014356,-0.0036061
0.27109,0.036513,-0.006688
0.24753,0.02834,-0.0027326
0.20827,0.01289,-0.0048959
0.1892,0.027451,-0.0030738
0.12862,0.0091522,-0.0033212
0.075522,0.019485,-0.0028301
0.089358,0.0049609,-0.0021252
0.061312,0.0099883,-0.0022977
0.069539,0.0085412,-0.0011317
0.096837,0.0071878,-0.0013229
0.026536,0.00808,-0.00053932
-0.030302,0.0027827,2.6801e-05
-0.025815,0.0013805,0.00044296
-0.016841,0.008365,0.0013278
0.022049,0.010637,0.0025837
0.0744,0.0027339,0.0036485
0.12339,0.0063367,0.0047957
0.15667,0.0023066,0.0051894
0.16714,0.008005,0.005673
0.18509,0.00043955,0.0067716
0.16489,-0.0053452,0.0063179
0.1376,0.0028914,0.0078326
0.11105,-0.0092891,0.0076001
0.0658,0.0083874,0.0084624
0.043363,-0.011756,0.0089311
0.020553,0.0090398,0.0082862
0.030276,-0.011134,0.010776
0.09048,-0.0038231,0.0078701
0.14507,0.01857,0.012309
0.1877,-0.03729,0.0083537
0.18322,0.051741,0.012095
0.16377,-0.068014,0.011012
0.15181,0.075525,0.0088486
0.081505,-0.087827,0.017775
0.070287,0.13031,-0.0039211
0.042616,1.8449,0.1904
0.12226,2.2101,0.58944
0.23258,1.8256,0.9291
0.16676,1.9995,1.2648
0.36906,1.9032,1.5884
0.3844,1.9636,1.8836
0.29876,1.9478,2.1695
0.49545,1.9716,2.4318
0.39935,2.0174,2.6894
0.45956,2.0039,2.9282
0.54893,2.0555,3.1564
0.46591,2.0622,3.3744
0.57398,2.0983,3.5817
0.59567,2.0896,3.7789
0.66111,2.0931,3.9616
0.63232,2.0973,4.1324
0.56314,2.0808,4.2894
0.55342,2.0609,4.432
0.40272,2.0198,4.5569
0.35373,2.0022,4.6659
0.32195,1.9749,4.762
0.27932,1.9402,4.8448
0.29689,1.9123,4.9143
0.35972,1.8748,4.9711
0.43675,1.8359,5.0155
0.48199,1.7904,5.0467
0.50742,1.75,5.0666
0.43413,1.7061,5.0753
0.33728,1.6511,5.0718
0.16788,1.6155,5.0582
-0.034042,1.5736,5.0363
-0.20044,1.5158,5.0053
-0.36199,1.4718,4.9658
-0.39564,1.4184,4.9178
-0.45136,1.3557,4.8603
-0.48052,1.2942,4.7935
-0.43042,1.2278,4.7175
-0.45697,1.1653,4.6333
-0.43079,1.1042,4.5421
-0.43864,1.0429,4.4441
-0.49997,0.97831,4.3392
-0.51343,0.90946,4.2263
-0.59084,0.83672,4.1059
-0.6114,0.76513,3.9793
-0.5871,0.6998,3.8477
-0.59682,0.6307,3.7108
-0.54185,0.56352,3.5688
-0.50483,0.50071,3.4244
-0.50483,0.43562,3.2764
-0.50707,0.36358,3.1241
-0.51455,0.27766,2.9666
-0.52614,0.20227,2.8032
-0.53624,0.10496,2.633
-0.47865,0.014686,2.4545
-0.39901,-0.071853,2.2713
-0.30814,-0.17204,2.0801
-0.17128,-0.24574,1.887
-0.0576,-0.36868,1.6873
0.060565,-0.4438,1.4833
0.1548,-0.57895,1.2778
0.18022,-0.65971,1.0647
0.17536,-0.7561,0.85709
0.11254,-0.88537,0.63404
0.068791,-0.89013,0.42471
0.04112,-1.1744,0.19477
0.020553,-0.69078,-0.0066955
0.087862,0.027661,-0.026379
0.13236,-0.12208,-0.0075953
0.18883,-0.075853,-0.019068
0.26361,-0.044091,-0.011761
0.24604,-0.077746,-0.016758
0.26997,-0.025804,-0.014445
0.28755,-0.061325,-0.015806
0.24866,-0.026276,-0.016593
0.24005,-0.043446,-0.015394
0.18845,-0.036357,-0.017501
0.13573,-0.031667,-0.016312
0.11142,-0.035244,-0.017883
0.078514,-0.026336,-0.017546
0.083749,-0.028375,-0.018108
0.084871,-0.024469,-0.018472
0.043363,-0.028859,-0.018393
-0.0045007,-0.02358,-0.019319
-0.041147,-0.027161,-0.019551
-0.04339,-0.026291,-0.020147
-0.022824,-0.02496,-0.021328
0.0074654,-0.02821,-0.022712
0.067295,-0.023082,-0.02351
0.11329,-0.021252,-0.024437
0.15031,-0.022756,-0.02453
0.18097,-0.02845,-0.025284
0.1963,-0.019591,-0.025977
0.21126,-0.025455,-0.025906
0.17948,-0.01853,-0.02732
0.13535,-0.01913,-0.026465
0.10581,-0.026501,-0.028242
0.0658,-0.0027321,-0.027571
0.013448,-0.037399,-0.028666
0.013448,0.0044135,-0.029168
0.052712,-0.032027,-0.027785
0.084497,-0.012123,-0.031601
0.12488,-0.0099002,-0.02642
0.10918,-0.046502,-0.033667
0.14059,0.043707,-0.02609
0.11329,-0.11838,-0.034064
0.091975,0.1734,-0.027575
0.10132,-0.60182,-0.039077
0.0040999,-2.1556,-0.32565
0.18509,-2.0055,-0.72176
0.16751,-1.8687,-1.0496
0.16751,-1.9895,-1.3899
0.52051,-1.8936,-1.6992
0.45021,-1.979,-1.9926
0.56688,-1.9319,-2.2697
0.65027,-1.9928,-2.5292
0.40795,-1.9995,-2.7817
0.52687,-2.0214,-3.0157
0.48798,-2.0625,-3.2432
0.46404,-2.0671,-3.4577
0.56987,-2.0973,-3.6628
0.58707,-2.0874,-3.8553
0.67308,-2.0956,-4.0341
0.58445,-2.0908,-4.2015
0.54556,-2.0751,-4.3552
0.50854,-2.0408,-4.4923
0.38888,-2.0099,-4.6111
0.37206,-1.9968,-4.7167
0.3283,-1.9695,-4.8099
0.29241,-1.9398,-4.8895
0.3369,-1.9046,-4.956
0.38103,-1.8639,-5.0089
0.40421,-1.8272,-5.0494
0.4618,-1.7876,-5.0787
0.436,-1.7394,-5.0956
0.34513,-1.6933,-5.1005
0.21911,-1.6455,-5.0944
0.042616,-1.5975,-5.078
-0.096863,-1.5573,-5.0533
-0.25728,-1.51,-5.0207
-0.3302,-1.4568,-4.9792
-0.34852,-1.4011,-4.9282
-0.41172,-1.3433,-4.8678
-0.37993,-1.2829,-4.7986
-0.36124,-1.2165,-4.721
-0.39452,-1.1524,-4.6345
-0.42219,-1.0957,-4.5411
-0.45472,-1.0336,-4.4423
-0.44986,-0.95565,-4.3354
-0.51231,-0.88926,-4.2198
-0.5841,-0.83052,-4.0988
-0.54559,-0.75577,-3.9726
-0.55494,-0.68251,-3.8389
-0.54783,-0.61154,-3.6992
-0.46295,-0.55158,-3.556
-0.4379,-0.49253,-3.4103
-0.44163,-0.41898,-3.261
-0.445,-0.34497,-3.1077
-0.44163,-0.26511,-2.9478
-0.4364,-0.18091,-2.782
-0.41247,-0.077259,-2.6077
-0.35899,0.0078776,-2.4256
-0.29617,0.10489,-2.2388
-0.18362,0.19089,-2.0447
-0.070688,0.28321,-1.8492
-0.011605,0.39271,-1.6453
0.084871,0.46834,-1.4419
0.15816,0.60973,-1.2326
0.14545,0.66025,-1.0214
0.1533,0.8142,-0.80967
0.10731,0.86048,-0.58668
0.051964,0.97838,-0.37753
0.038502,1.144,-0.13548
0.047477,0.35493,0.011443
0.12862,-0.045992,-0.0065455
0.17649,0.13811,-0.0082814
0.25202,0.015091,-0.0034149
0.28044,0.05898,-0.0080751
0.23706,0.028681,-0.0027701
0.27894,0.022338,-0.0064218
0.25053,0.033285,-0.0030138
0.21351,0.0032101,-0.0044572
0.19556,0.033412,-0.0033549
0.1088,0.0066367,-0.0027288
0.095341,0.014352,-0.003055
0.086366,0.011079,-0.0015853
0.063182,0.0084099,-0.0022152
0.074774,0.0096171,-0.00099297
0.067295,0.0064305,-0.0010492
0.042616,0.010254,-0.00044934
0.00036053,0.001733,0.00024425
-0.023198,0.005167,0.00047295
-0.041894,0.0061006,0.0016314
-0.0097358,0.00339,0.0027562
0.046729,0.0067716,0.0038922
0.080757,0.0079713,0.0049944
0.14208,0.0031576,0.0054256
0.17574,0.0062018,0.0060892
0.19518,0.0020929,0.0070077
0.19256,0.001403,0.0068015
0.17275,0.0022241,0.0082412
0.14657,-0.0056001,0.0076676
0.090854,0.012658,0.0087399
0.056451,-0.012798,0.009201
0.019805,0.009947,0.0087549
0.019431,-0.010575,0.011072
0.056077,-0.0031108,0.00832
0.078514,0.017595,0.012699
0.13797,-0.033328,0.0083537
0.13834,0.045911,0.01268
0.13161,-0.06855,0.010704
0.14283,0.079791,0.0096097
0.094593,-0.10381,0.017445
0.081879,0.17176,-0.0024851
0.02878,1.8883,0.20208
0.13872,2.1986,0.60317
0.2337,1.8291,0.9423
0.1462,2.001,1.2803
0.34775,1.9004,1.6041
0.34887,1.9559,1.9006
0.26623,1.9379,2.1867
0.43749,1.9626,2.45
0.35934,2.0053,2.7093
0.4173,1.995,2.9496
0.49209,2.0344,3.1798
0.44423,2.042,3.3989
0.54968,2.0868,3.6079
0.56987,2.0816,3.8076
0.64615,2.0758,3.9925
0.63942,2.0779,4.1663
0.57249,2.0726,4.326
0.56351,2.0505,4.4721
0.44497,2.0078,4.6014
0.39636,1.9789,4.7129
0.33952,1.95,4.8114
0.27072,1.929,4.8973
0.31148,1.9032,4.9696
0.37131,1.8728,5.0297
0.39113,1.8287,5.0771
0.44123,1.7744,5.1113
0.47451,1.7388,5.1336
0.39,1.6964,5.1449
0.29502,1.6462,5.1439
0.13834,1.6037,5.1322
-0.023572,1.5589,5.1119
-0.15782,1.51,5.0822
-0.30589,1.4656,5.0447
-0.34142,1.4119,4.9993
-0.38517,1.3499,4.9443
-0.42817,1.2962,4.8803
-0.40088,1.2323,4.8068
-0.39863,1.1657,4.7246
-0.40611,1.1045,4.635
-0.4536,1.0394,4.5373
-0.48464,0.98163,4.4334
-0.51193,0.91054,4.3226
-0.59271,0.82832,4.2027
-0.56616,0.76893,4.0766
-0.55494,0.70424,3.9457
-0.57513,0.62968,3.8093
-0.46706,0.5657,3.6678
-0.41695,0.50589,3.5232
-0.4536,0.44387,3.3757
-0.4723,0.37504,3.2238
-0.46257,0.29729,3.0677
-0.48239,0.21939,2.9051
-0.51156,0.13405,2.7371
-0.44463,0.034154,2.5605
-0.38667,-0.051589,2.3771
-0.31599,-0.15489,2.1874
-0.18175,-0.22604,1.9922
-0.088637,-0.33426,1.7947
0.022049,-0.43418,1.5883
0.094593,-0.52142,1.3837
0.11441,-0.65498,1.1708
0.12488,-0.69773,0.96052
0.051216,-0.86658,0.74375
0.032519,-0.86788,0.52297
0.032145,-1.0628,0.30974
-0.0074922,-1.0686,0.068843
0.078514,-0.19883,-0.037094
0.13423,-0.011445,-0.0097135
0.172,-0.14418,-0.016556
0.26062,-0.024514,-0.015622
0.22622,-0.086657,-0.014299
0.21687,-0.036713,-0.017516
0.23071,-0.058967,-0.014396
0.19481,-0.044114,-0.017849
0.18172,-0.030486,-0.015577
0.15405,-0.04688,-0.017654
0.11965,-0.025972,-0.017351
0.088236,-0.043289,-0.017632
0.1103,-0.028537,-0.01864
0.12451,-0.029714,-0.01828
0.10245,-0.026013,-0.019165
0.099454,-0.02343,-0.018929
0.046729,-0.02917,-0.019709
0.009335,-0.023869,-0.019979
-0.019458,-0.0252,-0.02059
-0.033294,-0.027873,-0.021996
0.028032,-0.025968,-0.023083
0.055703,-0.027697,-0.024148
0.11292,-0.025316,-0.025085
0.1619,-0.019498,-0.025393
0.1548,-0.025879,-0.026259
0.18135,-0.017604,-0.026499
0.17536,-0.026081,-0.026817
0.1533,-0.019288,-0.028114
0.12152,-0.018174,-0.0272
0.070661,-0.02499,-0.029194
0.045607,-0.0037031,-0.028201
0.017562,-0.039941,-0.029569
0.028406,0.00057826,-0.029693
0.072531,-0.03509,-0.028504
0.10432,-0.0096828,-0.032257
0.14358,-0.014928,-0.027128
0.14994,-0.044717,-0.034675
0.14283,0.037225,-0.026491
0.079635,-0.11962,-0.035399
0.061312,0.17772,-0.027245
0.042989,-0.6551,-0.043321
-0.03105,-2.1789,-0.33823
0.12339,-1.991,-0.73387
0.082627,-1.8787,-1.0633
0.13722,-1.9858,-1.4057
0.47825,-1.8899,-1.7147
0.4087,-1.9763,-2.0094
0.54706,-1.9265,-2.2872
0.64054,-1.9905,-2.5484
0.42216,-1.9933,-2.802
0.53696,-2.0116,-3.0372
0.48087,-2.0498,-3.2656
0.46068,-2.0572,-3.4811
0.5766,-2.0865,-3.6879
0.58109,-2.0794,-3.8821
0.66971,-2.0877,-4.0632
0.5923,-2.0815,-4.2329
0.54968,-2.0756,-4.3894
0.50966,-2.0424,-4.5314
0.39412,-2.0044,-4.6542
0.37206,-1.9906,-4.7621
0.31596,-1.9632,-4.8577
0.27932,-1.932,-4.9405
0.31447,-1.8978,-5.0099
0.37392,-1.8594,-5.066
0.42628,-1.8225,-5.1096
0.48311,-1.7834,-5.1408
0.45582,-1.7368,-5.1606
0.38028,-1.6911,-5.1685
0.26249,-1.6452,-5.165
0.080383,-1.5932,-5.151
-0.073305,-1.5501,-5.1272
-0.24532,-1.5075,-5.0959
-0.32571,-1.4529,-5.0564
-0.34965,-1.3978,-5.0073
-0.40312,-1.3411,-4.9492
-0.39676,-1.2807,-4.8822
-0.37732,-1.2226,-4.8068
-0.37395,-1.1608,-4.7222
-0.40648,-1.1017,-4.6304
-0.4349,-1.0402,-4.5336
-0.44163,-0.96378,-4.428
-0.50221,-0.89147,-4.3132
-0.57363,-0.83168,-4.1931
-0.55868,-0.7606,-4.0672
-0.5426,-0.68565,-3.9341
-0.53774,-0.62392,-3.7954
-0.445,-0.55945,-3.6524
-0.41957,-0.50051,-3.5069
-0.43565,-0.43482,-3.358
-0.41658,-0.3589,-3.205
-0.44575,-0.28027,-3.0466
-0.45659,-0.2012,-2.8819
-0.43042,-0.10808,-2.7106
-0.37507,-0.015662,-2.5298
-0.31263,0.073995,-2.3443
-0.19147,0.17406,-2.1513
-0.052739,0.24462,-1.9551
0.010831,0.36362,-1.7536
0.097584,0.43788,-1.5465
0.13834,0.56558,-1.3403
0.14358,0.66061,-1.1244
0.15405,0.73359,-0.91485
0.091975,0.8893,-0.69143
0.041868,0.87592,-0.47683
0.023171,1.1596,-0.24968
0.01831,0.80289,-0.030405
0.092723,-0.010076,0.010573
0.16153,0.079322,-0.013879
0.21687,0.082734,-0.0011017
0.27221,0.021123,-0.007614
0.23893,0.064101,-0.0039436
0.215,0.0089648,-0.0048846
0.20565,0.049773,-0.0047271
0.18284,0.011038,-0.0028713
0.17237,0.023871,-0.0045847
0.12077,0.018499,-0.0020652
0.0744,0.0099583,-0.0029988
0.061686,0.017306,-0.0016341
0.075522,0.0044022,-0.0017353
0.084497,0.013389,-0.0013491
0.069913,0.0036674,-0.0006218
0.048972,0.0096509,-0.00052808
-0.012727,0.0099733,0.00012803
-0.041894,0.0058044,0.00031549
-0.038903,0.0085262,0.001159
-0.018336,0.0092347,0.0017852
0.053834,0.0096021,0.0030899
0.11105,0.0062168,0.0042784
0.16639,0.009006,0.0050844
0.19705,0.0017142,0.005658
0.21986,0.0040011,0.0059242
0.24529,0.0027489,0.0072364
0.21762,-0.0037369,0.0069553
0.16938,0.0069966,0.0079863
0.12152,-0.013008,0.008275
0.085618,0.008976,0.0083837
0.039624,-0.0040143,0.0095797
0.020927,0.0016317,0.0083237
0.048972,0.0080725,0.011196
0.083749,-0.017492,0.0085449
0.12451,0.02401,0.011972
0.16377,-0.037924,0.010131
0.14881,0.044457,0.010689
0.10656,-0.048669,0.013745
0.10955,0.032216,0.0065279
0.045233,-0.0083144,0.020876
0.017562,-0.07102,-0.0062043
0.00073447,1.5165,0.12584
0.060565,2.2773,0.50979
0.20752,1.821,0.86333
0.13049,1.9611,1.1928
0.28904,1.8886,1.5231
0.37168,1.902,1.8182
0.20603,1.9235,2.106
0.37729,1.9034,2.3701
0.33728,1.9659,2.6271
0.30699,1.9419,2.8678
0.43899,1.9965,3.0971
0.37692,2.0081,3.3185
0.47863,2.0286,3.5266
0.55229,2.0319,3.725
0.59754,2.02,3.9083
0.61025,2.0199,4.0801
0.52313,2.0023,4.2382
0.51527,1.9709,4.3793
0.4188,1.9372,4.5032
0.33504,1.9176,4.6125
0.28381,1.8776,4.7086
0.23931,1.8514,4.7912
0.26698,1.8232,4.8608
0.31783,1.7799,4.9174
0.36196,1.7447,4.9614
0.4173,1.6965,4.9929
0.47264,1.6552,5.0127
0.39935,1.6081,5.0205
0.2853,1.5596,5.017
0.12451,1.5224,5.004
-0.05947,1.462,4.9816
-0.18661,1.4216,4.9504
-0.3231,1.382,4.9114
-0.37358,1.3177,4.8631
-0.39751,1.2656,4.8053
-0.40424,1.1992,4.7383
-0.35638,1.1409,4.6625
-0.35638,1.083,4.5788
-0.38517,1.0107,4.4872
-0.42256,0.95946,4.3889
-0.44911,0.89374,4.2843
-0.48688,0.81402,4.1708
-0.55793,0.7519,4.0492
-0.55494,0.68814,3.9228
-0.52801,0.61828,3.7909
-0.51642,0.55427,3.6532
-0.45248,0.49508,3.5121
-0.41658,0.43272,3.3681
-0.39302,0.36416,3.2198
-0.3904,0.28604,3.0671
-0.43004,0.21194,2.908
-0.44014,0.13696,2.7439
-0.44762,0.034567,2.5718
-0.39901,-0.046892,2.3919
-0.31898,-0.14293,2.2065
-0.2513,-0.22386,2.0147
-0.12416,-0.31766,1.8208
-0.031424,-0.42426,1.6174
0.047477,-0.5002,1.4148
0.14994,-0.64396,1.2056
0.15741,-0.68533,0.99485
0.11965,-0.83712,0.78278
0.08861,-0.87386,0.56084
0.05159,-0.99605,0.35234
-0.0056225,-1.1444,0.11085
0.0085872,-0.34414,-0.030128
0.10319,0.022686,-0.010685
0.11329,-0.1555,-0.01025
0.17723,-0.027157,-0.014089
0.24529,-0.079137,-0.0096873
0.19593,-0.046719,-0.014422
0.24866,-0.041171,-0.010846
0.25202,-0.051754,-0.014336
0.20677,-0.026343,-0.012582
0.19593,-0.048965,-0.013744
0.11591,-0.021867,-0.014145
0.10132,-0.034602,-0.013721
0.075896,-0.029594,-0.015184
0.072531,-0.030569,-0.01455
0.089732,-0.027993,-0.015506
0.057573,-0.02147,-0.015663
0.062808,-0.031097,-0.0162
0.0059696,-0.022951,-0.016597
-0.024319,-0.020919,-0.016856
-0.020206,-0.024908,-0.017553
-0.014223,-0.024285,-0.018442
0.040372,-0.023805,-0.019836
0.065426,-0.024405,-0.020515
0.10357,-0.022253,-0.021351
0.15554,-0.023134,-0.021943
0.17836,-0.02788,-0.022254
0.18209,-0.013443,-0.023124
0.18957,-0.017777,-0.023057
0.15592,-0.021882,-0.024313
0.10843,-0.011231,-0.023818
0.085245,-0.029579,-0.025108
0.035511,-0.0066836,-0.025078
0.024667,-0.028394,-0.024973
0.045607,-0.0047641,-0.026915
0.073652,-0.020667,-0.024388
0.10282,-0.021867,-0.028838
0.13834,0.0093284,-0.024155
0.14059,-0.062814,-0.029329
0.13012,0.054928,-0.02576
0.10095,-0.11267,-0.027147
0.066922,0.11271,-0.031541
0.085992,-0.28584,-0.017347
-0.021328,-1.9625,-0.24374
0.087114,-2.1102,-0.64486
0.1619,-1.8049,-0.97805
0.093845,-1.9745,-1.3133
0.40234,-1.8671,-1.6301
0.42702,-1.9349,-1.9226
0.44572,-1.8998,-2.2032
0.60427,-1.9317,-2.4622
0.38701,-1.962,-2.716
0.43039,-1.9619,-2.9519
0.45881,-2.0108,-3.1805
0.38888,-2.0072,-3.3974
0.52911,-2.0353,-3.6026
0.54743,-2.0267,-3.7968
0.61437,-2.0273,-3.9759
0.58557,-2.0241,-4.1442
0.50667,-1.9937,-4.2978
0.48424,-1.9563,-4.4331
0.33728,-1.9307,-4.5514
0.27707,-1.9162,-4.6574
0.26548,-1.8819,-4.7508
0.23594,-1.8474,-4.8298
0.26735,-1.8141,-4.8954
0.32083,-1.7746,-4.9483
0.34513,-1.7366,-4.989
0.39561,-1.6961,-5.0178
0.40833,-1.6488,-5.0348
0.32793,-1.6027,-5.0399
0.21986,-1.555,-5.0334
0.069165,-1.5135,-5.0175
-0.087889,-1.4753,-4.9938
-0.23784,-1.4199,-4.961
-0.3201,-1.3677,-4.9188
-0.34665,-1.3136,-4.8681
-0.38554,-1.2502,-4.8075
-0.39153,-1.1917,-4.7383
-0.37732,-1.1285,-4.6603
-0.36946,-1.0701,-4.574
-0.38629,-1.0132,-4.4821
-0.41658,-0.94413,-4.3823
-0.4379,-0.87557,-4.2733
-0.47267,-0.81249,-4.158
-0.53026,-0.74448,-4.0369
-0.52016,-0.67438,-3.909
-0.45173,-0.60581,-3.775
-0.44238,-0.54005,-3.6356
-0.39601,-0.48625,-3.4929
-0.33394,-0.42162,-3.3476
-0.34965,-0.35078,-3.1985
-0.34591,-0.27679,-3.044
-0.36946,-0.19701,-2.883
-0.40424,-0.10763,-2.7157
-0.37059,-0.013533,-2.5388
-0.31823,0.072559,-2.3565
-0.26925,0.17584,-2.1672
-0.18474,0.24072,-1.9735
-0.053113,0.35101,-1.7761
0.019431,0.4328,-1.5711
0.095341,0.54074,-1.3682
0.16489,0.65973,-1.1548
0.15704,0.70465,-0.94654
0.1361,0.88068,-0.72776
0.089732,0.86197,-0.51025
0.041868,1.1007,-0.29236
0.0040999,0.95241,-0.05927
0.048972,0.077223,0.015522
0.10095,0.034447,-0.013039
0.12077,0.11012,-0.0020015
0.22024,0.0089648,-0.0060056
0.21799,0.073152,-0.0048284
0.20565,0.0044885,-0.0033662
0.261,0.03766,-0.0050233
0.20191,0.020842,-0.001844
0.17686,0.016886,-0.0041535
0.17948,0.022844,-0.0018815
0.12526,0.0087211,-0.0024851
0.10132,0.020437,-0.0015553
0.084871,0.0061868,-0.0010979
0.093097,0.009186,-0.0012067
0.10843,0.0054895,-0.00017565
0.099454,0.0087998,-0.00025064
0.069539,0.0049796,0.00051794
0.011579,0.005437,0.00079913
-0.023572,0.0095196,0.0012228
-0.036659,0.0017067,0.0017927
-0.0018831,0.0021903,0.0022651
0.05346,0.004541,0.0027899
0.097958,0.000627,0.0028237
0.13984,-0.0018024,0.0027187
0.16377,0.0011219,0.0028499
0.20079,-0.0028371,0.0028912
0.19593,-0.0027246,0.0029961
0.18434,-0.00040023,0.0030749
0.16676,-0.0057801,0.0029999
0.095715,-0.0042992,0.0030299
0.073652,-0.0011988,0.0031724
0.058321,-0.0010938,0.0032511
0.032519,-0.0081982,0.0029399
0.068417,-0.014448,0.0029324
0.10955,-0.010095,0.0030861
