0.075522,-0.010691,0.00077289
0.07814,-0.010875,0.00086287
0.092723,-0.009874,0.00085162
0.089732,-0.0087905,0.0014065
0.07627,-0.010226,0.0018826
0.094593,-0.0074484,0.0018526
0.090106,-0.0069273,0.0024788
0.081131,-0.01047,0.0024525
0.093845,-0.0066086,0.0026887
0.10506,-0.014448,0.0030524
0.094593,-0.0066161,0.0028874
0.079261,-0.010354,0.003656
0.097958,-0.014935,0.0029174
0.08674,-0.0021623,0.0040422
0.059817,-0.029586,0.0033261
0.080383,0.0081775,0.0038397
0.089358,-0.026523,0.0042446
0.06393,-0.0018136,0.0027225
0.082253,-0.017387,0.0050469
0.066922,-0.022516,0.0017927
0.087114,0.032332,0.0061454
0.093845,-0.090155,0.00081038
0.081505,0.10101,0.0055418
0.10095,-0.20708,0.0020214
0.059817,0.52009,0.0068428
0.17761,2.4456,0.18367
0.19369,2.6564,0.42166
0.33915,2.6552,0.59773
0.48648,2.7996,0.7679
0.53958,2.5906,0.91206
0.60651,2.6677,1.0435
0.28755,2.6062,1.158
0.40347,2.5811,1.2513
0.36009,2.4882,1.3359
0.14545,2.4151,1.4057
0.22846,2.3775,1.4645
-0.014223,2.307,1.5088
0.078514,2.2728,1.5431
0.08861,2.2011,1.5669
0.077392,2.1874,1.5801
0.2595,2.13,1.5839
0.11441,2.0465,1.5773
0.1346,1.9791,1.562
-0.013475,1.8872,1.5381
-0.15295,1.7989,1.5075
-0.18623,1.6902,1.469
-0.25504,1.5865,1.4226
-0.12416,1.4768,1.3697
-0.19745,1.3654,1.3108
-0.13837,1.2569,1.2479
-0.11145,1.1268,1.1787
-0.12229,1.0201,1.1056
-0.1006,0.89163,1.0292
-0.17202,0.75259,0.94716
-0.17315,0.60835,0.85823
-0.3747,0.49227,0.76799
-0.40798,0.34105,0.6765
-0.42219,0.19077,0.57648
-0.38741,0.072837,0.47938
-0.27037,-0.14281,0.36953
-0.15782,-0.23953,0.25776
0.070287,-0.50503,0.13825
0.07814,-0.50014,0.018023
0.17798,-0.024454,-0.0068754
0.13386,-0.017702,0.007945
0.085992,-0.057408,0.0010541
0.095341,-0.0052102,0.0046833
-0.063209,-0.040848,0.0030899
0.04112,-0.0060125,0.0034198
-0.0067443,-0.029972,0.0036672
0.0048478,-0.013289,0.0025612
0.17088,-0.016409,0.0036672
0.24379,-0.022452,0.0023888
0.37131,-0.011407,0.0030449
0.37916,-0.016926,0.002535
0.43862,-0.0091279,0.0024938
0.40047,-0.014474,0.0023475
0.29839,-0.013203,0.0020176
0.26062,-0.010058,0.0021038
0.17013,-0.0084644,0.0016427
0.2079,-0.0099415,0.0014927
0.2423,-0.013735,0.0014702
0.27558,-0.014808,0.0011703
0.27221,-0.011265,0.00096409
0.23519,-0.010365,0.00072415
0.26623,-0.0097915,0.00051044
0.2251,-0.0066461,0.00085537
0.15667,-0.0099865,0.00052169
0.095715,-0.007752,0.00032299
0.053086,-0.0094503,0.00077663
-0.050495,-0.011407,0.0006979
-0.12304,-0.0094578,0.00039047
-0.092002,-0.01417,0.00044671
-0.078914,-0.0089105,0.00066791
-0.03292,-0.0069573,0.00055918
-0.020954,-0.0090904,0.00081788
0.011579,-0.0079245,0.00092285
0.011579,-0.0111,0.00062292
-0.083028,-0.0059713,0.00074289
-0.092002,-0.0044042,0.00081788
-0.11855,-0.0066161,0.00078038
-0.12977,-0.0037069,0.00075414
-0.10285,-0.0048503,0.00065291
-0.086019,-0.0058026,0.00074289
-0.01871,-0.0052852,0.00082912
0.027658,-0.0062337,0.00079538
0.094593,-0.0044304,0.00074289
0.16302,-0.0013637,0.00073164
0.21612,-0.005169,0.00079163
0.24753,-0.0094016,0.00039422
0.21351,-0.0088692,-0.00011942
0.19032,-0.006155,-0.00036686
0.16527,-0.0076996,-0.00080176
0.16527,-0.007141,-0.0011729
0.19593,-0.0059938,-0.0011692
0.22173,-0.0085806,-0.0018328
0.26473,-0.0054801,-0.0018215
0.28044,-0.013406,-0.002129
0.28941,-0.0030583,-0.002204
0.27932,-0.012247,-0.0020765
0.24155,-0.0068898,-0.0031937
0.21874,-0.0078458,-0.0016116
0.15891,-0.021211,-0.0036361
0.084123,0.007319,-0.0018778
0.068791,-0.032679,-0.0026539
0.062808,0.017737,-0.003055
0.037006,-0.032402,-0.0014804
0.071035,0.0078476,-0.0052633
0.083749,-0.0059113,0.0019839
0.069913,-0.049197,-0.0086188
0.069165,0.12419,0.0089798
0.014196,-0.96441,-0.052297
-0.0089879,-1.8901,-0.30691
-0.016093,-1.6673,-0.5522
0.012327,-1.7792,-0.75602
0.06393,-1.7845,-0.95558
0.16003,-1.8197,-1.1177
0.30811,-1.9208,-1.2691
0.34364,-1.9225,-1.3949
0.35523,-2.001,-1.5027
0.36383,-2.0026,-1.5939
0.35373,-2.0374,-1.6673
0.33877,-2.0357,-1.7269
0.29353,-2.0358,-1.77
0.24155,-2.0372,-1.8026
0.20229,-2.0227,-1.8225
0.22136,-2.0113,-1.8323
0.2049,-1.9651,-1.8314
0.19817,-1.921,-1.8197
0.21238,-1.8601,-1.7984
0.13722,-1.7928,-1.7676
0.10619,-1.7331,-1.7303
0.11179,-1.647,-1.6851
0.076644,-1.5602,-1.631
0.035137,-1.4707,-1.5715
0.022049,-1.3632,-1.505
0.0029781,-1.2725,-1.4341
-0.030302,-1.1486,-1.3578
-0.048999,-1.0425,-1.2765
-0.091628,-0.9223,-1.1933
-0.10098,-0.76588,-1.1007
-0.14248,-0.65504,-1.0052
-0.20344,-0.51872,-0.90737
-0.2427,-0.39137,-0.80671
-0.29879,-0.23553,-0.70032
-0.28383,-0.12104,-0.59121
-0.26439,0.073279,-0.47661
-0.24345,0.22853,-0.34865
-0.21091,0.354,-0.22863
-0.16679,0.63892,-0.086384
-0.096863,0.28675,0.0082375
-0.061339,-0.067414,-0.00086175
-0.0015092,0.059232,-0.0040598
0.025788,0.0013431,-0.0004156
0.014944,0.014213,-0.0039511
0.021675,0.015964,-0.00050183
0.0040999,7.2142e-05,-0.0031337
0.022049,0.011004,-0.0011354
0.02691,-0.01017,-0.0017203
0.034763,0.012219,-0.0016041
0.11329,-0.0021698,-0.00097048
0.15106,0.0018304,-0.0014429
0.20715,-0.0015887,-0.00056557
0.26698,-0.0018623,-0.000858
0.28904,0.0012943,-0.00046809
0.34625,-0.0072759,-0.00041935
0.3556,-0.0045691,-0.00026188
0.36196,-0.0058251,-6.6928e-05
0.37804,-0.00070765,0.00021051
0.36308,-0.005229,0.00051794
0.35149,-0.006065,0.00060417
0.32569,-0.0020048,0.00097909
0.29839,-0.0059075,0.0011853
0.26361,-0.004273,0.0012453
0.25613,-0.0049853,0.0014852
0.21874,-0.0063874,0.0013465
0.11292,-0.0038643,0.0011216
0.071035,-0.0023122,0.0014252
0.032893,-0.0040368,0.001339
-0.028807,-0.0050865,0.0010916
-0.036285,-0.0027134,0.0012603
-0.03105,-0.0066086,0.001264
-0.024319,-0.0063349,0.0010766
-0.036659,-0.0016449,0.0010728
-0.050869,-0.0077745,0.0015902
-0.050869,-0.0090679,0.0023588
-0.060217,-0.0018099,0.0028649
-0.077419,0.0011406,0.0036148
-0.10472,-0.0064511,0.0039859
-0.13089,-0.0011388,0.0042334
-0.14361,-0.0012325,0.0050282
-0.13912,-0.0030995,0.0048032
-0.12416,0.0004133,0.0058268
-0.089011,-0.010481,0.0054144
-0.039651,0.0066667,0.0060967
0.009709,-0.016244,0.0063441
0.063556,0.0087286,0.005913
0.08861,-0.010174,0.0077876
0.12787,-0.0089255,0.0047732
0.19892,0.018352,0.0088673
0.20603,-0.036589,0.0049457
0.23183,0.0459,0.0083312
0.26735,-0.068332,0.0070003
0.2853,0.07602,0.0047845
0.30288,-0.084464,0.013183
0.261,0.12551,-0.0074378
0.31746,1.8523,0.17224
0.34588,2.3633,0.53777
0.37654,2.1747,0.84181
0.43114,2.4581,1.1372
0.41356,2.4543,1.4092
0.55678,2.6654,1.6466
0.6125,2.8073,1.8763
0.69439,2.9599,2.0793
0.85593,3.1329,2.2704
0.94568,3.2382,2.438
1.022,3.3848,2.5889
0.97372,3.4504,2.7209
1.0478,3.5343,2.8333
0.90866,3.5815,2.9311
0.75946,3.5896,3.0114
0.60315,3.5909,3.0775
0.02878,3.5906,3.1283
-0.1092,3.5614,3.1657
-0.16417,3.5299,3.1928
-0.38741,3.4974,3.2082
-0.41882,3.4107,3.2119
-0.57064,3.3414,3.2058
-0.61439,3.2772,3.1889
-0.45397,3.1726,3.1636
-0.31599,3.0701,3.1323
-0.39265,2.9839,3.0933
-0.40088,2.8931,3.0473
-0.19035,2.7891,2.9945
-0.26439,2.677,2.9356
-0.34291,2.5731,2.8704
-0.31599,2.4659,2.7986
-0.3833,2.3452,2.7217
-0.33394,2.2295,2.6398
-0.35376,2.1127,2.551
-0.44986,1.9961,2.4558
-0.53886,1.8741,2.3571
-0.52951,1.7515,2.2549
-0.56915,1.6276,2.1494
-0.59944,1.49,2.038
-0.45173,1.3846,1.9256
-0.42742,1.2402,1.8127
-0.26738,1.0796,1.69
-0.10434,0.96155,1.5662
-0.032172,0.81043,1.4412
0.11853,0.67298,1.313
0.17088,0.51392,1.1809
0.25053,0.36745,1.0457
0.23407,0.18001,0.90484
0.172,0.032194,0.75578
0.0744,-0.12287,0.61048
-0.031798,-0.33018,0.45301
0.045981,-0.42772,0.3032
0.048225,-0.75794,0.13812
0.15779,-0.54616,-0.0042547
0.26773,0.0043648,-0.016338
0.31634,-0.075508,-0.0029313
0.47264,-0.064939,-0.011078
0.44647,-0.032124,-0.0056794
0.41655,-0.063241,-0.0092749
0.43263,-0.026943,-0.007494
0.43226,-0.052313,-0.0083488
0.37206,-0.02592,-0.0088475
0.26361,-0.039011,-0.0081764
0.19481,-0.031078,-0.009811
0.12077,-0.028049,-0.0088325
0.091975,-0.034812,-0.0098185
0.02878,-0.025586,-0.0095261
-0.0015092,-0.030291,-0.0099272
-0.062087,-0.025095,-0.01025
-0.15183,-0.025159,-0.010407
-0.15146,-0.023903,-0.011011
-0.19633,-0.025819,-0.01076
-0.16455,-0.024908,-0.011299
-0.072183,-0.021226,-0.011573
-0.04713,-0.023644,-0.011731
-0.0059964,-0.023895,-0.012507
0.016066,-0.019262,-0.012233
0.0070914,-0.020146,-0.012034
0.0026042,-0.020364,-0.012507
-0.037781,-0.015561,-0.01227
-0.12304,-0.019262,-0.012195
-0.1178,-0.018939,-0.012188
-0.081158,-0.015419,-0.011926
-0.11967,-0.017912,-0.01212
-0.08228,-0.018965,-0.012398
-0.026189,-0.018253,-0.0129
0.046355,-0.016315,-0.013481
0.1978,-0.018834,-0.013984
0.30213,-0.018234,-0.014835
0.35859,-0.016112,-0.014895
0.40758,-0.02394,-0.015656
0.43226,-0.014789,-0.016068
0.40571,-0.01943,-0.01602
0.3642,-0.015884,-0.017253
0.33915,-0.013664,-0.016575
0.31933,-0.022561,-0.018453
0.26212,-0.0043892,-0.017298
0.19406,-0.031761,-0.018243
0.16003,0.0012906,-0.018895
0.10506,-0.031135,-0.017538
0.078514,-0.0058138,-0.020774
0.074774,-0.011239,-0.016008
0.080009,-0.041587,-0.022884
0.068791,0.042946,-0.01515
0.053086,-0.11227,-0.022862
0.061312,0.16135,-0.01632
0.018684,-0.58757,-0.028598
0.03925,-2.1406,-0.29969
0.065052,-2.1753,-0.66627
0.091975,-2.1657,-0.96247
0.19892,-2.3356,-1.2631
0.25202,-2.3179,-1.5249
0.31297,-2.4648,-1.77
0.35747,-2.4756,-2.002
0.32494,-2.4983,-2.2167
0.29802,-2.3749,-2.4259
0.35598,-2.2764,-2.62
0.41244,-2.2225,-2.8068
0.37131,-2.1459,-2.9777
0.46816,-2.1081,-3.1351
0.64466,-2.06,-3.2783
0.75572,-2.0368,-3.407
0.79161,-1.9933,-3.5214
0.76506,-1.9521,-3.6199
0.3556,-1.912,-3.7054
-0.23223,-1.881,-3.7771
-0.050869,-1.8515,-3.8369
0.036633,-1.8068,-3.8837
0.060939,-1.7673,-3.916
0.51527,-1.7272,-3.9368
0.054582,-1.6864,-3.947
-0.34067,-1.6433,-3.9463
0.18845,-1.6002,-3.9358
0.53771,-1.5517,-3.9158
0.80582,-1.5081,-3.8863
0.71122,-1.4624,-3.8473
0.025788,-1.402,-3.7991
-0.33207,-1.3458,-3.7415
-0.18736,-1.2915,-3.6758
-0.02245,-1.2318,-3.6035
0.05159,-1.1659,-3.5227
0.20715,-1.0944,-3.434
-0.10023,-1.0215,-3.3383
-0.46818,-0.9575,-3.2372
-0.46968,-0.88404,-3.1301
-0.67348,-0.81765,-3.0163
-0.56616,-0.75124,-2.8999
-0.45921,-0.65155,-2.7758
-0.67535,-0.57459,-2.644
-0.82492,-0.51112,-2.5104
-0.85259,-0.42059,-2.3733
-0.65403,-0.32675,-2.2289
-0.31001,-0.24541,-2.082
0.076644,-0.11939,-1.9276
0.12937,-0.017691,-1.7624
0.091228,0.085118,-1.5944
-0.015719,0.1933,-1.4186
-0.29131,0.29571,-1.2416
-0.36386,0.43081,-1.0562
-0.34553,0.48852,-0.87208
-0.24906,0.6766,-0.68263
-0.13501,0.70374,-0.48844
0.068417,0.88573,-0.30118
0.13647,0.96391,-0.085623
0.16153,0.18675,0.015128
0.38776,-0.035468,-0.0089824
0.49134,0.1007,-0.004041
0.62334,-0.0062037,-0.0039436
0.58034,0.052431,-0.0055482
0.41431,0.0070528,-0.0023464
0.28867,0.023455,-0.0050683
0.11778,0.019072,-0.0016866
0.14096,0.0032288,-0.0036286
0.21687,0.023395,-0.0018178
0.33504,0.00057076,-0.0019078
0.42553,0.015698,-0.0019303
0.38626,0.0036712,-0.0011354
0.24043,0.0017742,-0.0015104
0.040746,0.0079413,-0.00018315
-0.034042,0.002464,-0.00016441
-0.081158,0.0042036,7.5541e-05
-0.048251,0.0074314,0.00089661
0.016066,0.0070266,0.0019539
0.0074654,0.0023478,0.0028799
0.0022302,0.0083125,0.0039672
0.0089611,0.0052533,0.0055193
0.086366,-0.0037443,0.0059167
0.18434,0.0069403,0.0068165
0.19855,-0.004063,0.0072065
0.071783,0.0018717,0.0073339
-0.12341,-0.00133,0.0086761
-0.29692,-0.0035232,0.008155
-0.40162,0.0016355,0.0098609
-0.37507,-0.010939,0.0085637
-0.23186,0.019282,0.010731
-0.042268,-0.021747,0.010446
0.10992,0.020973,0.0099171
0.19331,-0.017619,0.012999
0.22136,0.0059993,0.0082675
0.20229,0.013407,0.015803
0.2079,-0.050723,0.0066666
0.26062,0.096954,0.018169
0.23445,-0.20549,0.004777
0.16714,0.80867,0.037541
0.093471,2.3223,0.35769
0.11965,2.0741,0.75333
0.25651,1.9815,1.0915
0.38327,2.0268,1.4441
0.61923,1.9502,1.7594
0.66036,2.0485,2.0658
0.64952,2.0031,2.3553
0.75796,2.0823,2.6308
0.61998,2.094,2.8976
0.6282,2.146,3.1467
0.68841,2.1986,3.3875
0.69102,2.236,3.6125
0.82602,2.3013,3.8293
0.97223,2.3156,4.0314
1.0904,2.3558,4.2172
0.97783,2.4011,4.3924
1.0253,2.4635,4.5577
0.87388,2.5099,4.7113
0.66186,2.5375,4.8503
0.85705,2.5675,4.975
0.46778,2.5866,5.0846
0.26399,2.5868,5.1793
0.31297,2.5772,5.2592
-0.025067,2.556,5.3256
0.13834,2.536,5.3784
0.36944,2.5371,5.4165
0.35149,2.4942,5.4425
0.21351,2.4298,5.4584
-0.061339,2.383,5.4631
-0.313,2.3386,5.4565
-0.5497,2.2838,5.4384
-0.54484,2.2161,5.4089
-0.5856,2.1578,5.3703
-0.62524,2.0765,5.3237
-0.5942,2.0133,5.269
-0.53923,1.9658,5.2065
-0.35937,1.8888,5.1364
-0.29169,1.8166,5.0591
-0.2341,1.7345,4.9749
-0.25579,1.6736,4.8833
-0.24719,1.5979,4.7845
-0.31973,1.5143,4.68
-0.49773,1.466,4.5685
-0.53661,1.3768,4.449
-0.61103,1.2922,4.3249
-0.56728,1.2189,4.1966
-0.51567,1.1316,4.0634
-0.43827,1.0462,3.9248
-0.34927,0.97741,3.782
-0.3575,0.91372,3.6395
-0.34591,0.7991,3.4897
-0.39489,0.70738,3.3305
-0.31898,0.64771,3.1721
-0.22625,0.54142,3.0107
-0.16193,0.45152,2.8421
-0.10509,0.36373,2.6719
-0.10322,0.23763,2.4937
-0.037781,0.14012,2.3081
0.012327,0.029959,2.118
0.089358,-0.061629,1.9237
0.097584,-0.18678,1.7258
0.081505,-0.28701,1.5213
0.02504,-0.38972,1.3188
-0.12491,-0.52933,1.1069
-0.1825,-0.59673,0.90002
-0.20157,-0.7954,0.68557
-0.12192,-0.81191,0.47024
-0.0063704,-1.0514,0.25868
0.10731,-1.022,0.025607
0.21874,-0.16524,-0.062341
0.23856,-0.038235,-0.034079
0.29278,-0.15301,-0.042987
0.2954,-0.048253,-0.040198
0.25763,-0.11256,-0.039984
0.23332,-0.055402,-0.042121
0.15517,-0.082672,-0.039388
0.062808,-0.068209,-0.042635
-0.008614,-0.057674,-0.040299
-0.056104,-0.071789,-0.04232
-0.069566,-0.050093,-0.041911
-0.0030049,-0.059451,-0.042174
0.036633,-0.051424,-0.042942
0.074026,-0.054112,-0.042901
0.11441,-0.048747,-0.043554
0.077018,-0.051713,-0.04406
0.081131,-0.049887,-0.045548
0.10805,-0.046794,-0.045908
0.12713,-0.053314,-0.047333
0.19855,-0.042442,-0.04869
0.26586,-0.044927,-0.048896
0.28642,-0.048999,-0.050658
0.28418,-0.03512,-0.050703
0.25651,-0.042629,-0.051333
0.23856,-0.034974,-0.051903
0.21575,-0.043161,-0.052068
0.1619,-0.028578,-0.053451
0.11965,-0.036323,-0.051903
0.052712,-0.040188,-0.054902
0.0014823,-0.013008,-0.052184
0.027658,-0.057929,-0.055131
0.076644,0.0063742,-0.054321
0.12451,-0.067414,-0.05344
0.21874,0.0039074,-0.058059
0.26735,-0.047645,-0.049091
0.25202,-0.044046,-0.065092
0.18995,0.076822,-0.037529
0.10319,-1.3208,-0.15092
0.10768,-2.1655,-0.54008
0.031023,-1.8604,-0.91547
0.10058,-2.0505,-1.2583
0.24192,-1.9974,-1.6025
0.23482,-2.0191,-1.908
0.41431,-2.0777,-2.2107
0.47339,-2.067,-2.4916
0.41842,-2.1421,-2.7646
0.44535,-2.1428,-3.0218
0.44497,-2.2159,-3.2663
0.47003,-2.2361,-3.5009
0.50368,-2.2849,-3.7204
0.60539,-2.327,-3.9331
0.59829,-2.3367,-4.1289
0.67644,-2.376,-4.3112
0.79909,-2.4154,-4.4837
0.73515,-2.4561,-4.6468
0.79834,-2.4714,-4.7979
0.74113,-2.4895,-4.9346
0.69476,-2.5008,-5.0576
0.71084,-2.497,-5.1658
0.62559,-2.4957,-5.2595
0.63344,-2.4921,-5.339
0.62783,-2.4879,-5.4047
0.66859,-2.4738,-5.4571
0.63755,-2.4497,-5.4956
0.59717,-2.4214,-5.5207
0.51266,-2.3898,-5.5342
0.37467,-2.3577,-5.5369
0.33952,-2.3135,-5.528
0.1533,-2.2562,-5.5072
0.019057,-2.2085,-5.4756
-0.084523,-2.1622,-5.4346
-0.21802,-2.0999,-5.3849
-0.25691,-2.0378,-5.3279
-0.31973,-1.9791,-5.2626
-0.30328,-1.9158,-5.189
-0.30552,-1.8452,-5.1085
-0.34291,-1.7733,-5.0207
-0.38143,-1.6998,-4.9254
-0.46183,-1.6253,-4.823
-0.52465,-1.5544,-4.7154
-0.5785,-1.4759,-4.6021
-0.6043,-1.3884,-4.4818
-0.64693,-1.3058,-4.3552
-0.6645,-1.2381,-4.2237
-0.66787,-1.1537,-4.0891
-0.67796,-1.0694,-3.948
-0.66076,-1.0028,-3.8033
-0.64992,-0.90603,-3.6564
-0.65814,-0.80825,-3.5001
-0.6402,-0.73596,-3.3398
-0.59682,-0.64489,-3.1796
-0.60841,-0.54182,-3.0128
-0.56167,-0.46362,-2.842
-0.47491,-0.34391,-2.667
-0.40985,-0.23266,-2.4822
-0.31038,-0.13283,-2.2934
-0.24307,-0.019513,-2.0986
-0.18698,0.071225,-1.9016
-0.14136,0.20759,-1.6977
-0.12603,0.27808,-1.4925
-0.10846,0.42056,-1.2855
-0.070314,0.51398,-1.0716
-0.028433,0.64998,-0.86387
-0.00824,0.79598,-0.64127
0.0744,0.82899,-0.43314
0.16826,1.1442,-0.20166
0.19219,0.62176,-0.0091324
0.2939,-0.061955,0.0020139
0.40085,0.10201,-0.013778
0.43936,0.04064,-0.0027626
0.45096,0.027822,-0.0097735
0.35672,0.047152,-0.0041948
0.31746,0.0046459,-0.0068417
0.28755,0.037105,-0.0048546
0.20715,-0.00022028,-0.004371
0.22472,0.022427,-0.0052558
0.20416,0.0099395,-0.0030813
0.17162,0.0081588,-0.0040223
0.19892,0.011735,-0.0025676
0.18097,0.0067004,-0.0025864
0.14208,0.0046009,-0.0020052
0.13386,0.0020441,-0.0016828
0.13049,0.0073377,-0.00098922
0.094967,0.00061575,-0.00051683
0.086366,0.0082562,-0.0004381
0.093097,0.0091447,0.00090411
0.072531,0.0050283,0.0019539
0.087488,0.0055494,0.0029174
0.13161,0.0068803,0.0042371
0.16863,-0.00075639,0.0047995
0.16415,0.0025465,0.0049832
0.1275,0.0053582,0.0062617
0.074774,-0.0025409,0.0062167
0.013448,0.0072552,0.0074127
-0.029181,-0.0077895,0.0074202
-0.053861,0.0061305,0.0077313
-0.040025,-0.008007,0.0091035
-0.013475,-0.0015474,0.0077801
0.063182,0.0011931,0.010569
0.15181,-0.017057,0.0075064
0.19593,0.021925,0.011139
0.26773,-0.041414,0.009411
0.28755,0.041289,0.01003
0.2681,-0.048534,0.012901
0.25763,0.03192,0.0057368
0.19107,-0.012997,0.020175
0.14134,-0.057565,-0.0070066
0.12114,1.5324,0.1279
0.16153,2.3184,0.51289
0.29353,1.8988,0.86733
0.34438,2.03,1.2001
0.41319,1.9583,1.5299
0.4704,1.9894,1.8257
0.4001,2.0336,2.1173
0.49695,2.0221,2.3845
0.54855,2.094,2.6447
0.50032,2.1016,2.8898
0.62484,2.1648,3.1237
0.62783,2.1584,3.3431
0.61661,2.195,3.5457
0.73739,2.246,3.7424
0.75721,2.2627,3.9265
0.76544,2.2787,4.0985
0.77666,2.2781,4.2549
0.69626,2.2867,4.3967
0.59268,2.2731,4.5233
0.52275,2.2603,4.6331
0.46367,2.2551,4.7299
0.42889,2.2271,4.8123
0.46105,2.2043,4.8792
0.52948,2.192,4.9332
0.611,2.1686,4.9756
0.66597,2.1359,5.0059
0.6484,2.1004,5.0235
0.59829,2.0593,5.0287
0.48087,2.0092,5.0219
0.30961,1.962,5.0033
0.13872,1.9183,4.9754
-0.063957,1.8721,4.939
-0.23746,1.8221,4.8933
-0.35077,1.7684,4.8393
-0.40013,1.7044,4.7772
-0.40761,1.6499,4.7067
-0.40013,1.5771,4.6279
-0.37657,1.4821,4.5418
-0.3762,1.4455,4.4498
-0.37507,1.391,4.3504
-0.41322,1.3,4.2422
-0.48352,1.2395,4.1283
-0.53101,1.1669,4.0095
-0.57887,1.0917,3.8857
-0.61851,1.0155,3.7574
-0.66413,0.93433,3.6228
-0.68245,0.86407,3.4858
-0.70152,0.76842,3.3439
-0.72994,0.6818,3.1927
-0.73256,0.62174,3.0406
-0.7793,0.52046,2.886
-0.80435,0.43001,2.7245
-0.79014,0.33858,2.5596
-0.76621,0.22871,2.3873
-0.68993,0.12713,2.2083
-0.58784,0.017891,2.0226
-0.44463,-0.066555,1.8351
-0.2943,-0.20038,1.6413
-0.17726,-0.27926,1.4432
-0.077793,-0.40505,1.2452
-0.017589,-0.51187,1.0383
0.029902,-0.6158,0.83839
0.022423,-0.78644,0.62483
-0.0011352,-0.80362,0.42122
0.003352,-1.1126,0.2026
-0.0052485,-0.76464,-0.0031975
0.090854,0.00023335,-0.03571
0.17686,-0.098133,-0.013676
0.25314,-0.091569,-0.025374
0.38402,-0.042554,-0.018562
0.39561,-0.093923,-0.022836
0.4446,-0.039495,-0.021407
0.48424,-0.072261,-0.021797
0.43637,-0.03825,-0.023128
0.44049,-0.051818,-0.021595
0.38552,-0.047953,-0.023878
0.32531,-0.040095,-0.022701
0.28455,-0.046161,-0.023998
0.20304,-0.036593,-0.023957
0.15405,-0.042247,-0.024601
0.13685,-0.03617,-0.0248
0.12301,-0.041677,-0.024984
0.060565,-0.03112,-0.025861
0.0082132,-0.032349,-0.025381
-0.0015092,-0.042592,-0.026345
-0.015345,-0.035274,-0.027368
0.009335,-0.036747,-0.028433
0.01644,-0.035622,-0.029603
0.029154,-0.028544,-0.030413
0.058321,-0.026478,-0.030724
0.013822,-0.034355,-0.031297
-0.0063704,-0.02406,-0.032164
-0.026937,-0.026651,-0.032029
-0.095368,-0.032203,-0.033303
-0.12902,-0.020277,-0.0327
-0.14323,-0.03302,-0.034244
-0.16342,-0.012813,-0.033959
-0.16903,-0.037204,-0.033926
-0.12379,-0.011235,-0.035804
-0.074053,-0.029616,-0.03315
0.031771,-0.028713,-0.037727
0.13236,-0.0019073,-0.033067
0.16527,-0.068197,-0.038687
0.26212,0.045641,-0.034169
0.29091,-0.11608,-0.036456
0.30774,0.10964,-0.039696
0.32531,-0.32363,-0.027931
0.29502,-1.9255,-0.26527
0.36645,-2.071,-0.66937
0.36532,-1.8802,-1.0046
0.43675,-2.0561,-1.3433
0.62484,-1.9594,-1.6576
0.70823,-2.062,-1.9499
0.83574,-2.0411,-2.2319
0.90155,-2.0869,-2.4923
0.85182,-2.1337,-2.7473
0.87949,-2.1624,-2.9857
0.90492,-2.2102,-3.2149
0.86154,-2.2093,-3.4257
0.89033,-2.2696,-3.6252
0.92773,-2.295,-3.8168
0.88098,-2.3195,-3.9954
0.89332,-2.3297,-4.1611
0.84621,-2.3322,-4.3115
0.75422,-2.3342,-4.4482
0.70673,-2.3149,-4.5678
0.59567,-2.3091,-4.6727
0.57361,-2.2993,-4.7645
0.5422,-2.2763,-4.8416
0.51939,-2.2523,-4.9049
0.5508,-2.2267,-4.9549
0.51153,-2.1986,-4.9929
0.56987,-2.1673,-5.019
0.54556,-2.1307,-5.0333
0.39973,-2.0844,-5.0354
0.30512,-2.0363,-5.0248
0.14919,-1.9958,-5.0039
-0.074801,-1.9507,-4.9737
-0.25018,-1.8995,-4.9341
-0.38928,-1.8499,-4.8858
-0.5052,-1.7999,-4.8292
-0.53998,-1.7428,-4.7645
-0.56242,-1.6803,-4.6913
-0.50072,-1.6125,-4.6102
-0.49773,-1.5446,-4.5207
-0.54409,-1.4837,-4.4248
-0.42481,-1.4104,-4.3236
-0.43902,-1.3314,-4.2144
-0.48314,-1.2544,-4.0983
-0.47716,-1.1824,-3.977
-0.53624,-1.1136,-3.852
-0.58784,-1.0258,-3.721
-0.67198,-0.95727,-3.5847
-0.68245,-0.88549,-3.4477
-0.73069,-0.7692,-3.3018
-0.76584,-0.69523,-3.1482
-0.79426,-0.62486,-2.996
-0.86456,-0.51955,-2.8383
-0.78865,-0.44163,-2.6757
-0.79239,-0.33317,-2.5082
-0.71274,-0.22333,-2.3327
-0.55045,-0.10685,-2.1499
-0.5168,-0.014661,-1.9617
-0.3747,0.10047,-1.7718
-0.23821,0.21785,-1.5728
-0.14286,0.27865,-1.3756
-0.076297,0.44081,-1.172
-0.026937,0.51653,-0.96842
0.023545,0.68713,-0.76345
-0.034042,0.75497,-0.55026
-0.050869,0.91655,-0.34835
-0.052739,1.0666,-0.11457
-0.049373,0.282,0.013539
0.027284,-0.053265,-0.0082439
0.1017,0.11976,-0.0066317
0.21276,-0.002316,-0.0037336
0.30026,0.048363,-0.0070479
0.34364,0.019436,-0.0025789
0.43338,0.020575,-0.0062231
0.48424,0.024861,-0.0024214
0.46479,0.00091567,-0.0039773
0.4704,0.018221,-0.0028301
0.43189,-0.0019111,-0.0023464
0.33055,0.014836,-0.0024102
0.29764,0.0071428,-0.0013866
0.26249,0.0026515,-0.0016603
0.16639,-0.0025259,-0.00067054
0.12339,0.0042036,-0.00072678
0.093097,0.0068841,0.00032299
0.011953,-0.002331,0.00043546
-0.033668,0.0074464,0.00073164
-0.03292,0.0062955,0.0020888
-0.012727,0.0045972,0.0030974
0.041494,0.0027489,0.0041134
0.084497,0.0077614,0.0053544
0.1103,-0.004093,0.0059767
0.14096,-0.010076,0.0061604
0.10992,0.0011331,0.0074202
0.078514,-0.0013487,0.0070865
0.054956,0.00094566,0.0081737
-0.029928,-0.0069348,0.0082712
-0.09275,0.010592,0.0088036
-0.16642,-0.011827,0.0095422
-0.20531,0.0067416,0.0087811
-0.19259,-0.003272,0.011278
-0.18025,-0.013053,0.008335
-0.093124,0.019653,0.01265
-0.002631,-0.037069,0.0093022
0.063556,0.049597,0.012062
0.13049,-0.061505,0.012459
0.17574,0.059715,0.0082112
0.19107,-0.063878,0.019642
0.2408,0.048476,-0.0055595
0.30101,1.7473,0.16666
0.35037,2.2888,0.56239
0.48611,1.9013,0.90871
0.49919,2.07,1.2448
0.53995,1.985,1.5698
0.65625,2.0547,1.8642
0.6297,2.0749,2.1525
0.7804,2.0932,2.4169
0.8391,2.1548,2.6752
0.7961,2.1706,2.9163
0.92997,2.2415,3.1482
0.89856,2.2316,3.3659
0.9094,2.2814,3.5669
1.007,2.3193,3.7604
1.0418,2.3472,3.9428
1.0422,2.3656,4.1139
0.98831,2.3595,4.2699
0.9655,2.3779,4.4125
0.86191,2.3576,4.5396
0.81218,2.3389,4.6498
0.76058,2.3333,4.7459
0.68841,2.3142,4.8283
0.69364,2.2907,4.8965
0.60614,2.2569,4.9508
0.62372,2.2406,4.9935
0.61549,2.2037,5.0251
0.53584,2.1511,5.0434
0.51527,2.1228,5.0492
0.34663,2.0761,5.0443
0.11553,2.0244,5.0277
-0.10472,1.9777,5.001
-0.30515,1.9247,4.9657
-0.4981,1.8683,4.921
-0.64431,1.8146,4.868
-0.68918,1.7605,4.8073
-0.74078,1.6961,4.7383
-0.76098,1.6268,4.6612
-0.68357,1.5573,4.5763
-0.62673,1.4956,4.4849
-0.61514,1.4217,4.3871
-0.50483,1.3428,4.2805
-0.50408,1.269,4.1674
-0.62599,1.1901,4.049
-0.59981,1.1252,3.9253
-0.64954,1.0495,3.7974
-0.75986,0.96265,3.6632
-0.77855,0.9018,3.5264
-0.8238,0.81226,3.3866
-0.82268,0.70856,3.2367
-0.8309,0.65188,3.0842
-0.83464,0.55995,2.931
-0.80996,0.46451,2.7706
-0.78977,0.3849,2.6075
-0.66974,0.2684,2.4386
-0.59345,0.16594,2.2617
-0.51306,0.050065,2.077
-0.38143,-0.031468,1.8892
-0.31412,-0.15489,1.698
-0.20157,-0.25793,1.4986
-0.071062,-0.35633,1.3015
-0.00038735,-0.49542,1.0952
0.042989,-0.56218,0.89343
0.045233,-0.7573,0.68412
0.021675,-0.7758,0.47485
-0.0089879,-1.0182,0.26818
-0.051243,-0.97973,0.040765
-0.031798,-0.13588,-0.043017
0.050842,-0.025582,-0.015495
0.12526,-0.13461,-0.024493
0.21388,-0.028218,-0.02167
0.27184,-0.093844,-0.021636
0.33466,-0.03753,-0.023544
0.43675,-0.063878,-0.021512
0.43151,-0.051994,-0.024388
0.4188,-0.046071,-0.022258
0.40272,-0.058217,-0.024718
0.30512,-0.037249,-0.023882
0.26062,-0.047372,-0.02438
0.19668,-0.036155,-0.024984
0.11479,-0.041261,-0.024883
0.059443,-0.032889,-0.025752
0.02691,-0.037778,-0.025816
0.0059696,-0.037902,-0.026626
-0.04526,-0.030441,-0.026281
-0.051617,-0.047563,-0.027095
-0.03292,-0.040672,-0.028429
0.034015,-0.032004,-0.029205
0.09048,-0.036417,-0.030266
0.10432,-0.032132,-0.031417
0.14395,-0.028915,-0.031684
0.14059,-0.030767,-0.032276
0.13647,-0.02568,-0.032947
0.10432,-0.034183,-0.032913
0.061312,-0.026531,-0.034166
0.043737,-0.023592,-0.033341
-0.033668,-0.032822,-0.035125
-0.096116,-0.012273,-0.034612
-0.12491,-0.045531,-0.035384
-0.11369,-0.0072834,-0.036216
-0.056104,-0.034996,-0.034391
0.0011084,-0.020491,-0.038646
0.06206,-0.012892,-0.033273
0.15442,-0.058041,-0.040258
0.22547,0.039669,-0.033584
0.21014,-0.12374,-0.039624
0.26361,0.14716,-0.036479
0.2494,-0.49915,-0.039422
0.25576,-2.0413,-0.31233
0.36495,-2.0215,-0.71419
0.32718,-1.9291,-1.0459
0.45918,-2.0772,-1.3867
0.62895,-1.9917,-1.696
0.69589,-2.1079,-1.9888
0.87538,-2.0764,-2.268
0.92249,-2.1411,-2.5275
0.86004,-2.1752,-2.7807
0.89706,-2.2181,-3.0169
0.94493,-2.2668,-3.2462
0.90566,-2.2628,-3.4563
0.96138,-2.3196,-3.654
1.0336,-2.348,-3.8435
0.99354,-2.3775,-4.0218
1.0216,-2.3854,-4.1877
0.96774,-2.39,-4.3378
0.87051,-2.3942,-4.4754
0.80956,-2.3756,-4.5971
0.75497,-2.3604,-4.7022
0.74749,-2.3473,-4.7936
0.70673,-2.3295,-4.8717
0.73814,-2.3055,-4.9364
0.66896,-2.2778,-4.9878
0.60876,-2.2463,-5.0267
0.63867,-2.2128,-5.0536
0.50555,-2.1759,-5.0693
0.40197,-2.1301,-5.0731
0.26773,-2.0792,-5.0645
0.073278,-2.032,-5.0448
-0.15595,-1.9833,-5.0158
-0.38293,-1.931,-4.9779
-0.49698,-1.875,-4.9309
-0.65067,-1.8164,-4.8754
-0.70563,-1.7587,-4.812
-0.6903,-1.6943,-4.7406
-0.72583,-1.6261,-4.6615
-0.71237,-1.5553,-4.5739
-0.69816,-1.4918,-4.4793
-0.60579,-1.4273,-4.3801
-0.54671,-1.3458,-4.2735
-0.5699,-1.269,-4.1594
-0.52166,-1.197,-4.0394
-0.59944,-1.1254,-3.9154
-0.72994,-1.0392,-3.7863
-0.73854,-0.96312,-3.6504
-0.77631,-0.90108,-3.5138
-0.81595,-0.78999,-3.3712
-0.84324,-0.69932,-3.2181
-0.87615,-0.64134,-3.0654
-0.87914,-0.53961,-2.9095
-0.85371,-0.45364,-2.7472
-0.77519,-0.35872,-2.5817
-0.66562,-0.25001,-2.4086
-0.4981,-0.1402,-2.2284
-0.39003,-0.030857,-2.0404
-0.32721,0.05684,-1.8512
-0.21465,0.19094,-1.6548
-0.17464,0.26435,-1.455
-0.10883,0.40247,-1.2547
-0.0056225,0.50119,-1.0471
0.042616,0.62387,-0.8449
0.063556,0.7672,-0.62971
0.078514,0.80691,-0.42726
0.053834,1.1156,-0.2019
0.024293,0.6309,-0.010118
0.094593,-0.057569,0.0047208
0.15667,0.094566,-0.012109
0.24118,0.042852,-0.00099672
0.32569,0.019087,-0.0077377
0.30736,0.04722,-0.0027588
0.3485,0.0041998,-0.0052145
0.3814,0.037255,-0.0034149
0.3829,0.0028427,-0.0028151
0.43824,0.020714,-0.0037824
0.393,0.0074127,-0.0016866
0.31036,0.011754,-0.0025451
0.25352,0.010881,-0.001008
0.13909,0.003435,-0.0013904
0.081505,0.010641,-0.00062555
0.047103,-0.0026421,-0.00028813
-0.019832,0.0061118,0.00018802
-0.029928,0.00076946,0.00088911
-0.03292,0.0021079,0.00053294
-0.062461,0.0082975,0.0021263
-0.035538,0.0042973,0.0036223
0.011205,0.0022278,0.0042221
0.031397,-0.0054352,0.0055231
0.13647,-0.0044792,0.0062767
0.19182,0.0068691,0.0064641
0.12937,-0.0012625,0.0074052
0.126,-0.0050827,0.0073077
0.1088,0.0063817,0.0086799
0.029902,-0.0079807,0.0084774
-0.0074922,0.009917,0.009201
-0.010858,-0.009859,0.01015
-0.043764,0.0068691,0.0091073
-0.051617,0.001733,0.012028
-0.047504,-0.013679,0.0088711
-0.041147,0.022176,0.012841
0.052712,-0.043413,0.010026
0.13311,0.041686,0.012242
0.19967,-0.055181,0.01304
0.27184,0.051557,0.0081962
0.27633,-0.052324,0.020655
0.26922,0.024066,-0.0054395
0.25464,1.7023,0.15875
0.32793,2.3025,0.55307
0.46217,1.9074,0.90183
0.47975,2.078,1.2385
0.55641,1.9962,1.5651
0.59866,2.0643,1.8601
0.57174,2.0899,2.1501
0.73739,2.1011,2.4158
0.77815,2.1676,2.6753
0.8047,2.1725,2.9176
0.96213,2.2541,3.1505
0.92661,2.2485,3.3706
0.92212,2.2807,3.5733
0.98008,2.3211,3.7671
0.99017,2.3517,3.9503
0.99317,2.3767,4.1234
0.96512,2.376,4.2816
0.93109,2.383,4.4262
0.8578,2.366,4.556
0.78638,2.352,4.6693
0.72356,2.3334,4.7685
0.67569,2.3143,4.8542
0.65363,2.2958,4.9257
0.63942,2.2643,4.983
0.60016,2.2384,5.0283
0.55155,2.1958,5.0618
0.51116,2.1584,5.0833
0.38552,2.1189,5.0925
0.25389,2.0606,5.0896
0.12339,2.0196,5.0755
-0.069566,1.9679,5.0514
-0.24532,1.915,5.018
-0.44388,1.8658,4.9755
-0.60056,1.8053,4.9245
-0.70788,1.7498,4.8654
-0.79014,1.6876,4.7983
-0.76098,1.625,4.7231
-0.7363,1.5539,4.6398
-0.69703,1.482,4.55
-0.6645,1.4202,4.4542
-0.57812,1.341,4.3501
-0.55157,1.2658,4.2388
-0.60018,1.1945,4.1219
-0.52839,1.1171,3.9994
-0.61215,1.046,3.8733
-0.64431,0.96723,3.7411
-0.9042,0.90172,3.6042
-1.1944,0.82236,3.4659
-0.92177,0.71266,3.3187
-0.75986,0.64467,3.1652
-0.69255,0.57165,3.0126
-0.69965,0.47103,2.8535
-0.7449,0.39577,2.6899
-0.60916,0.2838,2.5223
-0.54858,0.17876,2.3459
-0.38255,0.07599,2.1639
-0.28533,-0.022324,1.9759
-0.30664,-0.11963,1.7865
-0.25242,-0.24308,1.5881
-0.30739,-0.3154,1.3896
-0.22999,-0.46533,1.1865
-0.050869,-0.53388,0.97983
0.070287,-0.69387,0.77634
0.1447,-0.79471,0.55996
0.1017,-0.88079,0.3587
0.015318,-1.1361,0.12717
-0.052739,-0.4699,-0.033686
0.04972,0.040951,-0.025138
0.15779,-0.1449,-0.018209
0.27745,-0.04525,-0.025205
0.40459,-0.073727,-0.019285
0.39187,-0.065753,-0.024422
0.4517,-0.04573,-0.020852
0.45357,-0.071346,-0.023867
0.43226,-0.036919,-0.022993
0.46629,-0.058656,-0.023286
0.3556,-0.037463,-0.02435
0.21313,-0.046326,-0.023754
0.07814,-0.041789,-0.025141
-0.086019,-0.038438,-0.024778
-0.15295,-0.043023,-0.025558
-0.089759,-0.036976,-0.025254
-0.022076,-0.041418,-0.026202
0.025788,-0.032769,-0.026551
0.11292,-0.039277,-0.026589
0.126,-0.041628,-0.028204
0.089732,-0.031266,-0.02916
0.1017,-0.032136,-0.030086
0.087114,-0.031821,-0.031421
0.11329,-0.027063,-0.031785
0.17798,-0.035626,-0.032224
0.11628,-0.030171,-0.033011
0.054956,-0.03115,-0.033142
0.066174,-0.028409,-0.034297
0.012327,-0.025699,-0.033629
-0.0059964,-0.033748,-0.035515
0.023171,-0.01161,-0.034844
0.016066,-0.043713,-0.035403
0.011205,-0.0064624,-0.03676
-0.017589,-0.035116,-0.03475
-0.0059964,-0.022519,-0.038935
0.045981,-0.0073584,-0.033712
0.13273,-0.065179,-0.040607
0.25165,0.041154,-0.034357
0.31858,-0.12173,-0.039561
0.39711,0.13655,-0.037836
0.31148,-0.45765,-0.036715
0.24828,-2.0202,-0.30228
0.37542,-2.037,-0.70639
0.35074,-1.9217,-1.0402
0.45357,-2.0774,-1.3816
0.61212,-1.9859,-1.6931
0.64765,-2.0996,-1.9867
0.82676,-2.0719,-2.2675
0.89071,-2.1341,-2.5285
0.87874,-2.1678,-2.7834
1.0104,-2.2076,-3.0209
1.1128,-2.2647,-3.2522
1.0889,-2.2577,-3.4656
1.0784,-2.3062,-3.6651
1.0762,-2.3343,-3.8556
0.95876,-2.3667,-4.0356
0.94119,-2.3755,-4.2042
0.88921,-2.3776,-4.357
0.75048,-2.3836,-4.4974
0.72543,-2.3657,-4.6226
0.65213,-2.3544,-4.7321
0.59679,-2.3381,-4.8281
0.59941,-2.31,-4.9091
0.59829,-2.2872,-4.9757
0.5837,-2.2606,-5.0298
0.55379,-2.2303,-5.0723
0.50256,-2.1948,-5.1031
0.44759,-2.1521,-5.1217
0.3197,-2.1072,-5.1283
0.11927,-2.0564,-5.1228
0.055329,-2.0074,-5.1061
-0.11107,-1.9594,-5.0797
-0.31038,-1.9096,-5.0442
-0.41022,-1.8558,-4.9994
-0.58672,-1.8001,-4.9463
-0.68469,-1.7405,-4.8857
-0.78865,-1.6752,-4.8164
-0.82679,-1.6103,-4.7392
-0.80286,-1.5353,-4.654
-0.79762,-1.4714,-4.561
-0.7176,-1.4075,-4.4633
-0.66899,-1.3252,-4.3588
-0.55195,-1.2532,-4.2463
-0.57176,-1.177,-4.128
-0.60542,-1.1097,-4.0045
-0.49399,-1.0355,-3.877
-0.55718,-0.94945,-3.7431
-0.57214,-0.88993,-3.6063
-0.65478,-0.79545,-3.4663
-0.77556,-0.6923,-3.3152
-0.74078,-0.63673,-3.1613
-0.77369,-0.55246,-3.0071
-0.75499,-0.45548,-2.8452
-0.66824,-0.37103,-2.6801
-0.56803,-0.25838,-2.5086
-0.52465,-0.15875,-2.329
-0.42742,-0.046802,-2.143
-0.29094,0.040078,-1.9528
-0.26401,0.1536,-1.7594
-0.11332,0.25448,-1.5576
-0.063583,0.35018,-1.3582
-0.075549,0.49059,-1.1498
0.021675,0.55524,-0.94501
0.023545,0.75043,-0.73433
0.057573,0.77741,-0.52126
0.12114,0.99941,-0.31279
0.15181,1.0028,-0.079744
0.18022,0.14669,0.016021
0.23295,-0.019044,-0.011311
0.25539,0.11011,-0.0036924
0.24454,-0.0050303,-0.0049821
0.25875,0.06141,-0.0055295
0.24791,0.010547,-0.0027701
0.27558,0.030368,-0.0053383
0.27707,0.019972,-0.0018515
0.30325,0.0085112,-0.0038836
0.29241,0.023312,-0.001979
0.20117,0.0022841,-0.0023239
0.2236,0.014903,-0.0018028
0.19518,0.0068504,-0.00091799
0.1533,0.011319,-0.00097048
0.1462,0.0051033,-0.00015316
0.089358,0.0075589,-8.5674e-05
0.041868,0.0079638,0.00086287
-0.027311,0.002374,0.00071665
-0.038155,0.011986,0.001399
0.028406,0.0051333,0.0030224
0.044485,0.0014855,0.0038809
0.083375,0.010134,0.0050094
0.13012,0.0038961,0.0062504
0.12713,0.00034582,0.0064229
0.16228,0.0058381,0.0074202
0.14358,-0.0026496,0.0077576
0.12825,0.0048371,0.0082712
0.10619,-0.0061625,0.0089348
0.039998,0.0035437,0.0086199
0.02504,0.0016317,0.010614
-0.0067443,-0.0092029,0.0089236
-0.0097358,0.012538,0.011353
-0.0037528,-0.021792,0.010003
0.027284,0.025873,0.010963
0.090106,-0.030902,0.012515
0.10955,0.019953,0.0090623
0.15779,-0.0083181,0.016066
0.17948,-0.026756,0.0061829
0.1705,0.076012,0.02034
0.20565,-0.1918,0.00040922
0.21089,1.0366,0.061599
0.25015,2.3261,0.40714
0.41768,1.9795,0.78582
0.48012,2.0053,1.1146
0.50069,2.0284,1.4546
0.62259,1.99,1.7553
0.60128,2.0848,2.0498
0.69364,2.06,2.3237
0.8507,2.1407,2.5856
0.80171,2.1392,2.8357
0.88772,2.201,3.0709
0.9554,2.2311,3.2984
0.91053,2.2401,3.5063
0.94717,2.288,3.7043
0.97709,2.3108,3.8925
0.97559,2.3346,4.0705
0.93184,2.333,4.2351
0.87949,2.3374,4.3849
0.7875,2.3343,4.5213
0.69925,2.3048,4.641
0.64989,2.2878,4.7454
0.57398,2.2727,4.8372
0.54743,2.2432,4.9149
0.522,2.2196,4.9777
0.50069,2.1832,5.0281
0.48237,2.1546,5.0669
0.43301,2.124,5.0941
0.42628,2.0704,5.1091
0.27521,2.0213,5.1108
0.10581,1.9698,5.1012
-0.031798,1.9188,5.0817
-0.26327,1.8691,5.0522
-0.36872,1.8189,5.0139
-0.56129,1.7634,4.9669
-0.64954,1.7032,4.9113
-0.73518,1.6485,4.848
-0.82118,1.5815,4.7764
-0.72957,1.5118,4.6965
-0.84287,1.4533,4.6095
-0.62075,1.3885,4.5164
-0.78566,1.3118,4.4158
-0.66712,1.2348,4.3073
-1.9108,1.1594,4.1926
-8.6844,1.0917,4.0722
-15.818,1.0247,3.9482
-19.484,0.93921,3.8188
-20.171,0.8661,3.6834
-18.356,0.7922,3.5472
-17.374,0.68508,3.4044
-14.982,0.59381,3.2532
-13.111,0.51084,3.1027
-10.374,0.39793,2.9486
0.06206,0.30893,2.788
14.304,0.21246,2.6257
29.063,0.094588,2.4544
34.761,0.011469,2.2759
28.192,-0.087643,2.0921
18.99,-0.16616,1.9038
10.615,-0.28102,1.7107
7.0704,-0.36227,1.5101
6.2186,-0.46026,1.3111
1.3675,-0.57682,1.1022
-6.3525,-0.63981,0.89839
-12.289,-0.82673,0.68528
-14.244,-0.82512,0.47418
-9.8424,-1.0802,0.261
-0.72171,-0.95267,0.032401
5.556,-0.096622,-0.040772
7.4687,-0.045587,-0.012814
4.3874,-0.11902,-0.023068
0.69402,-0.02604,-0.019068
3.0394,-0.092607,-0.020282
8.0987,-0.031303,-0.021456
15.682,-0.076505,-0.01975
21.204,-0.04931,-0.022701
20.362,-0.040608,-0.020447
14.995,-0.05361,-0.022431
4.6705,-0.032083,-0.021932
-4.4693,-0.046521,-0.022828
-11.512,-0.035622,-0.023136
-16.123,-0.040016,-0.023237
-18.038,-0.032848,-0.023852
-21.396,-0.033616,-0.023987
-22,-0.035011,-0.024691
-17.569,-0.031217,-0.02459
-7.9544,-0.03575,-0.025677
4.5295,-0.032604,-0.027001
14.689,-0.035911,-0.027998
18.743,-0.035682,-0.029295
15.033,-0.029511,-0.03006
6.9249,-0.033309,-0.030184
-2.4052,-0.028855,-0.031163
-8.5744,-0.028971,-0.031181
-10.923,-0.034977,-0.032306
-11.211,-0.020709,-0.032186
-9.7415,-0.039427,-0.032685
-9.191,-0.017694,-0.033768
-8.4106,-0.030509,-0.032602
-5.5369,-0.030718,-0.03556
-0.47454,-0.015078,-0.032527
4.7086,-0.046329,-0.036231
8.1877,0.015184,-0.033746
9.6525,-0.0669,-0.035223
8.0056,0.029629,-0.037127
6.744,-0.067875,-0.031193
7.8074,0.010881,-0.044821
9.8514,-0.012772,-0.017549
12.251,-1.5609,-0.17022
12.558,-2.1732,-0.56674
8.7412,-1.8311,-0.92225
2.9167,-2.0117,-1.2591
-3.2462,-1.9268,-1.5894
-8.706,-1.9738,-1.8868
-9.4468,-1.9883,-2.1798
-7.677,-1.9837,-2.4485
-5.9875,-2.0402,-2.7114
-3.2054,-2.0381,-2.9585
-0.81221,-2.1067,-3.1963
2.1662,-2.0946,-3.4221
6.0137,-2.1172,-3.6298
9.5545,-2.1467,-3.8297
10.747,-2.1665,-4.0193
7.5449,-2.1792,-4.1984
1.9332,-2.1693,-4.3625
-4.451,-2.1734,-4.513
-9.4606,-2.1526,-4.6495
-11.159,-2.1329,-4.7693
-10.384,-2.1178,-4.8755
-8.4376,-2.0875,-4.9675
-6.3184,-2.0596,-5.0449
-4.9132,-2.0321,-5.1094
-3.9335,-2,-5.1622
-1.4928,-1.9637,-5.2027
1.5683,-1.9214,-5.2305
4.16,-1.877,-5.2463
6.029,-1.8275,-5.2501
5.8869,-1.7797,-5.242
4.9696,-1.7368,-5.224
4.1268,-1.6903,-5.1968
3.4858,-1.6363,-5.1597
3.8059,-1.5865,-5.114
4.651,-1.5373,-5.0607
4.3941,-1.4736,-4.9987
2.3012,-1.4106,-4.9275
-0.52016,-1.3485,-4.8479
-3.008,-1.2885,-4.7602
-3.5203,-1.2321,-4.6666
-2.5346,-1.1604,-4.5667
-1.2923,-1.093,-4.4588
0.26847,-1.0276,-4.3444
1.1498,-0.96226,-4.224
1.8775,-0.89987,-4.0987
3.0121,-0.82068,-3.9675
3.739,-0.76231,-3.8321
3.6317,-0.68998,-3.6936
2.4242,-0.5894,-3.5455
-0.03292,-0.5293,-3.3912
-2.9306,-0.46605,-3.2373
-5.2624,-0.37576,-3.0774
-6.4949,-0.30704,-2.9107
-5.8181,-0.21539,-2.7413
-4.196,-0.098381,-2.5611
-2.3326,-0.018006,-2.3743
-0.60467,0.081163,-2.1829
-0.17726,0.16842,-1.9865
-0.17988,0.27199,-1.7863
-0.43378,0.35188,-1.5798
-0.92775,0.45714,-1.3755
-1.403,0.56949,-1.1608
-2.2294,0.64037,-0.95143
-2.8419,0.82631,-0.73253
-3.137,0.8202,-0.51475
-2.6647,1.0817,-0.29706
-1.4232,0.96269,-0.062108
0.032519,0.085077,0.016096
1.2875,0.014213,-0.012364
1.6356,0.09821,-0.0015066
1.5414,-0.0013412,-0.0053045
1.3443,0.0661,-0.0041835
1.3641,0.00032333,-0.0026164
1.8428,0.02654,-0.0044385
2.582,0.011784,-0.0010305
3.5244,0.010487,-0.0034037
4.2199,0.017228,-0.00083551
4.6839,-0.0010226,-0.0013679
4.5785,0.013269,-0.00090674
3.7513,0.0010431,-7.4426e-05
2.7582,0.010543,-0.00021315
1.418,0.0055195,0.00068665
-0.093498,-0.0001378,0.0011553
-1.2875,0.0049159,0.001459
-2.0978,0.0055045,0.0017814
-2.0668,0.0089423,0.0034535
-1.32,0.0029251,0.0045071
-0.6215,0.0028464,0.0053319
0.1361,0.010078,0.007049
0.67943,-6.2822e-05,0.0073939
0.63194,0.0035887,0.0078026
0.21014,0.0020966,0.0087886
-0.76846,-0.0010151,0.0086799
-1.9243,-0.0020161,0.0099883
-2.8146,-0.0073734,0.009336
-3.4384,0.0067379,0.011034
-3.5375,-0.013019,0.010914
-3.0809,0.014187,0.011237
-2.2979,-0.015764,0.012736
-1.43,0.0046497,0.010483
-0.66525,5.3397e-05,0.014885
-0.20979,-0.025965,0.0098234
0.061312,0.037214,0.016174
0.35822,-0.068831,0.010813
0.42067,0.094607,0.014472
0.4259,-0.15772,0.015635
0.6484,0.36722,0.0085337
0.85481,2.0512,0.25697
1.311,2.131,0.65786
1.8876,1.8781,0.99245
2.143,2.0161,1.3358
2.4407,1.897,1.6524
2.4096,1.9902,1.9496
1.8749,1.9544,2.2364
1.4729,1.9924,2.5027
1.0751,2.023,2.7628
0.85817,2.0381,3.0054
1.0766,2.0851,3.2416
1.4138,2.0718,3.4603
1.8491,2.1105,3.6653
2.2399,2.1289,3.8628
2.3752,2.1568,4.0495
2.204,2.1525,4.2245
1.7347,2.1404,4.3844
1.004,2.1444,4.5315
0.10207,2.1159,4.6627
-0.66861,2.0919,4.777
-1.1656,2.0762,4.8785
-1.3761,2.0497,4.9666
-1.2262,2.0207,5.0398
-0.71872,1.9924,5.1005
-0.093872,1.9489,5.1488
0.4345,1.9119,5.1848
0.71645,1.8721,5.2094
0.53247,1.818,5.2208
-0.023198,1.7754,5.2192
-0.67161,1.7281,5.2076
-1.2568,1.6795,5.1859
-1.728,1.6297,5.1543
-2.0073,1.5741,5.1146
-1.9452,1.5187,5.066
-1.6506,1.4667,5.0085
-1.3619,1.4155,4.9432
-1.1229,1.347,4.869
-0.88625,1.2845,4.7867
-0.61402,1.2241,4.698
-0.48501,1.1623,4.6022
-0.41209,1.1,4.4981
-0.22886,1.0254,4.3869
0.0044739,0.96483,4.2698
0.43675,0.90218,4.1477
0.95054,0.82959,4.0204
1.4097,0.76525,3.8868
1.7848,0.70478,3.7509
1.882,0.62221,3.6099
1.6337,0.53448,3.4591
1.0709,0.47899,3.3057
0.45843,0.40311,3.1506
-0.040773,0.31394,2.988
-0.41583,0.24908,2.8217
-0.577,0.1427,2.65
-0.53437,0.047388,2.4674
-0.26401,-0.034734,2.2812
0.03738,-0.13652,2.0888
0.21164,-0.21955,1.8929
0.37168,-0.33485,1.6907
0.28268,-0.39387,1.4853
-0.097611,-0.52351,1.2785
-0.55382,-0.60299,1.0642
-1.1577,-0.71415,0.8559
-1.642,-0.86327,0.63317
-1.7815,-0.87526,0.42326
-1.8073,-1.173,0.19263
-1.6136,-0.70601,-0.0095823
-1.2377,0.02326,-0.030042
-0.97375,-0.11389,-0.011217
-0.64842,-0.077169,-0.022787
-0.40761,-0.049831,-0.015566
-0.44089,-0.077476,-0.020541
-0.41583,-0.030546,-0.01807
-0.36722,-0.075605,-0.019368
-0.3317,-0.036642,-0.020436
-0.15482,-0.054199,-0.019135
0.072905,-0.049501,-0.021321
0.32868,-0.040031,-0.020102
0.64129,-0.046329,-0.021336
0.87126,-0.03753,-0.021186
0.93745,-0.041909,-0.021658
0.93932,-0.039574,-0.022341
0.82976,-0.034565,-0.022697
0.63867,-0.032027,-0.023068
0.51079,-0.036822,-0.023492
0.436,-0.034764,-0.025081
0.48947,-0.032001,-0.025929
0.73926,-0.036559,-0.026806
1.0997,-0.037658,-0.028418
1.437,-0.026767,-0.028497
1.6722,-0.029924,-0.029239
1.7324,-0.026362,-0.029888
1.5975,-0.029924,-0.030225
1.3069,-0.02616,-0.03108
0.85444,-0.025987,-0.030578
0.3283,-0.024255,-0.032445
-0.16342,-0.018497,-0.030923
-0.49885,-0.037834,-0.033086
-0.67086,-0.0018848,-0.032197
-0.81333,-0.046562,-0.032696
-0.80622,0.00363,-0.03487
-0.71797,-0.034055,-0.030784
-0.69217,-0.021376,-0.038211
-0.73779,0.012695,-0.028343
-0.8769,-0.10489,-0.041653
-0.96365,0.16264,-0.02435
-1.1244,-0.9137,-0.072497
-1.0975,-2.1855,-0.40951
-0.87914,-1.9018,-0.79744
-0.71424,-1.9396,-1.1277
-0.24756,-1.979,-1.4693
0.16714,-1.9244,-1.7735
0.43974,-2.008,-2.0701
0.75085,-1.9586,-2.3466
0.78152,-2.0295,-2.6104
0.66148,-2.0291,-2.8646
0.61773,-2.0781,-3.1043
0.57473,-2.0922,-3.3362
0.58146,-2.0914,-3.5482
0.86042,-2.1382,-3.7514
1.2299,-2.1499,-3.945
1.5915,-2.1683,-4.128
2.0084,-2.1629,-4.2977
2.2193,-2.1616,-4.4529
2.2892,-2.1482,-4.5952
2.2133,-2.1206,-4.7205
1.9426,-2.106,-4.8313
1.6509,-2.0801,-4.9287
1.3106,-2.0463,-5.0106
1.0276,-2.0226,-5.0793
0.79722,-1.9941,-5.1368
0.64054,-1.9562,-5.1818
0.59604,-1.9193,-5.2147
0.50293,-1.8753,-5.2355
0.35934,-1.8244,-5.243
0.13797,-1.7764,-5.2386
-0.19633,-1.7342,-5.2242
-0.56391,-1.6877,-5.2002
-0.88213,-1.6319,-5.1657
-1.1637,-1.5807,-5.1225
-1.3077,-1.5342,-5.0715
-1.3309,-1.4794,-5.0125
-1.2901,-1.4183,-4.9449
-1.1166,-1.3563,-4.8685
-1.0553,-1.2915,-4.7837
-1.0538,-1.2366,-4.692
-1.0448,-1.1731,-4.5943
-1.1304,-1.1018,-4.4891
-1.2243,-1.0375,-4.377
-1.3776,-0.96634,-4.2582
-1.384,-0.90279,-4.1342
-1.2273,-0.83211,-4.0052
-0.99282,-0.77192,-3.8703
-0.59607,-0.70558,-3.7333
-0.22886,-0.60355,-3.5884
0.077018,-0.53442,-3.4352
0.34999,-0.47983,-3.2815
0.51864,-0.38983,-3.1238
0.48349,-0.31679,-2.9587
0.35672,-0.23976,-2.7913
0.29353,-0.11828,-2.615
0.23033,-0.041231,-2.4292
0.19855,0.057668,-2.2402
0.2079,0.14784,-2.0449
0.35037,0.24312,-1.8463
0.52986,0.35149,-1.64
0.64877,0.41079,-1.4359
0.75796,0.5525,-1.2242
0.71159,0.60851,-1.0123
0.56015,0.78058,-0.79893
0.39075,0.8344,-0.57589
0.21986,0.9719,-0.36681
0.02691,1.1303,-0.12407
-0.13987,0.31737,0.014652
-0.17315,-0.051342,-0.0063393
-0.20718,0.1283,-0.0056682
-0.21765,0.0031163,-0.002069
-0.25654,0.056547,-0.0060019
-0.38442,0.020317,-0.00093673
-0.43827,0.023927,-0.0046109
-0.61028,0.033146,-0.00086175
-0.81744,0.0039861,-0.0026051
-0.89298,0.030117,-0.0012254
-0.99656,0.0009944,-0.00072678
-0.94383,0.013726,-0.0011729
-0.79501,0.0064117,0.0004917
-0.67011,0.0012568,-0.0002094
-0.41733,0.00829,0.00080288
-0.15819,0.0066329,0.0014177
0.003352,0.0048671,0.0017364
0.0744,0.0028239,0.0019501
0.10581,0.009126,0.002685
0.129,0.0080125,0.0037722
0.16863,0.0078064,0.0049645
0.2595,0.0088036,0.0061117
0.3814,0.0031013,0.0071052
0.56089,-0.0067211,0.0075964
0.74525,0.0047809,0.0081775
0.93221,0.0010881,0.009171
1.081,-0.00073015,0.0088336
1.1308,0.0048484,0.01024
1.1427,-0.0082094,0.0099209
1.0683,0.011454,0.011083
0.90155,-0.015393,0.011537
0.70037,0.0082,0.011064
0.51415,-0.0092104,0.013141
0.40384,-0.0058138,0.010397
0.35897,0.016613,0.014967
0.33952,-0.035435,0.010569
0.31185,0.042368,0.015091
0.29502,-0.069746,0.012973
0.26287,0.073954,0.012122
0.14732,-0.10617,0.019447
0.016814,0.17789,0.00021426
-0.13762,1.8716,0.20662
-0.17838,2.1872,0.60542
-0.13538,1.8534,0.94391
-0.23073,1.9988,1.2817
-0.18474,1.8883,1.6022
-0.15034,1.9738,1.898
-0.16716,1.9412,2.1854
0.051216,1.9538,2.4498
0.095715,2.0026,2.7095
0.061312,2.0017,2.9527
0.16078,2.0476,3.1852
0.13161,2.0389,3.4006
0.15218,2.0873,3.6056
0.27782,2.1023,3.8038
0.38888,2.1018,3.9881
0.56501,2.1016,4.1597
0.73029,2.0992,4.3159
0.79909,2.0886,4.4587
0.84135,2.0511,4.5839
0.82078,2.0386,4.6944
0.80134,2.0144,4.7926
0.83125,1.9709,4.8743
0.75235,1.9512,4.943
0.75572,1.9151,4.9998
0.82078,1.8759,5.0438
0.83723,1.8484,5.0769
0.94642,1.7891,5.0967
0.9625,1.7488,5.1033
0.89594,1.7058,5.0994
0.82676,1.6434,5.0846
0.63531,1.6073,5.0595
0.37766,1.5517,5.026
0.13273,1.4954,4.9836
-0.11743,1.4519,4.9318
-0.32646,1.3925,4.8723
-0.47716,1.3378,4.8051
-0.60804,1.2765,4.7287
-0.67609,1.2177,4.6448
-0.74452,1.1628,4.555
-0.81034,1.085,4.4565
-0.86867,1.0165,4.3493
-0.96103,0.95429,4.2365
-0.9745,0.88862,4.1186
-1.0235,0.82692,3.9958
-1.1099,0.75258,3.8664
-1.0856,0.69723,3.7331
-1.0822,0.62333,3.5965
-1.053,0.5235,3.4503
-0.98085,0.4698,3.2989
-0.92588,0.40838,3.1466
-0.86867,0.31191,2.988
-0.8425,0.24861,2.8244
-0.76659,0.15784,2.6565
-0.70937,0.049717,2.4783
-0.62524,-0.026321,2.2957
-0.44126,-0.12684,2.1067
-0.28159,-0.20503,1.9132
-0.063583,-0.31764,1.7145
0.15106,-0.38675,1.5104
0.31858,-0.50333,1.3066
0.53247,-0.60091,1.0935
0.65849,-0.67908,0.88771
0.73291,-0.85793,0.66808
0.786,-0.85041,0.45623
0.73851,-1.1371,0.23427
0.69364,-0.84292,0.014615
0.68093,-0.020952,-0.031357
0.61661,-0.08361,-0.006418
0.55416,-0.10074,-0.018712
0.54631,-0.032331,-0.012139
0.4345,-0.087565,-0.015618
0.37355,-0.028195,-0.014992
0.34251,-0.065689,-0.014741
0.19406,-0.035585,-0.016874
0.19219,-0.046341,-0.014985
0.12264,-0.045512,-0.017242
-0.002631,-0.032882,-0.01611
-0.01871,-0.041497,-0.017294
-0.074801,-0.031345,-0.017414
-0.12042,-0.035915,-0.017639
-0.21353,-0.030898,-0.018427
-0.24008,-0.033167,-0.018869
-0.2872,-0.02839,-0.019251
-0.39003,-0.02637,-0.01915
-0.40648,-0.030385,-0.020207
-0.4708,-0.034014,-0.021145
-0.48202,-0.03088,-0.022299
-0.4536,-0.031828,-0.023413
-0.39265,-0.033999,-0.024358
-0.27,-0.02346,-0.024534
-0.19184,-0.028829,-0.025363
-0.085271,-0.024746,-0.025992
0.048599,-0.029972,-0.026079
0.15031,-0.025399,-0.027275
0.22734,-0.023914,-0.02666
0.29914,-0.028282,-0.028429
0.3283,-0.0094316,-0.027316
0.34214,-0.037493,-0.028831
0.40047,-0.003182,-0.028819
0.42216,-0.042603,-0.028077
0.47302,-0.0084719,-0.031519
0.52836,-0.020742,-0.026547
0.54519,-0.039199,-0.034076
0.60838,0.03532,-0.025359
0.60091,-0.11981,-0.035272
0.57847,0.16867,-0.025441
0.55342,-0.68482,-0.046703
0.54182,-2.131,-0.34937
0.60502,-1.9448,-0.74311
0.57286,-1.8898,-1.0711
0.6211,-1.9844,-1.4116
0.7774,-1.8934,-1.718
0.79872,-1.9843,-2.012
0.82639,-1.9327,-2.2895
0.789,-1.9927,-2.5511
0.56725,-2.0094,-2.8068
0.52088,-2.0313,-3.046
0.4704,-2.0429,-3.2737
0.26735,-2.0538,-3.484
0.27408,-2.1035,-3.6877
0.27446,-2.105,-3.8813
0.20977,-2.1147,-4.0614
0.23856,-2.1056,-4.2279
0.21537,-2.0965,-4.3791
0.18583,-2.0779,-4.5158
0.16826,-2.0581,-4.6366
0.13573,-2.0414,-4.7444
0.12787,-2.004,-4.8369
0.12563,-1.9729,-4.9143
0.17686,-1.9505,-4.9798
0.23594,-1.9186,-5.0332
0.2666,-1.8811,-5.0741
0.33204,-1.8444,-5.1034
0.38552,-1.7937,-5.12
0.33242,-1.7435,-5.1235
0.28568,-1.7021,-5.1167
0.23931,-1.6514,-5.0998
0.097958,-1.601,-5.0726
0.060939,-1.5543,-5.0364
-0.0030049,-1.5038,-4.9915
-0.061713,-1.4504,-4.9384
0.016066,-1.3932,-4.8769
0.0067175,-1.3347,-4.8063
0.028032,-1.2759,-4.7282
0.069913,-1.2113,-4.6426
0.02878,-1.1447,-4.5482
-0.020206,-1.0823,-4.4464
-0.14959,-1.0206,-4.3397
-0.26775,-0.95297,-4.2271
-0.35189,-0.88637,-4.1081
-0.48165,-0.81389,-3.9828
-0.58298,-0.74787,-3.8512
-0.62561,-0.69577,-3.7179
-0.60766,-0.60546,-3.5789
-0.62112,-0.52071,-3.4294
-0.61552,-0.47889,-3.278
-0.59158,-0.39786,-3.1246
-0.62599,-0.30409,-2.9628
-0.60131,-0.23713,-2.7978
-0.60991,-0.12709,-2.626
-0.61327,-0.038471,-2.4435
-0.53736,0.048221,-2.2577
-0.50221,0.14473,-2.0656
-0.43079,0.23389,-1.8703
-0.38854,0.34067,-1.6672
-0.36572,0.39647,-1.464
-0.26102,0.53839,-1.2564
-0.20493,0.5984,-1.0441
-0.16305,0.7416,-0.83498
-0.13613,0.84368,-0.61207
-0.062461,0.91296,-0.40411
0.016814,1.1586,-0.16593
0.061686,0.48209,0.0055681
0.24716,-0.068831,7.1791e-05
0.32083,0.12069,-0.0083826
0.42777,0.01848,-8.9423e-05
0.59044,0.037184,-0.006418
0.55042,0.037315,-0.00055807
0.58146,0.011083,-0.004086
0.54481,0.038368,-0.0010417
0.49097,6.0895e-05,-0.0016678
0.49807,0.026124,-0.0016228
0.37131,0.008095,-0.00010817
0.30774,0.0025127,-0.001053
0.2954,0.0041811,0.00070915
0.28979,0.0025727,0.00034548
0.261,0.0076564,0.0010616
0.23108,0.0091972,0.0016877
0.25726,0.005512,0.0020514
0.20864,0.0015305,0.0022688
0.16639,0.0038249,0.0029062
0.11553,0.00026709,0.0037535
0.063556,0.0044135,0.0046795
0.034389,0.0048596,0.0060292
-0.0033789,0.0072215,0.0067903
-0.0030049,0.0035625,0.0076564
-0.064705,0.0011031,0.0079563
-0.11145,0.0046347,0.0089648
-0.12827,-0.005915,0.009171
-0.1552,0.0062992,0.0096209
-0.17876,-0.0074409,0.010813
-0.21914,-0.0031183,0.01012
-0.18923,0.0036637,0.012024
-0.15632,-0.012566,0.010629
-0.11257,0.015038,0.012665
-0.048251,-0.021912,0.011938
0.030276,0.024081,0.012107
0.13049,-0.021451,0.014619
0.16265,0.0074727,0.010521
0.21126,0.0081438,0.018008
0.261,-0.042828,0.0084437
0.25389,0.083728,0.020681
0.27595,-0.19676,0.0052531
0.32045,0.86052,0.045965
0.3111,2.2601,0.36983
0.43413,1.9619,0.75386
0.55342,1.8986,1.079
0.51901,1.9513,1.4172
0.65737,1.886,1.7211
0.64279,1.9689,2.0154
0.63755,1.9111,2.2903
0.83649,1.9774,2.5518
0.75422,1.9824,2.8059
0.79872,2.0008,3.0423
0.87425,2.0116,3.2666
0.77516,2.0342,3.4761
0.83387,2.0835,3.6798
0.84471,2.0695,3.871
0.78713,2.075,4.0486
0.71458,2.0728,4.2128
0.63119,2.0535,4.3613
0.47676,2.0243,4.494
0.35523,2.005,4.6107
0.27595,1.9864,4.7144
0.12301,1.947,4.8039
0.13498,1.9163,4.879
0.089358,1.8898,4.9405
0.054208,1.8603,4.9906
0.17312,1.8247,5.0298
0.16377,1.7701,5.0549
0.13573,1.7231,5.0672
0.085992,1.6834,5.0687
-0.040399,1.6307,5.0586
-0.18436,1.5851,5.0386
-0.30963,1.5449,5.0104
-0.41845,1.4907,4.9728
-0.48987,1.4336,4.926
-0.51044,1.383,4.8713
-0.54895,1.3254,4.8079
-0.47791,1.265,4.7353
-0.41995,1.2098,4.6547
-0.41621,1.1523,4.5681
-0.37582,1.0817,4.4738
-0.38255,1.0044,4.3702
-0.29094,0.94144,4.2602
-0.28421,0.88272,4.1446
-0.3044,0.81749,4.0243
-0.18137,0.75082,3.8977
-0.19596,0.69573,3.766
-0.20643,0.63025,3.6322
-0.15632,0.5363,3.4894
-0.16305,0.46739,3.3395
-0.2068,0.41238,3.1891
-0.24382,0.32774,3.0335
-0.27299,0.2553,2.8715
-0.37283,0.17138,2.7061
-0.35899,0.063472,2.531
-0.30589,-0.012416,2.3489
-0.28608,-0.11333,2.1619
-0.24083,-0.19133,1.969
-0.23036,-0.29358,1.7728
-0.12341,-0.38215,1.569
-0.09275,-0.46982,1.3668
-0.11668,-0.59367,1.1552
-0.068444,-0.64086,0.94751
-0.11855,-0.83453,0.73342
-0.14847,-0.8421,0.51536
-0.17016,-1.0436,0.30443
-0.20568,-1.0496,0.066833
-0.13687,-0.18883,-0.034634
-0.081906,-0.010605,-0.0069354
-0.029181,-0.13627,-0.014314
0.080009,-0.01868,-0.013009
0.058695,-0.08286,-0.011866
0.035137,-0.035319,-0.014902
0.12937,-0.059035,-0.012016
0.13124,-0.049951,-0.015648
0.17574,-0.036376,-0.013339
0.23594,-0.051822,-0.015266
0.27147,-0.03106,-0.015165
0.36458,-0.043668,-0.015311
0.35972,-0.035956,-0.016083
0.38514,-0.032046,-0.015888
0.39786,-0.030692,-0.016713
0.34625,-0.030209,-0.016893
0.34027,-0.026193,-0.017591
0.28007,-0.035742,-0.017583
0.22285,-0.032765,-0.018378
0.19556,-0.024345,-0.019274
0.19294,-0.03004,-0.020215
0.25464,-0.02532,-0.021531
0.27259,-0.027164,-0.022416
0.26361,-0.020682,-0.022978
0.30998,-0.023284,-0.023405
0.27184,-0.025762,-0.0245
0.17013,-0.016742,-0.024065
0.10768,-0.026212,-0.025108
0.010083,-0.012498,-0.025453
-0.047504,-0.027262,-0.025516
-0.065453,-0.01393,-0.026933
-0.13239,-0.020679,-0.025471
-0.16455,-0.024979,-0.028549
-0.12192,-0.0023572,-0.025831
-0.096489,-0.049321,-0.028767
-0.044138,0.016583,-0.027627
0.016814,-0.05767,-0.027282
-0.0018831,0.019485,-0.031204
0.00036053,-0.041733,-0.023293
0.0026042,-0.024731,-0.038192
-0.01871,0.066767,-0.011254
-0.039651,-1.3964,-0.13141
0.069165,-2.2024,-0.51284
0.21276,-1.8186,-0.87303
0.2408,-1.9658,-1.203
0.44871,-1.9066,-1.5335
0.63157,-1.9183,-1.8286
0.6727,-1.9516,-2.119
0.8234,-1.9252,-2.3856
0.7688,-1.995,-2.6462
0.68542,-1.9839,-2.894
0.7961,-2.016,-3.1267
0.75983,-2.017,-3.3463
0.76693,-2.0585,-3.5534
0.8679,-2.0816,-3.7546
0.89669,-2.0777,-3.9415
0.91875,-2.0826,-4.1151
0.88211,-2.0678,-4.2745
0.743,-2.054,-4.4187
0.58782,-2.0273,-4.5467
0.49471,-2.0093,-4.66
0.36757,-1.9822,-4.7595
0.29091,-1.9464,-4.8436
0.3283,-1.9238,-4.9146
0.27894,-1.8961,-4.9742
0.30886,-1.8574,-5.0215
0.41207,-1.8161,-5.056
0.35485,-1.7722,-5.0779
0.32344,-1.7259,-5.0877
0.23108,-1.6801,-5.0859
0.059069,-1.6337,-5.0737
-0.098359,-1.5836,-5.0514
-0.31861,-1.5331,-5.0195
-0.45734,-1.4843,-4.979
-0.53961,-1.4346,-4.9303
-0.57924,-1.3798,-4.8731
-0.59308,-1.3197,-4.8069
-0.56242,-1.2626,-4.7328
-0.49137,-1.2035,-4.6512
-0.51119,-1.1348,-4.5607
-0.53362,-1.0695,-4.4621
-0.49735,-1.012,-4.3578
-0.44276,-0.94626,-4.2478
-0.50371,-0.88523,-4.1314
-0.46482,-0.81455,-4.0091
-0.34179,-0.74069,-3.8795
-0.38068,-0.69178,-3.7469
-0.32085,-0.60777,-3.611
-0.24644,-0.52068,-3.4644
-0.23559,-0.47053,-3.3138
-0.23485,-0.40144,-3.1626
-0.28047,-0.31776,-3.0039
-0.31823,-0.24894,-2.8407
-0.34254,-0.1448,-2.6728
-0.25691,-0.041572,-2.4931
-0.16754,0.037678,-2.3085
-0.1006,0.1375,-2.1178
0.0026042,0.21318,-1.9233
0.091975,0.32614,-1.7226
0.17611,0.38927,-1.5183
0.19705,0.50581,-1.314
0.21051,0.59607,-1.1008
0.20902,0.69226,-0.89308
0.16676,0.8461,-0.67166
0.095715,0.84815,-0.46117
0.0082132,1.1513,-0.23356
-0.020206,0.7519,-0.021445
-0.025815,-0.032241,0.010693
-0.022824,0.077628,-0.011498
0.043737,0.059659,0.0009116
0.078514,0.012328,-0.0059044
0.014944,0.056907,-0.0014391
0.054956,0.0042748,-0.0029463
0.066174,0.040775,-0.0023314
0.025788,0.0055494,-0.0004081
0.088236,0.02188,-0.0020465
0.087114,0.011792,0.00011303
0.12189,0.0073902,-0.00072678
0.13573,0.014045,0.00062292
0.096837,-0.003167,0.00054419
0.12713,0.0070528,0.00085912
0.14844,0.0025127,0.0016877
0.14844,0.0029814,0.0021188
0.10731,0.0033713,0.0024525
0.079635,0.0053957,0.0027337
0.048972,0.0058606,0.0038172
0.0658,0.0057594,0.0045783
0.13348,0.0091597,0.0057968
0.20117,0.0019242,0.0069403
0.26922,-2.1583e-05,0.0078776
0.2939,-0.00029526,0.0080988
0.33578,0.0018417,0.0087998
0.28941,-0.0035344,0.0097334
0.23781,-0.000329,0.0095272
0.22996,-0.00085761,0.010821
0.17536,-0.0055289,0.010322
0.14956,0.0060031,0.011987
0.1017,-0.017799,0.011612
0.08861,0.012909,0.011972
0.085618,-0.014901,0.01358
0.074026,0.0061943,0.011177
0.11965,0.00053702,0.015713
0.15517,-0.023824,0.010712
0.15779,0.040145,0.016782
0.13834,-0.073367,0.011848
0.11553,0.099545,0.0149
0.061312,-0.15249,0.016632
0.066174,0.3444,0.0079488
0.058321,2.0294,0.25008
0.13012,2.1156,0.64909
0.29465,1.8427,0.98088
0.25053,1.9831,1.319
0.36233,1.8717,1.6346
0.39636,1.9539,1.9301
0.30138,1.9107,2.2135
0.50854,1.9438,2.4764
0.48798,1.9765,2.7349
0.4876,1.9638,2.9759
0.61811,1.9907,3.2052
0.54257,2.0078,3.4185
0.59604,2.0488,3.6242
0.67981,2.0449,3.8205
0.7243,2.0561,4.0024
0.743,2.0585,4.1715
0.70262,2.042,4.3256
0.63045,2.0122,4.4643
0.52462,1.9908,4.5857
0.47339,1.9748,4.6942
0.38178,1.939,4.7885
0.35859,1.9089,4.8673
0.38066,1.8788,4.9336
0.36532,1.8414,4.9875
0.43076,1.8012,5.0302
0.44759,1.7583,5.0606
0.41917,1.7133,5.0775
0.37953,1.6714,5.0823
0.29128,1.6234,5.076
0.16115,1.5756,5.0592
-0.014971,1.5283,5.033
-0.1825,1.4728,4.9979
-0.33768,1.4253,4.9537
-0.40761,1.3783,4.9014
-0.4465,1.3212,4.8411
-0.46706,1.2574,4.7717
-0.42144,1.1971,4.6937
-0.41471,1.1437,4.6091
-0.44837,1.0794,4.5178
-0.50446,1.0035,4.4166
-0.45622,0.93807,4.308
-0.4809,0.8822,4.1946
-0.56541,0.81662,4.0755
-0.47454,0.74558,3.9506
-0.51904,0.68911,3.8202
-0.53213,0.62923,3.6874
-0.42668,0.54184,3.5479
-0.42556,0.46746,3.3989
-0.40611,0.41613,3.2481
-0.40013,0.3391,3.0946
-0.39414,0.25497,2.9336
-0.41882,0.18848,2.7694
-0.41508,0.081703,2.5984
-0.33132,-0.0031145,2.4178
-0.27897,-0.087385,2.2332
-0.21652,-0.17968,2.0415
-0.13987,-0.26415,1.8467
-0.0067443,-0.37533,1.6438
0.077018,-0.43584,1.4406
0.087488,-0.57004,1.2322
0.13348,-0.62247,1.0199
0.15442,-0.77288,0.8111
0.14507,-0.86473,0.5886
0.091975,-0.92972,0.38194
0.072905,-1.1762,0.14405
0.099454,-0.48406,-0.023563
0.10394,0.049308,-0.015626
0.13236,-0.14496,-0.0081764
0.20603,-0.03843,-0.015772
0.2064,-0.062008,-0.0093949
0.12937,-0.058131,-0.015127
0.19369,-0.040338,-0.011449
0.19219,-0.062221,-0.014269
0.13311,-0.024015,-0.013474
0.17162,-0.050974,-0.013755
0.14732,-0.031168,-0.015116
0.19443,-0.040676,-0.014235
0.18359,-0.034951,-0.015675
0.12638,-0.030797,-0.015124
0.15181,-0.037639,-0.015896
0.09048,-0.026891,-0.016372
0.077018,-0.030497,-0.016829
0.066174,-0.028023,-0.017039
-0.011979,-0.028199,-0.017538
-0.026189,-0.030074,-0.018453
-0.023945,-0.031821,-0.019296
0.0074654,-0.029365,-0.020564
0.064304,-0.024608,-0.021561
0.059069,-0.02177,-0.022476
0.11217,-0.022587,-0.022641
0.16975,-0.025631,-0.023747
0.11591,-0.018066,-0.023919
0.10581,-0.026745,-0.02417
0.096837,-0.015659,-0.02534
0.085992,-0.019644,-0.024688
0.087862,-0.02198,-0.026517
0.061312,-0.011047,-0.02507
0.0744,-0.034752,-0.027282
0.10805,0.00336,-0.026405
0.12563,-0.044717,-0.026446
0.15517,0.0033488,-0.029082
0.20603,-0.02857,-0.024699
0.21313,-0.026951,-0.032085
0.18471,0.020129,-0.022626
0.18172,-0.10327,-0.035062
0.20042,0.17258,-0.019394
0.14545,-0.86247,-0.060818
0.16265,-2.1807,-0.38769
0.29577,-1.8984,-0.77415
0.30325,-1.8973,-1.1008
0.40646,-1.9465,-1.439
0.59791,-1.8793,-1.7414
0.62035,-1.959,-2.0348
0.72991,-1.9022,-2.309
0.75235,-1.9706,-2.5702
0.56837,-1.9727,-2.8244
0.60951,-1.9907,-3.0608
0.60913,-2.0013,-3.2851
0.53135,-2.024,-3.4951
0.61025,-2.0635,-3.6991
0.62035,-2.0552,-3.8904
0.62259,-2.0623,-4.0679
0.6297,-2.0542,-4.2317
0.58071,-2.0374,-4.3803
0.47601,-2.0117,-4.5136
0.35897,-1.9956,-4.6319
0.29428,-1.9669,-4.737
0.22211,-1.9296,-4.8256
0.21238,-1.9048,-4.9005
0.25763,-1.8762,-4.964
0.25539,-1.8446,-5.0152
0.29166,-1.8014,-5.0541
0.35448,-1.7583,-5.0803
0.32531,-1.716,-5.0945
0.27857,-1.6672,-5.0969
0.25202,-1.621,-5.0881
0.11591,-1.5744,-5.0695
-0.056478,-1.5245,-5.0411
-0.15782,-1.4724,-5.003
-0.26626,-1.4231,-4.9566
-0.29916,-1.3694,-4.9023
-0.31001,-1.311,-4.8388
-0.34553,-1.2556,-4.7669
-0.28869,-1.1944,-4.6879
-0.29206,-1.1338,-4.6006
-0.36273,-1.0749,-4.505
-0.36311,-1.0072,-4.4026
-0.32684,-0.94421,-4.2944
-0.39227,-0.8879,-4.1806
-0.44762,-0.81476,-4.0607
-0.3818,-0.74036,-3.9334
-0.41583,-0.69144,-3.8014
-0.40387,-0.61917,-3.6676
-0.32983,-0.52789,-3.5247
-0.33282,-0.46872,-3.3738
-0.33469,-0.40525,-3.2229
-0.36386,-0.32094,-3.0668
-0.39452,-0.25164,-2.9036
-0.44911,-0.16559,-2.7373
-0.4263,-0.056305,-2.5607
-0.37732,0.019128,-2.3773
-0.35787,0.11659,-2.1889
-0.26887,0.19767,-1.9945
-0.20194,0.30072,-1.7966
-0.087889,0.38283,-1.5912
-0.0078661,0.46144,-1.3883
0.028032,0.58849,-1.1754
0.10207,0.64256,-0.96603
0.09908,0.82617,-0.75016
0.098706,0.84348,-0.5313
0.089732,1.0569,-0.317
0.051216,1.0245,-0.078342
0.066922,0.14731,0.017959
0.099828,-0.0079395,-0.01022
0.1705,0.11428,-0.0017241
0.24342,-0.0019898,-0.0034299
0.22024,0.067007,-0.0036661
0.21425,0.0079151,-0.00097798
0.25763,0.026027,-0.0038461
0.25165,0.018187,6.8042e-05
0.26511,0.009917,-0.0022677
0.25763,0.022896,-0.00029938
0.23482,0.0045934,-0.00032562
0.26735,0.019799,0.00015802
0.2251,0.0063405,0.0010053
0.19593,0.010026,0.0007129
0.2079,0.0046609,0.0017177
0.17574,0.004541,0.0020776
0.16489,0.0066741,0.0025462
0.11292,-0.0027171,0.0024488
0.054208,-0.0017799,0.0032923
0.010831,0.0031988,0.0043158
-0.015345,0.0078626,0.0054743
0.040372,0.0045485,0.0066966
0.076644,0.0016955,0.0075589
0.069165,-0.00077888,0.008095
0.096837,0.0063705,0.0085861
0.12264,0.0013993,0.0096247
0.091228,-0.0034444,0.009426
0.050094,0.0020741,0.010776
0.038876,-0.01122,0.010682
0.022423,0.0020704,0.011537
-0.0018831,-0.014883,0.012024
-0.0052485,0.00829,0.011379
0.0078393,-0.01005,0.013651
0.022049,-0.0061325,0.010944
0.06393,0.013865,0.015462
0.15031,-0.042865,0.011454
0.18845,0.04677,0.015095
0.18509,-0.064804,0.014187
0.19556,0.067847,0.01175
0.17536,-0.087872,0.021202
0.19855,0.11676,-0.001023
0.21949,1.8002,0.18909
0.28044,2.1999,0.58678
0.42964,1.8224,0.92781
0.39823,1.9737,1.2634
0.47152,1.8758,1.5868
0.54893,1.9317,1.8826
0.41057,1.9052,2.1708
0.59455,1.9121,2.436
0.62372,1.9695,2.6968
0.51752,1.9608,2.9417
0.67083,1.9917,3.1742
0.59567,1.9897,3.3911
0.59268,2.0364,3.5979
0.66335,2.045,3.7976
0.66522,2.0334,3.9825
0.68729,2.0307,4.155
0.60165,2.0255,4.3126
0.52874,2.0105,4.4551
0.37916,1.9785,4.5812
0.28904,1.9599,4.693
0.24978,1.9333,4.7921
0.17611,1.8964,4.876
0.18322,1.8663,4.9455
0.20939,1.8336,5.0029
0.25202,1.8023,5.049
0.28455,1.7573,5.0825
0.32643,1.7054,5.1031
0.27932,1.6651,5.1118
0.19817,1.6145,5.1084
0.14433,1.5673,5.0946
-0.023572,1.5236,5.0717
-0.16305,1.4714,5.0395
-0.29243,1.4186,4.9983
-0.37507,1.3655,4.9482
-0.34105,1.3128,4.8897
-0.36647,1.2576,4.8222
-0.35226,1.1979,4.746
-0.32908,1.1418,4.6632
-0.31674,1.0802,4.5736
-0.31375,1.0098,4.4752
-0.37507,0.9504,4.3688
-0.31188,0.88541,4.2567
-0.32422,0.82382,4.139
-0.39115,0.76077,4.0162
-0.31711,0.69002,3.8868
-0.33768,0.64223,3.7544
-0.31973,0.56137,3.6176
-0.25803,0.47002,3.4705
-0.3115,0.4216,3.3196
-0.3317,0.35039,3.1674
-0.37806,0.26221,3.0081
-0.43229,0.20025,2.8436
-0.4637,0.10633,2.6745
-0.4708,0.0059881,2.4948
-0.40125,-0.068715,2.3105
-0.33469,-0.16274,2.1205
-0.25579,-0.24434,1.9261
-0.18773,-0.35684,1.7257
-0.091628,-0.41587,1.5205
-0.020206,-0.52749,1.3156
0.0022302,-0.61991,1.1014
0.036259,-0.70787,0.89367
-0.0041267,-0.87435,0.67201
0.0026042,-0.86316,0.45965
-0.013849,-1.1551,0.23509
-0.0576,-0.83433,0.014817
0.036633,-0.017736,-0.029097
0.06206,-0.082492,-0.0044272
0.10619,-0.095925,-0.016691
0.20864,-0.037639,-0.010148
0.16676,-0.082684,-0.013886
0.16527,-0.022621,-0.012945
0.2064,-0.063114,-0.012777
0.21051,-0.032589,-0.01491
0.25913,-0.041246,-0.013035
0.25314,-0.03903,-0.015394
0.26249,-0.031292,-0.014201
0.31185,-0.041396,-0.015476
0.27072,-0.028248,-0.015573
0.27221,-0.031663,-0.015697
0.26735,-0.03521,-0.016732
0.22211,-0.035817,-0.016799
0.19219,-0.02493,-0.017096
0.099828,-0.028803,-0.017411
0.058695,-0.029661,-0.018423
0.031023,-0.025466,-0.019409
0.0040999,-0.028525,-0.020504
0.054956,-0.029324,-0.021673
0.098706,-0.023989,-0.022674
0.1103,-0.02325,-0.022719
0.10731,-0.030928,-0.023582
0.11666,-0.016903,-0.024077
0.082253,-0.025672,-0.024095
0.031771,-0.020769,-0.0254
0.02504,-0.015546,-0.02453
0.014944,-0.026909,-0.026521
0.010831,-0.0050303,-0.025513
-0.010858,-0.034216,-0.02672
0.0029781,0.0023628,-0.02729
0.046729,-0.033808,-0.025869
0.080757,-0.0099865,-0.029798
0.14956,-0.0098665,-0.02468
0.16863,-0.044395,-0.03192
0.1634,0.041128,-0.024032
0.14433,-0.11611,-0.03237
0.14507,0.16419,-0.025558
0.12264,-0.60546,-0.037967
0.11217,-2.1035,-0.3269
0.27259,-1.9643,-0.72391
0.30774,-1.8586,-1.0526
0.36981,-1.9637,-1.3923
0.61586,-1.8646,-1.7005
0.66111,-1.9535,-1.9949
0.73066,-1.899,-2.2738
0.80956,-1.9523,-2.5358
0.654,-1.9674,-2.793
0.65999,-1.9806,-3.0328
0.67981,-1.9959,-3.2611
0.56688,-2.0053,-3.4732
0.62297,-2.0521,-3.6789
0.66298,-2.0463,-3.8741
0.64241,-2.0536,-4.0548
0.66522,-2.0454,-4.2226
0.60203,-2.0309,-4.3751
0.48274,-2.0088,-4.5123
0.36607,-1.9852,-4.6335
0.27483,-1.9643,-4.7422
0.28605,-1.9282,-4.836
0.25127,-1.8981,-4.9143
0.23033,-1.8725,-4.9807
0.30587,-1.8378,-5.0353
0.30213,-1.7965,-5.0772
0.30774,-1.7575,-5.1067
0.32307,-1.7097,-5.124
0.27109,-1.6601,-5.1287
0.17312,-1.6174,-5.1225
0.044485,-1.5685,-5.1068
-0.10621,-1.5221,-5.0806
-0.24681,-1.4753,-5.0451
-0.35002,-1.4198,-5.0014
-0.38293,-1.3662,-4.9491
-0.33843,-1.3117,-4.8879
-0.34665,-1.2556,-4.818
-0.31973,-1.198,-4.7406
-0.28308,-1.132,-4.6554
-0.28645,-1.0714,-4.5619
-0.28196,-1.0097,-4.4609
-0.35376,-0.94371,-4.3539
-0.30477,-0.89201,-4.2414
-0.31898,-0.82273,-4.1228
-0.4091,-0.74202,-3.9968
-0.32721,-0.6921,-3.8653
-0.35264,-0.6304,-3.7323
-0.33768,-0.54013,-3.5914
-0.27635,-0.46862,-3.4418
-0.30403,-0.41796,-3.2914
-0.30851,-0.34,-3.1373
-0.37283,-0.25437,-2.9752
-0.38854,-0.19025,-2.8097
-0.37993,-0.082669,-2.6358
-0.33506,0.0069291,-2.4523
-0.26177,0.09286,-2.2654
-0.20344,0.17826,-2.0716
-0.070314,0.26181,-1.875
-0.033294,0.36987,-1.6709
0.0052217,0.42495,-1.4671
0.060565,0.56657,-1.2578
0.059443,0.62296,-1.0441
0.077018,0.77177,-0.8335
0.03065,0.86643,-0.60908
0.011579,0.93381,-0.39967
-0.015719,1.1652,-0.15961
-0.029928,0.46015,0.0079675
0.02878,-0.070004,-0.00035186
0.056451,0.12629,-0.007689
0.18471,0.019421,-7.4426e-05
0.24978,0.044217,-0.0062605
0.21089,0.036996,-0.00040435
0.24866,0.0070153,-0.0039848
0.21762,0.033472,-0.00089924
0.2251,0.0039636,-0.0016941
0.25688,0.026315,-0.0015179
0.23108,0.0055532,6.0544e-05
0.22958,0.013119,-0.00067054
0.21724,0.0072627,0.0009341
0.23557,0.0023815,0.00056293
0.20229,0.0088486,0.001234
0.17723,0.0058681,0.0018189
0.19369,0.0087961,0.0022501
0.12451,0.00054452,0.0024113
0.080383,0.0080275,0.0031724
0.059443,0.0078476,0.0043346
0.038502,0.004481,0.0052081
0.05346,0.0056507,0.0063629
0.11254,-0.0011425,0.0074464
0.16751,-0.00060643,0.0080238
0.17499,0.0024153,0.0085224
0.18883,-0.0013,0.0096996
0.16527,-0.0016487,0.009411
0.10768,0.0026027,0.010573
0.073278,-0.0072834,0.010618
0.060191,0.0079113,0.010944
0.021675,-0.01489,0.012137
-0.0059964,0.0046534,0.010896
-0.013101,0.0036262,0.01391
0.0078393,-0.022347,0.011061
0.066548,0.02158,0.01448
0.10357,-0.041324,0.01244
0.15704,0.043298,0.013509
0.1892,-0.052474,0.016066
0.20864,0.030135,0.009186
0.18022,-0.016997,0.023448
0.15143,-0.04694,-0.0036736
0.16975,1.5376,0.13565
0.21463,2.2642,0.52302
0.39225,1.8301,0.87632
0.38552,1.9633,1.2088
0.42104,1.8865,1.5394
0.54369,1.9086,1.8367
0.3844,1.9267,2.129
0.51303,1.9001,2.3971
0.59567,1.9606,2.6597
0.4962,1.9473,2.9082
0.64204,1.9815,3.1436
0.5867,1.9764,3.3647
0.56688,2.0085,3.5727
0.65064,2.0342,3.775
0.64765,2.0338,3.9636
0.67382,2.0316,4.1398
0.64877,2.0219,4.3009
0.59492,2.0072,4.4478
0.44834,1.9715,4.5784
0.33803,1.9528,4.6927
0.26997,1.9359,4.7955
0.215,1.8944,4.8833
0.19892,1.8553,4.9561
0.21126,1.8321,5.0176
0.27446,1.7997,5.0666
0.25277,1.7509,5.1035
0.30288,1.7052,5.1282
0.32494,1.6575,5.139
0.21762,1.6038,5.1382
0.14582,1.5599,5.1275
0.0059696,1.5193,5.107
-0.12453,1.4735,5.0768
-0.23896,1.4195,5.0381
-0.3388,1.3721,4.9908
-0.33581,1.3203,4.9344
-0.3388,1.2575,4.8694
-0.32497,1.2006,4.7957
-0.29655,1.1414,4.7142
-0.30889,1.0793,4.6261
-0.30328,1.0096,4.5294
-0.35862,0.95017,4.425
-0.40424,0.88677,4.3142
-0.3575,0.82095,4.1971
-0.42556,0.76725,4.0756
-0.43266,0.69384,3.9478
-0.36685,0.64541,3.8155
-0.38031,0.57997,3.6806
-0.31076,0.47641,3.5358
-0.29505,0.42382,3.3848
-0.3231,0.36831,3.2336
-0.33357,0.27188,3.0762
-0.35974,0.20895,2.9121
-0.3904,0.13537,2.7455
-0.42107,0.015728,2.5684
-0.36273,-0.053917,2.3839
-0.32908,-0.1456,2.1959
-0.23148,-0.23207,2.0014
-0.11107,-0.32395,1.8027
-0.08228,-0.4099,1.5967
0.0059696,-0.48796,1.3925
0.033267,-0.6143,1.1793
0.039998,-0.66044,0.96881
0.034015,-0.84814,0.75283
0.0082132,-0.8661,0.53209
0.017188,-1.0455,0.31975
-0.028059,-1.0886,0.077758
0.045233,-0.22349,-0.033907
0.11217,0.0062243,-0.0074603
0.12339,-0.14039,-0.01314
0.23744,-0.019022,-0.012953
0.23108,-0.085492,-0.011243
0.1963,-0.039499,-0.014546
0.20341,-0.056609,-0.011618
0.17948,-0.050345,-0.015341
0.1993,-0.034629,-0.012983
0.20079,-0.051897,-0.01482
0.19331,-0.026681,-0.014704
0.19294,-0.044264,-0.014929
0.21799,-0.031292,-0.015911
0.22921,-0.030932,-0.015427
0.19817,-0.034276,-0.016458
0.21837,-0.03106,-0.016612
0.20004,-0.026662,-0.017058
0.12526,-0.023078,-0.017216
0.095341,-0.030715,-0.018104
0.063182,-0.031,-0.01906
0.023171,-0.028709,-0.020084
0.032145,-0.024776,-0.021351
0.098332,-0.024334,-0.022382
0.13498,-0.020161,-0.022641
0.11853,-0.024293,-0.023248
0.12825,-0.020143,-0.024077
0.11553,-0.021406,-0.023795
0.070287,-0.024563,-0.02528
0.039998,-0.016367,-0.024654
0.020179,-0.02812,-0.026079
0.013448,-0.006931,-0.026037
0.0048478,-0.034925,-0.026244
0.020553,-0.010144,-0.027788
0.061312,-0.027779,-0.025314
0.11553,-0.024806,-0.029933
0.16377,0.004481,-0.025021
0.16938,-0.060497,-0.030986
0.20117,0.047733,-0.026247
0.19705,-0.11105,-0.028849
0.16975,0.12332,-0.031455
0.14732,-0.34648,-0.021321
0.087488,-1.9557,-0.26188
0.19443,-2.0495,-0.66508
0.26324,-1.8241,-0.99983
0.28081,-1.9763,-1.3389
0.53771,-1.8599,-1.6548
0.61811,-1.9414,-1.9495
0.63793,-1.9011,-2.2333
0.77927,-1.9321,-2.4969
0.63643,-1.9653,-2.7566
0.60315,-1.9678,-2.9996
0.66186,-1.9908,-3.2312
0.53958,-1.9886,-3.4459
0.57024,-2.0364,-3.6528
0.62147,-2.0401,-3.8511
0.61511,-2.0444,-4.0351
0.61399,-2.0382,-4.2065
0.57136,-2.0241,-4.3627
0.46255,-2.0048,-4.5047
0.34625,-1.9781,-4.6301
0.27932,-1.9581,-4.7418
0.21575,-1.9247,-4.8394
0.21351,-1.8905,-4.9215
0.21388,-1.8641,-4.991
0.25688,-1.8348,-5.0489
0.32157,-1.7957,-5.0949
0.32045,-1.7538,-5.1276
0.3642,-1.7112,-5.1477
0.33877,-1.6616,-5.1561
0.22734,-1.613,-5.1522
0.12114,-1.5701,-5.1386
-0.044512,-1.5196,-5.1153
-0.17726,-1.4682,-5.0815
-0.29842,-1.4223,-5.0393
-0.35937,-1.372,-4.9894
-0.31711,-1.3119,-4.9309
-0.35301,-1.2545,-4.8635
-0.33319,-1.1996,-4.7881
-0.27598,-1.1374,-4.705
-0.29842,-1.076,-4.6137
-0.29542,-1.0108,-4.5143
-0.30029,-0.95181,-4.4086
-0.31375,-0.89392,-4.2973
-0.3661,-0.82584,-4.1801
-0.37246,-0.75052,-4.0564
-0.34815,-0.69137,-3.9257
-0.38068,-0.6428,-3.7929
-0.32609,-0.55668,-3.655
-0.32197,-0.4831,-3.5068
-0.34404,-0.42941,-3.3555
-0.3231,-0.35111,-3.2027
-0.37732,-0.26881,-3.0426
-0.41209,-0.20251,-2.8777
-0.41322,-0.10611,-2.7071
-0.37993,-0.0065149,-2.5253
-0.33095,0.071536,-2.3392
-0.25317,0.16852,-2.1468
-0.14061,0.23908,-1.9502
-0.065079,0.34739,-1.7483
0.02504,0.40839,-1.5423
0.071783,0.52356,-1.3364
0.069913,0.61934,-1.1207
0.097584,0.70318,-0.91174
0.057199,0.863,-0.68877
0.020179,0.85593,-0.47479
0.026162,1.1554,-0.24804
-0.019832,0.80149,-0.028606
0.029528,-0.019018,0.012579
0.10207,0.069774,-0.011697
0.15741,0.070913,0.0010503
0.25127,0.0096096,-0.0056794
0.23968,0.056341,-0.0017091
0.26287,-0.0032832,-0.0024439
0.26586,0.037596,-0.0023989
0.23445,0.0031838,-0.00027688
0.28268,0.015563,-0.0020202
0.2509,0.015297,0.00049545
0.24417,0.0067679,-0.00048309
0.22697,0.014731,0.00064541
0.20715,0.0048521,0.00085537
0.21463,0.008976,0.0011928
0.17499,0.0048784,0.0020064
0.1907,0.009231,0.0022688
0.11441,0.001643,0.00258
0.056825,0.0028352,0.0029624
0.06393,0.0039486,0.0039334
0.010831,-0.0035082,0.0038922
0.018684,0.0019654,0.0044133
0.041868,0.003435,0.0051932
0.10843,0.00079945,0.0050619
0.1548,0.00099065,0.0051519
0.13535,-0.0017724,0.0053281
0.14208,-0.0032007,0.0052756
0.10656,-0.003002,0.0052944
0.066548,-0.002286,0.0051819
0.05159,-0.0039168,0.0051557
0.022049,-0.0065749,0.0052794
0.003352,-0.00599,0.0053956
-0.0030049,-0.0036994,0.0054106
0.01831,-0.0022935,0.0053469
0.059069,-0.0077408,0.0053619
0.10731,-0.0080595,0.0054144
