0.048599,-0.0092254,0.00037547
0.069913,-0.0085993,0.00047295
0.044485,-0.0051727,0.00051419
0.045981,-0.0019261,0.0010091
0.065052,-0.0075758,0.0014552
0.04972,-0.0058438,0.0014777
0.041494,-0.0095366,0.0018451
0.040372,-0.0078945,0.0019989
0.036259,-0.0019223,0.0025087
0.028032,-0.0108,0.00243
0.034763,0.00093067,0.0029249
0.066174,-0.013218,0.0030599
0.069539,0.0026215,0.0027712
0.066174,-0.01029,0.0035623
0.068417,-0.0094204,0.002595
0.052712,0.0073415,0.0043271
0.056077,-0.034561,0.0023738
0.067295,0.02615,0.0037347
0.067669,-0.048204,0.0033373
0.03925,0.034417,0.00237
0.037006,-0.040155,0.0051857
0.043737,-0.007932,-0.00060681
0.049346,0.042391,0.0087436
0.042616,-0.19261,-0.0077527
0.027284,1.4916,0.057996
0.15966,2.9233,0.28265
0.10918,2.7145,0.47889
0.12974,2.8086,0.64217
0.48125,2.643,0.80711
0.61325,2.5215,0.94509
0.62222,2.4375,1.0782
0.5665,2.3508,1.1902
0.43002,2.3751,1.2865
0.29989,2.2919,1.3684
0.20378,2.3357,1.4364
0.21837,2.275,1.4915
0.14545,2.2073,1.5313
0.019805,2.1438,1.5636
-0.04526,2.0668,1.5854
-0.072557,2.0129,1.5981
-0.059096,1.9269,1.6023
-0.032172,1.8718,1.5958
0.0127,1.7993,1.579
-0.066574,1.7183,1.553
-0.1537,1.6329,1.5206
-0.25205,1.5418,1.4824
-0.32684,1.4526,1.4362
-0.19783,1.3423,1.3813
-0.14061,1.2472,1.3199
-0.002257,1.1379,1.2537
0.029902,1.0274,1.1815
-0.079662,0.928,1.1072
-0.11668,0.79206,1.0292
-0.26962,0.64985,0.94298
-0.33282,0.52076,0.85019
-0.42144,0.41927,0.75967
-0.51193,0.25073,0.66319
-0.5426,0.13658,0.56048
-0.54746,-0.013316,0.45903
-0.44238,-0.1967,0.34324
-0.29468,-0.31462,0.22973
-0.073679,-0.60635,0.098172
0.12039,-0.36406,-0.002099
0.26436,0.036741,-0.0011992
0.27969,-0.062788,0.005673
0.24529,-0.029474,0.00066041
0.17686,-0.02075,0.004792
0.042616,-0.035483,0.0015977
0.07814,-0.0081382,0.0035023
0.094593,-0.031292,0.0022726
0.088984,-0.011194,0.0025875
0.12451,-0.021908,0.0026212
0.13722,-0.01164,0.0016427
0.20154,-0.012326,0.0022688
0.22697,-0.015696,0.0015377
0.29764,-0.010046,0.0018864
0.34364,-0.013541,0.001219
0.3197,-0.013462,0.0012528
0.28418,-0.016187,0.0013315
0.20304,-0.009023,0.0009416
0.21463,-0.01011,0.00084787
0.23519,-0.011756,0.00041671
0.2853,-0.010871,0.000263
0.32344,-0.014714,7.1791e-05
0.28081,-0.0097015,-0.00019815
0.24828,-0.0061662,-0.00012691
0.11441,-0.0090192,-0.00013816
-0.0074922,-0.0086743,-0.00028813
-0.065453,-0.0079245,-5.568e-05
-0.14211,-0.008022,0.00013178
-0.1982,-0.0092929,-1.8189e-05
-0.19932,-0.007737,-0.0002019
-0.16829,-0.0085018,-0.00020565
-0.16193,-0.011895,-0.0002019
-0.11855,-0.0062862,-0.00016816
-0.043016,-0.010118,0.00013178
0.018684,-0.013668,0.00010178
0.058321,-0.0038006,-9.3172e-05
0.029154,-0.006826,-1.4439e-05
-0.034416,-0.0072684,-1.4439e-05
-0.12154,-0.0056189,7.1791e-05
-0.18362,-0.01161,0.00016177
-0.16006,-0.0076133,0.00024425
-0.10958,-0.0048915,0.00028549
-0.051991,-0.0029046,0.00019926
0.015692,-0.0052552,0.00036798
0.083749,-0.0099902,0.00037922
0.10918,-0.0030583,0.000248
0.1634,-0.0044717,0.00024425
0.24978,-0.0079507,-5.1931e-05
0.2666,-0.0045579,-0.00067429
0.28194,-0.0082244,-0.0010567
0.26324,-0.0087755,-0.0015891
0.21201,-0.0057351,-0.001904
0.1877,-0.013567,-0.0019528
0.1877,-0.0083369,-0.0023314
0.2165,-0.0079582,-0.0021252
0.23445,-0.009904,-0.0030513
0.24716,-0.00061768,-0.0025376
0.20266,-0.014635,-0.0030738
0.16639,0.0027227,-0.0031075
0.11703,-0.019779,-0.0028263
0.065426,2.3405e-05,-0.0041535
0.087862,-0.0043854,-0.0016941
0.049346,-0.02021,-0.0045622
0.043737,0.014075,-0.0013866
0.029528,-0.048024,-0.0046971
-0.010484,0.049,-0.0023239
0.0026042,-0.076963,-0.0017541
0.003352,0.080867,-0.006328
-0.028059,-0.16344,0.0068765
-0.042642,-1.5542,-0.14383
-0.02245,-1.8216,-0.41819
-0.088637,-1.6008,-0.63137
-0.071436,-1.7595,-0.8373
-0.00824,-1.6975,-1.0231
0.05346,-1.7931,-1.1818
0.21949,-1.8033,-1.3271
0.26586,-1.8306,-1.4453
0.30923,-1.8705,-1.5495
0.35934,-1.8876,-1.6343
0.32606,-1.9312,-1.7068
0.36458,-1.9194,-1.7624
0.3829,-1.9388,-1.8026
0.37243,-1.9334,-1.8319
0.3829,-1.9311,-1.8484
0.34663,-1.9116,-1.8554
0.25501,-1.8746,-1.8506
0.18097,-1.8368,-1.8348
0.14844,-1.7789,-1.8088
0.098706,-1.7246,-1.7743
0.055329,-1.6519,-1.7336
0.022423,-1.5618,-1.6837
0.0018563,-1.4808,-1.6267
-0.026937,-1.3828,-1.5642
-0.053861,-1.2855,-1.495
-0.05573,-1.1823,-1.4213
-0.056478,-1.066,-1.3404
-0.04339,-0.97476,-1.259
-0.068818,-0.8288,-1.1728
-0.13463,-0.69693,-1.076
-0.20194,-0.58117,-0.97858
-0.26738,-0.4563,-0.87877
-0.31861,-0.31825,-0.77543
-0.34778,-0.16682,-0.66416
-0.37059,-0.05214,-0.55412
-0.36797,0.17509,-0.43107
-0.3145,0.26767,-0.30343
-0.28533,0.50202,-0.17611
-0.23896,0.59144,-0.035958
-0.17689,0.069504,0.011473
-0.13874,-0.023056,-0.0067892
-0.066574,0.058935,-0.00066305
-0.036285,-0.013803,-0.003115
-0.0018831,0.033157,-0.0026801
0.014196,-0.0013187,-0.0018328
0.0052217,0.014285,-0.0032387
0.048972,0.0077726,-0.0011842
0.059443,0.0021191,-0.0027401
0.14582,0.0093584,-0.0014916
0.19892,-0.0052027,-0.0018815
0.19369,0.0053807,-0.0014691
0.26212,-0.0029683,-0.001068
0.25015,0.0012868,-0.0012667
0.27558,-0.0008951,-0.00076427
0.31709,-0.0026459,-0.00087675
0.29876,-0.0014087,-0.00058056
0.32606,-0.0044942,-0.00028063
0.35037,0.0012156,-9.6921e-05
0.35074,-0.0020723,7.1791e-05
0.31933,-0.0032532,0.00041297
0.30475,-0.00031026,0.00078788
0.29652,-0.0041417,0.00067541
0.2666,-0.0017311,0.00078788
0.20453,-0.0028446,0.0010766
0.11254,-0.0046441,0.00052919
0.033641,-0.002406,0.00049545
-0.066948,-0.0059038,0.00083287
-0.10172,-0.0040705,0.00076164
-0.089759,-0.0058251,0.00084037
-0.11706,-0.0072047,0.0007054
-0.12154,-0.0060912,0.00062292
-0.10846,-0.007992,0.00059667
-0.1021,-0.0028746,0.00070165
-0.1193,-0.0050228,0.0015152
-0.12902,-0.011081,0.0021451
-0.13762,-0.0015437,0.0025537
-0.16118,-0.00053145,0.003491
-0.16455,-0.010406,0.0036185
-0.18923,-0.0023947,0.0042484
-0.19259,-0.0069498,0.0045146
-0.14697,-0.00067766,0.0047433
-0.10434,-0.0068973,0.0056506
-0.047504,9.1119e-07,0.0047545
0.0089611,0.0034687,0.0063854
0.038502,-0.013829,0.0052306
0.075522,0.015919,0.0067865
0.12488,-0.026051,0.0061379
0.17611,0.019559,0.005913
0.2251,-0.020577,0.0081887
0.23145,0.0067829,0.0038247
0.261,0.0068991,0.010599
0.28605,-0.052796,0.0018451
0.27857,0.097621,0.012665
0.31297,-0.20423,-0.0006368
0.27782,0.83426,0.032588
0.304,2.3547,0.3277
0.36832,2.1967,0.67867
0.35261,2.2643,0.96732
0.42441,2.4163,1.2626
0.43862,2.4311,1.5149
0.48536,2.6555,1.7531
0.60427,2.7488,1.973
0.63344,2.9429,2.1737
0.77217,3.0527,2.3582
0.86304,3.182,2.5189
0.87762,3.2737,2.6656
0.87874,3.3184,2.7908
0.786,3.3627,2.9012
0.68729,3.3225,2.9966
0.44049,3.3087,3.0779
0.22435,3.282,3.1465
0.020553,3.2489,3.2009
-0.24008,3.2177,3.2441
-0.35712,3.1606,3.2762
-0.46108,3.1104,3.296
-0.54671,3.0475,3.3037
-0.50707,2.976,3.3012
-0.35152,2.9053,3.2897
-0.29281,2.8218,3.2701
-0.22812,2.746,3.2424
-0.13314,2.6664,3.2063
-0.17838,2.5903,3.1624
-0.12005,2.5241,3.1111
-0.094246,2.4204,3.0516
-0.18212,2.3184,2.9847
-0.21428,2.2403,2.9104
-0.25691,2.1443,2.83
-0.31038,2.0454,2.7459
-0.37545,1.9325,2.6563
-0.45622,1.8094,2.5596
-0.52203,1.6961,2.4578
-0.58523,1.5833,2.3522
-0.64094,1.4625,2.2428
-0.62,1.3509,2.129
-0.55232,1.2546,2.0165
-0.4379,1.0922,1.8992
-0.26252,0.9523,1.7704
-0.10808,0.85537,1.6434
0.022797,0.70534,1.5147
0.10432,0.57863,1.3812
0.17013,0.42367,1.2433
0.16639,0.28639,1.1016
0.056077,0.10299,0.95412
0.0029781,-0.043075,0.7973
-0.075175,-0.17396,0.64617
-0.15183,-0.3799,0.48299
-0.09088,-0.45816,0.32641
-0.048625,-0.78691,0.15736
0.02691,-0.6014,0.0023363
0.15629,-0.00065517,-0.018682
0.24005,-0.067054,-0.0023802
0.3227,-0.06762,-0.011048
0.38365,-0.029575,-0.005582
0.38813,-0.071676,-0.0091137
0.35747,-0.022276,-0.0075765
0.34551,-0.052504,-0.0080639
0.26623,-0.027026,-0.0091999
0.19443,-0.036353,-0.0078914
0.18097,-0.032934,-0.0095823
0.13647,-0.024289,-0.00878
0.13984,-0.031401,-0.009676
0.093471,-0.023108,-0.0094436
0.033267,-0.027506,-0.0098035
-0.026563,-0.020964,-0.010246
-0.12229,-0.02478,-0.010268
-0.14473,-0.021616,-0.010711
-0.16342,-0.020836,-0.010767
-0.12042,-0.024071,-0.011191
-0.062461,-0.01883,-0.011322
-0.026563,-0.021661,-0.011884
0.034763,-0.01883,-0.012409
0.047477,-0.015306,-0.012038
0.06206,-0.019734,-0.012132
0.054208,-0.01865,-0.012559
0.017936,-0.013372,-0.0123
-0.051243,-0.016349,-0.012061
-0.13351,-0.022617,-0.012214
-0.14921,-0.018939,-0.012042
-0.15969,-0.016986,-0.011903
-0.13276,-0.020094,-0.012578
-0.038155,-0.018605,-0.013275
0.070661,-0.014553,-0.013466
0.17873,-0.018793,-0.014149
0.26212,-0.015486,-0.014914
0.31896,-0.016562,-0.015004
0.34663,-0.022111,-0.0159
0.34177,-0.012851,-0.015787
0.28343,-0.019681,-0.016687
0.24342,-0.011988,-0.017006
0.19967,-0.024379,-0.017021
0.11516,-0.0088093,-0.018187
0.1017,-0.015899,-0.016653
0.081131,-0.021132,-0.019529
0.057947,0.0045672,-0.017137
0.067669,-0.039907,-0.019533
0.049346,0.022859,-0.018524
0.020553,-0.053126,-0.018063
0.023919,0.021569,-0.021718
0.028406,-0.034134,-0.014096
0.01644,-0.025545,-0.028021
0.03065,0.084594,-0.00304
0.020927,-1.396,-0.11231
0.092723,-2.3449,-0.46529
0.1103,-2.0611,-0.79623
0.11217,-2.2523,-1.0927
0.29502,-2.2381,-1.3825
0.3227,-2.237,-1.6339
0.36345,-2.2335,-1.884
0.44647,-2.153,-2.1162
0.3399,-2.1427,-2.3416
0.36757,-2.0635,-2.5519
0.39674,-2.0536,-2.7479
0.31522,-2.0055,-2.9317
0.49583,-1.9801,-3.0986
0.66747,-1.9451,-3.2526
0.62334,-1.9002,-3.3892
0.50032,-1.8762,-3.5124
0.10581,-1.8407,-3.6211
-0.15894,-1.8228,-3.7159
-0.065827,-1.7948,-3.7972
0.36906,-1.7694,-3.8642
0.57884,-1.7399,-3.9175
0.24005,-1.7036,-3.957
0.38066,-1.6765,-3.9843
0.27408,-1.6445,-4.0005
0.0063435,-1.6089,-4.0055
0.36645,-1.5684,-3.9993
0.4431,-1.5246,-3.9838
0.49246,-1.4769,-3.9592
0.36084,-1.4209,-3.9246
-0.13613,-1.368,-3.8802
-0.29879,-1.3146,-3.8266
-0.3145,-1.2602,-3.7644
-0.22662,-1.2062,-3.6952
-0.040399,-1.147,-3.6183
-0.12416,-1.0864,-3.5332
-0.43116,-1.0176,-3.441
-0.70676,-0.95537,-3.3423
-0.79875,-0.89144,-3.2382
-0.60467,-0.81689,-3.1263
-0.28757,-0.76367,-3.0105
-0.072931,-0.68195,-2.8923
-0.040399,-0.58537,-2.7629
-0.21166,-0.51732,-2.6271
-0.42107,-0.44452,-2.4917
-0.50333,-0.34815,-2.3508
-0.41471,-0.26252,-2.2021
-0.28421,-0.17207,-2.0513
-0.26551,-0.038599,-1.8904
-0.33581,0.050879,-1.7212
-0.50072,0.16801,-1.5484
-0.7019,0.25716,-1.3706
-0.65814,0.38686,-1.1912
-0.36161,0.49914,-1.0025
-0.069566,0.57382,-0.81943
0.15143,0.7414,-0.62371
0.29951,0.73449,-0.43356
0.29166,1.0061,-0.23385
0.22884,0.7682,-0.032981
0.34775,0.0041998,0.011672
0.48985,0.053383,-0.011967
0.5867,0.070246,-0.00094423
0.65251,0.0018829,-0.0066205
0.49209,0.059711,-0.0034674
0.23632,0.003615,-0.0037749
0.032145,0.038691,-0.0043335
-0.052739,0.0089086,-0.0022452
0.047477,0.017093,-0.0040298
0.18883,0.015432,-0.0018065
0.25688,0.0072103,-0.0026051
0.2064,0.015758,-0.0015553
0.093845,0.0025727,-0.0016491
0.023171,0.015181,-0.0013304
0.034763,-0.00023153,-0.00049058
0.12114,-0.002181,-0.00068179
0.23183,0.0088373,-2.1938e-05
0.25875,0.0040124,0.00035673
0.11105,0.0023141,0.0010878
-0.0576,0.006213,0.0021113
-0.16342,0.0066929,0.0033111
-0.20157,0.0076676,0.0045633
-0.12715,0.002404,0.0052906
-0.069192,0.0021303,0.0054968
-0.091628,0.0040611,0.0065429
-0.17165,-0.0043442,0.0063479
-0.28234,0.0073077,0.0074352
-0.32721,-0.0054277,0.0080388
-0.22662,0.0085824,0.0078213
-0.019832,-0.0013187,0.009426
0.15891,-0.00043772,0.0079263
0.23706,0.0098646,0.010738
0.22285,-0.023982,0.0083762
0.16489,0.028107,0.010974
0.14358,-0.036278,0.010517
0.1548,0.037379,0.0092348
0.16714,-0.030411,0.014277
0.15629,0.0072365,0.0055006
0.081879,0.029993,0.02094
0.014196,-0.13698,-0.0050571
-0.046008,1.3768,0.098607
0.01831,2.4024,0.47432
0.22061,1.9387,0.84305
0.31596,2.024,1.1789
0.53547,1.9801,1.5205
0.64391,1.9726,1.8243
0.50817,2.0434,2.1241
0.59044,2.0208,2.4018
0.57436,2.1001,2.6705
0.55566,2.097,2.9254
0.66934,2.1626,3.1661
0.61549,2.197,3.3987
0.64727,2.2281,3.6172
0.70486,2.2472,3.8225
0.62484,2.2651,4.0107
0.66074,2.3282,4.1906
0.71383,2.3592,4.3611
0.72393,2.386,4.5177
0.80657,2.4066,4.6601
0.71346,2.4128,4.7871
0.58296,2.4244,4.8997
0.42478,2.4354,4.9966
0.2868,2.4401,5.0763
0.41992,2.4518,5.1416
0.44796,2.4511,5.1945
0.43824,2.4261,5.2351
0.3657,2.4099,5.2629
0.1548,2.3756,5.278
0.060565,2.322,5.2814
-0.14435,2.2913,5.2727
-0.24532,2.2421,5.2531
-0.25878,2.1746,5.2239
-0.43378,2.1254,5.1851
-0.49997,2.0662,5.1375
-0.50371,1.9963,5.0817
-0.46145,1.9391,5.0183
-0.36572,1.8747,4.948
-0.23036,1.7959,4.87
-0.14959,1.7268,4.7833
-0.16866,1.6562,4.6892
-0.24719,1.5785,4.5882
-0.44612,1.5043,4.4829
-0.61327,1.4197,4.3724
-0.73106,1.3433,4.2541
-0.75462,1.2653,4.1292
-0.74265,1.1851,3.9994
-0.73293,1.112,3.8658
-0.68282,1.0243,3.7269
-0.67048,0.96739,3.5867
-0.59944,0.8784,3.4465
-0.5254,0.74295,3.2941
-0.46482,0.68045,3.1352
-0.41957,0.60431,2.9792
-0.4278,0.49,2.817
-0.42219,0.39875,2.6492
-0.42892,0.28891,2.4769
-0.3661,0.18056,2.2981
-0.23335,0.048708,2.1109
-0.14959,-0.036901,1.9196
-0.053861,-0.14596,1.7289
0.019057,-0.26976,1.5288
-0.022076,-0.36748,1.33
-0.059096,-0.52946,1.1248
-0.060965,-0.58542,0.92087
-0.081158,-0.762,0.71339
-0.037407,-0.802,0.49945
0.071035,-0.97701,0.29597
0.14807,-1.0884,0.062229
0.25015,-0.27336,-0.055952
0.33765,0.0028164,-0.031886
0.35635,-0.15667,-0.035208
0.42777,-0.034209,-0.036411
0.41842,-0.096881,-0.033667
0.34139,-0.053055,-0.037172
0.29615,-0.060636,-0.033648
0.1533,-0.065862,-0.03733
0.059817,-0.043506,-0.035223
0.045233,-0.063042,-0.036415
0.024667,-0.04095,-0.036516
0.10768,-0.053025,-0.036565
0.16265,-0.043323,-0.037551
0.15181,-0.045077,-0.037101
0.15629,-0.043694,-0.037919
0.14134,-0.041553,-0.03793
0.095715,-0.044537,-0.038942
0.048599,-0.040357,-0.039366
0.080009,-0.043694,-0.040363
0.081505,-0.039101,-0.041795
0.048225,-0.041531,-0.04271
0.072157,-0.036938,-0.043658
0.064304,-0.037504,-0.044615
0.05346,-0.0335,-0.045372
0.082627,-0.034108,-0.044862
0.071035,-0.041392,-0.04626
0.042242,-0.02454,-0.045788
0.0078393,-0.041189,-0.04674
-0.074427,-0.022797,-0.047224
-0.11033,-0.040672,-0.046684
-0.067696,-0.023592,-0.048997
-0.0089879,-0.028345,-0.046129
0.066548,-0.044042,-0.050684
0.14994,0.0019541,-0.046414
0.17275,-0.079313,-0.050523
0.1993,0.037349,-0.048795
0.19144,-0.10659,-0.04707
0.14956,0.067959,-0.055806
0.12002,-0.17788,-0.034391
-0.0037528,-1.8304,-0.23779
0.05346,-2.1648,-0.64651
0.017562,-1.8831,-0.99366
-0.01011,-2.0857,-1.337
0.3814,-1.9855,-1.6637
0.39412,-2.0763,-1.9622
0.44609,-2.0832,-2.254
0.66522,-2.1183,-2.5226
0.42291,-2.1782,-2.786
0.47676,-2.1866,-3.0312
0.53995,-2.2571,-3.2666
0.39898,-2.2786,-3.4914
0.56613,-2.3151,-3.7032
0.64204,-2.3224,-3.9004
0.61287,-2.3626,-4.0834
0.67906,-2.4098,-4.2596
0.68355,-2.4316,-4.4243
0.6368,-2.4521,-4.5753
0.66261,-2.4612,-4.7117
0.61549,-2.4677,-4.8336
0.56389,-2.4653,-4.9402
0.55753,-2.4588,-5.0315
0.52013,-2.4469,-5.1086
0.59156,-2.4356,-5.1717
0.62222,-2.4249,-5.2225
0.63643,-2.4057,-5.2613
0.67569,-2.3773,-5.2881
0.60128,-2.3432,-5.3026
0.47601,-2.3014,-5.3046
0.32756,-2.2564,-5.2946
0.15629,-2.2134,-5.2741
0.0078393,-2.1665,-5.2442
-0.12229,-2.1136,-5.2043
-0.2083,-2.0547,-5.155
-0.26701,-1.9956,-5.0978
-0.32871,-1.9349,-5.0332
-0.31786,-1.8652,-4.9612
-0.31375,-1.796,-4.8806
-0.3403,-1.7304,-4.7921
-0.32721,-1.6583,-4.6965
-0.36909,-1.5897,-4.5944
-0.45958,-1.5185,-4.4868
-0.54222,-1.4363,-4.3729
-0.62075,-1.3524,-4.2524
-0.68395,-1.2721,-4.1262
-0.73331,-1.1994,-3.9961
-0.73929,-1.1091,-3.8612
-0.75275,-1.0307,-3.7204
-0.76958,-0.96548,-3.5794
-0.76771,-0.8485,-3.4332
-0.78528,-0.74741,-3.2759
-0.77855,-0.68849,-3.1188
-0.74752,-0.58649,-2.9604
-0.68656,-0.48894,-2.7946
-0.62524,-0.39346,-2.6251
-0.55419,-0.27789,-2.4489
-0.44575,-0.15849,-2.2654
-0.37059,-0.041287,-2.0735
-0.28907,0.042009,-1.8815
-0.19409,0.17885,-1.6844
-0.13687,0.26685,-1.4825
-0.094994,0.40639,-1.2819
-0.099855,0.51633,-1.074
-0.098733,0.61999,-0.87157
-0.075923,0.77988,-0.65501
-0.038529,0.79568,-0.45009
0.054956,1.1122,-0.22896
0.11329,0.73182,-0.022948
0.22435,-0.031337,0.0076076
0.32344,0.082352,-0.014014
0.36271,0.06153,-0.002189
0.44497,0.017809,-0.0086825
0.41768,0.05991,-0.0041723
0.41169,0.0030826,-0.0059156
0.41543,0.043954,-0.0053008
0.34438,0.0091447,-0.0036736
0.30213,0.021277,-0.0050008
0.24753,0.012725,-0.0029125
0.22435,0.0091635,-0.0038198
0.16115,0.014056,-0.0023689
0.14358,0.0026927,-0.0026276
0.16415,0.010003,-0.001964
0.11853,0.0016017,-0.0015741
0.10506,0.0085374,-0.0012629
0.059069,0.0039524,-0.00022064
0.064304,0.0044772,-0.00031437
0.073278,0.011555,0.0011216
0.067295,0.0036599,0.0024975
0.1088,0.0064755,0.0033036
0.1088,0.0058044,0.004642
0.1189,-0.00014905,0.0051744
0.086366,0.0023965,0.0059617
0.063556,-0.00060643,0.0059167
0.033641,0.0041136,0.0067491
-0.043764,-0.014125,0.0076451
-0.06994,0.0037874,0.0073077
-0.11219,0.00096066,0.0092797
-0.13837,-0.0081944,0.0075476
-0.12491,0.015458,0.0099958
-0.084523,-0.025027,0.0084962
0.003352,0.024673,0.0097071
0.080009,-0.031491,0.010772
0.13273,0.02567,0.0077201
0.18546,-0.01113,0.014457
0.22996,-0.021811,0.0047358
0.20603,0.065001,0.019286
0.19331,-0.18701,-0.0021515
0.14694,1.1208,0.067141
0.129,2.379,0.41972
0.27334,1.997,0.79722
0.22435,2.0306,1.1273
0.29577,2.0492,1.4676
0.48798,2.0261,1.7689
0.36046,2.1207,2.0639
0.47751,2.0967,2.3376
0.56837,2.1839,2.5998
0.4891,2.1854,2.85
0.65176,2.2506,3.0846
0.65774,2.2904,3.3127
0.654,2.2922,3.5239
0.76319,2.3248,3.7211
0.77404,2.3535,3.9061
0.80059,2.3926,4.0834
0.83686,2.4142,4.2491
0.79984,2.4213,4.4005
0.76656,2.4256,4.538
0.74113,2.4245,4.6603
0.66298,2.4042,4.7675
0.66148,2.389,4.8584
0.66784,2.3701,4.9347
0.68691,2.3538,4.9981
0.76207,2.3426,5.05
0.76282,2.3144,5.0901
0.76132,2.2812,5.1175
0.69551,2.2363,5.1326
0.52911,2.1925,5.135
0.3384,2.1489,5.1262
0.090854,2.0943,5.1073
-0.12304,2.0462,5.0778
-0.32534,1.9969,5.0387
-0.48875,1.9499,4.9912
-0.53736,1.8917,4.9352
-0.56728,1.8322,4.8713
-0.54933,1.7761,4.7997
-0.49623,1.7009,4.7199
-0.45734,1.6325,4.6321
-0.46444,1.561,4.5369
-0.49623,1.4935,4.4364
-0.51642,1.4203,4.3307
-0.60579,1.3347,4.2174
-0.68133,1.2614,4.0973
-0.72097,1.1788,3.9711
-0.81034,1.1106,3.8416
-0.86942,1.0218,3.7072
-0.89634,0.93872,3.5684
-0.92663,0.882,3.4297
-0.9558,0.75942,3.2817
-0.96889,0.67607,3.1253
-0.96964,0.62054,2.9714
-0.9715,0.50858,2.8128
-0.91654,0.41999,2.6479
-0.82604,0.31882,2.4789
-0.71835,0.2118,2.3037
-0.55082,0.084714,2.12
-0.38517,-0.014047,1.9301
-0.27187,-0.11297,1.7412
-0.16978,-0.24542,1.5433
-0.10285,-0.33852,1.3455
-0.09462,-0.49068,1.1426
-0.087515,-0.55569,0.93936
-0.11033,-0.72322,0.73539
-0.14211,-0.78515,0.52205
-0.11743,-0.92491,0.32171
-0.067696,-1.109,0.089684
0.057199,-0.35451,-0.046823
0.20079,0.022266,-0.028152
0.32083,-0.15264,-0.027196
0.45657,-0.034108,-0.031001
0.51527,-0.083546,-0.026649
0.51789,-0.055841,-0.031144
0.51826,-0.052425,-0.027511
0.47115,-0.065134,-0.03087
0.39075,-0.03927,-0.02907
0.31783,-0.058716,-0.030135
0.2236,-0.038738,-0.030578
0.1432,-0.053501,-0.030236
0.10768,-0.041714,-0.031511
0.04972,-0.044908,-0.030728
0.0082132,-0.042903,-0.031976
0.011205,-0.03515,-0.031867
-0.0037528,-0.04294,-0.032403
-0.028807,-0.032833,-0.032921
-0.048999,-0.037212,-0.03336
-0.027685,-0.041347,-0.035039
0.02691,-0.036391,-0.035815
0.076644,-0.038595,-0.036824
0.13535,-0.033628,-0.037742
0.16153,-0.032473,-0.038091
0.15255,-0.033883,-0.039036
0.1103,-0.031588,-0.038953
0.017936,-0.034711,-0.040292
-0.051243,-0.020154,-0.039861
-0.12117,-0.037617,-0.040393
-0.20979,-0.01889,-0.04148
-0.23859,-0.031873,-0.040224
-0.22138,-0.029511,-0.043111
-0.17016,-0.017368,-0.04025
-0.066574,-0.050318,-0.044105
0.063556,0.0059318,-0.040952
0.15629,-0.07309,-0.043115
0.24417,0.03108,-0.044543
0.28268,-0.078545,-0.039062
0.29203,0.019601,-0.051944
0.29128,-0.043461,-0.025329
0.18359,-1.6502,-0.18811
0.25987,-2.2264,-0.58735
0.2666,-1.8911,-0.9391
0.19855,-2.1036,-1.276
0.52761,-2.0309,-1.6044
0.60764,-2.1009,-1.8985
0.62147,-2.138,-2.1876
0.88061,-2.1594,-2.4525
0.74076,-2.2339,-2.7111
0.72131,-2.2393,-2.9523
0.84172,-2.3217,-3.1837
0.74973,-2.333,-3.4057
0.84509,-2.3534,-3.61
0.90828,-2.3793,-3.8018
0.90566,-2.419,-3.9829
0.95203,-2.4527,-4.1561
0.94605,-2.4574,-4.3157
0.93633,-2.4688,-4.4616
0.90566,-2.4647,-4.5934
0.85668,-2.4587,-4.7096
0.83237,-2.445,-4.8113
0.75983,-2.4246,-4.8979
0.70411,-2.4079,-4.9706
0.75235,-2.3869,-5.0309
0.73253,-2.3616,-5.0785
0.71309,-2.3352,-5.1143
0.69028,-2.3015,-5.139
0.54332,-2.2584,-5.151
0.38813,-2.2146,-5.1503
0.21687,-2.1689,-5.1389
-0.03292,-2.1233,-5.1174
-0.2498,-2.0749,-5.0854
-0.44949,-2.0205,-5.0441
-0.61589,-1.9673,-4.9943
-0.66712,-1.9079,-4.9364
-0.72022,-1.8428,-4.8707
-0.71386,-1.7792,-4.7966
-0.6574,-1.7111,-4.7144
-0.64207,-1.6358,-4.6245
-0.60093,-1.5734,-4.5278
-0.577,-1.5067,-4.4263
-0.57924,-1.4207,-4.3183
-0.64506,-1.3428,-4.2027
-0.72471,-1.2634,-4.0815
-0.7621,-1.1929,-3.9559
-0.85072,-1.1119,-3.8257
-0.90233,-1.0206,-3.6887
-0.92925,-0.96706,-3.5505
-0.99731,-0.86931,-3.4104
-1.0119,-0.74685,-3.2577
-1.0067,-0.68847,-3.1014
-1.0067,-0.60747,-2.9467
-0.9371,-0.50199,-2.7852
-0.82492,-0.40475,-2.6186
-0.71012,-0.30464,-2.4462
-0.57064,-0.18776,-2.2672
-0.42892,-0.058671,-2.0788
-0.33581,0.020006,-1.8887
-0.24606,0.15727,-1.6957
-0.14809,0.2538,-1.4952
-0.095368,0.37828,-1.2965
-0.070314,0.50388,-1.0902
-0.051243,0.5886,-0.88955
-0.07854,0.76613,-0.67694
-0.085271,0.77377,-0.47123
-0.022076,1.0725,-0.25691
0.009709,0.83454,-0.039722
0.1088,0.013227,0.012013
0.24791,0.047883,-0.013504
0.34326,0.080158,-0.001964
0.4431,0.0079151,-0.0074678
0.48648,0.062647,-0.004311
0.50667,0.0014855,-0.0044085
0.50779,0.042072,-0.0051171
0.49545,0.011713,-0.0027063
0.45694,0.015544,-0.0045697
0.36458,0.015151,-0.0023052
0.2595,0.0016467,-0.0031637
0.15704,0.012253,-0.0021515
0.081879,0.0020479,-0.0020165
0.011205,0.0097333,-0.0015029
-0.026189,0.0033938,-0.00083551
-0.063209,0.0088823,-0.00078302
-0.10621,0.0032963,0.00023675
-0.10808,-0.0044942,1.5554e-05
-0.1107,0.007289,0.00077663
-0.060965,0.0097858,0.0022988
0.015692,0.0050771,0.0032361
0.08674,0.0083575,0.0042596
0.13685,0.0042748,0.0053956
0.14844,-0.0015137,0.0055981
0.15741,0.005272,0.0063966
0.10656,-0.00092884,0.006779
0.043363,0.007304,0.0074614
-0.011979,-0.0047453,0.0079038
-0.092376,0.0058719,0.0076264
-0.15482,0.0019466,0.0096209
-0.19521,-0.012116,0.0079863
-0.19633,0.0097033,0.010554
-0.14921,-0.025957,0.0089348
-0.07181,0.025854,0.0099883
0.009335,-0.030089,0.011342
0.10357,0.021726,0.008305
0.16564,-0.010223,0.014941
0.19144,-0.021383,0.0051294
0.19406,0.069103,0.019669
0.19294,-0.18886,-0.0014729
0.16975,1.0985,0.06491
0.17536,2.3653,0.41441
0.33391,1.9899,0.79071
0.30475,2.0294,1.1176
0.3728,2.065,1.4551
0.59754,2.0457,1.7544
0.46741,2.1409,2.0464
0.60464,2.1216,2.3165
0.75459,2.2008,2.5747
0.67046,2.2136,2.8209
0.84546,2.2877,3.0529
0.81966,2.2983,3.2764
0.80171,2.3095,3.4797
0.91688,2.3547,3.6734
0.91427,2.3823,3.8572
0.97036,2.4092,4.0311
0.95129,2.4026,4.192
0.90454,2.4225,4.3376
0.88211,2.4127,4.4697
0.82153,2.3886,4.5858
0.74898,2.3749,4.6861
0.70449,2.3536,4.7714
0.67868,2.3312,4.843
0.64914,2.3111,4.9026
0.65774,2.2891,4.9506
0.64653,2.2491,4.9862
0.63344,2.2122,5.0094
0.55603,2.1647,5.0201
0.40085,2.1134,5.0191
0.23632,2.0699,5.0074
-0.01011,2.0191,4.9852
-0.23298,1.9732,4.9533
-0.49174,1.9176,4.9125
-0.74639,1.8572,4.8635
-0.81669,1.8038,4.8065
-0.86306,1.7425,4.7418
-0.8238,1.6687,4.6685
-0.73218,1.5974,4.5862
-0.71835,1.5294,4.4971
-0.62524,1.459,4.4016
-0.53101,1.3918,4.3007
-0.51306,1.3176,4.1934
-0.54858,1.2353,4.0788
-0.65029,1.1554,3.9575
-0.72919,1.089,3.8318
-0.83913,1.0064,3.702
-0.9457,0.93193,3.5668
-0.95991,0.87184,3.4315
-0.96702,0.75455,3.2897
-0.96477,0.66444,3.1364
-0.91579,0.60959,2.9842
-0.88288,0.50783,2.8297
-0.86605,0.41166,2.6679
-0.77706,0.31083,2.5022
-0.67273,0.21266,2.3304
-0.57438,0.093839,2.1507
-0.42556,-0.0077745,1.9629
-0.29804,-0.095063,1.7764
-0.18324,-0.23406,1.5821
-0.05947,-0.32081,1.3846
0.00073447,-0.47397,1.1847
0.045233,-0.54521,0.98079
0.077018,-0.68239,0.78025
0.044859,-0.79293,0.56645
0.003726,-0.85858,0.3676
-0.053487,-1.1381,0.14025
-0.067696,-0.53493,-0.031148
-0.0097358,0.036479,-0.029869
0.06393,-0.13913,-0.01945
0.2079,-0.051038,-0.027931
0.3025,-0.067717,-0.021238
0.35598,-0.06684,-0.026697
0.45918,-0.036128,-0.023158
0.46741,-0.073532,-0.025513
0.45021,-0.033118,-0.025186
0.436,-0.054169,-0.024916
0.32643,-0.038108,-0.026259
0.1963,-0.041898,-0.02555
0.088984,-0.041058,-0.02696
-0.013849,-0.038089,-0.026442
-0.10771,-0.043795,-0.027518
-0.15258,-0.032383,-0.027365
-0.15482,-0.039577,-0.027807
-0.14996,-0.033223,-0.028373
-0.14323,-0.031941,-0.028178
-0.10584,-0.039589,-0.029543
-0.043764,-0.034797,-0.030668
-0.008614,-0.033725,-0.031414
0.069165,-0.039379,-0.03258
0.1361,-0.029253,-0.033405
0.16901,-0.03031,-0.033689
0.18546,-0.031588,-0.034514
0.13872,-0.028908,-0.034379
0.11778,-0.036593,-0.03568
0.081505,-0.018744,-0.035444
0.01831,-0.038464,-0.03592
-0.046756,-0.018665,-0.037041
-0.11107,-0.029395,-0.035688
-0.12416,-0.026216,-0.038668
-0.12267,-0.01035,-0.03583
-0.093124,-0.049539,-0.039358
-0.0059964,0.012249,-0.036794
0.069539,-0.068561,-0.038432
0.14059,0.031035,-0.039962
0.19593,-0.074627,-0.034162
0.22585,0.0086011,-0.047584
0.23819,-0.017016,-0.020511
0.15554,-1.614,-0.17474
0.25426,-2.2388,-0.57027
0.29876,-1.8871,-0.92237
0.21837,-2.0881,-1.2557
0.53659,-2.0219,-1.582
0.60838,-2.089,-1.8739
0.60128,-2.1269,-2.1606
0.88061,-2.1422,-2.4233
0.74076,-2.2171,-2.6793
0.75123,-2.2274,-2.9187
0.92623,-2.3038,-3.1492
0.81592,-2.2972,-3.367
0.91576,-2.3258,-3.5665
1.0149,-2.3638,-3.7578
0.95652,-2.392,-3.9382
0.97335,-2.4122,-4.1089
0.96736,-2.4093,-4.2645
0.88884,-2.4187,-4.4062
0.85257,-2.4041,-4.5339
0.78152,-2.3891,-4.6452
0.7,-2.3734,-4.7419
0.68504,-2.3479,-4.8237
0.63531,-2.3307,-4.8925
0.64428,-2.3079,-4.9493
0.63493,-2.2791,-4.9937
0.60165,-2.2485,-5.0268
0.57884,-2.2052,-5.0473
0.46479,-2.1607,-5.055
0.3313,-2.119,-5.0515
0.16078,-2.0729,-5.0374
-0.049747,-2.0206,-5.0131
-0.2427,-1.9669,-4.979
-0.46482,-1.9121,-4.9362
-0.65029,-1.8548,-4.8846
-0.72695,-1.7994,-4.8255
-0.79762,-1.732,-4.7581
-0.83577,-1.6612,-4.6818
-0.79875,-1.595,-4.598
-0.7965,-1.5237,-4.5067
-0.7707,-1.4591,-4.4099
-0.67273,-1.3829,-4.3071
-0.62524,-1.301,-4.1967
-0.62561,-1.2289,-4.0799
-0.63833,-1.1548,-3.9581
-0.70115,-1.0781,-3.8322
-0.77668,-0.99156,-3.6994
-0.81894,-0.93119,-3.5632
-0.8324,-0.85357,-3.4266
-0.84997,-0.73074,-3.2794
-0.88587,-0.66317,-3.125
-0.87391,-0.59226,-2.9724
-0.87092,-0.48635,-2.8148
-0.84025,-0.39901,-2.6507
-0.72396,-0.30089,-2.4818
-0.62973,-0.19286,-2.307
-0.50333,-0.061048,-2.1219
-0.37246,0.017719,-1.9324
-0.27822,0.13613,-1.7428
-0.15969,0.25389,-1.544
-0.05947,0.34915,-1.347
0.013448,0.49959,-1.1426
0.084123,0.55984,-0.94085
0.087114,0.74198,-0.73336
0.065426,0.76921,-0.52218
0.078514,0.98037,-0.31802
0.038502,1.0129,-0.086451
0.047477,0.17462,0.016069
0.092723,-0.018178,-0.010658
0.13386,0.11256,-0.0042585
0.2236,-0.002196,-0.0046072
0.22472,0.063003,-0.0057582
0.26249,0.010809,-0.0027026
0.31746,0.030019,-0.0056832
0.32307,0.025922,-0.0020952
0.36794,0.0081213,-0.0041498
0.34027,0.022514,-0.0022377
0.29502,0.0060931,-0.0023689
0.21687,0.017565,-0.0019153
0.11927,0.0049833,-0.0011842
0.057947,0.010299,-0.0013566
-0.032172,0.0058494,-0.00022814
-0.062087,0.0052158,-0.00045309
-0.076297,0.0088186,0.00066416
-0.10098,0.0029889,0.00063042
-0.099107,0.0051333,0.00087411
-0.070688,0.0080538,0.002475
-0.0078661,0.0060893,0.0034573
0.056451,0.0028989,0.0043871
0.12862,0.0063517,0.005748
0.16564,-0.00088011,0.0060292
0.19443,0.0023778,0.0064004
0.20677,-0.0015812,0.0071915
0.17162,0.0017892,0.0075101
0.12376,-0.002987,0.0085037
0.093845,-0.0034782,0.0076676
0.065052,0.010521,0.0097859
0.017562,-0.015269,0.0088036
-0.00076128,0.017048,0.0096734
-0.032546,-0.018006,0.010727
-0.034042,0.011867,0.0087174
-0.011605,-0.0063949,0.012853
0.011205,-0.015423,0.0079263
0.059069,0.031594,0.015001
0.092723,-0.067073,0.0079975
0.10992,0.10525,0.014697
0.1103,-0.18591,0.010348
0.12264,0.53139,0.0158
0.10805,2.2018,0.29181
0.24641,2.1295,0.68885
0.32083,1.9449,1.0168
0.3025,2.092,1.3571
0.53995,1.9996,1.6666
0.47638,2.1174,1.9592
0.48947,2.1043,2.2377
0.73478,2.1685,2.497
0.64166,2.1994,2.7495
0.75721,2.2417,2.9842
0.84471,2.284,3.2124
0.77254,2.2715,3.422
0.89146,2.3196,3.6183
0.93745,2.3396,3.8063
0.95465,2.3701,3.9838
0.97297,2.3835,4.15
0.93633,2.384,4.3007
0.87351,2.3813,4.4382
0.83424,2.3595,4.5608
0.77105,2.3431,4.6669
0.69589,2.3224,4.7577
0.67195,2.3002,4.8345
0.63793,2.2837,4.8986
0.65849,2.2542,4.9518
0.63643,2.2179,4.9926
0.59604,2.1801,5.0206
0.56725,2.1344,5.0363
0.3986,2.0928,5.0395
0.24753,2.0457,5.032
0.056077,2.001,5.0145
-0.19745,1.9404,4.9871
-0.36834,1.8705,4.9501
-0.56354,1.8307,4.9044
-0.68806,1.784,4.8506
-0.74415,1.7189,4.789
-0.78977,1.6436,4.7191
-0.79837,1.5751,4.6402
-0.80622,1.5101,4.5536
-0.7808,1.4399,4.4599
-0.76023,1.3747,4.3607
-0.72171,1.302,4.2561
-0.70937,1.2259,4.1442
-0.74714,1.1381,4.0246
-0.74789,1.0702,3.8998
-0.79239,1.0015,3.7722
-0.82941,0.9198,3.6386
-0.80884,0.86483,3.5031
-0.8309,0.76023,3.3648
-0.85484,0.65222,3.2136
-0.85484,0.6015,3.06
-0.84698,0.51155,2.9071
-0.81782,0.41492,2.7463
-0.75425,0.33119,2.5818
-0.66226,0.22881,2.4118
-0.56616,0.11922,2.2346
-0.43191,-0.00017904,2.0485
-0.32347,-0.0764,1.8604
-0.23933,-0.20477,1.6689
-0.11033,-0.29993,1.4697
-0.056852,-0.41772,1.2724
-0.0093619,-0.54482,1.0666
0.075896,-0.62228,0.86614
0.066174,-0.79377,0.65442
0.064304,-0.79586,0.44847
0.080383,-1.0797,0.23627
0.058321,-0.88538,0.016463
0.11666,-0.060493,-0.041814
0.16415,-0.063848,-0.015356
0.1963,-0.11032,-0.026394
0.27072,-0.030902,-0.021152
0.24978,-0.090691,-0.023597
0.25501,-0.030741,-0.023829
0.28007,-0.066885,-0.022637
0.25875,-0.041227,-0.025261
0.2853,-0.044185,-0.022982
0.24192,-0.048328,-0.02519
0.15592,-0.036769,-0.024444
0.10918,-0.046037,-0.025194
0.045981,-0.033249,-0.02549
-0.02058,-0.040327,-0.025655
-0.062087,-0.0338,-0.026274
-0.061713,-0.036305,-0.026341
-0.08228,-0.033504,-0.027125
-0.10098,-0.02845,-0.02708
-0.072183,-0.036473,-0.027904
-0.04339,-0.035941,-0.02928
-0.002631,-0.030636,-0.029993
0.073278,-0.035656,-0.030953
0.14582,-0.030737,-0.032295
0.17649,-0.027989,-0.032456
0.19556,-0.035266,-0.033221
0.18621,-0.02418,-0.03333
0.16901,-0.032121,-0.033929
0.16639,-0.020431,-0.03466
0.13161,-0.031603,-0.034203
0.087488,-0.02875,-0.036141
0.06393,-0.01937,-0.034556
0.039998,-0.037335,-0.037199
0.03065,-0.0028671,-0.035609
0.047851,-0.056789,-0.036505
0.081131,0.0051221,-0.037907
0.11778,-0.047417,-0.034878
0.13947,-0.014826,-0.041424
0.15368,-0.0013562,-0.031522
0.13086,-0.090868,-0.046077
0.12825,0.15338,-0.02498
0.077018,-1.0821,-0.092675
0.11479,-2.2674,-0.4452
0.25576,-1.928,-0.82359
0.17723,-2.0192,-1.1511
0.37131,-2.0513,-1.488
0.62072,-2.0331,-1.7855
0.57398,-2.1271,-2.0761
0.81929,-2.1065,-2.3453
0.83125,-2.195,-2.6028
0.6899,-2.201,-2.849
0.85855,-2.2687,-3.0814
0.81517,-2.2831,-3.3056
0.81816,-2.2885,-3.5097
0.9296,-2.3353,-3.7043
0.91501,-2.3555,-3.8892
0.93857,-2.3818,-4.0638
0.93521,-2.3798,-4.225
0.85743,-2.3855,-4.3714
0.80208,-2.3781,-4.5044
0.72543,-2.3577,-4.6211
0.62633,-2.3427,-4.7233
0.61025,-2.3208,-4.8112
0.57136,-2.2979,-4.885
0.58333,-2.2722,-4.9467
0.6024,-2.2441,-4.9959
0.56426,-2.212,-5.0335
0.56389,-2.1706,-5.0593
0.48835,-2.1251,-5.0718
0.35298,-2.0785,-5.073
0.21425,-2.0317,-5.0634
0.034015,-1.9816,-5.0433
-0.17502,-1.9282,-5.0137
-0.36647,-1.8753,-4.9748
-0.57999,-1.8208,-4.9272
-0.67647,-1.7656,-4.8715
-0.77107,-1.7026,-4.808
-0.82305,-1.6326,-4.7357
-0.81071,-1.561,-4.6549
-0.95617,-1.4952,-4.5664
-1.7037,-1.4338,-4.4725
-5.0276,-1.3558,-4.3727
-10.742,-1.2727,-4.2648
-15.931,-1.1961,-4.1506
-18.068,-1.1222,-4.0312
-17.317,-1.0441,-3.9074
-15.155,-0.95118,-3.778
-12.533,-0.87393,-3.6438
-11.26,-0.79196,-3.5105
-9.0291,-0.6596,-3.3703
-6.1031,-0.55904,-3.2196
-2.5058,-0.49903,-3.0703
6.9216,-0.39039,-2.9186
17.061,-0.29097,-2.7586
20.964,-0.20356,-2.5947
20.13,-0.10195,-2.4239
18.039,0.0077126,-2.2448
15.679,0.098034,-2.0576
13.271,0.1642,-1.8701
10.963,0.3019,-1.6758
5.6745,0.37225,-1.4762
-1.6637,0.50127,-1.2773
-8.1291,0.59716,-1.0702
-12.126,0.68507,-0.86878
-10.556,0.83013,-0.65266
-4.9622,0.82976,-0.44741
0.96662,1.1225,-0.22521
5.3611,0.7163,-0.019919
6.8475,-0.031993,0.0087961
6.4351,0.089827,-0.01242
7.1452,0.064574,-0.00052808
9.1562,0.022956,-0.0073666
11.331,0.062673,-0.0025976
13.38,0.0039786,-0.0044385
12.493,0.042503,-0.0036211
9.0788,0.0098683,-0.0020277
4.399,0.020246,-0.0036099
-1.1828,0.013055,-0.0013079
-5.0785,0.010884,-0.0023239
-8.1085,0.015964,-0.00098547
-10.902,0.0056169,-0.0011954
-13.8,0.012133,-0.0006518
-16.574,0.0062992,-4.4433e-05
-16.459,0.010633,0.00035673
-12.675,0.0015942,0.0011141
-5.4341,0.0038436,0.00082162
2.6078,0.013456,0.0024113
8.024,0.0049646,0.0039109
9.6895,0.0033675,0.0042296
7.8826,0.0048034,0.0056655
4.0883,0.00019211,0.0064154
-0.17838,0.0031501,0.0067453
-3.4545,-0.004959,0.0077801
-6.185,-0.00022028,0.0076264
-8.4585,0.002644,0.0089461
-9.5725,-0.0068898,0.0084474
-9.6476,0.0063592,0.0097859
-7.6915,-0.017739,0.0097934
-3.4649,0.013212,0.0096209
1.725,-0.01245,0.011694
6.2051,0.0012081,0.0090098
9.0972,0.0087399,0.01346
9.7444,-0.0304,0.0087961
9.0747,0.045473,0.014199
8.7916,-0.070582,0.010663
8.5591,0.089077,0.011743
8.6634,-0.1344,0.016579
8.2984,0.27188,0.0021601
6.3629,2.0055,0.22941
3.6683,2.1984,0.63192
0.20341,1.8827,0.96781
-3.0622,2.0363,1.3088
-4.7816,1.9235,1.6288
-5.2374,2.0135,1.9251
-4.9726,1.9989,2.2123
-4.3844,2.0342,2.4776
-3.5719,2.0658,2.7375
-1.9924,2.0807,2.9793
0.75609,2.1377,3.2147
3.6511,2.1112,3.4348
5.7403,2.1337,3.639
6.0896,2.1479,3.8345
4.0232,2.1762,4.0204
0.62596,2.1871,4.1962
-2.9287,2.1755,4.3565
-5.9318,2.1728,4.5035
-7.7488,2.1482,4.6356
-8.193,2.127,4.7522
-7.9563,2.098,4.8532
-7.2997,2.0594,4.9394
-5.7295,2.0405,5.0139
-3.3329,2.0184,5.076
-0.25691,1.9803,5.1256
3.1014,1.9401,5.1638
5.8226,1.8911,5.1887
7.159,1.8478,5.2013
7.1579,1.8075,5.2026
6.2036,1.7551,5.1928
4.829,1.7076,5.1732
4.0359,1.6596,5.1434
3.5221,1.6112,5.1044
2.8337,1.5638,5.0576
2.1269,1.5064,5.0027
0.70187,1.443,4.9386
-0.86979,1.3806,4.8654
-1.6854,1.3202,4.7845
-1.9953,1.254,4.6952
-1.802,1.1953,4.5995
-1.4079,1.1359,4.4992
-1.099,1.0637,4.3913
-0.66749,0.98936,4.2748
0.12413,0.92492,4.1523
1.1678,0.85724,4.026
2.0368,0.78312,3.894
2.447,0.73688,3.7588
1.9774,0.66035,3.6216
0.61885,0.55418,3.4737
-1.3488,0.4924,3.319
-3.4631,0.43541,3.1659
-4.7808,0.33946,3.007
-5.234,0.26186,2.8408
-5.0014,0.17918,2.6718
-4.1747,0.066126,2.493
-3.2832,-0.022707,2.3071
-2.3891,-0.11962,2.1157
-1.4124,-0.2006,1.9218
-0.46744,-0.32109,1.7223
0.19518,-0.39652,1.517
0.40907,-0.51379,1.3141
0.071035,-0.63537,1.1016
-0.68395,-0.69802,0.8949
-1.1944,-0.86356,0.67709
-1.2071,-0.85733,0.46442
-0.79837,-1.1309,0.24468
0.011953,-0.90573,0.018814
0.88435,-0.062892,-0.04025
1.4124,-0.077491,-0.013279
1.722,-0.11781,-0.024661
1.8659,-0.031311,-0.019428
1.7825,-0.096352,-0.021932
1.8686,-0.033178,-0.022037
2.1647,-0.065948,-0.020912
2.4022,-0.044747,-0.023499
2.6078,-0.04465,-0.021272
2.7608,-0.045268,-0.023525
2.7668,-0.035498,-0.022809
2.6879,-0.046506,-0.023732
2.4463,-0.035705,-0.023769
1.8113,-0.041973,-0.02372
0.82901,-0.03593,-0.024706
-0.26701,-0.037122,-0.025003
-1.2976,-0.030947,-0.025516
-2.0384,-0.032949,-0.025655
-2.4074,-0.040383,-0.027098
-2.3532,-0.032548,-0.028268
-1.9269,-0.035007,-0.029022
-1.3941,-0.029721,-0.030668
-0.90644,-0.030913,-0.031013
-0.56653,-0.03533,-0.031609
-0.41508,-0.019824,-0.031942
-0.534,-0.036364,-0.032343
-0.84063,-0.023584,-0.033547
-1.1817,-0.02475,-0.032823
-1.5466,-0.033122,-0.035017
-1.7672,-0.012487,-0.033618
-1.7878,-0.041718,-0.035392
-1.6154,-0.0010975,-0.035114
-1.1832,-0.045201,-0.034623
-0.6215,-0.0047566,-0.037705
-0.081906,-0.028203,-0.032962
0.42179,-0.040807,-0.040449
0.73851,0.021876,-0.031376
0.85257,-0.116,-0.042834
1.0556,0.17037,-0.029562
1.1027,-0.80965,-0.062629
1.2119,-2.2186,-0.38208
1.6992,-1.9633,-0.77377
1.8585,-1.9361,-1.1029
2.1434,-2.0151,-1.4451
2.545,-1.9442,-1.7505
2.296,-2.041,-2.0453
2.1172,-1.9968,-2.3229
1.8323,-2.0698,-2.5858
1.2026,-2.0711,-2.8393
0.82789,-2.1163,-3.0773
0.40496,-2.1431,-3.3096
0.071409,-2.1273,-3.5227
0.129,-2.1622,-3.7242
0.3227,-2.1758,-3.9163
0.56015,-2.2019,-4.0987
0.84883,-2.1949,-4.2693
0.99279,-2.19,-4.4249
0.86191,-2.1795,-4.5677
0.61212,-2.1519,-4.6944
0.21463,-2.1356,-4.8058
-0.15146,-2.1098,-4.9034
-0.39414,-2.0834,-4.9867
-0.50558,-2.0596,-5.0569
-0.46818,-2.0299,-5.1151
-0.44238,-1.9967,-5.1616
-0.38629,-1.9572,-5.1961
-0.33805,-1.9113,-5.2178
-0.32085,-1.8658,-5.2273
-0.38741,-1.8208,-5.2251
-0.56653,-1.7736,-5.2124
-0.78341,-1.7269,-5.1899
-0.98833,-1.6747,-5.1574
-1.1106,-1.622,-5.1159
-1.0676,-1.5729,-5.0661
-0.83876,-1.5171,-5.0087
-0.49997,-1.4537,-4.9421
-0.097237,-1.391,-4.8664
0.18583,-1.331,-4.7828
0.27446,-1.2703,-4.6921
0.33354,-1.2075,-4.5965
0.35298,-1.1367,-4.4927
0.28867,-1.0702,-4.3811
0.26361,-1.0033,-4.2644
0.28904,-0.93433,-4.1418
0.32569,-0.85976,-4.014
0.37168,-0.7911,-3.8796
0.39187,-0.74269,-3.7438
0.41805,-0.64913,-3.6042
0.39,-0.54916,-3.4521
0.27408,-0.50336,-3.297
0.07814,-0.43263,-3.1428
-0.23372,-0.33226,-2.9801
-0.57737,-0.26206,-2.8124
-0.82679,-0.15797,-2.6402
-0.9285,-0.049535,-2.4575
-0.96141,0.039021,-2.2683
-0.8668,0.12804,-2.0742
-0.66675,0.22072,-1.879
-0.54596,0.33599,-1.675
-0.43677,0.40589,-1.4703
-0.40387,0.55879,-1.2632
-0.47155,0.62917,-1.051
-0.51418,0.75918,-0.84207
-0.65141,0.84619,-0.61913
-0.78229,0.90377,-0.41172
-0.81707,1.1696,-0.17503
-0.81969,0.51597,0.0023475
-0.68021,-0.060257,0.0006979
-0.44051,0.1272,-0.0099797
-0.20119,0.031695,-0.00094048
-0.002631,0.047355,-0.007509
0.13722,0.045555,-0.0018853
0.2165,0.015072,-0.005237
0.25501,0.041769,-0.0025939
0.27184,0.0050171,-0.0028226
0.24679,0.028437,-0.0030588
0.24379,0.0082187,-0.0015778
0.27894,0.014817,-0.0023014
0.28081,0.013782,-0.0006443
0.30923,0.0095084,-0.0010417
0.393,0.0096021,-0.00050933
0.44423,0.0045897,-9.6921e-05
0.46629,0.005482,0.00065291
0.42889,-0.0043329,0.0010466
0.32456,0.0079301,0.0012828
0.25913,0.0057219,0.0023925
0.29091,0.0011219,0.0033523
0.38477,0.0074427,0.0043383
0.53734,0.0075664,0.0054631
0.77516,0.0027527,0.0063404
0.99765,0.0025615,0.0064341
1.1139,0.008215,0.0075439
1.0833,-0.0038756,0.0075251
0.93371,0.007109,0.0080688
0.72131,-0.0026834,0.0091298
0.41955,-0.00040773,0.0085299
0.058321,0.0017142,0.010494
-0.30889,-0.010957,0.0091373
-0.61215,0.0064904,0.011319
-0.76733,-0.022587,0.0099209
-0.79014,0.027762,0.010929
-0.7277,-0.032064,0.012545
-0.59869,0.016358,0.0091448
-0.4794,-0.0061362,0.015882
-0.38255,-0.028207,0.0062204
-0.37283,0.074482,0.020306
-0.41359,-0.19343,0.00060792
-0.43416,1.0215,0.060013
-0.40162,2.3138,0.40161
-0.19147,1.9433,0.77811
-0.14211,1.9358,1.1023
-0.059096,1.9705,1.4379
0.1791,1.9267,1.7377
0.13722,1.9973,2.0296
0.27521,1.9568,2.3003
0.45357,2.0277,2.5592
0.4532,2.027,2.8089
0.63456,2.0617,3.0423
0.73702,2.0636,3.2628
0.84471,2.0797,3.4683
1.1057,2.1197,3.6687
1.4094,2.1162,3.8567
1.6879,2.1256,4.0316
1.8727,2.1132,4.1923
1.943,2.0944,4.338
1.8334,2.0747,4.4684
1.6057,2.0478,4.5819
1.2747,2.0216,4.681
0.93296,1.992,4.7665
0.60128,1.9676,4.8398
0.33055,1.9451,4.9009
0.21612,1.9029,4.9494
0.14844,1.8624,4.9857
0.12413,1.8163,5.0089
0.10693,1.7682,5.0195
0.060565,1.7328,5.0197
-0.011979,1.6813,5.0094
-0.20044,1.6258,4.9882
-0.45248,1.5833,4.9576
-0.70975,1.5332,4.9188
-0.94907,1.4792,4.871
-1.0856,1.4292,4.8144
-1.1854,1.366,4.7494
-1.2176,1.2991,4.6756
-1.1585,1.2384,4.5931
-1.1394,1.1826,4.5039
-1.1143,1.129,4.4096
-1.0822,1.0535,4.3085
-1.0762,0.97305,4.1986
-1.0336,0.91714,4.0816
-0.95916,0.85243,3.9606
-0.8324,0.77254,3.834
-0.64393,0.72136,3.7024
-0.4106,0.66015,3.5701
-0.12042,0.55471,3.4295
0.12339,0.47606,3.2782
0.2251,0.42984,3.1274
0.30362,0.34631,2.9736
0.32905,0.26005,2.8115
0.22659,0.17918,2.6464
0.10955,0.077553,2.4733
-0.018336,-0.015295,2.2922
-0.10359,-0.11444,2.1043
-0.089759,-0.18682,1.9138
-0.010484,-0.30678,1.719
0.12787,-0.38556,1.5166
0.27782,-0.49436,1.3169
0.40047,-0.62203,1.1076
0.49359,-0.67716,0.90333
0.45881,-0.85649,0.68916
0.32008,-0.84804,0.47726
0.17761,-1.0962,0.26218
-0.0089879,-0.9406,0.034092
-0.13613,-0.086061,-0.035853
-0.24046,-0.056722,-0.0082664
-0.33992,-0.12491,-0.018817
-0.34329,-0.028169,-0.0144
-0.4106,-0.089428,-0.016038
-0.42967,-0.030681,-0.016811
-0.39564,-0.063582,-0.015161
-0.46931,-0.036248,-0.018239
-0.48052,-0.042018,-0.015915
-0.51306,-0.04856,-0.01801
-0.56952,-0.029789,-0.017347
-0.53475,-0.041294,-0.018254
-0.49698,-0.030224,-0.018487
-0.35488,-0.039971,-0.018419
-0.19072,-0.031333,-0.019353
-0.060591,-0.031495,-0.019435
0.075522,-0.02902,-0.020125
0.15704,-0.025556,-0.020016
0.24828,-0.031573,-0.020597
0.29054,-0.02947,-0.021685
0.3197,-0.032121,-0.022866
0.38552,-0.031105,-0.023874
0.44796,-0.030126,-0.024796
0.54182,-0.021507,-0.025269
0.654,-0.024825,-0.025531
0.78114,-0.029463,-0.02678
0.88884,-0.022433,-0.026405
0.93969,-0.029193,-0.02753
0.94231,-0.016615,-0.027668
0.86528,-0.032256,-0.027942
0.70823,-0.012127,-0.029033
0.55678,-0.022264,-0.027998
0.4087,-0.022879,-0.030679
0.23669,-0.0080145,-0.027785
0.096837,-0.041707,-0.03159
0.03738,0.020853,-0.029138
-0.035911,-0.067035,-0.030484
-0.090133,0.024017,-0.032201
-0.10023,-0.067091,-0.026394
-0.18212,0.014318,-0.039703
-0.22662,-0.0061737,-0.013047
-0.36311,-1.593,-0.16341
-0.37171,-2.2271,-0.55458
-0.32459,-1.8307,-0.90486
-0.45397,-1.9974,-1.2351
-0.17427,-1.9248,-1.5606
-0.016467,-1.966,-1.853
-0.0015092,-1.9894,-2.1395
0.32083,-1.9875,-2.4025
0.26212,-2.0565,-2.6604
0.25539,-2.048,-2.9042
0.40309,-2.0792,-3.1339
0.28755,-2.0722,-3.3488
0.34289,-2.1135,-3.5526
0.45283,-2.1298,-3.7502
0.52761,-2.1286,-3.933
0.61549,-2.1328,-4.1034
0.69402,-2.1175,-4.2592
0.79274,-2.1024,-4.3998
0.85481,-2.0765,-4.5243
0.92025,-2.057,-4.6341
0.9741,-2.0287,-4.7299
1.0107,-2.0008,-4.811
1.0048,-1.9776,-4.8799
1.0193,-1.9484,-4.9372
0.98419,-1.9135,-4.9827
0.93446,-1.868,-5.0155
0.92137,-1.823,-5.0352
0.78227,-1.7779,-5.0429
0.63942,-1.7322,-5.0397
0.47676,-1.6872,-5.0262
0.18209,-1.6356,-5.0027
-0.05573,-1.5872,-4.9696
-0.25728,-1.5372,-4.9278
-0.50034,-1.483,-4.8783
-0.64767,-1.4273,-4.8196
-0.75425,-1.3649,-4.7517
-0.82754,-1.3025,-4.6752
-0.83913,-1.2461,-4.5911
-0.88251,-1.185,-4.5015
-0.88363,-1.1153,-4.4045
-0.86792,-1.0494,-4.2999
-0.90532,-0.98308,-4.1891
-0.96365,-0.92166,-4.0722
-1.0429,-0.85187,-3.9503
-1.0975,-0.77569,-3.8219
-1.1301,-0.72668,-3.69
-1.1072,-0.6535,-3.5559
-1.0216,-0.55196,-3.4102
-0.94944,-0.49193,-3.2581
-0.83464,-0.42901,-3.1079
-0.67235,-0.32969,-2.9505
-0.53961,-0.25708,-2.7864
-0.41434,-0.16521,-2.6189
-0.26476,-0.057468,-2.4412
-0.097237,0.042762,-2.2559
0.055703,0.12863,-2.0648
0.19817,0.20947,-1.873
0.33317,0.33292,-1.673
0.45507,0.39245,-1.4709
0.56089,0.53853,-1.2679
0.64017,0.62074,-1.0582
0.71196,0.72744,-0.85305
0.67831,0.83752,-0.63259
0.61624,0.86728,-0.42667
0.57697,1.1622,-0.19558
0.47601,0.60927,-0.0047684
0.43002,-0.057138,0.0046945
0.35186,0.11173,-0.010516
0.31709,0.044295,0.00019176
0.30138,0.036351,-0.0070329
0.17611,0.052618,-0.0013491
0.15405,0.008991,-0.0043222
0.083749,0.047475,-0.0023464
-0.0089879,0.0035887,-0.0019228
-0.052365,0.023099,-0.0027101
-0.1795,0.01415,-0.0006218
-0.27336,0.012661,-0.0017278
-0.36049,0.015998,-7.8175e-05
-0.44051,0.0052795,-0.00034062
-0.48613,0.01412,0.0002555
-0.50109,-0.0072497,0.0006979
-0.48763,-0.013923,0.0011066
-0.45584,0.003555,0.0016727
-0.38367,0.0016842,0.0016802
-0.31487,0.0062655,0.0028612
-0.20792,0.0086461,0.0041134
-0.097611,0.0011106,0.0050657
0.013448,0.0066404,0.0061942
0.1275,-0.0029158,0.0069853
0.18845,-1.4085e-05,0.007034
0.27296,0.004526,0.0081812
0.35111,-0.0016037,0.0084699
0.41319,0.0063405,0.0092572
0.48199,-0.0059825,0.0093735
0.54556,0.0081213,0.0098759
0.58557,-0.013034,0.010956
0.59904,-0.0028708,0.0093922
0.59791,0.0026402,0.01253
0.55342,-0.017927,0.0098909
0.51527,0.022892,0.013036
0.49919,-0.043259,0.01151
0.44759,0.038739,0.0116
0.37542,-0.048148,0.015237
0.32943,0.026529,0.0076001
0.261,-0.0086143,0.022259
0.23071,-0.083355,-0.0047009
0.17312,1.4793,0.12119
0.18471,2.301,0.50354
0.29353,1.8707,0.86017
0.14657,1.9847,1.1903
0.18658,1.9278,1.5209
0.22659,1.9573,1.8169
0.015318,1.9957,2.1083
0.15293,1.9726,2.3754
0.14358,2.0379,2.6354
0.071783,2.0479,2.8817
0.20266,2.0873,3.1171
0.13199,2.0567,3.3382
0.17611,2.0856,3.5424
0.27334,2.1224,3.7417
0.30736,2.1316,3.9293
0.36495,2.1375,4.1053
0.3743,2.1243,4.2669
0.38701,2.1203,4.4137
0.39,2.0917,4.5462
0.40347,2.0616,4.6617
0.41431,2.0333,4.7618
0.45881,2.0016,4.848
0.49882,1.9825,4.9222
0.58819,1.9566,4.984
0.69028,1.9205,5.0338
0.70262,1.8816,5.0717
0.76693,1.835,5.0965
0.71795,1.7883,5.1087
0.58146,1.747,5.1101
0.47115,1.6999,5.1008
0.28081,1.6436,5.0805
0.12974,1.5979,5.0508
-0.020954,1.5487,5.0127
-0.1365,1.4929,4.9655
-0.17838,1.4402,4.9103
-0.23186,1.3755,4.8469
-0.24756,1.32,4.7743
-0.30627,1.2558,4.6933
-0.38367,1.1881,4.6041
-0.45622,1.1418,4.5099
-0.55643,1.07,4.4097
-0.68021,0.99689,4.3003
-0.80622,0.93233,4.1835
-0.86643,0.86107,4.0619
-0.93224,0.79358,3.9355
-0.95543,0.73008,3.8033
-0.89597,0.685,3.6707
-0.85858,0.59264,3.5327
-0.83315,0.4881,3.3822
-0.79239,0.44897,3.2293
-0.75387,0.3741,3.0766
-0.74116,0.27502,2.9158
-0.70975,0.21239,2.7501
-0.64393,0.11267,2.5793
-0.56354,0.014318,2.399
-0.46519,-0.084153,2.212
-0.3317,-0.16407,2.0197
-0.1709,-0.25357,1.8265
-0.049747,-0.37249,1.6237
0.086366,-0.44136,1.421
0.19406,-0.59159,1.2143
0.22734,-0.64505,1.0043
0.25202,-0.78545,0.79693
0.22323,-0.85944,0.57633
0.24417,-0.93549,0.37058
0.26025,-1.1669,0.13371
0.27147,-0.46399,-0.029397
0.40646,0.035594,-0.019956
0.47788,-0.15135,-0.013223
0.52911,-0.041456,-0.020294
0.54668,-0.07144,-0.014235
0.48087,-0.06101,-0.01978
0.44722,-0.038846,-0.015806
0.35336,-0.063185,-0.018678
0.22061,-0.033365,-0.018029
0.129,-0.056118,-0.018093
0.041868,-0.035513,-0.019244
-0.048251,-0.040665,-0.018682
-0.1006,-0.034048,-0.020039
-0.11294,-0.031734,-0.01954
-0.14061,-0.033564,-0.02044
-0.15931,-0.027307,-0.02062
-0.15295,-0.034921,-0.021103
-0.18736,-0.03037,-0.021497
-0.21765,-0.03136,-0.021831
-0.20605,-0.033988,-0.023053
-0.17165,-0.031015,-0.024148
-0.091628,-0.032184,-0.025269
-0.030302,-0.030411,-0.026472
0.01644,-0.019876,-0.026626
0.097958,-0.029579,-0.02708
0.1361,-0.030141,-0.028111
0.14507,-0.027281,-0.027976
0.1533,-0.025631,-0.029415
0.15554,-0.018186,-0.028771
0.13573,-0.033733,-0.030086
0.13273,-0.0058963,-0.030143
0.16901,-0.032525,-0.029967
0.16938,-0.010091,-0.0318
0.22809,-0.023157,-0.029149
0.31335,-0.032792,-0.033727
0.36682,0.006453,-0.028906
0.39449,-0.065209,-0.034349
0.41992,0.049885,-0.030716
0.41581,-0.10787,-0.031864
0.35448,0.10299,-0.036805
0.29876,-0.27755,-0.021793
0.16078,-1.9366,-0.24805
0.22659,-2.1212,-0.65059
0.21575,-1.8448,-0.98632
0.12264,-2.0197,-1.3247
0.43263,-1.9114,-1.6419
0.39374,-1.9957,-1.9353
0.38327,-1.9776,-2.219
0.58782,-2.0121,-2.4813
0.34999,-2.0526,-2.7388
0.3915,-2.0634,-2.9797
0.46143,-2.096,-3.2115
0.34812,-2.0744,-3.4256
0.47863,-2.1212,-3.6283
0.52986,-2.1344,-3.8246
0.55678,-2.1431,-4.0083
0.58819,-2.1432,-4.1797
0.56837,-2.1315,-4.3359
0.5048,-2.1218,-4.4785
0.45133,-2.0922,-4.605
0.37692,-2.0741,-4.7165
0.29091,-2.0452,-4.8138
0.28755,-2.0109,-4.8962
0.26773,-1.991,-4.9664
0.36906,-1.9613,-5.0247
0.44834,-1.924,-5.0709
0.47825,-1.8851,-5.105
0.56762,-1.8388,-5.1263
0.50705,-1.7911,-5.1353
0.41992,-1.7444,-5.1334
0.31484,-1.6981,-5.1211
0.091601,-1.6483,-5.0986
-0.076297,-1.596,-5.0659
-0.22475,-1.5473,-5.0246
-0.34815,-1.4972,-4.9754
-0.41284,-1.4369,-4.9175
-0.48613,-1.374,-4.8506
-0.47155,-1.3157,-4.7753
-0.46482,-1.2573,-4.692
-0.50259,-1.2004,-4.6026
-0.49436,-1.1332,-4.5064
-0.52801,-1.0618,-4.4024
-0.56952,-0.99451,-4.2916
-0.59046,-0.92964,-4.1744
-0.61664,-0.86688,-4.0523
-0.61813,-0.79139,-3.9242
-0.61664,-0.73606,-3.791
-0.5755,-0.67443,-3.657
-0.51156,-0.56937,-3.514
-0.49286,-0.49767,-3.3611
-0.49324,-0.45481,-3.2091
-0.50296,-0.35937,-3.0537
-0.50857,-0.27391,-2.8897
-0.49436,-0.20145,-2.7227
-0.46968,-0.088776,-2.5475
-0.40761,0.0017704,-2.3637
-0.30365,0.10447,-2.1736
-0.18997,0.17611,-1.98
-0.068818,0.28825,-1.7828
0.051216,0.38299,-1.5775
0.12301,0.47305,-1.3753
0.16228,0.60555,-1.1644
0.2064,0.65457,-0.95691
0.17499,0.83413,-0.74142
0.1088,0.83338,-0.52492
0.085992,1.0539,-0.31214
0.03738,1.0075,-0.075223
0.050468,0.13226,0.017284
0.10768,0.0025765,-0.011086
0.1432,0.1137,-0.0022227
0.21687,0.0047959,-0.0042997
0.22547,0.073508,-0.0046109
0.22547,0.010701,-0.0021515
0.24492,0.033202,-0.0047909
0.22173,0.019769,-0.0011317
0.21575,0.0097483,-0.0030888
0.18509,0.022469,-0.0011167
0.1432,0.0024228,-0.0015741
0.10319,0.016995,-0.00087675
0.080383,0.0027189,-0.00016816
0.080383,0.0084024,-0.00046059
0.057947,0.00832,0.00048045
0.059069,0.0070003,0.00067916
0.03738,0.0087811,0.0015002
-0.0071182,0.0030564,0.0014702
-0.033668,0.0098646,0.0024038
-0.021328,0.0052758,0.0039409
0.01644,0.0016355,0.004732
0.051964,0.0064755,0.0059767
0.13049,-0.0030733,0.0070452
0.18209,0.0031726,0.0071202
0.22136,0.0044022,0.0081362
0.24118,-0.0027921,0.0081287
0.22136,0.0087099,0.0089986
0.20715,-0.010133,0.0093472
0.15068,0.0086274,0.0095797
0.096837,-0.0045091,0.010892
0.071409,-0.0018399,0.0095947
0.031771,0.0041961,0.012519
0.01644,-0.022032,0.0096059
0.041494,0.024583,0.012916
0.066548,-0.037324,0.011867
0.098332,0.042548,0.011589
0.1189,-0.042607,0.015398
0.11217,0.023447,0.0075964
0.10731,0.0024228,0.022218
0.11142,-0.085184,-0.0045022
0.04112,1.4703,0.11942
0.079635,2.3086,0.50209
0.25127,1.869,0.86071
0.19256,1.9888,1.1921
0.30961,1.9302,1.5246
0.44796,1.9546,1.8222
0.29727,1.9926,2.1151
0.48087,1.9783,2.384
0.52911,2.0453,2.6454
0.44946,2.0374,2.8929
0.5953,2.0881,3.1297
0.5235,2.0643,3.3536
0.55192,2.0804,3.5594
0.64316,2.1132,3.759
0.64391,2.1269,3.948
0.68841,2.1333,4.1264
0.66373,2.122,4.2901
0.63568,2.1156,4.4396
0.58744,2.0832,4.5757
0.50667,2.0639,4.6947
0.43974,2.0373,4.7982
0.41543,2.006,4.8877
0.38739,1.9835,4.9642
0.41394,1.9518,5.0287
0.47601,1.9189,5.0815
0.48162,1.8736,5.1216
0.51939,1.8254,5.1491
0.47938,1.7897,5.1637
0.34064,1.7454,5.1669
0.1877,1.6933,5.1598
-0.0048746,1.6452,5.1421
-0.20082,1.5945,5.1144
-0.38928,1.5501,5.078
-0.51493,1.4964,5.033
-0.55494,1.437,4.9794
-0.57476,1.3827,4.9172
-0.55082,1.3166,4.8459
-0.51642,1.256,4.766
-0.51567,1.1952,4.6783
-0.50446,1.1431,4.5853
-0.50034,1.0824,4.4866
-0.53288,1.0021,4.3797
-0.56316,0.93631,4.2647
-0.59308,0.87005,4.1437
-0.6301,0.80092,4.0188
-0.63197,0.73639,3.8876
-0.5957,0.68731,3.7537
-0.52166,0.60931,3.6174
-0.49174,0.5082,3.4696
-0.47379,0.45452,3.3159
-0.43191,0.3899,3.1629
-0.45809,0.2936,3.0038
-0.45061,0.22528,2.838
-0.40312,0.13842,2.6688
-0.33469,0.036505,2.4903
-0.24831,-0.056538,2.3044
-0.15782,-0.15212,2.1129
-0.035911,-0.21915,1.9192
0.051964,-0.34571,1.7196
0.13386,-0.41771,1.5142
0.16041,-0.53489,1.3102
0.15704,-0.64618,1.097
0.14134,-0.71581,0.8902
0.048599,-0.87512,0.67019
0.003726,-0.86403,0.45786
-0.042642,-1.1441,0.23577
-0.063209,-0.85738,0.014037
0.031771,-0.034794,-0.035028
0.096089,-0.08704,-0.0094511
0.16826,-0.1091,-0.021655
0.22809,-0.03515,-0.015435
0.1907,-0.088288,-0.018599
0.18172,-0.027348,-0.018044
0.16602,-0.065629,-0.017621
0.11516,-0.039637,-0.019765
0.092349,-0.044905,-0.017722
0.047477,-0.043146,-0.02017
0.010083,-0.032972,-0.019019
-0.019458,-0.040833,-0.020117
-0.019832,-0.027907,-0.020327
0.00036053,-0.037425,-0.020541
-0.019458,-0.031521,-0.021253
-0.0063704,-0.029643,-0.02143
-0.010858,-0.029058,-0.02194
-0.01871,-0.029939,-0.021902
-0.011232,-0.036754,-0.023353
0.019431,-0.03281,-0.024781
0.094219,-0.030906,-0.025333
0.16714,-0.032559,-0.026529
0.25239,-0.021991,-0.027316
0.2954,-0.026801,-0.027661
0.33803,-0.028604,-0.028486
0.32905,-0.027194,-0.028546
0.26847,-0.02532,-0.029723
0.26174,-0.020461,-0.029123
0.20079,-0.036604,-0.030484
0.12825,-0.01134,-0.030548
0.10282,-0.036826,-0.030581
0.069539,-0.011032,-0.032467
0.070661,-0.022943,-0.02967
0.10245,-0.030602,-0.034196
0.15741,0.0055644,-0.029502
0.16602,-0.065974,-0.034792
0.15667,0.050474,-0.031305
0.15891,-0.1091,-0.032182
0.11703,0.10257,-0.03748
0.066174,-0.27567,-0.02206
-0.043764,-1.9317,-0.24652
0.060939,-2.1165,-0.64982
0.091975,-1.8452,-0.98675
0.040372,-2.0197,-1.3265
0.40384,-1.9076,-1.6453
0.39487,-1.992,-1.9395
0.37766,-1.975,-2.225
0.62858,-2.008,-2.4889
0.40608,-2.044,-2.7476
0.43712,-2.0577,-2.9898
0.54631,-2.0969,-3.2246
0.40234,-2.0716,-3.4417
0.52948,-2.1058,-3.6453
0.63045,-2.1208,-3.8425
0.63979,-2.1381,-4.028
0.70374,-2.1358,-4.2019
0.7071,-2.1265,-4.3608
0.64877,-2.1163,-4.5061
0.6125,-2.0855,-4.6352
0.54668,-2.0676,-4.7493
0.4962,-2.0404,-4.8496
0.47115,-2.0098,-4.9354
0.44236,-1.9831,-5.0083
0.49732,-1.9549,-5.0688
0.5149,-1.9235,-5.1182
0.52724,-1.8803,-5.1553
0.55342,-1.8346,-5.1789
0.49134,-1.7904,-5.1908
0.37617,-1.7429,-5.1913
0.23706,-1.6937,-5.181
0.036633,-1.6454,-5.1609
-0.16642,-1.5995,-5.1311
-0.32534,-1.5483,-5.0924
-0.47566,-1.496,-5.0452
-0.5239,-1.4416,-4.9897
-0.53549,-1.3789,-4.9251
-0.5497,-1.3176,-4.8516
-0.53661,-1.2543,-4.7698
-0.55008,-1.1977,-4.6808
-0.54409,-1.1364,-4.5859
-0.57476,-1.0683,-4.4838
-0.59682,-1.0031,-4.3741
-0.62374,-0.93395,-4.2579
-0.68058,-0.87476,-4.1369
-0.66076,-0.79899,-4.0102
-0.66375,-0.73797,-3.877
-0.60056,-0.68959,-3.743
-0.50595,-0.58714,-3.6034
-0.49548,-0.50015,-3.4521
-0.4379,-0.45907,-3.2986
-0.42929,-0.38314,-3.1448
-0.43677,-0.28428,-2.9825
-0.38966,-0.21641,-2.8152
-0.36685,-0.11277,-2.6422
-0.30178,-0.012352,-2.4589
-0.20082,0.075041,-2.2699
-0.093498,0.16002,-2.0757
0.020553,0.24993,-1.8799
0.12376,0.36718,-1.6755
0.18957,0.42703,-1.4708
0.22921,0.57863,-1.2631
0.26025,0.64381,-1.0504
0.21089,0.76899,-0.84111
0.13423,0.86232,-0.61775
0.097584,0.92015,-0.40972
0.075522,1.1689,-0.17158
0.06393,0.50797,0.0040047
0.08861,-0.058649,0.00084787
0.14096,0.12122,-0.0089937
0.1892,0.025937,-0.00068554
0.21911,0.046297,-0.0068154
0.19518,0.044847,-0.00088425
0.16265,0.015083,-0.0048134
0.13049,0.039328,-0.0018478
0.092349,0.0081363,-0.0019977
0.071035,0.028478,-0.002204
0.013074,0.0093397,-0.00064805
-0.017589,0.013276,-0.0013117
-0.023198,0.0037612,7.5541e-05
-0.019458,0.0050696,-0.00031812
-0.002631,0.011514,0.0004992
0.0029781,0.0079451,0.00083662
0.011579,0.0047959,0.0014177
-0.042268,-0.004273,0.0014627
-0.06807,0.0074202,0.0020289
-0.025067,0.0078363,0.0032323
0.0018563,0.0047134,0.0039147
0.066922,0.0051258,0.0052269
0.17723,0.004226,0.0060967
0.24903,-0.00016779,0.006899
0.29876,0.0010656,0.0071915
0.33616,0.0044922,0.0082675
0.32494,-0.0037556,0.0085562
0.29615,0.0069178,0.0088823
0.2423,-0.0074409,0.010007
0.17499,-0.00065891,0.0092385
0.13236,8.4092e-06,0.011199
0.094967,-0.016472,0.0096847
0.071035,0.018768,0.011762
0.10058,-0.023697,0.011496
0.13872,0.022326,0.011357
0.15255,-0.02009,0.013771
0.18359,0.0028014,0.0098234
0.16003,0.0070116,0.017026
0.15704,-0.046284,0.0076001
0.12301,0.086071,0.019886
0.04112,-0.19806,0.0041471
0.03065,0.84976,0.04619
-0.00076128,2.2623,0.37133
0.13161,1.9603,0.75387
0.15255,1.9005,1.0775
0.16788,1.9575,1.4145
0.37542,1.8888,1.7163
0.22248,1.9758,2.0087
0.27072,1.9183,2.2814
0.41768,1.9988,2.5412
0.28904,2.0023,2.7933
0.42964,2.0039,3.0273
0.44123,2.0183,3.2488
0.39711,2.0396,3.456
0.5579,2.0766,3.6584
0.61773,2.0653,3.8481
0.67382,2.0649,4.0244
0.70897,2.0502,4.1865
0.66223,2.0396,4.333
0.56501,2.0127,4.4646
0.48162,1.9813,4.5788
0.40309,1.9541,4.6792
0.34214,1.9227,4.7659
0.31447,1.8999,4.8398
0.304,1.8661,4.9025
0.3814,1.8305,4.9527
0.41244,1.7875,4.9901
0.44684,1.7412,5.0142
0.48237,1.7006,5.0262
0.37206,1.6513,5.0281
0.2666,1.6004,5.0187
0.084871,1.5547,4.9991
-0.14435,1.507,4.9707
-0.29954,1.456,4.9329
-0.43528,1.4066,4.8867
-0.46931,1.3466,4.8324
-0.49548,1.2866,4.7686
-0.48651,1.2274,4.6956
-0.43341,1.1667,4.6144
-0.46033,1.1093,4.5268
-0.46295,1.0447,4.4333
-0.46856,0.98417,4.3324
-0.50595,0.91328,4.2232
-0.54522,0.8444,4.1067
-0.60243,0.78929,3.9858
-0.60243,0.71984,3.8593
-0.5871,0.66442,3.7284
-0.5598,0.60199,3.5969
-0.46893,0.50383,3.4557
-0.40723,0.43041,3.3045
-0.38741,0.38483,3.1546
-0.38367,0.30306,3.001
-0.39414,0.21982,2.8385
-0.39153,0.14378,2.673
-0.39788,0.037663,2.4995
-0.37806,-0.056433,2.3174
-0.30926,-0.14673,2.1283
-0.20568,-0.21342,1.9366
-0.067322,-0.33338,1.7412
0.04972,-0.41358,1.5374
0.13236,-0.51063,1.3363
0.17873,-0.63828,1.1263
0.21949,-0.6909,0.92065
0.1892,-0.86316,0.70494
0.10319,-0.84858,0.49097
0.073652,-1.0902,0.27688
0.024667,-0.97581,0.044432
0.039624,-0.10857,-0.034072
0.086366,-0.045606,-0.0060356
0.12077,-0.13039,-0.015911
0.22098,-0.023832,-0.012214
0.21874,-0.09068,-0.013268
0.20827,-0.029594,-0.014426
0.23781,-0.058206,-0.012585
0.18957,-0.041726,-0.015716
0.17574,-0.038989,-0.013137
0.14545,-0.049685,-0.015495
0.083375,-0.028334,-0.014992
0.039624,-0.038468,-0.015543
0.0067175,-0.028578,-0.015997
0.024293,-0.03136,-0.015903
0.030276,-0.030977,-0.016856
0.031397,-0.02974,-0.017279
0.019805,-0.029545,-0.017755
0.0011084,-0.029103,-0.017362
0.0074654,-0.028068,-0.018142
-0.012353,-0.030943,-0.019274
0.0011084,-0.027716,-0.020372
0.052712,-0.028885,-0.021407
0.10357,-0.032469,-0.022356
0.1634,-0.021357,-0.022914
0.19406,-0.026486,-0.023136
0.21089,-0.02009,-0.024294
0.23407,-0.023565,-0.023968
0.20266,-0.039495,-0.025014
0.17798,-0.013274,-0.025284
0.15891,-0.03266,-0.025565
0.089358,-0.015449,-0.026986
0.065426,-0.019396,-0.025498
0.054208,-0.025725,-0.028351
0.062434,-0.0062562,-0.025558
0.09048,-0.048654,-0.028876
0.13086,0.019511,-0.027301
0.16863,-0.066222,-0.027323
0.14919,0.021138,-0.03102
0.1634,-0.044339,-0.023259
0.12301,-0.019273,-0.037855
0.088984,0.052989,-0.011179
0.01831,-1.4625,-0.13767
0.038502,-2.2383,-0.52047
0.15554,-1.8235,-0.87705
0.056451,-1.9665,-1.2055
0.3025,-1.9068,-1.5336
0.47377,-1.9291,-1.8275
0.37617,-1.9615,-2.1162
0.65064,-1.9431,-2.3807
0.57697,-2.0177,-2.6398
0.45993,-2.0004,-2.8856
0.59829,-2.028,-3.1155
0.47115,-2.0278,-3.3324
0.52649,-2.0609,-3.5378
0.63119,-2.0744,-3.7369
0.62372,-2.0695,-3.9216
0.66934,-2.0714,-4.0934
0.64578,-2.0518,-4.2507
0.56202,-2.0349,-4.3925
0.46367,-2.0055,-4.5185
0.38776,-1.9839,-4.6297
0.30774,-1.9575,-4.7271
0.28979,-1.9243,-4.8103
0.27595,-1.9004,-4.8807
0.30138,-1.8707,-4.9396
0.37131,-1.8318,-4.9868
0.37505,-1.7886,-5.0213
0.44011,-1.7396,-5.0427
0.43787,-1.6971,-5.0522
0.3212,-1.6536,-5.0507
0.21201,-1.6009,-5.0385
0.009335,-1.5531,-5.0161
-0.18175,-1.5057,-4.9847
-0.30776,-1.4566,-4.9446
-0.44687,-1.4028,-4.8962
-0.50969,-1.3429,-4.8383
-0.51306,-1.284,-4.7716
-0.50707,-1.2242,-4.6967
-0.48576,-1.168,-4.6134
-0.47828,-1.1118,-4.5244
-0.46594,-1.0437,-4.4287
-0.4637,-0.97509,-4.3245
-0.48539,-0.91078,-4.2133
-0.50633,-0.85324,-4.0971
-0.52128,-0.78441,-3.9761
-0.48613,-0.71333,-3.8475
-0.45771,-0.66998,-3.7161
-0.43752,-0.58471,-3.5814
-0.37395,-0.48488,-3.435
-0.35488,-0.43825,-3.2838
-0.3317,-0.37673,-3.1337
-0.33431,-0.2837,-2.9763
-0.39377,-0.21107,-2.8124
-0.39078,-0.12224,-2.6443
-0.38554,-0.021931,-2.4659
-0.34965,0.073905,-2.2804
-0.25093,0.16196,-2.0887
-0.13725,0.24023,-1.8955
-0.014971,0.35994,-1.6944
0.087488,0.41554,-1.4905
0.1705,0.55421,-1.2868
0.2064,0.63942,-1.0753
0.21687,0.73489,-0.86903
0.17798,0.86297,-0.64815
0.11815,0.87261,-0.44016
0.074774,1.1604,-0.2096
0.012327,0.66222,-0.010062
0.017936,-0.048294,0.0074352
0.05159,0.10303,-0.010505
0.12152,0.053244,0.00099784
0.17088,0.030735,-0.0061706
0.14582,0.055006,-0.0010117
0.20229,0.0045297,-0.0034937
0.19406,0.041604,-0.0017503
0.14507,0.0052533,-0.00097423
0.16452,0.024996,-0.0023614
0.14171,0.013002,-0.0001944
0.11292,0.011177,-0.0011092
0.087862,0.017438,0.00045796
0.096463,0.0060143,0.00037922
0.10918,0.010971,0.00082162
0.094219,0.0065842,0.0012453
0.080383,0.003315,0.0019764
0.047477,0.00032333,0.0022088
0.019805,0.0079151,0.0020101
-0.037781,0.012568,0.0037835
-0.048999,0.0085861,0.0050357
0.011579,0.0051783,0.0058193
0.056451,0.0070565,0.0072364
0.08861,0.00058576,0.0077951
0.14096,0.0050096,0.0082675
0.20677,0.00012838,0.009051
0.21612,0.0015343,0.009066
0.22734,0.0042748,0.010419
0.21911,-0.0063387,0.0096884
0.17275,0.0078363,0.011158
0.14582,-0.016,0.011019
0.094593,0.01298,0.011282
0.064304,-0.014868,0.012905
0.055329,-0.0019373,0.010532
0.052338,0.0019916,0.015098
0.097211,-0.024833,0.010048
0.12862,0.036475,0.016126
0.14919,-0.075245,0.011544
0.1376,0.092946,0.014202
0.10805,-0.15081,0.016636
0.11778,0.33767,0.0069028
0.057199,2.0299,0.24787
0.16901,2.1276,0.64912
0.25015,1.8492,0.98262
0.17125,1.9948,1.323
0.38589,1.8885,1.6399
0.35822,1.9759,1.936
0.27857,1.941,2.2214
0.48461,1.98,2.4858
0.4102,2.0099,2.745
0.44198,2.0176,2.9876
0.51004,2.0488,3.2227
0.45619,2.0301,3.4395
0.56463,2.0637,3.6438
0.59829,2.0701,3.8413
0.63381,2.0907,4.0277
0.66784,2.0915,4.2025
0.64877,2.074,4.3619
0.60539,2.0585,4.508
0.52911,2.0308,4.6381
0.46965,2.0053,4.7525
0.41431,1.9716,4.8521
0.39599,1.9436,4.9367
0.34027,1.9158,5.0095
0.37991,1.8808,5.0705
0.44871,1.8517,5.1192
0.42702,1.8135,5.156
0.46068,1.7605,5.1793
0.38589,1.7173,5.1912
0.25165,1.6695,5.1919
0.11965,1.6202,5.1815
-0.05947,1.5774,5.1614
-0.20493,1.5228,5.1315
-0.37246,1.4732,5.0924
-0.45173,1.4271,5.0451
-0.47678,1.3695,4.9898
-0.49997,1.3016,4.9253
-0.45697,1.2383,4.8515
-0.46295,1.1817,4.7698
-0.47267,1.1225,4.6804
-0.46145,1.0664,4.5851
-0.46968,1.0058,4.4837
-0.49586,0.93396,4.3741
-0.55382,0.85974,4.2562
-0.55905,0.80244,4.1331
-0.54858,0.73771,4.0059
-0.55793,0.6799,3.8733
-0.48539,0.63399,3.7399
-0.40761,0.53558,3.5999
-0.39826,0.45071,3.4482
-0.36685,0.40907,3.2951
-0.36572,0.32981,3.1411
-0.40162,0.24073,2.9786
-0.38367,0.17715,2.8114
-0.35152,0.071446,2.6393
-0.30141,-0.0255,2.4563
-0.23896,-0.10934,2.2684
-0.15146,-0.19625,2.0748
-0.052365,-0.28033,1.8789
0.03065,-0.39738,1.6751
0.10955,-0.45176,1.4693
0.13685,-0.59986,1.2617
0.14021,-0.67292,1.0481
0.08861,-0.77889,0.83919
-0.0097358,-0.88664,0.61606
-0.025067,-0.91502,0.40734
-0.036659,-1.1921,0.17205
-0.036285,-0.60818,-0.017099
0.061312,0.035058,-0.024058
0.13348,-0.13936,-0.0099385
0.19294,-0.061153,-0.019926
0.20565,-0.060234,-0.012732
0.15816,-0.072542,-0.018389
0.16265,-0.037223,-0.01506
0.13236,-0.069112,-0.017186
0.10132,-0.026107,-0.017452
0.098332,-0.05274,-0.016751
0.036633,-0.036653,-0.018453
0.02504,-0.03407,-0.017279
0.055703,-0.036563,-0.018959
0.059069,-0.030509,-0.018599
0.061686,-0.036091,-0.019188
0.068043,-0.037343,-0.019668
0.060939,-0.036687,-0.020035
0.010831,-0.024326,-0.020327
-0.00076128,-0.031701,-0.020627
0.011953,-0.032687,-0.022288
0.018684,-0.027948,-0.023301
0.071783,-0.031108,-0.024272
0.15143,-0.026625,-0.025453
0.2165,-0.023044,-0.025749
0.25165,-0.026508,-0.026798
0.27932,-0.018433,-0.02699
0.26361,-0.028724,-0.02735
0.22248,-0.019745,-0.028339
0.19182,-0.025961,-0.027732
0.11404,-0.02547,-0.029697
0.05346,-0.010575,-0.028197
0.02878,-0.038741,-0.03027
0.025414,0.0045372,-0.029625
0.05346,-0.045621,-0.029775
0.072531,-0.00083512,-0.032104
0.12675,-0.029927,-0.027972
0.1548,-0.025129,-0.035369
0.17125,0.018116,-0.025715
0.14994,-0.11273,-0.038466
0.11778,0.1759,-0.022502
0.032519,-0.88825,-0.065149
-0.037781,-2.2291,-0.39432
0.13236,-1.9195,-0.78157
0.077018,-1.9151,-1.11
0.18995,-1.9666,-1.4506
0.51153,-1.9023,-1.7545
0.40496,-1.9879,-2.0494
0.57884,-1.9415,-2.3255
0.65288,-2.0107,-2.5883
0.40982,-2.0094,-2.8422
0.53547,-2.0528,-3.0817
0.51976,-2.0521,-3.3121
0.46778,-2.0421,-3.5229
0.59492,-2.0845,-3.7259
0.61063,-2.0874,-3.9197
0.63942,-2.0985,-4.1023
0.67457,-2.0864,-4.2718
0.62334,-2.0817,-4.4265
0.5493,-2.062,-4.5678
0.49957,-2.0307,-4.6923
0.39748,-2.0118,-4.8021
0.35485,-1.9828,-4.8984
0.31036,-1.9492,-4.9804
0.28755,-1.9204,-5.0496
0.39187,-1.8924,-5.1074
0.41768,-1.8539,-5.1533
0.4633,-1.8091,-5.186
0.479,-1.7635,-5.2063
0.38813,-1.7188,-5.215
0.29652,-1.6733,-5.2124
0.12152,-1.6254,-5.1993
-0.070688,-1.5766,-5.1765
-0.22101,-1.5254,-5.1438
-0.36273,-1.4743,-5.1023
-0.43416,-1.4218,-5.0528
-0.4536,-1.3641,-4.9939
-0.45846,-1.3052,-4.9264
-0.44463,-1.2436,-4.8505
-0.43976,-1.1822,-4.7664
-0.44163,-1.1332,-4.6763
-0.45248,-1.0703,-4.5802
-0.45173,-0.99579,-4.4758
-0.47566,-0.93313,-4.3639
-0.52727,-0.87132,-4.2462
-0.50483,-0.80373,-4.1238
-0.48875,-0.73128,-3.9943
-0.47454,-0.68311,-3.8606
-0.40237,-0.61746,-3.7261
-0.37021,-0.51737,-3.5811
-0.35114,-0.45489,-3.4272
-0.34778,-0.4076,-3.2746
-0.39153,-0.31865,-3.1183
-0.39227,-0.23396,-2.953
-0.3747,-0.16359,-2.7843
-0.3732,-0.050258,-2.6075
-0.3231,0.039122,-2.4207
-0.21503,0.13354,-2.229
-0.11481,0.20727,-2.0329
-0.025067,0.30599,-1.834
0.097211,0.40462,-1.6265
0.16302,0.4749,-1.4219
0.17424,0.62899,-1.2098
0.17499,0.66855,-0.99797
0.098706,0.83353,-0.78316
0.035511,0.86605,-0.56065
0.028032,1.013,-0.34865
-0.011605,1.0991,-0.10629
0.0055957,0.24883,0.017142
0.083749,-0.033553,-0.0075165
0.15517,0.13022,-0.0037299
0.18733,0.00048453,-0.0020052
0.18509,0.069159,-0.0048546
0.20079,0.02197,-0.00079427
0.17312,0.026964,-0.0042248
0.13086,0.032287,-0.00026938
0.11329,0.0083837,-0.0024214
0.10245,0.028257,-0.00080176
0.074026,0.0040798,-0.00046059
0.066548,0.016305,-0.00048683
0.093845,0.00814,0.00073539
0.10319,0.0086236,9.0537e-05
0.13311,0.0063105,0.0012003
0.12451,0.0043385,0.0016239
0.0658,0.0087998,0.0021301
0.011205,0.0016242,0.0023063
-0.021328,0.0074502,0.0030711
0.0052217,0.0095421,0.0041884
0.025788,0.0074839,0.0052906
0.057199,0.0089648,0.0063629
0.14694,0.0040686,0.0074502
0.21425,-0.0048278,0.0078476
0.23519,0.00013588,0.00805
0.2494,-0.0020198,0.0091935
0.23557,-0.002106,0.0089723
0.19219,0.0037349,0.010322
0.14096,-0.0089817,0.010172
0.077392,0.0078026,0.011151
0.056451,-0.011449,0.011593
0.032145,0.0067904,0.010866
0.023545,-0.0058026,0.013565
0.094593,-0.0051352,0.010592
0.12563,0.012691,0.014877
0.16527,-0.034842,0.011222
0.18209,0.048918,0.014641
0.14956,-0.068449,0.013636
0.13909,0.070771,0.011166
0.062434,-0.087887,0.020838
0.043363,0.11507,-0.001964
0.0011084,1.8092,0.18599
0.052338,2.1979,0.58276
0.18883,1.8168,0.92296
0.12713,1.9671,1.2574
0.29727,1.8619,1.5795
0.34326,1.9365,1.8733
0.23594,1.9232,2.1599
0.44497,1.9365,2.4231
0.37467,1.9791,2.6824
0.36607,1.9737,2.9259
0.51266,2.007,3.156
0.39711,1.987,3.3709
0.46517,2.0385,3.5762
0.57922,2.0182,3.7746
0.61175,2.0177,3.9584
0.66036,2.0353,4.1299
0.61923,2.0067,4.2857
0.5306,1.9944,4.427
0.43076,1.9531,4.5525
0.34924,1.9277,4.6616
0.27334,1.905,4.7572
0.25239,1.8761,4.8394
0.25389,1.853,4.9091
0.29241,1.8129,4.967
0.37206,1.7711,5.0126
0.40459,1.7279,5.0454
0.44871,1.6829,5.0655
0.43151,1.6358,5.0737
0.3197,1.5943,5.0713
0.15293,1.5441,5.0591
-0.043016,1.4955,5.0363
-0.21914,1.4515,5.0039
-0.38891,1.3925,4.9634
-0.45472,1.3437,4.9143
-0.46594,1.2835,4.856
-0.46856,1.2212,4.7883
-0.4192,1.1664,4.7122
-0.40088,1.1059,4.6283
-0.40948,1.0555,4.5379
-0.40611,0.99347,4.4422
-0.41995,0.9237,4.3389
-0.47865,0.84957,4.2266
-0.5254,0.78745,4.1076
-0.52839,0.7251,3.9842
-0.52652,0.65463,3.8548
-0.49959,0.6203,3.7238
-0.43827,0.54099,3.589
-0.37844,0.43352,3.4419
-0.33656,0.38949,3.2908
-0.32871,0.32804,3.1401
-0.36722,0.23372,2.9813
-0.3904,0.17437,2.8167
-0.38592,0.083551,2.6485
-0.40461,-0.018669,2.4697
-0.36124,-0.096476,2.2848
-0.26626,-0.18907,2.0942
-0.15408,-0.26901,1.9014
-0.035911,-0.38513,1.7014
0.072157,-0.44401,1.4968
0.14657,-0.57319,1.2925
0.1361,-0.66749,1.0796
0.15891,-0.74878,0.87275
0.093845,-0.88676,0.652
0.0074654,-0.88454,0.44199
-0.0033789,-1.1706,0.21445
-0.059844,-0.75939,0.0039934
0.0014823,0.0024865,-0.026544
0.053086,-0.10651,-0.0045884
0.12825,-0.085964,-0.016368
0.21874,-0.044095,-0.0094661
0.18284,-0.082953,-0.013943
0.23632,-0.029598,-0.012357
0.22024,-0.063609,-0.012844
0.16228,-0.029822,-0.013901
0.15966,-0.045827,-0.01263
0.11142,-0.037752,-0.014805
0.10394,-0.032214,-0.013766
0.072531,-0.038828,-0.015454
0.08861,-0.030066,-0.015037
0.11778,-0.037875,-0.015266
0.10095,-0.029841,-0.015915
0.11292,-0.028072,-0.016151
0.068417,-0.024491,-0.016582
0.036259,-0.027251,-0.016612
0.023919,-0.032394,-0.017699
0.019431,-0.030925,-0.018685
0.035511,-0.027277,-0.019851
0.077392,-0.022999,-0.02074
0.14769,-0.025129,-0.021685
0.1791,-0.02544,-0.02212
0.21799,-0.027502,-0.022802
0.23295,-0.021721,-0.023417
0.21089,-0.027123,-0.02336
0.16901,-0.019749,-0.024564
0.10058,-0.018238,-0.024043
0.045981,-0.028814,-0.025906
0.017936,-0.0079058,-0.024984
-0.0093619,-0.040233,-0.026
-0.0071182,-0.0046141,-0.026607
0.030276,-0.034081,-0.024935
0.081131,-0.011092,-0.028943
0.1548,-0.0068035,-0.023927
0.15405,-0.047372,-0.030971
0.17088,0.042237,-0.023754
0.13797,-0.11954,-0.031031
0.10132,0.16243,-0.025734
0.069539,-0.56853,-0.034488
-0.047877,-2.1204,-0.31507
0.12039,-1.9993,-0.71152
0.10619,-1.8459,-1.0385
0.12226,-1.9689,-1.3765
0.48798,-1.8681,-1.6847
0.4087,-1.9574,-1.9774
0.49433,-1.9137,-2.2556
0.6368,-1.9689,-2.5163
0.41281,-1.9892,-2.7727
0.52612,-1.9915,-3.0108
0.51303,-2.003,-3.2366
0.41506,-2.0089,-3.4473
0.57623,-2.047,-3.6518
0.61998,-2.0401,-3.8458
0.65027,-2.0424,-4.0254
0.6641,-2.0299,-4.1919
0.6039,-2.0133,-4.3431
0.50667,-1.9846,-4.4792
0.40982,-1.9596,-4.599
0.31783,-1.9395,-4.7054
0.26212,-1.9049,-4.7978
0.22323,-1.8767,-4.8765
0.2064,-1.8482,-4.9434
0.29315,-1.8133,-4.9981
0.30886,-1.7719,-5.0402
0.36645,-1.7304,-5.0693
0.41581,-1.6832,-5.0858
0.32045,-1.6363,-5.0912
0.24417,-1.593,-5.0858
0.10245,-1.5424,-5.0704
-0.077045,-1.4944,-5.0451
-0.23073,-1.4465,-5.0107
-0.36124,-1.3996,-4.9675
-0.42855,-1.3421,-4.9155
-0.46295,-1.2761,-4.8541
-0.445,-1.2224,-4.7839
-0.41097,-1.1603,-4.7052
-0.40237,-1.1049,-4.6197
-0.39527,-1.0512,-4.5289
-0.37919,-0.97942,-4.4302
-0.39452,-0.91452,-4.3232
-0.43976,-0.85386,-4.2102
-0.4723,-0.79474,-4.0924
-0.46931,-0.71811,-3.9679
-0.4435,-0.66359,-3.8373
-0.42294,-0.61955,-3.7065
-0.33918,-0.51439,-3.5679
-0.2771,-0.43327,-3.4174
-0.2857,-0.39472,-3.2661
-0.26289,-0.32007,-3.1136
-0.29206,-0.22845,-2.9521
-0.3403,-0.15603,-2.786
-0.34591,-0.05499,-2.6133
-0.34217,0.036644,-2.4302
-0.28159,0.12341,-2.2417
-0.18623,0.20416,-2.0486
-0.071436,0.29256,-1.8533
0.040372,0.39249,-1.649
0.14246,0.45696,-1.4461
0.18471,0.60853,-1.2379
0.18434,0.66014,-1.0266
0.19294,0.79988,-0.81637
0.10506,0.85955,-0.59333
0.03738,0.95634,-0.38467
0.00073447,1.1537,-0.14382
-0.042642,0.40014,0.012182
0.017936,-0.052309,-0.001934
0.084871,0.12934,-0.0060019
0.15554,0.013966,8.3039e-05
0.18135,0.057188,-0.0053907
0.18733,0.03291,0.0002555
0.20453,0.018652,-0.0035124
0.16302,0.034383,-0.00012317
0.16714,0.0069366,-0.0012104
0.14582,0.0281,-0.00067054
0.10918,0.0019129,0.00034173
0.09908,0.014543,-0.00026563
0.079261,0.0084624,0.0011553
0.11366,0.011889,0.00067916
0.12451,0.011597,0.0017064
0.11927,0.0050471,0.0019839
0.13273,0.0076751,0.0025687
0.10469,0.0035437,0.0028424
0.05346,0.0091935,0.0031649
0.014196,-0.0053714,0.0040347
0.013074,-0.00010406,0.0040909
0.041868,0.006198,0.004642
0.096837,-0.0019148,0.0051819
0.14283,0.002524,0.0050132
0.18322,-0.0066986,0.0050507
0.22211,-0.0077258,0.0053169
0.21612,-0.0022785,0.0051594
0.20304,-0.0071597,0.0050019
0.17387,-0.0060387,0.0052081
0.11142,-0.005109,0.0052756
0.053834,-0.0059675,0.0052419
0.02878,-0.0051315,0.0052156
0.0044739,-0.0063799,0.0052119
0.0044739,-0.012468,0.0052644
0.054582,-0.018317,0.0052156
0.094593,-0.013878,0.0052419
