0.047103,-0.0237,0.00075789
0.05159,-0.033005,0.00081038
0.064304,-0.019925,0.00086661
0.062434,-0.015831,0.001429
0.052338,-0.017601,0.0020214
0.058321,-0.015516,0.0021038
0.054582,-0.028023,0.00246
0.054956,-0.022186,0.0024713
0.058695,-0.019756,0.0029811
0.051964,-0.026186,0.0030674
0.050094,-0.0099377,0.0034535
0.038128,-0.026081,0.0034835
0.064678,-0.012704,0.0032848
0.066922,-0.022696,0.0042334
0.038502,-0.020525,0.0029174
0.058321,0.012819,0.0048257
0.04972,-0.049531,0.0029774
0.044485,-0.025084,0.0038322
0.048599,-0.053153,0.0041134
0.042989,0.043268,0.0028687
0.047851,-0.036882,0.0061342
0.047851,-0.044699,-0.00011192
0.059069,0.00056701,0.0094597
0.040746,-0.23009,-0.006478
0.061686,1.4714,0.050142
0.12713,3.058,0.26552
0.20117,2.721,0.46118
0.36345,2.7556,0.62782
0.37804,2.7636,0.79107
0.35298,2.6596,0.92257
0.50592,2.6357,1.0511
0.55902,2.514,1.1562
0.60165,2.4852,1.2465
0.53734,2.3769,1.3262
0.32868,2.3269,1.394
0.17873,2.2497,1.4512
0.075148,2.1761,1.4937
-0.0018831,2.1291,1.5275
-0.070314,2.0695,1.5502
0.014944,2.0037,1.5645
-0.16081,1.9221,1.5696
-0.30253,1.8603,1.5646
-0.2154,1.7853,1.5501
-0.24382,1.7141,1.5263
0.0074654,1.6316,1.4958
0.043363,1.5355,1.4566
-0.093124,1.4417,1.4096
-0.063209,1.3376,1.3563
-0.1178,1.2431,1.2973
-0.087141,1.1276,1.2331
-0.046382,1.0111,1.1622
-0.01871,0.9134,1.0887
-0.11257,0.79015,1.0128
-0.26177,0.6423,0.92852
-0.38517,0.51051,0.83652
-0.54596,0.40502,0.74742
-0.54559,0.22904,0.6508
-0.55307,0.12379,0.54901
-0.52166,-0.039697,0.44753
-0.39564,-0.21103,0.33148
-0.31524,-0.33363,0.21785
-0.2154,-0.60777,0.085418
-0.036659,-0.30884,-0.0052333
0.15442,0.043778,0.001444
0.2337,-0.06846,0.0056206
0.38028,-0.021031,0.0016389
0.40122,-0.026362,0.0053394
0.28231,-0.027963,0.0022576
0.23519,-0.0088168,0.0042259
0.091975,-0.027903,0.0026625
0.052712,-0.0080482,0.003476
0.085245,-0.021976,0.0032736
0.073278,-0.010215,0.0026287
0.10207,-0.015149,0.0032323
0.089358,-0.013034,0.0021488
0.12339,-0.0096753,0.0024
0.18359,-0.013391,0.0021488
0.2337,-0.0091542,0.0020813
0.30475,-0.012082,0.0019126
0.33092,-0.0093004,0.0016839
0.33541,-0.01065,0.001579
0.29989,-0.010241,0.0012865
0.25277,-0.010223,0.0010991
0.20864,-0.013717,0.0009341
0.17761,-0.014527,0.00064541
0.20341,-0.0093941,0.00064541
0.15928,-0.0066311,0.0007129
0.066922,-0.0093229,0.00035298
-0.013849,-0.0081119,0.00051044
-0.12902,-0.0069198,0.00081038
-0.20306,-0.0095253,0.00048795
-0.19184,-0.009634,0.00047295
-0.15595,-0.0041492,0.00086287
-0.13538,-0.0063387,0.00060042
-0.085645,-0.0081269,0.0004842
-0.044512,-0.0043967,0.00099034
-0.024693,-0.007752,0.00088536
0.0127,-0.0067361,0.0006904
0.053834,-0.0055926,0.00080288
0.077018,-0.0059038,0.00057043
0.043363,-0.0033694,0.00063792
-1.3407e-05,-0.0062749,0.00079538
-0.068818,-0.0066086,0.00056668
-0.11182,-0.0044529,0.0007279
-0.089011,-0.0048278,0.0009341
-0.047504,-0.005139,0.00083662
0.036633,-0.0069947,0.00075039
0.079261,-0.0032157,0.0007279
0.14059,-0.0039468,0.0007279
0.1791,-0.011021,0.0004617
0.17499,-0.0064061,-8.1924e-05
0.21612,-0.0087268,-0.00051683
0.21612,-0.0075571,-0.0010042
0.22734,-0.0047791,-0.0012592
0.20117,-0.012018,-0.0015403
0.17162,-0.0012775,-0.0019415
0.14956,-0.021312,-0.0017016
0.11553,-0.022853,-0.0024701
0.13236,0.0035475,-0.0019715
0.12152,-0.02084,-0.0029425
0.1533,0.0020516,-0.0027626
0.13872,-0.016176,-0.0020015
0.085618,-0.0055964,-0.0037261
0.080383,-0.0036656,-0.0012329
0.034763,-0.020656,-0.0040485
0.028032,0.020249,-0.001008
0.051964,-0.046367,-0.0040223
0.059069,0.046481,-0.002144
0.047851,-0.071718,-0.00094423
0.03738,0.067865,-0.006628
0.019805,-0.1325,0.0084137
-0.011232,-1.518,-0.13466
0.015318,-1.8421,-0.40804
0.017936,-1.6143,-0.62407
0.037006,-1.7693,-0.83041
0.093097,-1.7065,-1.0153
0.1361,-1.8084,-1.1745
0.21687,-1.8166,-1.3215
0.26586,-1.8277,-1.4387
0.33279,-1.8731,-1.5423
0.35298,-1.8818,-1.6284
0.3642,-1.919,-1.7017
0.40833,-1.909,-1.7583
0.34999,-1.9245,-1.8
0.36345,-1.9121,-1.8298
0.35897,-1.9066,-1.8467
0.26548,-1.8936,-1.855
0.21612,-1.8557,-1.8519
0.15741,-1.8197,-1.8376
0.097584,-1.7687,-1.8126
0.049346,-1.7109,-1.7784
-0.017589,-1.6431,-1.7378
-0.042642,-1.5634,-1.6892
-0.049747,-1.4795,-1.633
-0.079662,-1.386,-1.5706
-0.06807,-1.2988,-1.5011
-0.054982,-1.1953,-1.4272
-0.076297,-1.0791,-1.3464
-0.091254,-0.99884,-1.2642
-0.11332,-0.85633,-1.179
-0.18586,-0.71448,-1.0828
-0.2255,-0.59891,-0.98464
-0.27448,-0.4693,-0.88477
-0.31936,-0.32682,-0.78067
-0.31973,-0.17923,-0.66887
-0.32796,-0.060197,-0.55824
-0.31038,0.16812,-0.434
-0.30739,0.25868,-0.3056
-0.22101,0.49577,-0.17754
-0.15707,0.59506,-0.036554
-0.11182,0.077647,0.011454
-0.05947,-0.020251,-0.0069167
-0.058722,0.059666,-0.00084301
0.039624,-0.013244,-0.0031637
0.003726,0.035062,-0.0026276
0.013822,0.00087068,-0.0017166
0.096837,0.0097221,-0.0032837
0.073278,0.0038361,-0.0012704
0.14545,0.002689,-0.0028601
0.13124,0.0083912,-0.0015216
0.12526,-0.0014012,-0.0019453
0.17013,0.0084137,-0.0015703
0.19144,-0.00058393,-0.0011279
0.22098,0.0052158,-0.0013229
0.22921,-0.0034632,-0.00077177
0.28605,-0.0020311,-0.00083926
0.28007,0.0031801,-0.00038936
0.28455,-0.0018024,-0.00035561
0.30886,-0.00092135,-9.3172e-05
0.29951,-0.00608,0.00030049
0.31185,-0.00066266,0.0002705
0.30774,-0.0022372,0.00081413
0.27633,-0.0081044,0.00079913
0.20229,0.0010506,0.00066041
0.15554,-0.0032495,0.001219
0.10095,-0.0055214,0.00060792
0.040746,-0.0016599,0.00055918
-0.008614,-0.0076808,0.0010916
-0.066948,-0.0057538,0.00053294
-0.088263,-0.0024997,0.00078413
-0.11893,-0.0043442,0.00096784
-0.12678,-0.0071597,0.00058918
-0.13164,-0.0063724,0.00067166
-0.13762,-0.0040105,0.00091535
-0.11519,-0.0016337,0.0016127
-0.11743,-0.0015287,0.0020851
-0.13127,-0.00074889,0.00255
-0.13426,0.00032333,0.0034348
-0.15557,-0.0058138,0.003506
-0.16417,0.0019204,0.0041921
-0.11444,-0.0046329,0.0044996
-0.093872,0.0015717,0.0044996
-0.08041,-0.0015812,0.005748
-0.040399,-0.0091129,0.0048445
-0.011232,0.0058531,0.0064866
0.047103,-0.017994,0.0055568
0.091601,0.010611,0.0063554
0.11105,-0.022186,0.0070452
0.16863,0.012871,0.0052381
0.21351,-0.008037,0.0089236
0.21724,-0.018467,0.0040534
0.22659,0.03183,0.010348
0.24118,-0.068932,0.0036672
0.24604,0.10332,0.0098421
0.25726,-0.18578,0.0054368
0.2681,0.53538,0.011072
0.28044,2.2344,0.26504
0.37019,2.2807,0.62541
0.37542,2.2338,0.91734
0.42216,2.454,1.2134
0.5336,2.4503,1.4715
0.60651,2.6633,1.7086
0.72057,2.7028,1.9328
0.75497,2.7656,2.1392
1.0276,2.7902,2.3361
1.0081,2.8218,2.5119
0.96138,2.9052,2.6741
1.2366,2.9742,2.8156
1.1061,2.9753,2.9421
1.068,2.9668,3.051
0.70486,2.9792,3.1435
0.097584,2.8918,3.2255
0.258,2.823,3.2963
0.17723,2.7383,3.3575
-0.43266,2.6603,3.4065
-0.44575,2.6081,3.4428
-0.49399,2.5219,3.4675
-0.60467,2.4582,3.4821
-0.3388,2.3917,3.4878
-0.24644,2.3082,3.4831
-0.10771,2.2296,3.4695
0.013074,2.1605,3.4481
-0.00038735,2.0701,3.4186
-0.18324,1.9801,3.382
-0.47043,1.9017,3.3378
-0.47566,1.8035,3.2847
-0.3934,1.7291,3.2234
-0.4637,1.6416,3.1556
-0.5871,1.5459,3.0815
-0.81819,1.4609,2.9996
-0.83352,1.3666,2.9113
-0.8309,1.2799,2.8183
-0.88737,1.1802,2.7199
-0.67086,1.0758,2.615
-0.78678,0.99486,2.5048
-0.89933,0.91825,2.3962
-0.73293,0.79483,2.2816
-0.53587,0.68444,2.1558
-0.32758,0.60037,2.0285
-0.010858,0.49623,1.8987
0.27932,0.37446,1.7621
0.21425,0.2748,1.6203
0.28979,0.14674,1.4756
0.16228,-0.0005427,1.3179
-0.072931,-0.083358,1.1578
-0.01871,-0.2434,0.99327
-0.11444,-0.32919,0.82396
-0.18137,-0.48754,0.65498
-0.1552,-0.59713,0.476
-0.036659,-0.71068,0.30765
0.084123,-0.9504,0.11223
0.30849,-0.37466,-0.016777
0.59305,0.048314,-0.0062531
0.66298,-0.1126,-0.002024
0.77404,-0.024551,-0.0072653
0.70112,-0.050742,-0.0025526
0.47638,-0.042948,-0.0066992
0.35672,-0.026748,-0.0037261
0.18247,-0.044245,-0.0066505
0.13872,-0.01702,-0.0055407
0.17162,-0.038291,-0.0058144
0.13834,-0.020607,-0.0067404
0.10506,-0.027611,-0.0062006
0.067295,-0.024008,-0.0073103
-0.010858,-0.020322,-0.0069279
-0.069566,-0.024915,-0.0078914
-0.046008,-0.018455,-0.0076702
-0.091628,-0.02129,-0.0081089
-0.11668,-0.01967,-0.0085925
-0.095742,-0.020615,-0.0084651
-0.10472,-0.023198,-0.0093724
-0.054608,-0.017473,-0.0095898
0.063556,-0.01525,-0.0095973
0.15368,-0.019438,-0.010205
0.18546,-0.014144,-0.010587
0.16564,-0.014478,-0.010178
0.019805,-0.020203,-0.010182
-0.13538,-0.014999,-0.010508
-0.25766,-0.011722,-0.0099385
-0.35114,-0.013496,-0.0098972
-0.31861,-0.014512,-0.010482
-0.23559,-0.014811,-0.011112
-0.13164,-0.01161,-0.011753
-0.0056225,-0.016828,-0.012375
0.11366,-0.014973,-0.012994
0.22472,-0.013544,-0.013178
0.32643,-0.020604,-0.014314
0.37505,-0.007081,-0.01422
0.32045,-0.015932,-0.014835
0.23332,-0.0096116,-0.015566
0.092723,-0.015572,-0.014899
-0.026189,-0.01107,-0.016668
-0.038155,-0.0043217,-0.015127
-0.037407,-0.02418,-0.017474
-0.008614,0.010757,-0.015926
0.03925,-0.038775,-0.016946
0.087862,0.013812,-0.017879
0.11067,-0.03401,-0.014891
0.083749,-0.0020273,-0.021089
0.082627,0.0048559,-0.011971
0.092723,-0.073941,-0.025246
0.12376,0.16038,-0.0049371
0.075148,-1.0647,-0.070341
0.049346,-2.2412,-0.40031
0.18509,-1.883,-0.75324
0.19256,-1.9069,-1.0598
0.3556,-1.8998,-1.3695
0.62633,-1.8666,-1.6374
0.63082,-1.9643,-1.8998
0.70224,-1.9446,-2.1431
0.65513,-2.0173,-2.3738
0.46591,-2.0059,-2.59
0.39973,-2.0416,-2.7869
0.28119,-2.0513,-2.9706
0.22734,-2.0582,-3.1347
0.31821,-2.0724,-3.2853
0.51378,-2.0601,-3.4169
0.64054,-2.0726,-3.5327
0.61474,-2.0664,-3.6347
0.69476,-2.0679,-3.7216
0.62932,-2.0617,-3.7947
0.50892,-2.0476,-3.8524
0.43488,-2.0322,-3.8957
0.14208,-2.0064,-3.9257
0.0048478,-1.979,-3.9433
-0.055356,-1.9365,-3.9507
-0.16268,-1.8879,-3.9479
-0.12603,-1.8423,-3.9343
-0.086393,-1.7919,-3.9109
0.0085872,-1.7511,-3.8788
0.10805,-1.6937,-3.8382
0.010831,-1.6248,-3.7889
-0.10247,-1.5622,-3.7306
-0.22101,-1.4912,-3.6636
-0.36012,-1.4259,-3.5896
-0.38779,-1.3484,-3.5097
-0.4177,-1.27,-3.4224
-0.36311,-1.1926,-3.3289
-0.30963,-1.1106,-3.2292
-0.2614,-1.0305,-3.1241
-0.1724,-0.93939,-3.0124
-0.20718,-0.8726,-2.8957
-0.23447,-0.79404,-2.7785
-0.29729,-0.67725,-2.6522
-0.39975,-0.59795,-2.517
-0.51193,-0.53516,-2.3836
-0.60617,-0.41968,-2.2435
-0.62337,-0.33007,-2.0966
-0.55045,-0.22502,-1.9479
-0.35413,-0.095096,-1.7879
-0.20531,0.013115,-1.6213
-0.072557,0.13314,-1.4475
0.047477,0.21551,-1.2729
0.10506,0.36181,-1.0921
0.11479,0.43119,-0.90829
0.098706,0.58367,-0.72602
0.078888,0.68462,-0.53146
0.035885,0.7829,-0.35007
0.052338,1.0225,-0.13954
0.093845,0.39848,0.0047508
0.17574,-0.069063,-0.0045622
0.25202,0.10546,-0.010287
0.36645,0.013104,-0.0038648
0.45993,0.038826,-0.0090424
0.41768,0.029209,-0.0042173
0.40945,0.0088598,-0.0074228
0.31409,0.028835,-0.0042622
0.19144,-0.0015924,-0.005237
0.15106,0.018581,-0.0050346
0.099454,0.00043955,-0.0037561
0.10132,0.013092,-0.0046597
0.11778,0.0088373,-0.00328
0.13086,0.0028202,-0.0035162
0.14881,0.0087324,-0.0028488
0.14246,0.0044735,-0.0026576
0.088236,0.0057519,-0.0022677
0.034763,0.0049309,-0.0018328
-0.0089879,0.0062355,-0.0012292
-0.10472,-0.0033057,-0.00090674
-0.16081,-0.00061768,-0.00097048
-0.15408,0.0069066,0.00070915
-0.15295,0.0012606,0.0019726
-0.1193,0.0035775,0.0022313
-0.047877,0.0036562,0.003416
-0.019458,-0.0025597,0.0036635
0.0070914,0.0035175,0.0040796
-0.0052485,-0.0064024,0.0047695
-0.08041,0.0039524,0.0050019
-0.11219,0.00073572,0.0061454
-0.15969,-0.0029796,0.0053281
-0.2068,0.0096134,0.0073189
-0.16903,-0.016097,0.0064379
-0.11033,0.018787,0.0075514
-0.057974,-0.020139,0.0081213
0.033641,0.010112,0.0064229
0.11965,-0.008753,0.010528
0.17723,-0.010946,0.0055306
0.20528,0.031013,0.012695
0.22547,-0.064782,0.0052869
0.20977,0.10691,0.012973
0.14919,-0.1909,0.006989
0.15592,0.58424,0.016512
0.15592,2.2434,0.29958
0.26548,2.1161,0.69539
0.35859,1.9255,1.0257
0.41207,2.0466,1.37
0.6368,1.9525,1.6816
0.60502,2.0686,1.979
0.57623,2.0431,2.2622
0.62858,2.1136,2.5266
0.45918,2.1397,2.7836
0.48611,2.1897,3.0224
0.5493,2.2525,3.2561
0.50817,2.2395,3.4713
0.55117,2.2926,3.6707
0.65662,2.3388,3.8599
0.75123,2.3899,4.0388
0.76058,2.4204,4.2064
0.84845,2.4314,4.357
0.83275,2.4504,4.4931
0.69364,2.4637,4.6141
0.58296,2.4669,4.7195
0.41468,2.4584,4.8085
0.29091,2.445,4.8813
0.19518,2.4389,4.9425
0.14956,2.4153,4.9922
0.085618,2.3845,5.0296
0.048599,2.3485,5.0553
0.01644,2.2844,5.0678
-0.084523,2.2396,5.0677
-0.14286,2.2003,5.0577
-0.26364,2.1398,5.0372
-0.37395,2.0802,5.007
-0.50446,2.0177,4.9683
-0.57887,1.9522,4.9211
-0.53736,1.8918,4.8663
-0.49025,1.8332,4.8037
-0.38143,1.7631,4.7331
-0.28682,1.6871,4.6548
-0.24008,1.6115,4.5686
-0.24831,1.5264,4.4743
-0.21578,1.4539,4.3751
-0.24494,1.3921,4.2716
-0.33544,1.3134,4.1604
-0.38517,1.2259,4.0426
-0.49025,1.1527,3.9187
-0.50221,1.0852,3.7897
-0.48725,0.99774,3.6553
-0.44463,0.93853,3.5183
-0.35039,0.86257,3.3826
-0.29991,0.7337,3.2359
-0.21839,0.66401,3.0806
-0.19184,0.58767,2.9275
-0.2255,0.47638,2.768
-0.24083,0.38913,2.6029
-0.21054,0.28304,2.4338
-0.20007,0.16537,2.2576
-0.21914,0.039598,2.0718
-0.18885,-0.041932,1.8827
-0.20605,-0.16987,1.6924
-0.18175,-0.27383,1.4933
-0.11332,-0.37144,1.2966
-0.092376,-0.50981,1.0911
-0.052739,-0.57492,0.88885
-0.036659,-0.76634,0.67965
-0.0056225,-0.78519,0.47077
-0.010858,-1.0238,0.26416
-0.0059964,-0.9823,0.037938
0.093471,-0.14055,-0.045218
0.15779,-0.028578,-0.017992
0.2165,-0.13727,-0.026671
0.26212,-0.032233,-0.023983
0.22472,-0.095741,-0.02438
0.20565,-0.037973,-0.02624
0.21724,-0.064714,-0.02408
0.18396,-0.050911,-0.027001
0.14433,-0.043135,-0.024751
0.11217,-0.053126,-0.02708
0.069539,-0.035858,-0.026536
0.060939,-0.050318,-0.02717
0.075896,-0.039506,-0.027612
0.076644,-0.041951,-0.027605
0.11591,-0.032496,-0.028546
0.16639,-0.040957,-0.028227
0.17499,-0.037894,-0.029389
0.1963,-0.029024,-0.029295
0.2064,-0.041771,-0.029693
0.17125,-0.036751,-0.031567
0.14507,-0.034809,-0.032246
0.13273,-0.036488,-0.033206
0.12002,-0.030336,-0.034507
0.094593,-0.03061,-0.034518
0.060191,-0.030002,-0.035407
0.018684,-0.022621,-0.035515
-0.026937,-0.037208,-0.036584
-0.036285,-0.026238,-0.037064
-0.041521,-0.034018,-0.036471
-0.045634,-0.026115,-0.03856
-0.02245,-0.023644,-0.036828
-0.0011352,-0.039641,-0.039703
0.016814,0.00020711,-0.037772
0.020927,-0.050198,-0.039204
0.037006,0.0089648,-0.040063
0.047103,-0.048654,-0.037386
0.068791,-0.0048391,-0.043805
0.075148,-0.010605,-0.033974
0.031397,-0.075463,-0.049001
0.034015,0.14347,-0.025715
-0.059096,-1.1491,-0.10475
-0.049373,-2.2431,-0.46741
0.042616,-1.8899,-0.84466
-0.0011352,-2.0075,-1.1767
0.24155,-2.0126,-1.5167
0.39711,-1.9976,-1.8175
0.40309,-2.0733,-2.1129
0.63269,-2.0457,-2.3859
0.62559,-2.1313,-2.6493
0.5781,-2.13,-2.9001
0.65176,-2.2045,-3.1372
0.62147,-2.2312,-3.3676
0.62147,-2.2389,-3.5779
0.66934,-2.282,-3.7758
0.72206,-2.3156,-3.9629
0.69925,-2.3565,-4.1406
0.7243,-2.363,-4.3051
0.75609,-2.3741,-4.454
0.69962,-2.3745,-4.5887
0.7,-2.37,-4.7074
0.68616,-2.3681,-4.8113
0.67569,-2.3529,-4.9002
0.654,-2.3408,-4.9743
0.67382,-2.3295,-5.0357
0.66859,-2.3088,-5.0849
0.57847,-2.2806,-5.122
0.52687,-2.2457,-5.1468
0.40309,-2.2063,-5.1587
0.27147,-2.1689,-5.158
0.11853,-2.1318,-5.1463
-0.046008,-2.084,-5.1247
-0.2154,-2.0315,-5.0934
-0.36722,-1.9804,-5.0522
-0.41995,-1.92,-5.0022
-0.47454,-1.8623,-4.9444
-0.44089,-1.8105,-4.8787
-0.39901,-1.7464,-4.8052
-0.34965,-1.6763,-4.7235
-0.30178,-1.6047,-4.6336
-0.30889,-1.5398,-4.5367
-0.30365,-1.4761,-4.4344
-0.32609,-1.4004,-4.3259
-0.31973,-1.3239,-4.2106
-0.41359,-1.243,-4.0892
-0.52465,-1.1711,-3.9629
-0.60841,-1.0888,-3.8321
-0.70526,-1.0012,-3.6943
-0.68095,-0.94422,-3.5558
-0.69404,-0.84312,-3.4149
-0.69591,-0.73277,-3.2617
-0.66712,-0.6716,-3.1063
-0.67497,-0.57278,-2.9503
-0.62187,-0.47285,-2.7863
-0.53325,-0.3796,-2.619
-0.42369,-0.26496,-2.4455
-0.33768,-0.14424,-2.2638
-0.22363,-0.031558,-2.0738
-0.13089,0.054598,-1.8835
-0.11519,0.18932,-1.6875
-0.030676,0.26396,-1.4868
0.017188,0.40052,-1.2872
0.034763,0.5062,-1.0783
0.080009,0.60189,-0.87547
0.064678,0.77471,-0.65969
0.036633,0.78631,-0.45496
0.023545,1.1001,-0.23554
0.067295,0.75383,-0.028054
0.13834,-0.025162,0.0055343
0.19369,0.071884,-0.016593
0.30213,0.06442,-0.0045397
0.39823,0.01247,-0.010962
0.39748,0.054879,-0.0066167
0.41431,0.00027084,-0.0079814
0.4274,0.043444,-0.0073703
0.37617,0.0060406,-0.0058107
0.36794,0.016587,-0.0072466
0.31335,0.01166,-0.0048471
0.19144,0.0064904,-0.0060206
0.10955,0.016665,-0.0045134
0.039624,0.0062093,-0.004446
-1.3407e-05,0.010749,-0.0039736
-0.0093619,0.0037987,-0.0035949
-0.0063704,0.0070191,-0.0032162
0.01831,0.0010694,-0.0022264
0.019805,0.0042223,-0.0024177
0.024293,0.011548,-0.00080551
0.047103,0.0069666,0.00066791
0.063182,0.0072215,0.001279
0.072905,0.0063442,0.0026325
0.078514,0.00074696,0.0032211
0.088984,0.0046347,0.0037797
0.061312,-0.00136,0.0042934
0.0070914,0.0056882,0.004867
-0.049373,0.00099815,0.005868
-0.079662,0.00030833,0.0049645
-0.085271,0.010037,0.007064
-0.1264,-0.013589,0.0060142
-0.13987,0.017565,0.0074801
-0.11855,-0.018497,0.0080125
-0.097985,0.016849,0.0064454
-0.058722,-0.0075009,0.010498
0.026162,-0.0066498,0.0053731
0.11217,0.029903,0.012609
0.17162,-0.064032,0.0048145
0.19817,0.10405,0.013141
0.1978,-0.1972,0.0065766
0.19219,0.60112,0.017704
0.14283,2.2432,0.3041
0.25613,2.1167,0.7005
0.30101,1.9564,1.0326
0.26548,2.0731,1.377
0.44871,1.9846,1.6881
0.42067,2.1052,1.9859
0.39636,2.0706,2.2683
0.51266,2.1421,2.5326
0.51789,2.1697,2.7903
0.63456,2.1973,3.0295
0.74487,2.268,3.2632
0.76955,2.2763,3.4819
0.79461,2.2988,3.6844
0.85518,2.3302,3.8735
0.8765,2.3767,4.0544
0.80695,2.3935,4.2258
0.82901,2.4006,4.3823
0.78227,2.3996,4.5247
0.6985,2.3953,4.6516
0.69476,2.3884,4.7637
0.65475,2.3679,4.8595
0.64241,2.3506,4.94
0.63905,2.3368,5.0081
0.68654,2.3164,5.0638
0.68242,2.2927,5.1072
0.61885,2.257,5.1391
0.54668,2.2137,5.1577
0.41394,2.175,5.1628
0.25053,2.1284,5.1575
0.027658,2.0823,5.1418
-0.1193,2.0405,5.1153
-0.29169,1.9918,5.0799
-0.41546,1.9386,5.0349
-0.43341,1.8887,4.981
-0.48052,1.8303,4.9198
-0.43378,1.7671,4.8506
-0.44463,1.709,4.7729
-0.40574,1.6404,4.687
-0.37395,1.5704,4.593
-0.44276,1.5102,4.4921
-0.37246,1.4427,4.3865
-0.43677,1.3644,4.275
-0.5512,1.2828,4.1564
-0.56578,1.1982,4.0312
-0.65927,1.1261,3.9014
-0.74078,1.0397,3.7677
-0.77855,0.96392,3.6286
-0.82567,0.91104,3.4908
-0.89036,0.79321,3.348
-0.91654,0.69362,3.1921
-0.91205,0.63691,3.0365
-0.90457,0.52703,2.8787
-0.82754,0.43362,2.713
-0.67983,0.33673,2.5443
-0.5512,0.22044,2.3689
-0.42518,0.099571,2.1849
-0.29542,-0.00019404,1.994
-0.22363,-0.092382,1.8039
-0.12267,-0.23316,1.6059
-0.04339,-0.30859,1.4062
-0.046756,-0.4527,1.2038
-0.047877,-0.53056,0.99549
-0.076297,-0.66561,0.79189
-0.086393,-0.79261,0.57538
-0.046756,-0.85079,0.37393
0.0014823,-1.1399,0.14663
0.099454,-0.56807,-0.029217
0.21126,0.041499,-0.031327
0.33429,-0.13576,-0.01936
0.47564,-0.064771,-0.028673
0.50181,-0.064666,-0.02197
0.47788,-0.072779,-0.027357
0.50219,-0.041396,-0.024253
0.47115,-0.073431,-0.026296
0.40795,-0.036226,-0.026142
0.3743,-0.058784,-0.02594
0.27633,-0.041549,-0.027537
0.17761,-0.044991,-0.026675
0.13834,-0.048717,-0.028178
0.070287,-0.038213,-0.02765
0.038502,-0.039386,-0.028422
0.0044739,-0.035345,-0.028512
-0.01011,-0.040991,-0.02916
0.01831,-0.033407,-0.029798
-0.015345,-0.03302,-0.029659
0.009335,-0.040132,-0.031627
0.069165,-0.034726,-0.032703
0.096463,-0.035037,-0.033345
0.13348,-0.036053,-0.034683
0.12226,-0.030951,-0.034874
0.062434,-0.030017,-0.035721
-0.0030049,-0.026842,-0.035804
-0.070314,-0.040091,-0.036872
-0.15744,-0.022579,-0.037386
-0.22812,-0.031078,-0.036779
-0.25654,-0.025849,-0.038736
-0.27935,-0.018845,-0.03712
-0.27112,-0.036383,-0.039924
-0.2255,-0.0024284,-0.037993
-0.15819,-0.051713,-0.039598
-0.029555,0.0097258,-0.040314
0.060565,-0.051334,-0.037727
0.1432,-0.0075608,-0.043835
0.20715,-0.017023,-0.034173
0.19668,-0.079643,-0.049492
0.22285,0.13821,-0.025842
0.12039,-1.1612,-0.10717
0.18322,-2.2464,-0.47194
0.26773,-1.9076,-0.84898
0.16527,-2.0453,-1.1812
0.41281,-2.0559,-1.5208
0.53247,-2.0496,-1.8205
0.58744,-2.1316,-2.1143
0.8133,-2.1123,-2.3854
0.78787,-2.2051,-2.647
0.81704,-2.2066,-2.8957
0.87837,-2.2813,-3.13
0.88398,-2.3196,-3.3588
0.91913,-2.3302,-3.5694
0.96699,-2.3608,-3.7661
1.0201,-2.3937,-3.9513
0.9797,-2.4365,-4.1285
0.97036,-2.4411,-4.2933
0.92474,-2.4499,-4.444
0.86042,-2.4503,-4.581
0.80919,-2.4377,-4.7022
0.74637,-2.4265,-4.8084
0.72468,-2.4084,-4.8994
0.64578,-2.3867,-4.9763
0.66896,-2.3668,-5.0404
0.66971,-2.3427,-5.0922
0.59904,-2.3165,-5.1324
0.58595,-2.2834,-5.1606
0.4977,-2.2393,-5.176
0.36233,-2.1961,-5.179
0.17162,-2.1575,-5.1709
0.025414,-2.1127,-5.153
-0.16754,-2.0615,-5.1251
-0.3575,-2.012,-5.0873
-0.42406,-1.9604,-5.0404
-0.52315,-1.902,-4.9848
-0.5669,-1.845,-4.9212
-0.64693,-1.7855,-4.8499
-0.63496,-1.7148,-4.7703
-0.6043,-1.6464,-4.6822
-0.62599,-1.5771,-4.5866
-0.52652,-1.509,-4.4858
-0.5755,-1.4346,-4.3792
-0.57588,-1.353,-4.2654
-0.59084,-1.2763,-4.1457
-0.666,-1.1993,-4.0208
-0.63608,-1.1218,-3.8916
-0.75462,-1.0301,-3.7559
-0.81557,-0.97065,-3.6166
-0.85671,-0.89945,-3.4787
-0.90794,-0.76909,-3.3308
-0.83651,-0.69757,-3.1742
-0.82716,-0.62256,-3.0194
-0.77407,-0.51196,-2.8586
-0.65964,-0.43105,-2.6922
-0.56653,-0.31992,-2.5213
-0.4723,-0.20488,-2.3427
-0.356,-0.077022,-2.1547
-0.27112,0.0092872,-1.9628
-0.24457,0.12479,-1.7701
-0.14061,0.24308,-1.5685
-0.067696,0.32477,-1.3695
-0.07181,0.47362,-1.1626
-0.014597,0.53829,-0.95695
0.04112,0.72102,-0.74693
0.087114,0.76383,-0.53323
0.1361,0.96902,-0.32821
0.15629,1.0363,-0.095277
0.21014,0.19587,0.012294
0.29054,-0.030823,-0.013538
0.36532,0.11694,-0.007824
0.42927,-0.0066498,-0.0076965
0.40982,0.060577,-0.0092524
0.38739,0.012065,-0.0057657
0.42889,0.026623,-0.0086525
0.41468,0.02579,-0.0049183
0.38514,0.0079901,-0.0070966
0.3485,0.027043,-0.0052483
0.26025,0.0053433,-0.005207
0.17499,0.018007,-0.0049483
0.096837,0.006348,-0.0038798
0.020553,0.0087361,-0.0040973
-0.034416,0.0051446,-0.0032987
-0.037781,0.0069516,-0.0033325
-0.019832,0.011732,-0.0020727
-0.017589,-0.00035524,-0.0021927
-0.012727,0.001673,-0.0019228
0.024667,0.0049346,-0.00031812
0.070287,0.0052083,0.0006979
0.10506,0.0058831,0.0016764
0.12974,0.0062768,0.0029961
0.096089,0.00028584,0.003521
0.032145,0.0059881,0.0036447
-0.0037528,0.00082569,0.0047845
-0.077793,0.00010963,0.0049345
-0.17651,0.0058269,0.005883
-0.20718,-0.0056976,0.0054743
-0.22064,0.011709,0.0068015
-0.21316,-0.01375,0.0069328
-0.18848,0.011248,0.0066853
-0.1638,-0.007036,0.0088486
-0.098359,-0.0054164,0.0058755
-0.061713,0.013205,0.010446
0.010083,-0.032323,0.006093
0.091975,0.044295,0.010652
0.12451,-0.070222,0.0083612
0.14844,0.083364,0.0076976
0.14844,-0.10786,0.015046
0.18022,0.19091,-0.0041048
0.15891,1.9301,0.20322
0.27894,2.2495,0.60195
0.39374,1.9136,0.93985
0.3642,2.0919,1.2776
0.54743,2.0051,1.5972
0.58782,2.1,1.891
0.5766,2.0996,2.1755
0.71047,2.1393,2.4366
0.71346,2.1969,2.6924
0.79423,2.2184,2.9312
0.9124,2.2871,3.1631
0.91987,2.2704,3.3776
0.93969,2.319,3.5755
1.0029,2.3586,3.7666
1.0216,2.3836,3.9465
0.98494,2.3983,4.1151
0.96662,2.3722,4.2681
0.86229,2.3775,4.4066
0.74674,2.3831,4.53
0.69626,2.3548,4.6368
0.62858,2.3354,4.7287
0.6211,2.3121,4.8068
0.61175,2.2942,4.8716
0.62334,2.283,4.9252
0.62147,2.2404,4.9671
0.58557,2.2011,4.9948
0.55641,2.1546,5.01
0.41319,2.1026,5.014
0.23669,2.0673,5.0066
0.04112,2.0186,4.9892
-0.14361,1.9709,4.9626
-0.35451,1.9144,4.9256
-0.5841,1.8545,4.8797
-0.70264,1.8019,4.8264
-0.76135,1.7391,4.7649
-0.71536,1.6772,4.6953
-0.65029,1.6059,4.6173
-0.62262,1.5306,4.5316
-0.59495,1.4651,4.4382
-0.58859,1.403,4.3391
-0.52315,1.3252,4.2348
-0.49212,1.2438,4.1234
-0.54447,1.1694,4.005
-0.55942,1.0954,3.8806
-0.62038,1.0153,3.7523
-0.76696,0.93513,3.6177
-0.81669,0.88593,3.4821
-0.82193,0.7921,3.3454
-0.83651,0.67608,3.1955
-0.75911,0.6186,3.0428
-0.73144,0.52577,2.8898
-0.74677,0.4283,2.7283
-0.71536,0.34205,2.5634
-0.62299,0.2302,2.3929
-0.49025,0.1112,2.214
-0.38966,8.4092e-06,2.0264
-0.24868,-0.075872,1.8387
-0.14959,-0.21014,1.6456
-0.059096,-0.28951,1.4469
0.026536,-0.4153,1.249
0.057573,-0.52414,1.0419
0.12862,-0.61583,0.84008
0.13947,-0.78506,0.62618
0.13124,-0.80096,0.42302
0.088236,-1.1051,0.2055
0.034015,-0.77406,-0.00039685
0.083749,-0.0022447,-0.034687
0.15293,-0.089833,-0.012409
0.27371,-0.090125,-0.024032
0.38327,-0.037403,-0.017542
0.41768,-0.082567,-0.021628
0.45619,-0.033362,-0.020365
0.4704,-0.072235,-0.020819
0.44535,-0.035101,-0.022356
0.4001,-0.047975,-0.020594
0.32905,-0.046783,-0.022839
0.25426,-0.039064,-0.021816
0.15293,-0.042194,-0.023109
0.03065,-0.033418,-0.023214
-0.058722,-0.04059,-0.023544
-0.11706,-0.035592,-0.023702
-0.096116,-0.041981,-0.024189
-0.0576,-0.031435,-0.025258
-0.050495,-0.026265,-0.024688
-0.011232,-0.034959,-0.025505
-0.002257,-0.037062,-0.026963
0.022049,-0.035289,-0.027837
0.073652,-0.03296,-0.028823
0.10918,-0.028975,-0.029948
0.11853,-0.02851,-0.030053
0.075522,-0.032379,-0.030855
0.053086,-0.023059,-0.031312
-0.0089879,-0.032102,-0.031489
-0.09275,-0.021054,-0.032632
-0.13314,-0.023145,-0.031785
-0.1638,-0.029969,-0.033821
-0.16978,-0.0099302,-0.032636
-0.17502,-0.044759,-0.034173
-0.16642,-0.0006964,-0.034421
-0.15557,-0.041073,-0.033251
-0.09088,-0.012566,-0.03682
-0.0078661,-0.016618,-0.03183
0.057947,-0.043911,-0.039437
0.17462,0.035058,-0.030975
0.20341,-0.1249,-0.040389
0.22921,0.16576,-0.031208
0.18995,-0.6685,-0.050028
0.17536,-2.1593,-0.34968
0.32419,-2.0045,-0.74514
0.27184,-1.9594,-1.0746
0.40197,-2.08,-1.4149
0.60689,-2.0085,-1.7199
0.58969,-2.1233,-2.012
0.79573,-2.0925,-2.2872
0.89295,-2.1729,-2.5461
0.87949,-2.1956,-2.7972
0.95689,-2.252,-3.0324
0.95689,-2.2918,-3.2609
0.99092,-2.2842,-3.4686
0.99429,-2.3425,-3.6651
1.0018,-2.3683,-3.8529
0.99803,-2.3962,-4.0295
0.94007,-2.3989,-4.1936
0.92174,-2.4016,-4.3416
0.83574,-2.3979,-4.4767
0.72917,-2.3764,-4.5948
0.68392,-2.365,-4.6971
0.64054,-2.3437,-4.7865
0.5751,-2.3198,-4.8609
0.57959,-2.3006,-4.9225
0.59679,-2.2769,-4.9732
0.52761,-2.2421,-5.0125
0.48461,-2.1979,-5.0382
0.42815,-2.154,-5.0505
0.30475,-2.1113,-5.0513
0.1447,-2.0667,-5.0415
-0.0063704,-2.0175,-5.0217
-0.20904,-1.9663,-4.9921
-0.40835,-1.9132,-4.9531
-0.5138,-1.8565,-4.9051
-0.66488,-1.8001,-4.8491
-0.73966,-1.7383,-4.7853
-0.76771,-1.6696,-4.7131
-0.75088,-1.5966,-4.6329
-0.66824,-1.5229,-4.5442
-0.66974,-1.4646,-4.4491
-0.5512,-1.3943,-4.3496
-0.49473,-1.3103,-4.2424
-0.49735,-1.2443,-4.1286
-0.40985,-1.1687,-4.0095
-0.49212,-1.0903,-3.8855
-0.5684,-1.0053,-3.7558
-0.63272,-0.93425,-3.6195
-0.71461,-0.88093,-3.4846
-0.73218,-0.76847,-3.3444
-0.77444,-0.67348,-3.1915
-0.77594,-0.61449,-3.0388
-0.75462,-0.51898,-2.8833
-0.69778,-0.42625,-2.7203
-0.62374,-0.32466,-2.5533
-0.54746,-0.21988,-2.3795
-0.44313,-0.089379,-2.1965
-0.3388,0.0048934,-2.006
-0.20942,0.097595,-1.8164
-0.13239,0.2352,-1.6182
-0.05947,0.30017,-1.4196
0.034389,0.44969,-1.2178
0.097211,0.51894,-1.0111
0.17275,0.66654,-0.80688
0.18883,0.77491,-0.59119
0.19182,0.86111,-0.3901
0.15181,1.1189,-0.15879
0.13423,0.45541,0.0029174
0.17948,-0.070769,-0.0048171
0.16788,0.11984,-0.012042
0.25913,0.015706,-0.0045097
0.31372,0.038451,-0.010175
0.32083,0.036051,-0.0046484
0.38552,0.0086161,-0.0081051
0.3986,0.03063,-0.0051321
0.43525,-0.0029271,-0.0058969
0.42889,0.023758,-0.0056044
0.3814,0.0012118,-0.0041123
0.28755,0.0078476,-0.0048471
0.15741,0.0065204,-0.0035387
0.072905,0.0034575,-0.0035986
-0.03105,0.0088448,-0.0026913
-0.070688,0.0021828,-0.0028863
-0.066948,0.0093397,-0.0018103
-0.084897,-0.007006,-0.0014766
-0.081532,-0.0050003,-0.0018028
-0.035164,0.010817,0.00013928
0.020553,0.0018417,0.001564
0.041868,0.0023328,0.0020776
0.093845,0.0038137,0.003416
0.12264,-0.006961,0.0041021
0.11067,-0.0015849,0.0045333
0.079635,-0.0047603,0.0051332
0.05159,0.00097565,0.0054181
-0.0059964,-0.0037593,0.0066703
-0.0662,-0.0029233,0.0059055
-0.052739,0.0066142,0.0078663
-0.094246,-0.016742,0.0069853
-0.12267,0.014911,0.0078026
-0.14248,-0.023944,0.0089686
-0.16155,0.015124,0.0070865
-0.12154,-0.0062674,0.011233
-0.096489,-0.018294,0.0061079
-0.03105,0.035185,0.012931
0.056077,-0.069487,0.0061005
0.08674,0.10609,0.012733
0.13236,-0.18418,0.0088523
0.1619,0.51919,0.013243
0.14956,2.1903,0.28665
0.347,2.1256,0.68431
0.45133,1.9493,1.0156
0.43675,2.0929,1.3583
0.62072,2.003,1.67
0.59118,2.1217,1.9659
0.58183,2.0969,2.2467
0.72356,2.1686,2.5084
0.71383,2.1935,2.7643
0.80994,2.2274,3.0015
0.91875,2.2907,3.2332
0.921,2.2902,3.4486
0.94717,2.3234,3.6481
1.0021,2.3498,3.8371
1.0328,2.3894,4.0171
0.97223,2.3904,4.1866
0.97559,2.3929,4.341
0.9468,2.397,4.4816
0.80171,2.3915,4.6074
0.73814,2.3628,4.7176
0.71084,2.3271,4.8117
0.66111,2.3193,4.8919
0.61399,2.2934,4.9589
0.61736,2.2754,5.0136
0.56389,2.2498,5.0579
0.49882,2.1905,5.089
0.43301,2.1473,5.1063
0.2767,2.1137,5.1128
0.14769,2.068,5.1082
-0.015719,2.0218,5.0925
-0.18698,1.9663,5.0676
-0.3747,1.9143,5.0329
-0.534,1.8604,4.9882
-0.66675,1.7959,4.9361
-0.78117,1.736,4.8764
-0.82043,1.6702,4.8081
-0.91467,1.6053,4.7321
-0.841,1.5353,4.6482
-0.69217,1.4655,4.5561
-0.63496,1.397,4.4578
-0.52577,1.3294,4.3544
-0.51493,1.2553,4.2445
-0.47641,1.1622,4.1273
-0.41546,1.096,4.0036
-0.50034,1.0304,3.876
-0.56466,0.94139,3.7423
-0.65665,0.88826,3.6053
-0.75686,0.82243,3.4699
-0.78828,0.69334,3.3243
-0.78229,0.61757,3.1692
-0.72433,0.558,3.016
-0.68918,0.44321,2.8566
-0.61776,0.36367,2.6911
-0.53512,0.26318,2.5221
-0.48202,0.15056,2.3448
-0.40387,0.039988,2.1593
-0.32646,-0.050828,1.969
-0.21765,-0.15522,1.7783
-0.11631,-0.27762,1.5779
-0.013849,-0.34913,1.3786
0.10357,-0.49936,1.1738
0.17162,-0.56306,0.96587
0.22809,-0.72709,0.75903
0.24866,-0.80181,0.54325
0.23183,-0.91943,0.34159
0.18135,-1.1242,0.10797
0.13797,-0.39413,-0.037146
0.13947,0.029176,-0.021355
0.10245,-0.14832,-0.018625
0.13423,-0.038228,-0.023747
0.19107,-0.081836,-0.018906
0.23332,-0.057944,-0.023717
0.31671,-0.048556,-0.020252
0.35523,-0.063882,-0.023271
0.40833,-0.033886,-0.021887
0.40721,-0.057479,-0.022843
0.32419,-0.041111,-0.023679
0.23519,-0.052523,-0.023383
0.11254,-0.038959,-0.024384
0.016066,-0.038625,-0.02396
-0.052739,-0.043379,-0.024905
-0.091254,-0.03353,-0.024804
-0.083776,-0.036248,-0.025771
-0.082654,-0.030497,-0.026049
-0.051991,-0.036207,-0.02618
0.0029781,-0.039566,-0.027938
0.046355,-0.031281,-0.028951
0.10207,-0.037527,-0.029775
0.13311,-0.031877,-0.031219
0.14096,-0.02926,-0.031316
0.12002,-0.035206,-0.032145
0.081879,-0.020619,-0.0324
0.075522,-0.045163,-0.032947
0.048225,-0.031348,-0.033693
0.01644,-0.029635,-0.033258
0.0018563,-0.029174,-0.03517
-0.013849,-0.016806,-0.033562
-0.070314,-0.038685,-0.03622
-0.12267,0.0026852,-0.034458
-0.11706,-0.050273,-0.03568
-0.10472,0.0013918,-0.036891
-0.088263,-0.046517,-0.033839
-0.029181,-0.012217,-0.040787
0.029528,-0.0045579,-0.030705
0.036259,-0.093548,-0.045672
0.11965,0.15232,-0.023998
0.10394,-1.0788,-0.09284
0.18284,-2.2479,-0.44775
0.37093,-1.9206,-0.82785
0.33017,-2.0285,-1.1589
0.51714,-2.0539,-1.4981
0.63643,-2.0382,-1.7978
0.65924,-2.1307,-2.0914
0.86378,-2.1022,-2.3631
0.83985,-2.1908,-2.6238
0.84284,-2.1948,-2.8724
0.89108,-2.2671,-3.107
0.90866,-2.298,-3.336
0.94455,-2.2977,-3.5457
0.94717,-2.3359,-3.7421
1.0152,-2.3663,-3.9277
0.98569,-2.4017,-4.1057
0.95129,-2.403,-4.271
0.92324,-2.406,-4.421
0.81704,-2.4025,-4.558
0.74674,-2.382,-4.6795
0.69439,-2.3627,-4.7848
0.65475,-2.3434,-4.8753
0.6039,-2.3197,-4.9526
0.61848,-2.2965,-5.017
0.61624,-2.2711,-5.0694
0.54182,-2.24,-5.1104
0.50256,-2.1992,-5.1389
0.40309,-2.1504,-5.1541
0.24454,-2.1041,-5.1573
0.062808,-2.0582,-5.1501
-0.090133,-2.01,-5.1325
-0.28907,-1.9599,-5.1052
-0.48987,-1.9046,-5.0687
-0.60617,-1.8454,-5.023
-0.752,-1.7865,-4.9684
-0.80548,-1.7279,-4.9066
-0.85297,-1.6628,-4.8372
-0.80697,-1.5906,-4.7587
-0.752,-1.5178,-4.6719
-0.72845,-1.4528,-4.5782
-0.60579,-1.3873,-4.4801
-0.56803,-1.3102,-4.375
-0.42929,-1.2376,-4.2623
-0.65553,-1.1656,-4.1447
-0.89709,-1.0894,-4.0212
-0.61963,-1.0081,-3.8927
-0.5168,-0.92792,-3.7576
-0.488,-0.87475,-3.6208
-0.51193,-0.78779,-3.483
-0.61439,-0.67373,-3.3328
-0.60579,-0.61432,-3.1779
-0.577,-0.53255,-3.024
-0.51867,-0.42633,-2.8614
-0.48838,-0.34459,-2.6948
-0.48688,-0.23983,-2.5229
-0.50633,-0.12675,-2.3418
-0.48464,-0.011925,-2.1524
-0.3317,0.066433,-1.9603
-0.12865,0.19113,-1.7657
0.080383,0.28726,-1.5626
0.25501,0.38018,-1.3629
0.28194,0.51851,-1.1537
0.20004,0.57205,-0.94732
0.15106,0.76174,-0.73493
0.14171,0.78179,-0.52121
0.15031,1.0105,-0.31215
0.21724,1.0026,-0.079583
0.25389,0.14208,0.01346
0.2408,-0.011775,-0.014134
0.25763,0.11083,-0.0058856
0.30998,-0.002106,-0.0075878
0.34924,0.062951,-0.0078502
0.3556,0.010532,-0.0052858
0.36495,0.031058,-0.0077565
0.31746,0.015499,-0.0042397
0.2251,0.0095346,-0.0063805
0.12152,0.025217,-0.0041573
0.030276,0.0026102,-0.0046109
0.041494,0.014573,-0.0040335
0.075896,0.0027489,-0.0031262
0.10058,0.010903,-0.0033662
0.11479,0.0063442,-0.0024514
0.06393,0.0046122,-0.0024214
0.01457,0.0044772,-0.0013379
-0.032172,0.00093067,-0.0013266
-0.050121,0.014123,-0.00051308
-0.035911,0.0078363,0.0015415
-0.011605,0.0022691,0.0021113
0.042989,0.0098233,0.0031461
0.055329,0.0031613,0.0042184
0.065426,0.0039411,0.004612
0.081131,-0.00037774,0.0054331
0.096463,0.0038886,0.0055456
0.11516,0.0056657,0.0068615
0.12002,-0.0045879,0.0064079
0.097958,0.012508,0.0079038
0.0018563,-0.014317,0.0075401
-0.065453,0.016328,0.0074352
-0.11033,-0.0092779,0.0097071
-0.11893,-0.0042992,0.0067566
-0.068444,0.0078326,0.011451
0.01457,-0.033526,0.0067865
0.073652,0.044862,0.01199
0.092349,-0.071463,0.0088523
0.10282,0.091833,0.0093135
0.075896,-0.12281,0.014915
0.1361,0.24218,-0.0011017
0.12002,1.9896,0.21989
0.23295,2.2261,0.62187
0.40272,1.9134,0.96052
0.34027,2.0923,1.3022
0.50219,1.9894,1.6229
0.5766,2.0939,1.9197
0.60128,2.0873,2.2069
0.78114,2.1256,2.4714
0.78189,2.1753,2.7312
0.83499,2.1808,2.972
0.87538,2.2655,3.206
0.82751,2.2686,3.4277
0.80096,2.2812,3.632
0.83836,2.3104,3.8241
0.89706,2.3424,4.0067
0.81181,2.3574,4.1813
0.79124,2.3682,4.3413
0.7703,2.3672,4.4872
0.68729,2.3508,4.619
0.65887,2.3316,4.7356
0.62035,2.2991,4.8358
0.61025,2.2773,4.9212
0.54631,2.2522,4.994
0.55454,2.2284,5.0544
0.52163,2.2067,5.1037
0.41917,2.1614,5.1403
0.43076,2.1145,5.1635
0.32681,2.0715,5.1748
0.22659,2.0199,5.1744
0.051216,1.9667,5.1633
-0.18025,1.9217,5.1431
-0.37806,1.8735,5.1125
-0.58261,1.8176,5.0722
-0.65254,1.7602,5.0242
-0.84025,1.6959,4.9681
-0.64244,1.6363,4.9037
-1.8996,1.5762,4.831
-7.223,1.508,4.7504
-14.111,1.4293,4.6619
-19.244,1.3566,4.5658
-20.381,1.2943,4.4653
-17.845,1.2122,4.3592
-14.249,1.1208,4.2458
-11.345,1.0351,4.1259
-9.8226,0.947,4.002
-7.4339,0.83784,3.8742
-4.5587,0.75964,3.7409
-0.85783,0.70067,3.609
4.9666,0.57687,3.4725
8.6346,0.47873,3.3235
9.2591,0.42884,3.1734
8.2779,0.32687,3.0214
7.1818,0.23352,2.8606
9.2359,0.16253,2.697
13.236,0.0444,2.5255
15.076,-0.047233,2.3445
14.473,-0.13944,2.1584
11.27,-0.22071,1.9679
4.485,-0.3228,1.7736
-1.1876,-0.40906,1.571
-2.7765,-0.48554,1.3705
-1.1921,-0.62385,1.1601
2.1778,-0.66254,0.9513
3.9884,-0.83124,0.73861
4.556,-0.85201,0.52046
5.3406,-1.0235,0.31171
7.1598,-1.086,0.073668
10.739,-0.25011,-0.040914
13.55,-0.0027809,-0.015536
13.744,-0.14437,-0.020305
10.137,-0.024885,-0.021216
3.5917,-0.08833,-0.018914
-2.2253,-0.040893,-0.022461
-5.2389,-0.053726,-0.019214
-4.9102,-0.056744,-0.022693
-2.6684,-0.040886,-0.020785
-1.3488,-0.053276,-0.022356
-2.4448,-0.032327,-0.022423
-4.795,-0.043982,-0.022528
-6.8782,-0.032503,-0.023439
-7.6351,-0.03909,-0.023237
-6.6146,-0.038771,-0.024069
-5.2725,-0.034464,-0.024335
-4.8605,-0.029196,-0.025066
-5.5642,-0.029376,-0.02492
-5.6932,-0.04204,-0.026274
-4.9285,-0.03572,-0.027751
-3.6583,-0.031228,-0.028321
-0.94944,-0.03491,-0.03009
0.39898,-0.037107,-0.030596
-0.49137,-0.031528,-0.031148
-2.2339,-0.020476,-0.03171
-4.6282,-0.033493,-0.032122
-5.4281,-0.024671,-0.033161
-4.067,-0.032132,-0.032478
-1.1057,-0.035251,-0.034642
2.2567,-0.0163,-0.033183
4.7901,-0.04309,-0.034818
6.5716,-0.00089885,-0.034803
7.2118,-0.046194,-0.034199
7.9387,-0.0060425,-0.037274
8.3171,-0.027138,-0.032662
7.6829,-0.0356,-0.040277
6.7765,0.032085,-0.031129
4.6731,-0.11491,-0.04223
2.1468,0.17622,-0.029888
0.41543,-0.75969,-0.059098
-0.32833,-2.1744,-0.37466
0.01644,-1.948,-0.77019
0.82714,-1.9152,-1.1036
1.4153,-1.9895,-1.4494
1.1719,-1.911,-1.7586
0.18172,-2.0054,-2.0582
-0.68731,-1.9531,-2.3407
-1.1532,-2.0158,-2.6082
-1.234,-2.0148,-2.8676
-1.0676,-2.0539,-3.1098
-0.9816,-2.0958,-3.3482
-1.0945,-2.0829,-3.5701
-1.8731,-2.0985,-3.7773
-2.6213,-2.1131,-3.9731
-2.8042,-2.1439,-4.1608
-3.0383,-2.1389,-4.3381
-3.0618,-2.1324,-4.5006
-3.3,-2.1254,-4.6504
-3.9443,-2.1001,-4.7849
-4.279,-2.0733,-4.9033
-3.7899,-2.0505,-5.0072
-2.3139,-2.023,-5.0979
-0.32422,-1.9907,-5.1749
1.9273,-1.9642,-5.2396
3.8381,-1.9315,-5.2932
4.7935,-1.888,-5.3338
4.8862,-1.8431,-5.3612
4.6533,-1.7952,-5.3758
4.129,-1.7487,-5.3793
3.4514,-1.7048,-5.3723
3.0222,-1.6554,-5.3548
1.9987,-1.6057,-5.3278
0.93334,-1.556,-5.2911
0.42927,-1.5065,-5.2455
0.17574,-1.4538,-5.1913
0.58221,-1.3941,-5.1291
1.007,-1.3337,-5.0584
1.2183,-1.2696,-4.9784
0.97223,-1.2109,-4.8908
0.27894,-1.1573,-4.7972
-0.27149,-1.0875,-4.6967
-0.80959,-1.0212,-4.5884
-0.90644,-0.96134,-4.4743
-0.7449,-0.89431,-4.354
-0.58485,-0.82714,-4.228
-0.49959,-0.7518,-4.0956
-0.77145,-0.70509,-3.9584
-1.0826,-0.64949,-3.8215
-1.3043,-0.54022,-3.6754
-1.4913,-0.47207,-3.5192
-1.8002,-0.42124,-3.3637
-2.2414,-0.32429,-3.2035
-2.5843,-0.24751,-3.035
-2.6606,-0.17382,-2.8639
-2.3876,-0.049257,-2.6831
-1.8835,0.034608,-2.492
-1.2052,0.12161,-2.2986
-0.44163,0.21206,-2.0993
-0.01011,0.29816,-1.8976
-0.077793,0.4036,-1.6887
-0.38592,0.47045,-1.4805
-0.80772,0.60541,-1.2653
-1.1114,0.65222,-1.048
-1.1293,0.80588,-0.83165
-1.0018,0.86809,-0.60346
-0.58224,0.9674,-0.39204
0.059443,1.1681,-0.14771
0.72692,0.3972,0.0085374
1.4684,-0.060069,-0.0066617
2.0735,0.13584,-0.0099947
2.5342,0.013051,-0.0040111
2.763,0.053702,-0.0092561
2.5233,0.030578,-0.0036736
2.1131,0.011567,-0.0074978
1.7253,0.036445,-0.0038086
1.3144,-0.00079763,-0.0048996
1.0324,0.023177,-0.0042098
0.96063,0.0087548,-0.0031862
0.95839,0.010517,-0.0037674
0.90305,0.0075364,-0.0021027
0.70785,0.0047846,-0.0027513
0.36196,0.0060481,-0.001769
-0.090506,0.0071765,-0.001038
-0.51044,0.006453,-0.00079802
-0.74004,0.0088261,-0.00050183
-0.84287,0.011023,0.00084787
-0.82006,0.0020441,0.0023813
-0.72583,0.0064267,0.0029736
-0.54634,0.0088261,0.0046158
-0.39003,0.0035625,0.0054818
-0.41995,0.0063067,0.0058155
-0.33768,-0.001135,0.0065391
-0.38068,0.0013168,0.0067716
-0.87316,-0.0031295,0.0081887
-1.3892,-0.0068935,0.0073864
-1.7669,0.0080388,0.009156
-2.0855,-0.019625,0.0086724
-2.118,0.015953,0.0090735
-1.6951,-0.015587,0.010787
-1.09,-0.00065517,0.0082187
-0.5512,0.0037687,0.012751
-0.076671,-0.019978,0.0077013
0.22697,0.042376,0.013996
0.51976,-0.070762,0.0086536
0.78638,0.098053,0.012444
0.92474,-0.15307,0.013865
1.0354,0.36958,0.0064529
0.92137,2.0656,0.25493
1.0107,2.1337,0.65582
1.1753,1.8689,0.99056
1.1356,2.0071,1.335
1.4767,1.8844,1.6528
1.7403,1.9683,1.9514
1.7668,1.9401,2.2387
1.6251,1.9806,2.5062
1.2609,1.9921,2.7685
1.1248,2.0239,3.013
0.97372,2.0682,3.2527
0.87912,2.0251,3.4749
1.0156,2.0683,3.6813
1.1364,2.0867,3.8798
1.2097,2.1083,4.0685
1.1199,2.1019,4.2463
1.0033,2.0813,4.4086
0.82714,2.0792,4.5572
0.55865,2.043,4.6906
0.29091,2.0211,4.8079
-0.14772,1.9936,4.9103
-0.61701,1.9545,4.9978
-0.96739,1.9389,5.0732
-1.0762,1.9131,5.1379
-1.0713,1.8759,5.1898
-0.98048,1.8325,5.2286
-0.76247,1.7811,5.2549
-0.73667,1.7368,5.2679
-0.80435,1.6962,5.27
-0.96403,1.6493,5.2619
-1.1678,1.5946,5.2429
-1.3028,1.5482,5.2137
-1.369,1.4996,5.176
-1.2336,1.4439,5.1298
-1.0691,1.3963,5.0751
-0.75275,1.3388,5.0123
-0.27673,1.2736,4.9406
0.16938,1.2106,4.8601
0.69065,1.1491,4.7711
1.0029,1.0957,4.6763
1.1282,1.0352,4.5761
1.2228,0.96303,4.4676
1.139,0.88852,4.3519
1.0971,0.82695,4.23
1.1465,0.7609,4.1031
1.133,0.69297,3.9699
1.1248,0.65728,3.8348
1.0878,0.57648,3.6988
0.96774,0.47312,3.5505
0.76245,0.42307,3.3955
0.46217,0.35348,3.2409
0.13722,0.26252,3.0789
-0.18474,0.19551,2.9109
-0.51717,0.10366,2.7395
-0.81669,-0.0055064,2.5567
-0.96814,-0.092911,2.3678
-1.0272,-0.18845,2.1746
-1.0751,-0.25681,1.9768
-1.0448,-0.36537,1.7746
-1.047,-0.43522,1.5665
-1.1237,-0.53762,1.3596
-1.2478,-0.65246,1.1419
-1.3903,-0.70119,0.93001
-1.5246,-0.88037,0.70845
-1.6184,-0.86926,0.49013
-1.5548,-1.1212,0.2707
-1.4434,-0.97571,0.036769
-1.2161,-0.10115,-0.037247
-0.88438,-0.052373,-0.0091287
-0.51268,-0.12216,-0.019945
-0.04526,-0.025151,-0.015821
0.25651,-0.095194,-0.017249
0.51826,-0.030584,-0.018352
0.81816,-0.065183,-0.016634
0.92025,-0.044174,-0.019645
0.98531,-0.041122,-0.017324
1.0646,-0.050686,-0.019675
1.1091,-0.029815,-0.019049
1.1981,-0.044061,-0.019833
1.2931,-0.028642,-0.020222
1.3619,-0.032882,-0.020072
1.3596,-0.037729,-0.021317
1.3065,-0.03091,-0.02143
1.2138,-0.025354,-0.021535
1.0777,-0.030175,-0.022191
0.91576,-0.034254,-0.023889
0.70972,-0.030066,-0.02483
0.58146,-0.034464,-0.025576
0.4876,-0.029223,-0.027155
0.34625,-0.022553,-0.027608
0.24828,-0.030081,-0.028343
0.13722,-0.021886,-0.028984
-0.036659,-0.028038,-0.029277
-0.25317,-0.01681,-0.029877
-0.53848,-0.02367,-0.029592
-0.84698,-0.023828,-0.031511
-1.1435,-0.012258,-0.030079
-1.3597,-0.038336,-0.032317
-1.4094,0.0026852,-0.031414
-1.4195,-0.044575,-0.031845
-1.3499,0.0057406,-0.033922
-1.1514,-0.033928,-0.030105
-0.96739,-0.022996,-0.037356
-0.74714,0.013344,-0.027597
-0.56728,-0.10526,-0.040952
-0.39003,0.17304,-0.023256
-0.26588,-0.92828,-0.07183
-0.15071,-2.2251,-0.40805
0.092349,-1.9153,-0.79476
0.19032,-1.9329,-1.1262
0.51153,-1.9724,-1.4693
0.93558,-1.9165,-1.7744
1.1229,-1.9927,-2.0724
1.4359,-1.9413,-2.3497
1.5889,-2.0124,-2.6147
1.5821,-2.0054,-2.8711
1.6322,-2.0566,-3.1127
1.5907,-2.0703,-3.3483
1.5212,-2.0557,-3.5633
1.4969,-2.0916,-3.7673
1.4898,-2.1041,-3.9626
1.3806,-2.1212,-4.1479
1.3002,-2.1081,-4.3205
1.225,-2.1028,-4.4781
1.0324,-2.0859,-4.6227
0.84845,-2.0585,-4.7507
0.59642,-2.0398,-4.8633
0.32756,-2.0065,-4.9624
0.093097,-1.9723,-5.0467
-0.089385,-1.9485,-5.1182
-0.20082,-1.9257,-5.179
-0.27336,-1.8858,-5.2276
-0.28308,-1.8384,-5.2626
-0.2958,-1.7946,-5.2844
-0.29505,-1.7455,-5.2947
-0.39003,-1.7023,-5.2935
-0.50745,-1.6583,-5.2823
-0.60579,-1.6069,-5.2614
-0.77107,-1.5574,-5.2303
-0.89298,-1.5069,-5.19
-0.98758,-1.458,-5.1414
-0.9659,-1.4031,-5.0846
-0.92289,-1.3428,-5.0194
-0.79314,-1.2802,-4.945
-0.6574,-1.2189,-4.8619
-0.55045,-1.1684,-4.7722
-0.30515,-1.1014,-4.6762
-0.26738,-1.0319,-4.5722
-0.17763,-0.97161,-4.462
-0.070314,-0.8997,-4.3455
-0.055356,-0.84169,-4.2227
0.10282,-0.77053,-4.0943
0.15293,-0.70215,-3.9593
0.23108,-0.66095,-3.8242
0.32756,-0.56938,-3.6842
0.36794,-0.48169,-3.5317
0.39711,-0.43729,-3.3773
0.31409,-0.35242,-3.2212
0.23744,-0.25731,-3.0563
0.11366,-0.19301,-2.8875
0.0014823,-0.080685,-2.7125
-0.057974,0.019095,-2.5255
-0.14099,0.092227,-2.3344
-0.14211,0.18831,-2.1377
-0.12005,0.27341,-1.9385
-0.042642,0.37948,-1.7327
-0.01011,0.43866,-1.5251
-0.061713,0.57766,-1.315
-0.053113,0.63758,-1.0967
-0.086767,0.74564,-0.88446
-0.14211,0.87743,-0.65743
-0.2068,0.88994,-0.4455
-0.29094,1.1893,-0.21048
-0.33544,0.65408,-0.011044
-0.31487,-0.054967,0.0033598
-0.30477,0.10351,-0.013485
-0.2771,0.042106,-0.0019078
-0.21839,0.028482,-0.0091849
-0.22512,0.051486,-0.0035387
-0.15856,0.0049983,-0.0061893
-0.11818,0.042481,-0.0044497
-0.16342,0.0039149,-0.0035836
-0.13388,0.024737,-0.0044047
-0.092002,0.009201,-0.0024214
-0.066948,0.0046759,-0.0036249
-0.02058,0.0088711,-0.0017353
0.020179,0.0024678,-0.0020015
0.069913,0.010393,-0.0016678
0.13834,0.0062768,-0.00051683
0.1877,0.006213,-0.00029188
0.22472,0.0010656,-0.0001944
0.24417,0.0045747,0.0004692
0.29876,0.0052983,0.0015002
0.35859,0.010446,0.002535
0.37991,0.0083012,0.0036672
0.45357,0.0036899,0.0046495
0.4805,0.0042148,0.0055643
0.49134,0.0010806,0.0057968
0.54968,0.0039599,0.007124
0.5235,-0.0035307,0.0072215
0.48162,0.008946,0.0077051
0.39412,-0.0037706,0.0085936
0.25501,0.0039036,0.0082862
0.14246,0.0030264,0.010003
-0.012353,-0.0054876,0.0084887
-0.11743,0.013302,0.011027
-0.17277,-0.02631,0.009246
-0.23223,0.023897,0.010738
-0.23821,-0.032417,0.011762
-0.21316,0.02092,0.0089648
-0.18025,-0.01573,0.015515
-0.1365,-0.020229,0.0058043
-0.13501,0.063933,0.020306
-0.079662,-0.18086,-0.0014691
-0.054982,1.1056,0.069469
-0.071436,2.3063,0.42023
0.13685,1.9047,0.79343
0.1432,1.9275,1.1199
0.17499,1.9322,1.457
0.38813,1.8953,1.7577
0.27483,1.9565,2.0515
0.29615,1.9101,2.3231
0.32419,1.9825,2.5845
0.23071,1.9735,2.8375
0.30549,1.9995,3.0748
0.2954,1.9898,3.2981
0.28268,2.0114,3.5062
0.36794,2.0542,3.7098
0.48611,2.0471,3.9004
0.55603,2.045,4.0773
0.60838,2.0278,4.2399
0.67644,2.0114,4.387
0.64802,1.9812,4.5193
0.63606,1.9559,4.635
0.59044,1.9248,4.7355
0.52911,1.8963,4.8226
0.47975,1.8706,4.8977
0.44909,1.836,4.9606
0.4891,1.8004,5.0113
0.43974,1.7519,5.0486
0.44385,1.7077,5.0724
0.43637,1.6684,5.085
0.36495,1.625,5.0873
0.28044,1.57,5.0783
0.14021,1.5202,5.0587
0.015692,1.4775,5.03
-0.16529,1.4207,4.9926
-0.23634,1.3737,4.9463
-0.29842,1.3234,4.8916
-0.32347,1.2647,4.8281
-0.28533,1.2006,4.7559
-0.33357,1.1312,4.6747
-0.28533,1.0856,4.5864
-0.3762,1.0288,4.4929
-0.43042,0.95403,4.3914
-0.48202,0.88503,4.282
-0.62225,0.82447,4.1665
-0.59233,0.76537,4.0455
-0.69816,0.687,3.9181
-0.73368,0.64026,3.7864
-0.69741,0.58567,3.6546
-0.66787,0.47861,3.5138
-0.50483,0.41173,3.3626
-0.44425,0.3642,3.2116
-0.39639,0.27105,3.0559
-0.31861,0.19105,2.8917
-0.28608,0.11849,2.7251
-0.25541,0.0090023,2.549
-0.18773,-0.072287,2.3644
-0.097985,-0.16326,2.1751
-0.028433,-0.24334,1.9807
0.10207,-0.34788,1.783
0.19406,-0.42886,1.5782
0.21313,-0.51263,1.3746
0.29016,-0.63862,1.161
0.31709,-0.67703,0.95117
0.30662,-0.85745,0.73441
0.29914,-0.86461,0.51538
0.23632,-1.0648,0.30268
0.16265,-1.0452,0.064734
0.19369,-0.17663,-0.033494
0.23482,-0.019093,-0.0056907
0.18322,-0.13602,-0.013508
0.24604,-0.016086,-0.011986
0.24753,-0.088337,-0.011172
0.19219,-0.034055,-0.014111
0.20191,-0.058068,-0.011483
0.074774,-0.045197,-0.014794
0.009709,-0.031303,-0.012649
-0.024693,-0.050764,-0.014715
-0.10958,-0.02791,-0.014531
-0.1365,-0.041958,-0.014737
-0.2083,-0.033864,-0.015454
-0.24719,-0.032413,-0.015322
-0.23036,-0.033283,-0.016293
-0.21578,-0.031367,-0.016706
-0.1724,-0.023344,-0.017069
-0.1193,-0.024596,-0.016972
-0.080784,-0.031371,-0.017849
-0.062835,-0.027746,-0.01891
-0.00824,-0.026411,-0.019919
0.043363,-0.026163,-0.020897
0.092723,-0.027528,-0.021951
0.18135,-0.020454,-0.022356
0.21687,-0.022073,-0.022828
0.23931,-0.019273,-0.024024
0.2767,-0.018692,-0.023739
0.26511,-0.027228,-0.025048
0.23594,-0.014058,-0.024811
0.21911,-0.034614,-0.025453
0.18883,-0.010976,-0.026326
0.16676,-0.022178,-0.025498
0.1376,-0.018077,-0.028261
0.11853,-0.0081044,-0.025104
0.10319,-0.039307,-0.029325
0.09048,0.018678,-0.02636
0.14694,-0.0657,-0.028523
0.1705,0.038811,-0.029134
0.1432,-0.07231,-0.024245
0.11778,0.031478,-0.036636
0.092349,-0.047574,-0.010868
-0.0067443,-1.6582,-0.17521
0.029154,-2.1933,-0.56964
0.13049,-1.8116,-0.91774
0.075896,-1.9834,-1.2516
0.2595,-1.8908,-1.5773
0.3556,-1.9332,-1.8719
0.36084,-1.9393,-2.16
0.52724,-1.9365,-2.4249
0.49807,-1.9956,-2.6861
0.50742,-1.9894,-2.9333
0.50705,-2.0149,-3.1669
0.45507,-2.0011,-3.3842
0.4603,-2.0468,-3.5907
0.46554,-2.0584,-3.7913
0.55379,-2.0567,-3.9771
0.5134,-2.0544,-4.1501
0.48947,-2.0335,-4.308
0.49807,-2.0164,-4.4506
0.37505,-1.9853,-4.577
0.32232,-1.9652,-4.6887
0.30175,-1.9334,-4.7864
0.28231,-1.9012,-4.87
0.29951,-1.8817,-4.9418
0.3556,-1.8486,-5.0017
0.37991,-1.8034,-5.0484
0.41468,-1.76,-5.0824
0.44759,-1.7149,-5.1036
0.39935,-1.6706,-5.1127
0.38664,-1.6317,-5.1117
0.29577,-1.582,-5.1004
0.16153,-1.5278,-5.0786
0.029902,-1.4809,-5.0474
-0.11818,-1.4293,-5.0074
-0.2169,-1.3785,-4.9588
-0.31412,-1.3243,-4.9017
-0.3388,-1.261,-4.8354
-0.37657,-1.2026,-4.7598
-0.40761,-1.1454,-4.6771
-0.39003,-1.0859,-4.5881
-0.47005,-1.0215,-4.4911
-0.46669,-0.96106,-4.3876
-0.40798,-0.89363,-4.278
-0.47005,-0.83117,-4.1616
-0.46856,-0.77467,-4.0403
-0.44724,-0.69599,-3.9112
-0.49361,-0.64763,-3.7787
-0.43864,-0.57614,-3.6455
-0.38218,-0.47028,-3.5003
-0.39639,-0.42083,-3.3481
-0.37806,-0.36017,-3.197
-0.38218,-0.26803,-3.0384
-0.40948,-0.20266,-2.873
-0.41583,-0.10568,-2.7038
-0.36535,0.0022803,-2.523
-0.31524,0.084185,-2.3356
-0.24719,0.17853,-2.1432
-0.14398,0.25622,-1.9477
-0.11967,0.36894,-1.7465
-0.0074922,0.42916,-1.5406
0.12077,0.54468,-1.3351
0.15779,0.63192,-1.1199
0.2236,0.71405,-0.91029
0.23332,0.87289,-0.6869
0.25426,0.86098,-0.47405
0.2666,1.1552,-0.24801
0.2322,0.80184,-0.029727
0.25688,-0.011782,0.0099358
0.2408,0.071952,-0.014224
0.28081,0.07269,-0.0012704
0.34887,0.015627,-0.0079327
0.27034,0.061477,-0.0038798
0.25987,0.0010094,-0.0047309
0.26997,0.043703,-0.0047609
0.21837,0.011207,-0.0027213
0.22136,0.018648,-0.0042248
0.20004,0.016823,-0.001949
0.14844,0.0079226,-0.0029313
0.11292,0.014791,-0.0013866
0.099454,0.0050583,-0.0013641
0.072157,0.0079788,-0.0012029
0.021675,0.0042898,-0.00034437
-0.011979,0.010318,8.0556e-06
-0.027685,0.005347,0.00042421
-0.060965,0.0076826,0.00058168
-0.10883,0.010266,0.0016502
-0.11369,0.0077839,0.0027412
-0.11593,0.0053395,0.0038772
-0.076297,-4.4077e-05,0.0050057
-0.010858,0.0028727,0.0059542
0.013822,0.0019429,0.0061267
0.056077,0.0040124,0.0072102
0.072905,-0.0018848,0.0075739
0.080009,0.0057406,0.0076001
0.076644,0.00044329,0.0089648
0.07627,0.00025209,0.0083237
0.086366,0.0026252,0.010157
0.066548,-0.010804,0.0092048
0.06206,0.016133,0.010817
0.025788,-0.028098,0.010678
0.035885,0.019008,0.010045
0.085618,-0.018932,0.013344
0.10207,-0.0054464,0.0085974
0.11067,0.019218,0.016021
0.1346,-0.057097,0.0073864
0.13423,0.10217,0.017569
0.13199,-0.19744,0.0069628
0.17611,0.71219,0.030601
0.15405,2.2257,0.33334
0.33653,1.9891,0.72327
0.42141,1.8792,1.05
0.36009,1.9693,1.3903
0.5306,1.8775,1.6982
0.45843,1.9604,1.9936
0.42104,1.9037,2.2717
0.47751,1.9631,2.5345
0.3829,1.9744,2.7917
0.4188,1.997,3.0325
0.40982,1.9987,3.2609
0.38327,1.9939,3.4717
0.39038,2.0385,3.6769
0.40234,2.0422,3.8722
0.43675,2.0509,4.0535
0.4087,2.0254,4.2211
0.39449,2.0083,4.3733
0.29876,1.9841,4.5102
0.23893,1.9485,4.6304
0.20715,1.9221,4.7356
0.14246,1.8887,4.8272
0.15517,1.8722,4.9067
0.13311,1.8472,4.9742
0.18284,1.8052,5.0294
0.19107,1.7598,5.0717
0.19369,1.7184,5.0997
0.19593,1.6753,5.1159
0.13012,1.6281,5.1215
0.090854,1.5847,5.1158
-0.011979,1.5238,5.1002
-0.084523,1.4784,5.0748
-0.23223,1.4391,5.0401
-0.26439,1.3824,4.9971
-0.22176,1.3325,4.9455
-0.22325,1.2742,4.8848
-0.16305,1.2159,4.8151
-0.17502,1.1488,4.7365
-0.10098,1.0886,4.6497
-0.15445,1.0412,4.5582
-0.14585,0.97133,4.4599
-0.10584,0.90406,4.3527
-0.22213,0.83999,4.2392
-0.20418,0.78122,4.1201
-0.28869,0.71061,3.9952
-0.30403,0.64683,3.864
-0.27448,0.61118,3.7323
-0.28121,0.51911,3.596
-0.2442,0.42577,3.4471
-0.29505,0.37835,3.2952
-0.27822,0.30208,3.1423
-0.30776,0.21747,2.9805
-0.35376,0.15405,2.8143
-0.36535,0.047883,2.6422
-0.36423,-0.050296,2.4588
-0.29954,-0.13361,2.2704
-0.29318,-0.22113,2.0767
-0.22587,-0.29928,1.8807
-0.14323,-0.40906,1.6773
-0.10958,-0.46659,1.4727
-0.059844,-0.60025,1.2641
-0.026563,-0.65792,1.0493
-0.019084,-0.77876,0.83905
-0.046756,-0.8901,0.61389
0.010457,-0.92154,0.40515
0.017936,-1.1922,0.16934
0.040372,-0.58498,-0.01569
0.16265,0.044967,-0.018903
0.17649,-0.13658,-0.0063018
0.28979,-0.053284,-0.016106
0.3556,-0.055822,-0.0090762
0.30662,-0.066244,-0.014726
0.34999,-0.027686,-0.011543
0.31148,-0.069097,-0.013894
0.29652,-0.038524,-0.013654
0.29128,-0.05039,-0.013418
0.23557,-0.02983,-0.015184
0.22435,-0.037365,-0.013984
0.19817,-0.037283,-0.015738
0.18509,-0.029388,-0.015442
0.17275,-0.033167,-0.015952
0.15816,-0.031161,-0.01656
0.1189,-0.03476,-0.016942
0.062434,-0.026036,-0.017171
0.02878,-0.029676,-0.017598
-0.022824,-0.031742,-0.018723
-0.038529,-0.031236,-0.019649
-0.03292,-0.027329,-0.020699
-0.03292,-0.026298,-0.02194
-0.0089879,-0.023997,-0.022539
-0.0059964,-0.025777,-0.022704
-0.039651,-0.026471,-0.024084
-0.052739,-0.014167,-0.023818
-0.063583,-0.025489,-0.024706
-0.11033,-0.012933,-0.025453
-0.13089,-0.026107,-0.025141
-0.14361,-0.018808,-0.026604
-0.14061,-0.014508,-0.02513
-0.12042,-0.02616,-0.028261
-0.087889,0.00014337,-0.025899
-0.038903,-0.048268,-0.027983
0.014196,0.015885,-0.027908
0.0658,-0.052283,-0.026217
0.091228,0.011109,-0.031654
0.13348,-0.018812,-0.022547
0.10693,-0.051612,-0.037851
0.12413,0.12045,-0.012709
0.10805,-1.2699,-0.108
0.129,-2.2479,-0.47702
0.29353,-1.8428,-0.84499
0.25426,-1.9489,-1.1745
0.43712,-1.9194,-1.5098
0.611,-1.9059,-1.8082
0.56987,-1.9522,-2.1006
0.73403,-1.9163,-2.3702
0.65812,-1.9879,-2.6323
0.55416,-1.9824,-2.8841
0.57024,-2.0118,-3.1217
0.48947,-1.9988,-3.345
0.47676,-2.0291,-3.5533
0.4618,-2.0563,-3.7566
0.50219,-2.05,-3.9468
0.48012,-2.0559,-4.1242
0.42441,-2.0364,-4.2871
0.41955,-2.0179,-4.435
0.31484,-1.9901,-4.5673
0.24978,-1.9656,-4.6836
0.20977,-1.9347,-4.7863
0.18434,-1.9046,-4.8743
0.17611,-1.8821,-4.9499
0.22472,-1.8497,-5.0139
0.28642,-1.8115,-5.0654
0.28642,-1.7688,-5.1041
0.32793,-1.7225,-5.1294
0.26773,-1.679,-5.1429
0.20902,-1.6366,-5.1456
0.13423,-1.5876,-5.1377
-0.0059964,-1.5363,-5.1192
-0.10883,-1.4867,-5.0904
-0.2341,-1.436,-5.053
-0.27074,-1.3878,-5.0072
-0.2943,-1.3342,-4.9528
-0.27598,-1.2728,-4.8898
-0.20904,-1.2109,-4.8175
-0.20119,-1.1535,-4.7369
-0.17801,-1.0998,-4.6494
-0.21204,-1.0372,-4.5549
-0.2255,-0.97511,-4.4534
-0.24457,-0.91012,-4.345
-0.33244,-0.84238,-4.23
-0.31637,-0.78188,-4.11
-0.31375,-0.70806,-3.983
-0.35002,-0.65788,-3.8506
-0.32497,-0.6076,-3.7185
-0.3145,-0.50054,-3.5779
-0.29243,-0.42993,-3.4268
-0.2685,-0.38899,-3.2756
-0.29355,-0.29214,-3.12
-0.313,-0.21769,-2.9558
-0.33282,-0.14451,-2.7887
-0.33581,-0.021241,-2.6118
-0.26401,0.05573,-2.4254
-0.20306,0.15037,-2.235
-0.15931,0.23362,-2.0391
-0.076297,0.32598,-1.8405
-0.011232,0.4144,-1.6341
0.013448,0.48494,-1.4296
0.028032,0.62509,-1.2165
0.046355,0.66103,-1.0035
0.041868,0.82715,-0.78838
0.037006,0.85915,-0.56565
0.056077,1.0134,-0.35467
0.025414,1.1101,-0.11216
0.048225,0.26502,0.014701
0.13423,-0.036683,-0.0093011
0.18396,0.13011,-0.0061556
0.28792,0.0018979,-0.0038948
0.28717,0.061743,-0.0068679
0.25576,0.019807,-0.0025789
0.27857,0.02203,-0.0060431
0.2236,0.029791,-0.0021965
0.22173,0.008095,-0.0042135
0.19705,0.027088,-0.0026014
0.16901,0.0012606,-0.0021515
0.1619,0.012035,-0.002144
0.13012,0.0099245,-0.00059931
0.13498,0.011124,-0.0012704
0.11366,0.0069441,-0.00035936
0.097958,0.007289,0.00024425
0.10619,0.0078888,0.00044671
0.093097,0.00093816,0.00061917
0.045233,0.0073827,0.0016164
0.016814,0.0091635,0.0027187
0.03738,0.0087736,0.003836
0.051964,0.0056357,0.0049157
0.059443,0.0052458,0.0060292
0.083375,-0.0011688,0.0063854
0.093097,0.0041998,0.0070115
0.062434,0.00090817,0.008125
0.032893,-0.0024809,0.0080275
-0.024693,0.0030639,0.0093847
-0.08041,-0.0033769,0.0086949
-0.085645,0.0095871,0.010067
-0.098733,-0.013173,0.010097
-0.087889,0.0092535,0.010127
-0.078166,-0.017938,0.011942
-0.072557,0.0020179,0.0094072
-0.017589,0.0082112,0.014015
0.039624,-0.027423,0.009201
0.073652,0.042725,0.014675
0.11553,-0.069502,0.010798
0.11366,0.095462,0.012515
0.07627,-0.14097,0.016366
0.095715,0.28645,0.0034573
0.062808,1.995,0.2332
0.1892,2.1373,0.63301
0.31821,1.8247,0.9675
0.26623,1.9837,1.3065
0.45544,1.8732,1.625
0.46928,1.9455,1.9214
0.37766,1.9125,2.207
0.48835,1.9377,2.4713
0.4446,1.9665,2.7316
0.45918,1.9729,2.9765
0.51752,1.9937,3.2106
0.51116,1.9759,3.4264
0.51527,2.0305,3.6326
0.53135,2.0383,3.8317
0.59268,2.0368,4.0173
0.55267,2.0287,4.1901
0.51677,2.0121,4.3473
0.45918,1.9861,4.4899
0.31447,1.9503,4.6156
0.22846,1.928,4.7264
0.17349,1.8994,4.8237
0.15667,1.8717,4.9072
0.17125,1.8392,4.9776
0.23183,1.8079,5.0361
0.26361,1.7662,5.0832
0.28418,1.7188,5.1164
0.29577,1.6808,5.1367
0.24566,1.6341,5.146
0.19481,1.5851,5.1439
0.073652,1.5368,5.1317
-0.045634,1.4905,5.1099
-0.19446,1.4399,5.0782
-0.29542,1.39,5.0374
-0.32609,1.3394,4.9883
-0.3646,1.2806,4.9313
-0.3145,1.2277,4.865
-0.3145,1.163,4.7896
-0.28271,1.1021,4.706
-0.30029,1.0499,4.6161
-0.3403,0.9854,4.5201
-0.32758,0.92012,4.4159
-0.38031,0.85191,4.305
-0.32571,0.7925,4.1874
-0.34404,0.72196,4.064
-0.35039,0.6468,3.9342
-0.3216,0.61842,3.8018
-0.33319,0.55274,3.6684
-0.2341,0.44784,3.5234
-0.23933,0.39292,3.3712
-0.28196,0.33056,3.2197
-0.29505,0.24004,3.0606
-0.32833,0.17313,2.8947
-0.34591,0.085943,2.7265
-0.33544,-0.024278,2.5472
-0.2498,-0.10464,2.36
-0.20718,-0.19743,2.1681
-0.11332,-0.26965,1.9724
-0.019832,-0.37588,1.7722
-0.0089879,-0.44815,1.5655
0.083375,-0.54376,1.3603
0.089732,-0.65759,1.1445
0.0658,-0.70926,0.93388
0.060191,-0.8836,0.71335
0.045607,-0.86974,0.49568
0.022797,-1.1138,0.27809
-0.033294,-0.98167,0.043997
0.067669,-0.1056,-0.032332
0.099454,-0.041718,-0.0040635
0.12937,-0.12257,-0.014824
0.24005,-0.022673,-0.010763
0.19032,-0.087771,-0.011974
0.16938,-0.026805,-0.013444
0.15816,-0.063222,-0.011667
0.129,-0.044072,-0.01461
0.13797,-0.038344,-0.012398
0.14208,-0.04976,-0.014801
0.14171,-0.029376,-0.01392
0.11441,-0.041099,-0.014812
0.126,-0.029717,-0.015379
0.13311,-0.032612,-0.015202
0.10693,-0.032177,-0.016402
0.09048,-0.031056,-0.016646
0.072531,-0.031052,-0.016949
0.043737,-0.02782,-0.017006
0.009709,-0.026366,-0.018108
-0.023945,-0.032072,-0.019146
-0.013475,-0.031918,-0.020114
0.048599,-0.025039,-0.021452
0.089358,-0.023187,-0.022363
0.12526,-0.023363,-0.022449
0.12376,-0.024814,-0.023518
0.1017,-0.016146,-0.023799
0.083749,-0.030426,-0.024054
0.013822,-0.023104,-0.025261
-0.0033789,-0.022516,-0.024504
-0.028433,-0.023584,-0.026454
-0.05947,-0.0094353,-0.02516
-0.047504,-0.039634,-0.027158
-0.053487,0.0028014,-0.026735
-0.030302,-0.041452,-0.026124
-0.01011,-0.0042167,-0.029269
0.04112,-0.024488,-0.024759
0.080009,-0.029174,-0.032167
0.093097,0.029322,-0.023117
0.077392,-0.11079,-0.034522
0.068417,0.17835,-0.021321
0.041494,-0.79335,-0.053211
0.013822,-2.1959,-0.36915
0.19294,-1.9369,-0.75914
0.19668,-1.8907,-1.0873
0.27969,-1.9583,-1.4281
0.54294,-1.8778,-1.7335
0.51939,-1.9607,-2.0281
0.63755,-1.9059,-2.3048
0.68018,-1.9699,-2.5674
0.55416,-1.9796,-2.8241
0.5766,-2.0015,-3.0653
0.54182,-1.9991,-3.2944
0.50966,-2.0048,-3.5052
0.50144,-2.0503,-3.7106
0.56089,-2.0451,-3.9056
0.58258,-2.0493,-4.0871
0.52462,-2.0342,-4.2553
0.52387,-2.0227,-4.408
0.40534,-2.0002,-4.5468
0.30138,-1.9658,-4.6693
0.24454,-1.9386,-4.7762
0.16564,-1.9059,-4.869
0.16527,-1.8792,-4.9485
0.19107,-1.8539,-5.0166
0.24192,-1.8175,-5.0731
0.26436,-1.7757,-5.1162
0.28605,-1.7299,-5.1463
0.2666,-1.6828,-5.1637
0.20229,-1.6404,-5.17
0.11179,-1.5946,-5.1661
-0.025067,-1.5434,-5.1511
-0.12416,-1.4932,-5.1263
-0.2528,-1.4438,-5.092
-0.33357,-1.3915,-5.0483
-0.36161,-1.341,-4.9969
-0.33581,-1.2893,-4.9368
-0.30814,-1.2238,-4.8677
-0.30477,-1.162,-4.7898
-0.23896,-1.1118,-4.7046
-0.29243,-1.0485,-4.6132
-0.29468,-0.98498,-4.5139
-0.3029,-0.92508,-4.4079
-0.35525,-0.85764,-4.2958
-0.29916,-0.8021,-4.1776
-0.33506,-0.72704,-4.0533
-0.33506,-0.66287,-3.9216
-0.3115,-0.62413,-3.7894
-0.2771,-0.52882,-3.6531
-0.22438,-0.44251,-3.5039
-0.23971,-0.39758,-3.3514
-0.23859,-0.32031,-3.1982
-0.27972,-0.23261,-3.0363
-0.30589,-0.16723,-2.8697
-0.29655,-0.062386,-2.6975
-0.2614,0.035759,-2.5139
-0.19334,0.11824,-2.3251
-0.12977,0.20769,-2.1304
-0.031798,0.27897,-1.9329
-0.00038735,0.39752,-1.7284
0.025414,0.45073,-1.5219
0.094593,0.57923,-1.3135
0.095341,0.65547,-1.0964
0.08861,0.7534,-0.88526
0.054208,0.88589,-0.65937
0.056825,0.88942,-0.44767
0.021675,1.184,-0.2147
0.00036053,0.6757,-0.012559
0.11292,-0.055916,0.005733
0.12563,0.1016,-0.012514
0.20416,0.053323,-0.00069304
0.27595,0.024066,-0.0078652
0.22958,0.053705,-0.0025789
0.215,0.0032101,-0.0048809
0.18172,0.037521,-0.0032312
0.18696,0.0057744,-0.0023802
0.16975,0.02404,-0.0036549
0.15741,0.014795,-0.0012329
0.14208,0.012388,-0.0022602
0.11292,0.0094034,-0.00091799
0.13161,0.0014068,-0.00099297
0.1088,0.0094634,-0.00044559
0.11441,0.0064567,0.000263
0.11927,0.0085974,0.0007129
0.084497,0.0021678,0.00095659
0.055329,0.0035062,0.0012378
0.044859,0.0049609,0.0022313
0.068043,0.0070153,0.0026812
0.068043,0.0048671,0.0042896
0.10843,0.0016167,0.0055568
0.16489,0.0073302,0.0059767
0.18845,0.0014068,0.0066216
0.17312,0.0036337,0.0073039
0.13049,0.0012231,0.0082862
0.093471,-2.1583e-05,0.0078213
0.028032,0.0092422,0.0092572
0.022049,-0.0056526,0.0092722
-0.002631,0.0083537,0.0097146
-0.04713,-0.015835,0.010941
-0.046382,0.0049758,0.0097409
-0.05947,-0.0028521,0.012493
-0.020206,-0.019127,0.0097034
-0.0074922,0.0263,0.013419
0.042242,-0.038888,0.010723
0.078888,0.042065,0.0125
0.040372,-0.057824,0.014067
0.0658,0.048629,0.0084587
-1.3407e-05,-0.03912,0.021345
0.017562,-0.004033,-0.0047271
0.021675,1.6248,0.14861
0.075522,2.2423,0.53731
0.2868,1.8096,0.88485
0.23594,1.9463,1.2161
0.34401,1.8673,1.5422
0.42927,1.8947,1.8366
0.32157,1.9036,2.1248
0.3986,1.9071,2.3893
0.36233,1.9555,2.651
0.34775,1.9231,2.8963
0.41281,1.9492,3.1245
0.42067,1.954,3.3418
0.41992,1.9973,3.5497
0.46105,1.9932,3.7488
0.56089,1.9805,3.9323
0.52313,1.9797,4.1023
0.51004,1.9516,4.2563
0.45694,1.9273,4.3937
0.28717,1.903,4.5158
0.23819,1.8844,4.6249
0.16975,1.8401,4.7196
0.1361,1.8052,4.7997
0.15068,1.7866,4.8683
0.20603,1.742,4.9244
0.26324,1.6999,4.9674
0.23706,1.6543,4.9978
0.25763,1.6039,5.0154
0.23258,1.564,5.0215
0.16489,1.5175,5.0177
0.034015,1.4718,5.004
-0.097985,1.4277,4.9798
-0.20082,1.3743,4.9464
-0.32796,1.3183,4.9044
-0.33394,1.2662,4.8536
-0.32796,1.2133,4.7941
-0.29505,1.1523,4.7255
-0.24681,1.0875,4.6478
-0.26289,1.038,4.5635
-0.23186,0.98068,4.473
-0.27261,0.91426,4.3747
-0.31637,0.85465,4.2693
-0.31375,0.78575,4.1567
-0.3732,0.72483,4.0385
-0.36273,0.65898,3.914
-0.33469,0.60814,3.7841
-0.35002,0.55669,3.6546
-0.30889,0.4563,3.5171
-0.28682,0.38514,3.368
-0.27785,0.34062,3.2188
-0.24195,0.24944,3.0656
-0.25354,0.17014,2.903
-0.26401,0.10405,2.7382
-0.2857,-0.006796,2.5647
-0.27187,-0.088206,2.3812
-0.18212,-0.17475,2.1934
-0.13501,-0.25178,2.0009
-0.060965,-0.35035,1.8052
0.032145,-0.43891,1.6013
0.095341,-0.50978,1.3987
0.10469,-0.64405,1.1865
0.1017,-0.68041,0.97547
0.12376,-0.85027,0.76065
0.081131,-0.8723,0.54009
0.06393,-1.0301,0.33012
0.033641,-1.103,0.089264
0.071409,-0.25407,-0.029535
0.11666,0.014839,-0.004371
0.11479,-0.14399,-0.00884
0.24417,-0.017811,-0.0096873
0.2322,-0.080048,-0.0073178
0.2049,-0.03572,-0.011269
0.25239,-0.046682,-0.0078727
0.19593,-0.049006,-0.011569
0.16527,-0.023862,-0.0093461
0.13872,-0.049583,-0.010999
0.11329,-0.029358,-0.011198
0.099454,-0.035847,-0.011198
0.10282,-0.029744,-0.012353
0.081505,-0.032983,-0.011791
0.054582,-0.032413,-0.012837
0.083001,-0.031116,-0.013256
0.05346,-0.028732,-0.01365
0.03065,-0.020716,-0.013748
0.035511,-0.025616,-0.014482
0.0074654,-0.022257,-0.015142
0.019805,-0.028563,-0.01596
0.048599,-0.030554,-0.017508
0.068043,-0.01934,-0.018059
0.10207,-0.023629,-0.018697
0.13161,-0.019483,-0.019443
0.14208,-0.022073,-0.020084
0.11778,-0.019576,-0.020492
0.084871,-0.021683,-0.020586
0.044859,-0.02081,-0.022086
-1.3407e-05,-0.010792,-0.021298
-0.031424,-0.026932,-0.022749
-0.037407,-0.010459,-0.022449
-0.024693,-0.03554,-0.022914
-0.025441,-0.00067766,-0.024197
-0.010484,-0.021886,-0.022195
0.020927,-0.015932,-0.026671
0.060191,0.0032026,-0.021452
0.060565,-0.059038,-0.027687
0.091975,0.051771,-0.022419
0.07814,-0.11408,-0.026161
0.049346,0.13861,-0.026619
0.060939,-0.39627,-0.0205
-0.050869,-2.0263,-0.26963
0.07627,-2.0543,-0.66934
0.15368,-1.8153,-0.99937
0.16975,-1.9615,-1.3357
0.42403,-1.8519,-1.6482
0.41244,-1.9338,-1.9408
0.49433,-1.8882,-2.221
0.60614,-1.9361,-2.4825
0.49471,-1.9592,-2.7418
0.50966,-1.936,-2.9804
0.4891,-1.9659,-3.2058
0.46666,-1.9766,-3.4193
0.47526,-2.0114,-3.6255
0.525,-1.9983,-3.8201
0.57062,-1.9944,-3.9988
0.49658,-1.9825,-4.1646
0.48311,-1.9581,-4.3142
0.38589,-1.93,-4.4479
0.258,-1.9025,-4.5661
0.20079,-1.8798,-4.6705
0.13423,-1.8437,-4.7611
0.13012,-1.818,-4.8383
0.13573,-1.7881,-4.904
0.20229,-1.7468,-4.9573
0.24043,-1.7042,-4.997
0.25987,-1.6564,-5.0239
0.27371,-1.6146,-5.039
0.20939,-1.5672,-5.043
0.1447,-1.5173,-5.0361
0.035885,-1.4756,-5.019
-0.072183,-1.4226,-4.9926
-0.21316,-1.3747,-4.9569
-0.29804,-1.3285,-4.9124
-0.30776,-1.268,-4.8595
-0.32048,-1.213,-4.7973
-0.27673,-1.151,-4.7259
-0.28271,-1.0927,-4.6463
-0.26364,-1.0422,-4.5606
-0.26813,-0.9748,-4.4675
-0.28795,-0.90984,-4.3664
-0.28047,-0.85176,-4.2594
-0.31225,-0.79423,-4.1464
-0.30627,-0.72371,-4.0278
-0.32534,-0.65013,-3.9012
-0.27374,-0.61015,-3.7711
-0.25354,-0.54773,-3.6406
-0.25392,-0.44741,-3.4986
-0.20456,-0.38641,-3.3481
-0.23223,-0.33181,-3.1984
-0.20718,-0.23699,-3.0423
-0.22138,-0.17151,-2.8784
-0.2498,-0.0871,-2.7111
-0.25953,0.024966,-2.5325
-0.22924,0.10572,-2.3467
-0.15408,0.19527,-2.1559
-0.11855,0.26051,-1.9618
0.020179,0.37759,-1.762
0.067669,0.43863,-1.5571
0.089358,0.53572,-1.3531
0.16115,0.64772,-1.138
0.12451,0.70763,-0.92943
0.13236,0.87501,-0.70864
0.10918,0.85789,-0.49339
0.078514,1.1307,-0.27214
0.053834,0.89478,-0.044573
0.075522,0.030683,0.01364
0.12039,0.048393,-0.013339
0.13311,0.091567,-0.0008505
0.258,0.0044885,-0.0063393
0.2236,0.067457,-0.0035574
0.20378,0.0075252,-0.0033587
0.24828,0.039812,-0.0042472
0.1533,0.010967,-0.0013641
0.17836,0.017809,-0.0035499
0.15966,0.020482,-0.0011392
0.12189,0.0032063,-0.0019003
0.12002,0.017063,-0.00060306
0.089358,0.0051521,-0.00026938
0.10693,0.0081063,-0.00046434
0.069913,0.011094,0.00059293
0.057199,0.0069103,0.0010841
0.033267,0.0012343,0.0015602
0.00073447,0.0050583,0.0015115
-0.0059964,0.004421,0.0025612
-0.038903,0.0088673,0.0037497
-0.0074922,0.0083762,0.0046495
0.0082132,0.0028277,0.0059692
0.030276,-0.0014837,0.0069553
0.087862,-0.0013525,0.006914
0.093471,0.010757,0.008125
0.093471,-0.003212,0.0084437
0.087114,0.0042148,0.0086799
0.051216,0.0015942,0.010075
0.01457,0.00099065,0.0094185
-0.0059964,0.002464,0.011368
-0.030676,-0.0099602,0.010063
-0.049373,0.017288,0.011833
-0.025067,-0.027502,0.011222
-0.011979,0.022416,0.011132
0.003726,-0.015662,0.01412
0.051216,0.00040206,0.0093247
0.044485,0.0068541,0.017037
0.084871,-0.046993,0.0078888
0.10207,0.089134,0.019294
0.080383,-0.20176,0.0058942
0.080009,0.81125,0.039543
0.042989,2.2431,0.35603
0.20416,1.9605,0.74288
0.23632,1.8856,1.0702
0.25314,1.9437,1.412
0.46891,1.8646,1.7185
0.38888,1.9463,2.0144
0.37019,1.8931,2.2926
0.43749,1.9483,2.5565
0.37542,1.9498,2.8132
0.43562,1.9779,3.0553
0.47975,1.9742,3.286
0.46255,1.9792,3.4978
0.45918,2.0216,3.7035
0.5149,2.0128,3.8992
0.54033,2.0218,4.0822
0.49059,2.0027,4.2516
0.49246,1.9826,4.4053
0.40534,1.959,4.5442
0.29502,1.9247,4.6657
0.23407,1.9014,4.7737
0.17162,1.8677,4.8689
0.14545,1.8258,4.9495
0.172,1.8047,5.0175
0.25352,1.7735,5.0743
0.25576,1.7271,5.1179
0.28568,1.6845,5.1484
0.30288,1.6312,5.1668
0.23819,1.5901,5.1733
0.16676,1.5512,5.1691
0.022049,1.4988,5.155
-0.11294,1.4463,5.1305
-0.22475,1.3998,5.0969
-0.31001,1.3547,5.0548
-0.3388,1.3005,5.0038
-0.32197,1.2419,4.9443
-0.29842,1.1782,4.8759
-0.2786,1.1155,4.7987
-0.27037,1.0641,4.7133
-0.26775,1.0092,4.6221
-0.26514,0.94595,4.524
-0.30664,0.88258,4.4176
-0.28645,0.81244,4.3042
-0.29355,0.75235,4.1849
-0.31749,0.67937,4.0605
-0.27822,0.61918,3.9292
-0.27935,0.59147,3.7973
-0.22325,0.49879,3.6622
-0.18436,0.40946,3.5139
-0.23036,0.3657,3.362
-0.25878,0.28866,3.2092
-0.28533,0.20101,3.0474
-0.31599,0.14189,2.8811
-0.33431,0.048161,2.7103
-0.29879,-0.060294,2.5266
-0.26102,-0.1331,2.3382
-0.20007,-0.22308,2.1455
-0.084523,-0.29638,1.9485
-0.046382,-0.40921,1.7457
0.034015,-0.47287,1.5389
0.081131,-0.58356,1.3316
0.057947,-0.67559,1.1138
0.085992,-0.74315,0.90311
0.033641,-0.90152,0.6793
0.003726,-0.88778,0.46462
-0.0018831,-1.1701,0.23861
0.0011084,-0.84695,0.017175
0.07814,-0.023175,-0.027758
0.12039,-0.086976,-0.0028975
0.15966,-0.093634,-0.015101
0.21837,-0.030284,-0.0087125
0.20266,-0.081124,-0.012454
0.16901,-0.02538,-0.011701
0.17985,-0.069749,-0.011491
0.14507,-0.032927,-0.013511
0.13423,-0.043011,-0.011828
0.1447,-0.042914,-0.014224
0.11179,-0.030715,-0.013125
0.11217,-0.042438,-0.014434
0.10058,-0.030265,-0.014273
0.10058,-0.036218,-0.014415
0.089732,-0.028881,-0.015543
0.042989,-0.027925,-0.015742
0.026536,-0.025046,-0.016038
-0.023198,-0.024341,-0.016293
-0.041894,-0.02929,-0.017639
-0.02058,-0.027895,-0.018775
-0.021328,-0.030362,-0.0196
0.015318,-0.029009,-0.020875
0.072531,-0.018725,-0.021692
0.11553,-0.022253,-0.021895
0.099828,-0.023577,-0.022978
0.0744,-0.014939,-0.022723
0.047103,-0.02349,-0.023788
-0.008614,-0.014864,-0.024215
-0.016467,-0.033519,-0.024155
-0.049373,-0.01504,-0.025666
-0.062835,-0.015021,-0.02426
-0.05573,-0.024004,-0.027233
-0.059096,0.00094191,-0.024583
-0.028433,-0.044609,-0.027346
0.029902,0.019612,-0.026544
0.087862,-0.054806,-0.025884
0.098706,0.020947,-0.03018
0.10805,-0.036083,-0.022138
0.068043,-0.031562,-0.037135
0.097958,0.08005,-0.010636
0.036259,-1.3914,-0.1253
0.044859,-2.2396,-0.50432
0.2337,-1.8251,-0.86723
0.17723,-1.9543,-1.1987
0.36869,-1.9009,-1.5322
0.5306,-1.9051,-1.8303
0.48087,-1.9338,-2.1232
0.65662,-1.9057,-2.3926
0.58744,-1.9751,-2.6556
0.50406,-1.9646,-2.9073
0.54968,-1.9969,-3.1465
0.48311,-1.9761,-3.3707
0.46666,-2.0062,-3.5792
0.49508,-2.0324,-3.7833
0.54743,-2.0226,-3.9746
0.51714,-2.0263,-4.1533
0.49321,-2.0088,-4.3173
0.46517,-1.9947,-4.4668
0.33616,-1.9656,-4.6015
0.25277,-1.9335,-4.7198
0.18471,-1.9048,-4.8235
0.1462,-1.8746,-4.9125
0.1376,-1.8498,-4.9897
0.19256,-1.8199,-5.0555
0.25987,-1.7789,-5.1086
0.27147,-1.732,-5.1488
0.29802,-1.6847,-5.1752
0.27521,-1.6486,-5.1897
0.21201,-1.6059,-5.194
0.095715,-1.5494,-5.1872
-0.011979,-1.504,-5.17
-0.11743,-1.4592,-5.1432
-0.25728,-1.4062,-5.1069
-0.29393,-1.3565,-5.0619
-0.28757,-1.3045,-5.0089
-0.27822,-1.244,-4.9473
-0.26551,-1.1812,-4.8762
-0.21989,-1.1228,-4.7965
-0.21091,-1.0695,-4.7104
-0.24382,-1.0065,-4.6171
-0.26327,-0.94063,-4.5152
-0.32908,-0.88644,-4.4075
-0.29056,-0.82429,-4.2939
-0.30926,-0.75491,-4.1741
-0.35077,-0.6792,-4.0474
-0.30515,-0.62899,-3.9147
-0.3216,-0.58922,-3.7827
-0.2427,-0.49312,-3.6436
-0.20493,-0.41353,-3.4927
-0.24307,-0.36629,-3.3408
-0.2412,-0.28296,-3.186
-0.27299,-0.19927,-3.0218
-0.28645,-0.13061,-2.8543
-0.29767,-0.026017,-2.6797
-0.24868,0.063029,-2.4934
-0.18474,0.15403,-2.3029
-0.12229,0.2379,-2.1066
-0.03479,0.31707,-1.9076
-0.018336,0.42304,-1.7015
0.043363,0.47599,-1.4951
0.062808,0.61718,-1.2834
0.077766,0.65922,-1.0664
0.087488,0.78955,-0.85326
0.020927,0.89384,-0.62551
0.050468,0.93304,-0.41525
0.021675,1.1881,-0.1756
0.036259,0.51907,0.0028874
0.1174,-0.069554,-6.9411e-06
0.12713,0.1265,-0.010111
0.22472,0.027451,-0.00093673
0.28642,0.038537,-0.0074978
0.23145,0.039231,-0.0017353
0.19331,0.011045,-0.0050758
0.17761,0.043418,-0.0021852
0.14171,0.0073752,-0.0025339
0.14881,0.029704,-0.0024776
0.14919,0.0083312,-0.0010792
0.099454,0.014607,-0.001844
0.10357,0.01286,-0.00027313
0.090854,0.0040236,-0.00089174
0.088984,0.014558,0.00031924
0.10544,0.0066292,0.00098284
0.072157,0.0045522,0.0012753
0.06206,0.0069703,0.001534
0.021301,0.0076751,0.0020364
0.0082132,0.00057451,0.0028724
0.042616,0.00096066,0.0027487
0.049346,0.0052008,0.0033748
0.08674,-0.0028446,0.0040422
0.12226,-0.00050895,0.0038435
0.14283,0.0023515,0.0040684
0.13423,-0.0062149,0.0042934
0.1088,-0.00056519,0.0039934
0.055703,0.00027459,0.0040572
0.0018563,-0.0047978,0.0042859
0.0011084,-0.0029346,0.0042109
-0.048999,-0.0017649,0.0040946
-0.059096,-0.0024434,0.0041809
-0.02245,-0.006841,0.0041546
-0.014597,-0.0059338,0.0040309
0.03065,-0.0039056,0.0042146
