0.053834,-0.011055,8.0556e-06
0.062434,-0.012007,-0.00016441
0.054582,-0.0065224,-4.0684e-05
0.060939,-0.0030358,0.00048795
0.059817,-0.0083744,0.00082162
0.056451,-0.0092854,0.0010428
0.041868,-0.0034669,0.0015865
0.043363,-0.0093754,0.0017364
0.064678,-0.003362,0.0020064
0.057573,-0.010391,0.0023588
0.064304,-0.0062562,0.0021676
0.071409,-0.0027284,0.0028987
0.052338,-0.016056,0.0023213
0.06206,0.0091148,0.0029212
0.054956,-0.023505,0.0024675
0.046355,0.011345,0.0026475
0.070287,-0.018797,0.0036148
0.060939,-0.0085731,0.001579
0.04972,0.0059581,0.0042184
0.056825,-0.045306,0.001369
0.059817,0.052978,0.0045333
0.050842,-0.097192,0.0015002
0.044859,0.10518,0.0029324
0.064304,-0.16284,0.0041734
0.054208,0.27757,-0.0022339
0.093097,2.4157,0.14142
0.19518,2.829,0.37448
0.20042,2.62,0.55141
0.33279,2.771,0.72265
0.49059,2.5709,0.87349
0.48274,2.6576,1.0054
0.6125,2.5223,1.1258
0.61362,2.4952,1.2231
0.49583,2.4785,1.3083
0.43301,2.3941,1.3789
0.26324,2.3799,1.4407
0.23033,2.2943,1.4882
0.23332,2.2374,1.5242
0.17574,2.1347,1.5523
0.078514,2.0754,1.5712
-0.020206,2.0031,1.5808
-0.030302,1.9129,1.5801
-0.094994,1.8422,1.5705
-0.15931,1.7432,1.551
-0.30702,1.6671,1.5247
-0.30365,1.5802,1.4921
-0.28757,1.471,1.4503
-0.40499,1.375,1.4018
-0.24793,1.2695,1.3465
-0.19596,1.1671,1.286
-0.11893,1.0552,1.2196
0.06393,0.94681,1.1477
0.011579,0.83197,1.0737
-0.096863,0.69653,0.99333
-0.23559,0.55674,0.90491
-0.36386,0.4563,0.81459
-0.45285,0.3336,0.725
-0.51979,0.16687,0.62502
-0.53587,0.081088,0.52517
-0.49548,-0.12819,0.41663
-0.42144,-0.24949,0.29778
-0.3231,-0.43753,0.18038
-0.18287,-0.60756,0.046636
-0.034416,-0.15288,-0.012057
0.094219,0.019837,0.0044208
0.18621,-0.079962,0.00091535
0.22173,-0.0036694,0.0016015
0.14134,-0.041849,0.00273
0.10506,-0.018635,0.00088536
0.15405,-0.025965,0.0026512
0.16265,-0.026879,0.00082162
0.23781,-0.0094878,0.0021638
0.28755,-0.023903,0.0010128
0.3111,-0.012596,0.0013278
0.32681,-0.017196,0.0012453
0.25913,-0.014373,0.0007129
0.22884,-0.014635,0.0010953
0.22435,-0.01221,0.0004992
0.22211,-0.014358,0.00054794
0.21575,-0.014601,0.00017677
0.23071,-0.010061,7.1791e-05
0.24978,-0.011595,5.6795e-05
0.2666,-0.012086,-0.00027313
0.31559,-0.01023,-0.00037061
0.36607,-0.01092,-0.00074178
0.37953,-0.0091242,-0.00099672
0.28119,-0.0060013,-0.00075677
0.20304,-0.012431,-0.00096298
0.1088,-0.0084719,-0.0010042
-0.081906,-0.0050977,-0.00056932
-0.18549,-0.010121,-0.00071178
-0.22026,-0.0094653,-0.00098922
-0.23073,-0.006946,-0.00077927
-0.1982,-0.0080295,-0.000888
-0.16193,-0.010729,-0.0010755
-0.1294,-0.0046141,-0.00061056
-0.082654,-0.0052852,-0.00056182
-0.037407,-0.0095103,-0.00086925
-0.022824,-0.0062412,-0.00075677
-0.017962,-0.0074784,-0.00066305
-0.020954,-0.0055701,-0.00079427
-0.066948,-0.0047603,-0.00079427
-0.10322,-0.0042392,-0.00075303
-0.10846,-0.0038868,-0.00070429
-0.11145,-0.0098177,-0.00050558
-0.051991,-0.0051352,-0.00058056
0.031023,-0.0019823,-0.00065555
0.090854,-0.0044229,-0.00067054
0.14246,-0.0034294,-0.00078302
0.17985,-0.0067286,-0.00081676
0.1978,-0.0089255,-0.0014204
0.20117,-0.011501,-0.0018853
0.23295,-0.012809,-0.0020802
0.24753,-0.006946,-0.0027588
0.23931,-0.00611,-0.0026014
0.28007,-0.0093304,-0.0031712
0.28231,-0.0031408,-0.0032612
0.25202,-0.013177,-0.0032987
0.27745,-0.0076883,-0.0041085
0.261,-0.010298,-0.0033587
0.23258,-0.0083219,-0.0044684
0.17649,0.00027084,-0.0032125
0.090854,-0.021368,-0.0046597
0.057573,0.012016,-0.0038948
-0.002631,-0.026527,-0.0035799
-0.020206,0.0081813,-0.0051171
-0.016093,-0.024274,-0.0023839
0.0089611,-0.015036,-0.0072653
0.024293,0.023226,0.00016927
0.014944,-0.078106,-0.008735
0.059069,0.14619,0.0038884
-0.002631,-0.74792,-0.030544
0.0014823,-1.8666,-0.26366
-0.0015092,-1.6673,-0.51863
-0.056478,-1.6949,-0.72274
0.014944,-1.7426,-0.92725
0.031397,-1.7279,-1.0957
0.12937,-1.8344,-1.2527
0.22323,-1.7917,-1.3851
0.22061,-1.8496,-1.4949
0.29428,-1.8604,-1.592
0.30175,-1.8845,-1.6719
0.31709,-1.8954,-1.7386
0.37467,-1.8946,-1.7891
0.35635,-1.9035,-1.8276
0.36196,-1.886,-1.8526
0.33092,-1.8825,-1.8675
0.29278,-1.8448,-1.8723
0.26025,-1.7981,-1.8646
0.18359,-1.7521,-1.8467
0.13722,-1.6887,-1.819
0.067669,-1.6318,-1.7827
0.025788,-1.5705,-1.7405
0.018684,-1.4915,-1.6905
0.02878,-1.4095,-1.6324
0.0022302,-1.3116,-1.5672
-0.033668,-1.2193,-1.4966
-0.010858,-1.107,-1.4208
-0.026189,-1.0091,-1.339
-0.067322,-0.91142,-1.257
-0.10434,-0.7487,-1.1652
-0.13949,-0.64626,-1.0669
-0.21017,-0.52798,-0.96959
-0.2584,-0.40102,-0.86792
-0.28832,-0.25881,-0.76161
-0.29393,-0.12456,-0.64874
-0.2786,0.028613,-0.53357
-0.30066,0.23335,-0.40227
-0.26663,0.30571,-0.2764
-0.2771,0.61086,-0.13864
-0.26701,0.4934,-0.010358
-0.1997,-0.025222,0.0063779
-0.18736,0.025119,-0.0075728
-0.096116,0.032209,-0.00034062
-0.046382,-0.0055551,-0.0049971
-0.018336,0.027215,-0.0022152
0.063556,-0.010954,-0.0032612
0.062434,0.020381,-0.0028563
0.092349,-0.0021885,-0.0022939
0.1634,0.0065279,-0.00322
0.18135,0.0038586,-0.0018853
0.15629,-0.00082012,-0.0027551
0.17312,0.0074314,-0.0017203
0.20864,-0.0042842,-0.0020427
0.20117,0.00077696,-0.0017466
0.24342,-0.00026152,-0.0013304
0.30512,0.00054827,-0.0015366
0.32681,-0.00011156,-0.0010155
0.34102,-0.0040593,-0.0011279
0.37654,-0.0048278,-0.00070054
0.37804,-0.0019636,-0.00055807
0.34289,-0.0020198,-0.00039311
0.32868,-0.0045766,0.00020676
0.3111,-0.0054764,6.8042e-05
0.26623,-0.004093,0.00021801
0.20004,-0.0039206,0.00018802
0.13348,-0.0049628,-0.00016816
0.059443,-0.0067436,0.00012053
-0.013101,-0.0071335,0.00012428
-0.063583,-0.0058363,-0.00016066
-0.082654,-0.0097878,9.8036e-05
-0.091628,-0.007737,0.00017677
-0.11967,-0.0063049,-0.00019815
-0.14921,-0.0072347,3.43e-05
-0.15333,-0.0043517,0.00035298
-0.15295,-0.0062262,0.0007279
-0.15108,-0.0051465,0.0015002
-0.13426,-0.0057238,0.0018152
-0.12566,-0.0053489,0.0025537
-0.12192,-0.0030808,0.0028387
-0.14099,-0.0011875,0.0033673
-0.14921,-0.0086818,0.0039109
-0.1193,-0.0036694,0.0036935
-0.077419,-0.0053789,0.0048407
-0.04526,-0.0077858,0.0041096
-0.021702,-0.00112,0.0055531
0.0052217,-0.022928,0.0047058
0.030276,0.0088186,0.0052494
0.071035,-0.020034,0.0060667
0.12077,0.01154,0.0043383
0.18172,-0.0093266,0.0078626
0.21388,-0.012483,0.0028987
0.25726,0.033866,0.0091035
0.28194,-0.070938,0.002685
0.25688,0.10063,0.0083425
0.30175,-0.18226,0.0050094
0.26399,0.5013,0.0081138
0.29652,2.1902,0.2562
0.38178,2.2665,0.6171
0.32419,2.1871,0.90881
0.39748,2.3916,1.2005
0.44423,2.4007,1.4572
0.46517,2.6174,1.6955
0.58819,2.7018,1.9193
0.6555,2.8603,2.1203
0.73328,2.9765,2.3064
0.85182,3.0823,2.4677
0.88136,3.211,2.6134
0.86453,3.3069,2.7368
0.88173,3.3905,2.8423
0.85144,3.4443,2.9294
0.81255,3.4905,3.0002
0.6454,3.4974,3.0586
0.36607,3.4961,3.1027
0.12413,3.4494,3.1356
-0.13014,3.4134,3.1541
-0.30216,3.3487,3.1606
-0.48838,3.2597,3.1585
-0.63907,3.2119,3.1463
-0.62898,3.1382,3.1254
-0.68694,3.0583,3.097
-0.57663,2.9814,3.0597
-0.35937,2.905,3.0142
-0.2786,2.8079,2.9626
-0.16455,2.693,2.9039
-0.18885,2.5976,2.8383
-0.24494,2.4822,2.7664
-0.28533,2.3672,2.6881
-0.36722,2.2652,2.6063
-0.43378,2.1376,2.519
-0.51941,2.0123,2.4254
-0.5497,1.8921,2.3277
-0.61439,1.7697,2.2252
-0.6286,1.6428,2.1201
-0.61028,1.5018,2.0095
-0.59719,1.4011,1.8974
-0.52988,1.262,1.7868
-0.50259,1.0911,1.6656
-0.45921,0.97261,1.5412
-0.38068,0.83773,1.4184
-0.24606,0.68845,1.2922
-0.09275,0.52387,1.1599
0.066174,0.38444,1.0263
0.20229,0.17672,0.88561
0.28231,0.027721,0.73547
0.35523,-0.12813,0.59018
0.30624,-0.33059,0.43424
0.24604,-0.4326,0.2866
0.16901,-0.76914,0.12223
0.094219,-0.52648,-0.013155
0.07627,0.000612,-0.019881
0.043737,-0.092326,-0.0081726
0.15442,-0.068085,-0.015637
0.19144,-0.04477,-0.010328
0.26548,-0.067931,-0.013965
0.43936,-0.031926,-0.011877
0.44647,-0.05845,-0.013182
0.52163,-0.031584,-0.013294
0.54108,-0.046772,-0.012709
0.44086,-0.036754,-0.014303
0.347,-0.032507,-0.013256
0.23669,-0.036976,-0.014085
0.13498,-0.028285,-0.013946
0.016066,-0.033279,-0.014456
-0.028059,-0.026827,-0.014535
-0.086767,-0.030062,-0.01461
-0.14286,-0.028589,-0.015225
-0.16417,-0.028514,-0.015165
-0.21054,-0.034291,-0.015618
-0.181,-0.029568,-0.015795
-0.18997,-0.029121,-0.015888
-0.19596,-0.028544,-0.016604
-0.17165,-0.022006,-0.016353
-0.17576,-0.024341,-0.015952
-0.14248,-0.024248,-0.016541
-0.11593,-0.021069,-0.016447
-0.075549,-0.021646,-0.016252
-0.085645,-0.020682,-0.016376
-0.083028,-0.019441,-0.01617
-0.0662,-0.019524,-0.01608
-0.10434,-0.020915,-0.016263
-0.098733,-0.023869,-0.016515
-0.087515,-0.024619,-0.017043
-0.019458,-0.022246,-0.017864
0.06206,-0.02571,-0.018355
0.14358,-0.020724,-0.018921
0.23744,-0.022268,-0.019083
0.30961,-0.028702,-0.019773
0.39786,-0.015509,-0.019724
0.42141,-0.025181,-0.020226
0.43413,-0.017443,-0.021107
0.43525,-0.026568,-0.020639
0.38851,-0.021042,-0.022251
0.31372,-0.014369,-0.020837
0.22323,-0.034542,-0.022974
0.15741,0.0032138,-0.021392
0.0744,-0.043694,-0.022408
0.032893,0.0093509,-0.023327
0.011205,-0.041066,-0.020271
-0.021328,-0.0092479,-0.026439
-0.028807,0.0013468,-0.017351
-0.012727,-0.084333,-0.03054
-0.002257,0.15305,-0.01085
-0.033294,-1.049,-0.073356
0.029528,-2.3014,-0.39749
0.054956,-2.1099,-0.74364
0.067295,-2.2455,-1.0339
0.20453,-2.3007,-1.321
0.31596,-2.2934,-1.571
0.43375,-2.3461,-1.8185
0.46928,-2.266,-2.0477
0.38963,-2.3128,-2.265
0.23258,-2.3013,-2.4671
0.056077,-2.3504,-2.6497
0.19331,-2.3535,-2.8194
0.3844,-2.3379,-2.9697
0.37355,-2.3313,-3.1073
0.46105,-2.2853,-3.2292
0.48536,-2.2659,-3.3375
0.47264,-2.2327,-3.4315
0.59193,-2.2089,-3.5119
0.66971,-2.1742,-3.58
0.59941,-2.1285,-3.6328
0.52088,-2.0929,-3.673
0.4259,-2.0507,-3.7013
0.22734,-2.0138,-3.7175
0.20902,-1.9771,-3.7239
0.19107,-1.9309,-3.7204
0.17985,-1.8777,-3.706
0.22472,-1.8162,-3.6822
0.12376,-1.7487,-3.6505
-0.013475,-1.6796,-3.6097
-0.13239,-1.6153,-3.5595
-0.15894,-1.5421,-3.5007
-0.18997,-1.4708,-3.4339
-0.21914,-1.4102,-3.3617
-0.26289,-1.3349,-3.2828
-0.32497,-1.2519,-3.1962
-0.36572,-1.1716,-3.1028
-0.35937,-1.0958,-3.003
-0.29617,-1.0093,-2.8983
-0.31861,-0.92465,-2.7872
-0.33394,-0.86017,-2.6734
-0.38667,-0.75174,-2.5547
-0.49025,-0.65004,-2.4245
-0.59981,-0.59727,-2.2946
-0.71947,-0.48472,-2.1626
-0.71573,-0.38722,-2.0224
-0.65814,-0.28894,-1.8795
-0.58971,-0.16008,-1.7276
-0.49623,-0.04312,-1.5684
-0.39414,0.080241,-1.4005
-0.28982,0.16982,-1.2328
-0.19932,0.33832,-1.0587
-0.086767,0.41198,-0.88014
-0.02058,0.55963,-0.70411
0.027284,0.66247,-0.51558
0.12713,0.75175,-0.33932
0.18097,0.99921,-0.13515
0.22809,0.39397,0.0063366
0.30849,-0.068002,-0.0022602
0.37579,0.10892,-0.00851
0.4633,0.010783,-0.0023652
0.5149,0.03757,-0.0074415
0.50929,0.028595,-0.0025864
0.48274,0.0075702,-0.0058781
0.4102,0.033952,-0.0029463
0.35934,-0.000329,-0.0039136
0.32232,0.022536,-0.0037186
0.28867,0.0058644,-0.0023952
0.27521,0.012039,-0.0032837
0.261,0.0084099,-0.0020015
0.26399,0.0041473,-0.0024177
0.22585,0.0062093,-0.0016416
0.18284,-0.0011763,-0.0014691
0.14582,0.0019317,-0.0011054
0.074774,-0.004138,-0.00078302
-0.011605,0.0050433,-0.00037061
-0.086767,0.0052908,0.00074664
-0.13276,-0.0014312,0.0012453
-0.20269,0.0057631,0.0025312
-0.22363,0.0069778,0.0038584
-0.2068,0.00068323,0.0043796
-0.20867,0.0028089,0.0046758
-0.17838,0.0034875,0.0058005
-0.16754,-0.0066911,0.0056281
-0.18063,0.0074165,0.0062354
-0.19484,-0.0047416,0.0071915
-0.18436,0.0035287,0.0067341
-0.16081,-0.001285,0.0084962
-0.1451,-0.005244,0.006959
-0.096863,0.013726,0.0095759
-0.042642,-0.026355,0.007915
0.011579,0.028853,0.0094522
0.071783,-0.037189,0.010292
0.13348,0.021486,0.0072777
0.17536,-0.013758,0.014184
0.2064,-0.017012,0.0043383
0.22173,0.066666,0.019095
0.21986,-0.18745,-0.0031862
0.21313,1.1738,0.070196
0.26249,2.4196,0.42774
0.38776,2.0049,0.80628
0.41132,2.0587,1.1407
0.54033,2.0718,1.4857
0.70336,2.0508,1.7912
0.65288,2.1494,2.0914
0.73889,2.1309,2.3699
0.75908,2.2307,2.6372
0.61661,2.2479,2.8921
0.64129,2.3173,3.1307
0.64466,2.3612,3.3603
0.61025,2.4186,3.5763
0.73702,2.4577,3.7825
0.875,2.4738,3.9697
0.84023,2.5483,4.1448
0.85369,2.604,4.3108
0.92062,2.6624,4.4648
0.86191,2.6973,4.6049
0.8047,2.7272,4.7281
0.68018,2.7406,4.8366
0.43375,2.7346,4.93
0.22659,2.7369,5.0088
0.1376,2.718,5.0746
0.056077,2.6928,5.1268
0.019805,2.6684,5.1661
0.052338,2.6315,5.1953
-0.013475,2.5745,5.2132
-0.13276,2.5259,5.2179
-0.19371,2.4798,5.2111
-0.27523,2.418,5.1934
-0.43266,2.3647,5.1654
-0.49025,2.3033,5.1288
-0.5426,2.2292,5.0843
-0.61065,2.1604,5.0305
-0.55569,2.1,4.9692
-0.55082,2.0268,4.9011
-0.50184,1.9497,4.8249
-0.37283,1.8767,4.7413
-0.31487,1.7891,4.6501
-0.2943,1.7054,4.5521
-0.35339,1.6331,4.4493
-0.44463,1.5554,4.3405
-0.51605,1.4711,4.2241
-0.58149,1.3874,4.1019
-0.64842,1.2993,3.9747
-0.67385,1.2191,3.8439
-0.64207,1.1204,3.7085
-0.62786,1.0343,3.568
-0.54895,0.98057,3.4288
-0.46781,0.8536,3.2843
-0.41247,0.74633,3.1291
-0.36012,0.69127,2.9754
-0.34778,0.57631,2.8192
-0.30253,0.47957,2.6557
-0.313,0.37672,2.4888
-0.31001,0.2546,2.3139
-0.24681,0.13824,2.1316
-0.1911,0.033903,1.9442
-0.093124,-0.066162,1.7569
-0.025441,-0.21014,1.5619
0.058321,-0.29046,1.3653
0.14694,-0.44928,1.1674
0.13947,-0.54383,0.96269
0.094967,-0.66726,0.76292
0.062808,-0.79887,0.55025
0.059069,-0.85367,0.35058
0.032893,-1.1502,0.12649
0.048225,-0.62087,-0.052499
0.13124,0.0072627,-0.058846
0.14208,-0.15972,-0.044783
0.22958,-0.093304,-0.053807
0.3283,-0.089454,-0.046845
0.29016,-0.10481,-0.051892
0.31148,-0.062754,-0.048709
0.28829,-0.097668,-0.050452
0.20977,-0.058671,-0.050471
0.1462,-0.076839,-0.049732
0.040372,-0.064846,-0.051341
-0.00038735,-0.064212,-0.050306
-0.028807,-0.061618,-0.051356
-0.046008,-0.054607,-0.050894
-0.020954,-0.059871,-0.051753
0.0067175,-0.052414,-0.051697
0.05346,-0.059338,-0.05221
0.070661,-0.052646,-0.05317
0.082253,-0.051953,-0.053609
0.092723,-0.053089,-0.055161
0.096837,-0.049857,-0.056241
0.087862,-0.045021,-0.056874
0.084871,-0.046693,-0.057605
0.11217,-0.048309,-0.058771
0.11329,-0.04261,-0.05843
0.11217,-0.043758,-0.059559
0.13647,-0.032162,-0.059499
0.12974,-0.047353,-0.060024
0.10843,-0.029489,-0.060687
0.086366,-0.044946,-0.059652
0.054582,-0.036275,-0.062704
0.056825,-0.02857,-0.05963
0.034015,-0.056399,-0.063503
0.036259,-0.003302,-0.060264
0.065426,-0.081578,-0.062498
0.08861,0.023736,-0.063454
0.12226,-0.092693,-0.058396
0.15704,0.020002,-0.071365
0.15031,-0.068389,-0.044555
0.071783,-1.6137,-0.21311
0.13161,-2.1344,-0.62003
0.042242,-1.8812,-0.97762
0.056451,-2.1062,-1.3197
0.3369,-2.0294,-1.6528
0.27707,-2.1077,-1.9533
0.44535,-2.1342,-2.2488
0.54407,-2.1639,-2.5196
0.32307,-2.2394,-2.7844
0.49845,-2.2485,-3.032
0.5781,-2.3178,-3.2679
0.60165,-2.3472,-3.4932
0.75871,-2.4029,-3.7073
0.85406,-2.411,-3.9091
0.84621,-2.4368,-4.0924
0.78787,-2.4922,-4.2675
0.88472,-2.524,-4.4332
0.79909,-2.548,-4.5875
0.80545,-2.5577,-4.7276
0.87126,-2.5679,-4.8528
0.77778,-2.5564,-4.9633
0.79049,-2.5585,-5.0571
0.75572,-2.5695,-5.1378
0.82489,-2.553,-5.2057
0.8219,-2.5369,-5.2593
0.74487,-2.5161,-5.301
0.66261,-2.4898,-5.3306
0.4805,-2.4583,-5.3479
0.30811,-2.4117,-5.3533
0.093471,-2.3686,-5.3463
-0.026189,-2.3249,-5.3281
-0.14248,-2.275,-5.3
-0.23485,-2.2228,-5.2627
-0.28944,-2.166,-5.2171
-0.31263,-2.1006,-5.163
-0.28346,-2.0335,-5.1007
-0.31188,-1.9721,-5.0308
-0.31263,-1.8999,-4.9533
-0.37806,-1.8233,-4.8679
-0.44949,-1.7455,-4.7746
-0.50072,-1.6711,-4.6742
-0.57139,-1.61,-4.5684
-0.61103,-1.5306,-4.4578
-0.68245,-1.4434,-4.3409
-0.72545,-1.3593,-4.2175
-0.77257,-1.2768,-4.0885
-0.78977,-1.2003,-3.9557
-0.78416,-1.1074,-3.8172
-0.83203,-1.0361,-3.6747
-0.86792,-0.95306,-3.5317
-0.9027,-0.83255,-3.3793
-0.92289,-0.76473,-3.2207
-0.87279,-0.6878,-3.0646
-0.75612,-0.57367,-2.902
-0.66076,-0.48251,-2.7339
-0.53325,-0.36482,-2.5611
-0.40424,-0.24816,-2.379
-0.32758,-0.12447,-2.1899
-0.23709,-0.033384,-1.9966
-0.20493,0.078891,-1.8029
-0.14248,0.21167,-1.6007
-0.13762,0.29726,-1.4008
-0.18661,0.46313,-1.195
-0.13874,0.5307,-0.98808
-0.11631,0.70484,-0.78165
-0.060965,0.77587,-0.56474
0.041494,0.91267,-0.36162
0.16415,1.1005,-0.12798
0.32344,0.33436,0.010517
0.41805,-0.053254,-0.0080414
0.48237,0.12999,-0.008825
0.54444,0.010112,-0.0045172
0.50032,0.054688,-0.0089225
0.43263,0.025858,-0.0040448
0.40496,0.021591,-0.0075353
0.34551,0.033101,-0.0040635
0.27184,0.0057819,-0.005582
0.19144,0.02651,-0.0045622
0.11292,0.0014105,-0.0036924
0.062434,0.016332,-0.0039398
0.049346,0.0089311,-0.0027738
0.031771,0.0052795,-0.0030625
0.0078393,0.0011069,-0.0023427
-0.017589,-0.0029908,-0.0023014
-0.05573,0.0078738,-0.0012779
-0.056478,0.00069448,-0.0011467
-0.07854,0.0085562,-0.00056932
-0.050121,0.010881,0.0011553
0.045981,0.0014555,0.0019989
0.089358,0.0075552,0.0029024
0.15554,0.0049534,0.0042034
0.17686,-0.00045647,0.0044471
0.14807,0.0024378,0.0052531
0.12451,-0.0017949,0.005673
0.051964,0.0051521,0.0064604
-0.014971,-0.0091167,0.0069103
-0.050121,0.007154,0.0066591
-0.06807,-0.0012213,0.0085074
-0.063583,-0.0062037,0.0069328
0.0026042,0.011882,0.0095609
0.078514,-0.026111,0.0078326
0.1174,0.024534,0.0096097
0.19593,-0.033973,0.0099171
0.26885,0.027035,0.0077013
0.27446,-0.02571,0.013723
0.24978,-0.0076771,0.0041434
0.18284,0.05218,0.019234
0.11815,-0.16778,-0.004386
0.049346,1.2298,0.078666
0.06206,2.3786,0.44012
0.16714,1.9694,0.81182
0.17349,2.0451,1.1421
0.32157,2.0514,1.4803
0.42665,2.0509,1.7801
0.36158,2.1283,2.0746
0.52948,2.111,2.3454
0.57136,2.2086,2.6061
0.53696,2.2082,2.8539
0.67046,2.2844,3.087
0.68915,2.3106,3.3131
0.70561,2.3128,3.5202
0.80657,2.3566,3.7148
0.89332,2.3926,3.8987
0.84696,2.4266,4.0745
0.84957,2.4296,4.2375
0.86117,2.4446,4.3849
0.77628,2.4414,4.5182
0.75048,2.423,4.6349
0.66634,2.4183,4.7364
0.66784,2.4026,4.8244
0.68205,2.3808,4.8974
0.70897,2.3654,4.958
0.789,2.3436,5.0075
0.79834,2.3112,5.0444
0.8148,2.2715,5.0684
0.72393,2.2288,5.0796
0.56052,2.183,5.0778
0.33354,2.1441,5.065
0.098706,2.1046,5.0433
-0.11893,2.0488,5.012
-0.31225,1.9972,4.9701
-0.42331,1.9466,4.92
-0.52427,1.8857,4.8616
-0.53624,1.831,4.7947
-0.52876,1.7715,4.7203
-0.51268,1.6964,4.6373
-0.48426,1.6263,4.5462
-0.53063,1.5647,4.4488
-0.56803,1.4926,4.3463
-0.62112,1.409,4.2366
-0.71498,1.3339,4.1201
-0.81894,1.2559,3.9981
-0.88961,1.1739,3.8713
-0.94009,1.0926,3.7409
-0.99469,1.0134,3.6037
-0.97898,0.95324,3.4651
-0.98048,0.85205,3.3242
-1.0149,0.74254,3.1722
-1.0048,0.68605,3.0186
-0.99207,0.59126,2.8648
-0.98198,0.48726,2.7034
-0.91654,0.39332,2.5385
-0.79127,0.27818,2.3664
-0.68619,0.15922,2.1865
-0.54148,0.044779,1.9992
-0.38255,-0.039465,1.8114
-0.28009,-0.17785,1.6189
-0.1208,-0.26541,1.4216
-0.048625,-0.40295,1.2259
-0.082654,-0.52473,1.0211
-0.043016,-0.61418,0.82204
-0.053861,-0.78689,0.61068
-0.0576,-0.80379,0.40785
-0.016093,-1.1068,0.19311
0.035885,-0.80914,-0.013174
0.18957,-0.030017,-0.051445
0.32382,-0.10344,-0.028369
0.45582,-0.11288,-0.039587
0.55304,-0.057618,-0.033048
0.56463,-0.1078,-0.036558
0.57959,-0.048691,-0.035489
0.53883,-0.083951,-0.035538
0.46105,-0.053962,-0.037139
0.38327,-0.066705,-0.035223
0.28605,-0.05947,-0.037401
0.17649,-0.050232,-0.036344
0.1088,-0.056995,-0.037427
0.072157,-0.047555,-0.037345
0.024293,-0.053617,-0.037859
-0.0033789,-0.041264,-0.038327
-0.028807,-0.049527,-0.038275
-0.048625,-0.041831,-0.039062
-0.072557,-0.041493,-0.038657
-0.074801,-0.055503,-0.039808
-0.026937,-0.043919,-0.041443
-0.011232,-0.038865,-0.042065
0.022423,-0.045939,-0.043299
0.053086,-0.04074,-0.044045
0.02691,-0.039255,-0.044266
0.009709,-0.034561,-0.045064
-0.023572,-0.034063,-0.044922
-0.083028,-0.038258,-0.046193
-0.14323,-0.026557,-0.045724
-0.19857,-0.045647,-0.046572
-0.23597,-0.021458,-0.047183
-0.22849,-0.04071,-0.046354
-0.17389,-0.027929,-0.049117
-0.1208,-0.021983,-0.046024
-0.043764,-0.053111,-0.050223
0.081131,0.000612,-0.046482
0.16489,-0.079639,-0.049496
0.26773,0.032077,-0.049578
0.29914,-0.093038,-0.045811
0.30362,0.033911,-0.057051
0.30437,-0.10821,-0.031852
0.20079,-1.6899,-0.21241
0.33204,-2.1414,-0.61648
0.28343,-1.8841,-0.96468
0.29689,-2.115,-1.3015
0.66298,-2.0375,-1.6261
0.62072,-2.1258,-1.9195
0.79722,-2.1458,-2.2063
0.99167,-2.1838,-2.4681
0.76768,-2.2575,-2.7246
0.86902,-2.2736,-2.9636
0.94493,-2.3568,-3.1942
0.89482,-2.3562,-3.4126
0.94119,-2.3845,-3.6126
0.99429,-2.4201,-3.8023
0.96849,-2.4596,-3.982
0.90417,-2.488,-4.1529
0.9711,-2.4902,-4.3088
0.86565,-2.501,-4.4505
0.85406,-2.4923,-4.5778
0.86304,-2.4755,-4.6879
0.72505,-2.4699,-4.7831
0.72991,-2.4584,-4.866
0.65849,-2.4337,-4.9351
0.66971,-2.4139,-4.9904
0.66447,-2.3926,-5.035
0.65139,-2.36,-5.0674
0.61698,-2.3174,-5.0869
0.43002,-2.2752,-5.0943
0.27072,-2.2332,-5.0896
0.068791,-2.1836,-5.0744
-0.11294,-2.137,-5.0496
-0.33244,-2.0884,-5.0154
-0.46482,-2.0318,-4.9724
-0.59158,-1.9746,-4.9202
-0.73592,-1.915,-4.8599
-0.7449,-1.8506,-4.7918
-0.72321,-1.7814,-4.7155
-0.63683,-1.71,-4.6312
-0.62786,-1.6358,-4.5389
-0.58672,-1.5652,-4.4404
-0.56653,-1.4954,-4.3375
-0.59308,-1.415,-4.2282
-0.59607,-1.3321,-4.1121
-0.69217,-1.2541,-3.9899
-0.74826,-1.1795,-3.8631
-0.84661,-1.087,-3.7313
-0.90906,-1.0111,-3.5934
-0.96029,-0.94661,-3.4555
-1.044,-0.82817,-3.3113
-1.0033,-0.74087,-3.1569
-0.98609,-0.67855,-3.0042
-0.97487,-0.56998,-2.8479
-0.88064,-0.47797,-2.6847
-0.74228,-0.3715,-2.5171
-0.64693,-0.25376,-2.3418
-0.54447,-0.13235,-2.1578
-0.42705,-0.039607,-1.9681
-0.34815,0.071082,-1.7788
-0.20381,0.1992,-1.5805
-0.1451,0.28701,-1.3837
-0.11369,0.45005,-1.1822
-0.018336,0.5136,-0.97873
-0.0071182,0.68911,-0.77578
0.0026042,0.76448,-0.56221
0.045981,0.8875,-0.36271
0.093471,1.0944,-0.13184
0.12937,0.35216,0.010479
0.20042,-0.059241,-0.0063243
0.31335,0.12522,-0.0084163
0.39561,0.007109,-0.0035462
0.4532,0.043302,-0.0083151
0.48573,0.02251,-0.0031712
0.5336,0.01908,-0.0067217
0.53659,0.029416,-0.003145
0.50219,0.0030901,-0.0046034
0.47676,0.028077,-0.0038161
0.36009,0.0046272,-0.0027776
0.22958,0.015229,-0.00325
0.14582,0.0072365,-0.0021402
0.035885,0.0073527,-0.0024401
-0.061713,0.0080275,-0.0013229
-0.12453,0.0032438,-0.0015666
-0.15632,0.0098496,-0.0006593
-0.14286,0.0027827,-3.3185e-05
-0.13687,0.0047134,0.00017677
-0.086393,0.0079488,0.0020476
-0.0071182,0.0031463,0.0030186
0.020179,0.0029176,0.003701
0.097958,0.0027902,0.0049682
0.13573,0.0013993,0.0053581
0.081879,0.0024903,0.0061192
0.066548,-0.00083887,0.006033
0.021675,0.0088673,0.0072364
-0.056104,-0.0071597,0.0074464
-0.098733,0.0047434,0.0072027
-0.13987,-0.0061437,0.009351
-0.1552,-0.0039355,0.0076189
-0.16118,0.010131,0.010472
-0.15969,-0.023067,0.00829
-0.089385,0.029329,0.010479
-0.032172,-0.039412,0.010221
-0.026189,0.03228,0.0089273
0.044859,-0.029905,0.014285
0.14956,0.0049496,0.004972
0.1548,0.035542,0.020272
0.18583,-0.14083,-0.0053083
0.1963,1.344,0.094101
0.25501,2.3843,0.46598
0.41244,1.9651,0.83339
0.35298,2.0835,1.1657
0.47489,2.0711,1.5022
0.58894,2.089,1.8008
0.48498,2.1626,2.0945
0.70187,2.1615,2.3638
0.74076,2.2571,2.6247
0.69252,2.2532,2.8711
0.88772,2.3343,3.1031
0.91501,2.3596,3.3284
0.92324,2.3719,3.5367
1.0395,2.3998,3.7312
1.1169,2.4297,3.9132
1.0317,2.4776,4.0881
0.98943,2.4883,4.2515
0.97783,2.493,4.4004
0.89893,2.4889,4.535
0.93857,2.4825,4.6541
0.88585,2.4582,4.7579
0.78077,2.4401,4.8464
0.71907,2.4304,4.9218
0.71383,2.4043,4.9843
0.71982,2.3823,5.0336
0.68018,2.3527,5.0719
0.64877,2.3085,5.0987
0.50368,2.2634,5.1118
0.30288,2.2163,5.1128
0.079635,2.1687,5.1026
-0.17502,2.1203,5.082
-0.41882,2.0607,5.0529
-0.60018,2.0021,5.014
-0.76883,1.9491,4.9661
-0.86867,1.8907,4.9105
-0.82978,1.8319,4.8465
-0.80398,1.7669,4.7746
-0.71611,1.6945,4.6948
-0.62561,1.6226,4.6068
-0.5785,1.5505,4.5117
-0.51343,1.4809,4.4118
-0.50932,1.4013,4.3053
-0.58111,1.3191,4.1909
-0.68133,1.245,4.0711
-0.75088,1.1698,3.9464
-0.87279,1.0909,3.8174
-0.95991,1.002,3.6825
-0.95318,0.94006,3.5441
-0.97375,0.85966,3.4056
-0.98609,0.74032,3.2571
-0.96103,0.67616,3.1029
-0.94533,0.60111,2.9509
-0.93748,0.49511,2.7917
-0.81632,0.40976,2.6277
-0.67235,0.29446,2.4583
-0.54335,0.18187,2.2801
-0.36946,0.06367,2.0954
-0.25354,-0.02358,1.9062
-0.13613,-0.13794,1.7165
-0.047504,-0.25917,1.5177
0.012327,-0.34997,1.3214
0.041494,-0.51173,1.1183
0.027658,-0.57061,0.9151
-0.017962,-0.74089,0.71059
-0.11519,-0.79567,0.49844
-0.1006,-0.96201,0.29662
-0.097985,-1.0876,0.065828
-0.038155,-0.30496,-0.05533
0.14545,-0.0024397,-0.032576
0.27072,-0.16061,-0.034713
0.40907,-0.046074,-0.036629
0.44871,-0.1012,-0.033435
0.44834,-0.065768,-0.03709
0.50181,-0.073397,-0.033674
0.45843,-0.073836,-0.037199
0.39337,-0.050956,-0.035159
0.32905,-0.069753,-0.03631
0.18509,-0.046963,-0.036651
0.041868,-0.060932,-0.036576
-0.054234,-0.049434,-0.037221
-0.13239,-0.047548,-0.036996
-0.17016,-0.045557,-0.037877
-0.16193,-0.043686,-0.037637
-0.16903,-0.046206,-0.038702
-0.16342,-0.038453,-0.038635
-0.11145,-0.046521,-0.039227
-0.066948,-0.044159,-0.041049
-0.0011352,-0.040215,-0.041578
0.097211,-0.04694,-0.042669
0.16639,-0.037917,-0.043707
0.21575,-0.03837,-0.043966
0.21276,-0.03732,-0.044592
0.16714,-0.036095,-0.044791
0.12301,-0.037808,-0.046159
0.038128,-0.02511,-0.045428
-0.023198,-0.044519,-0.046534
-0.075175,-0.023258,-0.046943
-0.12192,-0.042067,-0.046204
-0.13164,-0.026107,-0.048825
-0.15258,-0.028612,-0.045814
-0.10472,-0.043548,-0.05004
-0.01871,0.0029851,-0.045923
0.06206,-0.076081,-0.049803
0.16975,0.037487,-0.048457
0.15854,-0.10513,-0.046317
0.20715,0.06189,-0.055547
0.20565,-0.16829,-0.033408
0.091228,-1.7727,-0.23244
0.28829,-2.1256,-0.64002
0.21463,-1.9,-0.98576
0.23781,-2.1257,-1.325
0.61325,-2.0412,-1.6482
0.51153,-2.14,-1.9429
0.68878,-2.149,-2.2297
0.90679,-2.1965,-2.4921
0.72767,-2.2647,-2.7497
0.87201,-2.2785,-2.9887
0.94381,-2.3607,-3.2194
0.9109,-2.3705,-3.4397
1.0309,-2.3914,-3.6428
1.1106,-2.4122,-3.8326
1.0818,-2.4548,-4.0124
1.0238,-2.4832,-4.1844
1.0407,-2.4886,-4.3426
0.92735,-2.4956,-4.4872
0.90267,-2.4876,-4.6174
0.88323,-2.4721,-4.7318
0.77292,-2.4565,-4.8306
0.78675,-2.4467,-4.9166
0.71496,-2.4231,-4.9897
0.68317,-2.3951,-5.0486
0.67158,-2.367,-5.0955
0.63531,-2.3367,-5.1303
0.56576,-2.2986,-5.1526
0.43562,-2.2497,-5.1628
0.27221,-2.2049,-5.1616
0.035885,-2.1558,-5.1495
-0.17651,-2.1077,-5.1275
-0.4263,-2.0579,-5.0966
-0.60804,-2.0028,-5.0567
-0.76771,-1.944,-5.0078
-0.89447,-1.8808,-4.9503
-0.90607,-1.8224,-4.8854
-0.92102,-1.7513,-4.8123
-0.84063,-1.6775,-4.7308
-0.77631,-1.6053,-4.6419
-0.78902,-1.5358,-4.5461
-0.78341,-1.4716,-4.4452
-0.70115,-1.3926,-4.3385
-0.54335,-1.3125,-4.2245
-0.53699,-1.2306,-4.1037
-0.63982,-1.1569,-3.9776
-0.72732,-1.0742,-3.8477
-0.76771,-0.99258,-3.7113
-0.75724,-0.93622,-3.573
-0.79613,-0.8312,-3.432
-0.8425,-0.72988,-3.2792
-0.88213,-0.675,-3.1247
-0.91841,-0.57697,-2.9704
-0.93748,-0.48297,-2.8078
-0.83203,-0.39117,-2.6418
-0.6458,-0.26646,-2.4681
-0.46145,-0.15678,-2.2861
-0.27785,-0.044785,-2.0968
-0.20456,0.040749,-1.9057
-0.10397,0.17508,-1.7105
-0.047877,0.26497,-1.509
-0.0015092,0.38631,-1.3106
0.12451,0.52268,-1.1024
0.15592,0.60157,-0.90006
0.13199,0.78151,-0.68712
0.067295,0.78093,-0.47897
0.054956,1.065,-0.26607
0.042242,0.87536,-0.045638
0.061686,0.035781,0.013085
0.19705,0.040314,-0.013684
0.24978,0.088016,-0.0022189
0.30213,0.0050021,-0.0070216
0.30101,0.0661,-0.0045247
0.24454,0.0030601,-0.004131
0.28156,0.037727,-0.0050421
0.29091,0.0076714,-0.0026464
0.30961,0.015372,-0.0045997
0.28717,0.021344,-0.002099
0.21351,0.0040273,-0.00307
0.13236,0.016703,-0.0021477
-0.017962,0.0035475,-0.0018628
-0.082654,0.0087474,-0.0017391
-0.09462,0.0033488,-0.0011317
-0.13089,0.0064942,-0.00084301
-0.12753,0.0039861,0.00015052
-0.14061,-0.00059893,-0.00013441
-0.13127,0.0050808,0.00079913
-0.08415,0.00069823,0.0023513
-0.014223,0.0020441,0.0030411
0.12339,0.0046459,0.0041434
0.215,0.0013693,0.0054256
0.26025,0.00051453,0.0054481
0.28156,0.0019691,0.0064154
0.23407,-0.0032157,0.0068203
0.19443,0.0052008,0.0072589
0.14096,-0.0050715,0.0081362
0.10357,0.0015642,0.0074389
0.070287,0.00034207,0.0095459
0.020553,-0.011891,0.00823
0.016066,0.016005,0.010374
-0.012727,-0.025549,0.0094372
-0.00038735,0.022038,0.0095272
0.03925,-0.025057,0.011934
0.089732,0.011297,0.00802
0.16975,0.0024378,0.015162
0.15667,-0.044155,0.0054668
0.13685,0.088088,0.018514
0.12638,-0.20208,0.0018489
0.059443,0.91996,0.047034
0.10282,2.3261,0.37739
0.27221,2.0087,0.76043
0.27707,1.996,1.0868
0.34924,2.0732,1.4263
0.49471,2.0233,1.7282
0.37617,2.1182,2.0211
0.51079,2.0993,2.2938
0.67495,2.1833,2.5527
0.63045,2.1922,2.8014
0.79199,2.2666,3.0346
0.81629,2.2925,3.2602
0.8133,2.2873,3.4654
0.94082,2.3394,3.6606
0.99728,2.3566,3.8467
0.99017,2.3775,4.022
0.98756,2.38,4.1841
0.9741,2.3822,4.3312
0.81854,2.3757,4.4639
0.75871,2.3618,4.5798
0.7172,2.3452,4.6819
0.6454,2.3127,4.7695
0.63381,2.2864,4.8431
0.58969,2.27,4.9044
0.58595,2.2396,4.9536
0.59156,2.1975,4.9909
0.60801,2.1622,5.0153
0.54594,2.1136,5.0269
0.41394,2.063,5.0267
0.22585,2.0268,5.0161
-0.02058,1.9674,4.9962
-0.21465,1.9139,4.9665
-0.42556,1.8735,4.9276
-0.61065,1.8142,4.8803
-0.70339,1.7514,4.8244
-0.78341,1.6878,4.7599
-0.84287,1.6184,4.6875
-0.8425,1.5448,4.6068
-0.83614,1.4833,4.5181
-0.80847,1.4239,4.4242
-0.75499,1.3431,4.3241
-0.75163,1.2664,4.2157
-0.74265,1.1938,4.1012
-0.72545,1.1176,3.9813
-0.71723,1.0497,3.8565
-0.71349,0.96343,3.7265
-0.74976,0.89079,3.5909
-0.74602,0.82734,3.4553
-0.74789,0.71689,3.3125
-0.79501,0.63363,3.16
-0.80622,0.57625,3.0096
-0.78902,0.47708,2.8546
-0.75836,0.38891,2.6925
-0.70414,0.28623,2.5267
-0.59944,0.1753,2.3517
-0.49174,0.071982,2.1701
-0.40835,-0.02884,1.9823
-0.29879,-0.12283,1.7941
-0.15669,-0.25289,1.5986
-0.052739,-0.32509,1.4013
0.011579,-0.47907,1.2019
0.10207,-0.57184,0.99559
0.16489,-0.68844,0.79466
0.20004,-0.81634,0.58021
0.19032,-0.85879,0.37935
0.14844,-1.1483,0.15427
0.18845,-0.62024,-0.028729
0.2165,0.025318,-0.036816
0.22435,-0.13852,-0.022168
0.29016,-0.075519,-0.032149
0.28268,-0.0684,-0.025153
0.21911,-0.084667,-0.030161
0.25688,-0.043161,-0.02732
0.27782,-0.078376,-0.029014
0.23145,-0.045118,-0.029059
0.25165,-0.06729,-0.028463
0.23071,-0.051151,-0.030311
0.16489,-0.050607,-0.029157
0.097211,-0.048766,-0.03042
-0.016841,-0.044301,-0.030169
-0.050869,-0.04673,-0.030855
-0.072183,-0.035472,-0.030848
-0.14398,-0.045872,-0.031361
-0.15408,-0.037122,-0.031942
-0.1552,-0.03867,-0.031635
-0.15557,-0.043371,-0.033138
-0.09275,-0.037808,-0.034379
-0.0063704,-0.040541,-0.034938
0.057947,-0.04032,-0.03613
0.11927,-0.031596,-0.036917
0.18022,-0.036308,-0.036895
0.18022,-0.039472,-0.038106
0.17499,-0.027138,-0.038136
0.17611,-0.034531,-0.038875
0.14134,-0.024551,-0.039081
0.11853,-0.041921,-0.039298
0.092349,-0.029121,-0.04058
0.06206,-0.030089,-0.039025
0.053086,-0.031371,-0.042046
0.066548,-0.011314,-0.039448
0.072531,-0.052088,-0.042328
0.10432,0.0068354,-0.040895
0.10805,-0.074068,-0.041057
0.14844,0.017291,-0.044498
0.18509,-0.056538,-0.03685
0.12002,-0.029091,-0.05173
0.13535,0.047257,-0.024197
0.079261,-1.4362,-0.15121
0.20677,-2.1978,-0.53851
0.29502,-1.863,-0.89903
0.22472,-2.0685,-1.2306
0.53883,-2.0222,-1.5612
0.60128,-2.065,-1.8558
0.657,-2.1081,-2.1446
0.88098,-2.1151,-2.4089
0.74412,-2.2068,-2.6662
0.76806,-2.2131,-2.9087
0.82676,-2.287,-3.1409
0.78413,-2.2798,-3.3613
0.83836,-2.3032,-3.562
0.89632,-2.344,-3.7552
0.9655,-2.3635,-3.9379
0.91165,-2.3842,-4.1101
0.90791,-2.3775,-4.2674
0.84397,-2.3825,-4.4103
0.71196,-2.363,-4.5388
0.68355,-2.3423,-4.6495
0.59642,-2.3376,-4.7473
0.55753,-2.3135,-4.8329
0.52986,-2.2849,-4.9037
0.56725,-2.2631,-4.9622
0.54556,-2.2323,-5.0087
0.525,-2.1924,-5.0428
0.58445,-2.148,-5.0642
0.44423,-2.1026,-5.0727
0.28941,-2.0609,-5.0702
0.13086,-2.0158,-5.0576
-0.072931,-1.9648,-5.0357
-0.31412,-1.9118,-5.0046
-0.52054,-1.856,-4.9638
-0.65927,-1.7988,-4.9142
-0.77182,-1.7384,-4.8566
-0.81445,-1.6757,-4.7907
-0.83988,-1.608,-4.7161
-0.84549,-1.5332,-4.6334
-0.99469,-1.4673,-4.5431
-0.95804,-1.4069,-4.447
-0.71947,-1.3373,-4.3461
-0.63309,-1.2629,-4.2378
-0.5755,-1.1793,-4.1224
-0.61514,-1.1042,-4.0009
-0.61215,-1.0333,-3.8753
-0.60953,-0.94819,-3.7435
-0.61926,-0.88808,-3.6074
-0.56167,-0.80665,-3.4712
-0.62187,-0.69023,-3.3239
-0.67572,-0.63112,-3.1702
-0.7348,-0.56162,-3.0194
-0.78229,-0.45482,-2.8604
-0.75537,-0.37437,-2.6967
-0.66114,-0.26649,-2.5275
-0.52241,-0.15375,-2.3482
-0.44201,-0.03966,-2.1624
-0.36797,0.044157,-1.9719
-0.28869,0.1551,-1.7803
-0.11593,0.26797,-1.58
0.0026042,0.34972,-1.3823
0.082627,0.50989,-1.1777
0.27633,0.56817,-0.97256
0.30138,0.74359,-0.76601
0.29577,0.79081,-0.55061
0.32456,0.94141,-0.34764
0.28306,1.0851,-0.1135
0.26174,0.28195,0.01472
0.22846,-0.046678,-0.0076402
0.23893,0.12813,-0.0058631
0.23594,0.0059731,-0.0031187
0.2049,0.056187,-0.0067742
0.15779,0.020958,-0.0019902
0.13124,0.023511,-0.0056007
0.21051,0.021262,-0.0020015
0.24641,0.0010169,-0.0036249
0.27334,0.025625,-0.0023764
0.27745,0.001583,-0.0018703
0.2064,0.017501,-0.0020127
0.12638,0.0074727,-0.00071178
0.031023,0.0076489,-0.0010267
0.009709,0.0046347,-0.00031062
-0.041894,0.00052202,-0.00017565
-0.09462,0.0065542,0.00079913
-0.10771,-0.00022778,0.00074289
-0.19222,0.004526,0.0012003
-0.17165,0.0068691,0.0029174
-0.10472,-0.0011013,0.0038697
-0.056852,0.0018642,0.0047358
0.03738,0.0052345,0.0060367
0.10955,-0.0043854,0.0062542
0.17125,0.0022053,0.006974
0.17462,-0.0056488,0.0075926
0.16714,0.0013393,0.0078213
0.19256,-0.0013225,0.0089911
0.19705,-0.0019861,0.0083687
0.18322,0.0044547,0.010277
0.18097,-0.012491,0.0089311
0.15667,0.016564,0.010671
0.10843,-0.027772,0.010629
0.096463,0.01836,0.0097484
0.087488,-0.015085,0.01331
0.11366,-0.0029796,0.0082787
0.093845,0.017205,0.015736
0.091228,-0.058041,0.0071502
0.14171,0.10161,0.017378
0.095715,-0.20541,0.0066103
0.058695,0.73222,0.03089
0.094967,2.2732,0.3368
0.28941,2.051,0.72844
0.36532,1.964,1.0566
0.39412,2.0624,1.3979
0.57473,1.9982,1.7042
0.479,2.101,1.9992
0.56127,2.067,2.2766
0.69252,2.1552,2.5376
0.57884,2.1674,2.7898
0.72954,2.2232,3.025
0.74076,2.2572,3.2546
0.71122,2.2451,3.4647
0.8305,2.2854,3.6624
0.87201,2.3018,3.8514
0.90193,2.3391,4.0304
0.87725,2.3403,4.1975
0.88547,2.3368,4.3487
0.79947,2.3305,4.4864
0.71982,2.3104,4.6082
0.65961,2.2915,4.7144
0.55641,2.2668,4.8074
0.52649,2.2428,4.8861
0.49882,2.2162,4.9516
0.51901,2.1856,5.0062
0.50817,2.1459,5.0488
0.49882,2.1057,5.0783
0.46479,2.0609,5.0948
0.31522,2.0136,5.0989
0.12713,1.9703,5.0919
-0.0576,1.9242,5.0751
-0.24606,1.8771,5.0495
-0.44874,1.8187,5.0143
-0.58597,1.7587,4.9695
-0.71012,1.7055,4.9168
-0.78454,1.6472,4.8558
-0.77967,1.5799,4.7859
-0.81445,1.5082,4.7082
-0.80772,1.4456,4.6224
-0.75649,1.387,4.53
-0.74078,1.3201,4.4323
-0.72695,1.2377,4.3269
-0.72396,1.1584,4.2142
-0.73892,1.0899,4.0958
-0.71498,1.0227,3.9725
-0.69442,0.93759,3.8441
-0.68021,0.86116,3.7094
-0.63421,0.81285,3.5736
-0.64281,0.70819,3.4339
-0.63833,0.61206,3.283
-0.62449,0.57113,3.1308
-0.6215,0.47726,2.9779
-0.60542,0.38308,2.8168
-0.59869,0.30346,2.6517
-0.52353,0.18119,2.4791
-0.46744,0.083934,2.2979
-0.40873,-0.017781,2.1109
-0.29468,-0.10525,1.9204
-0.14099,-0.21838,1.7272
0.015692,-0.31481,1.5265
0.0658,-0.41182,1.3286
0.12787,-0.5693,1.1215
0.20827,-0.62462,0.91725
0.19967,-0.79666,0.70833
0.20117,-0.81935,0.49471
0.22884,-1.0171,0.28816
0.21762,-1.057,0.055316
0.22884,-0.22426,-0.048769
0.22697,-0.016922,-0.022449
0.25875,-0.15071,-0.028313
0.31484,-0.039008,-0.027653
0.29091,-0.10392,-0.026135
0.29166,-0.050127,-0.028999
0.27109,-0.068767,-0.02591
0.22285,-0.064756,-0.029655
0.18022,-0.045081,-0.027353
0.15966,-0.061127,-0.028834
0.14096,-0.04068,-0.028703
0.056825,-0.050277,-0.028969
0.021301,-0.041422,-0.02985
-0.0093619,-0.049718,-0.02955
-0.045634,-0.042172,-0.03015
-0.075175,-0.038025,-0.030214
-0.11668,-0.04231,-0.031211
-0.10621,-0.034591,-0.030923
-0.11668,-0.044819,-0.031747
-0.083776,-0.044699,-0.033599
-0.03105,-0.033155,-0.034019
0.012327,-0.038816,-0.035238
0.074774,-0.03395,-0.03655
0.097584,-0.03088,-0.036209
0.17013,-0.040552,-0.037281
0.20827,-0.031839,-0.037611
0.21575,-0.034145,-0.038222
0.23669,-0.024439,-0.038421
0.19256,-0.039435,-0.038455
0.17462,-0.026343,-0.040104
0.14171,-0.026838,-0.038432
0.091601,-0.037103,-0.041461
0.10357,-0.0085843,-0.039036
0.10394,-0.052808,-0.041263
0.13386,0.010337,-0.041004
0.15181,-0.066641,-0.039688
0.13573,0.00049953,-0.044734
0.16302,-0.037313,-0.035665
0.18621,-0.054795,-0.051123
0.15741,0.10226,-0.025171
0.026536,-1.2929,-0.12748
0.16826,-2.2127,-0.50424
0.22697,-1.8648,-0.87312
0.10282,-2.0413,-1.2042
0.48723,-2.0194,-1.54
0.56501,-2.0339,-1.8376
0.58296,-2.0924,-2.1295
0.91651,-2.082,-2.3973
0.72356,-2.1706,-2.6566
0.69738,-2.1722,-2.9026
0.82265,-2.2452,-3.1371
0.70374,-2.2442,-3.362
0.76843,-2.2521,-3.5668
0.85182,-2.2925,-3.7624
0.89258,-2.3145,-3.9484
0.82564,-2.3353,-4.1249
0.80508,-2.3269,-4.2873
0.78339,-2.3273,-4.4349
0.66036,-2.3116,-4.5685
0.65961,-2.291,-4.6853
0.59417,-2.2793,-4.7885
0.5336,-2.2547,-4.8788
0.48835,-2.2264,-4.9551
0.46666,-2.2043,-5.0183
0.47152,-2.1709,-5.0693
0.44535,-2.1344,-5.1086
0.45395,-2.0978,-5.1353
0.40085,-2.0469,-5.1491
0.24866,-1.9974,-5.1512
0.082253,-1.9558,-5.1427
-0.039651,-1.9073,-5.1244
-0.26962,-1.8532,-5.0966
-0.41695,-1.8034,-5.0596
-0.50221,-1.7465,-5.0133
-0.64431,-1.6861,-4.9583
-0.66899,-1.6267,-4.8955
-0.71573,-1.5616,-4.8241
-0.72471,-1.492,-4.7441
-0.73667,-1.4228,-4.6562
-0.73181,-1.3646,-4.5617
-0.68582,-1.2985,-4.4625
-0.72209,-1.2302,-4.3564
-0.71835,-1.1551,-4.243
-0.7363,-1.074,-4.1229
-0.73368,-1.0092,-3.9983
-0.74153,-0.92486,-3.8685
-0.73705,-0.85983,-3.7324
-0.66301,-0.7957,-3.5959
-0.67647,-0.68484,-3.452
-0.62748,-0.61261,-3.2985
-0.59233,-0.55683,-3.1465
-0.61103,-0.45473,-2.9902
-0.56616,-0.37297,-2.8265
-0.49735,-0.27957,-2.6591
-0.41097,-0.15533,-2.4816
-0.35862,-0.061629,-2.2969
-0.25093,0.034361,-2.1062
-0.18848,0.12286,-1.9134
-0.086019,0.24809,-1.7153
0.069165,0.32275,-1.5123
0.072905,0.45659,-1.3111
0.14582,0.57394,-1.1006
0.20191,0.64903,-0.89638
0.17798,0.82108,-0.67956
0.20004,0.82275,-0.47054
0.21612,1.1057,-0.25131
0.20827,0.81635,-0.033749
0.23145,0.0021041,0.012811
0.29876,0.056997,-0.012608
0.34139,0.077257,-0.00039311
0.37804,0.011248,-0.0063468
0.34551,0.058808,-0.0029238
0.31709,-0.0001603,-0.00322
0.30736,0.04452,-0.0038086
0.2064,0.010723,-0.0018365
0.17611,0.015597,-0.0035836
0.14956,0.016163,-0.0010567
0.0658,0.0052533,-0.0020427
0.039998,0.012875,-0.00087675
-0.00824,0.0019879,-0.00037811
-0.043016,0.0077576,-0.00021689
-0.013475,0.0031838,0.00013178
-0.023945,0.0082712,0.0007204
-0.067322,0.0033713,0.001444
-0.063583,0.0018117,0.0012228
-0.030676,0.0092347,0.0027524
-0.019084,0.0058644,0.0041246
0.015692,0.0067341,0.0047882
0.091228,0.0080125,0.0062317
0.13386,-0.0032045,0.0068765
0.14732,0.0023553,0.0073152
0.16302,-0.0030883,0.008275
0.17237,-0.0011875,0.0080275
0.18845,0.005422,0.0093772
0.19892,-0.014939,0.0089761
0.16115,0.0064755,0.010333
0.12413,-0.013807,0.010528
0.11778,0.0041136,0.0099583
0.0744,-0.012138,0.012485
0.068417,-0.0074746,0.0095234
0.10992,0.0087361,0.014007
0.14694,-0.035712,0.0096884
0.17499,0.045304,0.014109
0.17349,-0.070319,0.012185
0.18396,0.079716,0.011001
0.18621,-0.11086,0.018851
0.13124,0.16835,-0.00079802
0.060191,1.9016,0.20456
0.18696,2.2281,0.6053
0.24604,1.8775,0.94548
0.19182,2.0566,1.2845
0.40571,1.9628,1.606
0.41543,2.0432,1.9023
0.40982,2.0511,2.1901
0.65737,2.0894,2.4541
0.61624,2.1412,2.7131
0.65176,2.1533,2.9542
0.7961,2.2065,3.1881
0.73328,2.1923,3.407
0.75422,2.224,3.6091
0.84471,2.2474,3.8033
0.86304,2.2721,3.9873
0.78002,2.2771,4.1608
0.76955,2.2719,4.3196
0.71645,2.2618,4.4642
0.58595,2.2348,4.5933
0.56351,2.2214,4.7069
0.47713,2.1963,4.8059
0.42964,2.169,4.8915
0.4188,2.1402,4.9639
0.43263,2.1147,5.0232
0.46404,2.0889,5.0722
0.43749,2.0429,5.1083
0.43936,2.0021,5.1307
0.35972,1.9537,5.1413
0.20453,1.8884,5.1399
0.061312,1.8486,5.1284
-0.11219,1.8073,5.1074
-0.34852,1.7458,5.0769
-0.50259,1.6973,5.037
-0.59495,1.6451,4.9882
-0.69591,1.5836,4.9313
-0.72209,1.5251,4.8658
-0.70937,1.4533,4.7918
-0.69816,1.3833,4.7092
-0.7262,1.3302,4.6197
-0.68694,1.2735,4.5254
-0.64618,1.1995,4.4233
-0.6832,1.1191,4.3134
-0.67684,1.0482,4.1977
-0.69143,0.98121,4.0761
-0.71087,0.9076,3.9501
-0.70227,0.83772,3.8176
-0.666,0.78421,3.6816
-0.64431,0.70012,3.5446
-0.64767,0.59625,3.3973
-0.57588,0.54267,3.2436
-0.56429,0.47525,3.092
-0.58224,0.36816,2.9333
-0.53661,0.29769,2.7683
-0.4966,0.19737,2.5993
-0.40648,0.083656,2.4188
-0.32684,-0.0065749,2.2329
-0.23186,-0.10455,2.0425
-0.10883,-0.19074,1.8497
0.032145,-0.30944,1.6501
0.13423,-0.38104,1.4484
0.1275,-0.5287,1.2453
0.18957,-0.61609,1.0343
0.21351,-0.72012,0.82962
0.1619,-0.85602,0.6107
0.17649,-0.87641,0.40469
0.17162,-1.1692,0.17777
0.15928,-0.68644,-0.018742
0.19668,0.017036,-0.036464
0.26361,-0.12856,-0.018217
0.32643,-0.081424,-0.029344
0.32569,-0.056294,-0.022135
0.32195,-0.087437,-0.026948
0.35224,-0.0405,-0.024455
0.28867,-0.079414,-0.025711
0.20079,-0.042487,-0.026559
0.1877,-0.056204,-0.025359
0.11292,-0.062634,-0.027316
0.018684,-0.056118,-0.026184
0.0052217,-0.045868,-0.027462
-0.025441,-0.043761,-0.027338
-0.065079,-0.043439,-0.02774
-0.052365,-0.037508,-0.028219
-0.065453,-0.040777,-0.028861
-0.08415,-0.036387,-0.029063
-0.050869,-0.044039,-0.029254
-0.050121,-0.038835,-0.030983
-0.031798,-0.033433,-0.031815
0.036633,-0.039769,-0.032752
0.084497,-0.036814,-0.034218
0.13834,-0.031708,-0.034259
0.17761,-0.038651,-0.034919
0.16676,-0.029766,-0.035527
0.16153,-0.029972,-0.035815
0.18733,-0.024851,-0.03688
0.16975,-0.027262,-0.036055
0.12563,-0.034464,-0.038016
0.095341,-0.018302,-0.036831
0.047103,-0.044252,-0.038447
0.05159,-0.010481,-0.038672
0.058321,-0.050435,-0.037457
0.08861,-0.017807,-0.041023
0.15255,-0.032855,-0.035991
0.172,-0.051139,-0.043464
0.18022,0.025895,-0.035077
0.15741,-0.12272,-0.044547
0.23482,0.16619,-0.035238
0.10992,-0.68196,-0.055045
0.062808,-2.1261,-0.35786
0.29091,-1.9577,-0.75533
0.10693,-1.9304,-1.085
0.27446,-2.044,-1.4276
0.56576,-1.9641,-1.7355
0.47414,-2.0654,-2.0304
0.76245,-2.0306,-2.3087
0.76207,-2.1101,-2.5702
0.60502,-2.1221,-2.8243
0.76955,-2.1633,-3.0618
0.74001,-2.1996,-3.2937
0.74001,-2.1863,-3.5063
0.7961,-2.223,-3.7067
0.84097,-2.2413,-3.8985
0.82602,-2.2689,-4.0801
0.74525,-2.2632,-4.25
0.72991,-2.2569,-4.4042
0.62372,-2.2508,-4.5451
0.55528,-2.2227,-4.6702
0.49022,-2.2006,-4.7793
0.43301,-2.1897,-4.8761
0.39973,-2.1609,-4.9598
0.39075,-2.1236,-5.0296
0.42927,-2.1021,-5.0871
0.39524,-2.0637,-5.1323
0.41618,-2.0238,-5.1654
0.38178,-1.9805,-5.1857
0.31036,-1.9275,-5.193
0.19556,-1.8878,-5.1898
0.02504,-1.8394,-5.1768
-0.12192,-1.789,-5.1541
-0.31038,-1.7386,-5.122
-0.41097,-1.6814,-5.0804
-0.52278,-1.6275,-5.0297
-0.59271,-1.5704,-4.9707
-0.5957,-1.5067,-4.9036
-0.5785,-1.4393,-4.8276
-0.59046,-1.374,-4.7429
-0.66488,-1.3142,-4.6512
-0.59084,-1.2543,-4.5547
-0.60542,-1.1845,-4.4517
-0.61963,-1.1134,-4.3414
-0.60318,-1.0435,-4.2244
-0.66562,-0.97691,-4.1017
-0.63982,-0.89844,-3.9746
-0.66488,-0.82458,-3.8405
-0.63309,-0.77758,-3.7043
-0.61065,-0.68055,-3.5645
-0.63795,-0.58002,-3.4126
-0.58224,-0.53897,-3.259
-0.5669,-0.45284,-3.1056
-0.59158,-0.35286,-2.9429
-0.5669,-0.28672,-2.7764
-0.47155,-0.16492,-2.6026
-0.38891,-0.060039,-2.418
-0.29131,0.028422,-2.2289
-0.19334,0.11514,-2.0347
-0.086393,0.21561,-1.8388
0.050842,0.32404,-1.635
0.093097,0.39628,-1.4328
0.14994,0.55806,-1.2245
0.20266,0.61662,-1.0141
0.1978,0.77131,-0.8044
0.18209,0.83338,-0.58294
0.16938,0.94019,-0.37667
0.21351,1.1445,-0.13824
0.17985,0.3826,0.012095
0.20191,-0.05454,-0.0036249
0.30063,0.13276,-0.0067517
0.32157,0.010142,-0.0012217
0.33354,0.054223,-0.0061706
0.32307,0.022412,-0.0010567
0.33167,0.011027,-0.0046184
0.26586,0.036033,-0.0011204
0.21351,-0.0029646,-0.0026051
0.23145,0.023196,-0.0016228
0.13797,0.0051221,-0.00066679
0.077018,0.009902,-0.0013454
0.059443,0.0082562,0.00021801
0.022049,0.0057107,-0.00026563
0.012327,0.0047734,0.00061542
-0.0052485,0.0026777,0.0011066
-0.026189,0.0027227,0.0017027
-0.024693,0.00012838,0.0017289
-0.002257,0.006138,0.0022013
0.0059696,0.0013393,0.0035585
0.009709,0.0029251,0.004567
0.066922,0.007424,0.0056393
0.10432,-0.00062142,0.0068578
0.14582,-0.004183,0.0072852
0.20191,0.0075214,0.0078213
0.16564,-0.0033432,0.0088073
0.15629,0.0010094,0.0086349
0.17536,0.0017105,0.010003
0.12675,-0.014631,0.0095684
0.069539,0.010408,0.010689
0.042242,-0.024225,0.010727
0.042616,0.0041773,0.010468
0.040372,-0.0076846,0.012808
0.040372,-0.0064324,0.010165
0.066174,0.011447,0.014525
0.12301,-0.03542,0.0099396
0.14994,0.043148,0.014686
0.14694,-0.077784,0.012069
0.18995,0.073654,0.011915
0.17387,-0.11782,0.018589
0.083375,0.21062,0.0006979
0.073652,1.9359,0.21337
0.22173,2.1919,0.61373
0.26548,1.8524,0.95067
0.24791,2.0278,1.288
0.42179,1.9226,1.6082
0.40384,2.0068,1.9032
0.43002,1.9949,2.1889
0.60801,2.029,2.4522
0.54481,2.0873,2.7098
0.64428,2.0953,2.9512
0.74076,2.1299,3.1836
0.66784,2.1092,3.3979
0.70149,2.1558,3.5998
0.77254,2.1751,3.7954
0.82676,2.1865,3.9786
0.72543,2.1878,4.1497
0.71271,2.1654,4.3048
0.64353,2.1589,4.4455
0.49134,2.1225,4.5704
0.47638,2.0921,4.6799
0.35149,2.086,4.7761
0.31783,2.0505,4.8583
0.33092,2.029,4.9275
0.33466,2.0088,4.9855
0.3556,1.961,5.0316
0.36495,1.9194,5.0634
0.39038,1.87,5.0824
0.30923,1.8181,5.0899
0.20603,1.7726,5.0862
0.064304,1.7337,5.0732
-0.11444,1.6809,5.0508
-0.29505,1.6161,5.0178
-0.43864,1.5646,4.9763
-0.51306,1.5163,4.9263
-0.57999,1.4592,4.8669
-0.56728,1.3977,4.7996
-0.51493,1.3399,4.7237
-0.54409,1.2709,4.6393
-0.56429,1.2111,4.5495
-0.54671,1.1521,4.4531
-0.5583,1.0735,4.3481
-0.5497,1.0061,4.2365
-0.57887,0.94152,4.1187
-0.61589,0.87134,3.996
-0.58111,0.79473,3.8676
-0.60318,0.73794,3.7339
-0.60205,0.67522,3.5997
-0.54671,0.57096,3.4575
-0.55643,0.50413,3.3061
-0.51867,0.45829,3.1553
-0.49212,0.36266,3.0003
-0.51867,0.28157,2.8372
-0.49511,0.20041,2.6711
-0.45996,0.082607,2.4951
-0.37844,-0.0054576,2.3113
-0.30627,-0.10338,2.1231
-0.20979,-0.17949,1.931
-0.042642,-0.29035,1.7351
0.05159,-0.38061,1.5322
0.097958,-0.4822,1.3314
0.13797,-0.61911,1.1208
0.17836,-0.67404,0.9149
0.17312,-0.84548,0.70122
0.10619,-0.84749,0.48687
0.11142,-1.0788,0.27449
0.11441,-1.0018,0.042329
0.080757,-0.14029,-0.042256
0.15704,-0.038336,-0.013988
0.24305,-0.1445,-0.023098
0.27109,-0.03386,-0.020189
0.28156,-0.093833,-0.020256
0.29502,-0.038145,-0.02218
0.29876,-0.061355,-0.019968
0.24791,-0.052253,-0.022967
0.20977,-0.048616,-0.020721
0.18097,-0.058967,-0.022929
0.13685,-0.04315,-0.022202
0.10132,-0.048144,-0.022689
0.051964,-0.042082,-0.023454
0.022423,-0.04282,-0.023293
0.028032,-0.031663,-0.024035
-0.016467,-0.042412,-0.024324
-0.02245,-0.03353,-0.024793
0.010831,-0.032702,-0.024703
-0.019458,-0.042524,-0.025865
0.0040999,-0.032109,-0.026843
0.052338,-0.034531,-0.027781
0.080383,-0.033365,-0.029029
0.12787,-0.033924,-0.03006
0.18209,-0.032649,-0.030191
0.20042,-0.034767,-0.030911
0.18733,-0.029777,-0.031635
0.20453,-0.032353,-0.031601
0.17723,-0.023468,-0.032482
0.11927,-0.024578,-0.03192
0.073652,-0.032807,-0.033832
0.023919,-0.016705,-0.032782
0.027284,-0.043743,-0.034304
0.038128,-0.0086593,-0.034252
0.015318,-0.046539,-0.033599
0.061686,-0.0052927,-0.037022
0.12114,-0.028702,-0.031864
0.12713,-0.050341,-0.039351
0.18209,0.031823,-0.030765
0.2079,-0.12493,-0.040715
0.18172,0.16555,-0.030698
0.08674,-0.69809,-0.052345
0.11067,-2.1371,-0.35616
0.26212,-1.9454,-0.75096
0.1462,-1.9075,-1.0793
0.29876,-2.0112,-1.4198
0.55828,-1.9289,-1.7264
0.48947,-2.0242,-2.0199
0.71309,-1.9892,-2.2964
0.73814,-2.0616,-2.5567
0.56426,-2.0785,-2.8103
0.75048,-2.1151,-3.0486
0.72206,-2.122,-3.2765
0.65513,-2.1172,-3.4851
0.79199,-2.168,-3.6866
0.83088,-2.1721,-3.879
0.76245,-2.1828,-4.0588
0.69888,-2.1726,-4.225
0.67308,-2.1641,-4.3758
0.52275,-2.1428,-4.5126
0.45619,-2.1144,-4.6321
0.39225,-2.104,-4.7382
0.30961,-2.0765,-4.8321
0.30774,-2.0448,-4.9113
0.27521,-2.0185,-4.9777
0.33017,-1.9871,-5.0327
0.33653,-1.9491,-5.0753
0.34027,-1.9017,-5.1041
0.34177,-1.8573,-5.1205
0.25426,-1.8118,-5.1259
0.10245,-1.7646,-5.12
-0.014597,-1.7254,-5.1046
-0.14323,-1.6734,-5.08
-0.31898,-1.6155,-5.0455
-0.39901,-1.5647,-5.0016
-0.50969,-1.51,-4.9492
-0.51044,-1.4481,-4.8886
-0.49586,-1.3841,-4.8186
-0.53362,-1.3251,-4.7401
-0.52203,-1.2649,-4.6535
-0.55344,-1.2039,-4.561
-0.53811,-1.1397,-4.4636
-0.52876,-1.0669,-4.3582
-0.50595,-0.99545,-4.2455
-0.52988,-0.93781,-4.1268
-0.5168,-0.86798,-4.0033
-0.50932,-0.78451,-3.8729
-0.56952,-0.73752,-3.7389
-0.49361,-0.66183,-3.6034
-0.49773,-0.55726,-3.4561
-0.48277,-0.50615,-3.3035
-0.43976,-0.4417,-3.153
-0.47379,-0.34628,-2.9945
-0.47155,-0.27142,-2.8298
-0.48127,-0.16453,-2.6602
-0.36273,-0.061397,-2.479
-0.28047,0.025044,-2.292
-0.21952,0.12511,-2.0995
-0.061339,0.20277,-1.9053
0.0085872,0.31357,-1.7047
0.068791,0.38352,-1.5012
0.093471,0.52969,-1.297
0.14545,0.61833,-1.0844
0.19705,0.71803,-0.87836
0.16714,0.86138,-0.65683
0.15181,0.85868,-0.448
0.11927,1.1535,-0.22095
0.10918,0.70709,-0.015502
0.11366,-0.038985,0.0093285
0.15517,0.091079,-0.011059
0.22734,0.057507,0.0010053
0.26287,0.025502,-0.0060731
0.27521,0.052495,-0.0012667
0.27595,0.0012381,-0.0031525
0.22958,0.042998,-0.002039
0.18322,0.0007957,-0.00096298
0.20752,0.018067,-0.0023502
0.19256,0.0096546,0.00019551
0.15966,0.0072328,-0.0008805
0.11778,0.015293,0.00040547
0.049346,0.0040498,0.00041671
0.031397,0.0075814,0.00073914
0.025788,0.0040948,0.001429
0.025414,0.006108,0.0019801
0.019057,0.0010019,0.0022838
0.01644,0.0068953,0.00246
0.03065,0.0038287,0.003656
0.031397,0.0034163,0.0047995
0.061686,0.0063592,0.0056805
0.11965,0.0032363,0.0067303
0.18022,-0.00096258,0.0078363
0.22211,0.00094566,0.0080013
0.20565,0.0046384,0.0091185
0.19219,-0.005855,0.0091035
0.18995,0.0034837,0.0099283
0.14694,-0.0087755,0.010438
0.09908,0.0030526,0.010307
0.076644,-0.0054014,0.011912
0.060191,-0.0059863,0.010427
0.022049,0.0010131,0.013359
0.026536,-0.023697,0.010941
0.054956,0.023485,0.013434
0.070287,-0.041696,0.01295
0.11142,0.03231,0.011799
0.11628,-0.041013,0.016609
0.18097,0.012594,0.0079375
0.16901,0.023938,0.023163
0.0658,-0.12878,-0.0026838
0.071783,1.3607,0.10303
0.13834,2.3071,0.47656
0.26623,1.8722,0.83964
0.23931,1.9883,1.1693
0.33952,1.9489,1.5034
0.44273,1.9435,1.8014
0.32307,1.9897,2.0945
0.4977,1.9702,2.3634
0.51789,2.0505,2.6241
0.49321,2.0536,2.8727
0.65326,2.0974,3.1083
0.6383,2.0791,3.3306
0.67681,2.1076,3.5362
0.7258,2.1347,3.7365
0.81891,2.1277,3.9251
0.77778,2.1438,4.1018
0.69327,2.1265,4.2638
0.65849,2.1088,4.4104
0.50256,2.0884,4.5419
0.47601,2.0633,4.6578
0.35598,2.0356,4.7599
0.25838,2.0083,4.8482
0.24828,1.9817,4.923
0.27483,1.9546,4.9858
0.3212,1.9223,5.0371
0.30063,1.8727,5.075
0.37841,1.8337,5.0998
0.32643,1.7883,5.1125
0.18696,1.7223,5.1129
0.047851,1.6876,5.1038
-0.10285,1.6435,5.0856
-0.24943,1.5861,5.0573
-0.38367,1.5448,5.0198
-0.41135,1.4766,4.9739
-0.49698,1.4193,4.9187
-0.55569,1.3719,4.8547
-0.48426,1.3045,4.7822
-0.4723,1.2401,4.701
-0.49137,1.1804,4.6132
-0.4809,1.123,4.5196
-0.51193,1.0574,4.4176
-0.52128,0.98972,4.3081
-0.5598,0.92073,4.1926
-0.60355,0.85493,4.0718
-0.54073,0.78181,3.9462
-0.51792,0.7199,3.8139
-0.49025,0.67455,3.6804
-0.42855,0.57655,3.5415
-0.45547,0.4955,3.3918
-0.44425,0.45061,3.2408
-0.42742,0.35998,3.0883
-0.48277,0.27746,2.9273
-0.50558,0.21356,2.7621
-0.48052,0.096084,2.5895
-0.38816,0.00049578,2.4064
-0.31562,-0.080674,2.2198
-0.22999,-0.17359,2.0274
-0.071436,-0.2657,1.8326
0.032145,-0.37449,1.6304
0.11666,-0.44199,1.4281
0.14956,-0.59307,1.2211
0.15854,-0.65682,1.01
0.17125,-0.78825,0.8024
0.094593,-0.87229,0.58118
0.047477,-0.93546,0.37515
0.056077,-1.1793,0.13902
0.062808,-0.50925,-0.029599
0.11292,0.027245,-0.023484
0.19705,-0.1601,-0.015247
0.28156,-0.047694,-0.022884
0.26922,-0.072827,-0.016545
0.26324,-0.070619,-0.021943
0.29128,-0.04246,-0.018374
0.2064,-0.077019,-0.021295
0.17462,-0.037036,-0.020155
0.17499,-0.055203,-0.02035
0.14507,-0.037962,-0.021831
0.10357,-0.046865,-0.02083
0.056451,-0.040481,-0.022457
0.076644,-0.033152,-0.021835
0.050468,-0.045062,-0.022558
0.044859,-0.04056,-0.023061
0.081505,-0.037868,-0.023424
0.034763,-0.030943,-0.023503
0.0074654,-0.036477,-0.023994
0.015692,-0.039881,-0.025415
0.009335,-0.040376,-0.026202
0.080383,-0.03876,-0.027185
0.16041,-0.033249,-0.028437
0.19855,-0.032514,-0.028864
0.25202,-0.035045,-0.029445
0.23669,-0.02643,-0.030383
0.21089,-0.029515,-0.030094
0.19855,-0.031408,-0.031477
0.13049,-0.018917,-0.031009
0.080009,-0.035341,-0.031931
0.057947,-0.016296,-0.032343
0.0022302,-0.039195,-0.031984
-0.034416,-0.014369,-0.034271
-0.013849,-0.020319,-0.031215
0.0067175,-0.03918,-0.03568
0.071409,0.0069103,-0.031485
0.07627,-0.078203,-0.035703
0.12563,0.042181,-0.034068
0.18546,-0.098197,-0.032287
0.094593,0.069418,-0.040944
0.062808,-0.17637,-0.019626
0.0048478,-1.8025,-0.22013
0.15106,-2.1114,-0.62293
0.17499,-1.8214,-0.96442
0.129,-2.0169,-1.3019
0.50368,-1.9111,-1.6235
0.47863,-1.9871,-1.9179
0.56389,-1.977,-2.2043
0.77067,-2.0012,-2.4675
0.52836,-2.0526,-2.7264
0.61063,-2.0632,-2.9694
0.66672,-2.1017,-3.2028
0.64503,-2.078,-3.419
0.69626,-2.1216,-3.6227
0.75983,-2.1356,-3.8203
0.82041,-2.145,-4.0051
0.68579,-2.1414,-4.1779
0.71047,-2.1254,-4.3351
0.55865,-2.1183,-4.4784
0.45843,-2.079,-4.6046
0.44385,-2.0649,-4.7157
0.26473,-2.0498,-4.8153
0.24454,-2.0101,-4.9002
0.22659,-1.9831,-4.9714
0.30026,-1.9524,-5.0311
0.30175,-1.9122,-5.0781
0.34064,-1.8717,-5.1125
0.3986,-1.8258,-5.1344
0.2767,-1.7794,-5.144
0.18509,-1.7333,-5.143
0.055703,-1.6902,-5.1317
-0.10135,-1.6438,-5.1107
-0.27224,-1.5898,-5.0806
-0.34179,-1.5419,-5.0408
-0.40798,-1.4854,-4.9924
-0.51193,-1.4289,-4.9357
-0.49099,-1.3753,-4.8698
-0.46631,-1.3009,-4.7951
-0.46781,-1.2361,-4.7116
-0.48352,-1.1882,-4.6215
-0.46145,-1.127,-4.5264
-0.46818,-1.0559,-4.4237
-0.51904,-0.98533,-4.3134
-0.54035,-0.91964,-4.1966
-0.534,-0.85508,-4.0746
-0.50483,-0.77994,-3.9467
-0.50072,-0.72777,-3.8131
-0.4192,-0.66313,-3.6789
-0.40835,-0.55687,-3.5359
-0.43453,-0.49397,-3.3838
-0.37732,-0.44177,-3.2328
-0.43229,-0.34914,-3.0772
-0.48052,-0.27544,-2.9134
-0.46108,-0.18896,-2.7461
-0.39714,-0.071069,-2.5684
-0.32571,0.012013,-2.3823
-0.2442,0.10805,-2.1919
-0.085645,0.18674,-1.997
0.003726,0.29081,-1.7989
0.10319,0.37478,-1.5935
0.19668,0.47349,-1.3903
0.17312,0.61561,-1.178
0.21575,0.6574,-0.96944
0.21612,0.83468,-0.75409
0.095715,0.83389,-0.53508
0.095341,1.0374,-0.32362
0.10768,1.0501,-0.084753
0.066548,0.17781,0.018518
0.12937,-0.006811,-0.0090274
0.23033,0.11777,-0.0019265
0.26174,0.0013056,-0.0028301
0.24379,0.071232,-0.0038911
0.2595,0.010581,-0.00081301
0.22996,0.033596,-0.0034862
0.17387,0.019946,0.00018052
0.17387,-0.0016224,-0.002159
0.17761,0.022484,-5.568e-05
0.1346,0.0056244,-0.00023189
0.081505,0.015934,9.8036e-05
0.096837,0.0030114,0.0011328
0.067295,0.0051333,0.00079538
0.047851,0.006183,0.0018414
0.078514,0.0081213,0.0020326
0.053834,-0.0051352,0.0026025
0.022423,-0.0059038,0.0027037
-0.019084,0.013021,0.0037985
0.0011084,0.0058081,0.0052306
0.055703,0.00084819,0.005838
0.10469,0.0036787,0.0072102
0.20079,-0.0025934,0.0081887
0.23781,-0.00083512,0.0083237
0.25576,0.0057969,0.0096622
0.25053,-0.0044304,0.0095234
0.22398,0.0017779,0.010303
0.17237,-0.0067173,0.010723
0.11067,0.0032138,0.010798
0.11628,-0.013394,0.012703
0.056451,-0.0044042,0.010944
-0.00038735,0.010806,0.013839
0.013448,-0.020098,0.011544
0.026162,0.030668,0.013962
0.058321,-0.042284,0.013561
0.085618,0.033198,0.012054
0.10731,-0.031948,0.017262
0.18359,0.0011369,0.0084549
0.14021,0.022233,0.023545
0.063556,-0.13578,-0.0022302
0.069165,1.3401,0.10031
0.10768,2.3135,0.47346
0.25501,1.8702,0.83889
0.23407,1.9703,1.1696
0.34064,1.943,1.506
0.41917,1.9384,1.8058
0.27296,1.9733,2.1002
0.47451,1.9598,2.3713
0.47676,2.0307,2.6342
0.41356,2.0307,2.8839
0.55865,2.0916,3.1216
0.56987,2.0482,3.3476
0.61212,2.0583,3.5549
0.64316,2.1037,3.756
0.76245,2.1126,3.947
0.7157,2.1246,4.1268
0.65139,2.1117,4.2923
0.63643,2.1064,4.4428
0.45843,2.0739,4.5783
0.45283,2.0437,4.6973
0.35149,2.0283,4.8023
0.22061,1.9964,4.8939
0.20752,1.9545,4.9719
0.27072,1.9259,5.0373
0.32008,1.8995,5.0917
0.30961,1.8576,5.1331
0.39561,1.8093,5.1608
0.34924,1.7687,5.1764
0.22173,1.7247,5.1796
0.077018,1.6751,5.1729
-0.060217,1.6336,5.1571
-0.2083,1.5768,5.1312
-0.33244,1.5309,5.0957
-0.3575,1.4849,5.0518
-0.47155,1.4096,4.9993
-0.48838,1.3598,4.9373
-0.4278,1.308,4.8673
-0.44687,1.2425,4.7885
-0.43341,1.1897,4.702
-0.46108,1.1227,4.6102
-0.47192,1.0535,4.5105
-0.49174,0.98628,4.4027
-0.58897,0.91619,4.2886
-0.56092,0.85992,4.1689
-0.49773,0.78683,4.0441
-0.49698,0.71039,3.9124
-0.42144,0.67213,3.7784
-0.41621,0.59263,3.6419
-0.44425,0.49179,3.4943
-0.37358,0.44679,3.3418
-0.43191,0.38447,3.1899
-0.50259,0.29089,3.0308
-0.48277,0.2204,2.8652
-0.45285,0.12237,2.6953
-0.39714,0.01421,2.5139
-0.33731,-0.063616,2.3268
-0.17202,-0.16036,2.1352
-0.053487,-0.23014,1.9399
0.01831,-0.3444,1.7405
0.13647,-0.41818,1.5351
0.14395,-0.52852,1.3312
0.13311,-0.6592,1.1174
0.14134,-0.71512,0.90928
0.086366,-0.88136,0.69062
0.055329,-0.86758,0.47546
0.040372,-1.1262,0.2572
0.003352,-0.95237,0.027793
0.086366,-0.085814,-0.039733
0.20902,-0.06179,-0.011787
0.24005,-0.12786,-0.022892
0.2666,-0.03266,-0.018138
0.29465,-0.096019,-0.019889
0.2337,-0.031817,-0.020586
0.17349,-0.066994,-0.019075
0.17013,-0.05021,-0.021902
0.14545,-0.047851,-0.019503
0.13086,-0.050266,-0.022071
0.10282,-0.037343,-0.021265
0.10319,-0.049081,-0.022168
0.066922,-0.035783,-0.022674
0.022423,-0.043536,-0.022213
0.084871,-0.037287,-0.023203
0.069165,-0.03275,-0.023447
0.038876,-0.033017,-0.023709
0.02504,-0.038768,-0.023968
-0.01011,-0.041891,-0.025336
0.041868,-0.032387,-0.026517
0.060565,-0.035727,-0.027271
0.11441,-0.037602,-0.028609
0.21425,-0.025207,-0.029205
0.23482,-0.032331,-0.029532
0.25875,-0.026171,-0.030424
0.23856,-0.02331,-0.030386
0.17387,-0.034006,-0.031736
0.1346,-0.020622,-0.031204
0.089358,-0.034959,-0.032272
0.030276,-0.015726,-0.032655
-0.030676,-0.040121,-0.032261
-0.025441,-0.018347,-0.034615
0.023171,-0.025286,-0.031616
0.011953,-0.047773,-0.036246
0.057199,0.006288,-0.032122
0.099454,-0.068205,-0.036074
0.18621,0.047658,-0.034342
0.1791,-0.10075,-0.032748
0.05159,0.070752,-0.041368
0.09048,-0.17759,-0.020305
-0.0018831,-1.8073,-0.22164
0.13947,-2.1122,-0.62565
0.19406,-1.8233,-0.9686
0.12114,-2.0141,-1.3076
0.48274,-1.9055,-1.6308
0.45507,-1.9795,-1.9268
0.54668,-1.9672,-2.215
0.70336,-1.9953,-2.4798
0.46629,-2.044,-2.7399
0.55267,-2.053,-2.9842
0.60502,-2.0954,-3.2202
0.5781,-2.0672,-3.4397
0.62446,-2.1021,-3.6444
0.73403,-2.117,-3.8428
0.74936,-2.1299,-4.0299
0.63568,-2.1277,-4.2054
0.65774,-2.1131,-4.3657
0.50032,-2.1063,-4.5123
0.436,-2.0711,-4.6423
0.37804,-2.0511,-4.757
0.22846,-2.0325,-4.8595
0.22697,-1.9997,-4.9476
0.21238,-1.9714,-5.022
0.28979,-1.9436,-5.0848
0.31559,-1.9065,-5.1354
0.37355,-1.865,-5.1729
0.40496,-1.8163,-5.1979
0.30288,-1.7671,-5.2102
0.18658,-1.7291,-5.2115
0.051964,-1.6839,-5.2029
-0.064705,-1.6329,-5.1843
-0.23372,-1.5859,-5.1564
-0.28271,-1.5324,-5.1191
-0.35825,-1.4798,-5.0725
-0.43303,-1.427,-5.0174
-0.38704,-1.3649,-4.9541
-0.4278,-1.3016,-4.8815
-0.40461,-1.2368,-4.7996
-0.42929,-1.1799,-4.7106
-0.4465,-1.1242,-4.6164
-0.43416,-1.0574,-4.5155
-0.50894,-0.98891,-4.4071
-0.49885,-0.91805,-4.2914
-0.49099,-0.8585,-4.1702
-0.4723,-0.78685,-4.0441
-0.43976,-0.71836,-3.9107
-0.41583,-0.66834,-3.7763
-0.41396,-0.57911,-3.6367
-0.39788,-0.49459,-3.4855
-0.40125,-0.44894,-3.3334
-0.49623,-0.37578,-3.1798
-0.48052,-0.27879,-3.0171
-0.44126,-0.21153,-2.8499
-0.40761,-0.10243,-2.6759
-0.34478,0.0019017,-2.4902
-0.23896,0.078415,-2.3008
-0.081532,0.1702,-2.1059
-0.012353,0.24844,-1.9084
0.10619,0.36497,-1.7045
0.18209,0.42658,-1.4992
0.1533,0.5687,-1.2912
0.17985,0.64944,-1.0763
0.14171,0.76049,-0.86713
0.099454,0.87914,-0.64201
0.10918,0.89401,-0.43198
0.052712,1.1832,-0.19821
0.043363,0.62517,-0.0043222
0.13797,-0.060054,0.0062354
0.19668,0.11293,-0.0093386
0.24043,0.043872,0.001594
0.2782,0.029044,-0.0057657
0.2049,0.043261,-8.5674e-05
0.16602,0.0042973,-0.0029875
0.16228,0.045413,-0.00091049
0.14208,0.0035212,-0.0006293
0.17574,0.02422,-0.0015778
0.15181,0.011064,0.00076164
0.11591,0.010532,-0.00032562
0.099454,0.010704,0.0012565
0.083749,0.0035775,0.00099409
0.082627,0.009126,0.0014627
0.082253,0.00345,0.0023213
0.079261,0.0036899,0.0027262
0.042242,-0.0033057,0.0028312
-0.0056225,0.0031876,0.0033373
0.0067175,0.0038774,0.0044883
0.035885,0.0035625,0.0053919
0.075522,0.0067791,0.0066403
0.20528,0.0035662,0.0076489
0.24529,4.9648e-05,0.0083949
0.20603,0.0029289,0.0086424
0.22547,0.0013618,0.0097184
0.18658,-0.0093641,0.0097634
0.11628,0.0049196,0.010562
0.10918,-0.0088093,0.011312
0.068043,7.964e-05,0.010791
-0.0041267,0.0021303,0.012796
-0.013475,-0.0087568,0.011181
0.019805,0.0067416,0.013857
0.01457,-0.024791,0.012069
0.019805,0.028921,0.013265
0.11703,-0.030711,0.014926
0.18434,0.015758,0.011379
0.18135,-0.021968,0.018049
0.12413,-0.022722,0.0086236
0.068417,0.068237,0.022732
0.091228,-0.1831,0.0018264
0.057947,1.0859,0.069413
0.083749,2.2871,0.41817
0.26436,1.8857,0.79247
0.2423,1.9238,1.1183
0.31222,1.9426,1.4558
0.44609,1.8948,1.7565
0.28156,1.9583,2.0502
0.39786,1.923,2.3221
0.46891,2.002,2.5834
0.39898,2.0001,2.8352
0.58408,2.0307,3.0703
0.53584,2.0199,3.2926
0.54033,2.0352,3.4998
0.67644,2.0693,3.7026
0.69364,2.0588,3.8929
0.65475,2.0689,4.0695
0.57211,2.0508,4.2321
0.53584,2.0214,4.3778
0.38402,1.9973,4.5083
0.26511,1.976,4.6238
0.1892,1.9486,4.7255
0.16826,1.9189,4.8133
0.1963,1.8889,4.8881
0.19032,1.8614,4.9512
0.26436,1.8231,5.0023
0.30026,1.7739,5.0399
0.35448,1.7326,5.0643
0.31559,1.6773,5.0761
0.23407,1.6311,5.0771
0.15891,1.5976,5.069
-0.043764,1.5414,5.0505
-0.17876,1.4945,5.0224
-0.29281,1.4449,4.9854
-0.37246,1.3956,4.9392
-0.38891,1.3415,4.8842
-0.4349,1.264,4.8203
-0.39227,1.2178,4.7485
-0.38106,1.163,4.6689
-0.37956,1.1021,4.5829
-0.33394,1.0448,4.49
-0.39901,0.9606,4.3875
-0.41359,0.90107,4.2781
-0.44425,0.84394,4.163
-0.48539,0.77918,4.0424
-0.44238,0.71309,3.9159
-0.46482,0.65182,3.7839
-0.43079,0.59269,3.6512
-0.36647,0.49743,3.5095
-0.36872,0.43011,3.359
-0.41733,0.38381,3.2095
-0.44949,0.28903,3.0547
-0.40461,0.21278,2.8919
-0.42406,0.13354,2.7256
-0.41546,0.013629,2.5489
-0.30889,-0.055781,2.3643
-0.22924,-0.14366,2.1756
-0.098733,-0.22613,1.9819
-0.0093619,-0.32491,1.7854
0.057199,-0.41441,1.5815
0.12451,-0.50022,1.3793
0.129,-0.6451,1.1684
0.17275,-0.68455,0.9598
0.079261,-0.85472,0.74669
0.051964,-0.87137,0.5278
0.048599,-1.0376,0.31766
-0.051617,-1.0961,0.077979
0.066548,-0.25082,-0.036955
0.093845,-0.00024652,-0.011254
0.13872,-0.15012,-0.015956
0.29502,-0.02637,-0.016496
0.20752,-0.089829,-0.014134
0.15592,-0.049419,-0.017598
0.18359,-0.057141,-0.0144
0.15068,-0.05956,-0.018145
0.15779,-0.041186,-0.015825
0.17574,-0.055503,-0.017508
0.17948,-0.035828,-0.017598
0.089732,-0.04567,-0.017583
0.056825,-0.038621,-0.018817
0.081505,-0.039844,-0.018247
0.033267,-0.035776,-0.019161
0.083375,-0.035873,-0.019521
0.080383,-0.03308,-0.019709
0.014196,-0.030561,-0.019776
0.033641,-0.033114,-0.020706
0.027658,-0.028368,-0.021572
0.050468,-0.03257,-0.022577
0.15293,-0.032293,-0.02354
0.2165,-0.029849,-0.024429
0.20154,-0.023187,-0.025149
0.21313,-0.02992,-0.025573
0.22211,-0.02568,-0.026615
0.13872,-0.020626,-0.026367
0.082253,-0.035453,-0.02768
0.07627,-0.016154,-0.02753
0.011579,-0.028507,-0.028103
-0.031798,-0.014167,-0.028947
-0.013101,-0.027895,-0.027743
-0.022824,-0.023498,-0.030589
-0.013849,-0.01498,-0.027837
0.023919,-0.045711,-0.031774
0.088984,0.015721,-0.028703
0.15068,-0.065416,-0.03081
0.15293,0.037041,-0.032104
0.12002,-0.072018,-0.026911
0.10432,0.022874,-0.039504
0.11703,-0.040852,-0.01323
0.0011084,-1.621,-0.17365
0.10955,-2.1635,-0.5683
0.21612,-1.7988,-0.91729
0.1189,-1.9824,-1.2503
0.4345,-1.8923,-1.5767
0.46217,-1.9364,-1.8709
0.42665,-1.9485,-2.1591
0.68953,-1.954,-2.424
0.48311,-2.0193,-2.684
0.50779,-2.0077,-2.9293
0.64615,-2.0349,-3.1612
0.50667,-2.0228,-3.3779
0.60203,-2.0628,-3.584
0.68018,-2.0733,-3.7838
0.65251,-2.0702,-3.9692
0.58146,-2.068,-4.1419
0.56762,-2.0499,-4.2991
0.47115,-2.0302,-4.4411
0.28119,-1.998,-4.5668
0.21874,-1.9848,-4.6789
0.17686,-1.9571,-4.7778
0.19817,-1.9203,-4.8619
0.14807,-1.8944,-4.9339
0.18957,-1.8623,-4.9933
0.27894,-1.8254,-5.0404
0.29502,-1.7811,-5.075
0.34214,-1.7317,-5.0962
0.25651,-1.6901,-5.1061
0.17985,-1.6454,-5.1053
0.071783,-1.5987,-5.0942
-0.078914,-1.5506,-5.0732
-0.1896,-1.4977,-5.0428
-0.30029,-1.4457,-5.0031
-0.36124,-1.3926,-4.9543
-0.4177,-1.34,-4.8975
-0.40312,-1.2766,-4.8312
-0.38592,-1.2123,-4.7562
-0.39639,-1.1591,-4.6735
-0.36647,-1.1047,-4.5844
-0.40873,-1.0424,-4.4895
-0.4192,-0.97311,-4.3866
-0.39452,-0.89997,-4.2762
-0.43976,-0.84098,-4.1593
-0.42855,-0.78104,-4.0378
-0.41172,-0.70517,-3.9092
-0.40574,-0.65891,-3.7771
-0.356,-0.58612,-3.6427
-0.3403,-0.4909,-3.4967
-0.36236,-0.44279,-3.3459
-0.38517,-0.37735,-3.1961
-0.35899,-0.28735,-3.0385
-0.3732,-0.21479,-2.8744
-0.39265,-0.11328,-2.7053
-0.29804,-0.0096415,-2.524
-0.23746,0.064626,-2.337
-0.15333,0.16166,-2.145
-0.040399,0.24042,-1.9496
0.01644,0.35017,-1.7491
0.089732,0.4118,-1.5439
0.12675,0.53341,-1.34
0.17574,0.64855,-1.1261
0.15741,0.71071,-0.91894
0.1361,0.87951,-0.6985
0.12002,0.86405,-0.48437
-0.0037528,1.1342,-0.26259
0.047477,0.86724,-0.037806
0.089358,0.021603,0.015758
0.081131,0.059078,-0.010673
0.23445,0.087911,0.0015377
0.2251,0.0088223,-0.004311
0.1346,0.065406,-0.0011842
0.1634,0.0039674,-0.0013341
0.15629,0.039373,-0.0020577
0.14657,0.010045,0.0004842
0.19406,0.018041,-0.0014054
0.20378,0.012665,0.0010466
0.11404,0.0016467,5.3046e-05
0.091975,0.020264,0.0012003
0.07814,0.0046797,0.0015977
0.020553,0.0076152,0.0018002
0.11142,0.0077426,0.0026175
0.12563,0.001658,0.0030186
0.045233,-0.0024809,0.0033223
0.051216,0.0040049,0.0033636
0.024293,0.0039486,0.004657
0.038876,0.0072477,0.0055606
0.12226,0.0078438,0.0067378
0.16901,0.0014668,0.0080125
0.18434,0.00090442,0.0087998
0.18022,0.0012081,0.0088186
0.20977,0.0066067,0.0098684
0.16863,-0.0062562,0.01027
0.12039,0.0044022,0.010348
0.11142,-0.00064767,0.011957
0.047103,-0.0032832,0.011203
0.04972,0.0058719,0.012819
0.010831,-0.013544,0.011608
-0.019458,0.012185,0.013299
-0.0093619,-0.0286,0.013344
-1.3407e-05,0.019942,0.012639
0.055703,-0.020735,0.015845
0.082253,-0.017436,0.011188
0.15068,0.010078,0.018791
0.13647,-0.052421,0.0099733
0.085245,0.099676,0.020201
0.10619,-0.20161,0.0091223
0.057947,0.72852,0.034564
0.046729,2.2161,0.34057
0.20977,1.9675,0.7303
0.23295,1.8805,1.0567
0.24192,1.9675,1.3975
0.39636,1.8744,1.7047
0.22585,1.9606,1.9993
0.27595,1.9164,2.277
0.46255,1.9835,2.5392
0.34924,1.9866,2.7948
0.5048,2.0043,3.034
0.5235,2.0076,3.261
0.46479,2.0142,3.471
0.60876,2.0591,3.6756
0.62521,2.0431,3.87
0.60053,2.0507,4.0511
0.53135,2.0403,4.2184
0.52986,2.0129,4.3701
0.42291,1.9839,4.5062
0.24566,1.9624,4.6265
0.23033,1.9481,4.733
0.1993,1.9088,4.8251
0.17462,1.8738,4.9042
0.19331,1.855,4.971
0.22809,1.8171,5.0261
0.28493,1.7682,5.0686
0.34251,1.7158,5.0967
0.31821,1.6763,5.113
0.25053,1.6418,5.1183
0.13498,1.589,5.1123
-0.030302,1.5434,5.0972
-0.13501,1.4896,5.0725
-0.24868,1.4371,5.0375
-0.35638,1.3938,4.994
-0.37096,1.3349,4.9422
-0.40761,1.2774,4.8811
-0.41845,1.2162,4.8111
-0.3646,1.1562,4.7327
-0.3818,1.1076,4.6476
-0.37096,1.0428,4.5561
-0.3646,0.96796,4.4561
-0.38891,0.90227,4.3483
-0.41995,0.83818,4.2341
-0.48426,0.78119,4.1148
-0.44425,0.71624,3.99
-0.41097,0.65567,3.8588
-0.42929,0.60236,3.7266
-0.38891,0.51017,3.5883
-0.3646,0.43426,3.4393
-0.3833,0.3947,3.2892
-0.42032,0.31978,3.1371
-0.40162,0.22551,2.9763
-0.37657,0.1556,2.8114
-0.36535,0.054984,2.6392
-0.26588,-0.036237,2.4557
-0.21765,-0.116,2.269
-0.16679,-0.20805,2.0762
-0.030302,-0.28365,1.8806
0.017936,-0.39744,1.6783
0.098706,-0.46301,1.4738
0.17985,-0.60044,1.2669
0.1447,-0.67478,1.0536
0.1619,-0.78001,0.84577
0.085992,-0.89355,0.6226
-0.03105,-0.91445,0.41429
-0.012727,-1.1957,0.1817
0.016814,-0.65391,-0.012964
0.093845,0.023957,-0.025055
0.17387,-0.13323,-0.0089225
0.19855,-0.071204,-0.019623
0.15218,-0.058255,-0.012274
0.11404,-0.073446,-0.017613
0.15517,-0.030224,-0.014651
0.15143,-0.070672,-0.016342
0.15779,-0.034842,-0.016803
0.17424,-0.05268,-0.01596
0.1017,-0.03966,-0.017924
0.077018,-0.040312,-0.016698
0.060939,-0.042682,-0.018284
0.013074,-0.03515,-0.017924
0.064304,-0.03732,-0.018299
0.095341,-0.032552,-0.019071
0.069539,-0.032683,-0.019353
0.04112,-0.027164,-0.019499
0.030276,-0.040481,-0.020009
0.025788,-0.043675,-0.021186
0.057947,-0.034033,-0.022052
0.14956,-0.028649,-0.023177
0.16228,-0.033718,-0.02417
0.15068,-0.026448,-0.02471
0.20528,-0.023693,-0.02486
0.16489,-0.035975,-0.026176
0.096837,-0.030482,-0.026262
0.11142,-0.030381,-0.027005
0.061686,-0.014264,-0.027545
0.029902,-0.031528,-0.027271
0.01644,-0.018227,-0.028909
-0.0030049,-0.021458,-0.027447
-0.019458,-0.038239,-0.030034
-0.016093,-0.0012363,-0.027904
0.05159,-0.045133,-0.030308
0.068043,0.012789,-0.029944
0.14395,-0.055259,-0.028501
0.17275,0.010206,-0.033596
0.10095,-0.026977,-0.024691
0.1103,-0.050577,-0.040168
0.093097,0.10176,-0.014561
-0.016841,-1.2855,-0.11292
0.088236,-2.2115,-0.48469
0.19406,-1.8188,-0.85216
0.081505,-1.9465,-1.1811
0.37991,-1.9176,-1.5157
0.46068,-1.908,-1.814
0.34214,-1.9534,-2.1067
0.67083,-1.927,-2.3758
0.54818,-2.0023,-2.6368
0.47564,-1.9971,-2.887
0.6368,-2.024,-3.1226
0.47526,-2.0086,-3.3441
0.53621,-2.0376,-3.5514
0.59455,-2.0621,-3.7538
0.5867,-2.0526,-3.9433
0.55865,-2.0528,-4.1199
0.51789,-2.0379,-4.2818
0.47451,-2.0213,-4.4291
0.25651,-1.9866,-4.5598
0.22958,-1.9699,-4.6753
0.19294,-1.9478,-4.779
0.14994,-1.9098,-4.8676
0.18022,-1.8849,-4.9427
0.18509,-1.8552,-5.0062
0.2666,-1.8139,-5.0573
0.30774,-1.7721,-5.0955
0.32756,-1.7239,-5.1207
0.28792,-1.6761,-5.1334
0.21463,-1.6389,-5.135
0.096463,-1.5937,-5.1273
-0.013849,-1.5397,-5.1097
-0.16417,-1.4902,-5.0817
-0.29804,-1.4399,-5.0445
-0.31412,-1.3885,-4.9986
-0.38854,-1.3383,-4.9441
-0.38966,-1.279,-4.8806
-0.3747,-1.2128,-4.8082
-0.36647,-1.1493,-4.7271
-0.33955,-1.0975,-4.6394
-0.37133,-1.0458,-4.5466
-0.34927,-0.98073,-4.4464
-0.38293,-0.91149,-4.3383
-0.43378,-0.84776,-4.2228
-0.42107,-0.78714,-4.1024
-0.402,-0.71051,-3.9756
-0.4278,-0.65801,-3.8434
-0.42855,-0.59776,-3.7099
-0.33992,-0.49828,-3.5666
-0.37283,-0.44248,-3.4155
-0.41621,-0.38854,-3.2656
-0.36872,-0.3014,-3.1103
-0.36161,-0.22654,-2.9467
-0.35563,-0.13832,-2.7797
-0.28271,-0.024525,-2.6017
-0.19745,0.056094,-2.4149
-0.19184,0.13691,-2.2253
-0.10584,0.21684,-2.0296
-0.0015092,0.32042,-1.8312
0.053086,0.4001,-1.6258
0.18022,0.48907,-1.4218
0.16302,0.63249,-1.2097
0.15704,0.66675,-0.99854
0.18658,0.84838,-0.78405
0.018684,0.86282,-0.56167
0.013074,1.0176,-0.35122
0.055703,1.1176,-0.10891
0.022797,0.26601,0.018233
0.11628,-0.026606,-0.0056944
0.16041,0.12789,-0.0029463
0.16901,0.00011338,-0.00080176
0.14283,0.06427,-0.0038836
0.13311,0.018596,0.00054794
0.17611,0.024823,-0.0028826
0.15629,0.0312,0.0007129
0.18808,0.01133,-0.0011879
0.16377,0.026057,0.0002555
0.086366,0.0038174,0.00073539
0.075896,0.019338,0.00079163
0.03925,0.013317,0.0019239
0.059069,0.0071315,0.0015302
0.095341,0.0019017,0.0026175
0.096463,0.010048,0.0030336
0.085618,0.0038474,0.0032361
0.054208,-0.00098133,0.0033823
0.021301,0.0063442,0.0043458
0.029902,-0.0042392,0.0046945
0.12638,-0.0014724,0.0048932
0.14134,0.00087443,0.0056131
0.129,0.00056701,0.0058568
0.18808,0.0022766,0.0057518
0.14807,-0.002987,0.005913
0.11067,-0.0039168,0.0061829
0.1174,-0.0024322,0.0058905
0.05346,-0.0076546,0.005823
0.047103,-0.0070435,0.005988
0.045233,-0.0025784,0.006093
-0.012727,-0.006931,0.0060705
-0.013475,-0.015228,0.0059167
-0.022824,-0.0154,0.0060142
-0.0067443,-0.0062337,0.0060555
0.045233,-0.0065074,0.0061754
