0.05346,-0.0087193,-0.001083
0.048972,-0.0077108,-0.0010155
0.047477,-0.0089592,-0.0011167
0.046729,-0.004078,-0.00064805
0.048599,0.001598,-2.5687e-05
0.02504,-0.0054576,-0.00011567
0.03065,-0.00077888,0.00039797
0.05346,-0.0039543,0.00034548
0.031397,-0.0064624,0.00067541
0.024667,-0.0058138,0.001234
0.030276,-0.0046666,0.00067916
0.019431,-0.00068516,0.0017214
0.029528,-0.01152,0.00088911
0.042989,0.0050283,0.0016089
0.04112,-0.019685,0.001489
0.046729,0.0044772,0.0013803
0.051964,-0.0057501,0.0027674
0.046729,-0.013016,0.00039797
0.053086,0.011994,0.0031986
0.041868,-0.036683,-0.00013066
0.04112,0.044749,0.0036185
0.044485,-0.072689,0.00024425
0.031023,0.065016,0.0013503
0.042989,-0.089893,0.0040946
0.017562,0.15501,-0.0059044
0.091975,2.1241,0.14383
0.084123,3.0746,0.38102
-0.15146,3.1145,0.53975
-0.064331,3.113,0.69586
0.18957,2.9639,0.83797
0.18733,3.2155,0.95211
0.23744,2.9185,1.059
0.26473,2.7587,1.15
0.16115,2.6786,1.2303
0.19967,2.4557,1.3037
0.20565,2.4891,1.3673
0.21238,2.365,1.4151
0.22809,2.3107,1.4544
0.126,2.2275,1.4838
0.043363,2.1472,1.5048
-0.043764,2.1025,1.5186
-0.056478,1.9945,1.522
-0.0056225,1.9236,1.5158
0.087488,1.8179,1.5
0.050842,1.715,1.4765
-0.069566,1.6193,1.4456
-0.096863,1.518,1.4086
-0.16342,1.402,1.3657
-0.10023,1.2756,1.3132
-0.033294,1.1711,1.2535
-0.023945,1.0559,1.1896
0.032145,0.95086,1.1207
0.032145,0.83155,1.0489
0.0089611,0.70228,0.97092
-0.045634,0.58087,0.88752
-0.063583,0.45625,0.80079
-0.10023,0.34385,0.71336
-0.16417,0.18404,0.61786
-0.18399,0.084826,0.52093
-0.28121,-0.085267,0.42007
-0.31711,-0.21848,0.30691
-0.25354,-0.37362,0.19648
-0.16455,-0.59969,0.065364
-0.0052485,-0.22362,-0.010984
0.087862,0.035909,0.0010766
0.14395,-0.075789,0.0016464
0.19369,-0.0077408,-0.00032937
0.15779,-0.030876,0.0020738
0.11292,-0.020116,-0.00038936
0.098706,-0.016356,0.0018189
0.075522,-0.028109,-0.00024689
0.096837,-0.0056151,0.00094535
0.10918,-0.022677,0.00040172
0.061686,-0.0086855,4.5547e-05
0.075148,-0.012367,0.00041671
0.11067,-0.010807,-0.0001719
0.13199,-0.01224,0.00013553
0.17424,-0.013627,-0.00041185
0.18022,-0.0091504,-0.00036686
0.12301,-0.013394,-0.00067804
0.084871,-0.0084306,-0.00092174
0.082627,-0.0067848,-0.0010342
0.091228,-0.0096153,-0.0012367
0.13498,-0.010935,-0.0013117
0.17499,-0.0091729,-0.0017203
0.2251,-0.0076696,-0.0019528
0.25202,-0.0053377,-0.0017166
0.18883,-0.0073546,-0.0018253
0.09908,-0.0082844,-0.0020577
0.056451,-0.0042955,-0.0016266
0.070661,-0.0067023,-0.0015928
0.010457,-0.0064699,-0.0018703
-0.099481,-0.0036019,-0.0017241
-0.076297,-0.0061662,-0.0016716
-0.099855,-0.0070697,-0.001889
-0.13912,-0.0062224,-0.0019378
-0.041147,-0.0052814,-0.0016566
-0.027311,-0.0046254,-0.0017466
-0.008614,-0.0061175,-0.0018215
0.044859,-0.0046254,-0.0016416
-0.011605,-0.002987,-0.0016416
-0.040399,-0.0030808,-0.0016791
-0.049747,-0.0022148,-0.0017803
-0.070688,-0.0055439,-0.0015741
-0.056104,-0.0086818,-0.0014241
-0.036285,-0.0040893,-0.0017091
-0.002257,-0.0027884,-0.0016528
0.019805,-0.0070247,-0.0013154
0.069165,-0.0047341,-0.0014804
0.1174,-0.0034894,-0.0018253
0.12189,-0.0070322,-0.0021627
0.14208,-0.0049703,-0.0027776
0.13423,-0.0052365,-0.0031825
0.12787,-0.0059413,-0.0035274
0.11254,-0.006886,-0.0036024
0.087488,-0.010631,-0.0040223
0.097584,-0.00058393,-0.0040823
0.12376,-0.007872,-0.004401
0.172,-0.00098508,-0.0048284
0.18546,-0.0050228,-0.0041798
0.18434,-0.01044,-0.0054845
0.18209,0.0030189,-0.0041085
0.13236,-0.019127,-0.0056644
0.11628,0.014127,-0.0048996
0.095715,-0.023179,-0.004326
0.044111,0.005182,-0.0060581
0.038876,-0.016735,-0.0029913
0.036259,-0.015771,-0.0082664
0.023171,0.031804,-0.00094798
0.02504,-0.080483,-0.0096798
0.033267,0.14835,0.0019839
0.021675,-0.67544,-0.028024
0.033641,-1.8478,-0.2597
0.058321,-1.6848,-0.5189
0.044111,-1.7042,-0.72292
0.090106,-1.8368,-0.92609
0.19443,-1.8633,-1.0917
0.22547,-1.9842,-1.2451
0.25688,-1.9411,-1.3751
0.26773,-1.9535,-1.4827
0.2049,-1.928,-1.5785
0.21388,-1.9264,-1.6585
0.21276,-1.9047,-1.7272
0.21388,-1.8707,-1.7806
0.24043,-1.8485,-1.8241
0.26361,-1.7953,-1.8559
0.22771,-1.7622,-1.8789
0.095341,-1.7103,-1.894
0.059069,-1.6466,-1.898
0.02691,-1.5636,-1.8916
-0.010858,-1.4783,-1.8752
-0.050869,-1.4135,-1.851
-0.091628,-1.3328,-1.8197
-0.056478,-1.238,-1.7798
-0.053861,-1.1481,-1.7315
-0.010484,-1.061,-1.676
0.01831,-0.96729,-1.6142
0.015318,-0.87119,-1.5459
0.023919,-0.78257,-1.4723
-0.066574,-0.68847,-1.394
-0.16006,-0.57981,-1.3092
-0.224,-0.47906,-1.2168
-0.25654,-0.40096,-1.1239
-0.2528,-0.27281,-1.0261
-0.25467,-0.17946,-0.92083
-0.21578,-0.061839,-0.8148
-0.20531,0.077673,-0.69759
-0.18661,0.17883,-0.57757
-0.13837,0.3505,-0.44542
-0.12267,0.39546,-0.31379
-0.096489,0.64392,-0.17431
-0.077045,0.58108,-0.028099
-0.057226,0.016886,0.0088636
-0.051991,0.0077464,-0.0096723
0.012327,0.049938,-0.0018815
0.075522,-0.0096041,-0.0055894
0.075896,0.035129,-0.0041535
0.15928,-0.0061812,-0.0040448
0.18658,0.019117,-0.0047871
0.1432,0.0030414,-0.0031825
0.14732,0.0056469,-0.0046672
0.14134,0.0087511,-0.0031787
0.14358,-0.0015812,-0.0039211
0.16265,0.0087736,-0.0033025
0.19369,-0.0034107,-0.00301
0.21164,0.00075821,-0.0028938
0.24753,-0.00038524,-0.0025489
0.28119,-0.00028776,-0.0027888
0.26698,0.0017592,-0.0022489
0.28755,-0.0014987,-0.0021365
0.26287,-3.6579e-05,-0.0018928
0.2251,0.00045829,-0.0015891
0.21724,-0.0031745,-0.0015291
0.17686,-0.0015924,-0.0011504
0.12563,0.00066823,-0.0006293
0.069913,-0.0026271,-0.00075303
0.040372,-0.0030208,-0.0011504
0.0040999,-0.0018399,-0.00082801
-0.016467,-0.0025897,-0.00052058
-0.036659,-0.0056863,-0.00098172
-0.075923,-0.0041867,-0.0010492
-0.10546,-0.0030883,-0.00081301
-0.13314,-0.0071185,-0.0010755
-0.12902,-0.0068035,-0.0010492
-0.13239,-0.0036131,-0.00083926
-0.11631,-0.00056519,-0.00044559
-0.087889,-0.0011463,0.00040922
-0.09462,-0.00047521,0.00093785
-0.097985,-0.00060643,0.001564
-0.098733,-0.0061887,0.0018339
-0.064331,-0.002361,0.0023775
-0.051991,-0.0077483,0.0028274
-0.052365,7.964e-05,0.0029886
-0.0030049,-0.00044897,0.0042184
0.0085872,-0.0057876,0.0033336
0.024667,0.0054407,0.0049607
0.067669,-0.017841,0.0041546
0.11927,0.012575,0.0047732
0.15854,-0.01531,0.0057293
0.15667,0.0084699,0.0037347
0.20191,-0.004078,0.0076226
0.21575,-0.020341,0.0027824
0.20752,0.035763,0.0088111
0.24828,-0.066784,0.0026512
0.22884,0.094255,0.0080575
0.24267,-0.16018,0.0056506
0.23183,0.41767,0.0064304
0.23632,2.0388,0.25237
0.31933,2.0874,0.61922
0.26698,1.8999,0.91908
0.33317,2.0775,1.2219
0.43338,2.051,1.492
0.41132,2.24,1.7433
0.50817,2.2928,1.9829
0.5594,2.3733,2.2008
0.51004,2.4162,2.407
0.57099,2.4411,2.5931
0.54369,2.4686,2.7671
0.40571,2.4601,2.9237
0.53584,2.4671,3.0651
0.38477,2.4171,3.1887
0.17275,2.3991,3.2973
0.21014,2.3833,3.3943
0.07814,2.3647,3.477
0.14919,2.3269,3.547
-0.050869,2.276,3.6026
-0.066574,2.2269,3.6447
-0.067696,2.1547,3.6745
-0.46295,2.1144,3.6929
-0.11481,2.0698,3.7013
0.029902,1.9991,3.7003
0.13685,1.9383,3.6906
0.35149,1.8692,3.6732
0.085245,1.8038,3.649
0.11441,1.7319,3.6168
0.071035,1.6465,3.5748
0.045233,1.572,3.5236
-0.045634,1.4886,3.4637
-0.33768,1.4073,3.3957
-0.46482,1.3349,3.3225
-0.72732,1.2429,3.2436
-0.72059,1.1491,3.1559
-0.56541,1.0742,3.0599
-0.49922,0.99471,2.9587
-0.36199,0.90442,2.8523
-0.31038,0.82883,2.7418
-0.27187,0.7451,2.6282
-0.34179,0.64368,2.5068
-0.24382,0.56787,2.3798
-0.15707,0.48679,2.253
-0.13276,0.37741,2.1183
-0.034416,0.30399,1.9789
-0.12528,0.19829,1.8365
-0.10696,0.086824,1.6842
-0.18661,-0.023592,1.5267
-0.14174,-0.13599,1.3608
-0.062087,-0.23078,1.1942
-0.18362,-0.38071,1.019
-0.094994,-0.44074,0.84341
-0.16754,-0.60894,0.66422
-0.21465,-0.6633,0.47568
-0.17389,-0.81419,0.2958
-0.069566,-0.95519,0.086884
0.1791,-0.25558,-0.023908
0.28717,0.028242,-0.00301
0.4603,-0.1202,-0.0050308
0.50667,-0.010725,-0.0067479
0.42553,-0.060448,-0.0039998
0.38402,-0.029852,-0.0076402
0.34551,-0.035915,-0.0044684
0.261,-0.040477,-0.0078427
0.13273,-0.01714,-0.0060431
0.11292,-0.036931,-0.0071379
-0.03479,-0.017488,-0.0072541
-0.070688,-0.026891,-0.0071529
0.0014823,-0.018774,-0.0081651
-0.029181,-0.019441,-0.0077527
0.06206,-0.023457,-0.008705
0.13535,-0.020712,-0.00878
0.14881,-0.018714,-0.0090087
0.075896,-0.017492,-0.0091024
0.0078393,-0.019771,-0.0099047
-0.0063704,-0.013814,-0.010261
0.003726,-0.014032,-0.010287
0.05346,-0.016022,-0.011026
0.022797,-0.012585,-0.011311
0.01831,-0.011565,-0.011209
-0.047504,-0.012195,-0.011044
-0.1021,-0.009844,-0.011228
-0.1021,-0.010301,-0.011221
-0.16006,-0.01176,-0.011082
-0.098359,-0.013574,-0.011464
-0.0662,-0.012986,-0.012169
-0.072557,-0.010575,-0.01272
-0.022076,-0.016154,-0.013219
0.025414,-0.011696,-0.013976
0.091975,-0.0074071,-0.014239
0.17574,-0.013308,-0.015266
0.30138,-0.0066611,-0.015214
0.30475,-0.014965,-0.01566
0.25539,-0.0042055,-0.016541
0.20902,-0.011524,-0.015821
0.10357,-0.0097653,-0.017733
0.10132,-0.0018174,-0.016331
0.083001,-0.024146,-0.018415
0.080009,0.010629,-0.017159
0.10731,-0.03828,-0.017744
0.10357,0.012871,-0.019248
0.1361,-0.02568,-0.016027
0.12226,-0.0060987,-0.022251
0.14844,0.01154,-0.013133
0.17387,-0.085064,-0.02603
0.1892,0.16125,-0.0075728
0.13984,-0.96078,-0.063986
0.070661,-2.1555,-0.38573
0.10132,-1.8088,-0.74187
-0.0041267,-1.7819,-1.0475
0.14208,-1.7778,-1.3559
0.35298,-1.7377,-1.6274
0.30961,-1.8236,-1.8951
0.45657,-1.7879,-2.1431
0.3642,-1.8518,-2.3763
0.20154,-1.8335,-2.5951
0.29016,-1.8615,-2.7952
0.27184,-1.8675,-2.9833
0.29652,-1.8624,-3.1521
0.38851,-1.8673,-3.3065
0.43749,-1.8442,-3.4416
0.34251,-1.8487,-3.5617
0.29989,-1.8372,-3.6685
0.30699,-1.8284,-3.7602
0.22659,-1.8043,-3.8387
0.23519,-1.7718,-3.9016
0.21014,-1.7442,-3.9499
0.18583,-1.7109,-3.9849
0.10768,-1.6779,-4.0081
0.066174,-1.6424,-4.0212
0.12152,-1.6039,-4.0244
0.1619,-1.5641,-4.0178
0.29914,-1.5303,-4.0018
0.23819,-1.4892,-3.9778
0.14358,-1.4348,-3.9447
0.16115,-1.3791,-3.9011
0.046729,-1.3145,-3.8474
-0.072931,-1.2573,-3.7846
-0.17614,-1.204,-3.715
-0.17838,-1.1311,-3.6377
-0.18773,-1.0597,-3.5515
-0.25467,-0.98915,-3.4585
-0.29655,-0.91881,-3.3591
-0.35862,-0.84364,-3.2541
-0.35002,-0.77194,-3.1424
-0.31861,-0.71302,-3.0271
-0.28458,-0.62211,-2.9063
-0.28271,-0.54436,-2.7769
-0.26962,-0.48384,-2.6453
-0.30664,-0.40404,-2.5106
-0.35264,-0.31459,-2.3695
-0.29991,-0.23557,-2.2224
-0.28832,-0.1521,-2.072
-0.20157,-0.024893,-1.9111
-0.17464,0.05546,-1.7429
-0.23522,0.16768,-1.5704
-0.25018,0.2573,-1.391
-0.26588,0.36735,-1.2109
-0.20904,0.48383,-1.022
-0.12192,0.56021,-0.83762
-0.041147,0.71906,-0.6407
0.0059696,0.71947,-0.44909
0.082627,0.99277,-0.24801
0.13909,0.79047,-0.04151
0.1806,0.013632,0.0085974
0.27109,0.036509,-0.01608
0.34513,0.075832,-0.0050908
0.39711,0.0015043,-0.01034
0.33578,0.057826,-0.0075015
0.29689,0.0017929,-0.0075203
0.24118,0.037791,-0.0081051
0.15741,0.0069591,-0.0057132
0.18957,0.011795,-0.0076028
0.16415,0.017108,-0.0054245
0.16415,0.0030376,-0.0064705
0.19369,0.015702,-0.0055032
0.13012,0.0033788,-0.0053195
0.092349,0.0096246,-0.0050271
0.1088,0.0037612,-0.0042023
0.089358,0.0052008,-0.0043485
0.072905,0.008961,-0.0036061
0.097211,-0.0014799,-0.0033887
0.049346,-0.0021773,-0.0030925
0.017936,0.004361,-0.0026688
0.0011084,0.0021678,-0.0020015
-0.03479,0.0019092,-0.0015816
-0.013101,0.007364,-0.00083176
-0.028433,0.0023628,0.00034173
-0.038903,-0.0015099,0.00052544
-0.05573,0.0019242,0.0012003
-0.12977,0.00069448,0.0016952
-0.16604,0.0046084,0.0023888
-0.14136,-0.0019973,0.0029024
-0.10434,0.0030039,0.0031424
-0.056478,-0.0022447,0.0044171
0.039624,-0.0028146,0.0037235
0.096837,0.0053283,0.0055418
0.10918,-0.011775,0.0044583
0.14395,0.012718,0.0057405
0.16415,-0.023355,0.0059955
0.18583,0.018495,0.0051819
0.17649,-0.014017,0.0084962
0.15741,-0.0025597,0.0036073
0.13049,0.023605,0.011128
0.10544,-0.060407,0.0027449
0.10992,0.10197,0.011897
0.10432,-0.19525,0.0030261
0.17237,0.65189,0.021603
0.23519,2.1903,0.31508
0.32643,1.9766,0.7024
0.35485,1.8165,1.0261
0.32531,1.9048,1.3644
0.40234,1.8061,1.6704
0.30475,1.8987,1.9637
0.32157,1.857,2.2401
0.41768,1.9242,2.5007
0.3212,1.9316,2.7536
0.35261,1.9432,2.9848
0.33653,1.9879,3.2068
0.3313,2.0135,3.4173
0.40795,2.0545,3.6187
0.45021,2.0547,3.8054
0.4618,2.0641,3.9768
0.40459,2.0624,4.1338
0.37916,2.0659,4.2765
0.32569,2.0456,4.4046
0.3126,2.0159,4.5136
0.27558,1.9952,4.6082
0.258,1.9655,4.6901
0.20864,1.9454,4.7596
0.11292,1.9228,4.8176
0.20004,1.8755,4.8622
0.21612,1.8234,4.8932
0.25688,1.784,4.9114
0.24267,1.7362,4.9179
0.12825,1.7002,4.9143
0.075522,1.665,4.8998
-0.040773,1.6197,4.8751
-0.11406,1.5752,4.8429
-0.29318,1.5285,4.8028
-0.33618,1.4868,4.7544
-0.23933,1.4245,4.698
-0.27074,1.364,4.6319
-0.181,1.3045,4.5559
-0.13575,1.2401,4.4717
-0.13276,1.1892,4.3814
-0.14099,1.1218,4.2849
-0.15969,1.0465,4.1798
-0.181,0.97783,4.0656
-0.30141,0.91673,3.9458
-0.34441,0.8507,3.8214
-0.3904,0.78771,3.6908
-0.42144,0.73021,3.5587
-0.40461,0.64372,3.4213
-0.34703,0.56532,3.2743
-0.26663,0.51071,3.1263
-0.26065,0.42716,2.9756
-0.23746,0.34368,2.8172
-0.27411,0.26907,2.6562
-0.31562,0.16141,2.488
-0.30515,0.071783,2.312
-0.30328,-0.032555,2.1296
-0.27561,-0.12117,1.9412
-0.22213,-0.22603,1.7501
-0.13575,-0.32211,1.5508
-0.077793,-0.40799,1.3533
-0.01011,-0.55815,1.1465
0.081131,-0.61313,0.94097
0.088984,-0.78184,0.73144
0.10058,-0.80694,0.51554
0.12526,-0.97814,0.30816
0.040372,-1.0488,0.072896
0.038876,-0.23857,-0.039276
0.082627,0.0089648,-0.013875
0.064304,-0.1402,-0.018753
0.15293,-0.026066,-0.019289
0.1978,-0.080344,-0.017099
0.21014,-0.039506,-0.020582
0.25202,-0.054322,-0.017403
0.21874,-0.047503,-0.021047
0.20154,-0.0292,-0.018858
0.18396,-0.047102,-0.020507
0.13273,-0.026227,-0.020545
0.097211,-0.042344,-0.02047
0.068043,-0.029534,-0.021493
0.026536,-0.029976,-0.021193
0.014196,-0.031063,-0.022037
0.056825,-0.030149,-0.022221
0.071409,-0.028297,-0.023031
0.081505,-0.022962,-0.022911
0.10394,-0.029065,-0.023405
0.066548,-0.023419,-0.024118
0.034015,-0.026223,-0.024354
0.036633,-0.031067,-0.025809
0.00036053,-0.022152,-0.027005
-0.032546,-0.022021,-0.027477
0.0067175,-0.022996,-0.027983
0.022423,-0.022654,-0.028452
0.009335,-0.022174,-0.029539
0.029528,-0.014519,-0.029273
0.050468,-0.026118,-0.03015
0.069165,-0.012281,-0.030585
0.096089,-0.022999,-0.030394
0.10843,-0.019112,-0.032336
0.091601,-0.015081,-0.030649
0.087488,-0.029091,-0.033356
0.072157,0.0031238,-0.031342
0.067295,-0.04252,-0.033348
0.12488,0.015994,-0.033487
0.12638,-0.044117,-0.03144
0.11927,0.0055045,-0.037019
0.1432,-0.014718,-0.0278
0.10693,-0.056043,-0.042804
0.11067,0.12923,-0.01846
0.046729,-1.1908,-0.10726
0.041494,-2.1901,-0.47057
0.10768,-1.7857,-0.83832
0.031397,-1.8664,-1.1652
0.23706,-1.8438,-1.4986
0.39674,-1.8206,-1.7957
0.34513,-1.8725,-2.0871
0.50742,-1.8406,-2.3555
0.40047,-1.9168,-2.6165
0.27745,-1.8905,-2.8632
0.35224,-1.9233,-3.0919
0.25501,-1.9491,-3.3133
0.30736,-1.976,-3.5227
0.38103,-1.9938,-3.7229
0.39561,-1.9872,-3.9067
0.43525,-1.9966,-4.0771
0.40907,-1.9833,-4.233
0.38215,-1.9755,-4.3724
0.37692,-1.9584,-4.4972
0.4001,-1.9353,-4.6058
0.31036,-1.9153,-4.6989
0.27633,-1.8958,-4.7783
0.26623,-1.8772,-4.8457
0.23893,-1.8485,-4.9013
0.32232,-1.8115,-4.943
0.35111,-1.7708,-4.9707
0.36046,-1.7303,-4.9856
0.3111,-1.6976,-4.9888
0.23183,-1.6642,-4.9825
0.14545,-1.6231,-4.9659
0.0070914,-1.5839,-4.9391
-0.074427,-1.548,-4.9039
-0.14473,-1.5071,-4.8613
-0.16978,-1.4586,-4.8103
-0.14099,-1.4073,-4.7497
-0.14211,-1.3462,-4.68
-0.15333,-1.2826,-4.6007
-0.13314,-1.2319,-4.5142
-0.11556,-1.1699,-4.4213
-0.15894,-1.1043,-4.3199
-0.19259,-1.039,-4.2113
-0.24382,-0.97106,-4.0957
-0.30365,-0.91361,-3.9748
-0.34291,-0.84308,-3.8483
-0.38255,-0.77959,-3.7159
-0.39153,-0.71139,-3.5809
-0.35226,-0.62344,-3.4381
-0.28645,-0.56148,-3.2885
-0.30552,-0.49848,-3.1392
-0.31412,-0.40174,-2.9844
-0.31861,-0.32965,-2.8232
-0.35825,-0.25038,-2.6593
-0.33843,-0.1399,-2.4864
-0.30889,-0.048155,-2.3068
-0.26214,0.055786,-2.12
-0.22737,0.13402,-1.9292
-0.15744,0.25021,-1.7338
-0.081532,0.32751,-1.5326
-0.056478,0.43727,-1.3324
0.015692,0.5551,-1.1224
0.092723,0.63404,-0.91869
0.10768,0.80978,-0.70158
0.083375,0.80022,-0.48996
0.082253,1.0725,-0.27195
0.057573,0.8553,-0.048053
0.075896,0.026428,0.0082712
0.13423,0.04419,-0.018337
0.16639,0.088643,-0.0061143
0.23968,0.0079413,-0.011667
0.21537,0.06367,-0.0089262
0.21313,0.0045747,-0.00863
0.26324,0.040183,-0.0094548
0.21612,0.0099733,-0.0069616
0.22958,0.017955,-0.0089787
0.22472,0.021588,-0.0065267
0.17686,0.0028127,-0.0073591
0.15854,0.015649,-0.006403
0.11853,0.0085487,-0.0059869
0.12002,0.01142,-0.0057207
0.12974,0.0072402,-0.0051845
0.11927,0.0075814,-0.0047384
0.10058,0.0042036,-0.0041873
0.069913,0.0033338,-0.0043297
0.042242,0.0022991,-0.003175
0.0085872,0.005317,-0.0023277
-0.00824,0.0048934,-0.0012254
-0.00076128,0.0037499,-7.8175e-05
-0.013101,0.0073827,0.00097909
-0.027311,0.00070573,0.0014177
-0.016841,0.0072477,0.0018826
-0.023945,-0.00136,0.0029437
-0.03479,-0.00026902,0.002655
-0.026937,0.0044585,0.0040871
0.0059696,-0.0095403,0.003671
0.017936,0.010566,0.0048295
0.0127,-0.012671,0.0051182
0.034389,0.012264,0.0047582
0.034389,-0.0074596,0.0069815
0.031397,-0.0014575,0.0042034
0.057573,0.012965,0.0086574
0.10245,-0.031427,0.0042859
0.10918,0.046301,0.0088748
0.11516,-0.068332,0.0063104
0.14395,0.084436,0.0061679
0.11254,-0.11052,0.012973
0.13834,0.19995,-0.0050571
0.14994,1.8945,0.20538
0.20827,2.1486,0.60426
0.29241,1.7797,0.94267
0.25239,1.9198,1.2813
0.37318,1.807,1.6029
0.31634,1.8813,1.9011
0.22435,1.8634,2.1904
0.37206,1.8854,2.4564
0.29465,1.933,2.7175
0.32905,1.931,2.962
0.37206,1.9644,3.1955
0.32606,1.9579,3.4127
0.43824,2.0083,3.6197
0.46479,2.0282,3.8192
0.50518,2.0364,4.0043
0.48573,2.0431,4.1766
0.44497,2.0384,4.333
0.3986,2.0369,4.4747
0.33466,2.0259,4.6016
0.31484,1.9998,4.7116
0.22547,1.974,4.8054
0.2322,1.9667,4.886
0.23557,1.9535,4.9544
0.28605,1.9323,5.0111
0.36869,1.9042,5.0549
0.38963,1.8683,5.0843
0.42067,1.8259,5.1002
0.31596,1.7874,5.1042
0.22061,1.7629,5.0973
0.095715,1.7226,5.0796
-0.033668,1.6727,5.0521
-0.087889,1.6412,5.016
-0.1967,1.6042,4.9719
-0.18885,1.5531,4.92
-0.17576,1.5031,4.8598
-0.17539,1.4493,4.7898
-0.10995,1.3878,4.7105
-0.12678,1.3265,4.6227
-0.15744,1.2713,4.5282
-0.20456,1.2125,4.4282
-0.25392,1.1372,4.3207
-0.3145,1.057,4.2043
-0.37844,0.99721,4.0814
-0.38816,0.93182,3.9546
-0.40461,0.85828,3.8222
-0.37919,0.80526,3.6862
-0.32721,0.72476,3.5476
-0.313,0.63297,3.3994
-0.32497,0.57377,3.247
-0.37059,0.50278,3.0946
-0.41808,0.40922,2.9355
-0.44089,0.33268,2.7717
-0.45846,0.23568,2.6032
-0.45061,0.13473,2.4256
-0.42182,0.039692,2.2429
-0.35189,-0.062949,2.053
-0.24681,-0.14401,1.861
-0.20344,-0.26421,1.6624
-0.12379,-0.33503,1.4612
-0.035538,-0.47418,1.2578
-0.021702,-0.56919,1.0464
-0.0011352,-0.67863,0.84137
-0.053487,-0.8214,0.62076
-0.074427,-0.83846,0.41268
-0.040025,-1.128,0.1846
-0.019084,-0.67788,-0.013718
0.074026,0.019983,-0.032576
0.16078,-0.11389,-0.014179
0.25726,-0.071631,-0.025404
0.28941,-0.045306,-0.018333
0.25539,-0.07378,-0.023151
0.28455,-0.031405,-0.020867
0.26473,-0.06786,-0.022239
0.20304,-0.030494,-0.022926
0.20154,-0.053535,-0.021827
0.19668,-0.040425,-0.023867
0.1634,-0.034018,-0.022731
0.17499,-0.040481,-0.024163
0.16527,-0.031138,-0.024129
0.14956,-0.035037,-0.024676
0.17424,-0.028503,-0.024954
0.14507,-0.031345,-0.025381
0.10992,-0.025631,-0.025677
0.075522,-0.028615,-0.025659
0.011953,-0.032904,-0.026885
-0.0052485,-0.029575,-0.027751
0.0052217,-0.029009,-0.028947
0.027284,-0.031956,-0.029967
0.031023,-0.030981,-0.030836
0.027284,-0.026775,-0.031076
0.033641,-0.030752,-0.03192
-0.0067443,-0.019816,-0.032516
-0.023945,-0.02875,-0.032632
-0.043016,-0.021717,-0.033749
-0.073305,-0.01726,-0.033123
-0.079288,-0.026984,-0.034923
-0.079662,-0.011306,-0.033701
-0.060965,-0.036417,-0.035512
-0.029181,0.0017554,-0.035414
0.013448,-0.037448,-0.034466
0.063182,-0.0043217,-0.037926
0.12301,-0.020004,-0.033131
0.14881,-0.039791,-0.040614
0.15741,0.03186,-0.031882
0.12152,-0.113,-0.042076
0.11254,0.16782,-0.031346
0.079635,-0.70216,-0.055607
0.05346,-2.1157,-0.36191
0.16415,-1.9062,-0.75501
0.129,-1.8411,-1.0837
0.29278,-1.9277,-1.4247
0.522,-1.8435,-1.7311
0.47938,-1.9345,-2.0258
0.62932,-1.8961,-2.3034
0.57548,-1.9674,-2.5651
0.42179,-1.9805,-2.8196
0.50779,-2.0026,-3.0565
0.43824,-2.0221,-3.2829
0.46105,-2.0418,-3.4936
0.56052,-2.0915,-3.6977
0.58744,-2.0965,-3.8903
0.61362,-2.1149,-4.0688
0.59118,-2.1129,-4.2341
0.55379,-2.1143,-4.3841
0.46105,-2.1038,-4.5191
0.42179,-2.0882,-4.6375
0.31148,-2.0769,-4.7416
0.23519,-2.0539,-4.83
0.27334,-2.043,-4.9041
0.28568,-2.0293,-4.9672
0.3844,-2.0056,-5.018
0.46404,-1.9767,-5.0555
0.51378,-1.9399,-5.0795
0.45956,-1.9022,-5.0897
0.33055,-1.8684,-5.0881
0.21351,-1.8339,-5.0766
0.020927,-1.7912,-5.0551
-0.12042,-1.7491,-5.0234
-0.23559,-1.7116,-4.9836
-0.30477,-1.6678,-4.9365
-0.27785,-1.6164,-4.8816
-0.26476,-1.5605,-4.8178
-0.21129,-1.4979,-4.7446
-0.1709,-1.4312,-4.6625
-0.19446,-1.375,-4.5723
-0.20718,-1.3129,-4.4761
-0.24719,-1.2394,-4.3725
-0.31936,-1.1718,-4.2615
-0.37283,-1.0976,-4.1433
-0.41471,-1.0328,-4.0199
-0.43528,-0.96225,-3.8924
-0.42144,-0.88603,-3.7581
-0.39003,-0.82688,-3.6215
-0.34965,-0.73691,-3.4796
-0.3747,-0.65176,-3.3286
-0.4192,-0.59387,-3.1778
-0.45697,-0.50078,-3.0238
-0.5239,-0.41834,-2.862
-0.54185,-0.34203,-2.698
-0.53923,-0.22677,-2.526
-0.47753,-0.13021,-2.346
-0.41209,-0.020859,-2.1599
-0.32908,0.065444,-1.9687
-0.19857,0.17642,-1.7747
-0.14884,0.26616,-1.5732
-0.043016,0.35718,-1.3743
0.00073447,0.50931,-1.1666
-0.013849,0.5712,-0.96174
-0.0015092,0.75685,-0.75041
-0.089385,0.77443,-0.53497
-0.092002,0.97805,-0.32606
-0.062461,1.0097,-0.090336
-0.016467,0.17307,0.011304
0.10282,-0.013942,-0.015922
0.2165,0.11619,-0.0087125
0.32868,0.00034957,-0.0095523
0.32793,0.064244,-0.010482
0.36158,0.0066517,-0.0073965
0.39262,0.027043,-0.010482
0.31709,0.025794,-0.0067217
0.30362,0.0068803,-0.0088475
0.26847,0.023076,-0.0069616
0.21463,0.0051446,-0.0069616
0.19593,0.014277,-0.0068417
0.18209,0.0050546,-0.0059344
0.16938,0.0088711,-0.0060319
0.16415,0.0084999,-0.0051508
0.15368,0.0060256,-0.0051358
0.11778,-0.001315,-0.0044385
0.084123,0.00075821,-0.0043335
0.021301,0.0056769,-0.0036474
0.009709,0.00042455,-0.0027588
0.031397,0.0061793,-0.0021552
0.025414,0.0036712,-0.00062555
0.054956,0.0043648,0.00036798
0.065052,0.0051633,0.00096784
0.082627,0.0015942,0.0011815
0.090854,0.0068129,0.0021188
0.049346,-0.0048353,0.0026137
0.0026042,0.0032925,0.002685
-0.053113,-0.0021023,0.0041059
-0.10397,-0.0016262,0.0032586
-0.14248,0.0083537,0.0050207
-0.15146,-0.013158,0.0041696
-0.15819,0.016107,0.0054893
-0.11706,-0.020281,0.0058118
-0.017589,0.018146,0.004777
0.050842,-0.014227,0.008155
0.11105,-0.0028408,0.0032961
0.12077,0.02212,0.010539
0.16564,-0.064774,0.002415
0.15517,0.10156,0.011627
0.085245,-0.19184,0.0028349
0.12675,0.64788,0.021052
0.11254,2.183,0.3153
0.23931,1.9874,0.70616
0.28493,1.8446,1.0315
0.28007,1.9424,1.3699
0.46741,1.8545,1.6772
0.35897,1.9536,1.971
0.41842,1.9151,2.2475
0.53472,1.9853,2.507
0.41506,2.003,2.7606
0.53808,2.0178,2.9953
0.54743,2.0431,3.2182
0.55117,2.0626,3.427
0.64054,2.1173,3.6294
0.65961,2.1169,3.8198
0.70486,2.1336,3.9953
0.66186,2.1327,4.1578
0.61624,2.1244,4.3044
0.50592,2.1204,4.4358
0.44796,2.0955,4.5505
0.36906,2.0757,4.6486
0.30213,2.0567,4.7322
0.34738,2.0396,4.8035
0.31746,2.0296,4.8636
0.41693,2.0015,4.9118
0.47676,1.9605,4.9461
0.49583,1.9209,4.9661
0.48835,1.8814,4.9745
0.34476,1.8435,4.9714
0.24903,1.8066,4.9575
0.038502,1.7622,4.934
-0.15445,1.7117,4.901
-0.24494,1.6752,4.8598
-0.36498,1.635,4.8114
-0.39601,1.5801,4.7553
-0.40088,1.5185,4.6901
-0.39003,1.4554,4.6152
-0.35825,1.3944,4.5314
-0.34179,1.3276,4.4402
-0.34291,1.2666,4.3431
-0.36498,1.2022,4.2392
-0.36797,1.1214,4.1269
-0.3919,1.0475,4.0068
-0.40574,0.98258,3.8822
-0.43378,0.90413,3.7529
-0.47491,0.83951,3.619
-0.45098,0.77455,3.4834
-0.4364,0.67771,3.34
-0.46856,0.60941,3.1899
-0.51455,0.54819,3.0404
-0.57326,0.45176,2.8856
-0.62225,0.37126,2.7251
-0.64132,0.27925,2.5609
-0.64431,0.18258,2.3886
-0.59046,0.07804,2.2099
-0.51119,-0.028237,2.0229
-0.39227,-0.10883,1.8341
-0.25392,-0.23414,1.6387
-0.17988,-0.30871,1.4398
-0.08415,-0.44845,1.2394
-0.025815,-0.54299,1.0312
0.020179,-0.65718,0.82897
0.041868,-0.79465,0.61197
-0.0011352,-0.81377,0.40753
-0.011605,-1.115,0.18264
-0.020206,-0.66893,-0.012484
0.04112,0.025265,-0.030199
0.096837,-0.11125,-0.012503
0.17237,-0.069348,-0.02369
0.26847,-0.04315,-0.016346
0.25202,-0.075853,-0.021366
0.31335,-0.02818,-0.018955
0.35822,-0.064827,-0.020361
0.32905,-0.031712,-0.021201
0.33616,-0.047285,-0.020099
0.29764,-0.035641,-0.022284
0.26324,-0.032462,-0.021089
0.23931,-0.043135,-0.022281
0.21351,-0.033347,-0.02212
0.15592,-0.031236,-0.022693
0.1189,-0.027311,-0.023117
0.1103,-0.03046,-0.023555
0.054956,-0.023813,-0.02384
0.02878,-0.027854,-0.023717
-0.0097358,-0.029185,-0.024748
-0.026563,-0.026261,-0.025408
-0.019832,-0.029897,-0.026469
-0.019458,-0.026996,-0.02771
0.0029781,-0.027251,-0.028358
0.029902,-0.023026,-0.028688
0.068043,-0.023652,-0.02904
0.062808,-0.024563,-0.030461
0.051964,-0.014954,-0.030416
0.017562,-0.028597,-0.031016
-0.021702,-0.016667,-0.031545
-0.050121,-0.023772,-0.031339
-0.084897,-0.015974,-0.033086
-0.090133,-0.015449,-0.03171
-0.12528,-0.028192,-0.034376
-0.09462,0.0025615,-0.03219
-0.046382,-0.045115,-0.034177
0.021301,0.0134,-0.034331
0.093845,-0.051788,-0.03255
0.11591,0.0046272,-0.038068
0.17985,-0.015977,-0.028546
0.15667,-0.062296,-0.043861
0.17237,0.13004,-0.019514
0.12413,-1.1855,-0.10765
0.1548,-2.1943,-0.47216
0.27782,-1.817,-0.84202
0.20117,-1.9205,-1.1692
0.44796,-1.9151,-1.502
0.60352,-1.9078,-1.798
0.5852,-1.9719,-2.0885
0.77666,-1.9492,-2.3553
0.63157,-2.035,-2.6127
0.58333,-2.0309,-2.8586
0.6813,-2.0655,-3.0875
0.5781,-2.0826,-3.3053
0.64503,-2.1255,-3.5111
0.70411,-2.1593,-3.7098
0.71757,-2.1596,-3.8938
0.70785,-2.175,-4.0642
0.66634,-2.171,-4.2205
0.61399,-2.1669,-4.3614
0.50368,-2.153,-4.4868
0.4618,-2.1381,-4.5966
0.37056,-2.1147,-4.6907
0.35485,-2.0931,-4.7694
0.38365,-2.08,-4.836
0.40795,-2.0576,-4.8914
0.47638,-2.0283,-4.9344
0.51602,-1.9887,-4.9637
0.54968,-1.9448,-4.9792
0.46554,-1.9077,-4.9826
0.35635,-1.8725,-4.976
0.2251,-1.8292,-4.9599
0.025788,-1.782,-4.933
-0.17876,-1.7423,-4.8973
-0.32609,-1.6993,-4.8544
-0.38966,-1.6497,-4.8034
-0.44986,-1.5944,-4.744
-0.45884,-1.5299,-4.676
-0.44313,-1.4639,-4.5984
-0.42742,-1.4016,-4.5123
-0.41471,-1.341,-4.4203
-0.41434,-1.2716,-4.3214
-0.39601,-1.1968,-4.2143
-0.44313,-1.1224,-4.0996
-0.4794,-1.0574,-3.9788
-0.4708,-0.98885,-3.8542
-0.48165,-0.91157,-3.723
-0.50146,-0.84676,-3.5881
-0.50109,-0.76395,-3.4499
-0.48389,-0.67423,-3.3027
-0.54858,-0.61748,-3.1531
-0.58224,-0.5372,-3.0023
-0.61402,-0.44439,-2.8443
-0.67348,-0.37056,-2.6831
-0.67572,-0.26275,-2.5157
-0.66114,-0.16703,-2.3406
-0.56616,-0.060088,-2.1587
-0.48426,0.032827,-1.9701
-0.34965,0.14412,-1.779
-0.20904,0.24756,-1.5799
-0.12379,0.32505,-1.3828
-0.010484,0.48071,-1.1777
0.015692,0.54123,-0.97353
0.066922,0.7165,-0.76604
0.051216,0.7614,-0.55074
-0.0048746,0.9237,-0.34619
0.011953,1.0412,-0.11073
0.0089611,0.25039,0.010577
0.06393,-0.036788,-0.013245
0.11628,0.12218,-0.0098597
0.18845,3.8401e-05,-0.0080939
0.24866,0.055108,-0.010823
0.27184,0.018015,-0.006463
0.33354,0.025393,-0.0099422
0.34663,0.024992,-0.0062793
0.36158,0.0027189,-0.0081201
0.34999,0.026683,-0.0067554
0.30175,0.0059506,-0.0064705
0.26399,0.017363,-0.006538
0.20117,0.0075852,-0.0053458
0.18845,0.0088373,-0.0055182
0.17836,0.0088786,-0.0047721
0.14246,0.0034687,-0.0046709
0.11479,0.0023628,-0.0037299
0.082253,-0.00026152,-0.0037636
0.034389,0.0098683,-0.0031525
-0.01871,0.0098571,-0.0016453
-0.022076,0.0039974,-0.00068929
-0.016467,0.0083125,0.00053294
-1.3407e-05,0.0055157,0.0016577
0.02878,-0.0025147,0.0018152
0.048225,-0.0010188,0.0026512
0.046729,-0.0065149,0.0031349
0.024667,0.008095,0.003686
0.029154,-0.0026909,0.0045258
0.014944,0.0022653,0.0038959
-0.0067443,0.0051333,0.0059655
-0.046008,-0.012363,0.0045633
-0.094246,0.018169,0.0065878
-0.089011,-0.02409,0.0060255
-0.10135,0.023084,0.006003
-0.079288,-0.018958,0.0084887
-0.0059964,0.0084812,0.0042334
0.03065,0.0095234,0.011713
0.091975,-0.04706,0.0021526
0.12862,0.088343,0.014551
0.16302,-0.19876,-0.00056932
0.18471,0.84918,0.038561
0.20117,2.258,0.36245
0.34812,1.9607,0.74927
0.3485,1.9136,1.0793
0.39786,1.9781,1.4223
0.54369,1.9195,1.7285
0.43637,2.017,2.026
0.54481,1.9839,2.3038
0.63419,2.069,2.5673
0.58595,2.071,2.8211
0.72991,2.1176,3.0582
0.68915,2.1466,3.2879
0.70374,2.1458,3.4989
0.77142,2.198,3.6994
0.76394,2.2156,3.8909
0.7774,2.246,4.072
0.71496,2.253,4.2402
0.69327,2.2541,4.3937
0.62484,2.2567,4.5341
0.6211,2.2396,4.6592
0.56239,2.2196,4.7683
0.53584,2.1979,4.8615
0.59343,2.1784,4.9399
0.54519,2.1619,5.0051
0.61923,2.142,5.0596
0.62745,2.1117,5.1022
0.611,2.0753,5.131
0.58071,2.0357,5.1471
0.43899,1.9886,5.1509
0.2939,1.9475,5.1431
0.045981,1.9029,5.1252
-0.11257,1.8575,5.098
-0.26102,1.8143,5.0615
-0.44537,1.7585,5.0162
-0.49025,1.7134,4.964
-0.56167,1.6626,4.9048
-0.56578,1.5988,4.8365
-0.54297,1.536,4.7589
-0.55082,1.465,4.673
-0.50072,1.4049,4.5795
-0.52801,1.3418,4.4799
-0.53923,1.2711,4.3742
-0.55307,1.1935,4.2609
-0.59981,1.1097,4.1392
-0.57887,1.0464,4.0118
-0.62262,0.96864,3.8809
-0.64431,0.8985,3.745
-0.60841,0.84165,3.6071
-0.66114,0.74129,3.4642
-0.69143,0.65412,3.3119
-0.71835,0.60038,3.1589
-0.75387,0.51223,3.0045
-0.76733,0.41932,2.8417
-0.76995,0.34367,2.6762
-0.70975,0.23814,2.5048
-0.63571,0.14099,2.3253
-0.50446,0.031639,2.1393
-0.35899,-0.055754,1.9485
-0.2528,-0.16538,1.7554
-0.12753,-0.27028,1.5537
-0.052739,-0.35914,1.3538
-0.042268,-0.51132,1.1452
0.0055957,-0.57723,0.93832
-0.0041267,-0.75925,0.72709
-0.078166,-0.78942,0.5101
-0.043764,-0.96683,0.30286
-0.043016,-1.0457,0.066923
-0.0052485,-0.23647,-0.045139
0.13984,0.0041736,-0.019338
0.21986,-0.14386,-0.024496
0.29727,-0.026958,-0.024729
0.34401,-0.092258,-0.022536
0.34401,-0.043713,-0.026154
0.34326,-0.054933,-0.023038
0.31933,-0.056718,-0.026607
0.30138,-0.035832,-0.024328
0.25838,-0.054926,-0.026037
0.20266,-0.032889,-0.025944
0.20827,-0.045497,-0.025992
0.17162,-0.03455,-0.027012
0.11479,-0.038029,-0.026697
0.13797,-0.036102,-0.027623
0.10731,-0.032709,-0.027706
0.042616,-0.03425,-0.028471
0.015692,-0.025998,-0.028317
-0.022824,-0.037047,-0.029393
-0.015345,-0.032046,-0.030975
-0.00824,-0.02854,-0.031309
-0.0018831,-0.038168,-0.032718
0.058695,-0.025065,-0.033858
0.072157,-0.027892,-0.034038
0.093471,-0.031105,-0.035005
0.10058,-0.021567,-0.034942
0.054956,-0.029039,-0.036036
0.044485,-0.015423,-0.036021
-0.008614,-0.031161,-0.03625
-0.054608,-0.016041,-0.037664
-0.064331,-0.026917,-0.036201
-0.087515,-0.030066,-0.039354
-0.057226,-0.0023422,-0.036576
-0.029555,-0.046716,-0.039621
0.040746,0.015589,-0.038128
0.10506,-0.06149,-0.038038
0.15405,0.019383,-0.042088
0.18471,-0.044942,-0.033956
0.17387,-0.024353,-0.048994
0.20677,0.060765,-0.021868
0.096837,-1.3953,-0.14551
0.16938,-2.1747,-0.53117
0.24192,-1.8152,-0.89398
0.1963,-1.9902,-1.229
0.50443,-1.9378,-1.5627
0.5852,-1.9709,-1.8596
0.66934,-2.0247,-2.1526
0.88098,-2.0209,-2.4215
0.71421,-2.0972,-2.6825
0.73253,-2.0948,-2.9282
0.78301,-2.1635,-3.1626
0.68841,-2.167,-3.3864
0.75609,-2.1933,-3.5924
0.76207,-2.2342,-3.7902
0.77105,-2.2577,-3.9773
0.75198,-2.2811,-4.1544
0.7258,-2.2784,-4.3168
0.70486,-2.2882,-4.4653
0.65326,-2.28,-4.6004
0.63381,-2.2658,-4.7189
0.55192,-2.2505,-4.8228
0.56463,-2.2244,-4.9116
0.56875,-2.2059,-4.9859
0.57136,-2.1871,-5.0481
0.62035,-2.162,-5.0988
0.63643,-2.1295,-5.1371
0.6368,-2.089,-5.1622
0.54968,-2.0465,-5.1739
0.41394,-2.0039,-5.1735
0.22697,-1.9631,-5.1629
0.032519,-1.9181,-5.1424
-0.16754,-1.8728,-5.1124
-0.34217,-1.8268,-5.0738
-0.47604,-1.7768,-5.0269
-0.58261,-1.727,-4.9729
-0.6488,-1.6675,-4.9113
-0.65777,-1.6019,-4.8402
-0.61851,-1.5334,-4.7604
-0.61739,-1.465,-4.6718
-0.52914,-1.4063,-4.5765
-0.46781,-1.336,-4.476
-0.50932,-1.2582,-4.3675
-0.50109,-1.1826,-4.2512
-0.54522,-1.1125,-4.1289
-0.58037,-1.0493,-4.0022
-0.61926,-0.9677,-3.8701
-0.67348,-0.89816,-3.7331
-0.70489,-0.8264,-3.594
-0.76397,-0.72847,-3.4473
-0.7636,-0.65776,-3.2942
-0.7894,-0.59363,-3.142
-0.78528,-0.49966,-2.9842
-0.75312,-0.41451,-2.8201
-0.7348,-0.32007,-2.6528
-0.64393,-0.21638,-2.4764
-0.57251,-0.11353,-2.2937
-0.43976,-0.0043779,-2.1039
-0.31861,0.077632,-1.9114
-0.20493,0.20183,-1.7137
-0.064705,0.27563,-1.5119
-0.013101,0.40263,-1.3105
0.060191,0.5145,-1.0998
0.087488,0.61227,-0.89527
0.040372,0.78033,-0.67696
0.009335,0.78805,-0.46802
0.003726,1.0838,-0.24565
0.019805,0.76534,-0.032445
0.045607,-0.012386,0.0058305
0.12226,0.065522,-0.017789
0.20752,0.070516,-0.005522
0.27745,0.0066554,-0.011738
0.33803,0.053938,-0.007809
0.37168,0.0037912,-0.0088925
0.39748,0.039126,-0.00866
0.38365,0.0087324,-0.0067142
0.37804,0.020009,-0.0082888
0.33616,0.015413,-0.0059869
0.23519,0.0084587,-0.0071079
0.18546,0.016114,-0.0058069
0.12039,0.0052233,-0.0056232
0.056451,0.0078626,-0.005342
0.055329,0.0013243,-0.0047309
0.054582,0.007079,-0.0042135
0.017936,0.0038249,-0.0037861
-0.0097358,0.0016242,-0.0039623
-0.0059964,0.0044585,-0.0026614
-0.00038735,0.0065692,-0.0015291
0.014944,0.0044585,-0.00059181
0.060939,0.001568,0.00040547
0.09908,0.0018604,0.0015265
0.10992,-2.1583e-05,0.0017589
0.10918,0.0057032,0.0024413
0.085618,-0.0034369,0.0031424
0.074026,0.003495,0.0032398
0.059443,-0.0010413,0.0045445
0.016814,-0.0019186,0.0039297
-0.025815,0.0096509,0.0057555
-0.054608,-0.013301,0.004747
-0.088637,0.015368,0.0058755
-0.087515,-0.019351,0.0064041
-0.028433,0.017438,0.0051744
0.024293,-0.010121,0.0089236
0.09908,-0.010279,0.0038097
0.15031,0.026795,0.011042
0.1993,-0.062941,0.0032398
0.20042,0.10369,0.011642
0.1892,-0.18901,0.0048932
0.21463,0.58589,0.016834
0.17686,2.1617,0.3027
0.32045,2.0187,0.69665
0.34924,1.8608,1.0251
0.33765,1.9822,1.3656
0.51303,1.8984,1.6743
0.42029,1.9995,1.9688
0.51041,1.9682,2.2475
0.63979,2.043,2.5079
0.56538,2.0713,2.7612
0.69925,2.094,2.9971
0.68579,2.1224,3.2227
0.67195,2.1352,3.4312
0.7445,2.1897,3.632
0.75347,2.1987,3.8232
0.79124,2.2183,4.0009
0.75497,2.2181,4.1658
0.72094,2.2223,4.3159
0.6368,2.2146,4.4516
0.59866,2.1863,4.5711
0.51303,2.1725,4.6744
0.42254,2.1457,4.762
0.46479,2.1207,4.8361
0.43936,2.1083,4.8988
0.48985,2.0854,4.951
0.51303,2.0428,4.99
0.51602,2.0017,5.0147
0.52126,1.9619,5.027
0.39225,1.9144,5.0273
0.26324,1.8745,5.017
0.080383,1.8322,4.9971
-0.11743,1.7805,4.9678
-0.28869,1.7322,4.9295
-0.45024,1.6883,4.8838
-0.53101,1.6371,4.8311
-0.55681,1.5765,4.77
-0.55718,1.5099,4.6992
-0.53325,1.4409,4.6197
-0.50483,1.382,4.5321
-0.52502,1.3192,4.4376
-0.52951,1.2486,4.3369
-0.53437,1.1779,4.2292
-0.56503,1.0948,4.113
-0.5785,1.0204,3.9893
-0.61739,0.95469,3.8622
-0.64094,0.8882,3.7301
-0.66936,0.82248,3.5951
-0.67086,0.73535,3.4569
-0.65328,0.65057,3.3091
-0.69329,0.59276,3.1586
-0.71685,0.5185,3.0078
-0.73518,0.42314,2.8492
-0.75312,0.34612,2.6871
-0.71274,0.24907,2.5203
-0.62449,0.14801,2.3446
-0.56915,0.038796,2.162
-0.45397,-0.049591,1.9734
-0.30328,-0.14947,1.783
-0.23073,-0.26326,1.5835
-0.10659,-0.33294,1.3852
-0.037033,-0.49019,1.1806
-0.00076128,-0.55767,0.97348
0.050094,-0.71481,0.76727
0.013448,-0.78582,0.54971
0.0014823,-0.89455,0.34652
-0.01871,-1.1025,0.11136
0.010831,-0.39135,-0.036228
0.085618,0.034282,-0.020425
0.13797,-0.14443,-0.017609
0.2696,-0.031933,-0.022866
0.30998,-0.072351,-0.017651
0.30662,-0.055871,-0.022794
0.37056,-0.042265,-0.019221
0.36832,-0.060084,-0.022389
0.36383,-0.032537,-0.021014
0.35859,-0.051304,-0.021853
0.29914,-0.029822,-0.022592
0.23482,-0.042978,-0.021947
0.18883,-0.039296,-0.023297
0.13273,-0.032627,-0.022907
0.099828,-0.031105,-0.023672
0.089732,-0.028878,-0.023784
0.053834,-0.032657,-0.024673
0.040372,-0.026984,-0.024781
-1.3407e-05,-0.030835,-0.024901
-0.023945,-0.030164,-0.026082
0.010083,-0.028851,-0.027215
0.012327,-0.030392,-0.028313
0.05159,-0.029459,-0.029112
0.078888,-0.021616,-0.02985
0.078514,-0.022403,-0.03009
0.085245,-0.026696,-0.03147
0.056825,-0.01654,-0.0315
0.026536,-0.026745,-0.03177
-0.00038735,-0.013934,-0.032422
-0.01871,-0.024866,-0.032254
-0.04713,-0.020431,-0.034057
-0.062461,-0.012746,-0.032373
-0.08041,-0.032619,-0.035002
-0.078914,0.0010469,-0.033195
-0.036285,-0.046929,-0.034844
0.04112,0.010532,-0.035418
0.10319,-0.04459,-0.032973
0.1275,-0.0040818,-0.039238
0.1907,-0.0083406,-0.029273
0.18696,-0.072329,-0.044345
0.21164,0.14298,-0.021366
0.16228,-1.1166,-0.099997
0.16714,-2.193,-0.45946
0.28119,-1.8384,-0.83396
0.21799,-1.9372,-1.1629
0.46442,-1.9456,-1.4982
0.62446,-1.9322,-1.796
0.6024,-2.0067,-2.0881
0.84658,-1.9828,-2.357
0.74936,-2.0698,-2.6154
0.71309,-2.0733,-2.8624
0.81891,-2.1181,-3.0949
0.69028,-2.1268,-3.3156
0.74936,-2.1611,-3.5202
0.79423,-2.2056,-3.7193
0.79274,-2.2138,-3.9062
0.7703,-2.2331,-4.0801
0.72057,-2.2316,-4.2394
0.69402,-2.2342,-4.3852
0.58632,-2.216,-4.5164
0.54481,-2.2006,-4.6304
0.45133,-2.1834,-4.7305
0.41319,-2.1522,-4.8152
0.436,-2.1338,-4.8855
0.43936,-2.1147,-4.9445
0.49097,-2.0854,-4.9922
0.49396,-2.0462,-5.0268
0.50144,-2.0025,-5.0474
0.44759,-1.9606,-5.0559
0.31185,-1.9205,-5.0531
0.16863,-1.8782,-5.0401
-0.013101,-1.8314,-5.0179
-0.21578,-1.7836,-4.986
-0.36647,-1.7346,-4.9455
-0.4794,-1.6885,-4.8974
-0.54746,-1.6397,-4.8424
-0.56129,-1.5782,-4.7789
-0.5684,-1.5096,-4.7059
-0.50857,-1.442,-4.6237
-0.50745,-1.384,-4.5342
-0.56017,-1.3189,-4.4393
-0.51119,-1.2412,-4.3361
-0.52727,-1.1682,-4.2251
-0.5426,-1.0954,-4.1073
-0.53811,-1.0303,-3.9843
-0.59308,-0.95799,-3.8567
-0.58336,-0.88451,-3.7226
-0.58635,-0.81839,-3.5865
-0.60729,-0.72297,-3.4447
-0.63384,-0.64781,-3.2942
-0.65104,-0.59334,-3.1435
-0.65927,-0.49652,-2.99
-0.69255,-0.41329,-2.8294
-0.66861,-0.32935,-2.6655
-0.62524,-0.22764,-2.4941
-0.55082,-0.13689,-2.316
-0.44986,-0.018879,-2.1298
-0.32272,0.061863,-1.9394
-0.19633,0.18118,-1.7455
-0.11668,0.26945,-1.5442
-0.029555,0.37172,-1.3455
-0.002257,0.50791,-1.1367
0.059443,0.57406,-0.93272
0.073652,0.76259,-0.71988
0.0018563,0.77097,-0.50722
0.028406,1.0133,-0.29451
0.0014823,0.92111,-0.065392
0.026536,0.085767,0.011199
0.11142,0.013302,-0.016901
0.17125,0.1017,-0.0066355
0.27446,0.0026177,-0.009946
0.28007,0.062444,-0.0086713
0.31709,0.004556,-0.0073666
0.35186,0.037469,-0.0092974
0.31409,0.016635,-0.0058406
0.33653,0.011525,-0.0080826
0.31746,0.021104,-0.0059044
0.25314,0.0039449,-0.0064668
0.21089,0.015473,-0.0058331
0.18957,0.0015755,-0.005177
0.14732,0.0095609,-0.0050458
0.10469,0.0076189,-0.0044085
0.11441,0.0058119,-0.004176
0.087488,0.00010213,-0.0033699
0.041494,-0.0012438,-0.0036286
0.014944,0.0094559,-0.0023914
-0.0041267,0.0059618,-0.00072678
0.024667,0.0045335,-3.6934e-05
0.054956,0.0095834,0.0013053
0.073652,0.0022578,0.0021413
0.09908,0.0029589,0.0022013
0.11479,0.0029739,0.0032923
0.1002,0.0013206,0.0033036
0.079261,0.0079301,0.0047845
0.083001,-0.0067548,0.004537
0.035885,0.011402,0.0048895
-0.024319,-0.0094878,0.0061379
-0.044886,0.0060556,0.0047395
-0.069192,0.0004358,0.0076376
-0.081532,-0.011808,0.0048782
-0.069192,0.024317,0.0084699
0.011953,-0.040065,0.005823
0.072157,0.045806,0.0077463
0.093097,-0.05869,0.009156
0.14171,0.048498,0.0040384
0.15106,-0.044942,0.016834
0.1705,0.007229,-0.0094998
0.14208,1.6484,0.14918
0.22398,2.2433,0.54268
0.33803,1.8368,0.8937
0.30475,1.9978,1.2315
0.46292,1.9159,1.5612
0.48798,1.9695,1.8586
0.44909,1.9948,2.151
0.65176,2.0159,2.4185
0.64316,2.0851,2.6803
0.67345,2.0823,2.9249
0.77666,2.1469,3.1595
0.7344,2.1392,3.3818
0.78413,2.1782,3.5867
0.81667,2.2142,3.7839
0.83536,2.2349,3.9707
0.8219,2.2558,4.1471
0.79311,2.249,4.3092
0.73253,2.2618,4.4576
0.65849,2.2535,4.5925
0.62671,2.232,4.7115
0.48162,2.2146,4.8153
0.46928,2.1814,4.9032
0.48536,2.1613,4.9763
0.46517,2.1432,5.0384
0.52425,2.1047,5.0898
0.50443,2.0703,5.1278
0.51976,2.031,5.1525
0.44273,1.988,5.1646
0.2868,1.9389,5.1647
0.15106,1.8883,5.1544
-0.071062,1.85,5.1345
-0.19072,1.8031,5.1048
-0.40162,1.7538,5.0654
-0.47604,1.7081,5.019
-0.55382,1.6566,4.9658
-0.62673,1.597,4.9038
-0.49997,1.5291,4.8331
-0.64169,1.4678,4.754
-0.46183,1.3989,4.6668
-0.75761,1.332,4.5719
-0.48015,1.2751,4.4713
-2.8049,1.1991,4.3646
-11.629,1.1147,4.249
-18.106,1.0297,4.1249
-18.109,0.95453,3.9975
-15.036,0.88079,3.8657
-11.238,0.81212,3.7297
-8.8156,0.72995,3.5926
-7.3094,0.61906,3.4478
-5.0635,0.53937,3.2975
-0.81632,0.46364,3.148
2.9268,0.36046,2.9934
7.0431,0.28097,2.8325
11.964,0.19866,2.669
13.812,0.090225,2.4966
14.58,0.0075814,2.3171
13.744,-0.090418,2.1322
11.326,-0.17437,1.9418
10.745,-0.28253,1.7469
9.7415,-0.36398,1.5446
6.167,-0.45389,1.3437
-0.14398,-0.59212,1.132
-6.9747,-0.65506,0.92478
-10.963,-0.8177,0.70997
-10.743,-0.82144,0.49374
-6.3241,-1.0391,0.28055
-0.28645,-0.9869,0.045647
4.9397,-0.15684,-0.043778
7.8781,-0.02896,-0.015806
8.9532,-0.13391,-0.024493
9.7957,-0.027416,-0.022086
10.128,-0.088434,-0.021955
10.331,-0.033583,-0.02408
10.069,-0.055991,-0.02182
7.9267,-0.046813,-0.025183
3.9787,-0.034895,-0.022674
-0.61926,-0.047443,-0.024751
-4.3239,-0.032717,-0.024414
-6.4632,-0.042978,-0.024736
-6.9986,-0.033317,-0.025404
-7.1938,-0.038138,-0.025231
-8.3542,-0.032312,-0.026191
-9.9154,-0.028709,-0.026274
-10.523,-0.034445,-0.026768
-8.6212,-0.034771,-0.026956
-4.3175,-0.035525,-0.028433
0.90043,-0.03464,-0.029929
5.0721,-0.029365,-0.030289
6.6733,-0.029695,-0.0318
5.8495,-0.028443,-0.032467
3.0857,-0.028773,-0.032835
-0.085645,-0.024982,-0.033716
-2.8057,-0.027382,-0.033791
-5.3492,-0.025129,-0.03517
-7.2174,-0.019456,-0.034319
-8.4185,-0.033099,-0.03571
-8.4506,-0.019033,-0.035324
-6.8016,-0.041193,-0.036089
-3.4791,-0.0048128,-0.037285
1.2972,-0.029879,-0.035095
5.9804,-0.018853,-0.039598
9.1951,-0.0044042,-0.034334
10.314,-0.057996,-0.040914
9.473,0.046856,-0.035185
7.883,-0.11697,-0.039906
6.7873,0.14035,-0.039107
6.0727,-0.41999,-0.035954
4.9098,-1.9808,-0.2961
3.3307,-1.9831,-0.70051
1.2127,-1.8133,-1.037
-1.0478,-1.9561,-1.3823
-2.6976,-1.8413,-1.6989
-3.6152,-1.9386,-1.9977
-3.4279,-1.9052,-2.2848
-2.7103,-1.9543,-2.5518
-1.9116,-1.9746,-2.8125
-0.91878,-1.9894,-3.0554
-0.04339,-2.0328,-3.2923
1.3402,-2.0159,-3.5124
3.1919,-2.0545,-3.7193
4.3968,-2.0739,-3.9182
4.3238,-2.0969,-4.1067
2.7166,-2.0988,-4.284
-0.01871,-2.0922,-4.4462
-3.0611,-2.094,-4.5965
-5.6136,-2.0718,-4.7317
-7.2346,-2.0498,-4.8506
-7.7065,-2.0296,-4.9552
-7.3386,-2.0001,-5.0448
-6.3719,-1.9737,-5.1201
-4.6926,-1.9507,-5.1833
-2.502,-1.9214,-5.2354
0.3829,-1.8817,-5.2748
3.3995,-1.836,-5.3006
5.7624,-1.7925,-5.3137
7.0386,-1.747,-5.3149
6.8225,-1.7053,-5.3058
5.7212,-1.6637,-5.2874
4.3448,-1.6137,-5.2593
3.002,-1.5673,-5.2222
1.9157,-1.5234,-5.177
1.1267,-1.4729,-5.1246
0.32643,-1.4176,-5.0637
-0.66675,-1.3577,-4.9933
-1.3604,-1.2893,-4.914
-1.6109,-1.2311,-4.826
-1.4629,-1.1762,-4.7324
-0.92962,-1.1048,-4.6316
-0.30141,-1.0389,-4.5217
0.18621,-0.97128,-4.405
0.69364,-0.90866,-4.2827
1.3035,-0.84284,-4.1553
1.7298,-0.77372,-4.0213
2.0409,-0.72381,-3.8846
2.0641,-0.64153,-3.7438
1.4606,-0.55822,-3.5934
0.27483,-0.5071,-3.4395
-1.5051,-0.43849,-3.2849
-3.318,-0.34964,-3.1239
-4.5837,-0.28142,-2.9567
-5.1787,-0.1965,-2.7862
-5.0486,-0.083328,-2.6058
-4.3347,-0.010271,-2.4182
-3.2578,0.094768,-2.2257
-2.0828,0.17275,-2.0279
-0.84885,0.26404,-1.8267
0.18022,0.35921,-1.6187
0.74038,0.44939,-1.4123
0.85144,0.57727,-1.1963
0.54145,0.64572,-0.98453
-0.015345,0.82851,-0.76462
-0.68282,0.81881,-0.5422
-1.0762,1.0293,-0.32615
-0.99058,1.0137,-0.084933
-0.52427,0.15103,0.012943
0.15517,-0.001465,-0.01557
0.77815,0.11651,-0.0072053
1.2904,0.00020711,-0.0089824
1.532,0.066152,-0.0092561
1.6958,0.0070078,-0.0063843
1.992,0.028737,-0.0092111
2.272,0.020096,-0.0052445
2.6497,0.0096884,-0.0075165
2.9702,0.025097,-0.0056494
3.0797,0.0034388,-0.0059006
2.9646,0.016991,-0.0054057
2.619,0.0064867,-0.0044385
2.1198,0.009141,-0.0047571
1.3723,0.0095159,-0.0036249
0.40721,0.0057032,-0.0034974
-0.68095,0.0046834,-0.0031038
-1.6218,0.0091372,-0.0024551
-2.2276,0.010929,-0.0013566
-2.4916,0.006468,-0.00030687
-2.3173,0.0093959,0.00057418
-1.7631,0.011042,0.0020026
-1.0246,0.0026215,0.0028349
-0.3934,0.0042748,0.0031649
-0.020206,0.002434,0.0044396
-0.0045007,-0.0035981,0.0041471
-0.26925,0.0055157,0.0052007
-0.57625,-0.010718,0.0050844
-1.0007,0.0050846,0.0058268
-1.4879,-0.0072384,0.006974
-1.8267,0.0065617,0.005718
-1.9381,0.001433,0.0086424
-1.7665,-0.011137,0.0056356
-1.4659,0.020965,0.0096434
-1.0343,-0.038022,0.0069515
-0.42817,0.042672,0.0086049
0.16115,-0.062847,0.01006
0.66747,0.050155,0.0049457
0.98008,-0.040713,0.017708
1.2291,0.0013131,-0.0086863
1.4535,1.6244,0.14961
1.8113,2.2126,0.54213
2.2417,1.7849,0.8923
2.2993,1.9308,1.2293
2.4553,1.8472,1.5587
2.3936,1.8907,1.8567
1.9613,1.9079,2.1499
1.6666,1.9031,2.4187
1.0332,1.9541,2.6813
0.4805,1.9505,2.9281
0.21014,1.9937,3.1645
-0.1107,1.9767,3.3868
-0.14959,2.0168,3.5946
-0.025441,2.0379,3.7965
0.30138,2.0443,3.9862
0.72655,2.053,4.1639
1.0354,2.0371,4.3267
1.1891,2.0361,4.4754
1.0291,2.0123,4.6102
0.71346,1.9838,4.7287
0.22211,1.9584,4.831
-0.27972,1.9306,4.9184
-0.68208,1.9121,4.9935
-0.92364,1.8809,5.0575
-0.88026,1.8444,5.1095
-0.85708,1.808,5.1473
-0.80548,1.7644,5.172
-0.72807,1.7177,5.1842
-0.72471,1.6696,5.1849
-0.70526,1.6287,5.1761
-0.75088,1.5833,5.1569
-0.83277,1.5414,5.1279
-0.86605,1.503,5.0911
-0.79575,1.4497,5.0465
-0.6215,1.3997,4.9942
-0.39564,1.3454,4.933
-0.10359,1.2799,4.862
0.19406,1.2177,4.7818
0.36981,1.1594,4.6934
0.4087,1.1091,4.5993
0.36308,1.045,4.4995
0.25426,0.96574,4.3909
0.17237,0.89641,4.2729
0.15667,0.83821,4.1493
0.19855,0.77343,4.0211
0.34924,0.71017,3.8874
0.57436,0.65492,3.7521
0.77404,0.5703,3.6101
0.83499,0.49534,3.4602
0.77965,0.44689,3.3097
0.64129,0.37042,3.1553
0.3829,0.28787,2.9935
-0.010858,0.22268,2.8282
-0.4521,0.1212,2.6566
-0.80735,0.031699,2.4747
-1.0407,-0.048631,2.289
-1.0747,-0.15125,2.096
-1.0242,-0.22488,1.9
-0.93673,-0.33244,1.6982
-0.77407,-0.3966,1.4929
-0.67161,-0.52974,1.2852
-0.6458,-0.62464,1.0694
-0.70676,-0.72905,0.86
-0.8238,-0.85821,0.63493
-0.87652,-0.86607,0.42304
-0.84549,-1.1458,0.19145
-0.79501,-0.68889,-0.010636
-0.66936,0.017468,-0.030405
-0.46968,-0.11457,-0.011648
-0.22438,-0.076989,-0.023308
0.019057,-0.047994,-0.015948
0.10469,-0.073637,-0.020777
0.13909,-0.028132,-0.018505
0.14881,-0.065835,-0.019829
0.10282,-0.029613,-0.020515
0.12114,-0.054948,-0.01936
0.14732,-0.041429,-0.021602
0.21276,-0.031847,-0.020324
0.40272,-0.041711,-0.021902
0.64129,-0.030164,-0.021707
0.81106,-0.037857,-0.022108
0.88772,-0.032735,-0.022899
0.9281,-0.02893,-0.022922
0.90118,-0.026726,-0.023248
0.7774,-0.030216,-0.023702
0.59081,-0.033448,-0.02501
0.43375,-0.027011,-0.02618
0.37131,-0.028649,-0.027035
0.4188,-0.030763,-0.028497
0.52537,-0.018399,-0.028857
0.59343,-0.027663,-0.029333
0.62708,-0.024319,-0.030394
0.61736,-0.022677,-0.030203
0.52948,-0.024266,-0.031582
0.32606,-0.015134,-0.030971
0.02878,-0.030366,-0.032565
-0.27112,-0.011314,-0.032231
-0.49847,-0.033624,-0.032508
-0.62337,-0.0043479,-0.033903
-0.72358,-0.029459,-0.031804
-0.74041,-0.018144,-0.036156
-0.62038,0.0029439,-0.030975
-0.52054,-0.055323,-0.037454
-0.43677,0.049372,-0.031792
-0.41135,-0.11891,-0.036115
-0.40125,0.1333,-0.036408
-0.41508,-0.39696,-0.031163
-0.48127,-1.9717,-0.28543
-0.33768,-1.9939,-0.6881
-0.29655,-1.7974,-1.0226
-0.12715,-1.9439,-1.3647
0.35149,-1.8365,-1.6803
0.47975,-1.9239,-1.9769
0.69925,-1.8887,-2.2615
0.9038,-1.9368,-2.526
0.7804,-1.9616,-2.7852
0.86191,-1.9718,-3.0273
0.85032,-1.9985,-3.2605
0.79049,-1.9895,-3.4761
0.92436,-2.0394,-3.6826
1.1046,-2.0491,-3.8814
1.2587,-2.0605,-4.067
1.3372,-2.0585,-4.2401
1.4385,-2.0533,-4.3985
1.4273,-2.0437,-4.5441
1.3813,-2.016,-4.6727
1.1958,-1.998,-4.7862
0.9023,-1.9676,-4.8854
0.71982,-1.9378,-4.9688
0.47638,-1.9196,-5.0404
0.30961,-1.8925,-5.1008
0.17162,-1.8557,-5.1485
0.093097,-1.814,-5.1827
0.11628,-1.7682,-5.2037
0.046355,-1.7246,-5.2122
-0.075175,-1.6842,-5.2098
-0.26514,-1.6423,-5.198
-0.4637,-1.5965,-5.1763
-0.67497,-1.5491,-5.1451
-0.88774,-1.5047,-5.1053
-1.0123,-1.4617,-5.0585
-1.0897,-1.4075,-5.0036
-1.0657,-1.347,-4.939
-0.96141,-1.2852,-4.8655
-0.87802,-1.2238,-4.7825
-0.79501,-1.1723,-4.6929
-0.68918,-1.1069,-4.5971
-0.63197,-1.0357,-4.4923
-0.59944,-0.97221,-4.3803
-0.59869,-0.90646,-4.2616
-0.61776,-0.84226,-4.1377
-0.52652,-0.77171,-4.008
-0.40686,-0.72088,-3.8735
-0.2442,-0.65085,-3.7364
-0.05573,-0.5568,-3.5903
0.083375,-0.50283,-3.4388
0.2322,-0.44158,-3.2871
0.30624,-0.35875,-3.1298
0.27296,-0.28832,-2.9657
0.20715,-0.20898,-2.7989
0.18621,-0.10071,-2.6233
0.12264,-0.01654,-2.4384
0.050094,0.078055,-2.2494
0.044111,0.15966,-2.0537
0.033267,0.24992,-1.8555
0.11404,0.3483,-1.65
0.19406,0.41819,-1.4453
0.17611,0.55999,-1.2331
0.15255,0.62098,-1.021
0.066548,0.78978,-0.80686
-0.10135,0.83103,-0.58229
-0.2154,0.95623,-0.37161
-0.33768,1.1029,-0.12811
-0.44388,0.31599,0.010588
-0.39527,-0.049831,-0.010475
-0.33244,0.12911,-0.009796
-0.28047,0.0094484,-0.0062605
-0.25579,0.055261,-0.010212
-0.24532,0.025127,-0.0052108
-0.21204,0.019222,-0.0089412
-0.26327,0.032823,-0.0050833
-0.32497,0.004391,-0.0069204
-0.37395,0.026368,-0.0056869
-0.41135,0.0062992,-0.0048659
-0.38554,0.015038,-0.005237
-0.29954,0.010757,-0.0038986
-0.16642,0.0030001,-0.0043222
-0.028433,0.00832,-0.003295
0.16078,0.005497,-0.0030925
0.32943,0.0012081,-0.0026614
0.38813,0.0071353,-0.002204
0.41655,0.007214,-0.0014691
0.47077,0.0035962,-0.00053557
0.51266,0.0087174,0.00055543
0.51677,0.0070865,0.0019126
0.56127,0.0041061,0.0030861
0.61811,0.0002296,0.0031686
0.65924,0.0060856,0.0038322
0.69252,0.00034957,0.004717
0.68093,0.0026515,0.0047283
0.64503,-0.0017686,0.0062429
0.58109,-0.0041567,0.0055006
0.47713,0.0064267,0.007064
0.35598,-0.01654,0.0064679
0.21425,0.014914,0.0072627
0.084123,-0.019895,0.0084099
0.0044739,0.012313,0.0066553
-0.042268,-0.0021585,0.010761
-0.033668,-0.016438,0.0056206
-0.060965,0.036655,0.012459
-0.078914,-0.068516,0.0059167
-0.11107,0.096932,0.011957
-0.20643,-0.17291,0.0090548
-0.25766,0.47304,0.010704
-0.38293,2.0772,0.27764
-0.30664,2.0124,0.67527
-0.25878,1.806,1.0063
-0.3115,1.9308,1.3475
-0.076297,1.8217,1.6604
-0.076297,1.9191,1.9574
0.050842,1.8764,2.2407
0.31409,1.9222,2.5046
0.30213,1.9476,2.7625
0.48461,1.9559,3.0033
0.50892,1.9774,3.2344
0.47526,1.9751,3.4483
0.55603,2.0219,3.6548
0.54855,2.0277,3.8524
0.61175,2.037,4.036
0.63344,2.0266,4.2066
0.70411,2.0189,4.3619
0.69888,2.0099,4.5043
0.7273,1.9778,4.6303
0.76095,1.955,4.7402
0.69626,1.9222,4.8347
0.75983,1.898,4.9146
0.69476,1.8822,4.9843
0.6727,1.8432,5.0424
0.70636,1.8062,5.087
0.69327,1.7636,5.1185
0.69701,1.713,5.1361
0.55379,1.6759,5.1422
0.40945,1.6325,5.1383
0.21388,1.5826,5.1238
-0.00824,1.5349,5.0994
-0.20979,1.4939,5.0666
-0.44687,1.4537,5.0259
-0.5856,1.4031,4.9773
-0.70975,1.3499,4.9207
-0.76322,1.286,4.8543
-0.74228,1.223,4.7785
-0.73218,1.166,4.6939
-0.71349,1.1041,4.6025
-0.68395,1.0495,4.5057
-0.65067,0.98144,4.4011
-0.71424,0.90103,4.2871
-0.76883,0.84286,4.1662
-0.75948,0.77822,4.041
-0.7879,0.71523,3.9099
-0.81707,0.66879,3.7761
-0.76771,0.58584,3.6381
-0.70601,0.5083,3.4908
-0.6488,0.45381,3.3405
-0.57027,0.38514,3.1885
-0.51007,0.30787,3.0299
-0.42855,0.236,2.8662
-0.33544,0.1492,2.6982
-0.22026,0.050106,2.52
-0.12566,-0.028375,2.3364
-0.020206,-0.12892,2.1462
0.14956,-0.20208,1.9509
0.26922,-0.30702,1.7523
0.36981,-0.38708,1.547
0.44909,-0.49088,1.3418
0.49471,-0.60884,1.1268
0.5407,-0.67888,0.91777
0.45058,-0.85179,0.69723
0.32008,-0.83645,0.48026
0.25464,-1.0859,0.26102
0.14358,-0.92121,0.030732
0.095341,-0.08178,-0.037146
0.1017,-0.052935,-0.0093011
0.09908,-0.11741,-0.020466
0.092349,-0.027318,-0.015757
0.045233,-0.085911,-0.017501
0.052338,-0.026118,-0.01828
0.04112,-0.059166,-0.016852
-0.0093619,-0.036552,-0.019743
-0.038903,-0.037384,-0.017452
-0.10359,-0.047926,-0.019728
-0.14697,-0.032031,-0.018817
-0.18698,-0.038044,-0.019874
-0.23559,-0.027277,-0.020406
-0.21652,-0.03127,-0.019956
-0.1911,-0.028825,-0.020976
-0.18137,-0.031202,-0.02122
-0.1724,-0.026253,-0.021531
-0.16679,-0.028803,-0.02185
-0.12528,-0.032548,-0.022982
-0.066574,-0.027243,-0.024129
-0.002631,-0.027622,-0.025025
0.097584,-0.02779,-0.026086
0.1993,-0.021241,-0.027181
0.29839,-0.019468,-0.027282
0.36682,-0.02583,-0.028216
0.38626,-0.018017,-0.028587
0.4001,-0.025444,-0.029123
0.40646,-0.015404,-0.029805
0.41057,-0.023412,-0.029363
0.36645,-0.017616,-0.031249
0.32756,-0.011062,-0.029689
0.27707,-0.031356,-0.032186
0.22211,0.005482,-0.03072
0.19481,-0.043431,-0.031954
0.16901,0.012391,-0.033232
0.19294,-0.0375,-0.029805
0.18733,-0.0063762,-0.036906
0.17387,0.0025315,-0.027147
0.12787,-0.086009,-0.041398
0.11965,0.15881,-0.020609
0.056077,-1.031,-0.085919
0.031023,-2.1778,-0.43555
0.13012,-1.8222,-0.81422
0.0089611,-1.8778,-1.1432
0.18209,-1.8904,-1.4826
0.35411,-1.8503,-1.7843
0.24828,-1.9178,-2.0792
0.44909,-1.8792,-2.3528
0.35186,-1.9525,-2.6149
0.23968,-1.9432,-2.8667
0.38552,-1.9732,-3.1036
0.2939,-1.9753,-3.3291
0.36383,-1.9987,-3.5394
0.45731,-2.0374,-3.7443
0.48087,-2.0364,-3.9366
0.51303,-2.0443,-4.1162
0.5048,-2.0348,-4.2818
0.48162,-2.0286,-4.4333
0.39075,-2.0053,-4.57
0.41207,-1.987,-4.6905
0.34551,-1.9609,-4.797
0.31372,-1.9267,-4.8873
0.32905,-1.9066,-4.9643
0.31858,-1.8818,-5.0302
0.42366,-1.849,-5.0839
0.44236,-1.806,-5.1246
0.49658,-1.7613,-5.1515
0.51826,-1.717,-5.1655
0.45021,-1.6757,-5.1681
0.37131,-1.6369,-5.161
0.23968,-1.5905,-5.1444
0.1088,-1.547,-5.1174
-0.029555,-1.5038,-5.0824
-0.094994,-1.4564,-5.0402
-0.15295,-1.4071,-4.9896
-0.23372,-1.3503,-4.9297
-0.25728,-1.2866,-4.8603
-0.28271,-1.224,-4.7817
-0.36273,-1.1699,-4.6956
-0.44388,-1.1081,-4.603
-0.49511,-1.046,-4.5027
-0.56803,-0.98275,-4.3946
-0.61028,-0.90946,-4.2792
-0.65478,-0.85144,-4.1585
-0.6645,-0.78147,-4.0325
-0.65553,-0.72089,-3.9002
-0.6458,-0.66677,-3.7652
-0.54783,-0.57678,-3.6231
-0.54596,-0.51394,-3.4728
-0.56616,-0.45592,-3.3221
-0.55531,-0.37348,-3.1681
-0.56316,-0.29981,-3.0064
-0.57139,-0.22769,-2.8414
-0.58111,-0.1322,-2.6698
-0.49922,-0.04345,-2.4876
-0.43154,0.051846,-2.3011
-0.29393,0.14781,-2.1074
-0.14847,0.22252,-1.9108
-0.078166,0.33372,-1.7074
0.06206,0.39622,-1.5024
0.13348,0.52589,-1.2944
0.19817,0.61062,-1.08
0.24529,0.73006,-0.87022
0.17761,0.83605,-0.64476
0.2064,0.87373,-0.43453
0.23557,1.1433,-0.19837
0.20565,0.58535,-0.0073028
0.26847,-0.05346,4.3064e-06
0.32494,0.10882,-0.014539
0.37916,0.041652,-0.0038498
0.39113,0.03093,-0.01091
0.31821,0.044858,-0.0052108
0.2853,0.0097521,-0.0083451
0.25426,0.040119,-0.0061968
0.17985,0.0041098,-0.0057844
0.14507,0.02753,-0.0064518
0.1346,0.0096546,-0.0044347
0.056825,0.01148,-0.0055295
0.023545,0.015421,-0.0038798
0.037006,0.003555,-0.0040823
0.021301,0.0098383,-0.0034562
0.026162,0.006378,-0.0028938
0.0018563,0.0043873,-0.0026539
-0.048999,0.0034125,-0.0021027
-0.1006,0.0069516,-0.0018328
-0.1264,0.0047472,-0.00089924
-0.096489,0.0068766,0.00012803
-0.079662,0.0056319,0.0013465
-0.019458,0.0069103,0.0025912
0.069539,0.0023853,0.0031311
0.10245,-0.00041898,0.0033598
0.14844,0.0050283,0.004657
0.16078,-0.0036131,0.004567
0.14433,0.00832,0.0053206
0.15816,-0.0075646,0.0060817
0.12862,0.00010588,0.0058905
0.11441,-0.0024172,0.0078026
0.14433,-0.0072534,0.006033
0.13161,0.014416,0.0087886
0.14919,-0.021057,0.007094
0.17237,0.027984,0.0085899
0.21799,-0.032818,0.0093285
0.27483,0.02302,0.0066816
0.22622,-0.015003,0.012946
0.23407,-0.015959,0.0033111
0.1806,0.055063,0.018293
0.13311,-0.16606,-0.0041835
0.11628,1.1197,0.071936
0.062808,2.2414,0.42683
0.23108,1.8339,0.7988
0.21089,1.8751,1.1266
0.23893,1.8755,1.4636
0.34663,1.8397,1.7642
0.1993,1.8985,2.0591
0.34924,1.8619,2.331
0.36906,1.937,2.5928
0.30961,1.9279,2.8442
0.43637,1.9534,3.0795
0.35822,1.9499,3.3028
0.41805,1.9734,3.5123
0.48648,2.0122,3.7168
0.52911,2.0054,3.9074
0.57286,2.0096,4.0847
0.52537,1.9999,4.2479
0.51789,1.9872,4.3962
0.40047,1.9634,4.5296
0.3283,1.935,4.6467
0.24005,1.9074,4.7487
0.18621,1.8821,4.8355
0.19817,1.8624,4.9108
0.19219,1.835,4.9747
0.28493,1.7935,5.0254
0.33242,1.7505,5.0632
0.4016,1.7035,5.0869
0.41768,1.6619,5.0986
0.33167,1.6275,5.1001
0.23594,1.5729,5.0903
0.074774,1.5242,5.0707
-0.074801,1.4865,5.0426
-0.21578,1.4404,5.0057
-0.29655,1.4003,4.9614
-0.31936,1.3438,4.9095
-0.35077,1.2824,4.8476
-0.33918,1.2287,4.7759
-0.32571,1.1635,4.6955
-0.33731,1.1076,4.6075
-0.3732,1.0537,4.5138
-0.38218,0.98878,4.4129
-0.39452,0.9148,4.3031
-0.43715,0.84847,4.1856
-0.45584,0.78814,4.0633
-0.44537,0.71882,3.935
-0.4263,0.67275,3.8026
-0.41209,0.60454,3.6679
-0.33506,0.51378,3.5243
-0.30739,0.46057,3.3747
-0.35675,0.40044,3.2248
-0.37993,0.3156,3.0695
-0.42892,0.24168,2.9071
-0.49773,0.16266,2.7412
-0.51193,0.061807,2.5664
-0.46444,-0.01179,2.3842
-0.42219,-0.10909,2.1969
-0.32646,-0.18687,2.0032
-0.21465,-0.276,1.8072
-0.1451,-0.37246,1.6032
-0.037407,-0.44869,1.4
0.0085872,-0.59154,1.1878
0.061312,-0.64572,0.97718
0.079635,-0.81578,0.76239
0.0055957,-0.84171,0.53974
0.019057,-0.98768,0.3293
-0.013475,-1.0842,0.087941
0.010457,-0.27507,-0.036153
0.095341,0.013947,-0.011866
0.1462,-0.14275,-0.015371
0.25314,-0.024244,-0.017126
0.23594,-0.080449,-0.013924
0.23183,-0.037002,-0.018059
0.25913,-0.046461,-0.014546
0.22248,-0.050997,-0.018243
0.23108,-0.033133,-0.016158
0.23332,-0.052931,-0.017572
0.23183,-0.026336,-0.018055
0.22659,-0.039649,-0.017759
0.215,-0.028855,-0.018944
0.19593,-0.029564,-0.018614
0.20977,-0.032739,-0.019514
0.23071,-0.029658,-0.019855
0.18658,-0.026628,-0.020095
0.13012,-0.021357,-0.020256
0.042989,-0.030733,-0.021201
-0.017962,-0.02863,-0.022022
-0.017589,-0.026823,-0.022971
-0.029928,-0.026216,-0.024118
-0.0045007,-0.022583,-0.025273
0.049346,-0.021451,-0.025854
0.072905,-0.024045,-0.026075
0.064304,-0.018579,-0.027293
0.041868,-0.018122,-0.027008
0.021675,-0.026977,-0.028291
0.0078393,-0.011715,-0.028186
-0.013849,-0.025226,-0.028579
-0.048251,-0.01071,-0.029539
-0.056104,-0.026887,-0.028707
-0.064705,-0.017454,-0.03117
-0.048999,-0.011917,-0.028309
-0.018336,-0.038745,-0.032497
0.036633,0.017722,-0.029213
0.076644,-0.061483,-0.031792
0.084497,0.041218,-0.032276
0.092349,-0.074447,-0.028167
0.07814,0.042631,-0.039654
0.090854,-0.070949,-0.014422
0.010457,-1.6476,-0.18563
0.14395,-2.1159,-0.58223
0.26025,-1.7562,-0.92955
0.21837,-1.9258,-1.2647
0.54145,-1.8302,-1.5903
0.59417,-1.8818,-1.8854
0.6196,-1.8849,-2.1745
0.79797,-1.8896,-2.4398
0.57136,-1.9465,-2.7004
0.57735,-1.9305,-2.9452
0.59754,-1.9607,-3.1769
0.46928,-1.9603,-3.395
0.54743,-2.0041,-3.6031
0.56688,-2.0154,-3.8039
0.59081,-2.0155,-3.9899
0.56501,-2.0189,-4.1632
0.53621,-2.0054,-4.3218
0.45544,-1.9875,-4.4654
0.35074,-1.9629,-4.5927
0.30325,-1.9443,-4.7055
0.18322,-1.9114,-4.8037
0.20229,-1.8853,-4.8867
0.20079,-1.8689,-4.9587
0.20752,-1.8378,-5.0194
0.28904,-1.7973,-5.0664
0.32456,-1.7547,-5.0999
0.35411,-1.7067,-5.1202
0.27633,-1.664,-5.1279
0.17424,-1.6261,-5.1255
0.059069,-1.5796,-5.1134
-0.10995,-1.5338,-5.0914
-0.25317,-1.4918,-5.0602
-0.33656,-1.4491,-5.0216
-0.37433,-1.4013,-4.9754
-0.38106,-1.3415,-4.92
-0.36498,-1.284,-4.855
-0.33394,-1.2245,-4.7803
-0.3029,-1.1639,-4.6968
-0.30477,-1.1132,-4.6074
-0.3115,-1.0479,-4.5106
-0.35264,-0.97641,-4.4059
-0.37433,-0.91009,-4.2935
-0.37133,-0.85371,-4.1748
-0.39377,-0.7925,-4.0521
-0.36984,-0.72001,-3.9226
-0.39003,-0.66454,-3.7891
-0.33918,-0.58382,-3.6509
-0.25579,-0.50872,-3.5037
-0.29842,-0.46421,-3.3543
-0.28869,-0.38929,-3.2027
-0.30963,-0.30524,-3.0439
-0.36647,-0.24516,-2.8806
-0.37694,-0.14998,-2.7122
-0.36086,-0.043967,-2.5328
-0.30216,0.029802,-2.3482
-0.25803,0.13267,-2.1568
-0.16529,0.20449,-1.9611
-0.087889,0.30121,-1.7614
-0.026937,0.37315,-1.5562
0.032519,0.49006,-1.3515
0.00073447,0.60127,-1.1373
0.039998,0.67434,-0.92931
0.017188,0.83862,-0.70754
-0.07854,0.82875,-0.49268
-0.070688,1.0982,-0.26925
-0.082654,0.83891,-0.04298
-0.039277,0.019601,0.010326
0.013448,0.051501,-0.016327
0.098332,0.080129,-0.0040823
0.1892,0.0093509,-0.0097135
0.16527,0.064476,-0.0065755
0.20191,0.0040049,-0.0068379
0.21164,0.039313,-0.0072878
0.18995,0.011072,-0.0047609
0.18621,0.018195,-0.0067104
0.16938,0.018221,-0.0042585
0.17611,0.0059131,-0.0051883
0.1619,0.017299,-0.0039998
0.18022,0.0065954,-0.0038723
0.1963,0.010509,-0.0036699
0.20229,0.0067079,-0.0027663
0.22061,0.0085487,-0.0025564
0.19369,0.0061643,-0.0019715
0.15143,0.0060181,-0.0017653
0.1017,0.0079826,-0.00073803
0.09048,0.0046497,0.00027425
0.10282,0.0062018,0.001504
0.12002,0.0068541,0.0024863
0.14208,-0.0055476,0.0031724
0.16003,-0.0043105,0.0035585
0.19294,0.005257,0.0046608
0.13797,-0.0065561,0.0051594
0.085992,0.0055832,0.0053656
0.072905,-0.0065111,0.0064829
0.010457,-0.0066723,0.0057705
-0.041521,0.00091567,0.0077651
-0.060591,-0.017721,0.0064716
-0.069566,0.01325,0.00802
-0.080784,-0.023217,0.0081962
-0.049747,0.02083,0.0076526
-0.0063704,-0.017151,0.010667
0.03065,4.5899e-05,0.006003
0.050468,0.015304,0.013381
0.083001,-0.051627,0.0045108
0.061312,0.095507,0.015196
0.0074654,-0.19739,0.0036035
0.027658,0.73641,0.031089
0.020927,2.1852,0.33966
0.17948,1.9259,0.72899
0.21575,1.8335,1.0564
0.22435,1.9083,1.3978
0.43488,1.8186,1.705
0.31484,1.9076,2.0014
0.38701,1.8502,2.2798
0.50966,1.9129,2.5424
0.40982,1.9266,2.7984
0.55566,1.9366,3.0367
0.52537,1.9502,3.2645
0.51153,1.9594,3.4767
0.59417,2.003,3.683
0.62297,1.9961,3.8784
0.68654,1.9936,4.0593
0.62334,1.9922,4.2273
0.60053,1.9856,4.3802
0.50518,1.9684,4.5189
0.42254,1.9347,4.6406
0.33017,1.904,4.7461
0.23258,1.8804,4.8373
0.25651,1.8536,4.9154
0.21575,1.8342,4.9827
0.29802,1.8007,5.0386
0.33765,1.7513,5.0801
0.33728,1.7115,5.108
0.36532,1.6656,5.1235
0.24417,1.6199,5.1276
0.14021,1.5776,5.1211
-0.0093619,1.534,5.1047
-0.1795,1.4909,5.0788
-0.30477,1.44,5.0438
-0.3934,1.4014,5.0014
-0.42032,1.3534,4.9523
-0.43341,1.2876,4.8937
-0.39714,1.2326,4.8246
-0.37769,1.1719,4.7468
-0.37283,1.1166,4.6607
-0.3833,1.0575,4.5682
-0.3833,0.99301,4.4691
-0.3934,0.92949,4.3617
-0.44276,0.85543,4.246
-0.42593,0.80112,4.124
-0.42406,0.7327,3.9972
-0.41995,0.67206,3.8656
-0.37433,0.62288,3.7319
-0.29991,0.52561,3.5914
-0.2614,0.46162,3.4424
-0.28832,0.4175,3.2923
-0.29169,0.33519,3.1393
-0.32085,0.25379,2.9783
-0.36161,0.18871,2.8135
-0.38517,0.094603,2.6427
-0.33693,0.0018454,2.4619
-0.27411,-0.087392,2.2757
-0.24083,-0.17382,2.0822
-0.1365,-0.2428,1.8871
-0.073305,-0.35794,1.6848
-0.0071182,-0.41666,1.4798
0.035511,-0.54971,1.2718
0.016814,-0.63181,1.0571
0.02504,-0.74754,0.84737
-0.060591,-0.86206,0.62203
-0.089011,-0.87901,0.41247
-0.088637,-1.1567,0.17788
-0.096116,-0.6173,-0.014711
-0.028807,0.035339,-0.024155
0.0055957,-0.12923,-0.0091587
0.129,-0.058004,-0.019668
0.1619,-0.052305,-0.012413
0.12114,-0.070514,-0.017954
0.17275,-0.02628,-0.014902
0.15031,-0.065213,-0.016897
0.13423,-0.02565,-0.017024
0.12339,-0.046457,-0.016241
0.12114,-0.032271,-0.018464
0.14021,-0.033073,-0.017163
0.13161,-0.036563,-0.018614
0.15068,-0.024671,-0.018427
0.16489,-0.035195,-0.018839
0.18808,-0.027712,-0.01957
0.18546,-0.029121,-0.019833
0.13348,-0.026535,-0.019956
0.1002,-0.026598,-0.020579
0.069913,-0.030317,-0.02164
0.060191,-0.025792,-0.022528
0.077392,-0.026133,-0.023668
0.11217,-0.025676,-0.024721
0.16602,-0.018988,-0.025505
0.20827,-0.021766,-0.025696
0.20939,-0.023419,-0.026825
0.17387,-0.0163,-0.026675
0.14358,-0.025507,-0.02747
0.093097,-0.013346,-0.027912
0.022797,-0.027382,-0.027815
-0.0074922,-0.017511,-0.029505
-0.034416,-0.015456,-0.027949
-0.062461,-0.024225,-0.030791
-0.041894,0.0022428,-0.028587
-0.041147,-0.047923,-0.03099
0.009335,0.014262,-0.030353
0.056451,-0.052511,-0.029228
0.034389,0.010056,-0.034436
0.077018,-0.026632,-0.025453
0.056451,-0.045557,-0.040622
0.027658,0.10404,-0.014947
-0.044138,-1.275,-0.11637
0.0067175,-2.1806,-0.48903
0.16078,-1.7795,-0.85632
0.097958,-1.8936,-1.1868
0.34663,-1.8565,-1.5212
0.51041,-1.8532,-1.8197
0.4618,-1.8972,-2.1134
0.69065,-1.8672,-2.3834
0.56688,-1.9385,-2.6449
0.51116,-1.9231,-2.8943
0.63082,-1.9517,-3.1291
0.49695,-1.9522,-3.3514
0.57959,-1.9864,-3.5611
0.62521,-2.0109,-3.7653
0.62259,-2.0078,-3.9549
0.65924,-2.0118,-4.1319
0.61063,-1.9997,-4.2952
0.53846,-1.9914,-4.4435
0.42441,-1.9644,-4.5767
0.38402,-1.9424,-4.6941
0.26287,-1.911,-4.7965
0.20528,-1.8795,-4.8832
0.21799,-1.8602,-4.9577
0.21164,-1.8332,-5.0214
0.27894,-1.7984,-5.0725
0.30026,-1.7536,-5.1104
0.347,-1.7081,-5.1342
0.3313,-1.6653,-5.1457
0.22136,-1.6252,-5.1468
0.11479,-1.5841,-5.1381
-0.042642,-1.535,-5.1193
-0.19745,-1.4919,-5.0909
-0.31113,-1.4507,-5.0546
-0.3848,-1.4017,-5.0107
-0.40686,-1.3508,-4.9585
-0.41396,-1.2911,-4.8971
-0.39676,-1.2284,-4.8257
-0.33618,-1.1725,-4.745
-0.34591,-1.1162,-4.6573
-0.37208,-1.0537,-4.5634
-0.34441,-0.98583,-4.4615
-0.3934,-0.91627,-4.3508
-0.40985,-0.85854,-4.2333
-0.40349,-0.79799,-4.1117
-0.40349,-0.72579,-3.9834
-0.35376,-0.67524,-3.8502
-0.32609,-0.60748,-3.7141
-0.26327,-0.5204,-3.569
-0.25018,-0.4642,-3.4192
-0.27748,-0.40536,-3.2685
-0.30328,-0.32502,-3.1118
-0.35825,-0.25215,-2.9493
-0.37059,-0.17463,-2.7828
-0.37208,-0.073097,-2.6072
-0.31786,0.0042036,-2.4242
-0.25392,0.10505,-2.2354
-0.18698,0.18873,-2.0395
-0.085645,0.27893,-1.8415
-0.012353,0.36804,-1.6359
0.060565,0.43895,-1.4314
0.060191,0.58116,-1.2189
0.07627,0.63452,-1.0075
0.067295,0.80537,-0.79259
-0.04713,0.82656,-0.56954
-0.044512,0.9724,-0.35791
-0.048251,1.0829,-0.11447
-0.062087,0.26295,0.012871
-0.0018831,-0.036387,-0.011071
0.07814,0.12894,-0.0082664
0.18359,0.0028802,-0.0060356
0.17125,0.060274,-0.0091437
0.17761,0.020201,-0.0048321
0.19256,0.027005,-0.0080789
0.14769,0.032092,-0.0042585
0.16003,0.0062805,-0.0062043
0.14807,0.028122,-0.0047834
0.14694,0.0047921,-0.0044085
0.1462,0.016005,-0.0045172
0.15143,0.0063742,-0.0033549
0.18658,0.0036262,-0.0036624
0.18209,0.0060143,-0.0027063
0.20079,0.0062505,-0.0024814
0.18696,0.007274,-0.0019565
0.13498,0.00342,-0.0017428
0.11516,0.0067716,-0.00090299
0.075522,0.004346,0.00013178
0.087488,0.0054107,0.0012003
0.098706,0.0060031,0.0024525
0.11179,0.0029964,0.0035923
0.17162,-0.0015212,0.0039372
0.17462,0.0057406,0.0045783
0.17798,0.00047704,0.0055568
0.14395,0.0023665,0.0054518
0.082253,0.0018717,0.0069065
0.071409,-0.0064024,0.0063067
0.020179,0.0097858,0.0076151
-0.033668,-0.015333,0.0073002
-0.060591,0.013171,0.0075176
-0.074801,-0.014448,0.0092835
-0.03479,0.0040836,0.0068653
-0.008614,0.0080838,0.011436
0.056077,-0.0264,0.0064154
0.08674,0.042237,0.012317
0.081879,-0.069033,0.0080125
0.10245,0.087342,0.010412
0.031771,-0.14332,0.013235
0.019431,0.31532,0.0020813
-0.008614,1.9611,0.23823
0.11666,2.062,0.63797
0.22659,1.7818,0.97208
0.16115,1.9238,1.3127
0.38477,1.8076,1.6304
0.34214,1.8896,1.9271
0.31783,1.8585,2.2131
0.53247,1.893,2.4778
0.42702,1.9268,2.7378
0.5336,1.9199,2.9799
0.55491,1.938,3.2111
0.49134,1.9415,3.4267
0.61736,1.9896,3.6346
0.59006,1.9873,3.8338
0.62745,1.9999,4.0184
0.59156,1.9905,4.191
0.54556,1.972,4.3481
0.47676,1.9658,4.4914
0.3844,1.9312,4.6187
0.3212,1.9041,4.7297
0.17723,1.8727,4.8257
0.21687,1.8448,4.9077
0.20677,1.8276,4.9782
0.22398,1.7935,5.0374
0.31783,1.7559,5.0832
0.33279,1.7062,5.1153
0.37654,1.6619,5.135
0.30288,1.629,5.1432
0.21351,1.5771,5.1405
0.081505,1.5346,5.1275
-0.11481,1.4907,5.1048
-0.23859,1.4415,5.0731
-0.356,1.4001,5.033
-0.42219,1.3513,4.986
-0.43079,1.2985,4.9302
-0.41957,1.2362,4.8635
-0.39003,1.1748,4.7888
-0.35451,1.1183,4.7059
-0.35638,1.0612,4.6153
-0.35376,1.0039,4.5186
-0.33731,0.93648,4.4145
-0.38854,0.86349,4.3012
-0.40499,0.80095,4.1811
-0.38405,0.74098,4.0562
-0.38218,0.67888,3.9253
-0.36834,0.62537,3.7921
-0.31487,0.54593,3.6544
-0.27822,0.46916,3.5071
-0.31936,0.42209,3.3568
-0.34217,0.3513,3.2051
-0.3747,0.26972,3.0462
-0.4177,0.20839,2.8817
-0.45285,0.12291,2.7136
-0.45098,0.023653,2.5351
-0.37732,-0.051645,2.3506
-0.31188,-0.14931,2.1605
-0.19596,-0.22383,1.9654
-0.10883,-0.32939,1.766
-0.017215,-0.40273,1.5598
0.073278,-0.50049,1.3542
0.060939,-0.62429,1.1385
0.097958,-0.6954,0.92814
0.019057,-0.85904,0.70671
-0.073305,-0.84044,0.48901
-0.057226,-1.0924,0.26916
-0.095742,-0.94054,0.036008
-0.023572,-0.090493,-0.035268
0.044111,-0.04976,-0.0072166
0.11479,-0.11843,-0.018217
0.1993,-0.024053,-0.013856
0.16826,-0.087201,-0.015543
0.1892,-0.027828,-0.016368
0.19705,-0.060369,-0.01473
0.17761,-0.036751,-0.017699
0.17686,-0.035341,-0.015285
0.1791,-0.046299,-0.017677
0.18471,-0.030584,-0.017141
0.16826,-0.040661,-0.017842
0.17761,-0.026336,-0.018239
0.17686,-0.03308,-0.018228
0.18247,-0.033991,-0.019154
0.19107,-0.030951,-0.019334
0.14208,-0.029271,-0.019746
0.087114,-0.028042,-0.020129
0.035137,-0.02586,-0.021029
0.013448,-0.023963,-0.021835
0.021675,-0.025481,-0.023192
0.04112,-0.026846,-0.02423
0.10619,-0.023187,-0.025063
0.15741,-0.022812,-0.025396
0.16901,-0.025436,-0.026315
0.16302,-0.013196,-0.026679
0.1376,-0.025271,-0.02687
0.091601,-0.016244,-0.027972
0.043363,-0.016787,-0.027395
-0.014223,-0.021132,-0.029412
-0.048999,-0.0083669,-0.028178
-0.051991,-0.034985,-0.029877
-0.046756,0.00010963,-0.02931
-0.025441,-0.042955,-0.029213
0.011205,0.0049421,-0.031826
0.070287,-0.025207,-0.027503
0.087114,-0.026111,-0.034987
0.11105,0.028595,-0.025516
0.081131,-0.10434,-0.037307
0.066174,0.17132,-0.023049
0.033641,-0.81825,-0.060035
0.0063435,-2.1442,-0.38188
0.16826,-1.8623,-0.77072
0.13386,-1.8351,-1.0989
0.29166,-1.8934,-1.4392
0.55528,-1.8231,-1.7445
0.47638,-1.902,-2.0405
0.66298,-1.8532,-2.3172
0.64653,-1.9238,-2.5797
0.46965,-1.9224,-2.8348
0.59006,-1.938,-3.073
0.48648,-1.9457,-3.3003
0.48012,-1.9613,-3.5121
0.55678,-2.0007,-3.7183
0.55715,-1.9957,-3.913
0.61736,-2.0042,-4.0941
0.57249,-1.9925,-4.2616
0.53696,-1.983,-4.4146
0.43637,-1.961,-4.5529
0.35224,-1.9344,-4.6748
0.24529,-1.9127,-4.7822
0.17611,-1.8804,-4.8748
0.21687,-1.855,-4.9538
0.1877,-1.8316,-5.0209
0.25913,-1.7965,-5.0762
0.32793,-1.7541,-5.1185
0.3485,-1.7086,-5.147
0.34289,-1.6632,-5.1624
0.24791,-1.6243,-5.1665
0.15218,-1.5819,-5.1608
0.010831,-1.5346,-5.1448
-0.16268,-1.492,-5.1196
-0.28757,-1.4478,-5.0863
-0.36199,-1.4038,-5.0446
-0.40312,-1.3529,-4.9951
-0.38592,-1.293,-4.9364
-0.35189,-1.2336,-4.8675
-0.31599,-1.1687,-4.789
-0.2857,-1.1165,-4.7032
-0.33431,-1.0646,-4.6119
-0.35152,-0.99312,-4.5123
-0.34254,-0.92555,-4.4044
-0.36236,-0.86379,-4.2892
-0.37545,-0.80725,-4.1692
-0.37059,-0.74029,-4.0439
-0.36348,-0.6816,-3.9121
-0.34553,-0.62603,-3.7779
-0.27673,-0.53435,-3.6361
-0.28495,-0.46904,-3.4865
-0.30963,-0.42045,-3.3358
-0.30664,-0.3407,-3.1814
-0.34927,-0.26547,-3.0199
-0.37919,-0.19412,-2.8541
-0.37844,-0.091677,-2.6816
-0.34366,-0.011029,-2.499
-0.30589,0.075337,-2.3124
-0.19895,0.17314,-2.1184
-0.094246,0.24481,-1.9215
-0.053113,0.35086,-1.718
0.040746,0.40881,-1.5124
0.048225,0.54333,-1.3041
0.029528,0.62489,-1.0884
0.064678,0.74223,-0.8781
-0.030302,0.85864,-0.65188
-0.057974,0.87878,-0.44003
-0.018336,1.1533,-0.20427
-0.05947,0.61046,-0.0092561
-0.00038735,-0.056208,0.0015715
0.082627,0.10528,-0.01431
0.16265,0.042563,-0.0031525
0.22921,0.028985,-0.010212
0.21351,0.047343,-0.0046822
0.22809,0.007364,-0.0074265
0.21164,0.041285,-0.005477
0.19556,0.0027452,-0.0051246
0.20715,0.0257,-0.0058107
0.18621,0.010884,-0.0036624
0.18995,0.012365,-0.0048921
0.17761,0.01241,-0.0032012
0.17536,0.0017967,-0.0034149
0.18209,0.014318,-0.0029088
0.18883,0.0047547,-0.0021252
0.18845,0.0058531,-0.0018928
0.12413,0.0064904,-0.0013266
0.081879,0.0038212,-0.000858
0.054956,0.0018192,-0.00044934
0.046355,0.0029476,-0.00010817
0.073278,0.0044622,0.00055543
0.11441,1.9656e-05,0.0010241
0.14881,-0.0022372,0.00094535
0.15704,-0.0037893,0.00062292
0.15928,-0.0023197,0.0009191
0.12862,-0.0012625,0.0010203
0.085245,-0.0068785,0.0009191
0.026162,-0.0035419,0.0011291
-0.016841,-0.0026984,0.0010016
-0.031798,-0.0076883,0.0010803
-0.046382,-0.0039318,0.0012153
-0.050495,-0.0030808,0.0011778
-0.041147,-0.0054089,0.0012828
0.014196,-0.0027209,0.0012603
