0.061686,-0.0081982,-0.0016191
0.054582,-0.0059338,-0.001814
0.054208,-0.0032307,-0.0015029
0.040746,0.0027977,-0.001053
0.044111,-0.0029008,-0.0010417
0.047103,-5.1575e-05,-0.00048683
0.035511,-0.0026196,-0.00010442
0.02878,-0.0043105,8.0556e-06
0.024667,0.0013543,0.00052169
0.037006,-0.017248,0.00017677
0.0127,0.0058569,0.00073914
0.029154,-0.014317,0.00071665
0.046729,0.0060706,0.00074664
0.024293,-0.0056413,0.0012828
0.048599,-0.015644,0.0007129
0.040372,0.024621,0.0018489
0.049346,-0.049805,0.00015427
0.056825,0.055662,0.0019651
0.050842,-0.068647,0.00061542
0.046355,0.049698,0.001189
0.035885,-0.037362,0.0020888
0.057947,-0.041527,-0.0014054
0.0070914,0.11501,0.0053694
0.035885,-0.34711,-0.0090274
0.036259,2.2524,0.057472
-0.019458,4.3611,0.24983
0.040746,3.3718,0.43872
0.21612,3.3335,0.61772
0.44385,3.109,0.78556
0.28007,3.0197,0.92766
0.22323,3.0924,1.0552
0.3743,2.8184,1.1618
0.23033,2.8511,1.2559
0.24978,2.714,1.3345
0.15667,2.6695,1.4009
0.055329,2.5642,1.4547
0.1103,2.4259,1.4974
-0.051243,2.3121,1.5338
-0.012353,2.1956,1.5602
0.084123,2.0986,1.5786
0.13273,1.9398,1.5885
0.11965,1.8037,1.5893
0.047477,1.6877,1.5815
0.059069,1.5924,1.5644
-0.050495,1.4671,1.5397
-0.10247,1.33,1.5072
-0.11743,1.219,1.4676
-0.099481,1.0836,1.4221
-0.0662,0.95219,1.3689
-0.056104,0.83991,1.3112
-0.0059964,0.6987,1.2467
-0.038155,0.57409,1.1749
-0.069566,0.42198,1.0965
-0.1264,0.31732,1.0124
-0.1795,0.20783,0.92833
-0.25878,0.066212,0.83821
-0.38966,-0.054202,0.74514
-0.42742,-0.23823,0.64382
-0.44313,-0.34871,0.5381
-0.35189,-0.58017,0.42392
-0.21017,-0.64799,0.30336
-0.077793,-0.88926,0.18509
0.050842,-1.0162,0.045819
0.092723,-0.17222,-0.019731
0.15741,0.063622,-0.0028676
0.10656,-0.10607,-0.0054545
0.049346,0.01746,-0.0050196
0.054582,-0.055046,-0.0035761
-0.033668,-0.0098065,-0.005507
-0.038903,-0.025845,-0.0034224
-0.029181,-0.026662,-0.0054995
0.015318,-0.0049628,-0.0036849
0.10619,-0.028548,-0.0046859
0.14096,-0.0044304,-0.0046634
0.22098,-0.021335,-0.0045959
0.26249,-0.020281,-0.0051133
0.25875,-0.017492,-0.0048959
0.20528,-0.012641,-0.0053795
0.15891,-0.011748,-0.0048134
0.1705,-0.012495,-0.0053458
0.12189,-0.0081832,-0.0055632
0.16975,-0.012127,-0.0054695
0.21986,-0.010121,-0.0059156
0.20117,-0.0095666,-0.0058294
0.24454,-0.011182,-0.0061181
0.2165,-0.0094166,-0.0064068
0.17275,-0.0072009,-0.0062043
0.11778,-0.0066648,-0.0062156
0.040746,-0.005915,-0.0062343
-0.014223,-0.0066011,-0.0062306
-0.077045,-0.0098327,-0.0061331
-0.097985,-0.0095703,-0.0062793
-0.11818,-0.0071222,-0.0063055
-0.070688,-0.005139,-0.0061331
-0.022076,-0.0041792,-0.0061406
-0.0033789,-0.0047003,-0.0060393
0.034015,-0.0037818,-0.0060319
0.023919,-0.0041342,-0.0059906
-0.00076128,-0.0045504,-0.0059306
-0.075923,-0.0053227,-0.0058594
-0.11893,-0.0036694,-0.0058294
-0.12977,-0.0023647,-0.0058107
-0.13687,-0.0045654,-0.0058219
-0.097237,-0.0022522,-0.0057432
-0.060965,-0.0035119,-0.0057507
0.00036053,-0.0032495,-0.0059006
0.033267,-0.0026871,-0.0057694
0.072157,-0.0068035,-0.0058931
0.13124,-0.0048391,-0.0059006
0.14059,-0.0058325,-0.0059456
0.13386,-0.0080107,-0.0067292
0.10955,-0.0076208,-0.0070516
0.10095,-0.0091879,-0.007419
0.093097,-0.0078608,-0.0078689
0.11666,-0.012352,-0.0080564
0.17088,-0.00095884,-0.0084613
0.172,-0.0061437,-0.0082851
0.18284,-0.012397,-0.0092599
0.20864,-0.0023647,-0.0086188
0.18621,-0.020401,-0.0091924
0.14096,0.012204,-0.0090949
0.11254,-0.022804,-0.0088175
0.08674,0.0052945,-0.010366
0.071035,-0.0058925,-0.0079289
0.042616,-0.017679,-0.011003
0.025788,0.025528,-0.0076627
0.071409,-0.062176,-0.011134
0.06393,0.081362,-0.0083901
0.028406,-0.11755,-0.0084126
0.041494,0.14229,-0.012589
0.019431,-0.31057,-0.00032187
0.0127,-2.3234,-0.16006
0.013822,-2.5025,-0.44336
-0.015719,-2.1008,-0.66776
0.0063435,-2.2286,-0.88733
0.10768,-2.0138,-1.0819
0.21201,-2.0794,-1.2508
0.25389,-1.9976,-1.4074
0.32008,-1.958,-1.5361
0.32157,-1.9498,-1.6519
0.26586,-1.9044,-1.749
0.27184,-1.8899,-1.8335
0.25352,-1.8122,-1.9018
0.26847,-1.7846,-1.957
0.29914,-1.7127,-2.0016
0.28979,-1.6573,-2.0339
0.26212,-1.5883,-2.0569
0.20004,-1.493,-2.0682
0.22061,-1.4086,-2.0688
0.19107,-1.3196,-2.0592
0.096463,-1.2371,-2.0403
0.067669,-1.1405,-2.0121
0.025788,-1.0485,-1.9748
0.087862,-0.95789,-1.9303
0.078514,-0.85592,-1.8777
0.011205,-0.7622,-1.8184
0.025414,-0.63632,-1.7515
-0.026189,-0.52547,-1.6753
-0.050869,-0.42494,-1.5946
-0.12117,-0.30187,-1.5066
-0.21428,-0.22374,-1.4143
-0.30178,-0.10835,-1.319
-0.3934,-0.0010676,-1.2181
-0.42855,0.1437,-1.1118
-0.45584,0.25934,-0.99791
-0.39265,0.40984,-0.87935
-0.35152,0.57064,-0.7487
-0.31898,0.64347,-0.61909
-0.27112,0.87007,-0.47981
-0.27935,0.87021,-0.33853
-0.22999,1.1845,-0.19404
-0.19745,1.0391,-0.035692
-0.12379,0.019698,0.014476
-0.079288,-0.013885,-0.0068417
-0.060965,0.091387,0.00033798
0.02878,-0.021121,-0.002995
-0.0011352,0.060915,-0.0025639
0.011579,-0.010935,-0.0017128
0.072531,0.030897,-0.0033062
0.067295,0.0057631,-0.0013304
0.10843,0.0041736,-0.0032912
0.12376,0.016257,-0.0017016
0.1189,-0.0017236,-0.0022489
0.14881,0.015458,-0.0018665
0.20565,0.001373,-0.0018253
0.25651,0.0080088,-0.0021665
0.29241,0.0032513,-0.0014054
0.35672,0.0043835,-0.0017541
0.3829,0.0058494,-0.0013079
0.36458,-0.00063267,-0.0010567
0.35598,-0.00062517,-0.00097048
0.30774,-0.00056894,-0.00089174
0.28268,0.0010506,-0.00074178
0.30213,0.0030601,-0.0001869
0.24305,-0.0010226,-9.6921e-05
0.19107,-0.0063237,-0.00022439
0.16527,-0.00020528,-8.1924e-05
0.10918,-0.00046397,-0.0002094
0.052712,-0.0068785,-0.00046059
0.0067175,-0.0029158,-0.0002019
-0.017962,-0.0016374,-0.0001794
-0.065453,-0.0017986,-0.00047184
-0.089759,-0.0024734,-0.00053182
-0.12379,-0.0059075,-0.00051308
-0.16903,0.00069073,-8.9423e-05
-0.15782,0.0040911,0.00053669
-0.16342,0.00025959,0.00095285
-0.1709,0.0018642,0.0016239
-0.16081,-0.0055739,0.0021301
-0.16417,-0.00062892,0.0022688
-0.16642,0.0038024,0.0034085
-0.1825,-0.0037219,0.0033073
-0.19371,0.011983,0.0040759
-0.14323,-0.012806,0.0044658
-0.098359,0.0080463,0.0041246
-0.054234,-0.0085318,0.0054368
-0.0052485,-0.0019861,0.0041209
0.02691,0.015488,0.0067978
0.072905,-0.031397,0.0042409
0.092723,0.041158,0.0063666
0.17125,-0.058551,0.0060067
0.20715,0.056416,0.0046233
0.21014,-0.046873,0.0090923
0.26586,0.013235,0.00055543
0.23744,0.036096,0.014821
0.22921,-0.19679,-0.0096348
0.23557,2.0094,0.086231
0.33092,3.4272,0.43631
0.3844,2.7547,0.77575
0.31671,2.8858,1.0766
0.43974,2.7928,1.3782
0.48424,2.7846,1.6439
0.4618,2.8473,1.9048
0.58183,2.7946,2.1412
0.59343,2.8776,2.3649
0.63119,2.8137,2.5684
0.75011,2.8526,2.7519
0.75347,2.8061,2.9217
0.71346,2.7759,3.0721
0.61586,2.7387,3.2099
0.56688,2.6598,3.3306
0.23594,2.6032,3.4362
-0.058722,2.5032,3.5276
0.015692,2.4226,3.6056
-0.22475,2.334,3.6711
-0.084897,2.2342,3.7239
-0.24083,2.1367,3.7647
-0.36759,2.0555,3.7931
0.24604,1.989,3.8106
-0.019084,1.9022,3.8186
0.08861,1.8046,3.8183
0.21089,1.7179,3.8092
-0.21802,1.6276,3.7903
0.046355,1.5229,3.7632
-0.067696,1.4257,3.727
-0.20605,1.3308,3.6813
-0.041521,1.2254,3.6275
-0.19297,1.1256,3.5661
-0.30889,1.0219,3.4972
-0.28869,0.92646,3.4209
-0.38255,0.8355,3.3383
-0.58971,0.73007,3.2487
-0.53848,0.64028,3.1523
-0.64319,0.53549,3.0499
-0.76285,0.4279,2.9399
-0.59233,0.3234,2.8237
-0.5426,0.22482,2.7015
-0.31263,0.15521,2.5753
-0.077793,0.069665,2.4466
0.03738,-0.042959,2.3132
0.11329,-0.16989,2.1717
0.036259,-0.27869,2.0244
-0.065827,-0.4248,1.8693
-0.19484,-0.51557,1.7075
-0.27187,-0.64566,1.5433
-0.40013,-0.76763,1.3709
-0.40349,-0.86918,1.1988
-0.34852,-1.0372,1.0179
-0.32758,-1.0726,0.83804
-0.15221,-1.2983,0.65139
0.016814,-1.2704,0.46032
0.21949,-1.5364,0.27459
0.30662,-1.5159,0.061359
0.33354,-0.20627,-0.032658
0.34663,0.042181,-0.0069129
0.25426,-0.17004,-0.012229
0.25314,0.0052458,-0.011299
0.25651,-0.099569,-0.0098073
0.23557,-0.019985,-0.012312
0.23781,-0.054825,-0.0094323
0.2509,-0.041587,-0.012518
0.22136,-0.021293,-0.010096
0.172,-0.048721,-0.011457
0.10394,-0.016701,-0.011127
0.01644,-0.037388,-0.011239
-0.0052485,-0.018643,-0.011869
-0.068444,-0.031075,-0.011626
-0.11556,-0.029687,-0.012312
-0.10247,-0.022459,-0.011944
-0.040399,-0.027532,-0.012394
0.023171,-0.019771,-0.012544
0.084871,-0.022478,-0.012893
0.20416,-0.018403,-0.013002
0.17873,-0.019786,-0.013474
0.11142,-0.022474,-0.014183
0.049346,-0.016146,-0.013883
-0.1193,-0.010613,-0.013658
-0.23559,-0.012884,-0.013785
-0.23746,-0.016723,-0.013853
-0.21465,-0.010196,-0.013594
-0.21241,-0.017192,-0.013665
-0.11706,-0.022354,-0.014123
-0.014971,-0.015186,-0.014677
0.03738,-0.018066,-0.015131
0.1462,-0.017616,-0.015705
0.19518,-0.0082169,-0.016136
0.20939,-0.014976,-0.016604
0.2337,-0.010969,-0.017362
0.16489,-0.012318,-0.017144
0.10357,-0.018602,-0.018442
0.093845,-0.0013675,-0.017819
0.058695,-0.027918,-0.018715
0.088236,0.0036187,-0.019124
0.12264,-0.026801,-0.018355
0.10843,-0.0017386,-0.020687
0.12077,-0.008753,-0.017804
0.077018,-0.033455,-0.021921
0.035137,0.03697,-0.018055
0.02691,-0.083572,-0.021283
0.031771,0.091837,-0.019975
0.038876,-0.12681,-0.018025
0.071035,0.13423,-0.02639
0.12039,-0.24121,-0.0059494
0.074026,-2.7563,-0.19122
0.15068,-3.2279,-0.57178
0.17013,-2.6419,-0.89412
0.14021,-2.8022,-1.2054
0.35298,-2.5817,-1.5011
0.35037,-2.6392,-1.7728
0.32045,-2.5688,-2.0383
0.36495,-2.5275,-2.2795
0.20715,-2.4994,-2.5109
0.22734,-2.4075,-2.7202
0.31297,-2.4108,-2.9161
0.32419,-2.3325,-3.0965
0.37654,-2.3079,-3.2599
0.43039,-2.2433,-3.4096
0.36832,-2.1805,-3.5416
0.24566,-2.1193,-3.6585
0.34962,-2.0494,-3.7598
0.30699,-1.9922,-3.8472
0.25314,-1.9148,-3.9202
0.29839,-1.8442,-3.9795
0.072531,-1.7653,-4.0254
0.069913,-1.6902,-4.0583
0.18396,-1.6292,-4.0808
0.18471,-1.5624,-4.0933
0.20117,-1.49,-4.0958
0.095341,-1.416,-4.0879
0.02691,-1.338,-4.0702
0.031023,-1.2537,-4.0427
0.11105,-1.1703,-4.0049
0.13535,-1.0878,-3.9577
0.025788,-1.0052,-3.9013
-0.012353,-0.92566,-3.8366
-0.078914,-0.84473,-3.7636
-0.18736,-0.76422,-3.6829
-0.21727,-0.6755,-3.5953
-0.23784,-0.5961,-3.5007
-0.27411,-0.50698,-3.4003
-0.30552,-0.39454,-3.2909
-0.33581,-0.31685,-3.1743
-0.33394,-0.22917,-3.0533
-0.2943,-0.13724,-2.9256
-0.27748,-0.070687,-2.7951
-0.28757,0.03285,-2.6601
-0.28346,0.12768,-2.5188
-0.356,0.24522,-2.3715
-0.38741,0.36294,-2.216
-0.36834,0.48358,-2.0542
-0.36946,0.59916,-1.884
-0.27411,0.68494,-1.7121
-0.21465,0.8248,-1.533
-0.11818,0.89082,-1.3508
-0.024693,1.0699,-1.1662
0.0085872,1.1353,-0.97397
0.067669,1.27,-0.78515
0.050842,1.385,-0.58221
0.10469,1.3987,-0.39178
0.11067,1.7856,-0.17545
0.091975,0.83341,4.3064e-06
0.17349,-0.14437,0.0054781
0.17611,0.15425,-0.00878
0.25875,0.03814,0.00064166
0.33017,0.041341,-0.0063318
0.29428,0.064105,-0.0015628
0.31821,0.0067004,-0.0047909
0.3111,0.060997,-0.0027963
0.23445,0.0046909,-0.0029988
0.18845,0.037484,-0.0039473
0.15554,0.012118,-0.0021815
0.13386,0.021989,-0.0034037
0.14134,0.022446,-0.0020502
0.11479,0.012493,-0.0025864
0.11778,0.020482,-0.0019528
0.12675,0.004541,-0.0017016
0.081879,0.016845,-0.001904
0.035137,0.01003,-0.0013904
-0.0033789,0.0084324,-0.0012554
-0.024693,0.013359,-0.00079427
-0.067322,0.0098983,-0.00048309
-0.085271,0.0096096,-6.6928e-05
-0.073305,0.0077614,0.00047295
-0.080784,0.011428,0.001249
-0.0662,0.0062168,0.0018152
-0.068444,0.0076564,0.0022838
-0.056478,0.0076751,0.0030186
-0.041147,0.0070678,0.0031349
-0.054608,0.009021,0.0041209
-0.069566,-0.0080257,0.0041959
-0.085271,0.012796,0.0049232
-0.048251,-0.004168,0.0053056
-0.028807,0.01142,0.0048482
-0.017962,0.00052202,0.0065878
0.050094,-0.0022522,0.0049869
0.10955,0.022851,0.0077388
0.1533,-0.030857,0.0058493
0.18396,0.047141,0.0076264
0.19032,-0.050993,0.0076564
0.1619,0.053012,0.0056805
0.1462,-0.032102,0.011589
0.15181,-0.0012813,0.0018639
0.13273,0.075603,0.017153
0.1376,-0.24179,-0.0069991
0.10544,1.9094,0.078369
0.18247,3.5278,0.43992
0.27034,2.8403,0.80691
0.20603,2.9562,1.1336
0.31671,2.8567,1.4703
0.33653,2.7698,1.7698
0.27334,2.7996,2.0633
0.32083,2.6655,2.3344
0.26773,2.7596,2.5964
0.30026,2.6463,2.8434
0.34438,2.6609,3.0745
0.3728,2.6879,3.2991
0.37168,2.6515,3.5089
0.37318,2.6427,3.7082
0.43413,2.5758,3.89
0.35336,2.5288,4.0551
0.40085,2.48,4.2051
0.36196,2.4208,4.3401
0.25913,2.3678,4.461
0.29166,2.3067,4.5674
0.14358,2.2367,4.6594
0.13722,2.1707,4.7366
0.20603,2.0998,4.8004
0.23145,2.0277,4.8517
0.27857,1.9541,4.8906
0.25651,1.8734,4.9164
0.27782,1.7887,4.9297
0.24342,1.7106,4.9322
0.18995,1.6475,4.9246
0.045981,1.5817,4.9078
-0.069192,1.505,4.8825
-0.12042,1.4325,4.8474
-0.2599,1.354,4.8032
-0.2442,1.2589,4.7504
-0.224,1.1701,4.6879
-0.22026,1.0862,4.6171
-0.15183,0.99711,4.5381
-0.10883,0.91105,4.4513
-0.1006,0.82915,4.357
-0.11855,0.7499,4.2559
-0.1178,0.65761,4.1484
-0.22625,0.57483,4.0338
-0.28234,0.49098,3.9142
-0.28271,0.38479,3.7874
-0.37059,0.30537,3.6538
-0.36685,0.21961,3.5164
-0.35413,0.12443,3.373
-0.38068,0.059738,3.2262
-0.36535,-0.028252,3.0773
-0.34852,-0.15107,2.921
-0.33207,-0.24998,2.7579
-0.36498,-0.37881,2.5883
-0.38068,-0.49156,2.4101
-0.34291,-0.59301,2.2284
-0.30029,-0.71666,2.0401
-0.1997,-0.79611,1.8494
-0.13388,-0.94748,1.6534
-0.074801,-1.0094,1.4539
0.02878,-1.1718,1.2533
0.074774,-1.2574,1.0446
0.081131,-1.3549,0.84189
0.055703,-1.5294,0.62378
0.040372,-1.4775,0.41709
0.010831,-1.8936,0.19254
-0.01871,-1.1088,-0.011753
0.050842,0.09923,-0.037307
0.060191,-0.14799,-0.015963
0.085245,-0.09293,-0.027327
0.19294,-0.040485,-0.019746
0.16901,-0.098935,-0.023945
0.20453,-0.018077,-0.021752
0.27109,-0.084487,-0.022292
0.21051,-0.022568,-0.023132
0.19892,-0.055739,-0.021456
0.16826,-0.040016,-0.023567
0.12563,-0.032814,-0.022221
0.10245,-0.042637,-0.023375
0.062434,-0.026632,-0.023057
0.046355,-0.037088,-0.023222
0.033267,-0.026077,-0.023492
0.0074654,-0.035232,-0.023664
-0.034042,-0.027667,-0.024223
-0.019458,-0.025916,-0.024058
-0.0018831,-0.028503,-0.024804
-0.021328,-0.024945,-0.025115
-0.0059964,-0.032079,-0.025584
0.026162,-0.028761,-0.027117
0.031397,-0.025215,-0.027665
0.02691,-0.030175,-0.027901
0.050842,-0.019217,-0.028388
0.057199,-0.024952,-0.028741
0.061312,-0.023033,-0.029723
0.057573,-0.01943,-0.029438
0.042616,-0.027457,-0.030656
0.052338,-0.0076246,-0.030405
0.019057,-0.035236,-0.030896
0.0089611,0.0007882,-0.031481
0.053834,-0.031446,-0.03069
0.050842,-0.013882,-0.033303
0.050842,-0.0063499,-0.030304
0.084871,-0.04973,-0.034417
0.10282,0.036685,-0.030878
0.094967,-0.092551,-0.033776
0.12264,0.083428,-0.033678
0.11479,-0.12329,-0.029637
0.088236,0.094772,-0.040753
0.10918,-0.1459,-0.016031
0.040746,-2.7262,-0.1927
0.063182,-3.373,-0.59061
0.034389,-2.7661,-0.93458
0.034389,-2.9982,-1.2679
0.28343,-2.7814,-1.5933
0.2853,-2.809,-1.8897
0.34064,-2.7393,-2.1786
0.44011,-2.7139,-2.4448
0.26025,-2.7294,-2.7051
0.26174,-2.648,-2.9456
0.29764,-2.6997,-3.176
0.26473,-2.6572,-3.397
0.29502,-2.6554,-3.6057
0.34999,-2.5955,-3.8009
0.39898,-2.5297,-3.977
0.37692,-2.4905,-4.1394
0.393,-2.4304,-4.2865
0.30288,-2.38,-4.4197
0.27932,-2.3065,-4.5377
0.26735,-2.2426,-4.6402
0.15106,-2.1789,-4.7295
0.22211,-2.1067,-4.8046
0.24342,-2.0408,-4.866
0.27894,-1.9755,-4.9152
0.31896,-1.9021,-4.9519
0.33092,-1.821,-4.9757
0.36233,-1.7434,-4.9866
0.30587,-1.679,-4.9866
0.26997,-1.6159,-4.9771
0.13161,-1.5446,-4.9577
0.022423,-1.4725,-4.9294
-0.053487,-1.3996,-4.8914
-0.1537,-1.3221,-4.8442
-0.14921,-1.2394,-4.7882
-0.13201,-1.1564,-4.7228
-0.089759,-1.0746,-4.6484
-0.0576,-0.99203,-4.5658
-0.039651,-0.90765,-4.4756
-0.085645,-0.82564,-4.3778
-0.13687,-0.7399,-4.2736
-0.16268,-0.65449,-4.1626
-0.23186,-0.57088,-4.0457
-0.26663,-0.46563,-3.9221
-0.32459,-0.37384,-3.7904
-0.37171,-0.29707,-3.654
-0.3848,-0.20945,-3.5134
-0.34553,-0.12387,-3.3682
-0.313,-0.044027,-3.2197
-0.32833,0.046451,-3.067
-0.30216,0.15672,-2.9075
-0.32646,0.26791,-2.7422
-0.37806,0.40865,-2.5686
-0.39377,0.50325,-2.3882
-0.38629,0.62142,-2.2039
-0.32646,0.72758,-2.0127
-0.23522,0.83046,-1.8204
-0.14772,0.9651,-1.6202
-0.048625,1.0299,-1.4202
0.017936,1.2205,-1.2149
0.061686,1.2397,-1.007
0.12152,1.4295,-0.80008
0.093471,1.4832,-0.5804
0.084123,1.5868,-0.37564
0.075896,1.85,-0.13924
0.047103,0.56852,0.013246
0.093097,-0.13575,-0.001949
0.10394,0.20081,-0.0066767
0.18658,0.0078476,-0.0010305
0.261,0.080691,-0.006703
0.25165,0.045521,-0.0016641
0.29689,0.03168,-0.0056269
0.28044,0.056454,-0.0024739
0.24903,0.0048484,-0.0039811
0.25314,0.049349,-0.0036624
0.17836,0.0093434,-0.0028526
0.12376,0.030349,-0.0036399
0.12488,0.021655,-0.0023127
0.10319,0.017824,-0.002905
0.10357,0.020583,-0.0020465
0.098706,0.012954,-0.0021177
0.043363,0.01719,-0.0018815
0.0052217,0.0089348,-0.0014841
-0.0015092,0.017104,-0.0012479
-0.035164,0.014899,-0.00072678
-0.050121,0.018776,0.00010553
-0.01011,0.013092,0.0015827
-0.016093,0.0089685,0.0021563
-0.026189,0.012444,0.0027262
0.017188,0.004256,0.0031386
0.013074,0.015687,0.0038285
0.013822,-0.0017911,0.0043009
0.016814,0.0077726,0.0041659
-0.023198,0.0084624,0.005733
-0.025815,-0.0055551,0.0049757
-0.033668,0.022491,0.0064679
-0.04339,-0.018815,0.0059392
-0.04526,0.028531,0.0064004
-0.025067,-0.017061,0.0077538
0.023171,0.019979,0.0058005
0.065426,0.0057331,0.0098684
0.10581,-0.026325,0.0043496
0.083375,0.06815,0.011229
0.12488,-0.10511,0.0051182
0.13161,0.16611,0.0090773
0.10058,-0.24996,0.0087699
0.13685,0.65964,0.0045895
0.10805,3.2351,0.26166
0.20266,3.1861,0.66346
0.20079,2.8173,0.99522
0.19668,3.0176,1.3373
0.30849,2.7703,1.6548
0.2079,2.8523,1.9533
0.24903,2.7375,2.2386
0.28231,2.7666,2.5045
0.20939,2.7561,2.7662
0.27296,2.7015,3.0075
0.29577,2.7138,3.2384
0.3399,2.6859,3.4565
0.40795,2.696,3.6653
0.50667,2.6384,3.8626
0.522,2.6022,4.044
0.49658,2.5465,4.21
0.51153,2.4773,4.3587
0.40907,2.4244,4.4937
0.38514,2.3827,4.6144
0.2868,2.3184,4.7207
0.19406,2.2501,4.8127
0.20042,2.1908,4.8896
0.18471,2.1152,4.9526
0.27034,2.0605,5.0031
0.29839,1.9904,5.0407
0.36794,1.9128,5.0658
0.35261,1.8454,5.0786
0.25389,1.7622,5.0794
0.18172,1.6939,5.0698
0.038128,1.638,5.0507
-0.015345,1.5697,5.0224
-0.14959,1.4937,4.9847
-0.20418,1.4134,4.9378
-0.16941,1.3389,4.8823
-0.1825,1.2618,4.8176
-0.10995,1.1738,4.744
-0.093124,1.0877,4.6625
-0.072931,1.0072,4.5736
-0.10023,0.91906,4.4771
-0.13351,0.83331,4.3732
-0.1911,0.74778,4.2631
-0.31113,0.65729,4.1458
-0.32459,0.57997,4.0232
-0.32684,0.47851,3.895
-0.35114,0.37553,3.7591
-0.35675,0.29889,3.6186
-0.32609,0.20915,3.4734
-0.33656,0.12249,3.3239
-0.35339,0.048524,3.1724
-0.36797,-0.062278,3.0159
-0.43004,-0.17818,2.852
-0.44724,-0.28913,2.6821
-0.46482,-0.41837,2.5041
-0.46818,-0.50836,2.3215
-0.43303,-0.64042,2.1342
-0.34965,-0.72797,1.9415
-0.24906,-0.85639,1.7467
-0.16268,-0.9689,1.544
-0.065079,-1.0659,1.3433
-0.037781,-1.2368,1.1342
-0.03105,-1.2612,0.92814
-0.031424,-1.4948,0.71572
-0.064331,-1.452,0.49927
-0.075175,-1.7209,0.2905
-0.071062,-1.668,0.054573
0.0052217,-0.23068,-0.04833
0.078888,0.029206,-0.020526
0.15779,-0.20144,-0.026525
0.28081,-0.0030995,-0.025235
0.28119,-0.12345,-0.023822
0.28081,-0.034606,-0.026371
0.31858,-0.064939,-0.023023
0.28306,-0.055631,-0.026244
0.24791,-0.033568,-0.023747
0.2165,-0.061805,-0.025344
0.17088,-0.029313,-0.024886
0.14507,-0.051552,-0.024961
0.1432,-0.030494,-0.025486
0.1174,-0.037448,-0.025059
0.10656,-0.034348,-0.025775
0.088236,-0.038771,-0.025681
0.023545,-0.044714,-0.026255
-0.0015092,-0.027847,-0.026259
-0.03105,-0.0326,-0.026694
-0.065079,-0.032274,-0.027398
-0.032546,-0.031498,-0.028264
-0.0011352,-0.031491,-0.029318
0.017562,-0.034201,-0.030079
0.080383,-0.031041,-0.030728
0.095715,-0.025744,-0.030844
0.059443,-0.029526,-0.031627
0.061312,-0.017005,-0.031766
0.021675,-0.03082,-0.032265
-0.030676,-0.013177,-0.032962
-0.06807,-0.02779,-0.03246
-0.12154,-0.023228,-0.034387
-0.1294,-0.0062712,-0.032692
-0.12341,-0.043435,-0.034713
-0.062461,0.0162,-0.033768
-0.0059964,-0.065007,-0.0346
0.034389,0.021674,-0.036081
0.083001,-0.0503,-0.03228
0.068417,-0.014815,-0.039534
0.11067,0.024624,-0.029682
0.091228,-0.13904,-0.043272
0.075896,0.27916,-0.024148
0.044485,-1.5738,-0.079092
0.048972,-3.507,-0.4216
0.1548,-2.9211,-0.80457
0.060939,-2.9492,-1.1317
0.25987,-2.9458,-1.4722
0.44572,-2.8098,-1.7769
0.38813,-2.8741,-2.073
0.54257,-2.7602,-2.348
0.41805,-2.8348,-2.6122
0.33391,-2.7652,-2.8656
0.44049,-2.7648,-3.0999
0.39113,-2.7548,-3.3254
0.42702,-2.751,-3.5378
0.49508,-2.7488,-3.743
0.58707,-2.6838,-3.9324
0.5781,-2.6474,-4.1059
0.57024,-2.5825,-4.2636
0.55155,-2.5428,-4.4061
0.39337,-2.496,-4.5362
0.35186,-2.4357,-4.6514
0.23519,-2.3725,-4.7514
0.17088,-2.301,-4.8362
0.20715,-2.2423,-4.9075
0.2423,-2.1807,-4.9659
0.33017,-2.1128,-5.0114
0.35897,-2.042,-5.0443
0.41244,-1.9662,-5.0643
0.34214,-1.8926,-5.072
0.24417,-1.823,-5.0687
0.16265,-1.7565,-5.0552
0.010083,-1.6898,-5.0324
-0.081532,-1.616,-5.0005
-0.21054,-1.5382,-4.9592
-0.25055,-1.4604,-4.9092
-0.22774,-1.3775,-4.8503
-0.22138,-1.2907,-4.7822
-0.16529,-1.2035,-4.7056
-0.14996,-1.1173,-4.6214
-0.16417,-1.0286,-4.5293
-0.21989,-0.94536,-4.4301
-0.27187,-0.86313,-4.3246
-0.32497,-0.76919,-4.2123
-0.3904,-0.68428,-4.0945
-0.37657,-0.58438,-3.9704
-0.3747,-0.47384,-3.8382
-0.40574,-0.39441,-3.7005
-0.35451,-0.3091,-3.5595
-0.33357,-0.21453,-3.4134
-0.36348,-0.13593,-3.263
-0.38143,-0.041609,-3.1103
-0.4364,0.073467,-2.9514
-0.48576,0.17461,-2.7856
-0.52427,0.3147,-2.6134
-0.51979,0.42464,-2.4333
-0.47791,0.5326,-2.2499
-0.41546,0.65844,-2.0597
-0.29879,0.74587,-1.8678
-0.17315,0.89894,-1.6694
-0.072557,0.96374,-1.4684
-0.0097358,1.1459,-1.2658
0.032145,1.2198,-1.0556
0.03925,1.3443,-0.85169
0.0029781,1.4958,-0.63247
-0.020206,1.4765,-0.42645
-0.019084,1.8865,-0.19908
-1.3407e-05,0.96542,-0.0058444
0.06206,-0.13984,0.0077688
0.13161,0.15696,-0.010073
0.22697,0.060615,0.00050669
0.31036,0.0419,-0.0068304
0.2954,0.079761,-0.001859
0.32756,0.0089423,-0.0048059
0.34476,0.072582,-0.0034562
0.28194,0.0071428,-0.0030513
0.26212,0.035549,-0.0041498
0.21949,0.019125,-0.0024027
0.18658,0.019721,-0.0035312
0.17536,0.021723,-0.0022489
0.16489,0.012808,-0.0028975
0.1705,0.02338,-0.0022002
0.1346,0.013374,-0.001964
0.077766,0.018484,-0.0017653
0.013448,0.010337,-0.0012029
-0.029181,0.011083,-0.0014241
-0.065827,0.013287,-0.00071928
-0.089759,0.016969,0.00010178
-0.054982,0.017063,0.0013128
-0.027685,0.011597,0.0021601
0.010831,0.014048,0.0028237
0.057947,0.0036337,0.0031461
0.072531,0.011522,0.0033973
0.086366,0.0084212,0.0045858
0.083001,0.0036,0.0044208
0.038502,0.018082,0.0054593
-0.021702,-0.0071934,0.0050957
-0.050121,0.020572,0.0057818
-0.081158,-0.011145,0.0067566
-0.11967,0.015552,0.0054781
-0.099107,0.0040611,0.008245
-0.066948,-0.017155,0.0053131
-0.026937,0.036119,0.0092572
0.038128,-0.054761,0.0062129
0.041868,0.082104,0.00826
0.054956,-0.088472,0.0094485
0.065426,0.094127,0.0040234
0.028032,-0.078541,0.016876
0.045233,0.0413,-0.0096948
0.056451,2.6229,0.15138
0.16564,3.447,0.54735
0.21911,2.8041,0.89646
0.20341,3.0525,1.2309
0.36794,2.8599,1.56
0.32083,2.8771,1.8577
0.28904,2.8349,2.1486
0.38066,2.7989,2.4154
0.29839,2.8511,2.6776
0.36682,2.7736,2.9218
0.42702,2.788,3.1526
0.42366,2.7531,3.372
0.47938,2.7643,3.5802
0.56164,2.7389,3.7796
0.62334,2.7005,3.9632
0.58969,2.6383,4.132
0.63942,2.5833,4.2827
0.53285,2.5503,4.4191
0.42889,2.4793,4.5417
0.38552,2.4321,4.6499
0.2423,2.3692,4.7442
0.26249,2.2877,4.8231
0.27633,2.2285,4.8888
0.33653,2.1658,4.9412
0.37355,2.0955,4.9805
0.39075,2.0251,5.0078
0.4274,1.949,5.0221
0.32569,1.8712,5.0248
0.26137,1.8017,5.0167
0.12264,1.7379,4.9987
0.0040999,1.6632,4.9722
-0.10808,1.5936,4.9366
-0.25654,1.5143,4.8917
-0.27037,1.4235,4.8381
-0.28121,1.3462,4.7753
-0.24906,1.2677,4.7038
-0.21952,1.1743,4.6241
-0.2341,1.0845,4.5366
-0.27074,1.0014,4.4419
-0.31674,0.91558,4.3401
-0.35189,0.83052,4.232
-0.41508,0.73199,4.1171
-0.4465,0.65291,3.9965
-0.44388,0.55836,3.8709
-0.42817,0.44408,3.7377
-0.44799,0.36239,3.5985
-0.43378,0.27059,3.4553
-0.42182,0.18452,3.3076
-0.4536,0.11429,3.1574
-0.4637,0.0083537,3.0039
-0.52876,-0.10912,2.8428
-0.58298,-0.2225,2.6759
-0.60168,-0.35668,2.5009
-0.59682,-0.44955,2.3202
-0.54372,-0.58184,2.1356
-0.47267,-0.67819,1.9451
-0.36498,-0.79526,1.7532
-0.25803,-0.92238,1.5536
-0.15034,-1.0059,1.3552
-0.078166,-1.1967,1.1491
-0.052365,-1.2208,0.94379
-0.040025,-1.4407,0.73573
-0.0576,-1.4431,0.51919
-0.059096,-1.6359,0.31476
-0.050121,-1.7527,0.079528
0.029528,-0.38422,-0.046159
0.1103,0.076552,-0.022791
0.15629,-0.21099,-0.02423
0.28418,-0.007737,-0.026157
0.31559,-0.10826,-0.022299
0.30961,-0.04372,-0.026139
0.35074,-0.055529,-0.022412
0.31222,-0.060992,-0.025734
0.30662,-0.028432,-0.023514
0.29278,-0.067226,-0.024549
0.24604,-0.026122,-0.024703
0.22435,-0.045943,-0.024287
0.21164,-0.038423,-0.02513
0.20902,-0.040987,-0.024481
0.16863,-0.033017,-0.025295
0.12264,-0.031195,-0.025243
0.046729,-0.036447,-0.025764
0.011205,-0.028818,-0.025906
-0.011232,-0.036136,-0.026172
-0.084897,-0.029519,-0.026712
-0.058348,-0.032979,-0.027428
-0.051243,-0.032698,-0.028534
-0.060591,-0.027119,-0.029303
-0.0078661,-0.032256,-0.030236
0.017188,-0.025009,-0.03018
0.031023,-0.028402,-0.030806
0.020927,-0.020686,-0.031567
0.019431,-0.027888,-0.031267
0.0048478,-0.022883,-0.03261
-0.040399,-0.017316,-0.031845
-0.06994,-0.039607,-0.03339
-0.08415,0.0011744,-0.032823
-0.073679,-0.044961,-0.03315
-0.055356,0.0033825,-0.034398
-0.026563,-0.03506,-0.032269
0.024293,-0.016967,-0.03676
0.056077,0.0094034,-0.031297
0.032893,-0.078432,-0.037585
0.081131,0.089722,-0.03207
0.068043,-0.17913,-0.036475
0.042616,0.24144,-0.035999
0.058321,-0.6839,-0.031496
0.0044739,-3.2208,-0.28911
0.16377,-3.1795,-0.69192
0.126,-2.8541,-1.0228
0.20416,-3.0554,-1.3629
0.53958,-2.8322,-1.6776
0.48274,-2.927,-1.973
0.62783,-2.8218,-2.255
0.67083,-2.8682,-2.5172
0.4891,-2.859,-2.7753
0.57062,-2.8105,-3.0125
0.53397,-2.8279,-3.2391
0.53734,-2.8049,-3.453
0.60165,-2.8339,-3.6586
0.63269,-2.7811,-3.8525
0.61773,-2.7347,-4.0293
0.58782,-2.6767,-4.1907
0.59754,-2.6254,-4.3355
0.43488,-2.5822,-4.4672
0.39599,-2.5206,-4.5842
0.32195,-2.4659,-4.687
0.2423,-2.3983,-4.7757
0.31933,-2.33,-4.8498
0.31746,-2.2681,-4.9105
0.42628,-2.2031,-4.959
0.46816,-2.1312,-4.995
0.50705,-2.0565,-5.0178
0.51191,-1.978,-5.0286
0.42366,-1.9001,-5.0278
0.34364,-1.8325,-5.0164
0.14657,-1.7632,-4.996
0.0085872,-1.6867,-4.9668
-0.17539,-1.6084,-4.9281
-0.29804,-1.5287,-4.8804
-0.32609,-1.4468,-4.8242
-0.39639,-1.3594,-4.759
-0.38068,-1.2684,-4.685
-0.36386,-1.182,-4.6029
-0.36872,-1.0955,-4.5131
-0.39938,-1.0056,-4.4161
-0.39975,-0.91789,-4.3122
-0.41583,-0.82546,-4.202
-0.46856,-0.73824,-4.0858
-0.47342,-0.64377,-3.9641
-0.47566,-0.53919,-3.8352
-0.47566,-0.45297,-3.6991
-0.46744,-0.36699,-3.56
-0.4435,-0.27138,-3.4167
-0.47379,-0.18211,-3.2681
-0.50333,-0.097698,-3.1169
-0.51754,0.018101,-2.9604
-0.60542,0.12549,-2.7974
-0.66488,0.2518,-2.6287
-0.66413,0.38234,-2.4511
-0.64842,0.47746,-2.2694
-0.59009,0.60583,-2.0815
-0.46033,0.69558,-1.891
-0.32945,0.84702,-1.6955
-0.21952,0.92858,-1.4953
-0.10659,1.0787,-1.2958
-0.045634,1.1906,-1.087
0.016066,1.2692,-0.88465
0.032145,1.4873,-0.66891
0.0059696,1.4202,-0.46127
0.021301,1.8253,-0.24352
0.028406,1.2552,-0.028729
0.081879,-0.066087,0.014739
0.12226,0.088163,-0.011097
0.20304,0.11182,0.00077289
0.30736,0.0057032,-0.0056494
0.29278,0.096395,-0.0026389
0.32344,0.0027902,-0.0033737
0.34962,0.068143,-0.0039023
0.34064,0.017314,-0.0021327
0.3485,0.035894,-0.0040898
0.3126,0.033416,-0.0020015
0.28493,0.01373,-0.0034487
0.26885,0.026229,-0.0021965
0.24791,0.010168,-0.0020465
0.20864,0.020669,-0.0023277
0.1877,0.011544,-0.0015516
0.13685,0.017003,-0.0016041
0.050094,0.012024,-0.0012742
0.020179,0.013044,-0.0010042
-0.063957,0.019203,-0.00048309
-0.11893,0.013201,0.00061167
-0.082654,0.0098046,0.0018376
-0.073305,0.013014,0.002415
-0.038155,0.014435,0.0034798
0.009709,0.005347,0.0038772
0.02691,0.014899,0.0043796
0.052712,0.0033563,0.0050094
0.066922,0.011375,0.0049832
0.03065,0.0047434,0.0060142
0.0063435,-0.00056144,0.0053056
-0.022076,0.016804,0.0070602
-0.065079,-0.015542,0.0061679
-0.079288,0.029716,0.0072552
-0.083028,-0.026512,0.0077013
-0.055356,0.032145,0.0063479
-0.014971,-0.011677,0.01015
0.034763,-0.0060612,0.004837
0.033267,0.047193,0.012122
0.046729,-0.098501,0.0043271
0.07627,0.17102,0.012418
0.075148,-0.29793,0.0060855
0.064678,0.94949,0.016564
0.080757,3.3994,0.30498
0.26025,3.1307,0.70453
0.26025,2.9137,1.0344
0.29577,3.055,1.3783
0.46704,2.8543,1.6915
0.38664,2.9529,1.9888
0.4633,2.8396,2.2703
0.52462,2.9109,2.5345
0.48573,2.8833,2.7924
0.57323,2.8597,3.0313
0.56426,2.8591,3.2607
0.55641,2.8329,3.4744
0.58557,2.8562,3.6799
0.63979,2.8209,3.8744
0.64279,2.8063,4.055
0.64653,2.7376,4.2218
0.63419,2.6827,4.3708
0.51677,2.6396,4.5052
0.49097,2.5772,4.6251
0.39561,2.5262,4.7314
0.35149,2.4622,4.8235
0.38552,2.3915,4.901
0.42179,2.3276,4.9653
0.52013,2.2525,5.0164
0.522,2.1781,5.0549
0.57323,2.1067,5.0814
0.55678,2.0222,5.0955
0.47751,1.9515,5.0973
0.35598,1.8796,5.0879
0.15704,1.8075,5.0692
0.010831,1.7407,5.0415
-0.22251,1.6673,5.005
-0.36236,1.5892,4.9599
-0.41733,1.4912,4.9058
-0.46257,1.4051,4.8432
-0.43453,1.3331,4.7719
-0.43079,1.2397,4.6921
-0.41845,1.1437,4.6045
-0.44687,1.0552,4.5097
-0.45771,0.97094,4.4081
-0.46482,0.88525,4.3
-0.51119,0.78781,4.1851
-0.50633,0.70414,4.0641
-0.50745,0.61928,3.9387
-0.54372,0.50587,3.8064
-0.5497,0.40665,3.6673
-0.5411,0.32292,3.5243
-0.57438,0.234,3.3766
-0.61851,0.15766,3.2257
-0.65104,0.066613,3.0726
-0.68357,-0.058394,2.913
-0.74565,-0.16402,2.7467
-0.77294,-0.29761,2.5737
-0.74041,-0.40966,2.3933
-0.68133,-0.5191,2.2099
-0.5497,-0.64114,2.0196
-0.41845,-0.73438,1.8276
-0.28608,-0.89055,1.6296
-0.16903,-0.95342,1.4291
-0.094246,-1.1338,1.2266
-0.018336,-1.2076,1.0174
-0.021328,-1.3426,0.81375
-0.058348,-1.4875,0.59518
-0.058348,-1.4774,0.39068
-0.0576,-1.8842,0.16309
-0.019084,-0.94509,-0.026634
0.085618,0.12561,-0.037225
0.17349,-0.17314,-0.020552
0.261,-0.068261,-0.030675
0.33915,-0.058622,-0.023158
0.35523,-0.093589,-0.027979
0.38402,-0.02574,-0.024774
0.39337,-0.083253,-0.026326
0.36084,-0.028938,-0.026454
0.35186,-0.061565,-0.025374
0.32943,-0.038168,-0.02717
0.27483,-0.043967,-0.025737
0.26473,-0.042779,-0.026911
0.24155,-0.032477,-0.026495
0.18097,-0.040886,-0.026866
0.14807,-0.028739,-0.027046
0.073278,-0.038115,-0.027365
-0.002257,-0.033437,-0.027668
-0.058348,-0.034587,-0.027398
-0.1208,-0.037872,-0.028673
-0.10098,-0.039521,-0.029805
-0.071062,-0.031386,-0.030315
-0.038155,-0.032458,-0.031208
0.009709,-0.030595,-0.032115
0.050468,-0.024982,-0.032216
0.1017,-0.031892,-0.03318
0.088236,-0.022148,-0.033195
0.076644,-0.034707,-0.033543
0.056451,-0.014579,-0.034102
-0.0089879,-0.035731,-0.033884
-0.065827,-0.02394,-0.035553
-0.099855,-0.015779,-0.033813
-0.095368,-0.045643,-0.036404
-0.076671,0.0095534,-0.034593
-0.039651,-0.064081,-0.036273
0.027658,0.032955,-0.036902
0.05159,-0.068134,-0.034323
0.069539,0.010341,-0.040434
0.10581,-0.011257,-0.030581
0.064304,-0.10113,-0.045721
0.10282,0.2327,-0.022165
0.046729,-1.8738,-0.10264
0.072157,-3.5329,-0.46626
0.21351,-2.8954,-0.84157
0.11591,-3.0418,-1.1716
0.40571,-2.9834,-1.5116
0.59679,-2.8992,-1.8134
0.54033,-2.9459,-2.1086
0.78339,-2.854,-2.3807
0.68242,-2.9405,-2.6437
0.5923,-2.8755,-2.8947
0.66298,-2.8973,-3.1291
0.59978,-2.8668,-3.3533
0.62334,-2.8689,-3.5621
0.64989,-2.885,-3.7645
0.72206,-2.847,-3.9544
0.68093,-2.8136,-4.1301
0.69252,-2.7424,-4.2894
0.654,-2.7034,-4.4326
0.49695,-2.654,-4.5626
0.50779,-2.6005,-4.6783
0.37355,-2.5417,-4.7802
0.36794,-2.4683,-4.867
0.42777,-2.4062,-4.9394
0.45021,-2.3417,-4.9997
0.55753,-2.2712,-5.0471
0.56052,-2.2016,-5.0818
0.61998,-2.1269,-5.1044
0.56389,-2.0442,-5.1147
0.44759,-1.9635,-5.1135
0.31185,-1.8907,-5.1017
0.1002,-1.8215,-5.0805
-0.089011,-1.7467,-5.0505
-0.31487,-1.6654,-5.0113
-0.41583,-1.5861,-4.9635
-0.47865,-1.5047,-4.9071
-0.51941,-1.4151,-4.8419
-0.49586,-1.3251,-4.7682
-0.47043,-1.2364,-4.6861
-0.47529,-1.1439,-4.5966
-0.52278,-1.0535,-4.4998
-0.4966,-0.96439,-4.3961
-0.51979,-0.87244,-4.2865
-0.53998,-0.78472,-4.1705
-0.51792,-0.69313,-4.0491
-0.55269,-0.58692,-3.9211
-0.57363,-0.48436,-3.7853
-0.57438,-0.39967,-3.6453
-0.59757,-0.31268,-3.5015
-0.6402,-0.21652,-3.3527
-0.65665,-0.13912,-3.2007
-0.68357,-0.035135,-3.0452
-0.74452,0.084706,-2.8828
-0.79875,0.19448,-2.7147
-0.77332,0.33823,-2.5388
-0.71274,0.43332,-2.3572
-0.62,0.56095,-2.1711
-0.45248,0.66212,-1.9791
-0.30926,0.78494,-1.7857
-0.16455,0.91207,-1.5848
-0.063583,0.99587,-1.3854
-0.016467,1.1818,-1.178
0.03925,1.2089,-0.97173
0.03065,1.4356,-0.76274
0.0011084,1.4327,-0.5454
0.014196,1.6404,-0.34003
0.023545,1.734,-0.1042
0.046355,0.34178,0.018878
0.12526,-0.093376,-0.005537
0.22098,0.19312,-0.0034037
0.30213,-0.0097915,-0.0016566
0.3485,0.095016,-0.0048321
0.38253,0.026251,-0.0011767
0.40982,0.037169,-0.0051283
0.40795,0.046612,-0.0015441
0.38066,0.010926,-0.0038048
0.35747,0.039917,-0.0025414
0.3197,0.0059656,-0.0022752
0.26361,0.027305,-0.0025789
0.27296,0.015158,-0.0016003
0.22323,0.019848,-0.0021627
0.13834,0.018094,-0.0011617
0.093471,0.01244,-0.0014541
0.009335,0.015338,-0.00095923
-0.041894,0.010794,-0.00068179
-0.1092,0.017216,-0.00050558
-0.13388,0.019799,0.0009341
-0.095742,0.014341,0.0017664
-0.096489,0.0095009,0.0024075
-0.03479,0.011792,0.0038322
0.03065,0.0036749,0.0040122
0.074774,0.013846,0.0044808
0.11553,0.0013281,0.0050582
0.099828,0.0079601,0.004897
0.072157,0.0085187,0.0064191
0.038502,-0.0023422,0.0055793
-0.019832,0.023605,0.0072964
-0.071062,-0.02421,0.0066853
-0.098733,0.021888,0.0070602
-0.1107,-0.023993,0.0084249
-0.066948,0.015439,0.0061117
-0.023572,0.0072402,0.010869
0.021301,-0.028327,0.0052569
0.060565,0.063153,0.0116
0.079635,-0.10542,0.0061379
0.097211,0.16717,0.010318
0.092349,-0.25527,0.010749
0.11329,0.66015,0.0047508
0.10918,3.245,0.26018
0.23557,3.2278,0.66407
0.28081,2.8907,0.99754
0.30325,3.1011,1.3413
0.49845,2.8712,1.6592
0.40608,2.9553,1.9571
0.45956,2.8703,2.2422
0.59904,2.9191,2.5068
0.52088,2.9116,2.7664
0.60128,2.8871,3.0071
0.61885,2.8826,3.2387
0.60651,2.8478,3.4546
0.63606,2.8828,3.6602
0.69551,2.8377,3.8562
0.73104,2.8309,4.0388
0.69962,2.7864,4.209
0.70449,2.7273,4.3619
0.60539,2.6707,4.4986
0.56501,2.6167,4.6211
0.47638,2.5745,4.7313
0.41094,2.4916,4.8264
0.45096,2.4382,4.9074
0.43375,2.364,4.975
0.5306,2.2765,5.029
0.55902,2.2233,5.0707
0.56837,2.1459,5.0995
0.55902,2.0705,5.116
0.46143,1.9911,5.1211
0.34924,1.9096,5.1146
0.14134,1.8454,5.0981
-0.045634,1.7695,5.0731
-0.25691,1.6835,5.0392
-0.42481,1.6014,4.9963
-0.48987,1.5277,4.9449
-0.53848,1.4394,4.8848
-0.5598,1.3487,4.8159
-0.54895,1.2601,4.7383
-0.52427,1.1657,4.653
-0.54185,1.0861,4.5604
-0.51567,0.99283,4.4606
-0.52353,0.90309,4.3546
-0.55419,0.81229,4.2424
-0.54148,0.71355,4.1231
-0.5583,0.63949,3.9992
-0.57663,0.53557,3.8693
-0.59121,0.4338,3.7319
-0.58897,0.34987,3.5904
-0.63309,0.24954,3.4445
-0.66675,0.17249,3.2942
-0.68282,0.094746,3.1419
-0.74078,-0.02613,2.9845
-0.77407,-0.13861,2.8195
-0.78641,-0.26076,2.6489
-0.75761,-0.38808,2.4701
-0.6903,-0.47985,2.2872
-0.56653,-0.61314,2.0991
-0.40574,-0.69691,1.9069
-0.27972,-0.84223,1.712
-0.15295,-0.93504,1.5103
-0.040399,-1.0567,1.3104
0.00073447,-1.2152,1.1008
0.015318,-1.2534,0.89619
0.0085872,-1.4893,0.68229
-0.023198,-1.4269,0.46947
-0.0067443,-1.774,0.25763
0.016814,-1.5147,0.028202
0.070287,-0.091332,-0.049091
0.14171,-0.025575,-0.020162
0.2337,-0.16956,-0.029532
0.3369,-0.0086631,-0.025531
0.33055,-0.12182,-0.025955
0.34438,-0.024705,-0.026911
0.37168,-0.078792,-0.024751
0.35074,-0.044339,-0.027605
0.34476,-0.042633,-0.024984
0.30736,-0.059488,-0.027196
0.24679,-0.027686,-0.026169
0.23594,-0.050836,-0.026611
0.22173,-0.035094,-0.027057
0.14807,-0.039667,-0.026645
0.090854,-0.031806,-0.027406
0.045233,-0.034625,-0.027248
-0.036659,-0.034168,-0.027807
-0.10135,-0.033369,-0.027893
-0.13912,-0.037823,-0.028429
-0.14884,-0.033272,-0.029487
-0.093872,-0.033392,-0.030405
-0.040773,-0.034666,-0.031181
0.021301,-0.027367,-0.032227
0.094219,-0.025897,-0.032478
0.12638,-0.033755,-0.033056
0.13797,-0.019093,-0.033217
0.12675,-0.033744,-0.033858
0.11366,-0.014392,-0.03505
0.056825,-0.024986,-0.034436
-0.002631,-0.026823,-0.036276
-0.012353,-0.0090904,-0.034758
-0.043016,-0.04796,-0.036846
-0.03105,0.016841,-0.035766
-0.013101,-0.060478,-0.036246
0.027284,0.018064,-0.038545
0.094219,-0.048369,-0.034214
0.093471,-0.019959,-0.041473
0.12825,0.033772,-0.031552
0.12713,-0.15072,-0.044918
0.1548,0.29255,-0.02756
0.10768,-1.4948,-0.075358
0.10805,-3.5074,-0.41268
0.25015,-2.9606,-0.79985
0.16639,-3,-1.129
0.39973,-3.0303,-1.472
0.61661,-2.8889,-1.7782
0.56239,-2.9685,-2.0751
0.80208,-2.8602,-2.3509
0.74412,-2.9463,-2.6146
0.62259,-2.8913,-2.8688
0.71683,-2.9041,-3.1051
0.65849,-2.8849,-3.3323
0.65887,-2.8686,-3.5433
0.69476,-2.894,-3.747
0.75759,-2.8548,-3.9395
0.74338,-2.8325,-4.1185
0.74936,-2.7676,-4.2818
0.73141,-2.717,-4.4285
0.57249,-2.6686,-4.5614
0.5665,-2.6166,-4.6799
0.46442,-2.5586,-4.785
0.43749,-2.4893,-4.8757
0.46217,-2.4301,-4.9526
0.46105,-2.362,-5.0167
0.60764,-2.2884,-5.0676
0.58071,-2.2172,-5.1058
0.59417,-2.1382,-5.1317
0.57211,-2.0559,-5.1453
0.436,-1.9802,-5.1471
0.30774,-1.9031,-5.1384
0.089732,-1.8299,-5.1196
-0.11743,-1.7599,-5.092
-0.32534,-1.6836,-5.0563
-0.41658,-1.6027,-5.0119
-0.48277,-1.519,-4.9587
-0.53624,-1.4324,-4.8964
-0.49137,-1.3394,-4.8255
-0.48052,-1.2487,-4.7462
-0.49025,-1.159,-4.6587
-0.53288,-1.067,-4.5641
-0.53549,-0.97964,-4.4624
-0.53923,-0.89077,-4.3546
-0.5785,-0.80079,-4.2404
-0.56728,-0.71278,-4.1206
-0.58448,-0.60784,-3.9951
-0.6129,-0.50251,-3.8613
-0.58784,-0.42112,-3.7224
-0.59981,-0.33367,-3.5799
-0.63683,-0.23449,-3.4324
-0.62973,-0.15185,-3.2815
-0.65141,-0.065326,-3.1274
-0.7262,0.054901,-2.9672
-0.75836,0.16225,-2.801
-0.70526,0.29767,-2.6279
-0.65179,0.41137,-2.4463
-0.55569,0.52129,-2.2615
-0.39265,0.64956,-2.0703
-0.26701,0.72569,-1.8774
-0.138,0.88108,-1.679
-0.023198,0.94563,-1.4773
0.028406,1.1145,-1.2746
0.047103,1.2096,-1.0642
0.031397,1.3279,-0.8595
-0.0067443,1.4935,-0.64
-0.0078661,1.4651,-0.43365
0.0082132,1.8825,-0.20745
0.012327,1.0273,-0.0087238
0.090854,-0.13345,0.0098271
0.17798,0.14199,-0.009856
0.26473,0.069616,0.0016015
0.3384,0.033611,-0.0059006
0.33541,0.080803,-0.0013229
0.35972,0.0067829,-0.0038273
0.36458,0.067461,-0.0027851
0.33541,0.0066554,-0.0022339
0.31596,0.044138,-0.0036961
0.27483,0.023189,-0.0016153
0.24155,0.021007,-0.0028713
0.21799,0.02771,-0.0016153
0.19556,0.01472,-0.0018703
0.15106,0.020905,-0.0014729
0.077766,0.0037012,-0.0011917
0.037754,0.013205,-0.00097048
-0.012727,0.0082262,-0.00056557
-0.10135,0.015567,-0.00057307
-0.11033,0.017767,0.00048795
-0.077793,0.012628,0.0014627
-0.053861,0.016706,0.0023363
0.028406,0.014652,0.0032248
0.096089,0.0099845,0.0040984
0.13909,0.0097071,0.0043533
0.17013,0.011012,0.0052269
0.15106,0.0013618,0.0051669
0.11965,0.016107,0.0059955
0.071035,-0.0031932,0.0065504
0.011953,0.012927,0.0060555
-0.051617,-0.0029683,0.0077238
-0.081532,0.0009869,0.0061342
-0.087889,0.021801,0.0089348
-0.054982,-0.030928,0.0068878
0.0022302,0.053387,0.0087136
0.044111,-0.05653,0.009051
0.10132,0.055816,0.0067978
0.10245,-0.034524,0.01259
0.11479,-0.0063199,0.0029849
0.094967,0.077425,0.018356
0.083749,-0.24974,-0.0060918
0.066548,1.9436,0.08024
0.10731,3.5635,0.44668
0.24866,2.8766,0.81884
0.21351,3.0464,1.1487
0.37542,2.9746,1.4881
0.47564,2.8918,1.7896
0.3814,2.9313,2.0848
0.53023,2.8441,2.3569
0.52425,2.9336,2.6198
0.53509,2.8612,2.8707
0.63456,2.8864,3.1055
0.61698,2.8513,3.3294
0.6282,2.8513,3.5387
0.66821,2.8456,3.7408
0.74898,2.8183,3.9298
0.70374,2.7982,4.1064
0.72318,2.7042,4.2673
0.71683,2.6692,4.4109
0.57436,2.6179,4.5404
0.53958,2.5605,4.656
0.41169,2.5017,4.7578
0.38028,2.4237,4.8453
0.40721,2.3648,4.9191
0.43375,2.2927,4.9795
0.53472,2.2197,5.0275
0.53659,2.1453,5.0625
0.55454,2.063,5.0853
0.5063,1.9887,5.0964
0.40421,1.9074,5.0954
0.23407,1.8316,5.0841
0.034763,1.7593,5.0637
-0.14921,1.6788,5.0344
-0.38293,1.6114,4.9964
-0.47828,1.5278,4.9501
-0.54522,1.4411,4.8949
-0.56129,1.3609,4.831
-0.49548,1.2576,4.7584
-0.47267,1.1716,4.6773
-0.48539,1.0904,4.5882
-0.52577,0.99773,4.4922
-0.51754,0.91362,4.3895
-0.5598,0.82216,4.2804
-0.60018,0.7254,4.1645
-0.58971,0.64178,4.0427
-0.62075,0.547,3.9159
-0.64319,0.43562,3.7821
-0.62337,0.35048,3.6424
-0.59794,0.269,3.4984
-0.6301,0.17859,3.35
-0.63608,0.10192,3.1989
-0.66375,-0.0030845,3.0443
-0.72097,-0.11964,2.8828
-0.70339,-0.22226,2.7149
-0.6989,-0.35925,2.5395
-0.6488,-0.45501,2.3584
-0.54185,-0.58034,2.1731
-0.40088,-0.68614,1.981
-0.25205,-0.79125,1.7879
-0.13164,-0.92927,1.5871
-0.014971,-0.99871,1.3871
0.0078393,-1.1898,1.1815
0.029902,-1.2233,0.97362
0.024667,-1.422,0.76682
-0.035538,-1.4663,0.5478
-0.023198,-1.5825,0.34381
-0.028433,-1.8395,0.1081
0.016814,-0.57014,-0.042582
0.1189,0.11278,-0.02714
0.19668,-0.21153,-0.022926
0.30437,-0.022381,-0.027871
0.33877,-0.094403,-0.022299
0.34513,-0.057854,-0.027215
0.37206,-0.04555,-0.023038
0.33429,-0.074274,-0.026247
0.29839,-0.022594,-0.024526
0.27782,-0.064673,-0.024995
0.22771,-0.033058,-0.025681
0.17424,-0.048013,-0.024751
0.16676,-0.036957,-0.025925
0.14919,-0.034175,-0.02522
0.09048,-0.039262,-0.026139
0.059069,-0.034584,-0.025914
0.003726,-0.037819,-0.026236
-0.05573,-0.026917,-0.026487
-0.073679,-0.031187,-0.026551
-0.10247,-0.035982,-0.02777
-0.090133,-0.035656,-0.028954
-0.028433,-0.033433,-0.029715
0.046355,-0.033092,-0.030656
0.10693,-0.021575,-0.031148
0.14657,-0.028791,-0.031395
0.15966,-0.024131,-0.032355
0.13797,-0.022422,-0.03189
0.11628,-0.030658,-0.033183
0.063182,-0.011029,-0.032831
0.0078393,-0.042802,-0.033629
-0.038903,-0.0043179,-0.034391
-0.08228,-0.03927,-0.033176
-0.070688,-0.017481,-0.035785
-0.026189,-0.0093941,-0.032865
0.01457,-0.049973,-0.037067
0.0744,0.034256,-0.033393
0.10207,-0.1008,-0.036539
0.13573,0.082682,-0.036164
0.1447,-0.13216,-0.032643
0.11366,0.10131,-0.043464
0.11853,-0.16973,-0.018828
0.023919,-2.7736,-0.2022
0.13984,-3.3862,-0.60447
0.18322,-2.8303,-0.95085
0.15704,-3.1041,-1.289
0.51266,-2.8926,-1.6159
0.54968,-2.9454,-1.9134
0.6297,-2.8942,-2.2035
0.81368,-2.8812,-2.4695
0.64054,-2.9211,-2.731
0.68654,-2.8616,-2.975
0.70112,-2.8911,-3.2072
0.62484,-2.8436,-3.4257
0.67495,-2.8716,-3.6326
0.72057,-2.8576,-3.832
0.76731,-2.8241,-4.0174
0.72019,-2.7755,-4.189
0.73889,-2.7101,-4.3432
0.62858,-2.6696,-4.4829
0.52687,-2.6129,-4.6088
0.4891,-2.5565,-4.721
0.34177,-2.4879,-4.8187
0.39,-2.4171,-4.9016
0.37318,-2.3541,-4.9715
0.4188,-2.2842,-5.0285
0.51453,-2.2098,-5.0729
0.5164,-2.1363,-5.1047
0.55753,-2.0578,-5.1243
0.44497,-1.9787,-5.1322
0.33728,-1.8994,-5.1288
0.17611,-1.8252,-5.1152
-0.033668,-1.7558,-5.0929
-0.2169,-1.677,-5.0614
-0.40349,-1.5941,-5.0205
-0.46631,-1.516,-4.9714
-0.50633,-1.4319,-4.9139
-0.50595,-1.344,-4.8476
-0.48052,-1.2541,-4.7726
-0.48875,-1.1593,-4.6896
-0.50333,-1.0724,-4.5988
-0.50371,-0.98192,-4.5002
-0.52016,-0.89222,-4.3955
-0.55531,-0.80361,-4.2843
-0.57251,-0.71332,-4.1668
-0.57625,-0.62277,-4.0441
-0.58635,-0.51171,-3.9136
-0.61178,-0.42221,-3.7765
-0.57737,-0.34592,-3.6364
-0.58373,-0.24721,-3.4918
-0.60467,-0.16476,-3.3419
-0.60318,-0.082515,-3.1894
-0.65029,0.036183,-3.0324
-0.67647,0.14122,-2.8678
-0.68731,0.26264,-2.6978
-0.63459,0.39442,-2.5194
-0.57775,0.48791,-2.3362
-0.47267,0.62272,-2.148
-0.29318,0.69922,-1.955
-0.20082,0.84457,-1.7592
-0.076671,0.9365,-1.5564
0.022049,1.0476,-1.3553
0.054582,1.2233,-1.1449
0.072157,1.2445,-0.93926
0.011579,1.4869,-0.72506
-0.0097358,1.4274,-0.51
-0.00076128,1.7452,-0.29886
0.00036053,1.5679,-0.066116
0.047103,0.11745,0.020381
0.12451,-0.011928,-0.0088362
0.23332,0.16994,-1.8189e-05
0.31335,-0.010388,-0.0028713
0.32643,0.10572,-0.0032237
0.34476,0.0084662,-0.0014016
0.34924,0.053814,-0.0040036
0.32905,0.031635,-0.00079052
0.30213,0.023087,-0.0032875
0.26773,0.037487,-0.0015291
0.21949,0.013235,-0.0021515
0.16975,0.028422,-0.001769
0.17499,0.0044772,-0.0013266
0.14694,0.021273,-0.0015029
0.09908,0.0094447,-0.00076052
0.076644,0.014056,-0.00090674
0.019431,0.013677,-0.00033687
-0.034042,0.0046234,-0.00032187
-0.061339,0.017685,0.00059293
-0.046382,0.018888,0.0017852
-0.025441,0.014,0.0023775
0.024293,0.014108,0.003446
0.099828,0.012699,0.0045858
0.13012,0.0055157,0.0045558
0.17088,0.013734,0.0053206
0.17985,0.0012193,0.0055456
0.15293,0.014768,0.006063
0.11927,-0.00075264,0.0070752
0.052338,0.0056844,0.0062392
-0.013849,0.012744,0.00832
-0.056852,-0.010729,0.0068128
-0.063209,0.030597,0.0087286
-0.045634,-0.031716,0.0078926
-0.030676,0.044678,0.007915
0.024293,-0.029961,0.010656
0.09048,0.020054,0.0060367
0.1002,0.015117,0.013745
0.13872,-0.059548,0.0039484
0.12152,0.14575,0.016189
0.096089,-0.31387,0.0011778
0.082627,1.3794,0.040297
0.095341,3.5264,0.36794
0.24604,3.0142,0.75764
0.22697,2.9769,1.0867
0.32494,3.0329,1.4306
0.47227,2.8735,1.7384
0.3814,2.9627,2.0356
0.49845,2.8324,2.3135
0.55155,2.9023,2.578
0.53734,2.8723,2.8332
0.63344,2.8735,3.0706
0.63045,2.858,3.2989
0.62259,2.8404,3.5111
0.66373,2.8538,3.7157
0.76394,2.8147,3.9087
0.74973,2.8036,4.0888
0.74487,2.7367,4.2547
0.73777,2.6673,4.4034
0.59455,2.6199,4.5372
0.55342,2.5628,4.6568
0.43375,2.4984,4.7635
0.37056,2.4391,4.8558
0.39674,2.3693,4.9337
0.39337,2.2959,4.9981
0.47003,2.23,5.0498
0.47638,2.1555,5.089
0.50069,2.0736,5.1156
0.4719,1.9892,5.1301
0.3728,1.9143,5.1331
0.24791,1.829,5.1249
0.060939,1.7502,5.1072
-0.1092,1.6928,5.0809
-0.33431,1.6123,5.0461
-0.45697,1.5283,5.0022
-0.50782,1.4501,4.9492
-0.55942,1.3561,4.8879
-0.5325,1.272,4.8178
-0.50371,1.1885,4.7395
-0.48651,1.0969,4.6537
-0.5168,1.0099,4.5606
-0.51231,0.92185,4.4598
-0.53437,0.83578,4.3527
-0.5856,0.73693,4.2393
-0.57176,0.65217,4.1189
-0.59495,0.56748,3.9942
-0.61477,0.45512,3.8626
-0.59009,0.36638,3.7236
-0.59233,0.27941,3.5807
-0.60056,0.19064,3.4333
-0.57924,0.11519,3.2827
-0.61888,0.024786,3.1293
-0.66001,-0.092457,2.9698
-0.66749,-0.20185,2.803
-0.66936,-0.32677,2.6299
-0.60168,-0.43729,2.4496
-0.52465,-0.53483,2.2657
-0.40985,-0.66513,2.0753
-0.27822,-0.74649,1.8822
-0.16305,-0.89792,1.6845
-0.044138,-0.9724,1.4819
0.0026042,-1.1257,1.2797
0.022797,-1.2364,1.0683
0.030276,-1.3141,0.86365
-0.02245,-1.5203,0.64506
-0.050869,-1.45,0.43524
-0.019458,-1.8637,0.21489
-1.3407e-05,-1.2662,-0.000873
0.08674,0.050091,-0.043295
0.17686,-0.10904,-0.018014
0.22958,-0.1217,-0.029535
0.32008,-0.026939,-0.022686
0.31522,-0.11125,-0.02576
0.32793,-0.021016,-0.024568
0.37318,-0.089882,-0.024444
0.30961,-0.029815,-0.026026
0.26735,-0.051713,-0.023814
0.23108,-0.047293,-0.026124
0.18247,-0.031356,-0.024579
0.18322,-0.050881,-0.025385
0.15816,-0.028087,-0.025344
0.10432,-0.048103,-0.025573
0.0744,-0.04035,-0.026187
0.034015,-0.031836,-0.02588
-0.013475,-0.030224,-0.026487
-0.040773,-0.028825,-0.02651
-0.067322,-0.037096,-0.027222
-0.047504,-0.037962,-0.028609
-0.014223,-0.032994,-0.029423
0.033641,-0.035412,-0.03045
0.11067,-0.022414,-0.031031
0.14358,-0.027712,-0.031125
0.17462,-0.033774,-0.032478
0.18583,-0.018294,-0.032059
0.15928,-0.033103,-0.032868
0.11217,-0.010635,-0.033067
0.034015,-0.033894,-0.032981
-0.014223,-0.012689,-0.034274
-0.036285,-0.025534,-0.032688
-0.045634,-0.028844,-0.035729
-0.019458,0.0064755,-0.033
0.01644,-0.067245,-0.036059
0.074774,0.043216,-0.034743
0.10432,-0.085596,-0.034447
0.13834,0.048097,-0.038297
0.15517,-0.067474,-0.030214
0.10693,-0.026066,-0.045293
0.12488,0.10933,-0.01783
0.021301,-2.2934,-0.14123
0.077018,-3.4999,-0.52792
0.18808,-2.8407,-0.89027
0.12563,-3.0815,-1.2238
0.44385,-2.9364,-1.5596
0.5579,-2.9153,-1.8595
0.57697,-2.923,-2.1539
0.80021,-2.8588,-2.4241
0.65288,-2.9175,-2.6879
0.64353,-2.855,-2.9367
0.69888,-2.8943,-3.1717
0.63381,-2.844,-3.3952
0.66261,-2.8546,-3.6042
0.7071,-2.8563,-3.8066
0.79498,-2.8248,-3.996
0.71683,-2.7872,-4.1721
0.73403,-2.7155,-4.3316
0.69476,-2.674,-4.4756
0.54594,-2.6159,-4.6058
0.53397,-2.5638,-4.7218
0.37692,-2.5007,-4.825
0.35485,-2.4247,-4.9132
0.39113,-2.3602,-4.9871
0.40347,-2.2923,-5.0483
0.46853,-2.219,-5.0967
0.46666,-2.1436,-5.1325
0.49882,-2.0634,-5.1563
0.44161,-1.9816,-5.1679
0.33279,-1.9029,-5.1676
0.17536,-1.8288,-5.1573
-0.0048746,-1.7571,-5.138
-0.18586,-1.6798,-5.1092
-0.38966,-1.6022,-5.0721
-0.46631,-1.523,-5.0261
-0.51343,-1.4347,-4.9709
-0.52839,-1.3461,-4.9073
-0.51007,-1.2591,-4.835
-0.49324,-1.1674,-4.7543
-0.49361,-1.0782,-4.6657
-0.51829,-0.98937,-4.5699
-0.49922,-0.90061,-4.4675
-0.55157,-0.81563,-4.3584
-0.58149,-0.72311,-4.2431
-0.54148,-0.63456,-4.1223
-0.5699,-0.53017,-3.9945
-0.59084,-0.42636,-3.8589
-0.5583,-0.3588,-3.7195
-0.54895,-0.2685,-3.5764
-0.56242,-0.16646,-3.4278
-0.56279,-0.093035,-3.2759
-0.58448,0.0031201,-3.1206
-0.62225,0.12505,-2.9581
-0.62823,0.23159,-2.7894
-0.59719,0.36798,-2.6135
-0.54858,0.4656,-2.4306
-0.43827,0.57907,-2.2444
-0.29542,0.69241,-2.0513
-0.20381,0.78832,-1.8569
-0.081906,0.93755,-1.6553
0.028406,0.99804,-1.4526
0.044111,1.1894,-1.2463
0.06206,1.2323,-1.0354
0.057199,1.3941,-0.82838
-0.002257,1.503,-0.60649
0.015318,1.5402,-0.40025
0.034015,1.8873,-0.16584
0.020553,0.75371,0.0078626
0.11441,-0.15236,0.0039034
0.21164,0.18949,-0.0068304
0.28119,0.027819,0.001339
0.30886,0.059205,-0.0054882
0.30437,0.062073,-6.3179e-05
0.3399,0.017636,-0.0041873
0.32195,0.06427,-0.0015741
0.27446,0.0020854,-0.0022264
0.26698,0.045795,-0.0024589
0.23557,0.016748,-0.00094423
0.18396,0.02233,-0.0021215
0.1892,0.019177,-0.00073428
0.18135,0.011792,-0.0013941
0.126,0.024051,-0.00067054
0.083375,0.014386,-0.00047934
0.051964,0.014828,-0.00041935
0.0074654,0.010089,-0.00015691
-0.042268,0.017336,0.00022926
-0.047504,0.020358,0.001369
-0.024319,0.016204,0.00246
0.019805,0.015349,0.0034123
0.085618,0.014843,0.0042034
0.13049,0.00089318,0.0047695
0.17499,0.011375,0.0051969
0.21051,0.0095309,0.0060217
0.19593,0.0062055,0.0057255
0.14358,0.016602,0.0070077
0.09908,-0.0045991,0.0066591
0.044485,0.024497,0.0074614
-0.016467,-0.014002,0.008305
-0.039277,0.018727,0.007199
-0.050869,-0.002046,0.0096134
-0.029181,-0.0090529,0.0068615
0.015692,0.03129,0.010993
0.087488,-0.054037,0.0072552
0.11179,0.08297,0.010476
0.10656,-0.098396,0.01009
0.129,0.11537,0.0066103
0.088236,-0.12006,0.017378
0.083375,0.15795,-0.0071641
0.055703,2.7971,0.17636
0.15181,3.418,0.57837
0.24529,2.827,0.92395
0.23632,3.0959,1.2627
0.44871,2.8848,1.5909
0.4188,2.9329,1.8891
0.39075,2.8821,2.1804
0.54182,2.8447,2.4473
0.47489,2.8903,2.7101
0.53135,2.8423,2.9554
0.59081,2.853,3.1884
0.60352,2.8111,3.4078
0.63718,2.839,3.6156
0.68504,2.8052,3.8156
0.7703,2.7792,4.0014
0.71608,2.7448,4.1751
0.73851,2.6699,4.3309
0.6641,2.6176,4.4714
0.5508,2.5546,4.5982
0.48648,2.5056,4.7106
0.3399,2.4447,4.8103
0.34625,2.3645,4.8951
0.3399,2.2965,4.9653
0.4016,2.2264,5.0236
0.45432,2.1472,5.0687
0.42927,2.0716,5.1007
0.46479,1.9957,5.1212
0.38851,1.9079,5.1299
0.27894,1.8283,5.1264
0.13498,1.7636,5.1129
-0.019458,1.6868,5.0912
-0.224,1.6085,5.0605
-0.40013,1.5335,5.0207
-0.45547,1.4527,4.9724
-0.52727,1.362,4.9152
-0.51231,1.2717,4.8489
-0.47716,1.1868,4.7742
-0.44837,1.0979,4.6917
-0.45884,1.013,4.6016
-0.48576,0.9201,4.504
-0.46931,0.83771,4.4
-0.53437,0.74938,4.2899
-0.54933,0.64931,4.1723
-0.53475,0.57314,4.0499
-0.55942,0.47373,3.9218
-0.54596,0.3718,3.7855
-0.52128,0.28807,3.6446
-0.51642,0.20228,3.4994
-0.52091,0.12508,3.35
-0.50894,0.041705,3.1981
-0.52465,-0.069063,3.0417
-0.57887,-0.1787,2.8779
-0.59458,-0.28969,2.7076
-0.56952,-0.42591,2.5291
-0.52203,-0.51289,2.3459
-0.41621,-0.63866,2.1584
-0.28196,-0.72961,1.9648
-0.15632,-0.84723,1.77
-0.059096,-0.96923,1.5675
0.0048478,-1.0554,1.3664
0.041868,-1.2376,1.157
0.062808,-1.2593,0.94916
0.04972,-1.4808,0.73769
-0.0093619,-1.4642,0.51892
0.0048478,-1.6829,0.31164
0.003352,-1.746,0.073645
0.010831,-0.33905,-0.046684
0.12488,0.060772,-0.021145
0.2079,-0.21043,-0.024137
0.27483,-0.0048128,-0.024976
0.28455,-0.11415,-0.021763
0.29241,-0.039626,-0.025333
0.32643,-0.062165,-0.02167
0.29465,-0.063519,-0.025175
0.26025,-0.026805,-0.022599
0.23893,-0.06383,-0.023833
0.2064,-0.028087,-0.023964
0.16863,-0.05027,-0.023777
0.16676,-0.034884,-0.02447
0.1548,-0.036529,-0.023938
0.10918,-0.033515,-0.024815
0.080383,-0.03064,-0.024609
0.034015,-0.035037,-0.025314
-0.014223,-0.025894,-0.02519
-0.045634,-0.035708,-0.025629
-0.046382,-0.036012,-0.026862
-0.023572,-0.029822,-0.027496
0.011953,-0.033875,-0.028497
0.088236,-0.031273,-0.029584
0.14059,-0.022092,-0.02982
0.18022,-0.035678,-0.030248
0.20341,-0.024536,-0.030851
0.19481,-0.029324,-0.031028
0.15293,-0.020776,-0.032055
0.089358,-0.016768,-0.031384
0.044485,-0.036342,-0.033026
-0.01011,0.00079945,-0.032051
-0.035538,-0.047473,-0.032973
-0.040025,0.0072402,-0.033641
-0.029181,-0.043495,-0.03189
0.035511,-0.009784,-0.035984
0.08861,-0.0036994,-0.030668
0.085618,-0.070713,-0.037671
0.13573,0.084387,-0.030555
0.11441,-0.18388,-0.037367
0.077766,0.26988,-0.033168
0.06206,-0.85432,-0.03751
-0.015719,-3.317,-0.3151
0.14433,-3.1247,-0.71699
0.14246,-2.894,-1.0484
0.2337,-3.0682,-1.392
0.54968,-2.8548,-1.7064
0.51602,-2.951,-2.0042
0.67943,-2.8358,-2.2869
0.72917,-2.8925,-2.5512
0.58183,-2.8699,-2.8101
0.66597,-2.8491,-3.05
0.6024,-2.8542,-3.2806
0.611,-2.8119,-3.4954
0.6727,-2.8437,-3.7019
0.74225,-2.8097,-3.8985
0.77404,-2.7787,-4.0808
0.72356,-2.7149,-4.2485
0.75534,-2.6566,-4.3991
0.56351,-2.6103,-4.5363
0.49658,-2.5507,-4.6593
0.4431,-2.4908,-4.7682
0.30475,-2.4197,-4.8632
0.35485,-2.3502,-4.9435
0.32681,-2.2833,-5.0108
0.38253,-2.2126,-5.0656
0.40459,-2.135,-5.1077
0.41543,-2.0552,-5.1374
0.42254,-1.9748,-5.1548
0.31372,-1.8959,-5.1604
0.23482,-1.8161,-5.1551
0.060191,-1.7418,-5.1398
-0.11706,-1.6699,-5.1158
-0.30216,-1.5912,-5.0828
-0.4278,-1.5135,-5.0411
-0.44986,-1.4312,-4.9907
-0.4981,-1.3466,-4.9318
-0.4966,-1.2588,-4.8639
-0.47417,-1.1622,-4.7871
-0.45472,-1.0759,-4.7026
-0.48389,-0.99076,-4.6103
-0.50633,-0.89999,-4.5111
-0.49586,-0.81214,-4.4054
-0.53587,-0.72376,-4.293
-0.55307,-0.64147,-4.1751
-0.52166,-0.54034,-4.0508
-0.53063,-0.43325,-3.9185
-0.52689,-0.35242,-3.7805
-0.48613,-0.26725,-3.6388
-0.49286,-0.17646,-3.4923
-0.49062,-0.094392,-3.3418
-0.49698,-0.008888,-3.188
-0.54148,0.10581,-3.0286
-0.58224,0.20765,-2.8624
-0.57027,0.33214,-2.69
-0.53736,0.45561,-2.5091
-0.48763,0.54444,-2.3241
-0.34516,0.68246,-2.1332
-0.22475,0.75766,-1.9389
-0.13613,0.89793,-1.7409
-0.019832,0.98242,-1.5366
0.039624,1.1158,-1.3336
0.075522,1.2502,-1.1214
0.10095,1.3069,-0.91522
0.040746,1.5296,-0.69681
0.014196,1.4506,-0.48361
0.057947,1.8347,-0.26544
0.045233,1.3904,-0.039939
0.083001,-0.010316,0.018874
0.18135,0.057196,-0.0093649
0.23744,0.13486,0.0020139
0.28568,-0.0017874,-0.0038836
0.29951,0.10211,-0.0016228
0.29428,0.0066442,-0.0015216
0.28867,0.06688,-0.0028863
0.26997,0.019979,-0.00036311
0.25314,0.031987,-0.0027626
0.21089,0.033438,-0.00039685
0.18733,0.012016,-0.0014691
0.18322,0.032786,-0.00064805
0.16265,0.012639,-0.00058056
0.15704,0.019713,-0.00063305
0.12077,0.01172,0.00010928
0.080009,0.01833,-0.00014191
0.050842,0.011964,0.00048795
-0.015719,0.013595,0.00054794
-0.049373,0.020189,0.0013952
-0.026189,0.013632,0.0026512
-0.00038735,0.016234,0.0034011
0.05159,0.017419,0.0044246
0.11366,0.0075889,0.0053919
0.1548,0.0086386,0.0054593
0.18396,0.0087286,0.0062879
0.17836,0.00019211,0.0063591
0.15293,0.01725,0.0071315
0.11179,-0.0034969,0.0073002
0.070661,0.020276,0.0076601
0.023919,-0.0052402,0.0089723
-0.022824,0.0027114,0.0071952
-0.037407,0.017779,0.01036
-0.019458,-0.022894,0.0077201
0.01831,0.047385,0.010464
0.066174,-0.059376,0.0095309
0.10207,0.068975,0.0087211
0.11292,-0.056523,0.013168
0.11815,0.037326,0.0045408
0.084123,0.022859,0.019845
0.069165,-0.15807,-0.0071753
0.032893,2.2226,0.10711
0.1189,3.5359,0.48929
0.25202,2.8526,0.85385
0.2064,3.0693,1.1874
0.36645,2.9162,1.5248
0.42927,2.8783,1.826
0.37093,2.9066,2.1219
0.50929,2.8256,2.3935
0.47751,2.8913,2.6585
0.51677,2.824,2.909
0.61138,2.8558,3.1455
0.59829,2.8064,3.3705
0.62484,2.8087,3.5806
0.66223,2.8051,3.7843
0.75235,2.768,3.9741
0.73029,2.7458,4.152
0.72804,2.6676,4.3142
0.67532,2.6094,4.4593
0.54743,2.5573,4.5907
0.48835,2.499,4.7085
0.34064,2.4317,4.8127
0.33017,2.3586,4.9024
0.32456,2.2884,4.9777
0.33055,2.224,5.0402
0.41655,2.1394,5.09
0.39449,2.0571,5.1269
0.41842,1.9959,5.152
0.38813,1.9077,5.1647
0.2853,1.826,5.1657
0.14059,1.7552,5.1566
-0.019832,1.6733,5.1375
-0.1825,1.6059,5.1102
-0.37956,1.5273,5.0742
-0.46295,1.4456,5.0289
-0.51792,1.3661,4.9755
-0.52427,1.2735,4.9131
-0.48539,1.1903,4.842
-0.47604,1.1007,4.7626
-0.46669,1.0102,4.6749
-0.49511,0.922,4.5804
-0.49623,0.83317,4.4786
-0.52128,0.75095,4.3701
-0.55569,0.65561,4.255
-0.54447,0.57635,4.134
-0.54821,0.48681,4.0081
-0.55344,0.38154,3.8743
-0.50296,0.30219,3.7351
-0.46893,0.20701,3.5916
-0.4895,0.11875,3.4427
-0.45809,0.050234,3.2912
-0.46856,-0.047874,3.1361
-0.53063,-0.16899,2.9741
-0.53736,-0.26955,2.8053
-0.53512,-0.39369,2.6298
-0.51007,-0.49597,2.447
-0.43528,-0.5994,2.2612
-0.31749,-0.72127,2.0684
-0.19184,-0.80084,1.8737
-0.086019,-0.95463,1.6731
-0.002631,-1.0208,1.4686
0.034389,-1.1871,1.2633
0.048599,-1.2653,1.0505
0.052712,-1.3799,0.84367
-0.0041267,-1.5407,0.62187
-0.019084,-1.4969,0.41285
0.018684,-1.9121,0.18462
0.009709,-1.061,-0.0165
0.094593,0.11127,-0.037049
0.19593,-0.15773,-0.016931
0.25763,-0.085327,-0.028152
0.30512,-0.048148,-0.020789
0.27932,-0.097522,-0.025089
0.28231,-0.020967,-0.022581
0.2666,-0.086894,-0.023109
0.22809,-0.02592,-0.023859
0.21612,-0.059065,-0.022566
0.18546,-0.039971,-0.024028
0.17013,-0.036901,-0.022843
0.1634,-0.043863,-0.024275
0.14769,-0.027483,-0.023889
0.13947,-0.039,-0.024144
0.1361,-0.027603,-0.024541
0.10132,-0.033763,-0.024579
0.045981,-0.02947,-0.024984
-0.00076128,-0.032593,-0.025261
-0.023572,-0.038483,-0.026247
0.0070914,-0.032758,-0.027241
0.029154,-0.033691,-0.027893
0.071783,-0.032154,-0.029127
0.13947,-0.020139,-0.029817
0.17387,-0.032094,-0.029974
0.1993,-0.024499,-0.03075
0.18995,-0.025961,-0.030578
0.14545,-0.032338,-0.031822
0.095715,-0.012989,-0.031275
0.042242,-0.038614,-0.032388
-0.0078661,0.00012838,-0.032373
-0.029555,-0.040912,-0.032002
-0.015345,-0.0041267,-0.034267
0.0026042,-0.021185,-0.031556
0.03925,-0.040327,-0.036149
0.097584,0.028246,-0.031234
0.095715,-0.095284,-0.035875
0.13273,0.093246,-0.033382
0.13273,-0.15844,-0.032981
0.10095,0.16649,-0.040067
0.088984,-0.36047,-0.021205
-0.026937,-2.9866,-0.23559
0.11292,-3.2998,-0.64185
0.13834,-2.8327,-0.98261
0.16041,-3.0939,-1.3236
0.51939,-2.8607,-1.6482
0.50106,-2.9362,-1.9471
0.61474,-2.8505,-2.2365
0.75983,-2.8609,-2.5031
0.57136,-2.8754,-2.7659
0.64241,-2.8205,-3.0103
0.64316,-2.8496,-3.2442
0.59941,-2.7953,-3.464
0.63942,-2.8222,-3.6726
0.6899,-2.8003,-3.8733
0.73552,-2.7663,-4.06
0.67121,-2.7094,-4.233
0.72655,-2.6424,-4.3888
0.59268,-2.5985,-4.5302
0.48125,-2.5405,-4.6578
0.46143,-2.485,-4.772
0.28418,-2.4137,-4.8722
0.30587,-2.3446,-4.9578
0.30774,-2.2774,-5.0307
0.32943,-2.2002,-5.0902
0.38926,-2.125,-5.1365
0.38664,-2.0502,-5.1705
0.42067,-1.9694,-5.1927
0.36046,-1.8863,-5.2025
0.25501,-1.8058,-5.2007
0.10207,-1.734,-5.1891
-0.053113,-1.6623,-5.1683
-0.21914,-1.5849,-5.1387
-0.37059,-1.5085,-5.1
-0.43976,-1.4265,-5.0525
-0.48052,-1.342,-4.9965
-0.46631,-1.2516,-4.9313
-0.45248,-1.1632,-4.8574
-0.44313,-1.0803,-4.7755
-0.46968,-0.98644,-4.686
-0.47678,-0.905,-4.5893
-0.47529,-0.82086,-4.486
-0.52876,-0.72428,-4.3761
-0.534,-0.64566,-4.2598
-0.53549,-0.55141,-4.1378
-0.53475,-0.44292,-4.0083
-0.50782,-0.3583,-3.8719
-0.4723,-0.2765,-3.7314
-0.44163,-0.19052,-3.5864
-0.42294,-0.10445,-3.4369
-0.44163,-0.018365,-3.2837
-0.48576,0.082524,-3.1261
-0.49623,0.19355,-2.9613
-0.50371,0.30064,-2.79
-0.49137,0.43561,-2.6112
-0.44163,0.52347,-2.4264
-0.35488,0.64699,-2.2379
-0.24793,0.7482,-2.043
-0.14622,0.8417,-1.847
-0.018336,0.98027,-1.6435
0.060191,1.0445,-1.4401
0.068417,1.2311,-1.2307
0.093471,1.2645,-1.0195
0.075148,1.4637,-0.80864
0.011953,1.5098,-0.58544
0.024667,1.6087,-0.37808
0.034389,1.8638,-0.13834
0.035885,0.57458,0.01586
0.13273,-0.13642,0.00036048
0.21351,0.19745,-0.004191
0.26473,0.0085599,0.0014027
0.29615,0.081208,-0.0043935
0.28044,0.045844,0.00069415
0.27034,0.030443,-0.0035237
0.23295,0.058894,-0.00032562
0.21911,0.0070828,-0.0016191
0.22248,0.050778,-0.0013416
0.17312,0.012658,-0.0006293
0.16788,0.025588,-0.0013866
0.19256,0.019717,8.0556e-06
0.18097,0.019751,-0.00046809
0.16452,0.021486,0.00020301
0.14732,0.012646,8.6788e-05
0.10581,0.017063,0.00058168
0.038876,0.011192,0.0006904
-0.013849,0.017921,0.0009416
-0.015719,0.016969,0.0020514
0.003726,0.019619,0.0029174
0.038128,0.016429,0.0039259
0.10619,0.013096,0.0046608
0.13872,0.0073002,0.0053544
0.17125,0.007094,0.005688
0.19331,0.012403,0.0066178
0.16003,0.00017337,0.0064566
0.13311,0.015975,0.0072814
0.077018,-0.0047303,0.0076189
0.020553,0.017445,0.0074764
-0.020954,0.0028014,0.0091748
-0.037781,-0.0029796,0.0072177
-0.030676,0.020635,0.010105
-0.0015092,-0.029245,0.0080425
0.053834,0.044734,0.010326
0.081131,-0.053329,0.010157
0.10357,0.059674,0.0081325
0.097958,-0.039379,0.013723
0.10245,0.010674,0.0044433
0.051964,0.057762,0.019819
0.036259,-0.21731,-0.0055707
0.029154,2.0142,0.088623
0.057947,3.5418,0.4591
0.23893,2.8576,0.82848
0.21612,3.009,1.1585
0.33466,2.9242,1.4959
0.42852,2.8556,1.7966
0.33391,2.8818,2.0912
0.48162,2.7867,2.3626
0.43263,2.8524,2.6258
0.44086,2.7829,2.876
0.56314,2.8024,3.11
0.52051,2.7554,3.3337
0.57473,2.7481,3.5446
0.64166,2.7528,3.7475
0.72131,2.6985,3.9358
0.69439,2.6476,4.1102
0.68766,2.5798,4.2671
0.64316,2.5324,4.4085
0.47975,2.4658,4.5364
0.43002,2.4111,4.6504
0.28642,2.3463,4.7512
0.23968,2.2639,4.8369
0.2509,2.1993,4.9091
0.25015,2.1261,4.9683
0.33391,2.048,5.0149
0.35485,1.9663,5.0489
0.39187,1.8869,5.07
0.33877,1.8085,5.0796
0.2595,1.7252,5.0778
0.12675,1.6587,5.066
-0.058348,1.5742,5.0452
-0.19596,1.4907,5.0156
-0.37956,1.4312,4.9773
-0.43752,1.3499,4.9302
-0.47978,1.26,4.874
-0.49286,1.1689,4.8087
-0.42668,1.0849,4.7351
-0.42817,1.0038,4.6532
-0.41808,0.91328,4.564
-0.44874,0.8287,4.4677
-0.46033,0.74337,4.3644
-0.47529,0.65237,4.2544
-0.5325,0.5638,4.1376
-0.52353,0.48016,4.0159
-0.51081,0.38177,3.8875
-0.49735,0.28874,3.7516
-0.445,0.21035,3.6115
-0.41322,0.12712,3.4667
-0.39414,0.049567,3.3179
-0.38031,-0.035131,3.1659
-0.42182,-0.15117,3.0083
-0.47604,-0.25657,2.8431
-0.5082,-0.3767,2.6711
-0.49025,-0.495,2.4908
-0.44911,-0.58022,2.3069
-0.39078,-0.70956,2.1172
-0.26962,-0.78359,1.9237
-0.16417,-0.92083,1.7271
-0.059096,-1.0058,1.5234
0.03065,-1.1302,1.3216
0.065052,-1.2692,1.1101
0.10768,-1.3127,0.90391
0.0658,-1.5413,0.68705
0.0074654,-1.4612,0.47291
0.022423,-1.8266,0.25713
0.017936,-1.4825,0.027437
0.0658,-0.05448,-0.042999
0.11179,-0.047135,-0.013988
0.18696,-0.16286,-0.024234
0.27521,-0.013214,-0.019634
0.24155,-0.12107,-0.020519
0.27782,-0.01934,-0.021066
0.29203,-0.077885,-0.019266
0.23893,-0.038378,-0.021786
0.23183,-0.042183,-0.019401
0.18359,-0.051915,-0.021535
0.15704,-0.026718,-0.020507
0.14994,-0.050573,-0.021152
0.15106,-0.026943,-0.021508
0.16751,-0.037062,-0.021355
0.1548,-0.030932,-0.021842
0.11965,-0.031262,-0.021748
0.085245,-0.029305,-0.022288
0.065426,-0.025886,-0.022337
0.0048478,-0.033556,-0.022937
-0.029928,-0.03133,-0.023634
0.009335,-0.031551,-0.024815
0.045233,-0.026943,-0.025809
0.080009,-0.028023,-0.026506
0.12376,-0.0209,-0.026956
0.14881,-0.027603,-0.027117
0.1619,-0.025841,-0.027964
0.15629,-0.021425,-0.027991
0.11366,-0.028012,-0.029172
0.069165,-0.010665,-0.028606
0.018684,-0.039128,-0.029419
-0.002631,-0.00031401,-0.029888
-0.017215,-0.035124,-0.029153
-0.026189,-0.01083,-0.031567
0.013822,-0.010403,-0.028576
0.034389,-0.045996,-0.03285
0.095341,0.036273,-0.028988
0.097211,-0.093507,-0.03252
0.10282,0.088264,-0.031436
0.1017,-0.13854,-0.029018
0.035511,0.12155,-0.038702
0.067669,-0.22831,-0.015708
-0.017215,-2.8399,-0.20776
0.070661,-3.3465,-0.61045
0.14208,-2.7988,-0.95342
0.13947,-3.0648,-1.2906
0.46143,-2.8427,-1.6161
0.49433,-2.894,-1.913
0.59679,-2.824,-2.2021
0.76245,-2.8137,-2.4683
0.59118,-2.8408,-2.73
0.6383,-2.77,-2.9727
0.63082,-2.796,-3.2038
0.58333,-2.7542,-3.423
0.6484,-2.7761,-3.6318
0.67569,-2.7384,-3.832
0.72505,-2.6874,-4.0154
0.66971,-2.6296,-4.184
0.66111,-2.563,-4.3357
0.5336,-2.5179,-4.4732
0.40907,-2.453,-4.5975
0.39225,-2.3923,-4.7075
0.24791,-2.3206,-4.8034
0.25127,-2.2513,-4.8854
0.26922,-2.1823,-4.9543
0.29353,-2.1087,-5.0104
0.34775,-2.0352,-5.0541
0.35448,-1.9502,-5.0853
0.39599,-1.866,-5.1036
0.33391,-1.7878,-5.1102
0.22136,-1.714,-5.106
0.063556,-1.6419,-5.0925
-0.075175,-1.5665,-5.07
-0.22924,-1.4895,-5.0381
-0.37358,-1.4097,-4.9974
-0.39452,-1.3254,-4.9478
-0.42107,-1.2382,-4.8893
-0.39714,-1.1508,-4.822
-0.36984,-1.0617,-4.7456
-0.35114,-0.97298,-4.6611
-0.36273,-0.88728,-4.5694
-0.39265,-0.80582,-4.4707
-0.39788,-0.72014,-4.3656
-0.44837,-0.63311,-4.2538
-0.45921,-0.54942,-4.1362
-0.45547,-0.44464,-4.0116
-0.44575,-0.34844,-3.8789
-0.42817,-0.27502,-3.7421
-0.4005,-0.18748,-3.6013
-0.35264,-0.10104,-3.4552
-0.34965,-0.022639,-3.3052
-0.37358,0.071273,-3.1513
-0.39302,0.18376,-2.9903
-0.4521,0.28273,-2.8229
-0.488,0.41843,-2.6484
-0.44575,0.52482,-2.4656
-0.40536,0.61887,-2.2796
-0.29767,0.73531,-2.0867
-0.16305,0.81841,-1.8923
-0.084523,0.96721,-1.6916
0.019057,1.025,-1.4881
0.085245,1.1981,-1.2833
0.092723,1.2709,-1.0707
0.11703,1.3891,-0.86409
0.075148,1.5392,-0.64171
0.028406,1.5058,-0.43307
0.044485,1.9196,-0.20309
0.014944,1.0059,-0.0048809
0.057947,-0.13788,0.010697
0.14134,0.15347,-0.0079177
0.21051,0.062564,0.0030411
0.25127,0.036201,-0.0045247
0.22098,0.076346,0.00042421
0.25838,0.0028202,-0.0023427
0.24866,0.069009,-0.0010267
0.20902,0.01003,-0.00086925
0.20752,0.043294,-0.001874
0.16938,0.02077,0.00015052
0.16003,0.023841,-0.0011992
0.16938,0.027695,0.000278
0.17686,0.011705,-0.00030313
0.18546,0.023638,0.00023675
0.17312,0.013951,0.0004917
0.13199,0.018881,0.00062292
0.097584,0.007049,0.0011328
0.056825,0.010142,0.0010728
0.0029781,0.013685,0.0018339
0.014944,0.014712,0.002655
0.04112,0.019664,0.0038659
0.061686,0.014356,0.0045933
0.11479,0.012564,0.0054818
0.1432,0.007289,0.0057368
0.16975,0.01436,0.0062354
0.1806,0.0037837,0.007064
0.15405,0.011034,0.0070902
0.11441,0.0049196,0.0083837
0.053834,-0.0039918,0.0074464
0.0029781,0.017044,0.009036
-0.029928,-0.016952,0.0084437
-0.040025,0.03183,0.0088786
-0.035538,-0.024233,0.010225
-0.00076128,0.022079,0.0081812
0.062434,0.0035212,0.012448
0.099828,-0.022114,0.0072327
0.069913,0.06439,0.013595
0.077018,-0.10539,0.0074352
0.072531,0.16687,0.012545
0.025788,-0.26563,0.011439
0.034015,0.70667,0.0086499
0.013822,3.25,0.26961
0.16041,3.1601,0.67199
0.21388,2.845,1.0038
0.23407,3.0352,1.3446
0.4259,2.7992,1.6598
0.3313,2.8989,1.9568
0.37953,2.7835,2.2402
0.47788,2.8183,2.5043
0.40197,2.8012,2.7632
0.51939,2.7526,3.0018
0.53509,2.767,3.231
0.51527,2.7309,3.4473
0.57697,2.744,3.6545
0.65326,2.698,3.8504
0.67532,2.6535,4.0307
0.64989,2.5853,4.1959
0.64727,2.5128,4.3437
0.47676,2.4616,4.4777
0.39561,2.4057,4.5982
0.3197,2.3196,4.7044
0.21276,2.2503,4.7957
0.23145,2.1923,4.8737
0.20603,2.1145,4.9384
0.27707,2.0455,4.9905
0.31933,1.9676,5.0307
0.35074,1.8833,5.0578
0.34999,1.8023,5.0727
0.25239,1.7209,5.0762
0.18022,1.6442,5.0692
0.009709,1.5803,5.0531
-0.14061,1.4922,5.0279
-0.29169,1.4062,4.9933
-0.40611,1.3491,4.95
-0.43004,1.2624,4.8981
-0.46669,1.171,4.837
-0.41396,1.0851,4.7672
-0.38779,0.99657,4.6892
-0.39639,0.91457,4.6031
-0.40237,0.82495,4.5095
-0.43191,0.74535,4.4094
-0.445,0.65507,4.3026
-0.49174,0.56519,4.1881
-0.5052,0.49008,4.0688
-0.47716,0.38985,3.9431
-0.47566,0.2935,3.8096
-0.445,0.20727,3.671
-0.39302,0.12778,3.5273
-0.36909,0.054309,3.3803
-0.35226,-0.026272,3.2303
-0.37096,-0.12644,3.0752
-0.42219,-0.24102,2.9125
-0.4536,-0.34414,2.7432
-0.46071,-0.47338,2.5664
-0.4435,-0.5606,2.3837
-0.3904,-0.67916,2.197
-0.29131,-0.77846,2.0031
-0.18885,-0.87757,1.8079
-0.080784,-1.0066,1.6051
0.015692,-1.0732,1.4027
0.054582,-1.2554,1.1945
0.1017,-1.2774,0.98515
0.097584,-1.4792,0.77541
0.02878,-1.5077,0.55378
0.00036053,-1.6302,0.34713
-0.021702,-1.8491,0.10834
0.0055957,-0.53078,-0.038995
0.081879,0.10964,-0.021126
0.12974,-0.21543,-0.018074
0.21537,-0.016255,-0.022768
0.25688,-0.099595,-0.017253
0.24043,-0.055147,-0.022172
0.25314,-0.044998,-0.018033
0.22734,-0.076261,-0.020924
0.21126,-0.026587,-0.019308
0.18995,-0.061262,-0.019945
0.15255,-0.027262,-0.020642
0.1447,-0.047627,-0.019683
0.14246,-0.035004,-0.020819
0.17574,-0.036394,-0.02032
0.16041,-0.03789,-0.021066
0.13161,-0.025451,-0.0211
0.11703,-0.033459,-0.021242
0.071035,-0.024315,-0.021587
0.040746,-0.03085,-0.021902
-0.0097358,-0.032645,-0.022449
0.009335,-0.031187,-0.02345
0.032145,-0.031427,-0.024654
0.031397,-0.032034,-0.025438
0.11067,-0.025222,-0.025936
0.13722,-0.021218,-0.026157
0.14134,-0.028971,-0.027132
0.16901,-0.015756,-0.027061
0.13834,-0.033991,-0.027631
0.067295,-0.013136,-0.028339
0.028032,-0.025819,-0.027736
0.01644,-0.028825,-0.029768
-0.02058,-0.0060537,-0.027871
-0.051243,-0.042989,-0.03018
-0.015719,0.017629,-0.029438
0.020927,-0.059143,-0.029817
0.053834,0.026469,-0.031354
0.093471,-0.047019,-0.027706
0.089732,-0.012854,-0.034837
0.092723,0.028227,-0.024864
0.045607,-0.14264,-0.038706
0.055703,0.28589,-0.020035
-0.0015092,-1.5592,-0.073389
-0.026563,-3.5026,-0.41433
0.13535,-2.9118,-0.79777
0.081879,-2.9507,-1.1248
0.28418,-2.9593,-1.465
0.51789,-2.8188,-1.7696
0.48162,-2.8799,-2.0654
0.67981,-2.7642,-2.34
0.61848,-2.842,-2.6037
0.51116,-2.7687,-2.8571
0.58782,-2.7664,-3.0922
0.52724,-2.7514,-3.3182
0.55042,-2.7418,-3.5308
0.60203,-2.7468,-3.7371
0.66485,-2.6749,-3.9284
0.62895,-2.6286,-4.1034
0.61885,-2.5599,-4.2631
0.56987,-2.5091,-4.4072
0.37579,-2.453,-4.5384
0.37692,-2.3845,-4.6548
0.23744,-2.316,-4.7572
0.16714,-2.2384,-4.845
0.23557,-2.1664,-4.9184
0.19593,-2.0971,-4.9795
0.27857,-2.0282,-5.0289
0.31821,-1.9515,-5.0659
0.34364,-1.8702,-5.0902
0.33092,-1.7904,-5.1024
0.24529,-1.7094,-5.1038
0.12077,-1.6357,-5.095
-0.029555,-1.5634,-5.0767
-0.1552,-1.4851,-5.0493
-0.32983,-1.4061,-5.0125
-0.39564,-1.3253,-4.9667
-0.42929,-1.2406,-4.9125
-0.44537,-1.1529,-4.8489
-0.39003,-1.0645,-4.7766
-0.37657,-0.97607,-4.6962
-0.38592,-0.89083,-4.6078
-0.41097,-0.8094,-4.5122
-0.38816,-0.72337,-4.4099
-0.41995,-0.63692,-4.301
-0.46482,-0.5553,-4.1861
-0.42518,-0.46031,-4.0649
-0.43378,-0.36161,-3.9353
-0.45248,-0.28706,-3.8
-0.41396,-0.20204,-3.6613
-0.36423,-0.10562,-3.5169
-0.35189,-0.032421,-3.3682
-0.33693,0.045551,-3.2166
-0.36236,0.15782,-3.0589
-0.42219,0.26576,-2.8938
-0.42219,0.38319,-2.7224
-0.42107,0.50549,-2.5422
-0.39938,0.59173,-2.3579
-0.3302,0.71634,-2.1682
-0.21839,0.7948,-1.9734
-0.10846,0.9288,-1.7758
-0.022824,1.0204,-1.5708
0.077766,1.1295,-1.3676
0.10918,1.277,-1.1553
0.12862,1.3075,-0.94738
0.10394,1.5481,-0.73067
0.022049,1.4723,-0.51375
0.017188,1.7865,-0.30017
0.0085872,1.582,-0.064676
0.021301,0.12095,0.022218
0.09048,-0.0076808,-0.0075203
0.17649,0.16978,0.0013353
0.24679,-0.0072122,-0.0015516
0.23931,0.10771,-0.0018665
0.24155,0.0084624,-0.00013441
0.24379,0.055453,-0.0025601
0.21799,0.032055,0.00056668
0.20752,0.024883,-0.0022864
0.1791,0.039336,-0.0001794
0.13722,0.0089273,-0.00047934
0.14582,0.034631,-0.00013816
0.17088,0.008961,5.5726e-07
0.15405,0.020545,-0.00026938
0.17013,0.01869,0.00082162
0.16676,0.017059,0.00061917
0.1088,0.015507,0.0011028
0.07814,0.0093472,0.0012978
0.011579,0.016298,0.0018376
-0.012727,0.0084024,0.0020888
0.031397,0.0098421,0.0022088
0.033641,0.010045,0.0027674
0.089358,0.0036637,0.0029736
0.14694,-0.0010338,0.0027225
0.14807,-0.0029945,0.0024638
0.1705,0.0054857,0.002655
0.1533,0.0024153,0.0027337
0.1088,-0.004929,0.0024225
0.074774,0.0021678,0.00234
0.024293,0.0019504,0.0025237
-0.018336,-0.00067016,0.0023325
-0.048999,-0.0017086,0.0022276
-0.039651,-0.00017154,0.0022613
-0.014597,0.00057451,0.0021038
0.015692,-0.0094841,0.0020776
