0.047477,-0.0067885,0.00014677
0.045233,-0.013364,0.000263
0.057199,-0.0036244,0.00022551
0.064304,0.00043955,0.00058168
0.072157,-0.0031033,0.0010541
0.074026,-0.0030845,0.0012828
0.066922,-0.0082807,0.0018414
0.082253,-0.0092292,0.0019651
0.069165,-0.0038756,0.0024975
0.050094,-0.010871,0.00255
0.050094,0.0022466,0.0027899
0.058321,-0.0086481,0.0032886
0.053086,-0.0062599,0.00255
0.03065,0.0065654,0.0037872
0.034763,-0.019449,0.0025687
0.026536,0.019305,0.0038285
0.036259,-0.032908,0.0031011
0.060939,0.014352,0.0027674
0.069539,-0.013477,0.0043271
0.058695,-0.012093,0.0016839
0.03738,0.030334,0.0059655
0.065426,-0.084543,-0.00039685
0.039624,0.11426,0.0076714
0.064304,-0.22707,-0.0036099
0.042242,0.79581,0.024565
0.082253,2.8242,0.22537
0.23744,2.7219,0.44396
0.18471,2.518,0.61761
0.40309,2.6113,0.79336
0.44796,2.4615,0.9417
0.26399,2.5105,1.0806
0.42441,2.376,1.1967
0.29166,2.3568,1.2962
0.14283,2.2986,1.385
0.17611,2.2661,1.4582
0.080757,2.2279,1.5208
0.091975,2.145,1.5675
0.12152,2.1142,1.6046
0.10693,2.0329,1.6316
0.068791,1.9634,1.6497
0.029154,1.8858,1.6596
0.024293,1.8101,1.6592
-0.035911,1.7317,1.6492
-0.13201,1.6412,1.6294
-0.15856,1.5643,1.6021
-0.14959,1.4792,1.5676
-0.21129,1.3947,1.5261
-0.1451,1.3068,1.4781
-0.048999,1.2041,1.4209
-0.0063704,1.1026,1.3575
0.02878,0.98933,1.2875
-0.037781,0.90224,1.2131
-0.10359,0.78561,1.1363
-0.24008,0.65325,1.051
-0.31749,0.54971,0.96267
-0.33431,0.42765,0.87074
-0.38779,0.31344,0.77599
-0.36012,0.16022,0.67299
-0.29393,0.05916,0.56673
-0.20979,-0.12181,0.45462
-0.12453,-0.24749,0.33082
-0.019084,-0.40019,0.21146
0.019805,-0.6396,0.071059
0.055703,-0.2364,-0.0093761
0.11591,0.042192,0.003626
0.065052,-0.076565,0.0038135
0.070287,-0.0062787,0.0020514
0.096837,-0.034089,0.0046045
0.10357,-0.021732,0.0017364
0.17275,-0.012847,0.0040909
0.20939,-0.028567,0.0019689
0.21724,-0.0077558,0.0030936
0.21762,-0.02613,0.0025462
0.17162,-0.012517,0.0022838
0.16714,-0.0151,0.0024488
0.19182,-0.014084,0.0017327
0.15779,-0.010969,0.0022726
0.17574,-0.012303,0.0015977
0.19331,-0.0099227,0.001579
0.18658,-0.017698,0.0013803
0.23669,-0.019228,0.0010878
0.24604,-0.012547,0.00097909
0.25426,-0.0082132,0.0007279
0.27296,-0.0078458,0.00060417
0.19032,-0.0085656,0.00030424
0.10992,-0.0075084,0.00016552
0.062808,-0.0091504,0.00014677
-0.020954,-0.011846,-2.5687e-05
-0.071062,-0.0048241,1.5554e-05
-0.086767,-0.0056526,0.00031174
-0.099855,-0.0090267,6.0544e-05
-0.093124,-0.005079,-0.00025814
-0.096489,-0.0045054,0.00020676
-0.07854,-0.0053039,0.00019176
-0.060965,-0.0058213,-7.8175e-05
-0.063957,-0.0028821,0.00016552
-0.048251,-0.0049515,7.929e-05
-0.049373,-0.0071709,0.00013178
-0.047877,-0.0032495,0.00026675
-0.043016,-0.0040368,9.4286e-05
-0.031424,-0.0044792,0.00021051
-0.024319,-0.0049103,0.00010928
-0.030302,-0.0062299,0.00013928
0.010457,-0.006065,0.00028549
0.046729,-0.0076883,7.5541e-05
0.066922,-0.0067473,0.00013553
0.1002,-0.0063762,7.5541e-05
0.10693,-0.0056264,0.00015427
0.12376,-0.0014087,0.000248
0.15854,-0.0079395,-7.8175e-05
0.17088,-0.010335,-0.0006593
0.17873,-0.0049928,-0.001038
0.20864,-0.010496,-0.0013791
0.22659,-0.0054277,-0.0018365
0.21051,-0.0056563,-0.001799
0.21799,-0.008798,-0.0025114
0.21276,-0.0066573,-0.0023052
0.18845,-0.012929,-0.0029088
0.16975,-0.0027321,-0.002995
0.1346,-0.021286,-0.0027963
0.090106,-0.0058663,-0.0035087
0.051216,-0.012393,-0.0024139
0.054956,-0.012333,-0.0043222
0.042989,0.0090285,-0.0019303
0.0089611,-0.029691,-0.0040935
0.034015,0.023803,-0.0027288
0.021301,-0.044789,-0.0029088
0.010457,0.027571,-0.0050046
0.009335,-0.031678,0.00080288
-0.025815,-0.008708,-0.0091474
-0.027311,0.053417,0.010371
-0.086393,-1.2139,-0.084419
-0.013849,-1.9042,-0.35437
-0.049747,-1.6064,-0.58855
-0.078166,-1.7315,-0.79206
0.14881,-1.722,-0.98762
0.11292,-1.7862,-1.1541
0.2251,-1.8191,-1.3073
0.32008,-1.8121,-1.4302
0.23071,-1.8742,-1.5396
0.32456,-1.867,-1.6316
0.2666,-1.9051,-1.7085
0.261,-1.894,-1.772
0.26773,-1.8935,-1.8187
0.2696,-1.8791,-1.854
0.30587,-1.8604,-1.8772
0.18995,-1.8406,-1.8917
0.22697,-1.7969,-1.8944
0.20042,-1.7597,-1.8855
0.1174,-1.6987,-1.8672
0.098706,-1.6344,-1.8391
0.025414,-1.5694,-1.8027
-0.0063704,-1.5016,-1.7596
-0.039651,-1.4281,-1.7095
0.0048478,-1.3343,-1.6517
-0.016841,-1.2378,-1.5858
-0.021702,-1.1496,-1.5144
-0.0059964,-1.0412,-1.4372
-0.033668,-0.94377,-1.355
-0.053861,-0.83243,-1.2704
-0.14884,-0.69898,-1.1762
-0.1623,-0.60934,-1.0804
-0.22625,-0.47493,-0.98224
-0.27448,-0.36109,-0.87792
-0.26663,-0.22293,-0.7699
-0.29056,-0.089934,-0.65394
-0.25093,0.058309,-0.53522
-0.2341,0.23881,-0.40167
-0.16829,0.32263,-0.2746
-0.13089,0.62802,-0.13264
-0.096116,0.45633,-0.0067667
0.0055957,-0.031596,0.004837
-0.0067443,0.034252,-0.0076365
0.026162,0.026818,-0.00073428
0.077018,0.0037874,-0.0051808
0.064678,0.031541,-0.0020165
0.091975,-0.004213,-0.0035724
0.090854,0.019642,-0.0027851
0.11815,-0.0029908,-0.0026164
0.16302,0.011398,-0.0031937
0.17611,0.0052945,-0.001889
0.19817,-3.283e-05,-0.0028001
0.21911,0.005167,-0.0017728
0.24641,-0.0013112,-0.002069
0.25053,0.0031126,-0.0016716
0.25688,-0.0060088,-0.0014354
0.28194,-0.0027884,-0.0014241
0.27857,0.00050328,-0.0010155
0.27221,-0.00029901,-0.0010305
0.27446,-0.00053895,-0.00059556
0.25726,-0.00047146,-0.00050558
0.23482,0.0011893,-0.00020565
0.20827,-0.0019373,8.0556e-06
0.13872,-0.0005202,1.1805e-05
0.077766,-0.00099633,0.00028924
0.03065,-0.0050303,8.6788e-05
-0.015345,-0.0014837,7.5541e-05
-0.050495,-0.0048915,0.00022176
-0.10659,-0.0081794,5.3046e-05
-0.11519,-0.0035344,0.00022926
-0.10808,-0.0036319,0.00032673
-0.11257,-0.0064324,0.00010178
-0.085645,-0.0087343,3.43e-05
-0.079662,-0.0057276,9.0537e-05
-0.084897,-0.0053677,0.00030424
-0.086767,-0.0017461,0.0011815
-0.075923,-0.00085011,0.0018077
-0.084897,-0.0030845,0.0021301
-0.10023,-0.00037024,0.0027824
-0.077793,-0.0043179,0.0030224
-0.085271,-0.0015474,0.0038959
-0.070688,-0.0049403,0.003701
-0.027311,-0.00077513,0.0044021
0.0127,-0.0076321,0.0049007
0.063182,0.0048146,0.0044921
0.10058,-0.0084831,0.005883
0.1462,-0.0088692,0.0042746
0.15779,0.011462,0.0067303
0.17536,-0.020724,0.004687
0.21014,0.028366,0.0063629
0.21164,-0.036394,0.0064191
0.21051,0.026893,0.0042784
0.24791,-0.023041,0.0095084
0.24379,-0.0053602,0.00081788
0.21351,0.047835,0.014551
0.24492,-0.16223,-0.007809
0.17162,1.2273,0.072269
0.27072,2.3999,0.40604
0.2782,2.119,0.74093
0.16302,2.288,1.0283
0.37579,2.353,1.3137
0.28119,2.454,1.5596
0.30512,2.6372,1.7986
0.47302,2.713,2.0135
0.36981,2.8738,2.2124
0.52986,2.9343,2.3923
0.61474,3.0757,2.5516
0.5953,3.1404,2.6967
0.51752,3.1771,2.8209
0.43675,3.2212,2.9281
0.41319,3.2257,3.0182
0.2408,3.257,3.0955
0.22659,3.2453,3.1594
0.070287,3.2223,3.2108
-0.050121,3.18,3.2486
-0.061339,3.1165,3.2722
-0.16529,3.069,3.2845
-0.1006,3.0206,3.2869
-0.14884,2.9651,3.2796
-0.12453,2.8971,3.2621
-0.13239,2.8293,3.2363
-0.12678,2.749,3.2029
-0.037781,2.673,3.1613
-0.036659,2.6037,3.1124
0.037754,2.4987,3.0562
-0.051991,2.4054,2.9919
-0.096863,2.3105,2.9194
-0.18511,2.2078,2.8411
-0.30477,2.1155,2.758
-0.3044,2.0056,2.6689
-0.40312,1.8965,2.5753
-0.4263,1.7778,2.4764
-0.48912,1.6583,2.3709
-0.51044,1.5377,2.2613
-0.45098,1.4131,2.1474
-0.41957,1.3096,2.0329
-0.29169,1.1666,1.9165
-0.21727,1.0273,1.7912
-0.17389,0.92877,1.6664
-0.13089,0.78032,1.5401
-0.12603,0.64408,1.4079
-0.11967,0.48653,1.2723
-0.093498,0.34395,1.1303
-0.036285,0.18643,0.98536
-0.02058,0.0055607,0.82956
-0.0056225,-0.10438,0.67732
0.010083,-0.3176,0.51765
0.031397,-0.40004,0.35881
0.06393,-0.67771,0.19828
0.11927,-0.73516,0.027801
0.21164,-0.11526,-0.025254
0.22248,-0.024008,-0.004146
0.26324,-0.1017,-0.011809
0.30811,-0.02018,-0.0085026
0.28717,-0.071864,-0.0095898
0.31484,-0.028926,-0.010403
0.32681,-0.048358,-0.00893
0.33429,-0.038441,-0.011101
0.33803,-0.036005,-0.0096086
0.2666,-0.043266,-0.011318
0.17387,-0.025234,-0.010621
0.12937,-0.034467,-0.011269
0.066922,-0.024814,-0.011412
-0.016467,-0.028791,-0.011329
-0.024319,-0.02415,-0.012049
-0.026563,-0.026272,-0.011899
-0.039277,-0.029316,-0.012619
-0.03479,-0.022058,-0.012698
-0.04526,-0.023011,-0.013043
-0.0089879,-0.022902,-0.013241
0.019431,-0.030572,-0.013421
0.028406,-0.027832,-0.014096
0.038876,-0.018497,-0.013853
0.0063435,-0.022381,-0.013905
-0.026937,-0.019239,-0.014239
-0.075175,-0.017548,-0.013973
-0.1006,-0.017683,-0.014014
-0.10098,-0.016296,-0.014081
-0.083776,-0.018995,-0.013864
-0.061713,-0.01486,-0.013755
-0.046008,-0.015231,-0.014003
0.015692,-0.019209,-0.01446
0.044485,-0.016487,-0.015206
0.083001,-0.015779,-0.015693
0.15068,-0.018699,-0.016342
0.21425,-0.014519,-0.016893
0.27072,-0.019149,-0.017126
0.2509,-0.018358,-0.018014
0.22585,-0.018279,-0.017725
0.21799,-0.021886,-0.018813
0.2236,-0.008873,-0.018498
0.20266,-0.028645,-0.018963
0.16639,-0.010478,-0.019338
0.17125,-0.028522,-0.01876
0.13647,-0.012851,-0.02122
0.084871,-0.0064361,-0.018198
0.06393,-0.032447,-0.022101
0.057199,0.018686,-0.018558
0.013074,-0.062206,-0.021437
0.034015,0.043422,-0.021175
0.02691,-0.078413,-0.017954
0.003726,0.051734,-0.027755
0.016814,-0.092337,-0.0054545
-0.044512,-1.7163,-0.17474
0.0744,-2.2847,-0.54436
0.0078393,-2.0526,-0.8581
0.054582,-2.2783,-1.153
0.28418,-2.2636,-1.4279
0.18097,-2.4214,-1.6735
0.33952,-2.5118,-1.9115
0.32157,-2.5847,-2.1237
0.16863,-2.7027,-2.3247
0.30288,-2.7288,-2.5035
0.25352,-2.8575,-2.6667
0.26436,-2.791,-2.8138
0.40721,-2.4514,-2.9546
0.48947,-2.1852,-3.0934
0.48386,-2.0641,-3.2205
0.67495,-1.9765,-3.3391
0.71458,-1.9082,-3.4454
0.54594,-1.8422,-3.5399
0.59492,-1.7852,-3.6202
0.066922,-1.7306,-3.6845
-0.35525,-1.6896,-3.736
-0.030302,-1.6512,-3.7765
0.41394,-1.6097,-3.8055
0.63531,-1.5671,-3.8228
0.53023,-1.5175,-3.8292
0.54407,-1.4754,-3.8258
0.46591,-1.4283,-3.8128
0.35485,-1.3766,-3.7902
0.31409,-1.3221,-3.7575
0.13947,-1.2671,-3.7151
-0.058348,-1.2072,-3.6628
-0.41658,-1.1427,-3.6014
-0.6574,-1.0897,-3.5336
-0.5856,-1.0325,-3.4599
-0.3646,-0.95559,-3.3777
-0.074427,-0.88601,-3.2864
0.041868,-0.82756,-3.1893
-0.084897,-0.75724,-3.0855
-0.356,-0.69614,-2.9752
-0.59607,-0.62638,-2.8615
-0.71835,-0.54062,-2.74
-0.70115,-0.47217,-2.6122
-0.53475,-0.40393,-2.4826
-0.43079,-0.3146,-2.3479
-0.32384,-0.22791,-2.2054
-0.24681,-0.14582,-2.059
-0.21727,-0.027386,-1.9035
-0.12229,0.061042,-1.7388
-0.062835,0.17965,-1.5699
-0.083028,0.27253,-1.3935
-0.17876,0.3744,-1.2173
-0.30851,0.50089,-1.0319
-0.45734,0.54807,-0.85024
-0.47417,0.71658,-0.66001
-0.25915,0.71455,-0.46819
0.12488,0.93521,-0.27732
0.46255,0.8988,-0.065002
0.66971,0.10464,0.013464
0.78376,0.00049953,-0.012923
0.63793,0.10271,-0.0044122
0.47638,0.0015118,-0.0066767
0.35224,0.063614,-0.0063018
0.21799,0.0096096,-0.0044347
0.2337,0.023976,-0.0064967
0.15368,0.013269,-0.0033662
0.091601,0.013145,-0.0055857
0.091601,0.023125,-0.0035162
0.078514,0.0052908,-0.0038986
0.21949,0.019282,-0.0032987
0.31522,0.0020329,-0.0028113
0.3485,0.0041473,-0.0029763
0.27894,0.0088823,-0.0018365
0.060565,0.0045747,-0.0021852
-0.10472,0.008155,-0.0015966
-0.21727,0.0058794,-0.00089174
-0.16903,0.00088943,-0.00072678
-0.039277,0.0051296,-0.00022814
0.074774,0.0069703,0.0012153
0.14956,0.0066142,0.0024113
0.077018,0.0068616,0.0033486
-0.0078661,-0.0031408,0.0039972
-0.13314,0.0030976,0.0042784
-0.20344,0.0010806,0.0053319
-0.18474,-0.0050902,0.0050057
-0.23485,0.0079713,0.0062504
-0.25018,-0.011291,0.0065991
-0.2442,0.01118,0.0066628
-0.19932,-0.0094841,0.008125
-0.070314,-0.0085168,0.0068315
0.094219,0.0086311,0.0097859
0.28829,-0.017376,0.0070003
0.37206,0.028925,0.0099733
0.32606,-0.041088,0.0086386
0.2165,0.040235,0.0087399
0.084123,-0.039341,0.012467
0.0078393,0.02401,0.0045408
-0.010858,0.0093359,0.019646
0.0744,-0.093874,-0.0075278
0.11329,1.4871,0.11532
0.20864,2.3655,0.5011
0.33092,1.8891,0.86645
0.28642,1.986,1.2037
0.49097,1.9275,1.542
0.60502,1.9464,1.8457
0.51228,1.9859,2.1459
0.63082,1.9741,2.4224
0.54407,2.0554,2.691
0.38926,2.0495,2.9441
0.42889,2.126,3.1843
0.45731,2.1528,3.4155
0.56015,2.1737,3.6299
0.77853,2.2012,3.8322
0.88809,2.2417,4.0221
0.74225,2.2828,4.2033
0.6196,2.2902,4.3716
0.21874,2.3076,4.526
-0.4005,2.3159,4.6665
-0.14061,2.322,4.7923
0.59978,2.2984,4.9037
0.832,2.2624,4.9984
0.79797,2.2541,5.078
0.57473,2.2411,5.1457
0.42441,2.2165,5.2022
0.57884,2.191,5.246
0.43974,2.1626,5.2773
0.11441,2.1192,5.2948
-0.091628,2.0635,5.2987
-0.18773,2.0431,5.2924
-0.45397,2.0172,5.2752
-0.53288,1.9591,5.2464
-0.2427,1.9085,5.2095
-0.050869,1.8475,5.1635
0.37879,1.794,5.1088
0.36906,1.7421,5.0475
-0.04526,1.6737,4.9781
-0.36423,1.605,4.8995
-0.74714,1.5352,4.8121
-0.73667,1.4796,4.7173
-0.56242,1.4115,4.616
-0.30851,1.3398,4.5079
-0.14099,1.286,4.3946
-0.16305,1.2004,4.2755
-0.26738,1.1167,4.1483
-0.47267,1.0512,4.0155
-0.5168,0.96794,3.8778
-0.54708,0.90546,3.737
-0.48613,0.836,3.5959
-0.53886,0.73005,3.4471
-0.71536,0.65024,3.291
-0.74153,0.58301,3.1355
-0.64992,0.47906,2.975
-0.25429,0.38862,2.8068
0.13647,0.2969,2.6354
0.37056,0.18077,2.4559
0.35822,0.076871,2.2699
0.064678,-0.030539,2.0777
-0.1967,-0.1165,1.8838
-0.45061,-0.24888,1.6858
-0.51717,-0.34108,1.4818
-0.36946,-0.46953,1.2801
-0.19895,-0.58419,1.0697
-0.04526,-0.65783,0.86494
-0.014971,-0.82792,0.64803
0.061686,-0.82402,0.43822
0.23445,-1.1106,0.22025
0.39,-0.87868,-0.0010155
0.57548,-0.058694,-0.054126
0.56389,-0.084989,-0.028167
0.31036,-0.1211,-0.039801
0.084871,-0.048538,-0.033809
-0.10172,-0.10154,-0.036768
-0.15744,-0.041651,-0.036633
0.013074,-0.081971,-0.035755
0.21762,-0.050626,-0.037829
0.33317,-0.056699,-0.035808
0.33167,-0.059125,-0.038361
0.21388,-0.045819,-0.037281
0.051964,-0.055256,-0.038162
-0.027311,-0.040428,-0.038211
0.018684,-0.046138,-0.03847
0.034389,-0.041414,-0.039234
0.013074,-0.042809,-0.039313
0.022797,-0.038561,-0.040033
0.003726,-0.040691,-0.040427
0.020179,-0.0433,-0.0422
0.14732,-0.036526,-0.043006
0.29689,-0.039551,-0.043951
0.36383,-0.036005,-0.045177
0.3212,-0.036083,-0.045751
0.13423,-0.029886,-0.046602
-0.12715,-0.035892,-0.046489
-0.27935,-0.034587,-0.04785
-0.28159,-0.021672,-0.047033
-0.21316,-0.03807,-0.04821
-0.08415,-0.017698,-0.048622
0.052338,-0.045355,-0.04842
0.12488,-0.017297,-0.050313
0.16003,-0.034231,-0.047745
0.1806,-0.042895,-0.052222
0.21762,0.0033113,-0.04743
0.1892,-0.071575,-0.052773
0.14134,0.041011,-0.049353
0.014944,-0.11071,-0.04992
-0.12453,0.094067,-0.055652
-0.18997,-0.26271,-0.039107
-0.24457,-1.8766,-0.26438
0.025414,-2.0804,-0.67686
0.10731,-1.8366,-1.0225
0.21986,-2.0187,-1.3669
0.56538,-1.9193,-1.6919
0.38851,-2.0064,-1.993
0.46666,-1.9947,-2.2841
0.47676,-2.0454,-2.5534
0.16863,-2.0917,-2.8176
0.30774,-2.1027,-3.0623
0.36271,-2.1718,-3.2991
0.46591,-2.179,-3.5239
0.61399,-2.2106,-3.7336
0.63979,-2.2297,-3.931
0.72244,-2.2728,-4.1171
0.71084,-2.3013,-4.2948
0.75422,-2.3057,-4.4586
0.65326,-2.3183,-4.6086
0.53584,-2.3187,-4.7443
0.47676,-2.3218,-4.8649
0.37617,-2.3183,-4.971
0.41805,-2.3059,-5.0612
0.5134,-2.2972,-5.1368
0.72505,-2.2883,-5.1995
0.85481,-2.2813,-5.2498
0.89931,-2.2667,-5.288
0.86378,-2.234,-5.3136
0.60427,-2.1932,-5.3255
0.37168,-2.1562,-5.3239
0.19892,-2.124,-5.3119
0.032145,-2.0816,-5.2905
-0.15445,-2.026,-5.2581
-0.2584,-1.9708,-5.2158
-0.27635,-1.9273,-5.1658
-0.30664,-1.8777,-5.1074
-0.24494,-1.817,-5.0404
-0.20979,-1.7543,-4.9661
-0.24719,-1.6836,-4.8835
-0.27748,-1.611,-4.7922
-0.35862,-1.5415,-4.6932
-0.48314,-1.4796,-4.5887
-0.6028,-1.4116,-4.4796
-0.65104,-1.3283,-4.3638
-0.63085,-1.2446,-4.2402
-0.61439,-1.1756,-4.111
-0.56391,-1.0967,-3.9777
-0.49847,-1.0139,-3.8384
-0.48763,-0.95076,-3.6967
-0.50932,-0.85709,-3.5522
-0.54671,-0.75724,-3.3984
-0.57887,-0.68942,-3.2417
-0.62,-0.60128,-3.084
-0.60841,-0.49983,-2.9188
-0.55419,-0.41051,-2.7493
-0.51792,-0.29746,-2.5732
-0.40835,-0.18708,-2.3899
-0.27411,-0.065682,-2.2
-0.14323,0.027065,-2.005
-0.0059964,0.1409,-1.8097
0.064304,0.26015,-1.6057
0.097584,0.34396,-1.4045
0.091975,0.50513,-1.1973
0.043363,0.56344,-0.98989
0.0055957,0.72726,-0.78066
-0.0067443,0.77935,-0.56276
0.071035,0.93773,-0.35694
0.16228,1.0845,-0.11976
0.23183,0.29068,0.010532
0.35111,-0.038123,-0.011164
0.37131,0.13025,-0.0098073
0.40085,0.0064342,-0.0068304
0.43263,0.062718,-0.010126
0.36196,0.022221,-0.0057507
0.34999,0.024283,-0.0091249
0.26623,0.033015,-0.0052708
0.17312,0.0096096,-0.0069616
0.13573,0.029423,-0.0057469
0.093845,0.0016467,-0.0053158
0.13236,0.016624,-0.0054357
0.15816,0.0078926,-0.0043072
0.17611,0.0077051,-0.0044047
0.17088,0.0075927,-0.0035911
0.12974,0.0069553,-0.0035049
0.072905,0.011807,-0.0023277
0.003726,0.0033563,-0.0024851
-0.0074922,0.007349,-0.0020052
-0.011605,0.006213,-0.00061056
0.023171,0.006363,0.00019176
0.067295,0.0058681,0.0013915
0.079261,0.0060781,0.0024975
0.12339,0.0025502,0.0030524
0.12376,0.0059094,0.0033973
0.11778,0.0029889,0.0043196
0.12787,0.00048453,0.0043721
0.057947,0.0082825,0.0057105
-0.012353,-0.0071747,0.0054219
-0.04526,0.012133,0.0060255
-0.063209,-0.0086556,0.006944
-0.051991,0.0080275,0.0060855
-0.01011,0.000627,0.0086386
0.087488,-0.0090642,0.005838
0.16115,0.02317,0.0098759
0.21014,-0.038228,0.0064491
0.19855,0.045799,0.0091148
0.15891,-0.06245,0.0097859
0.14358,0.057777,0.0052794
0.075148,-0.05755,0.016966
0.056077,0.047283,-0.0081689
-0.0056225,1.7383,0.16162
0.089358,2.2831,0.55826
0.15741,1.861,0.90591
0.064678,2.0133,1.2405
0.32083,1.9368,1.5666
0.32494,1.997,1.8629
0.20864,2.0132,2.152
0.4016,2.028,2.4166
0.27072,2.1,2.6756
0.23033,2.1126,2.9184
0.4102,2.158,3.1503
0.39711,2.1565,3.3667
0.53995,2.2072,3.5694
0.71458,2.2287,3.7651
0.7258,2.2501,3.9471
0.75871,2.2705,4.1175
0.74375,2.2701,4.2724
0.70112,2.2791,4.413
0.67906,2.264,4.5385
0.61736,2.2481,4.6468
0.60876,2.2331,4.7401
0.59455,2.22,4.8191
0.59268,2.2136,4.8861
0.71757,2.1965,4.9419
0.81218,2.1708,4.9839
0.86004,2.1387,5.0122
0.86154,2.0995,5.0272
0.77292,2.0629,5.0297
0.568,2.0233,5.0213
0.34962,1.9824,5.0024
0.16415,1.9356,4.9734
-0.049747,1.8824,4.9345
-0.18885,1.8392,4.8876
-0.2943,1.7944,4.8326
-0.3747,1.7357,4.7692
-0.42443,1.6661,4.697
-0.4723,1.5964,4.616
-0.51268,1.5321,4.527
-0.56204,1.4698,4.432
-0.61402,1.4005,4.332
-0.66413,1.3144,4.2244
-0.68918,1.2304,4.1095
-0.74789,1.1585,3.9878
-0.7692,1.0946,3.8613
-0.74714,1.0157,3.7309
-0.77332,0.93638,3.5948
-0.72508,0.87074,3.4573
-0.68918,0.76953,3.3143
-0.74153,0.68446,3.163
-0.75275,0.61935,3.0117
-0.77706,0.51544,2.856
-0.83577,0.42566,2.693
-0.84399,0.31902,2.5262
-0.76808,0.21036,2.3522
-0.66861,0.10172,2.171
-0.58074,-0.0023685,1.9827
-0.42481,-0.089882,1.7946
-0.25467,-0.22973,1.5998
-0.10322,-0.30794,1.4023
0.031023,-0.45247,1.2037
0.12451,-0.53886,0.99917
0.2049,-0.65705,0.7993
0.21575,-0.78971,0.58486
0.22547,-0.82895,0.38484
0.24305,-1.1301,0.16049
0.27969,-0.62649,-0.02561
0.40234,0.024553,-0.036085
0.40459,-0.13321,-0.021074
0.41394,-0.070211,-0.030998
0.50219,-0.059837,-0.023927
0.44348,-0.081997,-0.029168
0.42553,-0.042749,-0.026259
0.43824,-0.076888,-0.028028
0.38813,-0.036818,-0.028403
0.36233,-0.057576,-0.027665
0.30063,-0.041969,-0.029382
0.24043,-0.046056,-0.028178
0.18359,-0.051297,-0.029614
0.14881,-0.039851,-0.029453
0.13722,-0.044391,-0.030113
0.088236,-0.034348,-0.030143
0.047477,-0.040282,-0.030615
0.012327,-0.035566,-0.031346
-0.048251,-0.03587,-0.031181
-0.081532,-0.039517,-0.032167
-0.06994,-0.034647,-0.033075
-0.077793,-0.036117,-0.034207
-0.075175,-0.035187,-0.035339
-0.042268,-0.03124,-0.036021
-0.037781,-0.027892,-0.036085
-0.051243,-0.035154,-0.036921
-0.040773,-0.025995,-0.037724
-0.048625,-0.027682,-0.037517
-0.079662,-0.031431,-0.038867
-0.083402,-0.024199,-0.038162
-0.08415,-0.032893,-0.039846
-0.094246,-0.015932,-0.039336
-0.09088,-0.043176,-0.039928
-0.03479,-0.010478,-0.041128
-0.0041267,-0.036181,-0.03895
0.06393,-0.019505,-0.043126
0.16489,-0.0094466,-0.038057
0.16863,-0.062604,-0.04466
0.24192,0.039493,-0.038477
0.21089,-0.11981,-0.043921
0.20715,0.13726,-0.042054
0.22622,-0.47861,-0.041844
0.12413,-2.0359,-0.30803
0.28493,-2.0255,-0.7128
0.1978,-1.8803,-1.0457
0.25464,-2.0362,-1.3838
0.58931,-1.9584,-1.6947
0.47601,-2.0637,-1.9878
0.66597,-2.0413,-2.2667
0.73253,-2.1123,-2.5256
0.49359,-2.1541,-2.7782
0.61362,-2.1885,-3.0139
0.56987,-2.228,-3.2401
0.5837,-2.2365,-3.4483
0.72206,-2.2978,-3.6469
0.76394,-2.3153,-3.8365
0.7976,-2.3376,-4.0127
0.75796,-2.3446,-4.176
0.79722,-2.349,-4.3238
0.7359,-2.3505,-4.4583
0.68205,-2.3351,-4.5766
0.69551,-2.323,-4.6793
0.67981,-2.3035,-4.767
0.67756,-2.2904,-4.8404
0.68915,-2.281,-4.9026
0.79984,-2.2606,-4.9531
0.82489,-2.2315,-4.9908
0.83948,-2.1903,-5.0147
0.79834,-2.148,-5.0243
0.61624,-2.1171,-5.0226
0.4087,-2.0753,-5.0115
0.15928,-2.0236,-4.9896
-0.037407,-1.9778,-4.9572
-0.2255,-1.9277,-4.9161
-0.36124,-1.8751,-4.8668
-0.42069,-1.8217,-4.8089
-0.46781,-1.76,-4.7432
-0.46482,-1.6939,-4.6691
-0.46482,-1.6241,-4.5861
-0.46706,-1.5509,-4.495
-0.48613,-1.4873,-4.3976
-0.52203,-1.4204,-4.2956
-0.55269,-1.3398,-4.187
-0.61888,-1.2584,-4.0707
-0.68245,-1.1827,-3.948
-0.72022,-1.1084,-3.8211
-0.78341,-1.0211,-3.6881
-0.81034,-0.95309,-3.5512
-0.80697,-0.87887,-3.4138
-0.87391,-0.7656,-3.2674
-0.91467,-0.69414,-3.1151
-0.93486,-0.61873,-2.9632
-0.96403,-0.51349,-2.8046
-0.94271,-0.41904,-2.6408
-0.86531,-0.3078,-2.471
-0.73293,-0.20366,-2.2948
-0.61851,-0.077978,-2.1097
-0.47192,0.011139,-1.9198
-0.30328,0.13289,-1.7291
-0.16791,0.24197,-1.5303
-0.035538,0.33706,-1.334
0.032145,0.48426,-1.1303
0.10693,0.54905,-0.93002
0.129,0.73258,-0.72266
0.06393,0.75485,-0.513
0.10058,0.97634,-0.30814
0.10432,0.97391,-0.079317
0.13947,0.14432,0.013291
0.28119,-0.0039318,-0.014021
0.3485,0.11315,-0.0061256
0.46704,0.002404,-0.007554
0.54108,0.067434,-0.0078052
0.57024,0.01274,-0.0053832
0.64241,0.033678,-0.0079702
0.60801,0.022386,-0.0043672
0.57772,0.0095721,-0.0066505
0.51826,0.024924,-0.0043897
0.40758,0.0046384,-0.0047196
0.29128,0.010607,-0.0045509
0.17798,0.0024865,-0.0035949
0.13722,0.01199,-0.0035162
0.070287,0.0059993,-0.0027663
0.011579,0.0073115,-0.0028676
-0.047877,0.0094372,-0.0015741
-0.099855,0.0026177,-0.0017466
-0.10808,0.0081962,-0.0014766
-0.12827,0.0080425,0.00031174
-0.065079,0.0063517,0.001339
-0.0033789,0.0066741,0.0020101
0.01457,0.0071878,0.0032323
0.067669,0.0026515,0.0038097
0.073652,0.0046572,0.0042371
0.054208,-0.002121,0.0050357
0.047103,0.00038331,0.0049832
-0.0015092,0.0020966,0.0063554
-0.052365,-0.006781,0.005748
-0.11893,0.011375,0.0072477
-0.19259,-0.013394,0.0072927
-0.22438,0.014266,0.0069478
-0.24382,-0.0072797,0.0091335
-0.19409,0.00028958,0.0063366
-0.13463,0.0076864,0.010997
-0.034416,-0.030865,0.0062992
0.088984,0.048401,0.011207
0.1447,-0.072029,0.00829
0.20304,0.090307,0.0083949
0.22734,-0.11982,0.014686
0.25239,0.22876,-0.0021927
0.24155,1.968,0.21565
0.36682,2.2196,0.61889
0.38701,1.894,0.95733
0.30587,2.0694,1.2959
0.56426,1.9812,1.6152
0.50331,2.0771,1.9098
0.4547,2.0765,2.1949
0.67943,2.1317,2.4572
0.56202,2.1857,2.7134
0.61025,2.2018,2.9514
0.7101,2.2642,3.1806
0.6914,2.2614,3.3941
0.81106,2.317,3.5936
0.90492,2.3462,3.7854
0.95428,2.3729,3.9649
0.9094,2.3895,4.133
0.96176,2.3867,4.2862
0.96998,2.3959,4.4259
0.8664,2.3826,4.5514
0.87126,2.3559,4.6598
0.83574,2.3348,4.7523
0.76768,2.3238,4.8305
0.75123,2.3101,4.8963
0.78488,2.2939,4.9514
0.78301,2.2613,4.9939
0.78937,2.221,5.0231
0.76768,2.1841,5.0389
0.62596,2.139,5.0415
0.44759,2.1007,5.0336
0.21201,2.0542,5.0161
-0.067322,2.0015,4.988
-0.28869,1.9539,4.9499
-0.44612,1.8993,4.9034
-0.55681,1.8467,4.8493
-0.60205,1.7905,4.7877
-0.62711,1.7264,4.7174
-0.6129,1.6538,4.638
-0.58672,1.5814,4.551
-0.60654,1.5154,4.4567
-0.61552,1.4415,4.3566
-0.62673,1.3712,4.2505
-0.6574,1.2912,4.137
-0.73069,1.2043,4.0166
-0.80548,1.1343,3.8907
-0.8511,1.0492,3.7614
-0.91616,0.97017,3.6261
-0.9113,0.90838,3.4884
-0.91055,0.81171,3.3478
-0.93561,0.71599,3.1977
-0.91691,0.65074,3.0459
-0.92626,0.55852,2.8925
-0.91392,0.45927,2.7311
-0.86194,0.36725,2.5663
-0.75425,0.25964,2.3949
-0.6129,0.14472,2.2162
-0.47305,0.028325,2.0297
-0.32758,-0.053782,1.8416
-0.23111,-0.18793,1.6493
-0.1208,-0.28344,1.4507
-0.015719,-0.40208,1.2545
0.04112,-0.51924,1.0497
0.092349,-0.60236,0.85023
0.075148,-0.77256,0.63937
0.053834,-0.7785,0.43516
0.046355,-1.0709,0.22284
0.036633,-0.85561,0.0067266
0.16265,-0.054465,-0.046039
0.25277,-0.078023,-0.020492
0.33279,-0.11246,-0.03165
0.47564,-0.037212,-0.026097
0.47601,-0.094662,-0.028906
0.50256,-0.039015,-0.028703
0.54182,-0.074972,-0.027837
0.50742,-0.045283,-0.03009
0.47788,-0.050161,-0.028051
0.39524,-0.05193,-0.030255
0.29166,-0.03897,-0.029389
0.18209,-0.049287,-0.030431
0.081505,-0.039064,-0.030566
0.0067175,-0.043964,-0.030953
-0.027685,-0.036087,-0.031339
-0.054982,-0.040575,-0.031219
-0.099107,-0.036488,-0.032358
-0.073679,-0.031907,-0.032167
-0.073679,-0.038423,-0.032718
-0.054982,-0.036185,-0.034154
0.019805,-0.035052,-0.035185
0.048599,-0.037186,-0.036081
0.12264,-0.033815,-0.037349
0.16901,-0.028844,-0.037521
0.1462,-0.0326,-0.038053
0.12301,-0.026388,-0.038642
0.07627,-0.036646,-0.03895
0.048599,-0.027389,-0.039804
0.010083,-0.027134,-0.039114
-0.046008,-0.031929,-0.041214
-0.070688,-0.014913,-0.039902
-0.11107,-0.042438,-0.041536
-0.12304,-0.0038006,-0.04127
-0.11369,-0.046453,-0.040554
-0.044512,-0.0076958,-0.043831
0.036259,-0.02607,-0.039107
0.068043,-0.039472,-0.046429
0.18135,0.027744,-0.037547
0.16714,-0.12125,-0.048634
0.18172,0.16616,-0.03667
0.15854,-0.73678,-0.06441
0.13273,-2.1545,-0.37872
0.32943,-1.9637,-0.77568
0.17013,-1.9477,-1.1052
0.32905,-2.0557,-1.4442
0.64054,-2.0061,-1.7491
0.51153,-2.1163,-2.0422
0.79834,-2.0918,-2.3163
0.8219,-2.1819,-2.5746
0.63493,-2.2072,-2.8242
0.80096,-2.2623,-3.0577
0.7531,-2.2969,-3.2833
0.79012,-2.305,-3.4894
0.90193,-2.3612,-3.6859
0.94156,-2.3825,-3.8728
0.95054,-2.4115,-4.0478
0.9023,-2.4166,-4.2102
0.9711,-2.4236,-4.3579
0.92586,-2.4247,-4.4931
0.87687,-2.4089,-4.6125
0.91838,-2.3915,-4.7161
0.89632,-2.3683,-4.8043
0.85743,-2.3491,-4.8785
0.8477,-2.335,-4.9408
0.85631,-2.3151,-4.992
0.82377,-2.283,-5.0316
0.81031,-2.2405,-5.0576
0.72206,-2.1925,-5.0695
0.5336,-2.1538,-5.0694
0.31671,-2.1137,-5.0591
0.070661,-2.0619,-5.0386
-0.16754,-2.0089,-5.0078
-0.39153,-1.9586,-4.9678
-0.53923,-1.9079,-4.9193
-0.63421,-1.8511,-4.8628
-0.71947,-1.7881,-4.7989
-0.76023,-1.7159,-4.7264
-0.76285,-1.6441,-4.6456
-0.72845,-1.5758,-4.5569
-0.69778,-1.5072,-4.4612
-0.68544,-1.438,-4.3603
-0.66562,-1.3625,-4.2533
-0.69928,-1.2837,-4.1393
-0.76434,-1.202,-4.0187
-0.80996,-1.1232,-3.8928
-0.87129,-1.0368,-3.7615
-0.90981,-0.96324,-3.6251
-0.94009,-0.89771,-3.4881
-1.0022,-0.78786,-3.3449
-1.0138,-0.70376,-3.1927
-0.97861,-0.63902,-3.0408
-0.94869,-0.53295,-2.8849
-0.8769,-0.44324,-2.7217
-0.74602,-0.34046,-2.554
-0.59271,-0.23663,-2.3798
-0.45622,-0.11359,-2.198
-0.32684,-0.0068448,-2.0081
-0.20531,0.080129,-1.8186
-0.10285,0.21897,-1.6214
0.023171,0.29488,-1.423
0.10132,0.44419,-1.2227
0.13722,0.52596,-1.0176
0.17387,0.66144,-0.8159
0.12413,0.77261,-0.60075
0.1275,0.84209,-0.39959
0.14881,1.1086,-0.17068
0.13872,0.49762,-0.00018315
0.25165,-0.063916,-0.0023802
0.29989,0.11603,-0.012589
0.33391,0.031073,-0.0035087
0.4001,0.040696,-0.009976
0.3986,0.037405,-0.0045809
0.47713,0.012103,-0.0075915
0.50705,0.041409,-0.0049371
0.48012,0.0051033,-0.0052783
0.45283,0.027354,-0.0054657
0.35598,0.011975,-0.0038086
0.24604,0.01226,-0.0047159
0.11179,0.0082,-0.003265
0.027658,0.0099883,-0.0034937
-0.040773,0.0037949,-0.0026801
-0.1092,2.3405e-05,-0.0023802
-0.12229,0.01358,-0.001844
-0.13874,0.0028764,-0.0013191
-0.11593,0.0059956,-0.0013341
-0.050495,0.010832,1.9303e-05
0.032519,0.010202,0.0012678
0.10282,0.0054932,0.0019951
0.17536,0.0059168,0.0033336
0.21874,0.002554,0.0042184
0.21126,0.0023478,0.0041621
0.21463,0.0057032,0.0052344
0.17499,-0.00040398,0.0055193
0.11853,0.0080988,0.0063254
0.090106,-0.0080145,0.0063779
0.060191,0.0083575,0.0066178
0.00036053,-0.0014012,0.0081887
-0.049373,9.0887e-05,0.0067453
-0.063957,0.0084587,0.0095984
-0.046756,-0.018609,0.0070115
-0.00076128,0.026825,0.0099808
0.053834,-0.037609,0.0091298
0.094593,0.039021,0.0080763
0.12563,-0.036511,0.012658
0.16003,0.015323,0.0043233
0.1462,0.021696,0.019402
0.17462,-0.11469,-0.0069242
0.13236,1.3906,0.1036
0.18546,2.3442,0.48103
0.32643,1.9188,0.84569
0.20154,2.0338,1.1767
0.35111,2.0142,1.5099
0.46591,2.0304,1.807
0.30026,2.0972,2.0985
0.52275,2.0999,2.3659
0.56239,2.1845,2.6245
0.48386,2.1912,2.8686
0.71533,2.2537,3.1002
0.73253,2.2651,3.3202
0.80395,2.3038,3.5225
0.9797,2.3454,3.7174
1.0089,2.3656,3.9006
1.0029,2.3871,4.073
0.95203,2.3852,4.231
0.95989,2.3964,4.3747
0.89893,2.3849,4.5055
0.82863,2.3635,4.6199
0.86453,2.3339,4.7178
0.82639,2.3131,4.8014
0.79049,2.3052,4.8719
0.80358,2.2808,4.9311
0.80732,2.2566,4.9786
0.81891,2.1948,5.0128
0.77067,2.1379,5.0342
0.67195,2.1198,5.0428
0.46292,2.0718,5.0394
0.21463,2.0239,5.0266
0.009335,1.9783,5.0037
-0.23485,1.9206,4.9696
-0.41957,1.8763,4.9269
-0.5684,1.8225,4.8773
-0.64767,1.7605,4.8193
-0.69554,1.7015,4.7524
-0.71984,1.6329,4.677
-0.71611,1.5633,4.5938
-0.78192,1.4923,4.5029
-0.76546,1.4313,4.4059
-0.74228,1.3626,4.3037
-0.73854,1.2704,4.1935
-0.7606,1.1953,4.0754
-0.83203,1.1153,3.9521
-0.84811,1.037,3.8253
-0.90981,0.96921,3.6927
-0.93374,0.89625,3.556
-0.92775,0.8202,3.4177
-0.95916,0.72177,3.2709
-0.93748,0.6506,3.1192
-0.92738,0.57211,2.9672
-0.91654,0.46619,2.8078
-0.84848,0.38406,2.6439
-0.72022,0.2734,2.4743
-0.56316,0.16906,2.2972
-0.43528,0.054377,2.1141
-0.30178,-0.038966,1.9257
-0.17277,-0.14502,1.7359
-0.08415,-0.2657,1.5376
0.034763,-0.35223,1.3413
0.12077,-0.50332,1.1388
0.16415,-0.56206,0.93572
0.18247,-0.72697,0.73106
0.13049,-0.77983,0.51847
0.13498,-0.93624,0.31688
0.097584,-1.0862,0.083828
0.14395,-0.31709,-0.045222
0.26735,0.015034,-0.024343
0.25165,-0.15042,-0.0251
0.35186,-0.033358,-0.02783
0.37991,-0.085919,-0.024347
0.3657,-0.058206,-0.028624
0.43936,-0.058491,-0.024879
0.38514,-0.060808,-0.028441
0.37916,-0.039356,-0.02672
0.35934,-0.060546,-0.027807
0.24866,-0.037114,-0.028351
0.15368,-0.047776,-0.028088
0.051216,-0.037999,-0.029022
-0.01871,-0.039285,-0.028602
-0.075175,-0.038445,-0.029524
-0.11631,-0.036492,-0.029543
-0.12192,-0.040702,-0.030443
-0.11332,-0.032312,-0.0306
-0.089385,-0.036616,-0.030634
-0.052739,-0.036218,-0.031939
0.038128,-0.033088,-0.033236
0.12114,-0.037407,-0.033944
0.17013,-0.03494,-0.035152
0.22547,-0.027348,-0.035796
0.24118,-0.034385,-0.035954
0.22211,-0.026831,-0.037079
0.19855,-0.026823,-0.036974
0.17649,-0.029717,-0.038147
0.14059,-0.020705,-0.037682
0.10357,-0.038183,-0.03895
0.072531,-0.011542,-0.039171
0.028032,-0.035663,-0.038485
-0.0052485,-0.014853,-0.040775
0.0055957,-0.02192,-0.037945
0.059069,-0.03542,-0.04229
0.099828,0.0078926,-0.038027
0.10693,-0.06885,-0.042579
0.1705,0.043624,-0.040138
0.16265,-0.10598,-0.039493
0.14657,0.083626,-0.04677
0.16228,-0.2097,-0.027728
0.082253,-1.8394,-0.23929
0.24454,-2.1231,-0.64677
0.21089,-1.8638,-0.98917
0.14545,-2.0632,-1.3256
0.49022,-1.9862,-1.6446
0.45881,-2.0832,-1.9385
0.57735,-2.0835,-2.2226
0.80096,-2.1348,-2.4829
0.59941,-2.1954,-2.7381
0.69028,-2.2204,-2.9762
0.76918,-2.2837,-3.2057
0.75459,-2.2769,-3.4191
0.86378,-2.3281,-3.6183
0.92661,-2.3578,-3.8098
1.0051,-2.382,-3.9892
0.92586,-2.3946,-4.157
0.93147,-2.3929,-4.3101
0.9367,-2.3974,-4.4497
0.81816,-2.38,-4.5743
0.83387,-2.3659,-4.683
0.82041,-2.3447,-4.7776
0.76656,-2.32,-4.8573
0.75646,-2.3044,-4.9241
0.77254,-2.2805,-4.9802
0.74674,-2.2488,-5.0243
0.72991,-2.2105,-5.0559
0.68691,-2.1612,-5.0743
0.55042,-2.1153,-5.0794
0.36495,-2.0745,-5.074
0.1346,-2.026,-5.0585
-0.050495,-1.9724,-5.0323
-0.25504,-1.9213,-4.9966
-0.42219,-1.8698,-4.9524
-0.50483,-1.8156,-4.9002
-0.61477,-1.7566,-4.8403
-0.68133,-1.6884,-4.7719
-0.71349,-1.6204,-4.6945
-0.76098,-1.5526,-4.609
-0.77481,-1.4847,-4.5163
-0.74901,-1.4204,-4.4177
-0.73031,-1.3478,-4.3131
-0.73106,-1.2714,-4.2025
-0.75836,-1.1921,-4.0848
-0.79127,-1.1158,-3.9605
-0.83427,-1.0368,-3.8319
-0.89821,-0.95692,-3.6975
-0.88737,-0.89596,-3.5606
-0.88139,-0.80357,-3.4204
-0.91055,-0.70343,-3.2706
-0.88363,-0.64303,-3.1183
-0.85259,-0.54929,-2.9647
-0.83577,-0.45042,-2.8028
-0.74041,-0.36041,-2.6364
-0.5755,-0.24771,-2.4635
-0.47417,-0.13924,-2.283
-0.34404,-0.025571,-2.0945
-0.19334,0.055599,-1.9043
-0.1294,0.18689,-1.7104
-0.030302,0.27508,-1.5097
0.062434,0.38802,-1.3119
0.1189,0.51812,-1.1055
0.19369,0.59125,-0.90497
0.17424,0.76884,-0.69277
0.15517,0.77099,-0.48412
0.1993,1.0487,-0.27146
0.18247,0.87533,-0.04956
0.24267,0.045908,0.011945
0.31073,0.043947,-0.014771
0.32157,0.093947,-0.0033812
0.37093,0.004466,-0.0083976
0.347,0.065721,-0.0060693
0.37579,0.0024003,-0.0055295
0.40608,0.041034,-0.0064967
0.37841,0.011979,-0.0037561
0.38851,0.012972,-0.0059306
0.31409,0.02308,-0.0034787
0.22136,0.0066479,-0.004206
0.12526,0.017423,-0.0031412
0.048972,0.0080613,-0.0028713
-0.0059964,0.012733,-0.0026539
-0.063957,0.0025315,-0.0019153
-0.0662,0.010427,-0.001799
-0.095368,0.0075289,-0.00082801
-0.093872,-0.0011688,-0.0011542
-0.059096,0.0075102,-0.00015316
0.010457,0.0051033,0.0014777
0.098332,0.0047809,0.0021751
0.15741,0.0088561,0.0032998
0.23856,0.0063292,0.0045745
0.24529,0.0017854,0.0045745
0.23594,0.0086949,0.0053206
0.24492,-0.0014275,0.0055981
0.19518,0.0056694,0.0059392
0.15816,0.00089692,0.0072439
0.12301,0.00010588,0.0066066
0.080383,0.0087661,0.0085637
0.051216,-0.014118,0.0071502
0.020927,0.013051,0.0091935
0.022049,-0.019303,0.0088898
0.019805,0.021438,0.0080875
0.047103,-0.01387,0.011473
0.095715,0.002599,0.0066441
0.10245,0.013029,0.014131
0.14134,-0.052399,0.0053356
0.10544,0.099927,0.016197
0.12787,-0.19963,0.0041359
0.11815,0.75821,0.032397
0.060939,2.2701,0.3442
0.27371,2.0384,0.73682
0.22547,1.9485,1.0655
0.24305,2.0449,1.4055
0.47227,1.9849,1.7109
0.31409,2.0924,2.0048
0.4345,2.069,2.2807
0.5852,2.1535,2.5408
0.46217,2.1738,2.7909
0.65774,2.2259,3.0249
0.74674,2.2535,3.2512
0.72206,2.2582,3.4586
0.87089,2.3142,3.6562
0.95615,2.3342,3.8442
0.96774,2.3627,4.0211
0.92661,2.3529,4.1853
0.93558,2.3547,4.3341
0.90305,2.3598,4.4704
0.8047,2.3333,4.5913
0.786,2.31,4.6948
0.743,2.2826,4.783
0.67195,2.2609,4.8587
0.66634,2.2484,4.923
0.69738,2.2183,4.9757
0.70561,2.1782,5.0157
0.68729,2.1359,5.0426
0.62147,2.0864,5.0564
0.46367,2.0429,5.0579
0.27633,1.9955,5.0499
0.097211,1.9432,5.0319
-0.093498,1.8923,5.0027
-0.31038,1.8438,4.9646
-0.46183,1.7931,4.9192
-0.52577,1.732,4.8653
-0.65403,1.6752,4.8029
-0.65553,1.6098,4.7321
-0.73218,1.5395,4.6526
-0.79201,1.4726,4.5646
-0.69629,1.4069,4.4702
-1.1435,1.3456,4.3711
-3.1317,1.2598,4.2645
-7.7933,1.168,4.1492
-13.155,1.1011,4.0274
-16.587,1.0312,3.9024
-17.283,0.94547,3.7722
-15.374,0.86765,3.637
-13.632,0.78697,3.5011
-12.586,0.68128,3.3593
-11.094,0.58692,3.2105
-7.2271,0.50585,3.0614
3.4335,0.39803,2.9082
18.493,0.3064,2.7482
28.43,0.2118,2.5839
27.32,0.10681,2.4108
19.482,0.012853,2.2311
11.8,-0.09299,2.0442
6.4205,-0.16954,1.8546
4.5878,-0.29024,1.66
2.6157,-0.36749,1.4606
-2.3173,-0.49296,1.2628
-7.1893,-0.59792,1.0561
-10.676,-0.6686,0.85512
-9.6413,-0.82625,0.64116
-4.0909,-0.8268,0.43456
1.94,-1.1083,0.21593
6.103,-0.80996,0.0022388
4.9199,-0.029339,-0.040738
1.2153,-0.093102,-0.016473
0.010831,-0.10367,-0.028208
2.1105,-0.041204,-0.022011
8.3553,-0.086545,-0.025558
15.486,-0.031697,-0.024635
18.835,-0.069018,-0.024493
16.745,-0.036931,-0.026514
10.114,-0.048403,-0.024609
1.4281,-0.044893,-0.026847
-6.434,-0.03948,-0.02585
-11.163,-0.048882,-0.02708
-14.491,-0.034794,-0.027027
-17.371,-0.041373,-0.027151
-19.227,-0.034108,-0.027844
-18.461,-0.03626,-0.028081
-12.633,-0.033526,-0.028823
-3.0973,-0.036942,-0.028812
7.8804,-0.039739,-0.029625
14.708,-0.034351,-0.030971
15.345,-0.033898,-0.031886
11.688,-0.03383,-0.03285
3.6597,-0.030629,-0.033899
-3.4346,-0.030662,-0.033884
-7.2914,-0.03073,-0.034964
-8.9117,-0.02595,-0.03529
-8.4577,-0.03587,-0.035991
-7.8153,-0.021927,-0.036366
-7.2683,-0.03323,-0.036325
-6.1487,-0.021856,-0.037806
-2.7425,-0.027187,-0.036276
1.6034,-0.033815,-0.039084
5.3454,-0.0048803,-0.036768
8.0412,-0.048395,-0.039411
7.5461,0.013291,-0.038702
6.1262,-0.063519,-0.037611
5.8091,0.011465,-0.042436
6.4586,-0.034681,-0.033836
8.4529,-0.046014,-0.049012
9.9819,0.094468,-0.022562
9.1323,-1.3197,-0.13053
6.0484,-2.215,-0.51076
1.1536,-1.8384,-0.88024
-4.7479,-1.9797,-1.2119
-8.0214,-1.9546,-1.5462
-8.3429,-1.9691,-1.8453
-7.6945,-2.0162,-2.1383
-5.6454,-2.0087,-2.4068
-4.0468,-2.0923,-2.6676
-2.2156,-2.0939,-2.9147
1.4426,-2.1547,-3.1501
5.1783,-2.1485,-3.3741
8.1601,-2.1729,-3.5805
8.9319,-2.2085,-3.7802
6.5712,-2.2183,-3.9684
1.9355,-2.2376,-4.1455
-3.2952,-2.2309,-4.3086
-7.0244,-2.2322,-4.458
-8.6507,-2.2142,-4.5936
-8.193,-2.1904,-4.7132
-6.6187,-2.1685,-4.8176
-5.2714,-2.1386,-4.9066
-3.7424,-2.1151,-4.9824
-1.6723,-2.0929,-5.0473
0.78114,-2.0619,-5.1013
3.3912,-2.0219,-5.1423
5.5907,-1.9744,-5.1701
6.4628,-1.9268,-5.1844
5.9602,-1.8855,-5.1868
4.7935,-1.8461,-5.1795
3.4234,-1.7961,-5.1617
3.1957,-1.7388,-5.1334
3.767,-1.6878,-5.0957
4.0512,-1.6362,-5.0503
3.8302,-1.5819,-4.9969
1.8398,-1.5245,-4.9347
-0.80735,-1.4594,-4.8637
-2.4759,-1.3945,-4.7836
-3.6171,-1.3301,-4.696
-3.8056,-1.2662,-4.6014
-3.352,-1.2048,-4.5002
-2.8969,-1.1404,-4.3935
-2.1262,-1.0629,-4.2792
-0.79912,-0.9895,-4.1571
0.87425,-0.92046,-4.0302
2.1587,-0.84331,-3.8975
2.8756,-0.78682,-3.7615
2.2844,-0.71348,-3.6229
0.52986,-0.61593,-3.4755
-1.6061,-0.5566,-3.323
-3.9574,-0.49121,-3.17
-5.0912,-0.38955,-3.0099
-5.0145,-0.31477,-2.8436
-4.159,-0.21791,-2.6734
-2.5682,-0.10168,-2.4929
-1.2187,-0.0059075,-2.3053
-0.11818,0.09042,-2.1116
0.6196,0.17349,-1.9163
0.94156,0.2991,-1.7149
0.84284,0.36926,-1.5102
0.28792,0.50161,-1.307
-0.28757,0.5965,-1.0956
-1.071,0.68826,-0.88981
-1.5335,0.836,-0.66906
-1.0123,0.83399,-0.4601
0.0067175,1.1284,-0.23447
1.124,0.73784,-0.023735
2.1494,-0.02054,0.0075064
2.5401,0.091083,-0.014168
2.2859,0.068657,-0.0018665
1.8125,0.023875,-0.0089525
0.99391,0.06583,-0.0041873
0.34214,0.0074952,-0.0057132
0.25726,0.047047,-0.0050796
0.41581,0.0078138,-0.0034674
0.84135,0.026731,-0.0050233
1.3753,0.015158,-0.0027513
1.7739,-0.0057426,-0.0037711
1.9901,0.016647,-0.0022002
1.9751,0.010899,-0.0021777
1.4325,0.012433,-0.0017915
0.44684,0.005287,-0.0012217
-0.62898,0.0047734,-0.00097048
-1.6625,0.0068579,-0.00016066
-2.278,0.010243,0.00015427
-2.44,0.011473,0.0017364
-2.1311,0.0047397,0.0028124
-1.3735,0.010157,0.0037497
-0.57214,0.0091298,0.0052494
0.061686,0.00091942,0.0052606
0.41319,0.004391,0.0063854
0.38215,-0.00017904,0.0067716
0.0089611,0.0094447,0.0072477
-0.42294,-0.0015362,0.0082037
-0.86643,0.0041923,0.0073264
-1.1918,0.0025802,0.0095872
-1.0837,-0.0084606,0.0081213
-0.77294,0.015953,0.010307
-0.26102,-0.022085,0.009426
0.40758,0.02585,0.0099134
0.92623,-0.026883,0.011784
1.3084,0.012549,0.0080613
1.3443,-0.0024547,0.015263
1.0781,-0.029084,0.0055681
0.60203,0.079585,0.019069
0.15368,-0.19347,0.00055918
-0.12528,0.9825,0.055113
-0.2083,2.3109,0.39671
0.2666,1.9657,0.78233
0.654,1.9535,1.1131
1.2314,1.9886,1.4551
1.9516,1.9412,1.76
1.891,2.0325,2.0575
1.8566,1.9989,2.3347
1.4957,2.082,2.5988
0.71383,2.085,2.8519
0.31522,2.1322,3.0896
-0.19521,2.1562,3.3203
-0.49997,2.1589,3.5322
-0.37769,2.1971,3.7334
-0.16716,2.2085,3.9251
0.080383,2.23,4.1076
0.3111,2.2303,4.2774
0.52874,2.2267,4.4321
0.52238,2.2212,4.5747
0.4345,2.2005,4.7027
0.215,2.1685,4.814
-0.071062,2.1381,4.909
-0.15034,2.1119,4.9895
-0.0089879,2.0902,5.0586
0.41319,2.0657,5.1171
0.8305,2.0296,5.1629
1.197,1.9865,5.1964
1.3237,1.9355,5.2161
1.1353,1.8876,5.2227
0.77965,1.8477,5.2204
0.12376,1.7987,5.2074
-0.43116,1.7425,5.1829
-0.87839,1.6956,5.1491
-1.2067,1.6481,5.1065
-1.2329,1.5947,5.0557
-1.1147,1.5432,4.9971
-0.64805,1.481,4.9299
-0.1006,1.4144,4.854
0.29465,1.3473,4.7693
0.55828,1.2863,4.6771
0.56202,1.2321,4.58
0.3814,1.1563,4.4764
0.075896,1.0771,4.3637
-0.25728,1.0063,4.2438
-0.60392,0.9441,4.1191
-0.74041,0.87374,3.9897
-0.64356,0.79754,3.8544
-0.61215,0.73941,3.7168
-0.54634,0.65525,3.5748
-0.50184,0.57291,3.4241
-0.54148,0.5149,3.2705
-0.63795,0.43131,3.1154
-0.84511,0.34096,2.9526
-0.98459,0.26416,2.7847
-1.0504,0.15982,2.6108
-1.0175,0.063397,2.428
-0.87765,-0.037905,2.2401
-0.67909,-0.13343,2.0453
-0.36086,-0.21643,1.8495
-0.083402,-0.33862,1.6466
0.11404,-0.41093,1.4427
0.21276,-0.5572,1.2368
0.13124,-0.62391,1.025
-0.06807,-0.74325,0.8181
-0.29206,-0.85265,0.59612
-0.3818,-0.88837,0.38905
-0.40611,-1.1631,0.15615
-0.27299,-0.58567,-0.027747
0.10058,0.029974,-0.032134
0.40421,-0.14513,-0.019019
0.6727,-0.06633,-0.028819
0.8922,-0.063901,-0.021778
0.91352,-0.073,-0.027203
0.8578,-0.037002,-0.023923
0.72468,-0.073435,-0.026131
0.45881,-0.036349,-0.02609
0.14919,-0.055274,-0.025558
-0.15333,-0.042059,-0.027395
-0.35787,-0.044751,-0.026304
-0.4106,-0.043934,-0.027818
-0.40088,-0.035877,-0.027485
-0.31823,-0.040346,-0.028084
-0.16642,-0.035671,-0.028546
-0.074053,-0.036586,-0.028995
-0.085645,-0.032237,-0.02928
-0.11519,-0.039098,-0.029753
-0.11219,-0.037913,-0.031511
-0.03292,-0.033272,-0.032239
0.11105,-0.037493,-0.03327
0.25389,-0.032972,-0.034484
0.40197,-0.033703,-0.034728
0.56127,-0.031045,-0.035755
0.66036,-0.02935,-0.035838
0.63194,-0.035105,-0.036914
0.56426,-0.019621,-0.0367
0.41281,-0.0375,-0.037161
0.20117,-0.017301,-0.038331
0.044111,-0.027509,-0.036921
-0.1552,-0.026917,-0.040041
-0.29169,-0.0097015,-0.037229
-0.27299,-0.047379,-0.040832
-0.068818,0.012946,-0.03859
0.16564,-0.068617,-0.039369
0.34962,0.028055,-0.042073
0.51041,-0.061344,-0.0355
0.49882,-0.0031295,-0.049477
0.46517,0.01205,-0.022239
0.23033,-1.523,-0.16621
0.12226,-2.1975,-0.5622
0.087114,-1.8291,-0.92246
-0.17988,-2.0059,-1.2579
0.048225,-1.9464,-1.5899
-0.012353,-1.9897,-1.8888
-0.12267,-2.02,-2.1819
0.21276,-2.0275,-2.4505
0.011579,-2.0982,-2.7128
0.066922,-2.0944,-2.9588
0.23893,-2.162,-3.1946
0.20864,-2.1576,-3.4194
0.48274,-2.1798,-3.6269
0.65027,-2.2091,-3.826
0.81779,-2.2257,-4.014
0.96886,-2.2423,-4.1922
1.1349,-2.235,-4.3565
1.2445,-2.2385,-4.5075
1.2183,-2.2217,-4.6451
1.1465,-2.1996,-4.7672
0.95951,-2.1768,-4.8742
0.85892,-2.1436,-4.9657
0.68579,-2.1197,-5.0438
0.63718,-2.0976,-5.1101
0.67008,-2.067,-5.165
0.62484,-2.0313,-5.2078
0.70823,-1.9879,-5.2378
0.68317,-1.9378,-5.2546
0.59604,-1.8916,-5.2585
0.51714,-1.8516,-5.2526
0.43002,-1.8007,-5.2371
0.258,-1.7439,-5.2104
0.0074654,-1.6976,-5.1741
-0.18399,-1.6502,-5.1296
-0.42967,-1.5915,-5.0771
-0.5785,-1.5306,-5.0157
-0.68095,-1.4707,-4.9456
-0.8309,-1.4074,-4.8666
-0.9027,-1.3422,-4.7799
-0.99245,-1.2773,-4.6861
-1.0747,-1.2158,-4.5859
-1.1529,-1.1517,-4.4809
-1.191,-1.0752,-4.3687
-1.1648,-1.0029,-4.2478
-1.0856,-0.93955,-4.122
-0.96103,-0.86483,-3.991
-0.89709,-0.80286,-3.8543
-0.78865,-0.73725,-3.716
-0.6645,-0.64022,-3.5708
-0.58186,-0.56849,-3.4179
-0.48838,-0.50782,-3.2645
-0.45659,-0.4114,-3.1061
-0.4435,-0.32692,-2.9399
-0.37881,-0.24251,-2.7702
-0.32646,-0.13211,-2.5914
-0.29094,-0.045643,-2.4049
-0.17165,0.066017,-2.2136
-0.016841,0.15026,-2.0172
0.1548,0.25694,-1.8181
0.34214,0.35545,-1.6115
0.45283,0.43791,-1.408
0.54294,0.59079,-1.1971
0.61661,0.63265,-0.98782
0.59305,0.79839,-0.77324
0.52275,0.82662,-0.55302
0.48087,1.0057,-0.3421
0.37542,1.069,-0.10098
0.2696,0.22227,0.014787
0.24866,-0.017938,-0.010977
0.14694,0.13351,-0.0059156
0.091601,0.005167,-0.005192
0.10768,0.06881,-0.0071641
0.04972,0.022911,-0.0033474
0.040372,0.033678,-0.0065792
-0.048251,0.031927,-0.0027213
-0.17315,0.014285,-0.0047309
-0.22064,0.028107,-0.0029538
-0.36722,0.0043873,-0.0028038
-0.46183,0.021325,-0.0027363
-0.49735,0.0093884,-0.0016978
-0.49586,0.011413,-0.0020165
-0.43565,0.011653,-0.00089549
-0.37433,0.0079788,-0.00076802
-0.29056,0.0083087,-0.00025439
-0.2498,0.0048334,-6.9411e-06
-0.064331,0.0085412,0.00079913
0.094219,0.0087361,0.0018676
0.11217,0.0095684,0.0029624
0.25913,0.0057819,0.0041359
0.36944,0.0043498,0.004972
0.48199,-0.0015849,0.0055831
0.61661,0.0032625,0.006018
0.62671,0.0034875,0.0070452
0.65924,-0.0008876,0.0068878
0.69476,0.0066329,0.0082487
0.62932,-0.0068035,0.00817
0.52612,0.0095121,0.0086086
0.44535,-0.0074296,0.0094747
0.36158,0.0081738,0.0086049
0.31036,-0.0031183,0.011222
0.2954,-0.0096078,0.008215
0.22547,0.021786,0.012433
0.22771,-0.037253,0.0093735
0.2666,0.046279,0.011773
0.28717,-0.060073,0.012643
0.2782,0.061159,0.0079338
0.18396,-0.055597,0.019642
0.1189,0.038979,-0.0055782
-0.063209,1.704,0.16241
-0.081158,2.2463,0.55809
-0.10883,1.8339,0.90527
-0.32871,1.9871,1.2386
-0.16342,1.9088,1.564
-0.18324,1.9583,1.86
-0.30253,1.9683,2.1487
-0.09275,1.9875,2.4125
-0.16791,2.0548,2.6712
-0.11855,2.052,2.9144
0.14732,2.0865,3.1448
0.16602,2.0833,3.3601
0.3485,2.1344,3.5645
0.55902,2.1408,3.762
0.63082,2.1434,3.9448
0.72468,2.1522,4.1153
0.74861,2.1355,4.2705
0.80545,2.1265,4.4119
0.81592,2.0954,4.5373
0.73889,2.0666,4.646
0.72879,2.0421,4.7412
0.69663,2.0156,4.8227
0.65288,1.9911,4.8924
0.73889,1.9584,4.9502
0.83163,1.9206,4.9951
0.9109,1.8774,5.0266
0.98831,1.8305,5.0449
0.92848,1.7897,5.0524
0.78638,1.7397,5.0493
0.63045,1.6876,5.0348
0.38963,1.6448,5.0106
0.13049,1.5935,4.9777
-0.097985,1.5406,4.9357
-0.30103,1.4898,4.8854
-0.45958,1.4274,4.8265
-0.59906,1.3636,4.7581
-0.68582,1.3024,4.6806
-0.75013,1.2411,4.5956
-0.80922,1.1858,4.5049
-0.88251,1.1181,4.4079
-0.92962,1.043,4.3024
-0.97225,0.97543,4.1893
-1.0433,0.90899,4.0703
-1.0489,0.8428,3.9464
-1.047,0.77042,3.8164
-1.0257,0.71124,3.683
-0.95991,0.64271,3.5465
-0.88999,0.54924,3.4014
-0.85932,0.48582,3.251
-0.83651,0.4246,3.1001
-0.73929,0.32942,2.9423
-0.69105,0.24835,2.7776
-0.64169,0.15279,2.6079
-0.50446,0.052971,2.4289
-0.40536,-0.041234,2.2445
-0.26813,-0.13622,2.0533
-0.053113,-0.21397,1.8607
0.11628,-0.33304,1.6619
0.30886,-0.4055,1.4598
0.50929,-0.54187,1.2572
0.60128,-0.61938,1.0474
0.67794,-0.72156,0.84316
0.66896,-0.85284,0.62328
0.61399,-0.86154,0.41657
0.59343,-1.1504,0.18927
0.5063,-0.68372,-0.010208
0.48723,0.014697,-0.02967
0.40534,-0.12608,-0.011224
0.29428,-0.076438,-0.022517
0.29016,-0.049775,-0.015214
0.2064,-0.079032,-0.020312
0.21014,-0.032072,-0.017932
0.22734,-0.068452,-0.019191
0.16901,-0.031495,-0.020027
0.15293,-0.055016,-0.018805
0.044859,-0.04312,-0.020894
-0.056852,-0.035349,-0.019784
-0.14248,-0.040402,-0.021141
-0.25205,-0.030299,-0.020987
-0.29767,-0.038903,-0.02146
-0.36199,-0.035086,-0.021966
-0.43191,-0.033504,-0.022476
-0.45771,-0.028285,-0.022667
-0.44612,-0.030467,-0.022689
-0.40461,-0.032248,-0.023855
-0.31337,-0.032117,-0.024785
-0.21204,-0.032196,-0.026041
-0.099107,-0.030194,-0.027016
0.035885,-0.026718,-0.027904
0.091601,-0.023213,-0.028099
0.19855,-0.032863,-0.028827
0.36532,-0.025459,-0.02955
0.44161,-0.026175,-0.029427
0.49134,-0.023217,-0.030795
0.51153,-0.018467,-0.030086
0.48274,-0.032004,-0.031826
0.44647,-0.011595,-0.031136
0.40197,-0.038336,-0.031744
0.34588,-0.0049628,-0.032985
0.2939,-0.031266,-0.030945
0.28792,-0.020416,-0.035125
0.25277,-0.0072872,-0.030023
0.18733,-0.054169,-0.036681
0.22659,0.046871,-0.030364
0.1978,-0.11792,-0.035796
0.23931,0.1454,-0.034049
0.26586,-0.45803,-0.033243
0.14582,-2.0318,-0.29718
0.32382,-2.0163,-0.69974
0.22958,-1.8415,-1.0317
0.17349,-1.9859,-1.3699
0.44946,-1.8912,-1.6809
0.25277,-1.9868,-1.9747
0.31746,-1.9542,-2.2549
0.37579,-2.0143,-2.5153
0.049346,-2.0478,-2.7706
0.11254,-2.0595,-3.0084
0.082627,-2.0883,-3.2352
0.050842,-2.0945,-3.4461
0.24118,-2.142,-3.649
0.34775,-2.1422,-3.8419
0.47489,-2.15,-4.0207
0.48237,-2.1449,-4.187
0.54743,-2.1339,-4.3379
0.58707,-2.12,-4.4744
0.52462,-2.0897,-4.5952
0.59044,-2.0651,-4.7006
0.59081,-2.0381,-4.792
0.5594,-2.0117,-4.8702
0.5751,-1.9891,-4.9368
0.58557,-1.958,-4.9921
0.59791,-1.9136,-5.0337
0.64727,-1.8642,-5.0615
0.66298,-1.8198,-5.0766
0.56052,-1.7802,-5.0809
0.42628,-1.7328,-5.0754
0.27595,-1.6808,-5.0585
0.15181,-1.6331,-5.0315
0.059069,-1.5857,-4.9963
-0.022824,-1.5349,-4.9524
-0.027685,-1.4795,-4.8998
-0.054982,-1.4178,-4.8385
-0.12229,-1.3546,-4.7677
-0.1997,-1.2929,-4.6886
-0.34366,-1.2298,-4.6016
-0.50034,-1.171,-4.5079
-0.65478,-1.1115,-4.4092
-0.77145,-1.0369,-4.3034
-0.89896,-0.96228,-4.1887
-1.0298,-0.904,-4.0684
-1.0556,-0.83284,-3.943
-1.0545,-0.7635,-3.811
-0.99955,-0.71115,-3.677
-0.884,-0.62371,-3.5379
-0.81071,-0.53731,-3.3898
-0.72845,-0.48525,-3.2397
-0.6402,-0.4042,-3.0869
-0.61626,-0.31529,-2.9258
-0.5755,-0.23773,-2.7598
-0.48838,-0.12527,-2.5863
-0.40424,-0.034036,-2.4038
-0.33618,0.068975,-2.2156
-0.24831,0.1546,-2.0218
-0.13501,0.24884,-1.8264
-0.076671,0.35967,-1.6227
0.040746,0.42785,-1.421
0.15255,0.5746,-1.2141
0.19331,0.62773,-1.0059
0.28904,0.77717,-0.79631
0.31783,0.82823,-0.57631
0.39674,0.95438,-0.36927
0.46404,1.1139,-0.12942
0.47751,0.33539,0.012219
0.60764,-0.045242,-0.0066467
0.61624,0.13518,-0.0073291
0.60801,0.013617,-0.003175
0.57623,0.060934,-0.0073628
0.46404,0.03228,-0.0023314
0.43039,0.024235,-0.0058519
0.31783,0.034788,-0.0021627
0.20752,0.0082037,-0.0039773
0.11067,0.032314,-0.0029388
-0.019832,0.0087773,-0.0022377
-0.085271,0.019215,-0.0026763
-0.13538,0.012515,-0.0011729
-0.16193,0.010536,-0.0015591
-0.1537,0.011147,-0.00067429
-0.14809,0.0084324,-0.0001794
-0.12678,0.0099545,0.00044671
-0.10584,0.00079195,0.00041297
-0.11556,0.0062768,0.0011366
-0.093872,0.0085637,0.0021601
-0.070688,0.0076339,0.0030936
-0.054608,0.0081962,0.0042746
-0.017589,0.0062355,0.0052606
-0.043764,-0.0022897,0.0061679
-0.0037528,0.0012718,0.0061379
0.089358,0.0043798,0.0074651
0.072531,-0.0041193,0.0075364
0.096837,0.0081213,0.0080013
0.1791,-0.0064286,0.0085749
0.1892,0.0075814,0.0086124
0.22996,-0.0053339,0.010371
0.29839,-0.0058663,0.0088073
0.28418,0.010851,0.011496
0.33653,-0.019456,0.0093097
0.37991,0.027046,0.011799
0.393,-0.038164,0.011402
0.40833,0.03288,0.010228
0.35598,-0.030107,0.015177
0.33915,0.0087661,0.0063591
0.20977,0.026709,0.021371
0.15106,-0.1285,-0.0041948
0.064304,1.3282,0.098724
0.0040999,2.3022,0.47214
0.1548,1.86,0.83834
0.032519,1.9506,1.1668
0.13535,1.9239,1.5004
0.25314,1.921,1.7994
0.085245,1.9748,2.0922
0.27707,1.9506,2.3609
0.2681,2.0279,2.6211
0.19443,2.0238,2.8686
0.34625,2.0627,3.1019
0.2696,2.0605,3.3226
0.31746,2.0913,3.5289
0.43039,2.1235,3.7296
0.46143,2.123,3.9166
0.47938,2.1312,4.0911
0.45357,2.115,4.2518
0.49172,2.1043,4.3981
0.43301,2.0792,4.5294
0.39674,2.0466,4.6431
0.43974,2.017,4.7417
0.40945,1.9935,4.8271
0.42852,1.9739,4.9008
0.53509,1.9411,4.9635
0.61624,1.9013,5.0133
0.6813,1.8523,5.0488
0.72954,1.806,5.071
0.69215,1.7653,5.0816
0.56127,1.7144,5.0821
0.37355,1.6715,5.0715
0.1993,1.6242,5.0501
-0.013849,1.5739,5.0196
-0.2255,1.5267,4.9805
-0.3115,1.4728,4.9336
-0.37881,1.4209,4.8785
-0.4364,1.353,4.814
-0.41695,1.2889,4.74
-0.44089,1.2344,4.6576
-0.49174,1.1767,4.5689
-0.51792,1.1135,4.4744
-0.56503,1.0408,4.3714
-0.63346,0.97377,4.2607
-0.71685,0.90686,4.1434
-0.75312,0.84176,4.0204
-0.77855,0.76978,3.8921
-0.81333,0.71148,3.759
-0.79388,0.64985,3.6237
-0.7692,0.55585,3.4813
-0.72134,0.48799,3.3316
-0.67497,0.43091,3.181
-0.65702,0.33952,3.0256
-0.59682,0.25775,2.8617
-0.53998,0.17355,2.6945
-0.45584,0.067618,2.5188
-0.3388,-0.019685,2.3347
-0.24457,-0.12089,2.1447
-0.10883,-0.19349,1.9512
0.022797,-0.30662,1.7546
0.1432,-0.3961,1.5502
0.26062,-0.4908,1.3487
0.27782,-0.62422,1.1387
0.30325,-0.66607,0.93219
0.32344,-0.83751,0.71759
0.26735,-0.83391,0.50197
0.27857,-1.0482,0.29064
0.25464,-1.0187,0.054555
0.26174,-0.16533,-0.039201
0.32943,-0.027228,-0.011311
0.28867,-0.1407,-0.019608
0.33578,-0.0307,-0.017662
0.36383,-0.0911,-0.017328
0.33429,-0.032124,-0.019705
0.34775,-0.060231,-0.016968
0.28156,-0.048837,-0.02035
0.22285,-0.036016,-0.018254
0.12376,-0.050986,-0.020185
0.030276,-0.031483,-0.019795
0.003352,-0.042622,-0.020384
-0.075923,-0.031738,-0.020995
-0.11182,-0.036728,-0.020759
-0.13837,-0.032807,-0.021853
-0.18773,-0.031599,-0.021955
-0.16417,-0.032282,-0.022359
-0.12977,-0.027922,-0.022524
-0.090133,-0.031918,-0.023353
0.00073447,-0.030449,-0.02423
0.066174,-0.029931,-0.025348
0.090854,-0.031663,-0.026442
0.13685,-0.03365,-0.02729
0.16714,-0.028008,-0.027755
0.2236,-0.029714,-0.028313
0.25015,-0.022482,-0.029348
0.18621,-0.02102,-0.029134
0.1993,-0.027329,-0.03048
0.18995,-0.015198,-0.030131
0.11441,-0.031502,-0.03114
0.13423,-0.009038,-0.031481
0.12713,-0.029766,-0.030758
0.10544,-0.01387,-0.033142
0.13984,-0.01567,-0.030356
0.13947,-0.036672,-0.034844
0.18696,0.011038,-0.030735
0.16527,-0.067324,-0.03463
0.16452,0.043643,-0.03333
0.17723,-0.093068,-0.031372
0.1189,0.071577,-0.040314
0.10955,-0.15423,-0.018382
-0.073679,-1.7813,-0.21495
0.039998,-2.1289,-0.61896
0.077018,-1.8055,-0.96324
-0.098733,-1.9811,-1.2986
0.25913,-1.889,-1.6197
0.25202,-1.9607,-1.9147
0.28081,-1.9547,-2.2014
0.53659,-1.9809,-2.4643
0.29951,-2.0371,-2.7226
0.41094,-2.0364,-2.9646
0.48835,-2.0725,-3.1947
0.41693,-2.0692,-3.4099
0.62185,-2.1155,-3.6149
0.66074,-2.1246,-3.8121
0.70336,-2.1278,-3.9949
0.63905,-2.1279,-4.1653
0.59118,-2.1154,-4.3208
0.5837,-2.1047,-4.4626
0.46517,-2.0755,-4.5887
0.48162,-2.0487,-4.6991
0.45283,-2.0191,-4.7948
0.42141,-1.993,-4.8766
0.43151,-1.9689,-4.9469
0.49284,-1.9388,-5.0058
0.59492,-1.8991,-5.0522
0.63718,-1.8485,-5.0848
0.64466,-1.8015,-5.1033
0.56762,-1.7634,-5.1107
0.41618,-1.7209,-5.1087
0.21537,-1.6674,-5.0954
0.057199,-1.6152,-5.0715
-0.10883,-1.5695,-5.0385
-0.27299,-1.519,-4.9968
-0.35264,-1.4656,-4.9469
-0.43528,-1.4102,-4.8887
-0.48501,-1.3472,-4.8213
-0.52241,-1.2844,-4.7453
-0.56765,-1.2239,-4.661
-0.57289,-1.1651,-4.5695
-0.5942,-1.1076,-4.4729
-0.59794,-1.0392,-4.3696
-0.58074,-0.96295,-4.2574
-0.63272,-0.89969,-4.1383
-0.63945,-0.83051,-4.0145
-0.61851,-0.75811,-3.8836
-0.64618,-0.7046,-3.7495
-0.60766,-0.62598,-3.6122
-0.5755,-0.54039,-3.4658
-0.57812,-0.4852,-3.3153
-0.57775,-0.4142,-3.1636
-0.57513,-0.31901,-3.0048
-0.52128,-0.24671,-2.8398
-0.45659,-0.15245,-2.6695
-0.37246,-0.047139,-2.4896
-0.26214,0.043017,-2.3035
-0.15258,0.14012,-2.1104
-0.015719,0.21937,-1.9154
0.1002,0.33689,-1.7142
0.19481,0.40143,-1.5098
0.28867,0.53568,-1.3062
0.34887,0.62706,-1.094
0.37804,0.7087,-0.88722
0.30026,0.85344,-0.66583
0.23071,0.85692,-0.45559
0.22585,1.1363,-0.22817
0.15816,0.7177,-0.020339
0.18696,-0.026864,0.0079113
0.215,0.095642,-0.013208
0.19107,0.066797,-0.001083
0.23332,0.023537,-0.0078427
0.20229,0.061548,-0.0031262
0.22472,0.0083012,-0.0050046
0.27147,0.048127,-0.0041198
0.23557,0.0091635,-0.0025939
0.21201,0.025086,-0.0038536
0.15816,0.017074,-0.0015553
0.10394,0.0087586,-0.0027101
0.037754,0.019087,-0.0011579
0.003726,0.0087736,-0.0012329
-0.022824,0.012939,-0.00081301
-0.076297,0.0066667,-0.00016816
-0.063209,0.009051,6.4293e-05
-0.093872,0.0030451,0.00073914
-0.1021,0.001718,0.00086661
-0.056104,0.0086161,0.0018564
-0.0063704,0.0089798,0.0031161
0.070661,0.007109,0.0042371
0.099454,0.0084362,0.0052981
0.14171,0.0030751,0.0061379
0.19219,0.0020591,0.006093
0.26025,0.0076039,0.0073827
0.29577,-0.0018211,0.0077876
0.24566,0.0075027,0.0080913
0.27408,-0.0044567,0.0089686
0.25688,0.0029701,0.0085112
0.16153,0.00071697,0.010423
0.15667,-0.0059113,0.0090585
0.11965,0.014922,0.011357
0.078888,-0.02427,0.0099733
0.081505,0.026956,0.011177
0.075896,-0.032398,0.012575
0.088236,0.017936,0.0091335
0.079635,-0.0050902,0.016144
0.12039,-0.026137,0.0063629
0.10469,0.07506,0.020493
0.084123,-0.18755,0.00057793
0.067295,1.0339,0.061663
0.032519,2.2922,0.40707
0.18658,1.9075,0.78749
0.13834,1.916,1.1152
0.15592,1.9434,1.4537
0.28642,1.8964,1.7571
0.087862,1.9684,2.0522
0.22211,1.9316,2.3257
0.29876,2.0129,2.5877
0.14208,2.0115,2.8392
0.35037,2.0456,3.0755
0.36158,2.0495,3.3005
0.37243,2.0695,3.5093
0.57099,2.1041,3.7121
0.61549,2.0993,3.9025
0.66373,2.117,4.0805
0.64279,2.1026,4.2449
0.63306,2.089,4.3952
0.61998,2.0701,4.5314
0.54257,2.0353,4.6505
0.5579,2.0058,4.7544
0.50742,1.9806,4.8435
0.42403,1.9525,4.9202
0.47676,1.9243,4.9856
0.51041,1.8883,5.0385
0.53958,1.8458,5.0785
0.57361,1.7996,5.1046
0.52387,1.7438,5.1184
0.43114,1.7,5.1219
0.25875,1.6626,5.1146
0.093845,1.6135,5.0967
-0.025441,1.5617,5.0691
-0.16604,1.5111,5.0326
-0.26514,1.4636,4.9876
-0.30963,1.4136,4.9346
-0.36386,1.3505,4.8727
-0.42182,1.2875,4.8009
-0.43864,1.2277,4.7211
-0.48613,1.1713,4.6343
-0.54484,1.1137,4.5414
-0.5598,1.0442,4.441
-0.62599,0.97636,4.3329
-0.68993,0.90406,4.217
-0.72845,0.83877,4.0952
-0.75088,0.77421,3.9688
-0.73293,0.70972,3.8363
-0.71835,0.65607,3.7021
-0.62299,0.57133,3.5626
-0.56204,0.49102,3.4137
-0.56466,0.43841,3.2628
-0.51343,0.35672,3.1089
-0.51007,0.26681,2.9463
-0.4723,0.19745,2.7795
-0.38517,0.090678,2.6067
-0.30889,-0.002301,2.4241
-0.224,-0.088419,2.2368
-0.15782,-0.17767,2.0439
-0.072183,-0.26537,1.849
0.024667,-0.38097,1.6454
0.12114,-0.44622,1.4416
0.18733,-0.59194,1.235
0.24978,-0.65435,1.0235
0.29615,-0.77633,0.81487
0.22697,-0.85989,0.59239
0.22435,-0.91794,0.38552
0.20939,-1.1698,0.14878
0.1907,-0.52226,-0.026019
0.30774,0.034904,-0.023012
0.27147,-0.14724,-0.013268
0.27969,-0.051387,-0.021617
0.30886,-0.065948,-0.014977
0.2236,-0.064021,-0.020631
0.25127,-0.037707,-0.017002
0.20229,-0.066503,-0.019795
0.14171,-0.028038,-0.019375
0.14657,-0.051987,-0.019131
0.055703,-0.038205,-0.02056
-0.011979,-0.038539,-0.019713
-0.024693,-0.03879,-0.0214
-0.053487,-0.033725,-0.020819
-0.072931,-0.034602,-0.021486
-0.087141,-0.042764,-0.022097
-0.078914,-0.040293,-0.022404
-0.049373,-0.026287,-0.022487
-0.039277,-0.031476,-0.022933
-0.0078661,-0.032503,-0.024122
0.02504,-0.036582,-0.025051
0.041494,-0.030542,-0.0263
0.10432,-0.027633,-0.027473
0.13872,-0.025789,-0.028039
0.16489,-0.027404,-0.028407
0.21911,-0.02523,-0.029423
0.20565,-0.020457,-0.02919
0.20528,-0.028435,-0.030199
0.23033,-0.013109,-0.030233
0.18322,-0.035423,-0.030731
0.17013,-0.016397,-0.031849
0.19406,-0.023198,-0.030728
0.15255,-0.022947,-0.033423
0.15629,-0.0043892,-0.030465
0.16527,-0.046367,-0.034267
0.16527,0.015327,-0.032032
0.14433,-0.062326,-0.033221
0.13984,0.028962,-0.035403
0.16377,-0.060156,-0.029202
0.071409,0.0068204,-0.042807
0.083375,0.0013168,-0.015847
-0.014597,-1.5443,-0.16257
0.0018563,-2.1885,-0.55639
0.10207,-1.8002,-0.91288
-0.067696,-1.9626,-1.2454
0.26436,-1.8962,-1.574
0.35635,-1.9342,-1.871
0.26997,-1.9555,-2.1619
0.59604,-1.9537,-2.4279
0.34102,-2.0261,-2.6882
0.29876,-2.0245,-2.9343
0.46666,-2.0593,-3.1679
0.36532,-2.0483,-3.3875
0.5321,-2.0882,-3.5939
0.57959,-2.1092,-3.7938
0.6454,-2.1086,-3.9801
0.61175,-2.1121,-4.154
0.53734,-2.0982,-4.3134
0.59717,-2.0872,-4.4589
0.48199,-2.0611,-4.5892
0.49583,-2.0368,-4.7041
0.49545,-2.0087,-4.8046
0.44049,-1.9796,-4.8908
0.4547,-1.9546,-4.9646
0.49508,-1.9247,-5.0264
0.57099,-1.8876,-5.0763
0.60913,-1.8422,-5.1132
0.6297,-1.7939,-5.136
0.53696,-1.7544,-5.1469
0.40459,-1.7135,-5.1481
0.2236,-1.6612,-5.1381
0.057573,-1.6114,-5.1175
-0.068444,-1.5627,-5.088
-0.23073,-1.5135,-5.0498
-0.26701,-1.4644,-5.0025
-0.34591,-1.4059,-4.9468
-0.41434,-1.3426,-4.8818
-0.41135,-1.2795,-4.8075
-0.47641,-1.2167,-4.7249
-0.50782,-1.1613,-4.6352
-0.54297,-1.1059,-4.5403
-0.55195,-1.0417,-4.4388
-0.5755,-0.96782,-4.3291
-0.6387,-0.89839,-4.212
-0.65179,-0.83591,-4.0896
-0.66151,-0.76273,-3.9608
-0.65964,-0.70698,-3.8272
-0.61028,-0.6422,-3.6918
-0.56279,-0.55178,-3.5482
-0.57289,-0.48776,-3.3978
-0.54035,-0.42767,-3.2465
-0.50633,-0.33774,-3.0901
-0.50296,-0.25432,-2.9255
-0.42855,-0.17303,-2.7561
-0.33805,-0.06717,-2.5779
-0.23447,0.020853,-2.3924
-0.15482,0.12028,-2.2015
-0.050869,0.196,-2.006
0.064304,0.30508,-1.808
0.13498,0.38992,-1.6021
0.21874,0.47505,-1.3993
0.2423,0.62215,-1.1877
0.29315,0.66024,-0.97849
0.28007,0.8322,-0.76309
0.1978,0.84479,-0.54243
0.22585,1.0305,-0.32972
0.17275,1.0451,-0.090204
0.16714,0.18714,0.016054
0.23781,-0.0062149,-0.011206
0.22996,0.12936,-0.0042997
0.28941,0.0074165,-0.0045134
0.28829,0.070044,-0.0060618
0.24866,0.015777,-0.0027926
0.25464,0.031496,-0.0055557
0.23669,0.027406,-0.0019453
0.21911,0.0137,-0.004041
0.16003,0.027841,-0.002039
0.098706,0.007244,-0.0020652
0.038128,0.022937,-0.0017803
-0.0045007,0.010269,-0.0010267
-0.019832,0.0086761,-0.0013079
-0.025067,0.010566,-0.00022064
-0.019832,0.0098046,4.5547e-05
-0.043016,0.0055794,0.00078413
-0.029555,0.0033563,0.00086287
-0.012353,0.0086499,0.0015115
0.032519,0.0050546,0.0026812
0.094593,0.0069103,0.003761
0.12077,0.0094034,0.0049345
0.2049,0.0037987,0.0061342
0.22061,0.00090067,0.0062392
0.20266,0.0052008,0.006914
0.25426,-0.0021698,0.008155
0.23258,0.0027714,0.0076376
0.19256,0.0043235,0.009111
0.20042,-0.0055514,0.0086424
0.15255,0.010367,0.0096847
0.10544,-0.014815,0.0099059
0.093845,0.011709,0.0096509
0.070287,-0.0075758,0.011863
0.081131,-0.00026152,0.0092273
0.091228,0.009186,0.013689
0.13049,-0.029069,0.0091973
0.11815,0.045401,0.013996
0.11404,-0.071129,0.011192
0.12002,0.084796,0.011244
0.028406,-0.11831,0.01746
0.052712,0.22075,0.00035298
-0.01011,1.9187,0.21533
0.040746,2.1583,0.61741
0.13498,1.8147,0.95588
0.034015,1.9706,1.293
0.23968,1.8692,1.6133
0.19443,1.9405,1.9093
0.096089,1.9228,2.1957
0.33354,1.9537,2.4597
0.22921,2.0032,2.7186
0.304,2.0053,2.9607
0.47077,2.0294,3.1914
0.41468,2.0234,3.407
0.56987,2.0747,3.6128
0.67121,2.0804,3.8103
0.70748,2.0784,3.9936
0.67607,2.0787,4.1647
0.60539,2.0622,4.3205
0.59567,2.0401,4.4621
0.48985,2.0112,4.5881
0.44198,1.9791,4.6973
0.41468,1.9534,4.7926
0.33429,1.9302,4.8754
0.34588,1.8985,4.9462
0.42665,1.8704,5.0053
0.49022,1.8285,5.0506
0.52387,1.7775,5.0819
0.52649,1.7325,5.1008
0.48685,1.6908,5.1087
0.34364,1.6424,5.1062
0.15368,1.5919,5.0927
0.013822,1.5485,5.0698
-0.14548,1.5006,5.0377
-0.28084,1.4541,4.9971
-0.33768,1.4037,4.9488
-0.40536,1.3373,4.8907
-0.45958,1.2753,4.8229
-0.46744,1.2195,4.7468
-0.49212,1.1615,4.6624
-0.5239,1.1003,4.5716
-0.52241,1.0366,4.4743
-0.53661,0.96896,4.3693
-0.57214,0.89267,4.256
-0.5957,0.83644,4.1363
-0.58784,0.77664,4.0127
-0.57438,0.70375,3.8827
-0.57326,0.65415,3.7494
-0.49959,0.5764,3.6128
-0.45734,0.49276,3.4668
-0.45584,0.43562,3.3165
-0.42967,0.36235,3.1646
-0.46145,0.2784,3.005
-0.46856,0.19263,2.8395
-0.43677,0.092725,2.6694
-0.35937,0.0057894,2.4881
-0.28495,-0.073806,2.3016
-0.22288,-0.16787,2.1103
-0.076671,-0.24555,1.9156
0.02691,-0.36158,1.7154
0.12825,-0.42615,1.5108
0.20977,-0.55015,1.3076
0.24566,-0.65157,1.095
0.29278,-0.72017,0.88813
0.2079,-0.87203,0.66822
0.16489,-0.86013,0.45619
0.15293,-1.1402,0.23228
0.075148,-0.83275,0.012118
0.16489,-0.028533,-0.033536
0.21201,-0.089428,-0.0086225
0.17761,-0.10321,-0.0208
0.22958,-0.037534,-0.014456
0.19668,-0.087527,-0.018029
0.19967,-0.029181,-0.017392
0.23445,-0.066375,-0.016848
0.18957,-0.042873,-0.01897
0.19219,-0.049314,-0.017279
0.15218,-0.041917,-0.019473
0.10282,-0.034205,-0.018535
0.079635,-0.044297,-0.01978
0.056077,-0.031637,-0.019683
0.066922,-0.033905,-0.019953
0.023171,-0.03145,-0.020796
0.020553,-0.032765,-0.02095
0.010083,-0.027277,-0.02131
-0.024693,-0.0295,-0.021482
-0.0011352,-0.030696,-0.022682
0.030276,-0.028836,-0.023495
0.075148,-0.028563,-0.024583
0.092723,-0.028499,-0.025865
0.15891,-0.024158,-0.02672
0.17761,-0.022662,-0.026922
0.19556,-0.032559,-0.027796
0.26623,-0.020484,-0.028317
0.20864,-0.029286,-0.028392
0.19705,-0.02325,-0.029389
0.20117,-0.021039,-0.028846
0.126,-0.02839,-0.03072
0.10282,-0.0071972,-0.029652
0.063556,-0.034291,-0.031211
0.031771,0.0034687,-0.031151
0.040372,-0.038085,-0.030604
0.041868,-0.0064849,-0.033873
0.064304,-0.019884,-0.028913
0.048972,-0.0375,-0.036299
0.071409,0.034571,-0.027803
0.048225,-0.11325,-0.037821
0.027284,0.17223,-0.027297
0.027658,-0.70913,-0.050767
-0.044512,-2.1476,-0.3567
0.10918,-1.9322,-0.75277
0.055329,-1.853,-1.0812
0.126,-1.948,-1.4202
0.45395,-1.8712,-1.7273
0.32008,-1.9567,-2.0221
0.525,-1.914,-2.2991
0.57323,-1.9874,-2.5603
0.2939,-2.0004,-2.8154
0.47526,-2.0184,-3.0531
0.40608,-2.0333,-3.2799
0.43151,-2.0436,-3.4909
0.58595,-2.0843,-3.6951
0.59904,-2.0792,-3.8884
0.65737,-2.0849,-4.0679
0.56351,-2.075,-4.2341
0.61736,-2.064,-4.3859
0.56576,-2.0406,-4.5231
0.46629,-2.0103,-4.644
0.47751,-1.9847,-4.75
0.39711,-1.9553,-4.8417
0.37131,-1.9299,-4.9205
0.37056,-1.9045,-4.9883
0.4618,-1.8702,-5.0441
0.48611,-1.8246,-5.0869
0.49284,-1.778,-5.1154
0.49246,-1.732,-5.1309
0.32494,-1.6892,-5.1361
0.18097,-1.6412,-5.1307
0.03738,-1.5897,-5.1141
-0.081906,-1.5439,-5.088
-0.20456,-1.4949,-5.0532
-0.29318,-1.4473,-5.0103
-0.30776,-1.3964,-4.959
-0.34441,-1.3359,-4.8986
-0.34404,-1.2763,-4.8288
-0.37582,-1.2105,-4.7497
-0.3934,-1.1503,-4.663
-0.41434,-1.0986,-4.5705
-0.46145,-1.0327,-4.4715
-0.48576,-0.96196,-4.3648
-0.54596,-0.89196,-4.2508
-0.58261,-0.82651,-4.1301
-0.57476,-0.75738,-4.0035
-0.56316,-0.69862,-3.8717
-0.5426,-0.64339,-3.7378
-0.48725,-0.55603,-3.5978
-0.45472,-0.48748,-3.4489
-0.44051,-0.43707,-3.2984
-0.42182,-0.35205,-3.1451
-0.41882,-0.25975,-2.9826
-0.36647,-0.18993,-2.8155
-0.29206,-0.087089,-2.6417
-0.22363,0.011795,-2.4573
-0.15557,0.099657,-2.2678
-0.077419,0.186,-2.0726
0.009335,0.27549,-1.8759
0.080383,0.3776,-1.6715
0.16377,0.44206,-1.4673
0.20304,0.59594,-1.2596
0.22323,0.64716,-1.0475
0.22323,0.77796,-0.83792
0.14657,0.86211,-0.61388
0.13947,0.91876,-0.40566
0.1346,1.1604,-0.16714
0.12413,0.48286,0.0044471
0.21463,-0.054476,-0.0013904
0.22136,0.13051,-0.0098035
0.23519,0.026049,-0.0016041
0.26773,0.049747,-0.0078839
0.2423,0.039718,-0.0020615
0.26623,0.016766,-0.0056532
0.2322,0.041124,-0.0025976
0.1993,0.0037087,-0.0032687
0.17312,0.033078,-0.0030663
0.096837,0.011859,-0.0014241
0.052712,0.016373,-0.0022002
0.035885,0.011582,-0.00080176
0.033641,0.0062168,-0.0012292
0.0089611,0.013587,-0.00025439
0.028032,0.0086536,0.00019176
0.054956,0.0081962,0.00072415
0.028032,0.0027339,0.00084787
0.031023,0.0097258,0.001534
0.042616,0.010299,0.0026925
0.085618,0.0084249,0.0036223
0.12526,0.0093697,0.004942
0.15667,0.0050621,0.0057743
0.2079,-0.0019486,0.0065354
0.19705,0.0038474,0.0068428
0.1993,-0.00010031,0.0079863
0.22024,-0.0045016,0.0078438
0.18322,0.0082375,0.0087436
0.15854,-0.0085056,0.0088936
0.13909,0.0062205,0.0092048
0.080009,-0.0062787,0.010618
0.050094,0.0038287,0.0094485
0.046729,-0.0018324,0.012264
0.047103,-0.017076,0.0096659
0.054956,0.021891,0.013141
0.088984,-0.037849,0.010974
0.08861,0.046339,0.012028
0.079261,-0.053445,0.014319
0.11404,0.041802,0.00793
0.047477,-0.022006,0.021502
0.02878,-0.03389,-0.0052408
-0.010484,1.5698,0.13831
0.017936,2.2607,0.52834
0.14171,1.8195,0.88358
0.035137,1.953,1.2168
0.20864,1.8814,1.5469
0.2939,1.9109,1.8448
0.13049,1.9301,2.1367
0.36271,1.9239,2.404
0.32456,1.9931,2.6649
0.27745,1.9823,2.9113
0.47489,2.0117,3.145
0.41244,2.0034,3.3649
0.50406,2.0492,3.5724
0.60577,2.062,3.7734
0.65101,2.0537,3.9605
0.66485,2.0574,4.1356
0.57473,2.0407,4.296
0.611,2.0351,4.4431
0.52126,2.0041,4.5748
0.45133,1.9717,4.6892
0.4431,1.939,4.7888
0.33915,1.9092,4.8746
0.33055,1.8924,4.9493
0.37056,1.8599,5.0128
0.44198,1.8217,5.0628
0.50705,1.7719,5.0997
0.51453,1.7213,5.1228
0.47152,1.6825,5.1334
0.35186,1.6321,5.1348
0.1993,1.5842,5.1256
0.030276,1.5378,5.1046
-0.12528,1.4915,5.0746
-0.24756,1.4476,5.0367
-0.30889,1.3943,4.9905
-0.37657,1.3358,4.9355
-0.42705,1.2769,4.8711
-0.39377,1.2177,4.7979
-0.40536,1.1545,4.7161
-0.43378,1.1002,4.627
-0.44799,1.0419,4.532
-0.46631,0.97074,4.4297
-0.5082,0.8976,4.3181
-0.57737,0.83495,4.1995
-0.58373,0.77708,4.077
-0.55718,0.70323,3.9482
-0.53886,0.65394,3.8151
-0.47604,0.58958,3.6801
-0.42817,0.49754,3.5364
-0.41135,0.43979,3.3865
-0.3762,0.37577,3.2351
-0.37806,0.28915,3.078
-0.37881,0.21603,2.9138
-0.34291,0.1344,2.746
-0.28832,0.026551,2.5686
-0.22587,-0.052875,2.3834
-0.18212,-0.14975,2.1939
-0.10434,-0.22994,1.9983
0.003352,-0.32717,1.8001
0.089358,-0.41964,1.5945
0.17237,-0.50105,1.3913
0.21164,-0.64329,1.18
0.2322,-0.67964,0.96988
0.20902,-0.8403,0.75621
0.12002,-0.86204,0.5355
0.10469,-1.0201,0.32453
0.066548,-1.0942,0.083457
0.094219,-0.26515,-0.03721
0.20079,0.0013768,-0.012484
0.16975,-0.15174,-0.016316
0.21014,-0.027997,-0.017538
0.23819,-0.086725,-0.014899
0.17649,-0.043758,-0.018685
0.19705,-0.055758,-0.015221
0.17387,-0.056006,-0.019053
0.1462,-0.031611,-0.017107
0.12825,-0.054184,-0.018483
0.0744,-0.032555,-0.018584
0.042616,-0.041609,-0.018809
0.022423,-0.033347,-0.019724
0.038128,-0.033455,-0.019206
0.037754,-0.03431,-0.020312
0.048972,-0.030685,-0.020369
0.076644,-0.029459,-0.020931
0.04972,-0.031386,-0.021092
0.051216,-0.034295,-0.021898
0.088984,-0.032293,-0.023072
0.10432,-0.031146,-0.024062
0.12002,-0.027063,-0.025246
0.1877,-0.027802,-0.026101
0.20528,-0.020982,-0.026375
0.16489,-0.026501,-0.027128
0.20416,-0.021312,-0.028009
0.22659,-0.022478,-0.027931
0.17836,-0.027794,-0.02919
0.17387,-0.017979,-0.028561
0.14545,-0.032196,-0.030086
0.068043,-0.011868,-0.02979
0.060191,-0.033178,-0.030053
0.064304,-0.0047266,-0.031695
0.032893,-0.026381,-0.029389
0.032145,-0.023659,-0.033723
0.079261,0.0017704,-0.028759
0.056077,-0.057903,-0.034713
0.069165,0.051482,-0.029753
0.048225,-0.11236,-0.033015
-0.0056225,0.12709,-0.034949
0.0089611,-0.36472,-0.026139
-0.11257,-1.975,-0.27093
0.031023,-2.042,-0.67639
0.028406,-1.8072,-1.0119
0.0014823,-1.9633,-1.3506
0.40571,-1.8598,-1.6668
0.32494,-1.9421,-1.9624
0.46255,-1.9117,-2.246
0.64989,-1.9587,-2.509
0.34251,-1.9927,-2.7674
0.49209,-1.9991,-3.009
0.49321,-2.0251,-3.2397
0.4345,-2.0213,-3.4542
0.5852,-2.0669,-3.6602
0.6024,-2.0655,-3.857
0.6899,-2.0689,-4.0399
0.5852,-2.0644,-4.2105
0.58333,-2.0488,-4.3664
0.57286,-2.032,-4.5086
0.45058,-2.0036,-4.6345
0.47975,-1.9751,-4.7456
0.40272,-1.9415,-4.842
0.35972,-1.9142,-4.9241
0.35934,-1.8908,-4.9952
0.43076,-1.8585,-5.0547
0.49658,-1.8166,-5.1015
0.52425,-1.7712,-5.1348
0.56987,-1.7233,-5.1545
0.42254,-1.6804,-5.1631
0.27221,-1.6354,-5.1613
0.12974,-1.585,-5.1483
-0.041894,-1.5356,-5.1249
-0.18549,-1.4867,-5.0926
-0.30552,-1.4395,-5.0513
-0.34628,-1.388,-5.0022
-0.4263,-1.3304,-4.9444
-0.43528,-1.2684,-4.8771
-0.42219,-1.2079,-4.8011
-0.44201,-1.149,-4.7168
-0.41284,-1.0908,-4.626
-0.44575,-1.0338,-4.5288
-0.46968,-0.96985,-4.425
-0.50221,-0.8975,-4.3137
-0.54148,-0.8295,-4.1947
-0.51754,-0.76462,-4.0702
-0.51904,-0.70358,-3.9396
-0.48464,-0.64935,-3.8062
-0.41957,-0.56705,-3.6682
-0.40948,-0.48714,-3.5207
-0.38928,-0.43766,-3.3698
-0.36984,-0.36324,-3.2177
-0.37246,-0.26962,-3.0574
-0.36797,-0.20495,-2.8904
-0.3403,-0.10952,-2.719
-0.24906,-0.00058393,-2.5367
-0.17502,0.076436,-2.3489
-0.13276,0.17089,-2.1552
-0.019832,0.2501,-1.9583
0.071783,0.36335,-1.7563
0.1447,0.42776,-1.5494
0.22398,0.54907,-1.3445
0.23332,0.64561,-1.1304
0.23332,0.71151,-0.92211
0.15255,0.87499,-0.69969
0.080009,0.85244,-0.48525
0.10506,1.1332,-0.26123
0.065426,0.84228,-0.036876
0.11217,0.013227,0.01244
0.16901,0.069927,-0.013343
0.1533,0.088942,-0.00071178
0.23445,0.014611,-0.0070104
0.22472,0.067194,-0.0034037
0.20117,0.0072028,-0.0038536
0.24155,0.044817,-0.004251
0.22697,0.01629,-0.0018928
0.21537,0.02212,-0.0038423
0.16938,0.020774,-0.0012742
0.11778,0.01151,-0.0022677
0.079261,0.015807,-0.00092924
0.067669,0.0056919,-0.00075677
0.068043,0.014007,-0.00049808
0.082627,0.0050283,0.00027425
0.094219,0.0080388,0.00043921
0.047477,0.0077539,0.0010616
0.029902,0.0078401,0.0011853
0.021301,0.0060031,0.002325
0.084871,0.0017667,0.0023738
0.12638,0.0060781,0.0025275
0.11778,0.0020704,0.0034873
0.1963,-0.00056144,0.0034273
0.1877,0.0014668,0.0034835
0.16639,-0.00055394,0.0036185
0.21687,-0.0032682,0.003566
0.20939,-0.0049403,0.0036035
0.16901,-0.0045991,0.0034948
0.16377,-0.0021473,0.0037272
0.11441,-0.0043067,0.0037872
0.029154,-0.0047153,0.003641
0.032893,-0.0026309,0.003701
0.015318,-0.0057988,0.0035885
-0.0015092,-0.0057351,0.0036897
0.071035,-0.0081194,0.0038322
