0.05346,-0.015348,0.00067166
0.077018,-0.011576,0.00088911
0.057573,-0.0086631,0.00085537
0.063182,-0.0027396,0.001339
0.069165,-0.0082169,0.0017964
0.041494,-0.0085206,0.0019314
0.045607,-0.002151,0.0024488
0.041494,-0.010762,0.0025013
0.046729,-0.00587,0.0029437
0.047477,-0.0081232,0.0031986
0.038502,-0.0064511,0.0028724
0.047103,-0.0054277,0.0039784
0.040372,-0.01254,0.0033336
0.031023,0.0036487,0.0041021
0.040372,-0.023659,0.0037797
0.041494,0.0062355,0.0037422
0.045981,-0.01726,0.0044733
0.050094,-0.0070697,0.0027225
0.052338,0.0051895,0.0056318
0.054956,-0.035675,0.0020738
0.052712,0.04211,0.0061942
0.057947,-0.076966,0.00231
0.039998,0.078786,0.0045408
0.047477,-0.13597,0.0050282
0.033267,0.26648,-0.00056557
0.071409,2.198,0.15904
0.16826,2.7041,0.40211
0.33391,2.4244,0.58594
0.56912,2.4795,0.77237
0.50518,2.3423,0.93455
0.52163,2.408,1.0766
0.56089,2.3092,1.206
0.46143,2.2319,1.3137
0.58034,2.1839,1.4124
0.4102,2.1374,1.495
0.27633,2.136,1.5648
0.2939,2.0323,1.6188
0.10992,1.9708,1.6641
0.075896,1.9086,1.7012
0.051964,1.8032,1.7285
-0.016467,1.6871,1.7494
-0.030302,1.6019,1.7605
-0.034416,1.5087,1.7619
-0.29617,1.4047,1.7547
-0.45136,1.3367,1.7383
-0.2427,1.2712,1.7136
-0.28047,1.1758,1.6814
-0.19895,1.0764,1.6391
-0.018336,0.9935,1.5888
-0.11818,0.89451,1.5318
-0.11332,0.80623,1.4676
-0.075923,0.71479,1.3979
-0.13127,0.61145,1.32
-0.1982,0.52448,1.2371
-0.27972,0.43561,1.1514
-0.40761,0.33905,1.064
-0.56167,0.21529,0.96954
-0.65254,0.13251,0.87063
-0.70302,-0.011677,0.76733
-0.61626,-0.12967,0.65243
-0.43939,-0.24485,0.53646
-0.31973,-0.39906,0.40713
-0.21839,-0.4546,0.28112
-0.17614,-0.71799,0.13906
-0.11668,-0.47577,0.010382
0.010457,0.028298,-0.0038798
0.086366,-0.057115,0.0094147
0.14807,-0.03825,0.0022238
0.2408,-0.010429,0.0067528
0.23632,-0.03831,0.0040122
0.18621,-0.0049028,0.0053094
0.22846,-0.032406,0.0044733
0.24679,-0.0064699,0.0040609
0.23557,-0.018489,0.004867
0.27483,-0.01426,0.0034648
0.30699,-0.010954,0.0043608
0.27408,-0.016656,0.0035473
0.21575,-0.0087155,0.0036747
0.19481,-0.01209,0.003416
0.21313,-0.0089067,0.0031311
0.28455,-0.010478,0.0029849
0.37617,-0.010909,0.0026325
0.40833,-0.011752,0.002565
0.38215,-0.011197,0.0021751
0.35261,-0.01254,0.0019239
0.30849,-0.011194,0.0016802
0.25202,-0.0070922,0.001459
0.21724,-0.0058663,0.0013203
0.17387,-0.0058138,0.0013615
0.066548,-0.0068598,0.0014477
-0.064705,-0.007141,0.0014815
-0.15894,-0.0073621,0.001384
-0.23896,-0.0059338,0.0014252
-0.25915,-0.0079357,0.0014702
-0.19558,-0.0075533,0.0014327
-0.15295,-0.0039768,0.0014852
-0.13164,-0.0072347,0.001444
-0.10584,-0.0065036,0.0015415
-0.15632,-0.0060912,0.0015452
-0.16978,-0.0071784,0.0015002
-0.11145,-0.003047,0.0014552
-0.09462,-0.0053827,0.0014927
-0.083776,-0.0073209,0.0016539
-0.086019,-0.0056826,0.001489
-0.087889,-0.0044567,0.0014402
-0.099107,-0.0019598,0.0017139
-0.076671,-0.0023235,0.0016989
0.0089611,-0.0021585,0.0013915
0.08674,-0.0029271,0.001594
0.15816,-0.0042317,0.001594
0.16714,-0.007036,0.00080288
0.17013,-0.0096678,0.00031549
0.17424,-0.0068185,-8.9423e-05
0.16676,-0.0039805,-0.00056557
0.20939,-0.0065449,-0.00052433
0.23033,-0.0090567,-0.0011879
0.25539,-0.002271,-0.0011917
0.25202,-0.011291,-0.0014391
0.21201,-0.0042992,-0.0018778
0.1978,-0.0090792,-0.0014354
0.1978,-0.0072647,-0.0027663
0.1892,0.0022916,-0.0013716
0.15143,-0.017766,-0.0030813
0.14246,0.010539,-0.001934
0.092349,-0.029931,-0.0022602
0.020927,0.012058,-0.0033812
0.02691,-0.020169,-0.00031062
0.019057,-0.0093491,-0.0054657
0.040746,0.017501,0.0020176
0.077766,-0.068441,-0.0078614
0.071409,0.14508,0.0064679
0.044485,-0.78226,-0.034803
-0.0067443,-1.817,-0.27989
0.011579,-1.5039,-0.54077
-0.00824,-1.447,-0.75546
0.02691,-1.4405,-0.97418
0.20715,-1.3849,-1.1581
0.23332,-1.4399,-1.331
0.27782,-1.3823,-1.48
0.38253,-1.4178,-1.6092
0.3556,-1.4047,-1.7242
0.36121,-1.4218,-1.822
0.40646,-1.4214,-1.9058
0.42665,-1.4246,-1.9713
0.4517,-1.44,-2.0262
0.44049,-1.4211,-2.0683
0.36645,-1.417,-2.0992
0.29652,-1.3836,-2.1193
0.26773,-1.3406,-2.127
0.21201,-1.2893,-2.1237
0.13423,-1.2335,-2.1108
0.026536,-1.1801,-2.0879
-0.075175,-1.1217,-2.0541
-0.087515,-1.0734,-2.0135
-0.12192,-1.0075,-1.9656
-0.13127,-0.92654,-1.9068
-0.080784,-0.86161,-1.8402
-0.060965,-0.77976,-1.7677
-0.054608,-0.68927,-1.6872
-0.086019,-0.59724,-1.5995
-0.14884,-0.52411,-1.5075
-0.20157,-0.44974,-1.4149
-0.25541,-0.34433,-1.3157
-0.35825,-0.26083,-1.2125
-0.40461,-0.13882,-1.1039
-0.42032,-0.036372,-0.98838
-0.46968,0.10427,-0.86552
-0.47005,0.21011,-0.73232
-0.45659,0.32022,-0.60002
-0.40948,0.4689,-0.45347
-0.37171,0.51005,-0.31287
-0.3474,0.78428,-0.1558
-0.27,0.51555,-0.011483
-0.18848,-0.044316,0.0053431
-0.13463,0.045353,-0.0095523
-0.043764,0.028625,-0.0010642
0.073278,-0.0010901,-0.0063055
0.10095,0.031369,-0.0029238
0.12152,-0.0054801,-0.0044497
0.17873,0.02365,-0.0038686
0.18509,-0.0031108,-0.0030625
0.16863,0.0085112,-0.004131
0.17499,0.0022166,-0.0024252
0.17611,0.0014855,-0.0033437
0.17985,0.0065954,-0.0024701
0.21201,-0.00013405,-0.0025526
0.25464,0.0052308,-0.0023239
0.30736,-0.00068516,-0.0019902
0.34064,0.0029551,-0.0019865
0.37617,0.00029708,-0.0015291
0.41655,-0.00078263,-0.0014541
0.40945,-0.0016449,-0.001068
0.40795,-0.0010713,-0.00073803
0.40608,-0.0011388,-0.00054307
0.37168,-0.0038531,-0.00028063
0.30624,-0.00055769,-1.8189e-05
0.21089,-0.00085761,-7.0677e-05
0.1462,-0.0033507,-0.00022814
0.081879,-0.0026084,-0.00015691
-0.0041267,-0.0040068,3.8049e-05
-0.071062,-0.0066648,3.8049e-05
-0.13239,-0.0037631,-0.00010067
-0.18025,-0.003943,6.0544e-05
-0.20456,-0.0051352,-0.00012691
-0.21204,-0.0042617,-0.00015691
-0.19297,-0.0018249,9.4286e-05
-0.1537,-2.8378e-06,0.00063042
-0.14847,-0.0033207,0.001504
-0.1552,-0.00047146,0.0017027
-0.14248,-0.0036506,0.00249
-0.138,-0.005975,0.0029624
-0.13426,-0.00065517,0.0034985
-0.14735,-0.0084793,0.0036972
-0.1623,0.0038062,0.0041171
-0.14996,-0.0074146,0.0050807
-0.11519,-0.0043554,0.0043571
-0.085271,0.0039036,0.0061117
-0.043764,-0.012461,0.0047133
0.019805,0.013006,0.0063254
0.072905,-0.024229,0.0057593
0.12152,0.017839,0.0053619
0.16602,-0.024379,0.0078663
0.22323,0.0018454,0.0037535
0.24978,0.0090248,0.010262
0.27707,-0.051507,0.0017777
0.30475,0.085238,0.01256
0.32157,-0.19196,-0.00094048
0.35111,0.79741,0.032825
0.36345,2.2128,0.32872
0.46965,1.9248,0.6812
0.42628,1.8442,0.97109
0.47638,1.9507,1.2747
0.69514,1.9046,1.5462
0.65737,2.0237,1.8051
0.74525,2.0168,2.0436
0.86304,2.1087,2.2633
0.90641,2.1502,2.4696
0.98831,2.2138,2.6542
1.1607,2.2719,2.8254
0.9741,2.2933,2.9743
0.85743,2.3323,3.1063
1.0257,2.3427,3.2221
0.69102,2.3275,3.3223
0.46442,2.2732,3.4102
0.026162,2.2358,3.4845
0.23706,2.1822,3.5462
-0.71237,2.1203,3.5955
-2.5783,2.0715,3.6328
-1.4756,1.9959,3.658
-0.65254,1.9325,3.6721
-0.24382,1.8884,3.6766
0.3485,1.8364,3.6726
-0.092376,1.7772,3.6599
0.31783,1.7121,3.6377
0.29764,1.6518,3.6061
0.34139,1.5753,3.566
0.62072,1.4997,3.5171
-0.00038735,1.442,3.4586
-0.40237,1.3768,3.3929
-0.95281,1.2998,3.3204
-1.139,1.2144,3.2388
-1.0287,1.1402,3.1499
-0.63945,1.0616,3.0541
-0.18661,0.97922,2.9511
-0.3302,0.90604,2.8434
-0.43191,0.81048,2.7292
-1.2071,0.72867,2.6087
-1.3903,0.65696,2.4855
-0.84324,0.57289,2.3603
-0.51044,0.48597,2.2317
0.099828,0.38754,2.0964
0.33952,0.2935,1.9575
0.49321,0.16773,1.8105
0.50219,0.06884,1.6558
0.59492,-0.05701,1.4967
0.7344,-0.16118,1.3289
0.4547,-0.26072,1.1615
0.26623,-0.40235,0.98419
-0.21204,-0.47831,0.80864
-0.82679,-0.65592,0.62442
-1.2105,-0.675,0.44021
-0.9988,-0.90514,0.25718
-0.38741,-0.87611,0.054071
0.22024,-0.1118,-0.019773
0.94493,-0.01179,0.0050582
1.167,-0.10281,-0.0032875
1.0923,-0.0061475,-0.00061056
0.82976,-0.068883,-0.00087675
0.56239,-0.014208,-0.0024926
0.43749,-0.039401,-0.00060306
0.15704,-0.026981,-0.0036361
0.026162,-0.019873,-0.0016341
-0.22325,-0.033924,-0.0034862
-0.4005,-0.016746,-0.0028938
-0.47043,-0.027524,-0.0034824
-0.42294,-0.01859,-0.004071
-0.082654,-0.022114,-0.0038948
0.1088,-0.016341,-0.0047534
0.26997,-0.017473,-0.0046147
0.11366,-0.019531,-0.0054545
-0.1967,-0.014253,-0.0056569
-0.36236,-0.016277,-0.0056157
-0.36273,-0.017454,-0.0061068
-0.075923,-0.015329,-0.006493
0.1963,-0.01408,-0.0070704
0.47751,-0.016892,-0.0074003
0.44497,-0.01438,-0.0073628
0.23519,-0.01092,-0.0075203
0.096463,-0.008888,-0.0073253
-0.090506,-0.010286,-0.0071716
-0.09275,-0.009799,-0.0072878
-0.15819,-0.0093979,-0.0073066
-0.26962,-0.012082,-0.007674
-0.32571,-0.01044,-0.0082251
-0.40162,-0.012026,-0.00878
-0.30926,-0.013488,-0.0096123
-0.014223,-0.010714,-0.010118
0.44086,-0.014519,-0.010295
0.75422,-0.01185,-0.011299
0.84247,-0.0067436,-0.011007
0.6727,-0.015509,-0.012083
0.29502,-0.0013225,-0.012514
0.022423,-0.013679,-0.012285
-0.16081,-0.0046254,-0.013624
-0.22625,-0.011887,-0.012304
-0.27635,-0.0154,-0.014917
-0.3044,0.0056507,-0.012417
-0.26364,-0.036027,-0.014824
-0.19558,0.028782,-0.013935
-0.026563,-0.046149,-0.013403
0.13947,0.026233,-0.017039
0.36458,-0.025706,-0.0096011
0.4517,-0.022699,-0.023214
0.34924,0.080616,0.0012753
0.18883,-1.3579,-0.10655
0.0127,-2.2124,-0.45801
0.02504,-1.7565,-0.79055
0.069539,-1.8112,-1.0889
0.3571,-1.7779,-1.39
0.64765,-1.7815,-1.6613
0.62895,-1.801,-1.9245
0.7,-1.7701,-2.1624
0.6211,-1.8185,-2.3904
0.45357,-1.7935,-2.6015
0.4532,-1.8233,-2.7967
0.34588,-1.8037,-2.9768
0.31709,-1.8018,-3.1358
0.36682,-1.8029,-3.2808
0.21201,-1.7961,-3.4091
0.15143,-1.7959,-3.5236
0.22734,-1.7754,-3.6218
0.42403,-1.7725,-3.7046
0.72692,-1.7582,-3.774
0.72692,-1.7366,-3.8285
0.45544,-1.7155,-3.8693
0.24417,-1.6888,-3.8968
0.045233,-1.6663,-3.9115
-0.27374,-1.6488,-3.9166
-0.45173,-1.6217,-3.9122
-0.35862,-1.5869,-3.897
-0.27224,-1.55,-3.8715
-0.18623,-1.5068,-3.8364
-0.041894,-1.4609,-3.7914
0.027284,-1.4091,-3.7367
0.15741,-1.3445,-3.673
0.21612,-1.28,-3.6002
0.078514,-1.2255,-3.5209
-0.13127,-1.155,-3.4358
-0.43976,-1.0771,-3.3413
-0.67759,-1.0093,-3.2395
-0.81595,-0.93168,-3.1318
-0.76659,-0.85375,-3.0175
-0.46594,-0.77397,-2.897
-0.20044,-0.70019,-2.7714
-0.002257,-0.6321,-2.6442
0.085992,-0.54909,-2.5136
0.020179,-0.46341,-2.3782
-0.11257,-0.37081,-2.2374
-0.26514,-0.27883,-2.0915
-0.35825,-0.15367,-1.9378
-0.4278,-0.055597,-1.7749
-0.45958,0.055689,-1.6093
-0.38966,0.17475,-1.4346
-0.25803,0.25702,-1.2595
-0.041894,0.40658,-1.0769
0.2064,0.46278,-0.89183
0.3844,0.63104,-0.70564
0.47825,0.69116,-0.51142
0.39711,0.8337,-0.32759
0.16938,1.003,-0.11311
-0.0037528,0.28197,0.0092797
-0.14174,-0.056062,-0.0096648
-0.17502,0.10495,-0.0093124
0.033267,-0.0017724,-0.0058669
0.1892,0.048536,-0.0095711
0.30362,0.019361,-0.0053158
0.47264,0.018034,-0.0083301
0.48162,0.024261,-0.0049933
0.43974,-0.00097758,-0.0065905
0.3642,0.020231,-0.005567
0.19668,0.0040986,-0.0050196
0.046355,0.011405,-0.0052933
-0.089385,0.0025165,-0.0041648
-0.21914,0.0082262,-0.0045284
-0.24307,0.006168,-0.0035799
-0.10771,0.0036,-0.0036361
0.040746,0.0064717,-0.0031975
0.1978,-0.0020236,-0.0028151
0.32643,-0.0075346,-0.0025226
0.30475,-0.009634,-0.0019603
0.21313,0.0019654,-0.0016866
0.047103,0.0030039,-0.0011579
-0.095368,-0.0016599,-0.00059931
-0.17539,0.00089318,-0.00023564
-0.23859,0.0036712,0.00044296
-0.1982,0.0033113,0.0011778
-0.14772,0.0041661,0.0016089
-0.11556,-0.0020835,0.0022838
-0.043016,0.00077321,0.0029062
0.053086,0.0025315,0.0036372
0.10058,-0.0019148,0.003491
0.066548,0.0039036,0.0046683
0.03738,-0.011977,0.004672
-0.04713,0.009917,0.0051182
-0.15707,-0.0099977,0.0063891
-0.14959,-0.0014162,0.0050357
-0.11593,0.0041548,0.0077688
-0.04526,-0.018549,0.0049794
0.099454,0.025217,0.0083799
0.22136,-0.039491,0.0062992
0.29241,0.043868,0.006944
0.2782,-0.048747,0.0099696
0.23407,0.032838,0.0029736
0.18247,-0.013481,0.017119
0.13722,-0.06299,-0.009961
0.066174,1.5438,0.12296
0.065426,2.3088,0.50193
0.19668,1.854,0.84915
0.21388,1.9853,1.1763
0.40833,1.9095,1.5019
0.63643,1.9328,1.7926
0.64092,1.966,2.0779
0.77815,1.9495,2.3378
0.73515,2.0192,2.5904
0.56538,2.0118,2.8272
0.52986,2.0882,3.0525
0.4102,2.1101,3.2682
0.37766,2.1339,3.4688
0.44535,2.1686,3.6572
0.51752,2.1894,3.8292
0.57398,2.212,3.9874
0.62334,2.2225,4.1284
0.69776,2.2352,4.2535
0.62895,2.235,4.3614
0.57735,2.2451,4.4529
0.49994,2.2541,4.5308
0.29577,2.2511,4.5934
0.14694,2.2463,4.6426
-0.0063704,2.2222,4.679
-0.138,2.1971,4.702
-0.18399,2.1569,4.7135
-0.22774,2.0966,4.7134
-0.2412,2.0565,4.7019
-0.20493,2.009,4.6809
-0.26663,1.9539,4.6515
-0.31711,1.9064,4.6139
-0.37395,1.8452,4.568
-0.48539,1.7754,4.5135
-0.43902,1.715,4.4507
-0.3904,1.6512,4.3793
-0.34965,1.5778,4.2998
-0.27523,1.5085,4.2129
-0.26027,1.4317,4.119
-0.21877,1.3554,4.0184
-0.18923,1.2736,3.9103
-0.16268,1.187,3.7949
-0.21091,1.1184,3.6738
-0.32983,1.0346,3.5485
-0.45771,0.94298,3.417
-0.61963,0.86797,3.2797
-0.69928,0.78917,3.1395
-0.7075,0.71713,2.9973
-0.60729,0.62944,2.8524
-0.46145,0.53285,2.7022
-0.32646,0.44314,2.548
-0.18137,0.32911,2.3871
-0.087515,0.22673,2.2198
-0.00824,0.10478,2.0456
0.025788,0.006123,1.8647
0.0658,-0.11105,1.6822
0.038502,-0.22159,1.4919
-0.046756,-0.31884,1.3019
-0.084523,-0.47169,1.1027
-0.14211,-0.5224,0.90502
-0.12453,-0.70487,0.70437
-0.075923,-0.75268,0.49807
0.015318,-0.93659,0.30083
0.11965,-1.0298,0.075291
0.20939,-0.23392,-0.034319
0.28829,0.01623,-0.010227
0.24679,-0.13327,-0.014602
0.29989,-0.017053,-0.015371
0.29652,-0.077075,-0.013313
0.23744,-0.035307,-0.016762
0.29016,-0.04348,-0.013673
0.21762,-0.044222,-0.017144
0.1963,-0.029256,-0.015052
0.21687,-0.046547,-0.016616
0.14994,-0.024578,-0.016522
0.12862,-0.036657,-0.016612
0.12077,-0.026778,-0.017621
0.092723,-0.029523,-0.017227
0.023171,-0.027652,-0.01849
-0.038903,-0.02568,-0.01831
-0.05947,-0.028034,-0.018854
-0.04526,-0.024465,-0.019278
0.027284,-0.024593,-0.019435
0.11217,-0.021893,-0.020012
0.1907,-0.025642,-0.020256
0.23781,-0.026973,-0.020939
0.24492,-0.028342,-0.021951
0.22098,-0.023157,-0.022656
0.12937,-0.01853,-0.023057
0.030276,-0.023438,-0.023998
-0.06994,-0.020765,-0.02447
-0.18549,-0.023869,-0.024924
-0.24606,-0.017728,-0.025561
-0.26027,-0.020855,-0.025468
-0.24008,-0.018763,-0.026993
-0.15931,-0.010871,-0.026139
-0.044512,-0.029504,-0.02756
0.050468,-0.0031708,-0.027646
0.12189,-0.030209,-0.027428
0.14919,-0.0038231,-0.029179
0.1462,-0.019738,-0.026821
0.13722,-0.024233,-0.031387
0.09048,0.0095946,-0.026364
0.03065,-0.063564,-0.031834
0.010831,0.052555,-0.027934
-0.00038735,-0.11306,-0.02943
-0.0045007,0.11247,-0.03324
0.00036053,-0.30057,-0.020346
-0.034042,-1.9732,-0.25009
0.078514,-2.121,-0.64768
0.12301,-1.8433,-0.97565
0.12039,-2.0192,-1.3076
0.40608,-1.9153,-1.6186
0.46816,-2.0032,-1.9055
0.49583,-1.9836,-2.1812
0.66634,-2.0231,-2.435
0.57211,-2.064,-2.6831
0.61399,-2.081,-2.9129
0.68504,-2.1455,-3.1351
0.59044,-2.1554,-3.3443
0.60277,-2.1986,-3.5404
0.60464,-2.2078,-3.7233
0.56426,-2.2308,-3.8899
0.47414,-2.2465,-4.0441
0.43562,-2.2414,-4.1803
0.41768,-2.2422,-4.2994
0.3298,-2.2371,-4.4032
0.35411,-2.2381,-4.4921
0.3743,-2.2304,-4.5676
0.37542,-2.2164,-4.6287
0.4259,-2.1975,-4.676
0.4547,-2.1717,-4.7112
0.41655,-2.1427,-4.7335
0.32382,-2.1016,-4.7431
0.21687,-2.0584,-4.741
0.048972,-2.0192,-4.728
-0.098733,-1.9817,-4.7057
-0.24046,-1.9394,-4.6749
-0.3833,-1.8851,-4.6353
-0.46631,-1.8292,-4.5872
-0.4895,-1.7705,-4.5306
-0.45285,-1.7034,-4.4655
-0.44089,-1.632,-4.3919
-0.39115,-1.5621,-4.3097
-0.32048,-1.4934,-4.2195
-0.27299,-1.4303,-4.1233
-0.24345,-1.3577,-4.0213
-0.25766,-1.2671,-3.9112
-0.24719,-1.1946,-3.7941
-0.28159,-1.1177,-3.672
-0.32833,-1.0213,-3.5434
-0.35899,-0.9419,-3.4088
-0.41621,-0.86178,-3.2704
-0.46519,-0.78188,-3.1288
-0.48987,-0.7092,-2.9854
-0.47379,-0.61283,-2.8383
-0.49623,-0.52433,-2.6861
-0.46295,-0.42487,-2.5298
-0.38293,-0.31883,-2.3653
-0.35787,-0.21385,-2.1954
-0.2685,-0.082301,-2.0176
-0.1466,0.0021866,-1.8352
-0.051243,0.13146,-1.6486
0.035511,0.22813,-1.4565
0.11778,0.34613,-1.2639
0.14134,0.45506,-1.0621
0.16003,0.54929,-0.86609
0.17985,0.73324,-0.65816
0.13834,0.74542,-0.45822
0.13012,1.0471,-0.24834
0.088984,0.79743,-0.038758
0.10357,0.00034207,0.0068128
0.1346,0.047201,-0.017096
0.1462,0.073437,-0.0052408
0.24828,0.0061718,-0.011232
0.24604,0.05892,-0.007629
0.29615,0.0016092,-0.0079252
0.3485,0.037427,-0.0086188
0.31522,0.0071128,-0.0062493
0.34962,0.015702,-0.0078539
0.29091,0.013887,-0.0057432
0.23482,0.0020479,-0.0065117
0.1907,0.014903,-0.0052483
0.13049,0.004391,-0.0053158
0.084497,0.011098,-0.0049596
0.019805,0.0052458,-0.0041348
0.020927,0.0061343,-0.0041685
-0.036659,0.0051296,-0.0035199
-0.071062,0.0009719,-0.0033962
-0.040773,0.0065804,-0.0023502
-0.060217,0.007064,-0.001023
-0.033668,0.0047397,-0.0002094
-0.0059964,0.0087886,0.0009266
0.011205,0.0026477,0.0019689
0.022423,0.0028314,0.0022313
0.0014823,0.0031276,0.0032098
0.0040999,-0.0061812,0.0030261
-0.024693,0.010228,0.0040234
-0.066948,-0.007006,0.0047433
-0.078166,0.00333,0.0043121
-0.084523,-0.0027284,0.0062842
-0.089011,-0.0088917,0.0045333
-0.10472,0.012954,0.0073002
-0.088637,-0.027551,0.0055006
-0.056104,0.028085,0.0071802
-0.020206,-0.032387,0.0079188
0.035137,0.026371,0.0051707
0.0744,-0.01477,0.011773
0.13386,-0.014613,0.0018264
0.1432,0.062643,0.016891
0.16975,-0.17522,-0.0059944
0.21014,1.1863,0.07122
0.23108,2.3867,0.43076
0.35037,1.9735,0.80611
0.30026,2.037,1.1379
0.36121,2.0534,1.4797
0.51976,2.038,1.7826
0.39374,2.1197,2.0789
0.46255,2.0963,2.3518
0.53995,2.1837,2.6142
0.48199,2.1883,2.8646
0.61362,2.2571,3.0989
0.6727,2.276,3.3238
0.68542,2.3132,3.5328
0.77329,2.3716,3.7336
0.8406,2.3957,3.9219
0.85668,2.4311,4.0992
0.8391,2.4435,4.2637
0.86865,2.4737,4.4145
0.81779,2.4782,4.5523
0.75048,2.4772,4.6748
0.72804,2.4721,4.782
0.65924,2.4589,4.8731
0.60913,2.4517,4.9498
0.57174,2.4272,5.013
0.5336,2.4082,5.0633
0.45993,2.3836,5.1014
0.36084,2.3482,5.1269
0.22472,2.3109,5.1396
0.068791,2.2706,5.1413
-0.099855,2.2263,5.1315
-0.28533,2.1719,5.1098
-0.42705,2.125,5.0791
-0.53998,2.0677,5.0398
-0.56503,2.0086,4.9919
-0.58261,1.957,4.9368
-0.57176,1.888,4.8735
-0.47903,1.8197,4.8024
-0.43416,1.747,4.7234
-0.38592,1.671,4.6364
-0.34628,1.5991,4.5423
-0.31375,1.5255,4.4414
-0.32197,1.4509,4.3342
-0.39414,1.3659,4.2201
-0.46482,1.2792,4.0983
-0.55082,1.2011,3.9707
-0.62748,1.1235,3.8393
-0.72957,1.0331,3.7028
-0.7808,0.94406,3.5599
-0.8066,0.87001,3.4136
-0.85745,0.78988,3.2654
-0.79949,0.70982,3.1147
-0.73069,0.61801,2.9607
-0.67123,0.51817,2.801
-0.54783,0.42489,2.6372
-0.4177,0.30779,2.4661
-0.30103,0.20528,2.2887
-0.1911,0.087188,2.1052
-0.08415,-0.0078683,1.9165
-0.01871,-0.12558,1.726
0.029528,-0.24162,1.527
0.03925,-0.33551,1.3293
-0.010484,-0.48379,1.1233
-0.024319,-0.53967,0.91929
-0.048999,-0.7263,0.71125
-0.075175,-0.77135,0.49889
-0.04713,-0.96894,0.29555
-0.048625,-1.054,0.063894
0.022423,-0.23195,-0.045413
0.12264,0.0077014,-0.020114
0.1806,-0.14321,-0.025119
0.32681,-0.024521,-0.025528
0.38739,-0.085979,-0.023465
0.38888,-0.041216,-0.026851
0.43899,-0.05935,-0.02378
0.39674,-0.057996,-0.027353
0.35186,-0.036458,-0.025366
0.30437,-0.057468,-0.027008
0.19219,-0.034141,-0.027053
0.10581,-0.046805,-0.026952
0.045981,-0.037935,-0.027803
-0.0045007,-0.038261,-0.027717
-0.027685,-0.04047,-0.028748
-0.03479,-0.034333,-0.028643
-0.023945,-0.034036,-0.029228
0.0018563,-0.032514,-0.029607
0.034015,-0.034962,-0.030596
0.092723,-0.036192,-0.031916
0.12488,-0.034812,-0.032527
0.14807,-0.033541,-0.033993
0.17649,-0.027382,-0.034885
0.1447,-0.030823,-0.035084
0.093845,-0.02782,-0.036168
0.040372,-0.025046,-0.035774
-0.025067,-0.03049,-0.037004
-0.10434,-0.018515,-0.036884
-0.1623,-0.037883,-0.037525
-0.17876,-0.015299,-0.03844
-0.18063,-0.033496,-0.037461
-0.15482,-0.023029,-0.040322
-0.10846,-0.014673,-0.037326
-0.046756,-0.047169,-0.041248
0.027658,0.014472,-0.037862
0.085992,-0.070728,-0.040719
0.14956,0.032377,-0.041222
0.1705,-0.085409,-0.036558
0.17424,0.035129,-0.04884
0.16676,-0.069097,-0.022866
0.090106,-1.6969,-0.19563
0.16826,-2.2134,-0.59789
0.15816,-1.8942,-0.94925
0.14994,-2.1112,-1.2894
0.42328,-2.0307,-1.6185
0.46143,-2.1068,-1.9146
0.55491,-2.133,-2.2045
0.75459,-2.156,-2.4698
0.66784,-2.2291,-2.7295
0.72842,-2.2367,-2.9714
0.84733,-2.3067,-3.2022
0.84621,-2.3208,-3.4211
0.91015,-2.3713,-3.6263
0.97597,-2.4066,-3.8229
1.0167,-2.4371,-4.0066
0.98681,-2.4639,-4.18
0.95839,-2.4729,-4.3395
0.94792,-2.4912,-4.4863
0.8765,-2.4972,-4.6207
0.8406,-2.4871,-4.7401
0.81255,-2.4627,-4.8417
0.76544,-2.4542,-4.9279
0.75646,-2.4441,-5.0024
0.77778,-2.4198,-5.0638
0.76432,-2.3925,-5.1115
0.71084,-2.3635,-5.1468
0.6641,-2.3304,-5.1703
0.52986,-2.2879,-5.1819
0.30063,-2.2447,-5.1813
0.10432,-2.1962,-5.1694
-0.0662,-2.1459,-5.1459
-0.27486,-2.104,-5.1131
-0.40798,-2.0562,-5.073
-0.48651,-2.0017,-5.024
-0.59458,-1.9481,-4.9665
-0.62112,-1.8861,-4.9014
-0.61739,-1.8158,-4.8278
-0.61439,-1.7467,-4.7461
-0.57214,-1.6737,-4.6568
-0.56653,-1.597,-4.5596
-0.59196,-1.5263,-4.4558
-0.63421,-1.4532,-4.3465
-0.6903,-1.3695,-4.2311
-0.70937,-1.2853,-4.1086
-0.74527,-1.202,-3.9801
-0.81034,-1.1176,-3.8468
-0.82604,-1.0291,-3.7076
-0.88587,-0.94261,-3.5631
-0.96477,-0.86732,-3.4155
-0.95692,-0.78742,-3.2659
-0.93598,-0.70205,-3.1139
-0.88513,-0.6066,-2.9572
-0.80473,-0.51379,-2.7958
-0.68582,-0.40538,-2.6292
-0.5669,-0.2958,-2.4539
-0.46781,-0.19106,-2.2742
-0.30926,-0.06296,-2.0869
-0.21578,0.024718,-1.8962
-0.12977,0.15816,-1.7016
-0.051617,0.24995,-1.5011
-0.057974,0.3738,-1.3014
-0.028059,0.48711,-1.0926
-0.012353,0.57161,-0.88998
0.003726,0.75617,-0.67565
0.053834,0.77526,-0.46896
0.10805,1.0754,-0.25261
0.17013,0.80407,-0.038931
0.27259,-0.0046629,0.0066928
0.40272,0.048963,-0.018157
0.48311,0.072975,-0.0061218
0.55155,0.0077089,-0.011727
0.55042,0.058909,-0.0081464
0.50667,-0.003032,-0.0086413
0.48648,0.034567,-0.0089337
0.41244,0.0087736,-0.0066655
0.36308,0.018589,-0.0085663
0.29203,0.016219,-0.0059569
0.16489,0.0076301,-0.0069204
0.11965,0.017711,-0.0057769
0.070661,0.0060481,-0.005492
-0.0093619,0.0075477,-0.0051246
-0.016841,0.0026552,-0.004386
-0.0048746,0.0010694,-0.0044797
-0.0052485,-0.0092666,-0.0036286
-0.013101,0.0012793,-0.0034787
-0.0015092,0.010318,-0.0024701
0.023171,0.0076901,-0.0011317
0.047477,0.0054182,-0.00020565
0.10394,0.0045222,0.0010653
0.096463,0.0039299,0.0018751
0.04972,0.0049421,0.0020851
-0.00824,0.0068766,0.0031986
-0.096116,0.00093816,0.0031199
-0.17128,0.0088111,0.0040609
-0.23971,-0.0039093,0.0043271
-0.25616,0.010269,0.0045745
-0.25953,-0.0056976,0.005988
-0.23746,-0.00066266,0.0045595
-0.19371,0.0065017,0.0076863
-0.12229,-0.0188,0.0049157
-0.015345,0.028085,0.0078513
0.059069,-0.037662,0.0065541
0.12787,0.038983,0.0063254
0.17125,-0.045463,0.010547
0.21201,0.021307,0.0024788
0.18396,0.0083162,0.017295
0.16115,-0.092847,-0.009676
0.14021,1.4857,0.11269
0.18658,2.3721,0.49562
0.34738,1.9312,0.85507
0.29278,2.0814,1.1884
0.43899,2.0453,1.5232
0.61885,2.073,1.8204
0.54294,2.1391,2.1115
0.7,2.1344,2.3776
0.75721,2.2231,2.6369
0.7602,2.2237,2.8806
0.90978,2.2868,3.1101
0.92885,2.3113,3.3291
0.94605,2.3491,3.5341
0.97746,2.3909,3.7316
1.0242,2.4119,3.9156
1.0134,2.4373,4.0884
0.92885,2.4477,4.2482
0.94007,2.4495,4.3941
0.83761,2.4466,4.5268
0.76319,2.4379,4.6438
0.77965,2.4159,4.7444
0.72318,2.4013,4.8307
0.7101,2.3812,4.9032
0.71047,2.3515,4.9624
0.72244,2.3223,5.0095
0.68654,2.2943,5.0439
0.6196,2.2531,5.066
0.5235,2.2094,5.0766
0.32905,2.1663,5.0754
0.099828,2.1173,5.0628
-0.097611,2.0688,5.0405
-0.32684,2.0111,5.0081
-0.5871,1.9636,4.9666
-0.69778,1.9147,4.9186
-0.76621,1.8534,4.8621
-0.79127,1.7811,4.7966
-0.72994,1.7048,4.7233
-0.69591,1.6494,4.6421
-0.61252,1.5822,4.5531
-0.56242,1.5014,4.4562
-0.55718,1.4302,4.3522
-0.54297,1.3565,4.2426
-0.59233,1.2742,4.1275
-0.6559,1.1877,4.0047
-0.72957,1.1119,3.876
-0.83352,1.0327,3.7426
-0.91766,0.93743,3.6028
-0.95954,0.8658,3.4596
-0.97861,0.79681,3.3145
-0.97337,0.70619,3.1659
-0.93822,0.62373,3.0141
-0.8956,0.52853,2.8573
-0.82941,0.43751,2.6959
-0.73106,0.33141,2.5288
-0.60617,0.22328,2.3536
-0.4551,0.1153,2.1735
-0.32908,0.0080913,1.9867
-0.19783,-0.088333,1.7984
-0.070314,-0.21796,1.6025
-0.002257,-0.30071,1.4044
0.039998,-0.44822,1.2029
0.056451,-0.51902,0.99575
0.056077,-0.65205,0.79335
0.033641,-0.78002,0.57815
0.042242,-0.84435,0.37783
0.033267,-1.1334,0.15065
0.024667,-0.5621,-0.025704
0.15592,0.043531,-0.028227
0.25763,-0.13103,-0.016365
0.37318,-0.054517,-0.025696
0.49845,-0.05475,-0.018914
0.50705,-0.066833,-0.024125
0.55603,-0.034265,-0.021115
0.55566,-0.065367,-0.023387
0.47414,-0.032548,-0.023274
0.42179,-0.055218,-0.022866
0.33279,-0.03476,-0.024418
0.20042,-0.036507,-0.02354
0.080757,-0.0405,-0.024913
-0.017962,-0.034314,-0.024695
-0.09275,-0.036068,-0.025737
-0.094994,-0.031225,-0.025621
-0.070688,-0.033002,-0.025756
-0.060965,-0.028492,-0.026502
-0.041894,-0.035708,-0.02672
-0.032172,-0.036736,-0.027882
0.0059696,-0.033144,-0.029025
0.059069,-0.030853,-0.030101
0.085992,-0.029995,-0.031436
0.1103,-0.026418,-0.031777
0.093097,-0.028911,-0.032197
0.041868,-0.023123,-0.033078
-0.01871,-0.02499,-0.032861
-0.099481,-0.026827,-0.034308
-0.1537,-0.01612,-0.033896
-0.2068,-0.034228,-0.035039
-0.24008,-0.0099115,-0.03484
-0.22812,-0.03461,-0.034852
-0.2341,-0.011644,-0.036992
-0.19147,-0.021387,-0.034154
-0.12154,-0.032604,-0.038792
-0.036659,0.0074202,-0.034034
0.069165,-0.065813,-0.039264
0.15704,0.048303,-0.035898
0.19743,-0.10869,-0.036513
0.22697,0.10097,-0.042399
0.23893,-0.25946,-0.025827
0.18471,-1.9261,-0.24933
0.30288,-2.1508,-0.65579
0.31222,-1.913,-0.99561
0.30587,-2.1178,-1.3367
0.54855,-2.0247,-1.6558
0.57249,-2.1305,-1.9498
0.71795,-2.1243,-2.2339
0.9008,-2.1728,-2.4943
0.83387,-2.2299,-2.7498
0.92399,-2.2462,-2.987
0.9827,-2.3106,-3.2147
0.98382,-2.3214,-3.4286
1.0193,-2.3762,-3.6312
1.0317,-2.4014,-3.8248
1.0541,-2.428,-4.0052
0.99878,-2.4469,-4.1745
0.98045,-2.4532,-4.3296
0.92212,-2.4678,-4.4724
0.7961,-2.4568,-4.602
0.76768,-2.4332,-4.7141
0.74861,-2.4162,-4.8097
0.71196,-2.4046,-4.8926
0.68691,-2.3854,-4.9624
0.67644,-2.3579,-5.019
0.64204,-2.3254,-5.0629
0.58857,-2.2884,-5.094
0.5164,-2.2505,-5.1125
0.38215,-2.2118,-5.1201
0.21164,-2.1632,-5.1165
0.031397,-2.1088,-5.1007
-0.14809,-2.0623,-5.0751
-0.37582,-2.0168,-5.0418
-0.57438,-1.9604,-5
-0.71573,-1.9029,-4.9494
-0.82043,-1.8452,-4.8909
-0.84848,-1.779,-4.8242
-0.85671,-1.7071,-4.7489
-0.78678,-1.6346,-4.6656
-0.68544,-1.5622,-4.5747
-0.62823,-1.4887,-4.4765
-0.5583,-1.4169,-4.372
-0.52614,-1.3411,-4.2615
-0.5254,-1.2579,-4.1441
-0.53362,-1.1745,-4.0197
-0.61739,-1.0939,-3.8896
-0.72134,-1.0104,-3.7546
-0.7778,-0.92433,-3.6134
-0.86456,-0.8484,-3.4683
-0.9199,-0.77381,-3.3216
-0.88699,-0.69506,-3.1723
-0.84923,-0.6072,-3.0196
-0.81408,-0.51291,-2.8609
-0.73368,-0.41836,-2.6978
-0.59121,-0.30422,-2.5274
-0.48875,-0.20353,-2.3501
-0.3661,-0.081161,-2.1666
-0.20007,0.015398,-1.9765
-0.12678,0.12368,-1.7855
-0.044512,0.24198,-1.5862
0.055329,0.32649,-1.3876
0.083749,0.47266,-1.1816
0.096837,0.52254,-0.97584
0.10319,0.70591,-0.76851
0.096463,0.77293,-0.55301
0.1103,0.93049,-0.34972
0.069165,1.0706,-0.1165
0.063182,0.27381,0.0098534
0.14919,-0.049962,-0.012229
0.1978,0.12469,-0.010328
0.31709,-0.00062892,-0.0074715
0.40122,0.05387,-0.010865
0.40272,0.020954,-0.0063243
0.47564,0.018585,-0.0096198
0.49583,0.024966,-0.0060244
0.47414,0.0021154,-0.0076102
0.4446,0.024309,-0.0064255
0.37131,0.005182,-0.0060319
0.2509,0.013745,-0.0060581
0.10731,0.0035212,-0.0050158
0.020179,0.0095384,-0.0052258
-0.057974,0.010731,-0.0039698
-0.086393,0.0049271,-0.0041648
-0.069192,0.0074464,-0.0035836
-0.087141,0.003615,-0.0029688
-0.059096,0.0084512,-0.0025414
-0.0078661,0.005362,-0.0013679
0.01644,0.0061718,-0.0001944
0.075148,0.0075552,0.00081788
0.13386,0.0046759,0.0021638
0.13834,0.0011369,0.0025275
0.11666,0.0048446,0.0027075
0.050094,0.0010431,0.0039109
-0.0033789,-0.0019748,0.0036035
-0.041894,0.0027752,0.004957
-0.12491,-0.0092966,0.0047545
-0.16417,0.011492,0.0055231
-0.18997,-0.01014,0.006093
-0.22026,0.009081,0.0053769
-0.21727,-0.00078263,0.0080688
-0.1825,-0.0067286,0.0051482
-0.11668,0.019346,0.0095009
-0.043016,-0.035037,0.0055981
0.018684,0.051119,0.0089236
0.082627,-0.064171,0.0086986
0.13124,0.067318,0.0052681
0.13834,-0.074919,0.01571
0.17536,0.092481,-0.0080414
0.16751,1.8172,0.17547
0.27894,2.2836,0.57335
0.40309,1.9027,0.91632
0.35186,2.0922,1.2539
0.52238,2.0089,1.5788
0.58183,2.0914,1.8726
0.525,2.1074,2.159
0.68542,2.1297,2.4211
0.70673,2.2019,2.6775
0.79087,2.1987,2.9156
0.93969,2.2617,3.1426
0.93483,2.28,3.3576
0.96774,2.324,3.5608
1.0279,2.3557,3.7555
1.0994,2.382,3.9367
1.0268,2.3836,4.1065
0.95016,2.3806,4.2616
0.94044,2.403,4.4035
0.7789,2.3878,4.5315
0.7243,2.3647,4.6423
0.70112,2.3403,4.7379
0.64241,2.316,4.8196
0.63793,2.3009,4.8876
0.61474,2.2672,4.9433
0.59417,2.2328,4.9866
0.52799,2.2,5.0174
0.47414,2.1577,5.0362
0.3728,2.1166,5.0426
0.20154,2.0672,5.038
0.020553,2.0175,5.0226
-0.14996,1.969,4.9968
-0.34179,1.9164,4.9619
-0.56167,1.8667,4.9196
-0.66787,1.8111,4.8699
-0.77182,1.7431,4.811
-0.8339,1.6795,4.7434
-0.81669,1.6155,4.6682
-0.81183,1.5404,4.5847
-0.74303,1.4686,4.4928
-0.68469,1.3929,4.3939
-0.63571,1.3231,4.2889
-0.59121,1.2511,4.1782
-0.57663,1.1612,4.0601
-0.56803,1.0855,3.9354
-0.59383,1.0091,3.8054
-0.65029,0.92502,3.6693
-0.7277,0.84973,3.5288
-0.78379,0.77418,3.3857
-0.80099,0.69762,3.2392
-0.77145,0.62056,3.0903
-0.73069,0.52771,2.9366
-0.70414,0.44268,2.7775
-0.64468,0.34631,2.6149
-0.56242,0.22855,2.4426
-0.46856,0.13553,2.265
-0.34927,0.02083,2.0815
-0.21952,-0.069554,1.8927
-0.12341,-0.1923,1.7007
-0.050121,-0.29129,1.5013
0.022797,-0.39985,1.3031
0.073652,-0.52228,1.0949
0.11179,-0.58117,0.89163
0.13273,-0.76919,0.68085
0.17125,-0.7854,0.47156
0.17013,-1.0441,0.26177
0.11516,-0.94848,0.036225
0.1548,-0.10532,-0.039197
0.17873,-0.032578,-0.011723
0.21201,-0.11763,-0.021625
0.32232,-0.02168,-0.018318
0.33541,-0.087066,-0.01906
0.35111,-0.029436,-0.02041
0.39187,-0.059961,-0.0187
0.38851,-0.0408,-0.021733
0.3814,-0.039247,-0.01948
0.35411,-0.047214,-0.021666
0.30998,-0.027566,-0.021047
0.20117,-0.042693,-0.021692
0.11965,-0.028042,-0.022288
0.044859,-0.033422,-0.022299
-0.075923,-0.033302,-0.023173
-0.073305,-0.032458,-0.023049
-0.064331,-0.029762,-0.023672
-0.090133,-0.023775,-0.023934
-0.055356,-0.031689,-0.024571
-0.040399,-0.032012,-0.0257
-0.01871,-0.028848,-0.026855
0.038876,-0.034512,-0.027755
0.072905,-0.031217,-0.028973
0.075896,-0.025837,-0.029363
0.0744,-0.031697,-0.029843
0.048972,-0.019097,-0.030401
-0.0063704,-0.024533,-0.030465
-0.056104,-0.019595,-0.03189
-0.086393,-0.01868,-0.031204
-0.11593,-0.030021,-0.03273
-0.15108,-0.0055851,-0.031957
-0.15856,-0.042824,-0.033191
-0.13463,-0.0081757,-0.033892
-0.12229,-0.03545,-0.032358
-0.085645,-0.014219,-0.036216
-0.014971,-0.011332,-0.031091
0.029528,-0.052395,-0.038395
0.091601,0.043396,-0.030844
0.10357,-0.12063,-0.038372
0.13423,0.16133,-0.032947
0.14208,-0.57037,-0.041102
0.13199,-2.1381,-0.32469
0.31559,-2.048,-0.72491
0.30774,-1.9421,-1.0551
0.39038,-2.0918,-1.3966
0.65662,-2.0137,-1.7068
0.6297,-2.1218,-2.0003
0.79161,-2.0879,-2.2769
0.93558,-2.1672,-2.5349
0.85705,-2.1948,-2.7874
0.94418,-2.2228,-3.0209
0.9453,-2.2716,-3.2456
0.93147,-2.2884,-3.4558
0.99466,-2.3448,-3.6574
1.0014,-2.3559,-3.8482
1.0074,-2.381,-4.0257
0.97447,-2.3902,-4.1911
0.92399,-2.3963,-4.342
0.82153,-2.3995,-4.4814
0.72169,-2.3718,-4.6043
0.66971,-2.352,-4.7095
0.60913,-2.3379,-4.8012
0.57922,-2.3152,-4.88
0.57249,-2.2928,-4.9458
0.56875,-2.2646,-4.9993
0.53472,-2.2255,-5.0396
0.49957,-2.1884,-5.0668
0.43712,-2.15,-5.0828
0.30101,-2.0995,-5.0873
0.1174,-2.046,-5.0792
-0.060591,-1.9991,-5.0604
-0.25915,-1.9538,-5.0332
-0.48651,-1.9025,-4.9978
-0.61664,-1.8464,-4.9532
-0.7363,-1.791,-4.9006
-0.81782,-1.7312,-4.8403
-0.82417,-1.6649,-4.7714
-0.84997,-1.5947,-4.6942
-0.78042,-1.5244,-4.6088
-0.70863,-1.4526,-4.5159
-0.6817,-1.3795,-4.4156
-0.59345,-1.3098,-4.3098
-0.53624,-1.2307,-4.1982
-0.51717,-1.1458,-4.0783
-0.49997,-1.0687,-3.9521
-0.53101,-0.99037,-3.8215
-0.60018,-0.90342,-3.6845
-0.63496,-0.82345,-3.5414
-0.66226,-0.75631,-3.396
-0.6903,-0.68207,-3.2488
-0.67572,-0.60104,-3.0987
-0.65852,-0.50872,-2.9433
-0.6316,-0.42231,-2.7825
-0.58186,-0.31968,-2.6165
-0.50446,-0.20992,-2.4414
-0.41546,-0.10422,-2.2608
-0.29954,0.0074539,-2.0731
-0.15744,0.093662,-1.8831
-0.06994,0.22255,-1.6873
0.03065,0.29385,-1.4876
0.11703,0.43143,-1.2867
0.14433,0.52695,-1.0769
0.21014,0.61961,-0.87432
0.22248,0.79449,-0.65722
0.20902,0.80073,-0.45147
0.19705,1.1059,-0.23043
0.12413,0.73182,-0.02513
0.14769,-0.03575,0.0044921
0.18135,0.076938,-0.016724
0.20528,0.060146,-0.0044984
0.2853,0.015233,-0.011164
0.28755,0.057117,-0.0067067
0.31746,0.00088193,-0.0082926
0.35972,0.041885,-0.0073741
0.34214,0.006138,-0.0059681
0.3571,0.018783,-0.0073516
0.34364,0.01599,-0.0050496
0.25763,0.011312,-0.0060993
0.19556,0.0092047,-0.0046334
0.13423,0.0022241,-0.0048021
0.020179,0.014371,-0.0041273
-0.00076128,-0.00031026,-0.0035349
0.0059696,0.0058606,-0.0035162
-0.041147,0.0032551,-0.0027288
-0.046382,0.0013543,-0.0025976
-0.03292,0.0098683,-0.0016303
-0.020954,0.0061305,-0.00030687
-0.020954,0.0075627,0.00079913
0.034763,0.010558,0.0019164
0.090854,0.0035812,0.0028349
0.090106,0.0052795,0.0028987
0.08674,0.0070078,0.0038659
0.050094,-0.0018548,0.0040047
0.03065,0.009276,0.0047695
-0.0078661,-0.0048016,0.0054518
-0.038903,0.006453,0.0052231
-0.06994,-0.0038568,0.0069403
-0.10771,-0.0038906,0.0053281
-0.10696,0.015807,0.0082187
-0.14061,-0.02658,0.0063779
-0.10322,0.029866,0.0079975
-0.043016,-0.035806,0.0084962
-0.028807,0.028107,0.0061154
0.023171,-0.019149,0.012268
0.088984,-0.02042,0.0025013
0.087862,0.056491,0.017779
0.10357,-0.16809,-0.0057319
0.14021,1.2029,0.075543
0.17462,2.3591,0.43646
0.35448,1.9494,0.80769
0.3844,2.0367,1.1373
0.43787,2.0388,1.4761
0.60464,2.0234,1.7752
0.53659,2.1095,2.0682
0.64877,2.0847,2.3373
0.73403,2.168,2.5965
0.68055,2.1627,2.8433
0.82789,2.2191,3.0737
0.86977,2.2384,3.2953
0.87912,2.2771,3.5025
0.91913,2.3248,3.7025
0.97559,2.329,3.8895
0.98045,2.3542,4.0646
0.88884,2.3501,4.2264
0.92361,2.3567,4.3744
0.8062,2.3507,4.5098
0.67495,2.3148,4.6278
0.66298,2.3001,4.7298
0.5781,2.2837,4.8182
0.54781,2.2501,4.8929
0.52761,2.231,4.9555
0.51415,2.1985,5.0057
0.47863,2.1568,5.0427
0.40907,2.1166,5.0676
0.33765,2.0639,5.0803
0.23519,2.0172,5.0812
0.062808,1.971,5.0709
-0.138,1.9185,5.0501
-0.32497,1.8678,5.02
-0.51754,1.8206,4.9816
-0.62524,1.771,4.9359
-0.72845,1.7098,4.882
-0.7707,1.6455,4.8187
-0.75911,1.5843,4.7477
-0.78491,1.5106,4.6685
-0.72695,1.4376,4.5801
-0.72658,1.3747,4.4849
-0.71536,1.2996,4.3835
-0.65964,1.222,4.2757
-0.65777,1.1474,4.1609
-0.60579,1.0701,4.0393
-0.58822,0.99146,3.9115
-0.58373,0.90942,3.7777
-0.58261,0.83585,3.6393
-0.58523,0.7628,3.4969
-0.5699,0.68669,3.3516
-0.59532,0.61605,3.2037
-0.57401,0.5329,3.0516
-0.56616,0.44325,2.8943
-0.57737,0.35812,2.7327
-0.51829,0.24593,2.5642
-0.44949,0.15003,2.3873
-0.36199,0.04536,2.2063
-0.24943,-0.063237,2.0175
-0.15108,-0.14837,1.8266
-0.069566,-0.26955,1.6291
0.011579,-0.34723,1.4293
0.063182,-0.48959,1.2261
0.098706,-0.55824,1.0168
0.14694,-0.6876,0.81219
0.16788,-0.81529,0.59378
0.20416,-0.86445,0.39021
0.18883,-1.1483,0.1615
0.16415,-0.58931,-0.020376
0.22622,0.039988,-0.02579
0.25426,-0.12369,-0.012439
0.32045,-0.055402,-0.022326
0.35298,-0.0519,-0.01554
0.3025,-0.065157,-0.020774
0.29054,-0.030865,-0.017609
0.26137,-0.063387,-0.019821
0.23295,-0.031843,-0.019926
0.22996,-0.052811,-0.01948
0.23071,-0.034554,-0.021242
0.18509,-0.037399,-0.02017
0.1462,-0.036443,-0.021692
0.10619,-0.032188,-0.02134
0.028032,-0.036394,-0.022097
0.017188,-0.025564,-0.022382
0.014944,-0.034048,-0.022704
-0.0041267,-0.029586,-0.023286
-0.034042,-0.029343,-0.023345
-0.059096,-0.033804,-0.02438
-0.037781,-0.035195,-0.025835
-0.0041267,-0.032915,-0.026956
0.028032,-0.029121,-0.027934
0.054582,-0.026276,-0.028692
0.082627,-0.028368,-0.028947
0.054582,-0.024401,-0.029779
0.017936,-0.020844,-0.029745
0.0059696,-0.024536,-0.030971
-0.029928,-0.015228,-0.030761
-0.048251,-0.033264,-0.031721
-0.063583,-0.010849,-0.032291
-0.080784,-0.030707,-0.031361
-0.067696,-0.01705,-0.034098
-0.047504,-0.014328,-0.030941
-0.033294,-0.04546,-0.03529
0.029902,0.017284,-0.031875
0.05159,-0.068216,-0.034837
0.085618,0.043647,-0.034912
0.1174,-0.082012,-0.030784
0.094967,0.043572,-0.042485
0.12413,-0.084228,-0.017107
0.048972,-1.7336,-0.19448
0.17462,-2.2121,-0.59597
0.29128,-1.8754,-0.94326
0.26249,-2.083,-1.2804
0.55902,-1.999,-1.6071
0.65064,-2.0722,-1.9023
0.71757,-2.0828,-2.1893
0.92249,-2.1039,-2.4519
0.81929,-2.1709,-2.7101
0.82527,-2.1682,-2.9502
0.88547,-2.2295,-3.1793
0.82078,-2.2388,-3.3964
0.832,-2.2873,-3.6017
0.87164,-2.3115,-3.7989
0.88622,-2.3283,-3.9819
0.8391,-2.3426,-4.1541
0.83387,-2.3411,-4.3118
0.8062,-2.3498,-4.457
0.68018,-2.3265,-4.5882
0.60838,-2.2993,-4.7014
0.5493,-2.2811,-4.7993
0.49433,-2.2613,-4.8843
0.48424,-2.2401,-4.9568
0.48237,-2.2107,-5.0167
0.46367,-2.1758,-5.064
0.43488,-2.1356,-5.0983
0.4001,-2.0918,-5.1202
0.30175,-2.0491,-5.1312
0.14582,-1.9991,-5.1298
0.0040999,-1.9483,-5.1167
-0.16642,-1.9003,-5.0943
-0.3818,-1.8458,-5.0631
-0.53288,-1.796,-5.023
-0.64805,-1.7473,-4.975
-0.73405,-1.6863,-4.9187
-0.73705,-1.6209,-4.8538
-0.73592,-1.5539,-4.7808
-0.73144,-1.4855,-4.6996
-0.7075,-1.4132,-4.6103
-0.67871,-1.3426,-4.5129
-0.62973,-1.281,-4.4099
-0.60505,-1.207,-4.3017
-0.6028,-1.1187,-4.1855
-0.58336,-1.0477,-4.0621
-0.55456,-0.98031,-3.9341
-0.56803,-0.88922,-3.8005
-0.57214,-0.80702,-3.6594
-0.53624,-0.74456,-3.5147
-0.54858,-0.66942,-3.3685
-0.54447,-0.59487,-3.2191
-0.53325,-0.51856,-3.066
-0.53362,-0.42665,-2.9067
-0.48464,-0.33038,-2.743
-0.44575,-0.2154,-2.571
-0.35226,-0.12706,-2.3912
-0.25354,-0.016326,-2.2065
-0.18661,0.080042,-2.0144
-0.077793,0.17261,-1.8213
-0.0045007,0.2929,-1.6201
0.054956,0.37242,-1.4189
0.091975,0.51143,-1.2116
0.1376,0.56362,-1.0034
0.16863,0.73445,-0.79432
0.16564,0.80391,-0.57509
0.21986,0.93155,-0.37055
0.19144,1.1129,-0.13354
0.172,0.33503,0.0086049
0.24529,-0.063875,-0.0097098
0.27296,0.12797,-0.010711
0.32307,0.0019354,-0.0062118
0.33466,0.048479,-0.010763
0.29054,0.023875,-0.005537
0.28792,0.012841,-0.0091549
0.26847,0.034417,-0.0057244
0.25239,-0.00039273,-0.0069954
0.26137,0.020186,-0.0058594
0.22734,0.0087099,-0.0052183
0.15704,0.018461,-0.0054357
0.13161,0.010558,-0.004086
0.085992,0.0079526,-0.0045434
0.03065,0.0085637,-0.0034524
0.057199,0.0027902,-0.0036586
0.029528,0.0085224,-0.0029838
0.00036053,0.0064192,-0.0023089
-0.0089879,0.0016542,-0.0017541
-0.033294,0.0052945,-0.00052808
-0.010484,0.0088973,0.00046545
0.024667,0.0060893,0.0015302
0.063556,0.0056244,0.0027637
0.057199,-0.0037369,0.0032923
0.069165,0.00088193,0.0040422
0.038876,0.0030751,0.0044433
-0.0041267,0.0044135,0.0047433
-0.01871,-0.004213,0.0060555
-0.060217,-0.0027509,0.0052531
-0.035538,0.0038999,0.007034
-0.062087,-0.013079,0.005913
-0.073679,0.017498,0.0075289
-0.053487,-0.021012,0.0078326
-0.053487,0.014228,0.0066891
0.0018563,-0.020345,0.010183
0.034015,-0.0076696,0.0051482
0.047103,0.026679,0.012909
0.093845,-0.06903,0.0042559
0.087114,0.0928,0.013711
0.071409,-0.19157,0.0053356
0.087862,0.66208,0.022676
0.081879,2.2409,0.31993
0.28081,2.0681,0.71429
0.34139,1.9372,1.0437
0.35186,2.0536,1.3872
0.5938,1.9756,1.6961
0.53547,2.0883,1.9915
0.56688,2.0522,2.2701
0.69065,2.1211,2.5313
0.6196,2.1369,2.7853
0.73066,2.1589,3.0207
0.79647,2.2001,3.2477
0.74712,2.2065,3.4595
0.77591,2.2638,3.663
0.8477,2.2777,3.8562
0.86341,2.286,4.0368
0.80358,2.3006,4.2054
0.80358,2.292,4.3595
0.72356,2.2932,4.5009
0.61025,2.2708,4.6274
0.55192,2.2256,4.7364
0.47825,2.2254,4.8302
0.44497,2.2,4.9118
0.40085,2.1665,4.9796
0.4274,2.1469,5.0352
0.43525,2.104,5.0792
0.40122,2.0673,5.1103
0.35785,2.0175,5.1296
0.23893,1.9649,5.1364
0.11179,1.9237,5.1319
-0.079288,1.8665,5.1165
-0.25803,1.8139,5.0906
-0.44949,1.7743,5.0569
-0.60467,1.7179,5.0158
-0.67909,1.6565,4.9656
-0.75425,1.6046,4.9067
-0.72471,1.5442,4.84
-0.70526,1.4716,4.7645
-0.67273,1.4029,4.6798
-0.62075,1.3384,4.5882
-0.60318,1.2637,4.4899
-0.56391,1.1949,4.3843
-0.57775,1.1272,4.2726
-0.57214,1.0476,4.1543
-0.55344,0.96832,4.0288
-0.55868,0.89262,3.8974
-0.56728,0.82221,3.7611
-0.55868,0.74659,3.6197
-0.54222,0.67798,3.4751
-0.54372,0.60927,3.3282
-0.49698,0.52832,3.1772
-0.47417,0.44286,3.022
-0.47118,0.3557,2.8614
-0.45547,0.26464,2.695
-0.42518,0.15698,2.5202
-0.33357,0.068225,2.3398
-0.24008,-0.042085,2.1531
-0.13837,-0.12863,1.9608
-0.033668,-0.23375,1.7666
0.03738,-0.33788,1.5644
0.079261,-0.42537,1.3631
0.10955,-0.56016,1.1528
0.1346,-0.60736,0.94556
0.13012,-0.79149,0.73324
0.12787,-0.82186,0.51594
0.12002,-1.0082,0.30816
0.073652,-1.0656,0.071846
0.11965,-0.22317,-0.038518
0.21612,0.0058119,-0.01263
0.22136,-0.13944,-0.01828
0.27857,-0.019232,-0.018577
0.31783,-0.087235,-0.016526
0.29278,-0.035948,-0.019979
0.32868,-0.049527,-0.017073
0.30026,-0.047956,-0.02059
0.26062,-0.029515,-0.018393
0.25987,-0.05325,-0.020226
0.18546,-0.028754,-0.020114
0.13872,-0.038524,-0.020342
0.12376,-0.03097,-0.021385
0.042616,-0.032451,-0.021047
0.0052217,-0.031787,-0.022131
0.024667,-0.027828,-0.021943
-0.002257,-0.028998,-0.022551
-0.008614,-0.027502,-0.022764
0.0070914,-0.030823,-0.023503
0.0067175,-0.027742,-0.025115
0.0063435,-0.027554,-0.025981
0.025414,-0.032346,-0.027151
0.053086,-0.022872,-0.028276
0.057573,-0.020994,-0.028358
0.070661,-0.024165,-0.02928
0.044859,-0.01582,-0.029284
0.014196,-0.028,-0.030098
0.012327,-0.013619,-0.030728
-0.022824,-0.026741,-0.030611
-0.054234,-0.020116,-0.03228
-0.060965,-0.01639,-0.030698
-0.070314,-0.029553,-0.033498
-0.067322,0.0039074,-0.031305
-0.053861,-0.046644,-0.033581
-0.013101,0.017906,-0.033599
0.035885,-0.049392,-0.031639
0.062434,0.0044097,-0.03736
0.088236,-0.01687,-0.027736
0.097584,-0.061063,-0.043284
0.1432,0.13034,-0.018367
0.075148,-1.2491,-0.11016
0.12339,-2.278,-0.48038
0.28717,-1.8899,-0.85197
0.21313,-2.022,-1.1835
0.42291,-2.0149,-1.5223
0.59978,-2.0077,-1.8221
0.57623,-2.0709,-2.1149
0.78825,-2.0466,-2.3843
0.78189,-2.1316,-2.6449
0.74412,-2.1239,-2.8928
0.81816,-2.1762,-3.1258
0.76207,-2.1933,-3.349
0.76282,-2.2252,-3.5582
0.8047,-2.2602,-3.7602
0.82115,-2.2675,-3.949
0.78413,-2.2897,-4.1268
0.7516,-2.2846,-4.2911
0.71309,-2.291,-4.4424
0.59791,-2.2805,-4.5814
0.53247,-2.2496,-4.7028
0.48199,-2.2271,-4.8077
0.43338,-2.2034,-4.899
0.41468,-2.1793,-4.9777
0.40234,-2.1505,-5.0438
0.40234,-2.1132,-5.097
0.37841,-2.0803,-5.1375
0.34738,-2.0421,-5.1658
0.27408,-1.9973,-5.183
0.17499,-1.9464,-5.1879
0.035137,-1.8925,-5.1808
-0.11668,-1.8462,-5.1632
-0.26663,-1.7957,-5.1358
-0.45024,-1.7463,-5.1006
-0.5426,-1.6932,-5.0574
-0.61252,-1.632,-5.005
-0.64319,-1.5774,-4.9444
-0.65478,-1.5156,-4.8756
-0.67123,-1.4494,-4.7985
-0.62486,-1.38,-4.7132
-0.64655,-1.3056,-4.6192
-0.62038,-1.2456,-4.5185
-0.56915,-1.1795,-4.4132
-0.56017,-1.0984,-4.3
-0.53288,-1.0243,-4.1787
-0.5168,-0.95475,-4.0527
-0.4895,-0.8747,-3.9213
-0.50259,-0.78926,-3.7825
-0.48613,-0.71897,-3.6387
-0.46482,-0.6559,-3.4931
-0.47454,-0.58168,-3.3447
-0.4521,-0.50586,-3.1926
-0.42518,-0.41969,-3.0359
-0.41396,-0.33438,-2.8732
-0.39826,-0.23251,-2.7043
-0.31263,-0.12879,-2.5258
-0.24644,-0.040931,-2.3426
-0.16941,0.073879,-2.1525
-0.077793,0.1446,-1.9578
-0.019832,0.26335,-1.7598
0.056451,0.35384,-1.5548
0.055703,0.45696,-1.3512
0.083001,0.56514,-1.1388
0.13647,0.62638,-0.93152
0.13161,0.81712,-0.71333
0.17536,0.82192,-0.49995
0.16901,1.0886,-0.28248
0.13086,0.90274,-0.054595
0.19518,0.044505,0.010967
0.25688,0.032156,-0.016597
0.2853,0.093205,-0.0052033
0.33167,0.003555,-0.0096161
0.30849,0.060652,-0.0076177
0.2666,0.00027084,-0.0068079
0.27595,0.041278,-0.0079627
0.24529,0.014371,-0.0048996
0.24641,0.015473,-0.0071379
0.23893,0.020774,-0.0048996
0.17237,0.0045072,-0.0053907
0.15704,0.019436,-0.0044122
0.10506,0.006423,-0.0040935
0.070287,0.012219,-0.0039323
0.079635,0.0078176,-0.0031525
0.036259,0.0059318,-0.0031487
0.029528,0.0069816,-0.0021402
0.013448,0.0065317,-0.001874
-0.013475,0.0098945,-0.00096673
-0.0056225,0.0095084,0.00051044
-0.0089879,0.0088523,0.0016052
0.037006,0.0083312,0.0027674
0.06393,0.0036524,0.0034423
0.05346,0.0078251,0.0039447
0.045607,0.0039374,0.004777
0.013448,0.0018042,0.0046795
0.0026042,0.0063405,0.0060517
-0.026563,-0.0047003,0.0055006
-0.056478,0.0064305,0.0065953
-0.067696,-0.013724,0.007124
-0.070314,0.01469,0.0065841
-0.0662,-0.0064286,0.0090998
-0.060217,-0.0030433,0.006033
-0.044138,0.017618,0.010532
-0.011605,-0.034711,0.0065991
0.022049,0.049578,0.010603
0.045981,-0.067571,0.0092235
0.057947,0.076173,0.0074839
0.041868,-0.10114,0.016002
0.079635,0.1489,-0.0054507
0.052338,1.8867,0.19394
0.1806,2.238,0.59562
0.37206,1.8725,0.938
0.31933,2.0525,1.2783
0.49658,1.9557,1.6026
0.55491,2.0407,1.9001
0.47489,2.0232,2.1892
0.62222,2.0502,2.4535
0.5938,2.1066,2.7134
0.62259,2.0944,2.9554
0.72917,2.1579,3.1871
0.7157,2.1591,3.4057
0.72543,2.2029,3.6131
0.74263,2.2167,3.8123
0.77516,2.2327,3.998
0.7273,2.241,4.1732
0.71795,2.2264,4.334
0.68766,2.2411,4.4823
0.54369,2.2183,4.6169
0.5048,2.1876,4.734
0.45133,2.1635,4.8359
0.39487,2.1315,4.9237
0.36719,2.1044,4.9983
0.36345,2.0716,5.0607
0.37318,2.0401,5.1101
0.34812,2.006,5.1474
0.34364,1.9568,5.1721
0.25763,1.9105,5.1848
0.12413,1.8695,5.1868
-0.019832,1.8124,5.1766
-0.17614,1.7605,5.156
-0.3388,1.7225,5.1271
-0.46968,1.6687,5.0897
-0.5497,1.6132,5.0438
-0.63047,1.5554,4.9897
-0.62262,1.4903,4.9266
-0.60766,1.433,4.8552
-0.60056,1.3729,4.7761
-0.58261,1.3092,4.6898
-0.5871,1.239,4.5959
-0.55606,1.1694,4.4936
-0.56803,1.1039,4.3851
-0.55045,1.0224,4.2701
-0.53362,0.94385,4.1467
-0.53549,0.87873,4.0173
-0.50894,0.80217,3.8832
-0.52951,0.71732,3.7434
-0.49735,0.65935,3.5995
-0.49623,0.59831,3.4535
-0.48987,0.51598,3.3036
-0.45472,0.44499,3.1492
-0.46968,0.35198,2.9904
-0.42331,0.27107,2.8254
-0.39863,0.1765,2.6539
-0.34965,0.071195,2.4744
-0.25915,-0.015228,2.2902
-0.18324,-0.1265,2.0984
-0.10472,-0.20042,1.9042
-0.03292,-0.31611,1.7047
0.04972,-0.39652,1.4997
0.062808,-0.51467,1.2941
0.10132,-0.60302,1.0806
0.12862,-0.69085,0.87299
0.11479,-0.85086,0.651
0.16676,-0.85343,0.44107
0.13573,-1.1511,0.2166
0.13161,-0.7868,0.0037047
0.2079,0.00021086,-0.031552
0.22622,-0.094069,-0.0090499
0.2767,-0.08578,-0.021441
0.30512,-0.03602,-0.014572
0.28194,-0.081608,-0.01882
0.27857,-0.024173,-0.017448
0.28194,-0.063192,-0.017763
0.26287,-0.028379,-0.019428
0.25763,-0.04204,-0.017875
0.25015,-0.041058,-0.020189
0.17686,-0.033609,-0.019056
0.14395,-0.037594,-0.020462
0.10207,-0.027476,-0.020417
0.03925,-0.036432,-0.020957
0.050468,-0.028477,-0.021561
0.053086,-0.02923,-0.021557
0.019431,-0.028818,-0.022374
-0.017589,-0.029717,-0.022629
-0.017215,-0.034291,-0.023897
-0.015345,-0.0289,-0.025141
-0.016841,-0.027573,-0.026082
0.015318,-0.032717,-0.027425
0.02691,-0.025923,-0.027728
0.03065,-0.026913,-0.028459
0.0063435,-0.020409,-0.02913
-0.026189,-0.024705,-0.029239
-0.022824,-0.021084,-0.030353
-0.045634,-0.020011,-0.029757
-0.072183,-0.025594,-0.031624
-0.086767,-0.0077108,-0.030304
-0.09462,-0.038055,-0.031879
-0.070314,0.0023215,-0.03243
-0.058722,-0.036121,-0.030998
-0.049747,-0.0067511,-0.03484
-1.3407e-05,-0.01248,-0.029779
0.029154,-0.043446,-0.037247
0.060565,0.041341,-0.02901
0.050468,-0.12119,-0.037791
0.084497,0.1746,-0.029952
0.075522,-0.64378,-0.045507
0.020179,-2.1704,-0.34179
0.22846,-2.0078,-0.7404
0.23295,-1.9235,-1.0718
0.29241,-2.0436,-1.4167
0.5837,-1.9515,-1.7275
0.57697,-2.0516,-2.0235
0.7172,-2.0093,-2.3033
0.8062,-2.078,-2.5661
0.70897,-2.09,-2.822
0.77217,-2.1149,-3.0592
0.75198,-2.1527,-3.2887
0.7172,-2.161,-3.5036
0.73889,-2.2076,-3.71
0.77217,-2.2116,-3.9057
0.73739,-2.2306,-4.0888
0.67794,-2.2322,-4.2602
0.67756,-2.2319,-4.4177
0.56389,-2.2324,-4.5641
0.48424,-2.201,-4.6946
0.43189,-2.1702,-4.8073
0.37766,-2.148,-4.9056
0.37206,-2.1259,-4.9912
0.32419,-2.0989,-5.0642
0.33653,-2.0601,-5.1241
0.32531,-2.024,-5.1705
0.29577,-1.9865,-5.2054
0.27707,-1.942,-5.2281
0.19331,-1.897,-5.2388
0.080757,-1.8467,-5.2383
-0.069192,-1.7962,-5.2258
-0.20792,-1.746,-5.2032
-0.34553,-1.6989,-5.1724
-0.45622,-1.6471,-5.1331
-0.52278,-1.5901,-5.0848
-0.53811,-1.5385,-5.028
-0.52315,-1.4761,-4.9633
-0.55868,-1.412,-4.8901
-0.53138,-1.3483,-4.809
-0.51754,-1.2775,-4.7194
-0.53961,-1.2208,-4.6224
-0.51306,-1.1584,-4.5207
-0.53213,-1.0769,-4.4108
-0.51941,-1.001,-4.2922
-0.49997,-0.93525,-4.1687
-0.50857,-0.86242,-4.0396
-0.48576,-0.78057,-3.9035
-0.46519,-0.70938,-3.7618
-0.45884,-0.64746,-3.6162
-0.47118,-0.58434,-3.4687
-0.44089,-0.50775,-3.318
-0.4177,-0.42587,-3.1629
-0.40835,-0.34685,-3.0019
-0.38106,-0.2548,-2.8352
-0.33955,-0.14741,-2.6604
-0.25317,-0.063335,-2.4777
-0.18399,0.043062,-2.2909
-0.097611,0.13961,-2.0962
-0.036285,0.21577,-1.9001
-0.0030049,0.34114,-1.6969
0.050468,0.40544,-1.4913
0.064678,0.53795,-1.2831
0.08861,0.60222,-1.0684
0.10207,0.72798,-0.85831
0.11105,0.8524,-0.63425
0.1533,0.89236,-0.42543
0.14433,1.1623,-0.19034
0.13049,0.56796,-0.005432
0.2165,-0.068542,-0.0013266
0.27221,0.10981,-0.014273
0.29577,0.036149,-0.0042285
0.34289,0.0309,-0.010947
0.2868,0.03832,-0.0053682
0.27707,0.0023665,-0.0083638
0.2939,0.038698,-0.0057469
0.24043,0.0036712,-0.0058256
0.25613,0.022544,-0.0060356
0.22211,0.0060218,-0.0042847
0.16938,0.013913,-0.0052933
0.15928,0.016047,-0.0036511
0.10768,0.0059993,-0.004086
0.074026,0.0065504,-0.0031787
0.072905,0.001403,-0.0030738
0.0744,0.0057744,-0.0025901
0.058321,0.0033338,-0.0017428
0.02504,0.0068504,-0.001769
0.019057,0.0057706,-0.00037811
0.018684,0.0080388,0.00097159
0.0055957,0.006408,0.0017927
0.037754,0.0086386,0.0032511
0.056077,0.0019654,0.0038097
0.044111,-0.0022672,0.0040347
0.010831,-0.003287,0.0051257
-0.026189,0.0014218,0.0049869
-0.034416,0.00805,0.0064041
-0.053861,-0.011265,0.0059805
-0.075175,0.0073377,0.007064
-0.10397,-0.009889,0.0074202
-0.081158,0.011604,0.006989
-0.056104,-0.0056413,0.0093435
-0.046756,-0.001225,0.0064341
-0.023572,0.011885,0.011038
0.010083,-0.039874,0.0067153
0.050094,0.047407,0.011057
0.064304,-0.071391,0.0089686
0.079635,0.077384,0.0078438
0.051964,-0.10355,0.015725
0.0658,0.17935,-0.0038873
0.035511,1.9106,0.20268
0.17312,2.2088,0.60413
0.34513,1.8472,0.94283
0.27633,2.0331,1.2817
0.46517,1.9317,1.6049
0.51153,2.0063,1.9009
0.44647,1.9919,2.1874
0.58445,2.0087,2.4508
0.525,2.0561,2.7097
0.57585,2.0523,2.9501
0.67008,2.1025,3.1803
0.62633,2.1069,3.3985
0.6454,2.1394,3.6061
0.66784,2.1481,3.8044
0.70636,2.1608,3.9886
0.66634,2.1689,4.1618
0.63942,2.1579,4.3204
0.5923,2.1464,4.4664
0.44609,2.1234,4.5971
0.39374,2.0859,4.7097
0.34177,2.0663,4.8085
0.29951,2.0475,4.8942
0.27595,2.0061,4.9662
0.29166,1.9748,5.0265
0.31746,1.9449,5.0742
0.28194,1.8972,5.1079
0.26885,1.8422,5.1302
0.21089,1.8064,5.1412
0.11217,1.7583,5.1394
-0.028807,1.7019,5.1271
-0.16118,1.6641,5.1056
-0.30926,1.6138,5.0745
-0.44612,1.5578,5.0354
-0.46931,1.5091,4.9882
-0.5067,1.4529,4.9316
-0.50221,1.3869,4.8663
-0.47641,1.3174,4.7924
-0.45958,1.2646,4.7102
-0.44612,1.1987,4.6206
-0.46145,1.1229,4.5228
-0.45435,1.0732,4.4188
-0.48838,0.99949,4.3093
-0.47604,0.91815,4.1911
-0.48464,0.84393,4.0654
-0.50558,0.77433,3.9352
-0.48202,0.7122,3.7991
-0.50371,0.63492,3.6579
-0.45248,0.57419,3.5144
-0.44201,0.50507,3.3679
-0.43715,0.42962,3.2169
-0.38031,0.35366,3.0611
-0.402,0.27065,2.8991
-0.38779,0.18515,2.732
-0.35563,0.077804,2.5563
-0.3029,-0.0037893,2.374
-0.21428,-0.10753,2.1864
-0.1365,-0.18455,1.9931
-0.053487,-0.28444,1.7978
-0.002631,-0.39098,1.5932
0.04972,-0.46546,1.3898
0.058321,-0.59949,1.1782
0.060939,-0.64309,0.96741
0.084871,-0.81617,0.7532
0.080009,-0.84781,0.53339
0.093097,-1.016,0.32403
0.066922,-1.0948,0.084267
0.11591,-0.25846,-0.035137
0.19256,0.010273,-0.010306
0.21799,-0.14334,-0.014482
0.3025,-0.023104,-0.015573
0.304,-0.082725,-0.012968
0.27259,-0.037384,-0.016886
0.27969,-0.047495,-0.013571
0.26249,-0.045066,-0.017343
0.25277,-0.030509,-0.01527
0.24305,-0.049081,-0.016998
0.19182,-0.024885,-0.017223
0.14582,-0.042959,-0.017156
0.14657,-0.027296,-0.018239
0.098332,-0.031315,-0.017962
0.075148,-0.028694,-0.018757
0.092349,-0.022797,-0.01855
0.0658,-0.031761,-0.019424
0.040372,-0.020971,-0.019814
0.0089611,-0.028619,-0.020346
0.019805,-0.033118,-0.021613
0.031397,-0.03028,-0.022847
0.020179,-0.032533,-0.02378
0.046729,-0.023325,-0.024654
0.052712,-0.018635,-0.025201
0.034763,-0.024758,-0.026169
0.011205,-0.020225,-0.026401
-0.011979,-0.02373,-0.026559
-0.035164,-0.016097,-0.028002
-0.057226,-0.02195,-0.027245
-0.076297,-0.023389,-0.029209
-0.082654,-0.0066723,-0.027983
-0.083776,-0.0347,-0.029393
-0.074801,0.005197,-0.029678
-0.0662,-0.040571,-0.028392
-0.04339,-0.0071559,-0.031954
0.011953,-0.018662,-0.027282
0.0070914,-0.039829,-0.034653
0.06206,0.034417,-0.026082
0.06206,-0.12117,-0.035841
0.045233,0.18157,-0.026262
0.0744,-0.69169,-0.046609
0.029902,-2.1874,-0.34887
0.21201,-1.9893,-0.74442
0.23632,-1.9118,-1.0739
0.27782,-2.0093,-1.4161
0.54631,-1.9248,-1.7241
0.52687,-2.0197,-2.0192
0.6828,-1.9691,-2.2965
0.78339,-2.0399,-2.5578
0.65625,-2.0447,-2.8125
0.72842,-2.0678,-3.0486
0.70037,-2.1029,-3.2766
0.63082,-2.1134,-3.491
0.64204,-2.1533,-3.6972
0.68729,-2.1504,-3.8916
0.69626,-2.166,-4.0729
0.61998,-2.162,-4.242
0.60988,-2.1604,-4.3973
0.51864,-2.1429,-4.5399
0.40122,-2.1028,-4.6641
0.35859,-2.0828,-4.7719
0.29016,-2.0614,-4.8678
0.27707,-2.0325,-4.9506
0.28568,-2.0012,-5.0197
0.29615,-1.9668,-5.0761
0.30587,-1.9281,-5.1199
0.27034,-1.8864,-5.1517
0.22809,-1.8425,-5.1709
0.17275,-1.7936,-5.1783
0.059443,-1.7407,-5.1747
-0.066574,-1.6923,-5.1594
-0.19334,-1.6508,-5.1359
-0.34852,-1.6023,-5.1042
-0.41995,-1.5482,-5.063
-0.49324,-1.4947,-5.0132
-0.52427,-1.4359,-4.9548
-0.44874,-1.3746,-4.8879
-0.47005,-1.309,-4.8123
-0.46519,-1.2461,-4.7279
-0.45697,-1.1909,-4.636
-0.46557,-1.1248,-4.5379
-0.41882,-1.0495,-4.4331
-0.45547,-0.97732,-4.3195
-0.46295,-0.91176,-4.1995
-0.43939,-0.84335,-4.0745
-0.44837,-0.76766,-3.9424
-0.45547,-0.69486,-3.8042
-0.44575,-0.62443,-3.6613
-0.41247,-0.56265,-3.5161
-0.40611,-0.49372,-3.3683
-0.37208,-0.41691,-3.2158
-0.36647,-0.33973,-3.0583
-0.36946,-0.25645,-2.8945
-0.31225,-0.16034,-2.7237
-0.26551,-0.063219,-2.5442
-0.1967,0.02407,-2.3596
-0.11257,0.12788,-2.1682
-0.032172,0.20269,-1.9729
0.014944,0.32152,-1.7734
0.060191,0.4007,-1.5673
0.097211,0.50237,-1.3626
0.080009,0.61319,-1.1479
0.1088,0.67252,-0.93849
0.10731,0.85203,-0.71815
0.085245,0.84429,-0.50224
0.095341,1.1045,-0.28261
0.073278,0.9132,-0.053781
0.13647,0.046669,0.011263
0.20079,0.03679,-0.016016
0.22547,0.095972,-0.0046522
0.27521,0.003435,-0.0092561
0.27221,0.068184,-0.0069466
0.27595,0.0030039,-0.0063168
0.26847,0.040914,-0.0073253
0.24492,0.017648,-0.0045059
0.24043,0.015743,-0.0065005
0.21799,0.02269,-0.0040111
0.18546,0.0060143,-0.0049483
0.1705,0.013764,-0.0039736
0.16826,0.0051595,-0.0037261
0.10992,0.01358,-0.0033737
0.087114,0.0069028,-0.0025901
0.1088,0.0074314,-0.0028188
0.090854,0.0034238,-0.0016903
0.070287,0.002569,-0.0014691
0.03738,0.012909,-0.0004306
0.038876,0.010348,0.0009491
0.057199,0.0051183,0.0017477
0.072905,0.010015,0.0032623
0.079635,0.0056882,0.0040347
0.071783,0.0043423,0.0043608
0.074774,0.0026365,0.0053394
0.024667,0.00033832,0.0052569
0.0055957,0.0027789,0.0066366
0.0085872,-0.0086181,0.0062129
-0.026563,0.011334,0.0071652
-0.045634,-0.0098177,0.0077801
-0.047877,0.0089198,0.0069703
-0.054234,-0.0032495,0.0096209
-0.069192,-0.0052177,0.0065578
-0.043764,0.018641,0.010967
-0.0018831,-0.033706,0.0074352
0.00073447,0.051325,0.010941
0.02878,-0.066027,0.010416
0.077018,0.070452,0.0068653
0.062434,-0.074627,0.017487
0.069165,0.094618,-0.0060843
0.035885,1.8036,0.17848
0.13161,2.2435,0.57842
0.29615,1.8427,0.92305
0.24529,2.0153,1.2617
0.40272,1.9219,1.5892
0.47152,1.9811,1.8871
0.37542,1.983,2.1771
0.51939,1.995,2.4431
0.5048,2.0447,2.7049
0.525,2.0317,2.9487
0.64727,2.0781,3.1817
0.6024,2.0787,3.4028
0.61325,2.1195,3.6126
0.64653,2.1287,3.8142
0.657,2.1335,4.0017
0.64166,2.1414,4.1788
0.6211,2.1274,4.3415
0.57922,2.1279,4.4914
0.46741,2.1056,4.627
0.40122,2.0657,4.7443
0.32905,2.0407,4.8468
0.29353,2.0208,4.9367
0.27857,1.9878,5.0128
0.29091,1.9574,5.0763
0.31222,1.9228,5.1278
0.27633,1.8753,5.166
0.27184,1.832,5.1919
0.2064,1.7848,5.2067
0.10693,1.7328,5.2092
-0.016093,1.6897,5.2002
-0.13575,1.6448,5.1817
-0.26476,1.5937,5.1538
-0.39751,1.5522,5.1176
-0.43416,1.4999,5.0735
-0.50221,1.436,5.0203
-0.48725,1.3823,4.958
-0.44089,1.3196,4.8875
-0.46669,1.256,4.8085
-0.44762,1.1885,4.7209
-0.45734,1.1205,4.6249
-0.44986,1.0651,4.5226
-0.46071,0.98958,4.4147
-0.48277,0.9107,4.2984
-0.45098,0.84986,4.1745
-0.44463,0.77907,4.0458
-0.45435,0.70733,3.9111
-0.44837,0.64604,3.7709
-0.41359,0.58383,3.6279
-0.41845,0.51824,3.482
-0.40274,0.44419,3.3317
-0.356,0.37218,3.1773
-0.36386,0.289,3.0171
-0.35002,0.2035,2.8507
-0.31076,0.10212,2.6777
-0.25055,0.0053845,2.4955
-0.17763,-0.0773,2.3095
-0.094246,-0.17698,2.1168
-0.011979,-0.24936,1.9206
0.026536,-0.36631,1.7186
0.052338,-0.44059,1.5115
0.057573,-0.55387,1.3044
0.060191,-0.63443,1.0887
0.061312,-0.72169,0.87875
0.038502,-0.87365,0.65545
0.054956,-0.87859,0.44355
0.071783,-1.17,0.21541
0.071035,-0.77171,0.0034085
0.13386,0.010562,-0.028868
0.18509,-0.095768,-0.0067404
0.23183,-0.080318,-0.01903
0.26698,-0.032154,-0.012229
0.23033,-0.079156,-0.01656
0.22809,-0.022373,-0.015097
0.21911,-0.062608,-0.01569
0.19256,-0.030696,-0.017197
0.21313,-0.042783,-0.015675
0.20079,-0.035836,-0.01792
0.15517,-0.029942,-0.016743
0.14283,-0.040485,-0.018198
0.11927,-0.028638,-0.018262
0.069913,-0.03254,-0.018723
0.068791,-0.026272,-0.019285
0.074026,-0.029095,-0.01921
0.049346,-0.024911,-0.020095
0.030276,-0.023022,-0.02047
0.045981,-0.029601,-0.021542
0.042616,-0.030359,-0.022974
0.027284,-0.026767,-0.023953
0.060939,-0.024004,-0.025115
0.069165,-0.025609,-0.025471
0.064304,-0.028788,-0.026139
0.045981,-0.017023,-0.026795
0.0078393,-0.024308,-0.026918
-0.021328,-0.021833,-0.028238
-0.037407,-0.018189,-0.027417
-0.047877,-0.024128,-0.029213
-0.06807,-0.0041305,-0.028666
-0.067322,-0.035866,-0.029734
-0.072183,0.0038586,-0.030259
-0.062461,-0.030688,-0.028733
-0.03105,-0.012221,-0.032666
-0.0097358,-0.011898,-0.027721
0.016066,-0.047154,-0.034949
0.056825,0.0444,-0.027185
0.038876,-0.12814,-0.034762
0.061686,0.16642,-0.0294
0.057199,-0.57131,-0.037712
0.0067175,-2.1411,-0.32115
0.17462,-2.0217,-0.7215
0.1791,-1.8884,-1.0535
0.24791,-2.014,-1.3976
0.5134,-1.9147,-1.71
0.47152,-2.0094,-2.0066
0.60091,-1.9602,-2.2881
0.72543,-2.0198,-2.5511
0.58707,-2.0317,-2.808
0.64727,-2.0458,-3.0467
0.64765,-2.0823,-3.2773
0.57735,-2.0886,-3.494
0.62446,-2.129,-3.7024
0.65213,-2.1281,-3.8997
0.65251,-2.1431,-4.0842
0.61474,-2.1386,-4.2569
0.59492,-2.137,-4.4157
0.5149,-2.1313,-4.5632
0.40683,-2.0894,-4.6935
0.35149,-2.0614,-4.8054
0.28717,-2.0446,-4.9051
0.27034,-2.0123,-4.9921
0.27446,-1.9804,-5.065
0.2939,-1.9489,-5.1252
0.30699,-1.9085,-5.173
0.29091,-1.8704,-5.2081
0.24604,-1.8285,-5.2314
0.18284,-1.7792,-5.2432
0.078888,-1.7246,-5.2428
-0.048999,-1.6769,-5.2306
-0.16529,-1.6379,-5.2095
-0.32384,-1.5893,-5.1806
-0.40013,-1.5341,-5.1423
-0.42668,-1.4834,-5.0951
-0.44612,-1.4323,-5.04
-0.42817,-1.3689,-4.9759
-0.42443,-1.3025,-4.9026
-0.40873,-1.2378,-4.8212
-0.42705,-1.1766,-4.7315
-0.41882,-1.1188,-4.6354
-0.41359,-1.0473,-4.5325
-0.44014,-0.97448,-4.4212
-0.43827,-0.90893,-4.3033
-0.43154,-0.8402,-4.1792
-0.4091,-0.77047,-4.0485
-0.42331,-0.69618,-3.9122
-0.40274,-0.6263,-3.7701
-0.36872,-0.57076,-3.6247
-0.37545,-0.50148,-3.4776
-0.35301,-0.42954,-3.3263
-0.34778,-0.35614,-3.1703
-0.33918,-0.26787,-3.0078
-0.31599,-0.19231,-2.8389
-0.25504,-0.082938,-2.6621
-0.18212,0.011522,-2.4776
-0.11855,0.10182,-2.2885
-0.017589,0.1942,-2.0922
0.037754,0.27517,-1.8946
0.062808,0.38592,-1.6887
0.080009,0.45119,-1.4822
0.075522,0.58877,-1.2712
0.077018,0.63755,-1.0558
0.07627,0.77371,-0.8436
0.0744,0.86666,-0.61722
0.097958,0.9335,-0.40738
0.095341,1.1748,-0.1679
0.093845,0.47826,0.0024188
0.16863,-0.067448,-0.004371
0.20977,0.12834,-0.012383
0.24118,0.021741,-0.004191
0.25651,0.043351,-0.010145
0.21724,0.039913,-0.0045622
0.22061,0.013756,-0.0081426
0.21276,0.038158,-0.0049258
0.19668,0.0047172,-0.0056944
0.21014,0.031099,-0.0053682
0.19518,0.010836,-0.0039773
0.16714,0.01815,-0.0047196
0.15779,0.014416,-0.0029688
0.12301,0.0082787,-0.0035387
0.087114,0.011004,-0.0027176
0.093845,0.004346,-0.0024139
0.084123,0.0084699,-0.001994
0.05346,0.0046947,-0.0014129
0.019431,0.0071428,-0.00083551
0.025788,0.0093809,0.00031174
0.056825,0.0096171,0.0013915
0.068791,0.009321,0.0024188
0.08674,0.0091597,0.0035023
0.087488,0.0027227,0.0042221
0.077392,0.007154,0.0044696
0.047103,0.0049571,0.0056243
0.019805,-0.00033275,0.0054743
-0.0078661,0.0094109,0.0067191
-0.040399,-0.009664,0.0068315
-0.040399,0.0078213,0.0069815
-0.053861,-0.0092779,0.0083912
-0.0576,0.00060825,0.0068915
-0.048625,0.0027077,0.0098234
-0.03292,-0.018954,0.007214
-0.0015092,0.028745,0.010697
0.020927,-0.038445,0.0089423
0.03925,0.045784,0.0093922
0.052338,-0.044774,0.012534
0.059069,0.033255,0.0051482
0.01644,-0.012618,0.019755
0.041494,-0.067969,-0.0072878
0.038128,1.5247,0.12573
0.087114,2.2862,0.51145
0.28605,1.8454,0.86629
0.25651,1.9807,1.1982
0.36532,1.9171,1.5299
0.46255,1.9389,1.8264
0.3399,1.9479,2.1173
0.44834,1.9433,2.3839
0.42852,2.0057,2.6441
0.4173,1.9793,2.8881
0.54556,2.0287,3.1195
0.50443,2.028,3.342
0.51116,2.0631,3.5521
0.568,2.0781,3.7537
0.59305,2.0704,3.9404
0.57361,2.0722,4.1156
0.55042,2.0673,4.2767
0.5134,2.0504,4.4241
0.38589,2.0143,4.5557
0.3111,1.9883,4.6694
0.26025,1.9615,4.7704
0.21874,1.9354,4.8571
0.20677,1.8963,4.9298
0.22697,1.868,4.9913
0.261,1.8295,5.0394
0.25239,1.787,5.0746
0.24454,1.7489,5.0985
0.19369,1.6926,5.1102
0.12189,1.6467,5.1098
0.012327,1.6011,5.0995
-0.11182,1.5526,5.0795
-0.22999,1.5043,5.0497
-0.35114,1.4576,5.0128
-0.38854,1.4079,4.9672
-0.42331,1.3462,4.9117
-0.39639,1.2882,4.8479
-0.34815,1.2288,4.7756
-0.36012,1.1617,4.6947
-0.33768,1.0955,4.605
-0.37881,1.0381,4.5081
-0.39489,0.97371,4.4057
-0.39227,0.89821,4.295
-0.43191,0.83145,4.1758
-0.40948,0.76442,4.0514
-0.41209,0.69175,3.9209
-0.41359,0.62227,3.7847
-0.38854,0.56534,3.6446
-0.35638,0.50828,3.5015
-0.33918,0.43239,3.3552
-0.34291,0.36326,3.204
-0.31637,0.28344,3.0474
-0.31113,0.20318,2.8851
-0.30627,0.1193,2.717
-0.27673,0.016969,2.5392
-0.21615,-0.057933,2.3564
-0.15744,-0.16157,2.1681
-0.076671,-0.23844,1.974
0.022423,-0.34366,1.7761
0.051216,-0.43271,1.5703
0.073652,-0.51675,1.3659
0.079635,-0.63401,1.1519
0.064678,-0.67991,0.94169
0.054582,-0.85674,0.72413
0.060191,-0.86021,0.50628
0.065052,-1.0816,0.29098
0.040372,-1.0114,0.055398
0.10805,-0.13896,-0.032726
0.15928,-0.020079,-0.0047984
0.17686,-0.12928,-0.013939
0.26997,-0.019636,-0.011464
0.24641,-0.080382,-0.011371
0.21949,-0.026032,-0.013628
0.25576,-0.053254,-0.011382
0.20715,-0.036537,-0.014505
0.1892,-0.032436,-0.012349
0.20603,-0.045193,-0.014509
0.18957,-0.022628,-0.013954
0.15554,-0.036203,-0.014715
0.14433,-0.024431,-0.015465
0.1189,-0.027948,-0.015236
0.093845,-0.026156,-0.016065
0.094967,-0.024484,-0.015952
0.06206,-0.023674,-0.016919
0.042989,-0.02451,-0.017167
0.018684,-0.02995,-0.017643
0.020927,-0.027318,-0.018861
0.021301,-0.024026,-0.020035
0.014196,-0.023483,-0.020999
0.049346,-0.025249,-0.022105
0.054208,-0.017203,-0.022393
0.044859,-0.023378,-0.022922
0.013448,-0.018017,-0.023949
0.0040999,-0.016941,-0.02366
-0.0074922,-0.018437,-0.024916
-0.044512,-0.010358,-0.024422
-0.07854,-0.030554,-0.025932
-0.10247,-0.0069498,-0.025752
-0.080784,-0.03266,-0.025876
-0.077045,-0.0028633,-0.027785
-0.053487,-0.017807,-0.025134
-0.013849,-0.024049,-0.029655
0.022423,0.0095496,-0.024849
0.047851,-0.062881,-0.030491
0.074026,0.054871,-0.026142
0.0658,-0.11174,-0.028208
0.057947,0.11356,-0.03189
0.081505,-0.31741,-0.019383
-0.019084,-1.9833,-0.25357
0.126,-2.1029,-0.65626
0.22398,-1.8317,-0.9908
0.17237,-2.0024,-1.33
0.46479,-1.8894,-1.6477
0.47451,-1.9689,-1.942
0.50667,-1.935,-2.2245
0.69589,-1.9725,-2.4866
0.55678,-1.9979,-2.7444
0.58595,-1.9925,-2.9831
0.6024,-2.0425,-3.2131
0.52275,-2.0444,-3.4312
0.56015,-2.0786,-3.6393
0.5781,-2.0774,-3.8367
0.61399,-2.0796,-4.0195
0.57922,-2.0794,-4.1907
0.54893,-2.0732,-4.3485
0.47003,-2.0481,-4.4923
0.32643,-2.0076,-4.6173
0.27894,-1.991,-4.7275
0.22958,-1.9682,-4.8257
0.19855,-1.9329,-4.9094
0.19892,-1.9021,-4.9798
0.22248,-1.8674,-5.0378
0.23744,-1.8223,-5.0826
0.22659,-1.7854,-5.1153
0.21687,-1.7425,-5.1363
0.16265,-1.6864,-5.1454
0.071035,-1.6396,-5.1424
-0.040773,-1.5966,-5.1287
-0.16006,-1.5541,-5.1068
-0.30066,-1.5049,-5.0763
-0.37283,-1.4512,-5.0362
-0.3934,-1.4018,-4.9875
-0.40574,-1.3388,-4.9305
-0.36872,-1.276,-4.8642
-0.37507,-1.2157,-4.7891
-0.34852,-1.1542,-4.706
-0.34404,-1.0967,-4.6156
-0.39153,-1.0306,-4.5182
-0.36759,-0.9619,-4.4133
-0.3732,-0.89108,-4.3006
-0.37507,-0.82604,-4.1806
-0.36386,-0.75887,-4.055
-0.36348,-0.68415,-3.9235
-0.35301,-0.61328,-3.7855
-0.34927,-0.55202,-3.643
-0.31599,-0.50206,-3.4988
-0.28982,-0.43229,-3.351
-0.27785,-0.35329,-3.1985
-0.2771,-0.27115,-3.0402
-0.27523,-0.19257,-2.8756
-0.24868,-0.098351,-2.7044
-0.20904,-0.0018886,-2.5236
-0.14996,0.081549,-2.3383
-0.075923,0.17961,-2.146
0.011205,0.25541,-1.9505
0.071035,0.37031,-1.7494
0.11404,0.43252,-1.5429
0.11778,0.55116,-1.3363
0.090106,0.63849,-1.1205
0.10918,0.71449,-0.91102
0.075896,0.87823,-0.68717
0.055329,0.86101,-0.4741
0.078888,1.1488,-0.24819
0.044859,0.79835,-0.030611
0.093845,-0.023104,0.0082262
0.14732,0.063333,-0.015573
0.19182,0.070775,-0.0027588
0.25838,0.012099,-0.0095636
0.22098,0.058036,-0.0054095
0.21762,0.0017779,-0.0063205
0.22323,0.043846,-0.0061331
0.1963,0.0068091,-0.0042285
0.20416,0.012957,-0.0057657
0.19406,0.010554,-0.0033512
0.16901,0.0087174,-0.0043672
0.15741,0.015387,-0.0028826
0.15779,0.0050846,-0.0029088
0.11965,0.013302,-0.0023764
0.10058,0.0018417,-0.0016828
0.097211,0.0044022,-0.0017053
0.053086,0.0054107,-0.00082051
0.037754,0.0064605,-0.00061056
0.013074,0.0094297,0.00031174
0.0052217,0.010862,0.0016052
0.027658,0.0096096,0.0025875
0.031023,0.0025915,0.0036485
0.059817,-0.00036274,0.0047095
0.091601,0.0063367,0.0050207
0.078514,0.00826,0.0061754
0.039998,-4.0328e-05,0.0061117
0.023171,0.0099283,0.0068765
0.0022302,-0.0057163,0.0076339
-0.022824,0.0043498,0.0071465
-0.035538,-0.00065142,0.0089498
-0.044512,-0.0029496,0.0074689
-0.050121,0.01388,0.010285
-0.054982,-0.025586,0.0083499
-0.029928,0.026191,0.0099958
0.0067175,-0.032477,0.010734
0.020553,0.020084,0.0082375
0.023171,-0.022403,0.014337
0.057573,-0.0086743,0.004822
0.038876,0.053754,0.019879
0.03738,-0.16833,-0.0033962
0.040372,1.1701,0.076026
0.038502,2.3055,0.43453
0.23968,1.8914,0.80693
0.2509,1.9407,1.1361
0.28418,1.9353,1.4743
0.46255,1.908,1.7755
0.32943,1.9685,2.07
0.393,1.9203,2.3418
0.45432,1.9883,2.6039
0.35074,1.9659,2.8534
0.48947,2.0001,3.0876
0.49732,2.0276,3.3137
0.4719,2.0437,3.5269
0.53247,2.0565,3.7323
0.55454,2.0574,3.9238
0.56576,2.0657,4.1032
0.51864,2.0542,4.2692
0.522,2.0505,4.4215
0.42702,2.0158,4.559
0.31858,1.9739,4.6784
0.29203,1.9491,4.7833
0.22285,1.9247,4.8754
0.2049,1.8942,4.9541
0.22921,1.8555,5.0194
0.24828,1.8201,5.0725
0.24866,1.783,5.1131
0.25576,1.7416,5.1408
0.21388,1.6903,5.1569
0.12413,1.6377,5.1613
0.022049,1.6021,5.1545
-0.081532,1.5421,5.1377
-0.20306,1.4926,5.1116
-0.32833,1.4616,5.0779
-0.3646,1.3952,5.0358
-0.41471,1.3404,4.9834
-0.38966,1.2941,4.9222
-0.33431,1.2312,4.853
-0.35525,1.1634,4.7746
-0.32347,1.1014,4.6874
-0.34778,1.0455,4.5933
-0.37582,0.98139,4.4937
-0.37732,0.91303,4.3862
-0.40237,0.84153,4.2701
-0.3934,0.77723,4.1479
-0.39639,0.70905,4.0196
-0.38592,0.63714,3.8852
-0.36685,0.57235,3.7458
-0.33992,0.51084,3.6029
-0.29505,0.44906,3.4577
-0.28421,0.37581,3.3081
-0.29393,0.30869,3.1534
-0.29393,0.22943,2.9931
-0.28495,0.14126,2.8265
-0.25504,0.043643,2.6518
-0.20755,-0.039904,2.4688
-0.15669,-0.12795,2.2825
-0.089385,-0.22063,2.0883
-0.002257,-0.2948,1.8916
0.056451,-0.40781,1.6882
0.081505,-0.47305,1.4818
0.088984,-0.60032,1.2721
0.073652,-0.65678,1.0565
0.064678,-0.77544,0.84539
0.033641,-0.89215,0.61983
0.032519,-0.92307,0.40956
0.034763,-1.1917,0.17368
0.038876,-0.59821,-0.013504
0.13498,0.046834,-0.019206
0.16228,-0.13175,-0.0056607
0.20715,-0.054495,-0.016031
0.25838,-0.048436,-0.0089487
0.20677,-0.065663,-0.014333
0.22398,-0.02947,-0.011284
0.21014,-0.062165,-0.013463
0.17761,-0.025822,-0.013684
0.19331,-0.048399,-0.013152
0.16676,-0.030317,-0.014857
0.1533,-0.029395,-0.013928
0.14844,-0.031408,-0.015315
0.12264,-0.024071,-0.015131
0.10656,-0.030164,-0.01605
0.094967,-0.027712,-0.01611
0.081505,-0.032462,-0.016601
0.067295,-0.022988,-0.017208
0.028406,-0.024514,-0.017317
-0.0045007,-0.030524,-0.018577
-0.00076128,-0.023344,-0.019836
0.014196,-0.024814,-0.020672
0.042616,-0.024709,-0.021745
0.068417,-0.016577,-0.022697
0.062434,-0.024139,-0.022989
0.028032,-0.017072,-0.023987
0.0044739,-0.020281,-0.023852
-0.0093619,-0.027757,-0.024943
-0.029928,-0.008052,-0.024838
-0.051617,-0.029444,-0.025565
-0.073679,-0.0049628,-0.02624
-0.068444,-0.021822,-0.025558
-0.048625,-0.016382,-0.028227
-0.029555,-0.009829,-0.025156
-0.0048746,-0.034561,-0.0294
0.030276,0.02113,-0.025951
0.044485,-0.068778,-0.028793
0.066174,0.042413,-0.029037
0.071035,-0.082987,-0.025014
0.044859,0.044922,-0.036621
0.071035,-0.079486,-0.011438
-0.014597,-1.733,-0.18625
0.073278,-2.1972,-0.58498
0.2079,-1.8146,-0.93169
0.14545,-1.9957,-1.268
0.40459,-1.8975,-1.5952
0.5048,-1.9472,-1.8914
0.49359,-1.9391,-2.1797
0.66896,-1.9489,-2.4448
0.56239,-2,-2.7059
0.54407,-1.9772,-2.949
0.58483,-2.0272,-3.1812
0.50779,-2.0281,-3.4031
0.52874,-2.0639,-3.6137
0.55155,-2.0689,-3.8153
0.58445,-2.0665,-4.0023
0.54182,-2.0719,-4.1776
0.51303,-2.0645,-4.3398
0.4805,-2.0475,-4.4889
0.33204,-2.0004,-4.6195
0.27707,-1.9817,-4.7337
0.23145,-1.9653,-4.8364
0.19967,-1.9269,-4.9252
0.22136,-1.8985,-4.9999
0.2509,-1.866,-5.0624
0.26473,-1.8222,-5.1123
0.23669,-1.7817,-5.1492
0.24641,-1.7378,-5.1745
0.18696,-1.689,-5.1876
0.074774,-1.641,-5.188
-0.03479,-1.598,-5.1784
-0.14248,-1.5545,-5.1602
-0.25093,-1.5005,-5.1324
-0.35787,-1.4515,-5.0957
-0.40088,-1.4016,-5.0503
-0.40723,-1.3416,-4.9961
-0.35563,-1.2854,-4.933
-0.34179,-1.2246,-4.8611
-0.33805,-1.1613,-4.7808
-0.31711,-1.0981,-4.692
-0.34628,-1.0351,-4.5961
-0.34366,-0.97918,-4.4938
-0.34815,-0.91003,-4.3838
-0.35264,-0.83698,-4.2659
-0.35825,-0.77433,-4.1424
-0.33805,-0.70301,-4.0136
-0.31562,-0.62882,-3.8773
-0.30702,-0.56137,-3.7351
-0.27374,-0.50678,-3.591
-0.28458,-0.44352,-3.4448
-0.26925,-0.37266,-3.2937
-0.26065,-0.30223,-3.1375
-0.25878,-0.21598,-2.9749
-0.25504,-0.12568,-2.806
-0.23821,-0.022643,-2.6279
-0.13725,0.052258,-2.443
-0.06994,0.15094,-2.2534
0.011953,0.23247,-2.0567
0.072531,0.31887,-1.8582
0.092349,0.42192,-1.6512
0.13311,0.48011,-1.4451
0.098332,0.61353,-1.232
0.098332,0.66306,-1.0185
0.080757,0.82477,-0.80237
0.027658,0.86775,-0.57771
0.058321,1.0011,-0.36677
0.024667,1.1294,-0.1231
0.053086,0.30377,0.012234
0.1447,-0.049464,-0.0096311
0.15854,0.13004,-0.0081201
0.21724,0.0039824,-0.0051058
0.2165,0.05447,-0.0086713
0.19144,0.021588,-0.0038123
0.20191,0.019713,-0.0075053
0.16003,0.025344,-0.0035349
0.16527,0.0092122,-0.0053345
0.18583,0.033506,-0.0039886
0.16003,0.0072627,-0.0033624
0.15554,0.020328,-0.0036549
0.16265,0.0054482,-0.0024177
0.1361,0.0062505,-0.0027776
0.11553,0.012463,-0.0015928
0.1002,0.0052908,-0.0016453
0.079635,0.0047622,-0.0010867
0.079261,0.0021191,-0.00048309
0.045981,0.0064417,-0.00010067
0.019805,0.00010588,0.00037547
0.030276,0.0040236,0.00086287
0.056451,0.0018529,0.0014402
0.079261,-0.0033919,0.0016764
0.091601,0.0040086,0.0018526
0.098332,-0.0040968,0.0017552
0.059069,-0.0070397,0.0018264
0.041868,-0.0043667,0.0018751
0.01457,-0.0036319,0.0018376
-0.032172,-6.2822e-05,0.0019464
-0.034416,-0.00112,0.0019576
-0.033668,-0.0023047,0.0020701
-0.030676,-0.0060462,0.0019839
-0.041521,-0.0070472,0.0019089
-0.012353,-0.0034632,0.0019651
