0.054956,-0.0084344,0.00060417
0.058321,-0.0070022,0.00057418
0.046355,-0.0059563,0.00043921
0.056825,-0.0039843,0.0010166
0.057199,-0.0064999,0.001579
0.069539,-0.0055851,0.0016464
0.081879,-0.0016112,0.0020551
0.065052,-0.007066,0.0022276
0.071783,-0.0029346,0.002355
0.082253,-0.0053114,0.0028837
0.074774,-0.0098515,0.0026025
0.056077,-0.0030433,0.0032848
0.069165,-0.009023,0.0028687
0.061686,0.0033713,0.0033973
0.05159,-0.020525,0.003581
0.077018,0.0023141,0.0027562
0.055703,-0.0073659,0.0043796
0.045607,-0.020649,0.0019801
0.055329,0.018011,0.0047882
0.078514,-0.039529,0.0023288
0.062434,0.035377,0.0041921
0.057199,-0.059586,0.0034985
0.072531,0.044974,0.00090786
0.059817,-0.053734,0.0080275
0.066548,0.018862,-0.0085213
0.071035,1.6718,0.11039
0.19443,2.4278,0.35932
0.11703,2.1862,0.55325
0.11366,2.4463,0.73114
0.26062,2.5007,0.88757
0.079635,2.5828,1.0155
0.22921,2.5394,1.1348
0.21986,2.4284,1.2277
0.084871,2.4155,1.3091
0.25277,2.3653,1.3762
0.037006,2.3518,1.4335
0.084497,2.3004,1.4772
0.12413,2.2319,1.508
0.05346,2.155,1.531
0.13535,2.0983,1.5443
0.0029781,2.0313,1.5515
0.083375,1.9501,1.5492
-0.019832,1.865,1.5371
-0.06807,1.7676,1.516
-0.0089879,1.6965,1.4867
-0.066948,1.6085,1.451
0.018684,1.4987,1.4083
-0.075175,1.4116,1.3583
-0.038155,1.3172,1.3005
-0.024693,1.2105,1.2385
-0.036285,1.0955,1.1718
0.038876,0.99283,1.1001
0.013822,0.87504,1.0248
0.030276,0.75233,0.94377
-0.056104,0.63325,0.8595
-0.061339,0.51485,0.77312
-0.12977,0.38579,0.68539
-0.1825,0.24146,0.58965
-0.10285,0.14686,0.49495
-0.13351,-0.043623,0.39208
-0.053487,-0.15611,0.2815
-0.050121,-0.36453,0.16862
-0.046008,-0.51555,0.040544
0.030276,-0.1149,-0.010486
0.0658,0.013988,0.0056955
0.13834,-0.067627,0.0016277
0.17574,-0.0047453,0.0028049
0.18172,-0.03978,0.0031536
0.12301,-0.016543,0.0017439
0.12264,-0.023082,0.0034011
0.060939,-0.021185,0.0015865
0.072157,-0.011546,0.0029624
0.15218,-0.022324,0.0019276
0.087488,-0.015771,0.0020551
0.14582,-0.021188,0.0019501
0.12339,-0.0092104,0.0015565
0.087114,-0.011111,0.0016277
0.1275,-0.0108,0.001174
0.10506,-0.0094766,0.001474
0.14021,-0.0099115,0.0010953
0.14844,-0.0088393,0.00087786
0.15442,-0.012495,0.00083662
0.13386,-0.0086518,0.00051794
0.11254,-0.0077258,0.00029674
0.126,-0.011801,0.00010553
0.12488,-0.010927,3.0551e-05
0.14769,-0.0069685,-5.568e-05
0.12039,-0.0086143,-0.00013066
0.068417,-0.0085881,0.00012053
0.013074,-0.008873,0.00040547
-0.035164,-0.0077146,0.00010553
-0.069192,-0.004198,-0.00015316
-0.080036,-0.0054876,3.8049e-05
-0.033294,-0.0053077,-5.9429e-05
-0.014971,-0.012018,5.5726e-07
0.0018563,-0.0091692,0.00012803
-0.016467,-0.002166,0.00011678
-0.01871,-0.0055589,0.00013178
0.038502,-0.0028858,8.6788e-05
0.036633,-0.0085281,8.6788e-05
0.07627,-0.011808,4.5547e-05
0.073652,-0.0064474,0.0002705
0.047477,-0.0045579,0.00029674
0.038876,-0.0034069,0.00024425
-0.0056225,-0.0045916,0.00036798
0.030276,-0.0050715,0.00019926
0.044485,-0.0055439,0.00015052
0.069165,-0.0023685,0.00014677
0.10955,-0.0027021,0.00011678
0.084497,-0.0064399,0.00012053
0.08674,-0.0055814,-0.00032562
0.092723,-0.0051202,-0.00081301
0.1189,-0.0042617,-0.0011017
0.13124,-0.0072872,-0.0017053
0.1432,-0.0073659,-0.0016603
0.1791,-0.0073322,-0.0020427
0.12713,-0.0064549,-0.0023914
0.11292,-0.0076583,-0.0022377
0.11217,-0.0041005,-0.0029238
0.09048,-0.0074334,-0.0022602
0.12301,-0.0093754,-0.0034412
0.10619,-0.0017949,-0.0025301
0.085245,-0.01946,-0.0033175
0.064678,0.0055944,-0.0033025
0.024667,-0.033298,-0.001814
0.020553,-0.0024022,-0.0046372
0.029902,-0.0054876,-0.00092924
0.03738,-0.035386,-0.0058181
0.037754,0.044213,0.00026675
0.048972,-0.08608,-0.005447
0.055703,0.13066,-0.00050183
0.010457,-0.42974,-0.0086
0.033641,-1.6418,-0.20931
0.064304,-1.6249,-0.47156
0.034389,-1.574,-0.67162
0.10805,-1.704,-0.87368
0.11853,-1.6931,-1.0442
0.16639,-1.8307,-1.1973
0.25651,-1.8298,-1.329
0.18696,-1.8822,-1.4332
0.22697,-1.9165,-1.5241
0.20977,-1.946,-1.598
0.17424,-1.9599,-1.6605
0.23557,-1.9412,-1.7054
0.16751,-1.9432,-1.7387
0.19182,-1.9164,-1.7606
0.18845,-1.9002,-1.773
0.13348,-1.8606,-1.7778
0.11815,-1.8051,-1.7706
0.045981,-1.7518,-1.7528
0.059443,-1.6948,-1.726
0.043737,-1.631,-1.6923
0.03738,-1.5511,-1.6506
0.035137,-1.4666,-1.5993
0.011205,-1.385,-1.5414
0.048972,-1.2985,-1.478
0.047477,-1.2075,-1.4099
0.046355,-1.0992,-1.3355
0.029902,-1.0077,-1.2565
-0.0048746,-0.90054,-1.1763
-0.053113,-0.76247,-1.0872
-0.084523,-0.67102,-0.99646
-0.10584,-0.5484,-0.90459
-0.1294,-0.43085,-0.80751
-0.11668,-0.29303,-0.70666
-0.12603,-0.17496,-0.60073
-0.097611,-0.032128,-0.49362
-0.080784,0.14934,-0.37123
-0.06994,0.24438,-0.25266
-0.024693,0.53336,-0.11796
-1.3407e-05,0.38915,-0.0024102
0.011579,-0.03344,0.0050619
0.013074,0.035579,-0.0059381
0.083001,0.026563,0.00063042
0.096089,0.002374,-0.0037374
0.06206,0.028816,-0.00088425
0.11479,-0.0067661,-0.0024551
0.10132,0.017149,-0.0014804
0.090854,0.0020479,-0.0013754
0.14096,0.010697,-0.0018928
0.11254,0.0047172,-0.00084301
0.11703,0.0010694,-0.0017616
0.1346,0.0014068,-0.00070054
0.11853,-0.0057388,-0.00086175
0.17088,0.0059618,-0.00032937
0.17611,0.00058951,-0.0002019
0.19406,0.0037049,-0.00034437
0.22398,-0.00079388,9.4286e-05
0.19331,-0.00587,3.8049e-05
0.20079,0.0020704,0.00044296
0.17499,-0.0014575,0.00057793
0.16078,-0.00030651,0.00091535
0.16714,-0.0041005,0.0011853
0.13236,-0.0063837,0.0010653
0.096089,0.00030083,0.0012715
0.063182,-0.0029571,0.00097534
0.035511,-0.0012588,0.00090036
-0.0067443,-0.0011725,0.0012603
-0.017589,-0.0045691,0.0012415
-0.026563,-0.0020985,0.0011665
-0.04526,-0.005975,0.001204
-0.040025,-0.0078833,0.0012453
-0.040773,-0.0043779,0.00098284
-0.037407,-0.0045354,0.00093785
-0.052739,-0.0031595,0.0012678
-0.036285,-0.00062892,0.0020514
-0.0045007,-0.0010676,0.0026212
-0.0078661,0.00037206,0.0029661
-0.0059964,-0.0018436,0.0038772
-0.011979,0.00062325,0.0039297
-0.014223,0.0011856,0.0047208
-0.024319,-0.0073434,0.0048145
-0.0074922,0.0037349,0.0053356
0.044111,-0.008052,0.0058193
0.057947,0.0051258,0.0052231
0.079261,5.7146e-05,0.0068465
0.089358,-0.0045316,0.0052456
0.089358,0.013966,0.0072889
0.12937,-0.019704,0.005703
0.13199,0.025764,0.0072664
0.12675,-0.028484,0.0073264
0.13909,0.027414,0.0051782
0.15704,-0.015434,0.010371
0.14919,-0.0098477,0.0015565
0.13348,0.048761,0.015308
0.15218,-0.15147,-0.006538
0.12413,1.1,0.07029
0.22734,2.2304,0.39904
0.23594,2.0129,0.7303
0.17162,2.1955,1.0155
0.27782,2.3022,1.2997
0.20004,2.4151,1.5422
0.26997,2.6142,1.7773
0.34139,2.7268,1.9901
0.29615,2.9179,2.1859
0.44983,3.0051,2.3621
0.40945,3.1493,2.5196
0.41768,3.2448,2.6624
0.39262,3.3139,2.7844
0.32756,3.3662,2.8902
0.39674,3.3756,2.9761
0.2666,3.3753,3.0487
0.18396,3.3335,3.1087
0.044485,3.3095,3.157
-0.025067,3.2699,3.1941
0.0011084,3.213,3.2163
-0.049373,3.1639,3.2259
-0.0074922,3.0838,3.2248
-0.04713,2.9909,3.2153
-0.044512,2.9127,3.1984
-0.046382,2.8387,3.1728
-0.018336,2.759,3.1383
0.056825,2.6875,3.0969
0.063556,2.6159,3.0501
0.070287,2.5031,2.996
-0.035538,2.4114,2.9342
-0.09088,2.327,2.8651
-0.16754,2.221,2.7887
-0.23784,2.1349,2.7082
-0.21503,2.0161,2.6235
-0.26439,1.8975,2.5322
-0.27448,1.7955,2.4347
-0.32123,1.682,2.3328
-0.3115,1.5679,2.2282
-0.25541,1.4467,2.119
-0.22363,1.3326,2.0069
-0.11743,1.1852,1.8947
-0.076671,0.99971,1.7776
-0.047504,0.85648,1.6602
-0.050495,0.71587,1.5447
-0.072931,0.57461,1.422
-0.032546,0.45112,1.2985
-0.028433,0.30374,1.1702
-0.023198,0.18308,1.0364
-0.008614,0.021764,0.89434
-0.016841,-0.082365,0.74677
-0.040025,-0.24314,0.599
-0.04526,-0.37055,0.43892
-0.0059964,-0.4685,0.28973
0.02504,-0.75835,0.11565
0.095341,-0.38554,-0.012462
0.16452,0.038702,-0.0083488
0.17723,-0.089593,-0.0011467
0.23332,-0.035832,-0.0074565
0.26062,-0.035678,-0.0023577
0.22098,-0.044121,-0.0064518
0.26922,-0.022081,-0.0039623
0.28381,-0.040957,-0.0057807
0.22921,-0.019104,-0.0052558
0.20864,-0.035349,-0.0054095
0.11778,-0.025331,-0.0063768
0.081879,-0.02532,-0.0056344
0.059817,-0.022609,-0.0066242
0.02691,-0.019112,-0.006313
0.035885,-0.01958,-0.0069317
-0.008614,-0.015876,-0.0068754
0.020179,-0.018081,-0.0072541
-0.00076128,-0.015408,-0.0077527
-0.026937,-0.016641,-0.0079702
0.011205,-0.01564,-0.0080976
0.010457,-0.014766,-0.0082551
0.061312,-0.0203,-0.0090087
0.059817,-0.020487,-0.00893
0.050468,-0.011179,-0.0089412
0.020927,-0.01224,-0.0092449
-0.057226,-0.013192,-0.0091099
-0.053861,-0.011707,-0.0090837
-0.0662,-0.016064,-0.0091512
-0.089385,-0.010984,-0.0089787
-0.090133,-0.0080782,-0.008825
-0.087141,-0.011239,-0.0091474
-0.05573,-0.01681,-0.0096648
-0.032546,-0.018849,-0.010283
0.021675,-0.011096,-0.010681
0.10394,-0.014598,-0.011389
0.15629,-0.011846,-0.011836
0.20042,-0.011651,-0.011993
0.19855,-0.012266,-0.012957
0.1634,-0.0093604,-0.012657
0.14956,-0.017113,-0.01386
0.14096,-0.0072047,-0.013616
0.11292,-0.021005,-0.014175
0.11628,-0.0071859,-0.015049
0.12301,-0.022913,-0.014168
0.072905,-0.0085318,-0.01641
0.070287,-0.0015812,-0.013646
0.10394,-0.02818,-0.017381
0.085992,0.02161,-0.014108
0.072905,-0.051683,-0.016743
0.12862,0.043238,-0.016646
0.11217,-0.065007,-0.0132
0.089358,0.046252,-0.023109
0.1088,-0.070211,-0.00048309
0.065426,-1.5505,-0.16497
0.1619,-2.0333,-0.5338
0.12937,-1.7411,-0.85271
0.12862,-1.9211,-1.1543
0.39225,-1.9003,-1.4379
0.34887,-2.0156,-1.6924
0.3642,-2.0614,-1.9421
0.41955,-2.0848,-2.1694
0.20266,-2.1233,-2.3877
0.27184,-2.0989,-2.5868
0.35635,-2.1231,-2.7744
0.29989,-2.0836,-2.9488
0.34962,-2.0487,-3.1076
0.43525,-1.998,-3.251
0.52574,-1.9616,-3.3763
0.46629,-1.9294,-3.4902
0.5149,-1.8947,-3.5914
0.49994,-1.854,-3.6801
0.28605,-1.7916,-3.7543
0.22323,-1.7396,-3.8139
0.19219,-1.6823,-3.8601
0.27259,-1.6349,-3.8944
0.34887,-1.5849,-3.9188
0.28231,-1.5285,-3.9329
0.15106,-1.4796,-3.9366
0.093097,-1.4276,-3.9297
0.10319,-1.3792,-3.9146
0.11179,-1.3258,-3.8921
0.10319,-1.2645,-3.8598
-0.16754,-1.2027,-3.8175
-0.3231,-1.1429,-3.7663
-0.40274,-1.0923,-3.7071
-0.41097,-1.0344,-3.6409
-0.15782,-0.96565,-3.5657
-0.093498,-0.90216,-3.4824
-0.064705,-0.84343,-3.3928
-0.11294,-0.78789,-3.2976
-0.26476,-0.71996,-3.1965
-0.29804,-0.65892,-3.0888
-0.31337,-0.6025,-2.9781
-0.26626,-0.52159,-2.86
-0.25392,-0.47199,-2.7356
-0.32235,-0.4136,-2.6104
-0.38442,-0.33103,-2.4791
-0.41621,-0.26205,-2.3415
-0.35974,-0.1886,-2.1994
-0.24719,-0.10409,-2.0531
-0.19783,0.004256,-1.8955
-0.1982,0.078048,-1.7311
-0.20531,0.18221,-1.5616
-0.25915,0.25407,-1.3853
-0.2599,0.36313,-1.2077
-0.12528,0.4652,-1.02
0.0658,0.52295,-0.8365
0.21014,0.67361,-0.63854
0.32307,0.67693,-0.44549
0.38066,0.92862,-0.24259
0.33653,0.72427,-0.035617
0.33017,0.015293,0.012527
0.31185,0.048892,-0.011941
0.29166,0.07287,-0.00075677
0.30437,0.0044997,-0.006313
0.18471,0.057402,-0.0034449
0.10207,0.0056357,-0.0037524
0.12189,0.037716,-0.0039698
0.089732,0.0084174,-0.0017765
0.14956,0.010247,-0.0039098
0.25053,0.014941,-0.0014616
0.28119,0.0071128,-0.0024439
0.29091,0.0099733,-0.0015628
0.21874,-0.0035044,-0.0014954
0.12114,0.010596,-0.0011992
0.035511,0.0031876,-0.00046059
-1.3407e-05,0.0085037,-0.00074928
-0.0063704,0.0077351,0.0004767
0.0029781,-0.0049215,0.0014252
0.00073447,0.0058419,0.0024188
-0.094246,0.010127,0.0035698
-0.078914,0.0076114,0.0048932
-0.085271,0.0056094,0.0055118
-0.12192,0.0074127,0.0066966
-0.051617,-0.0016449,0.0072327
-0.076297,0.0069366,0.0073189
-0.11182,0.00019586,0.0083912
-0.15595,-0.00032525,0.0079825
-0.19297,0.0067416,0.0097934
-0.13164,-0.010601,0.0083087
-0.01871,0.014974,0.010453
0.08674,-0.019966,0.010127
0.10581,0.014618,0.0098646
0.1533,-0.019929,0.012519
0.14844,0.0064717,0.0082675
0.081505,0.0087436,0.015597
0.11404,-0.042663,0.0062654
0.10282,0.08348,0.018559
0.11703,-0.18997,0.0039822
0.12825,0.78473,0.041605
0.15816,2.128,0.36479
0.28081,1.8276,0.75549
0.24604,1.7486,1.091
0.35373,1.8057,1.4415
0.50518,1.7394,1.7553
0.46217,1.8376,2.0612
0.53547,1.8048,2.3508
0.52126,1.8795,2.6265
0.43413,1.8919,2.8933
0.43039,1.9342,3.1436
0.45843,1.9726,3.3864
0.51901,1.9963,3.6137
0.5665,2.0466,3.833
0.62559,2.0496,4.0389
0.52574,2.0725,4.2306
0.51602,2.1062,4.4137
0.57024,2.1424,4.5875
0.28306,2.1448,4.7511
0.27371,2.1375,4.9014
0.46068,2.1412,5.0384
0.22173,2.1238,5.163
0.11853,2.1102,5.2736
0.31746,2.0842,5.3704
0.47751,2.0463,5.4523
0.64952,2.0298,5.5194
0.6641,2.0077,5.5749
0.39038,1.9771,5.618
-0.011232,1.944,5.649
-0.067696,1.8987,5.6673
0.079261,1.854,5.671
-0.013475,1.813,5.6626
0.0026042,1.7689,5.6439
-0.26476,1.7283,5.6155
-0.69778,1.6784,5.5776
-0.59682,1.6194,5.5301
-0.27523,1.57,5.4746
0.029154,1.5191,5.4126
-0.084523,1.4651,5.3437
-0.41022,1.4093,5.2662
-0.38031,1.3469,5.1796
-0.27523,1.2848,5.0844
-0.25055,1.2357,4.9828
-0.16791,1.1796,4.8762
-0.051617,1.1025,4.762
-0.10659,1.0343,4.6404
-0.19895,0.98833,4.5126
-0.25167,0.92766,4.3814
-0.35226,0.83976,4.2452
-0.2427,0.79582,4.1033
-0.15408,0.75038,3.9618
-0.30889,0.65477,3.814
-0.35114,0.595,3.658
-0.37919,0.53862,3.5025
-0.50146,0.45887,3.3427
-0.41284,0.38684,3.1769
-0.20157,0.31221,3.0072
-0.048625,0.22099,2.8317
0.080009,0.11734,2.6465
0.16228,0.04551,2.4562
0.072905,-0.057786,2.2613
-0.047877,-0.13853,2.0593
-0.025067,-0.22616,1.8575
-0.094246,-0.33753,1.647
-0.083028,-0.42284,1.4365
-0.015719,-0.56766,1.2194
-0.1193,-0.61371,1.0014
-0.19484,-0.76706,0.78064
-0.18885,-0.80104,0.55102
-0.064705,-0.9244,0.33507
0.044485,-1.0599,0.087161
0.18509,-0.3125,-0.051206
0.25688,0.0086199,-0.029239
0.14059,-0.1522,-0.03003
0.10506,-0.0344,-0.03309
0.0029781,-0.083422,-0.028962
-0.03105,-0.050476,-0.033828
0.06393,-0.05229,-0.029948
0.098332,-0.060609,-0.03345
0.15293,-0.04068,-0.031575
0.10843,-0.06098,-0.03285
0.035137,-0.035487,-0.033236
0.011579,-0.045958,-0.032805
-0.012727,-0.036657,-0.034229
0.0067175,-0.039806,-0.033637
0.035511,-0.041681,-0.035223
0.0127,-0.040612,-0.036224
-0.035911,-0.044024,-0.036966
-0.016467,-0.036125,-0.038301
0.04112,-0.034276,-0.039538
0.15405,-0.035229,-0.040007
0.27595,-0.036136,-0.041315
0.32195,-0.028514,-0.041825
0.3025,-0.033332,-0.043231
0.21051,-0.023378,-0.043437
0.096089,-0.037917,-0.043456
-0.010858,-0.024645,-0.045166
-0.046382,-0.026538,-0.043632
-0.051617,-0.032484,-0.046553
-0.0059964,-0.008978,-0.043966
0.035511,-0.048579,-0.047033
0.045233,0.0092272,-0.04599
0.085618,-0.057974,-0.045319
0.09908,0.012373,-0.049526
0.18097,-0.041276,-0.041341
0.21051,-0.031611,-0.056848
0.16788,0.069219,-0.02979
0.045981,-1.2745,-0.14833
0.047477,-2.0377,-0.53415
0.038502,-1.6674,-0.90285
-0.085271,-1.7994,-1.2449
0.23856,-1.7418,-1.589
0.2954,-1.7518,-1.8955
0.31185,-1.803,-2.1999
0.53921,-1.7935,-2.4824
0.19518,-1.8631,-2.7579
0.16302,-1.854,-3.0184
0.24903,-1.9119,-3.2664
0.18022,-1.9267,-3.5059
0.3369,-1.9585,-3.7319
0.37579,-1.9819,-3.9495
0.44385,-1.9842,-4.1516
0.39561,-2.015,-4.3431
0.41281,-2.037,-4.5257
0.45956,-2.0616,-4.6994
0.43226,-2.0661,-4.8618
0.40347,-2.0698,-5.0104
0.31185,-2.0712,-5.1469
0.31036,-2.0604,-5.2691
0.1978,-2.0511,-5.3769
0.36158,-2.031,-5.4697
0.568,-2.0082,-5.546
0.58782,-1.9952,-5.609
0.71608,-1.9833,-5.6614
0.6484,-1.9591,-5.7021
0.57136,-1.9255,-5.7294
0.43375,-1.8887,-5.7427
0.21762,-1.8483,-5.7424
0.092349,-1.8129,-5.7301
-0.02245,-1.7774,-5.7085
-0.056852,-1.7377,-5.6772
-0.11033,-1.6933,-5.6355
-0.08415,-1.65,-5.5846
-0.044512,-1.6127,-5.5263
-0.041894,-1.5676,-5.4612
-0.023198,-1.5115,-5.3876
-0.1006,-1.4555,-5.3048
-0.15445,-1.3993,-5.2138
-0.26289,-1.343,-5.1153
-0.38854,-1.2858,-5.0105
-0.3732,-1.2175,-4.8987
-0.37769,-1.1533,-4.779
-0.37844,-1.0944,-4.6537
-0.26962,-1.0333,-4.5236
-0.24494,-0.967,-4.3891
-0.30253,-0.89709,-4.2487
-0.34703,-0.84642,-4.105
-0.4278,-0.77559,-3.9592
-0.50857,-0.69175,-3.8051
-0.55531,-0.63853,-3.648
-0.54297,-0.56733,-3.49
-0.51979,-0.48343,-3.3258
-0.43715,-0.41406,-3.1569
-0.29692,-0.34053,-2.9842
-0.18175,-0.2267,-2.8043
-0.044886,-0.12973,-2.6137
0.032519,-0.051964,-2.4201
0.046729,0.058081,-2.2201
0.015318,0.12689,-2.0162
-0.072557,0.23856,-1.809
-0.15856,0.32319,-1.5967
-0.21353,0.44842,-1.3845
-0.1709,0.55715,-1.1629
-0.077419,0.63319,-0.94718
-0.023198,0.78014,-0.71738
0.0744,0.77393,-0.49663
0.20229,1.0518,-0.26558
0.2494,0.77113,-0.038125
0.33317,0.0093022,0.0094672
0.36682,0.067352,-0.016211
0.28568,0.080987,-0.00328
0.27259,0.022266,-0.0096873
0.22136,0.065849,-0.0059681
0.15181,0.012219,-0.0067329
0.15106,0.04659,-0.0068454
0.15106,0.0064342,-0.004431
0.20266,0.020699,-0.0064105
0.22061,0.020733,-0.0038573
0.19967,0.010487,-0.0049333
0.19144,0.019188,-0.0034524
0.11778,0.004256,-0.0036511
0.078888,0.016504,-0.0033025
0.046355,0.0099845,-0.0019565
0.0070914,0.0077201,-0.0024701
0.045607,0.0084137,-0.0016153
0.058321,0.0088148,-0.0010005
0.10394,0.0065692,-0.00058056
0.17574,0.0050958,0.00081413
0.20453,0.0088261,0.0021413
0.23258,0.0069816,0.0032173
0.20603,0.0051108,0.0042409
0.13535,0.00342,0.0043721
0.020179,0.0017105,0.0054256
-0.0662,-0.0027209,0.0053806
-0.096116,0.0097821,0.0059917
-0.12267,-0.0055176,0.0068953
-0.08415,0.00345,0.0063779
-0.018336,0.0043535,0.0082225
0.042989,-0.0076921,0.0068053
0.10469,0.012568,0.0092647
0.172,-0.018227,0.0077388
0.19144,0.025959,0.0092273
0.16228,-0.025072,0.010153
0.14171,0.017201,0.007154
0.091228,-0.011077,0.013752
0.050094,-0.018737,0.0040984
-0.013849,0.055415,0.01845
-0.04339,-0.16245,-0.0027026
-0.054608,0.9941,0.065802
0.014944,2.1003,0.41141
0.14657,1.7225,0.78113
0.068791,1.7121,1.1046
0.13647,1.7216,1.4381
0.16751,1.6845,1.736
0.044859,1.7444,2.0279
0.16826,1.7157,2.2983
0.13647,1.796,2.5598
0.13049,1.7872,2.8105
0.23594,1.8101,3.0417
0.25426,1.8393,3.2637
0.36645,1.8689,3.4755
0.4603,1.8859,3.6798
0.52425,1.8836,3.8689
0.44647,1.8963,4.0438
0.39524,1.8763,4.2049
0.28792,1.8669,4.3509
0.14919,1.8623,4.4815
0.16975,1.8413,4.5968
0.096463,1.8138,4.6951
0.16602,1.8033,4.7781
0.2337,1.7909,4.8506
0.31522,1.7552,4.9104
0.48685,1.7371,4.9561
0.53173,1.6974,4.9876
0.58595,1.6432,5.0044
0.52462,1.632,5.0094
0.40683,1.6029,5.0046
0.2423,1.5619,4.9894
0.054956,1.5254,4.9637
-0.046008,1.4821,4.9285
-0.15408,1.4485,4.8852
-0.13014,1.4078,4.8348
-0.10659,1.3595,4.776
-0.12267,1.3031,4.7075
-0.10696,1.2426,4.6293
-0.14847,1.1887,4.5434
-0.1709,1.1394,4.4517
-0.23559,1.0831,4.3526
-0.28196,1.0138,4.2456
-0.3044,0.95139,4.1313
-0.3732,0.8997,4.0121
-0.3818,0.83392,3.8882
-0.35002,0.77515,3.7577
-0.30702,0.72038,3.6256
-0.26401,0.6366,3.4885
-0.2442,0.57366,3.3431
-0.27374,0.52157,3.1971
-0.35114,0.44181,3.0489
-0.41097,0.37001,2.893
-0.48314,0.30178,2.7342
-0.51605,0.2037,2.5701
-0.47678,0.12051,2.3964
-0.4435,0.023612,2.2172
-0.35189,-0.07144,2.0294
-0.21241,-0.145,1.8396
-0.12528,-0.25598,1.6433
-0.04339,-0.3293,1.4443
0.044859,-0.47142,1.2415
0.081131,-0.54024,1.0322
0.097958,-0.65553,0.82666
0.059443,-0.7579,0.60542
0.011205,-0.79615,0.39913
0.050468,-1.0517,0.16642
0.10581,-0.52852,-0.016994
0.20677,0.029419,-0.020807
0.27595,-0.12874,-0.0078839
0.32419,-0.059001,-0.017636
0.39524,-0.054858,-0.010516
0.33466,-0.061974,-0.015926
0.31671,-0.033973,-0.012777
0.29989,-0.060598,-0.015045
0.21949,-0.023802,-0.014842
0.21799,-0.046588,-0.014269
0.16863,-0.032885,-0.016012
0.15031,-0.03076,-0.015022
0.14956,-0.032214,-0.016316
0.13722,-0.029695,-0.015877
0.17574,-0.030767,-0.016724
0.15218,-0.023719,-0.017114
0.13722,-0.02535,-0.017204
0.095341,-0.020832,-0.017624
0.055329,-0.028439,-0.018134
0.045981,-0.027641,-0.018768
-0.0011352,-0.025219,-0.019386
0.029528,-0.027269,-0.020691
0.063556,-0.020851,-0.021583
0.058695,-0.021462,-0.022329
0.037006,-0.017331,-0.022832
0.0085872,-0.020206,-0.023319
-0.002631,-0.02183,-0.024238
-0.075549,-0.016723,-0.024024
-0.12042,-0.022264,-0.025381
-0.12117,-0.010789,-0.02504
-0.14697,-0.025459,-0.025726
-0.13538,-0.0088018,-0.026825
-0.10883,-0.018272,-0.025516
-0.069566,-0.020274,-0.028336
-0.0048746,-0.02018,-0.02558
0.055329,-0.042693,-0.029415
0.12526,0.019515,-0.02657
0.12937,-0.057089,-0.028542
0.14358,0.034458,-0.029903
0.12264,-0.064445,-0.024496
0.081879,0.015274,-0.037251
0.12825,-0.02445,-0.011187
0.047103,-1.4758,-0.16676
0.14657,-2.0054,-0.55465
0.17275,-1.631,-0.89916
0.09908,-1.7665,-1.2281
0.40982,-1.6962,-1.551
0.42291,-1.7408,-1.8432
0.44123,-1.7549,-2.1299
0.56949,-1.7693,-2.393
0.35298,-1.8339,-2.6518
0.34177,-1.8148,-2.8932
0.37654,-1.8616,-3.1202
0.36532,-1.8791,-3.3375
0.44946,-1.9223,-3.5456
0.55715,-1.9323,-3.744
0.5781,-1.932,-3.9261
0.47751,-1.9429,-4.0963
0.48611,-1.9337,-4.2514
0.3384,-1.9316,-4.392
0.25726,-1.9103,-4.5166
0.21463,-1.887,-4.6235
0.10058,-1.8723,-4.7155
0.14208,-1.8631,-4.795
0.12301,-1.8519,-4.863
0.24866,-1.8227,-4.9181
0.34214,-1.7863,-4.9585
0.41543,-1.7504,-4.984
0.4805,-1.7173,-4.9966
0.34551,-1.6869,-4.9985
0.26025,-1.6508,-4.9905
0.063182,-1.6104,-4.9719
-0.060965,-1.5697,-4.9427
-0.13089,-1.5318,-4.905
-0.22737,-1.4928,-4.8593
-0.16268,-1.444,-4.8054
-0.16118,-1.3919,-4.7426
-0.12192,-1.3375,-4.6703
-0.086767,-1.2817,-4.5896
-0.062461,-1.2307,-4.5023
-0.045634,-1.1698,-4.408
-0.14884,-1.1056,-4.3048
-0.18175,-1.0466,-4.1949
-0.2442,-0.98893,-4.0799
-0.33918,-0.92831,-3.96
-0.35825,-0.85594,-3.8347
-0.34516,-0.80099,-3.7036
-0.28346,-0.73906,-3.5698
-0.21017,-0.65627,-3.4302
-0.20718,-0.59811,-3.2848
-0.26177,-0.53558,-3.1389
-0.29655,-0.44935,-2.9879
-0.35339,-0.38198,-2.8303
-0.4364,-0.30416,-2.6707
-0.47491,-0.20067,-2.5024
-0.44949,-0.11899,-2.3259
-0.40761,-0.015479,-2.1434
-0.32497,0.067791,-1.9554
-0.18586,0.17304,-1.7634
-0.11406,0.25866,-1.5646
-0.013849,0.35628,-1.3675
0.075522,0.49707,-1.1594
0.049346,0.54373,-0.95454
0.016066,0.70064,-0.74145
-0.062087,0.72045,-0.52533
-0.10359,0.92504,-0.31411
-0.10247,0.90595,-0.078323
-0.068444,0.13684,0.015803
0.05346,0.0034987,-0.012507
0.1275,0.1092,-0.0040523
0.25464,0.0041923,-0.0058744
0.34513,0.058302,-0.0062493
0.32793,0.012841,-0.0037336
0.38739,0.032261,-0.0062905
0.36981,0.023147,-0.0026951
0.32382,0.013756,-0.0050233
0.29091,0.02209,-0.0028413
0.20229,0.006318,-0.0032687
0.1806,0.0085112,-0.0029238
0.16602,0.0021941,-0.0019453
0.17985,0.014285,-0.0021402
0.19892,0.0041586,-0.0011804
0.14919,0.0049421,-0.0010155
0.14732,0.0065317,-0.00039685
0.11179,0.0058081,-0.00038186
0.02878,0.0093322,0.00030799
0.0078393,0.0061006,0.0012078
0.016814,0.010311,0.0022201
0.032519,0.0067304,0.0036335
0.064304,0.0032663,0.0044096
0.12526,-0.0017311,0.0048895
0.14096,0.0015717,0.0053581
0.11927,0.0037612,0.0065091
0.11329,-0.0029346,0.0063366
0.064678,0.0061493,0.0072177
-0.016841,-0.0074709,0.0074651
-0.10659,0.0072627,0.0074052
-0.18212,-0.0021923,0.0090585
-0.2326,0.0010019,0.0078776
-0.25055,0.0046347,0.010637
-0.22138,-0.017961,0.0082
-0.16193,0.024939,0.010963
-0.067696,-0.035502,0.0099171
-0.0059964,0.036737,0.0095084
0.06206,-0.038861,0.013693
0.092349,0.014131,0.0054743
0.056825,0.016422,0.020287
0.10656,-0.098553,-0.0057694
0.071409,1.2819,0.10632
0.14507,2.103,0.47861
0.24005,1.6899,0.83609
0.15854,1.7726,1.1632
0.31933,1.7285,1.4928
0.32643,1.7456,1.7878
0.27221,1.7832,2.0776
0.41693,1.7739,2.3443
0.34924,1.864,2.6044
0.32793,1.8589,2.8512
0.36869,1.8969,3.082
0.40197,1.9034,3.3011
0.47115,1.9397,3.5096
0.57996,1.9769,3.7115
0.64765,1.9857,3.8983
0.59118,1.9942,4.0725
0.63867,1.986,4.2321
0.53921,1.9833,4.377
0.4704,1.9709,4.5065
0.41506,1.9569,4.6209
0.26174,1.9332,4.7196
0.25239,1.9154,4.802
0.15891,1.9077,4.8728
0.24716,1.8852,4.9316
0.34588,1.8521,4.9771
0.39748,1.8201,5.0088
0.52425,1.782,5.0259
0.46816,1.7437,5.0307
0.40421,1.7116,5.025
0.22734,1.6658,5.0089
0.04972,1.6205,4.9825
-0.097985,1.5863,4.9468
-0.2442,1.5483,4.9028
-0.26476,1.5096,4.8515
-0.31524,1.4565,4.7925
-0.28234,1.3993,4.7236
-0.26775,1.3432,4.6453
-0.25242,1.2823,4.5591
-0.20231,1.2342,4.467
-0.25242,1.1679,4.3683
-0.27112,1.1025,4.2615
-0.34291,1.0405,4.1481
-0.41172,0.96572,4.029
-0.42182,0.90742,3.9056
-0.4364,0.8443,3.7759
-0.38779,0.79194,3.6429
-0.32422,0.72161,3.5071
-0.27561,0.63477,3.3625
-0.27261,0.58526,3.2155
-0.32571,0.51504,3.0682
-0.38891,0.42159,2.9137
-0.44724,0.36027,2.755
-0.48052,0.27385,2.5928
-0.48987,0.17659,2.4209
-0.46145,0.086434,2.2428
-0.39676,-0.017964,2.0569
-0.30141,-0.089128,1.8684
-0.18736,-0.20655,1.6746
-0.086019,-0.28488,1.4758
0.017188,-0.40709,1.2768
0.078888,-0.50565,1.0689
0.053834,-0.59191,0.86587
-0.0018831,-0.74058,0.64724
-0.068818,-0.74511,0.43885
-0.11444,-1.0206,0.21586
-0.080784,-0.70831,0.0050094
-0.0045007,-0.0055251,-0.029543
0.066174,-0.091156,-0.0071229
0.13161,-0.084723,-0.019086
0.20603,-0.03425,-0.012117
0.25389,-0.075137,-0.016372
0.27371,-0.028447,-0.015064
0.304,-0.062285,-0.015304
0.29166,-0.02899,-0.016679
0.2767,-0.041204,-0.01503
0.23594,-0.035528,-0.017433
0.15293,-0.027502,-0.016353
0.15143,-0.03602,-0.017602
0.16863,-0.025091,-0.017583
0.16377,-0.03148,-0.017853
0.13797,-0.027967,-0.018344
0.11666,-0.028038,-0.018708
0.084871,-0.02361,-0.019289
0.0074654,-0.025024,-0.019266
-0.015719,-0.029185,-0.020181
0.0018563,-0.026362,-0.020796
0.003726,-0.025774,-0.021973
0.022423,-0.024443,-0.023286
0.056451,-0.024941,-0.024062
0.075522,-0.020517,-0.024332
0.11441,-0.022741,-0.02498
0.11553,-0.018189,-0.026026
0.083001,-0.018028,-0.02561
0.065052,-0.021841,-0.026997
-0.00076128,-0.010976,-0.02666
-0.093124,-0.026523,-0.027672
-0.14622,-0.0084981,-0.027841
-0.1724,-0.02788,-0.02756
-0.18175,-0.01101,-0.029738
-0.13314,-0.017901,-0.026997
-0.088637,-0.025867,-0.031301
-0.029928,0.0086949,-0.027027
0.026162,-0.058994,-0.031819
0.059443,0.046672,-0.028887
0.063556,-0.094827,-0.028767
0.075896,0.081714,-0.035339
0.095341,-0.20469,-0.017718
0.031023,-1.7112,-0.2287
0.16826,-1.9368,-0.62553
0.14694,-1.6563,-0.96004
0.13086,-1.8142,-1.2938
0.45507,-1.7289,-1.6094
0.41618,-1.8124,-1.9008
0.53285,-1.8079,-2.1837
0.68242,-1.8477,-2.4442
0.45133,-1.9039,-2.7009
0.48274,-1.9075,-2.94
0.4891,-1.9485,-3.1665
0.4891,-1.9631,-3.3792
0.58109,-2.0178,-3.5839
0.65363,-2.0296,-3.7804
0.69028,-2.0394,-3.9615
0.61923,-2.0475,-4.1301
0.62446,-2.0434,-4.2839
0.50779,-2.041,-4.4232
0.45058,-2.0215,-4.5464
0.40945,-2.0031,-4.6527
0.29428,-1.9848,-4.7439
0.31709,-1.9729,-4.8219
0.31036,-1.9647,-4.889
0.37953,-1.9379,-4.9441
0.46891,-1.8998,-4.9843
0.51527,-1.8611,-5.0103
0.53584,-1.8251,-5.0232
0.46666,-1.7958,-5.0246
0.35934,-1.7568,-5.0159
0.17873,-1.7108,-4.9966
0.019057,-1.6668,-4.9668
-0.12491,-1.6276,-4.928
-0.24831,-1.5879,-4.8817
-0.28458,-1.5395,-4.8273
-0.35002,-1.4892,-4.7643
-0.35974,-1.4293,-4.6925
-0.34404,-1.367,-4.6115
-0.3646,-1.315,-4.5237
-0.38106,-1.2551,-4.4299
-0.42144,-1.1841,-4.3274
-0.42032,-1.117,-4.2174
-0.45472,-1.0564,-4.1017
-0.49623,-0.99754,-3.9817
-0.46818,-0.92853,-3.8573
-0.45024,-0.86452,-3.7266
-0.40686,-0.8054,-3.593
-0.35226,-0.72237,-3.4555
-0.33805,-0.64787,-3.3105
-0.35712,-0.59279,-3.1638
-0.38928,-0.51206,-3.0148
-0.43715,-0.43272,-2.8583
-0.50296,-0.36373,-2.6991
-0.50446,-0.26027,-2.5335
-0.47903,-0.16659,-2.3591
-0.46631,-0.062503,-2.1782
-0.38031,0.019552,-1.9901
-0.26177,0.11905,-1.7999
-0.17651,0.22059,-1.6022
-0.071436,0.29252,-1.4056
0.02504,0.44953,-1.2008
0.055329,0.50113,-0.99503
0.05346,0.6567,-0.78748
0.0089611,0.71615,-0.56871
-0.032546,0.83928,-0.36374
-0.031798,1.0006,-0.12615
-0.0048746,0.29721,0.012493
0.054956,-0.039247,-0.0071978
0.078514,0.1225,-0.0075728
0.16115,0.012166,-0.0036924
0.22659,0.056577,-0.0077752
0.19892,0.026353,-0.0029013
0.24492,0.022165,-0.0064068
0.23819,0.033067,-0.0027326
0.22472,0.0077689,-0.0043935
0.23819,0.02669,-0.0034224
0.1892,0.0074877,-0.0026988
0.16452,0.018015,-0.0029763
0.1447,0.010738,-0.0018215
0.17611,0.01136,-0.0022489
0.18546,0.0086986,-0.0012704
0.15592,0.00054827,-0.001038
0.1634,0.0057631,-0.00055057
0.10357,0.00056701,-0.00039311
0.041494,0.0073227,0.00036048
0.019805,0.0064305,0.0014852
0.036259,0.0085749,0.0024038
0.06393,0.011537,0.0035698
0.065052,-0.012097,0.0046795
0.10357,-0.0084269,0.0052119
0.12713,0.0065804,0.0053506
0.12526,-0.0056076,0.0064829
0.11853,4.5899e-05,0.0064866
0.088236,0.0088711,0.0077388
0.074774,-0.0053977,0.0076826
0.038128,0.012151,0.0080913
-0.039651,-0.0072909,0.0093547
-0.079288,0.0048034,0.0079863
-0.093498,0.00091942,0.010832
-0.10322,-0.014545,0.0080013
-0.074801,0.026004,0.011732
-0.013475,-0.036275,0.0095759
0.00036053,0.04247,0.010408
0.021301,-0.052444,0.01283
0.051216,0.028808,0.0064229
0.03065,-0.01672,0.02019
0.053834,-0.03774,-0.0064405
0.022797,1.4441,0.13524
0.13573,2.0928,0.52007
0.22809,1.683,0.86986
0.15741,1.8109,1.2003
0.35897,1.7384,1.527
0.35037,1.7858,1.8204
0.29166,1.8292,2.1089
0.47938,1.8381,2.3734
0.43039,1.9191,2.6322
0.43488,1.9189,2.8765
0.49807,1.967,3.1077
0.49508,1.9731,3.3253
0.53621,2.0252,3.5311
0.64316,2.0465,3.7312
0.69551,2.0519,3.9171
0.63568,2.0733,4.0905
0.66747,2.0636,4.25
0.56725,2.072,4.3956
0.51789,2.0617,4.5263
0.49807,2.0429,4.6412
0.38626,2.0218,4.7401
0.39187,1.9945,4.8226
0.35972,1.9859,4.8926
0.45694,1.969,4.9518
0.53771,1.9366,4.9986
0.57436,1.9042,5.0312
0.63419,1.8614,5.0496
0.54257,1.8192,5.0552
0.44834,1.7875,5.0494
0.25464,1.7502,5.0342
0.047103,1.7051,5.009
-0.11706,1.6588,4.9734
-0.30029,1.6129,4.9289
-0.36236,1.5712,4.8773
-0.40013,1.5241,4.8193
-0.41546,1.4664,4.7521
-0.40648,1.4068,4.675
-0.3934,1.3451,4.59
-0.38442,1.2922,4.4984
-0.41621,1.2313,4.4006
-0.42256,1.1542,4.2957
-0.47454,1.0923,4.1833
-0.53961,1.0318,4.0642
-0.57139,0.96133,3.9406
-0.59458,0.89096,3.8117
-0.54035,0.83582,3.6785
-0.48426,0.77284,3.5433
-0.48426,0.68421,3.4006
-0.48464,0.62115,3.2527
-0.50894,0.56482,3.1056
-0.54895,0.47723,2.9536
-0.59794,0.40476,2.7951
-0.63122,0.3293,2.6345
-0.60729,0.22671,2.4664
-0.58224,0.1326,2.2902
-0.49324,0.026098,2.1063
-0.35376,-0.049392,1.9179
-0.23485,-0.16078,1.7262
-0.099855,-0.2518,1.5268
-0.00824,-0.35199,1.3296
0.047477,-0.48485,1.1226
0.067295,-0.54301,0.9184
0.0055957,-0.70945,0.70497
-0.067696,-0.71775,0.49205
-0.073305,-0.9396,0.28075
-0.070314,-0.89536,0.048099
-0.002257,-0.12592,-0.037034
0.10245,-0.031075,-0.0089412
0.1346,-0.12103,-0.018048
0.23856,-0.022594,-0.015124
0.28829,-0.083298,-0.015397
0.27483,-0.030171,-0.017298
0.33242,-0.054626,-0.015056
0.31447,-0.040473,-0.018352
0.26137,-0.032496,-0.015975
0.22697,-0.043566,-0.018269
0.18546,-0.028615,-0.017733
0.15816,-0.039394,-0.018052
0.1462,-0.029024,-0.018655
0.16415,-0.03299,-0.018483
0.13722,-0.027457,-0.019394
0.10992,-0.026321,-0.019394
0.10992,-0.026366,-0.020106
0.042616,-0.027052,-0.020166
0.0070914,-0.029121,-0.020864
0.015318,-0.026347,-0.021977
0.0127,-0.025751,-0.022888
0.048225,-0.028364,-0.024159
0.091975,-0.026745,-0.025224
0.12039,-0.017102,-0.025306
0.13124,-0.029091,-0.025929
0.12937,-0.020491,-0.026862
0.13573,-0.019172,-0.026757
0.079635,-0.023742,-0.028009
0.0055957,-0.012764,-0.027406
-0.023572,-0.026171,-0.028812
-0.079662,-0.0054839,-0.028583
-0.13687,-0.033167,-0.028906
-0.13164,-0.0082507,-0.030308
-0.077793,-0.023719,-0.028216
-0.011605,-0.02379,-0.032523
0.032519,0.0037462,-0.027357
0.050094,-0.05361,-0.033517
0.11553,0.04539,-0.028658
0.097584,-0.10211,-0.031905
0.10319,0.11479,-0.033487
0.12638,-0.33075,-0.02501
0.039624,-1.8158,-0.26667
0.17948,-1.8924,-0.66408
0.12301,-1.6843,-0.99526
0.1619,-1.8368,-1.3319
0.50293,-1.7534,-1.6437
0.44871,-1.8513,-1.936
0.60577,-1.8395,-2.217
0.69252,-1.8935,-2.477
0.47975,-1.9419,-2.7322
0.56501,-1.9612,-2.9703
0.53023,-1.9973,-3.1972
0.51602,-2.0078,-3.4079
0.61549,-2.0684,-3.6112
0.66896,-2.0845,-3.8064
0.6727,-2.0986,-3.9877
0.64092,-2.1062,-4.1565
0.654,-2.1067,-4.3103
0.54257,-2.1066,-4.4508
0.51303,-2.091,-4.5755
0.43375,-2.0715,-4.684
0.37131,-2.0485,-4.7762
0.38963,-2.0333,-4.8542
0.37355,-2.0211,-4.921
0.49284,-1.9992,-4.9763
0.52425,-1.9651,-5.0185
0.59343,-1.9258,-5.046
0.63493,-1.8862,-5.0599
0.54893,-1.8506,-5.0623
0.4259,-1.8163,-5.0542
0.21388,-1.7709,-5.0363
0.037006,-1.7217,-5.0079
-0.17614,-1.6795,-4.9696
-0.30477,-1.6364,-4.9235
-0.36086,-1.5876,-4.8696
-0.43154,-1.5345,-4.8075
-0.42929,-1.4757,-4.737
-0.44238,-1.4144,-4.6573
-0.4177,-1.3599,-4.5702
-0.43004,-1.301,-4.4775
-0.46856,-1.2302,-4.3766
-0.49324,-1.1636,-4.2678
-0.56354,-1.099,-4.1531
-0.58971,-1.0393,-4.0338
-0.59345,-0.97211,-3.9103
-0.57401,-0.89722,-3.7798
-0.53325,-0.8441,-3.6457
-0.48987,-0.77263,-3.5095
-0.48127,-0.68445,-3.365
-0.51904,-0.62599,-3.2166
-0.53175,-0.55687,-3.0686
-0.57027,-0.46672,-2.9137
-0.62599,-0.39789,-2.754
-0.62412,-0.30792,-2.5911
-0.59271,-0.21274,-2.4193
-0.52988,-0.11758,-2.2412
-0.39975,-0.015512,-2.0546
-0.26626,0.069879,-1.8655
-0.13351,0.18665,-1.6698
-0.0037528,0.26285,-1.4716
0.068417,0.40406,-1.2705
0.12451,0.48356,-1.0618
0.10731,0.59359,-0.85802
0.031023,0.71971,-0.6383
-0.01011,0.74647,-0.43261
-0.010858,1.0252,-0.20361
0.027284,0.5765,-0.0094848
0.080009,-0.04279,0.0043158
0.13199,0.096857,-0.012293
0.22697,0.045709,-0.0014316
0.29727,0.026776,-0.0083976
0.31036,0.050005,-0.0030288
0.36233,0.010442,-0.0056907
0.35672,0.0398,-0.0040223
0.29914,0.0056694,-0.0034412
0.28717,0.024789,-0.004326
0.24005,0.017179,-0.0022152
0.17836,0.0033188,-0.0031937
0.17649,0.0017929,-0.0018703
0.19182,0.0088973,-0.0019303
0.18546,0.011833,-0.0013941
0.15629,0.0065804,-0.00096298
0.13273,0.0098121,-0.00033312
0.090106,0.0046797,-0.00021689
0.0063435,0.0071315,-1.069e-05
-0.033294,0.0041736,0.0013353
-0.01871,0.0042185,0.0023738
0.0040999,0.0045035,0.0034498
0.039624,0.0068466,0.004642
0.081879,0.0030151,0.0053694
0.11142,0.0043085,0.0054743
0.12077,0.005257,0.0068465
0.12189,2.3405e-05,0.0068315
0.087862,0.0081213,0.0074539
0.042242,-0.007006,0.0076151
-0.0037528,0.010198,0.0081063
-0.087141,-0.0047303,0.0092835
-0.12566,0.0010581,0.0079525
-0.1279,0.0033563,0.010956
-0.11893,-0.01564,0.0080688
-0.054234,0.026548,0.011492
0.021675,-0.036057,0.0098084
0.066174,0.036051,0.010258
0.11516,-0.044646,0.013434
0.1432,0.030308,0.0062167
0.11965,-0.0051052,0.020523
0.12563,-0.058832,-0.0062193
0.089358,1.3895,0.12499
0.16863,2.1017,0.50617
0.26324,1.6998,0.85968
0.21463,1.824,1.1903
0.38215,1.7742,1.5186
0.39187,1.8145,1.8129
0.34625,1.8595,2.1024
0.5048,1.8646,2.3681
0.44609,1.9396,2.6275
0.46442,1.9391,2.8721
0.5235,2.002,3.1047
0.52088,2.0072,3.3242
0.56089,2.0467,3.5293
0.63905,2.0837,3.7288
0.69925,2.0927,3.9155
0.64279,2.1139,4.0903
0.68691,2.103,4.2508
0.60315,2.105,4.3979
0.56202,2.1071,4.5307
0.52687,2.0913,4.6479
0.39711,2.0666,4.7499
0.41768,2.0445,4.8353
0.33952,2.0304,4.9075
0.41581,2.0032,4.9682
0.48573,1.9768,5.0168
0.51864,1.952,5.0519
0.61399,1.8956,5.0729
0.522,1.8483,5.0808
0.44385,1.8265,5.0768
0.25277,1.7889,5.0631
0.063556,1.7436,5.0401
-0.11818,1.6945,5.0065
-0.32571,1.6467,4.9637
-0.38106,1.6063,4.9137
-0.4723,1.5581,4.8563
-0.47753,1.5003,4.7901
-0.49473,1.4407,4.7147
-0.51567,1.3762,4.6312
-0.46856,1.3165,4.5402
-0.52876,1.2644,4.4436
-0.52801,1.1906,4.3405
-0.55419,1.1197,4.23
-0.62599,1.0608,4.1124
-0.62075,0.99396,3.9897
-0.60131,0.92727,3.8634
-0.5785,0.86413,3.7314
-0.53138,0.79811,3.5961
-0.488,0.71892,3.4558
-0.51007,0.64889,3.3087
-0.53213,0.59259,3.1613
-0.54858,0.51207,3.011
-0.58485,0.42899,2.8534
-0.61402,0.36201,2.6937
-0.59271,0.25776,2.5275
-0.5411,0.16213,2.3524
-0.4708,0.066561,2.1712
-0.34441,-0.01946,1.9837
-0.22849,-0.11501,1.7941
-0.09462,-0.22624,1.5957
0.015318,-0.30153,1.3987
0.070661,-0.45265,1.195
0.10544,-0.51204,0.98756
0.065426,-0.6556,0.78039
-0.0078661,-0.72709,0.561
-0.025815,-0.82838,0.35635
-0.0056225,-1.0253,0.11948
0.019057,-0.37192,-0.031755
0.093097,0.025895,-0.017069
0.15218,-0.1414,-0.013485
0.22061,-0.03461,-0.018787
0.28268,-0.070533,-0.013703
0.28755,-0.051915,-0.019023
0.33204,-0.035558,-0.014962
0.31185,-0.055417,-0.018205
0.26287,-0.026576,-0.016998
0.2595,-0.049389,-0.017538
0.19331,-0.032878,-0.018577
0.15704,-0.037036,-0.017995
0.16564,-0.030692,-0.019154
0.18172,-0.030625,-0.018832
0.17649,-0.032585,-0.019739
0.10918,-0.026392,-0.019671
0.07627,-0.029822,-0.020192
0.026536,-0.023011,-0.02047
-0.025815,-0.030737,-0.021014
-0.014597,-0.029095,-0.022386
-0.015719,-0.024713,-0.023233
0.023545,-0.028687,-0.024144
0.078514,-0.020829,-0.025483
0.10955,-0.035022,-0.025925
0.14956,-0.042693,-0.026382
0.14732,-0.01618,-0.027263
0.14844,-0.021102,-0.02705
0.10805,-0.021144,-0.028399
0.033267,-0.012183,-0.027803
-0.0089879,-0.029571,-0.029228
-0.078166,-0.0069797,-0.029115
-0.1193,-0.031033,-0.029074
-0.11631,-0.0061662,-0.031103
-0.096863,-0.019108,-0.028223
-0.025815,-0.024281,-0.03282
0.043737,0.0080125,-0.028186
0.068417,-0.057224,-0.03342
0.12413,0.047171,-0.029738
0.10768,-0.10227,-0.031155
0.12264,0.093846,-0.035658
0.13049,-0.26354,-0.021685
0.031397,-1.764,-0.24788
0.2079,-1.9178,-0.64678
0.17686,-1.6831,-0.98073
0.16751,-1.8469,-1.3174
0.50144,-1.763,-1.6318
0.45021,-1.8599,-1.9241
0.59829,-1.8547,-2.207
0.70972,-1.905,-2.4677
0.48087,-1.9581,-2.7235
0.57062,-1.9798,-2.9631
0.55865,-2.0237,-3.1925
0.54182,-2.0248,-3.405
0.62409,-2.0826,-3.6077
0.67681,-2.1064,-3.8034
0.71496,-2.1232,-3.9864
0.68616,-2.1304,-4.1569
0.69888,-2.1312,-4.3124
0.58296,-2.1333,-4.4547
0.5493,-2.1199,-4.5819
0.45657,-2.1052,-4.6937
0.36084,-2.0795,-4.7896
0.38365,-2.0602,-4.8701
0.36757,-2.0508,-4.9388
0.4805,-2.0275,-4.9967
0.51303,-1.9923,-5.0414
0.58931,-1.9533,-5.0715
0.6039,-1.9094,-5.0878
0.50518,-1.873,-5.0917
0.41693,-1.8384,-5.0855
0.19743,-1.794,-5.0696
0.032893,-1.7467,-5.0433
-0.17389,-1.7014,-5.0071
-0.32048,-1.6567,-4.9627
-0.3848,-1.6103,-4.9105
-0.4708,-1.558,-4.8507
-0.45472,-1.4971,-4.7824
-0.47267,-1.435,-4.7045
-0.46781,-1.3778,-4.6185
-0.49399,-1.3214,-4.5271
-0.54073,-1.2535,-4.4286
-0.56017,-1.1842,-4.3218
-0.63907,-1.121,-4.2089
-0.64393,-1.0548,-4.0907
-0.61664,-0.99285,-3.9684
-0.59046,-0.92188,-3.8399
-0.5583,-0.85913,-3.7064
-0.5138,-0.79824,-3.5719
-0.47192,-0.7078,-3.4303
-0.48912,-0.64095,-3.2822
-0.49436,-0.58354,-3.1344
-0.53624,-0.48992,-2.9816
-0.60243,-0.41681,-2.8221
-0.58485,-0.34025,-2.6603
-0.55494,-0.23651,-2.4903
-0.51193,-0.14643,-2.3129
-0.37844,-0.037845,-2.1281
-0.24719,0.03772,-1.9391
-0.12304,0.14764,-1.7471
0.0070914,0.24042,-1.5475
0.073652,0.34065,-1.3492
0.10805,0.46962,-1.1407
0.10132,0.53838,-0.93611
0.072531,0.70656,-0.72095
0.030276,0.7157,-0.50701
0.010083,0.94231,-0.2933
0.042616,0.85313,-0.061996
0.10506,0.085475,0.015286
0.16602,0.019046,-0.012998
0.22472,0.102,-0.0026464
0.31073,0.0073077,-0.0062156
0.31185,0.060581,-0.0050683
0.28044,0.010806,-0.0036849
0.30886,0.03697,-0.0055595
0.28231,0.019308,-0.0021927
0.23744,0.015728,-0.0045397
0.22061,0.024771,-0.0022602
0.16153,0.0058494,-0.0028263
0.15218,0.014435,-0.0021965
0.17574,0.0070603,-0.0015703
0.16938,0.012594,-0.0015703
0.16676,0.0074802,-0.00069679
0.13685,0.0061868,-0.00052433
0.10357,0.006228,0.00017677
0.034015,0.0042898,0.00012428
-0.02058,0.0090248,0.0011178
-0.015345,0.0093659,0.002445
0.0022302,0.0079301,0.0033111
0.060565,0.0069103,0.0046195
0.093097,0.00074696,0.005703
0.12376,0.0033113,0.0057818
0.15181,0.008275,0.0065841
0.13834,-0.0065074,0.0068578
0.13797,0.0046459,0.0074839
0.096089,-0.00049021,0.0081887
0.029154,0.005332,0.0078963
-0.044512,0.0021266,0.0097109
-0.089759,-0.0075346,0.0081887
-0.087889,0.014041,0.010862
-0.077045,-0.020266,0.009366
-0.039651,0.025828,0.010157
0.033267,-0.024754,0.011735
0.1002,0.021145,0.0087249
0.097958,-0.0057801,0.015323
0.12152,-0.029669,0.0055681
0.10619,0.067918,0.019815
0.091228,-0.17064,-0.00040435
0.077392,0.94654,0.062184
0.10768,2.1055,0.40527
0.2494,1.7635,0.77978
0.20528,1.7767,1.1058
0.32531,1.8109,1.4423
0.41057,1.7838,1.7408
0.31783,1.8658,2.0328
0.4977,1.8482,2.3044
0.48162,1.9315,2.5643
0.44684,1.9464,2.8134
0.54668,2,3.0482
0.53808,2.0139,3.2725
0.56276,2.0381,3.48
0.63531,2.0844,3.6812
0.74487,2.0957,3.8715
0.69102,2.115,4.0499
0.69289,2.1131,4.2143
0.66672,2.1169,4.3649
0.57884,2.1091,4.5021
0.56276,2.0999,4.6231
0.42628,2.0813,4.7293
0.42478,2.0523,4.8194
0.38664,2.037,4.8954
0.39973,2.0131,4.9595
0.51415,1.9878,5.0119
0.5493,1.9573,5.0517
0.6297,1.9097,5.0764
0.5938,1.872,5.0873
0.50892,1.828,5.0865
0.30437,1.7857,5.0752
0.073278,1.7516,5.055
-0.083028,1.6964,5.0248
-0.30552,1.6472,4.9846
-0.41209,1.6113,4.9372
-0.48352,1.5655,4.8829
-0.50483,1.5093,4.8202
-0.488,1.4492,4.7482
-0.49025,1.3834,4.6675
-0.43453,1.3245,4.5786
-0.47604,1.2704,4.4838
-0.52091,1.2036,4.3833
-0.56242,1.1396,4.2752
-0.62786,1.0668,4.1596
-0.65627,1.0003,4.0383
-0.65777,0.94026,3.9137
-0.59196,0.86337,3.7832
-0.55494,0.80748,3.6486
-0.54222,0.73911,3.5109
-0.54335,0.66009,3.3657
-0.54783,0.60356,3.218
-0.53774,0.52822,3.0694
-0.58934,0.44234,2.914
-0.62935,0.37931,2.7543
-0.59644,0.2885,2.5912
-0.56092,0.17966,2.4181
-0.49174,0.091398,2.2386
-0.3474,-0.00031026,2.0522
-0.21054,-0.086035,1.8629
-0.083402,-0.2006,1.6676
0.040746,-0.27042,1.4692
0.10319,-0.40658,1.2697
0.10469,-0.50332,1.0604
0.080383,-0.59328,0.85628
0.0067175,-0.73428,0.63733
-0.052365,-0.75154,0.42972
-0.039651,-1.029,0.20387
-0.011605,-0.67182,-0.0020127
0.069539,0.0037274,-0.029003
0.16003,-0.098448,-0.0085138
0.24417,-0.078485,-0.020159
0.31372,-0.040417,-0.013002
0.30026,-0.075579,-0.01777
0.3111,-0.027078,-0.015757
0.31709,-0.05878,-0.016507
0.24529,-0.029309,-0.017602
0.22958,-0.044736,-0.016226
0.18471,-0.035622,-0.018449
0.11516,-0.030763,-0.017253
0.13498,-0.043094,-0.01879
0.13535,-0.034587,-0.018528
0.12937,-0.034119,-0.01888
0.12376,-0.026152,-0.019514
0.10619,-0.028911,-0.019743
0.063556,-0.023768,-0.020301
-0.0033789,-0.025905,-0.020552
-0.008614,-0.032574,-0.021726
0.0078393,-0.028027,-0.022472
0.042616,-0.02604,-0.0236
0.096089,-0.026797,-0.025096
0.12376,-0.024874,-0.025475
0.16527,-0.026587,-0.025827
0.1791,-0.019869,-0.02678
0.16265,-0.018294,-0.026577
0.12451,-0.024938,-0.027931
0.069539,-0.012862,-0.027631
0.020553,-0.027202,-0.028122
-0.062835,-0.0083106,-0.029149
-0.10247,-0.023828,-0.028021
-0.094994,-0.018527,-0.030983
-0.076671,-0.0081532,-0.027972
-0.030676,-0.039705,-0.031744
0.059069,0.018352,-0.029112
0.11479,-0.059428,-0.030848
0.15031,0.033723,-0.032595
0.16041,-0.062806,-0.026813
0.13012,0.014037,-0.040022
0.14208,-0.013046,-0.013545
0.040746,-1.4628,-0.16632
0.129,-2.0126,-0.55618
0.16863,-1.6692,-0.90533
0.091975,-1.8353,-1.2377
0.42067,-1.7735,-1.5625
0.46105,-1.8317,-1.8556
0.52313,-1.8634,-2.1435
0.74188,-1.8787,-2.4067
0.52126,-1.9544,-2.6649
0.54294,-1.9639,-2.9084
0.62035,-2.0158,-3.14
0.57286,-2.0185,-3.3573
0.64241,-2.0676,-3.5616
0.69364,-2.1007,-3.7605
0.74562,-2.1147,-3.9469
0.70785,-2.1268,-4.1214
0.73178,-2.1281,-4.2808
0.63493,-2.1342,-4.4272
0.54668,-2.1186,-4.5592
0.50817,-2.1062,-4.6753
0.39374,-2.0816,-4.776
0.40347,-2.057,-4.8605
0.36158,-2.0451,-4.9325
0.44684,-2.0278,-4.9942
0.53584,-2.0005,-5.0437
0.58595,-1.9567,-5.0787
0.65625,-1.9127,-5.0995
0.55641,-1.8743,-5.1075
0.43562,-1.8343,-5.1043
0.2337,-1.7963,-5.0915
0.047103,-1.749,-5.0687
-0.14136,-1.7006,-5.0358
-0.32384,-1.6559,-4.9938
-0.38779,-1.6095,-4.9443
-0.48202,-1.5628,-4.8874
-0.50221,-1.5027,-4.822
-0.4981,-1.439,-4.747
-0.47454,-1.3805,-4.6637
-0.46482,-1.3247,-4.5744
-0.51979,-1.2608,-4.4782
-0.52128,-1.19,-4.374
-0.57476,-1.1285,-4.2627
-0.62412,-1.0613,-4.1456
-0.63496,-0.99872,-4.0243
-0.62973,-0.92882,-3.8975
-0.59495,-0.86049,-3.7647
-0.53961,-0.80857,-3.6308
-0.50034,-0.72232,-3.4919
-0.53587,-0.64661,-3.3447
-0.52689,-0.59494,-3.1966
-0.54933,-0.50957,-3.0464
-0.62449,-0.43053,-2.8878
-0.61065,-0.36585,-2.7269
-0.5699,-0.26397,-2.5609
-0.51268,-0.16932,-2.3852
-0.39377,-0.067448,-2.2027
-0.24644,0.018255,-2.0135
-0.11406,0.11049,-1.8231
0.020179,0.22091,-1.6239
0.11404,0.30016,-1.4251
0.14246,0.4492,-1.2203
0.15368,0.50517,-1.0123
0.10619,0.65495,-0.80384
0.01644,0.72216,-0.5835
-0.011605,0.82222,-0.37754
0.0022302,1.0145,-0.1391
0.025414,0.34595,0.010899
0.10656,-0.046281,-0.0050646
0.19144,0.12268,-0.0079439
0.26548,0.014948,-0.0024139
0.31671,0.050897,-0.0075803
0.30325,0.030222,-0.0023127
0.32045,0.020538,-0.0058706
0.30699,0.03637,-0.0024664
0.2251,0.0037162,-0.0038236
0.20977,0.024519,-0.0028638
0.1619,0.0068541,-0.0018853
0.12862,0.015079,-0.0025451
0.1634,0.011004,-0.0012029
0.14769,0.0094034,-0.0016078
0.14694,0.011675,-0.00064055
0.11404,0.0080125,-0.00031062
0.068043,0.0076226,0.00012428
0.041868,0.0035287,0.000248
-0.011605,0.010359,0.00096784
-0.02058,0.0070116,0.0021226
-0.017589,0.0054107,0.0031873
0.036633,0.0068241,0.0042596
0.11853,0.0014518,0.0053431
0.13947,-0.0020348,0.0060367
0.17611,0.0056469,0.0062429
0.1791,0.00054452,0.0073564
0.15255,-0.0035007,0.0072177
0.12039,0.0042298,0.0083387
0.047103,-0.0070922,0.0082037
-0.011232,0.0075477,0.0089273
-0.057974,-0.010211,0.009396
-0.10397,0.0077164,0.0090211
-0.10135,-0.006991,0.011484
-0.039651,-0.0075721,0.0083462
0.032519,0.018922,0.012935
0.10581,-0.030996,0.0092497
0.13722,0.044397,0.012515
0.1634,-0.059297,0.012002
0.15966,0.066028,0.009066
0.10058,-0.070934,0.019054
0.12264,0.093449,-0.0037711
0.088984,1.6475,0.18067
0.16527,2.0338,0.57527
0.24417,1.6824,0.91589
0.1978,1.8398,1.2502
0.37168,1.7571,1.5707
0.35336,1.8333,1.863
0.35261,1.8442,2.149
0.50705,1.8718,2.4112
0.42328,1.9372,2.6683
0.47788,1.936,2.9096
0.54706,1.9922,3.1398
0.54743,1.9994,3.3547
0.62521,2.0474,3.5583
0.71795,2.0757,3.7561
0.76432,2.0879,3.9403
0.74076,2.0958,4.112
0.73851,2.0918,4.269
0.62858,2.0944,4.4128
0.5751,2.0716,4.5415
0.48498,2.0618,4.654
0.38103,2.0294,4.7513
0.36682,1.9857,4.8333
0.30662,1.9872,4.9024
0.42104,1.9757,4.9606
0.49209,1.9396,5.0064
0.54444,1.8926,5.0376
0.59492,1.8507,5.0547
0.50069,1.8098,5.0594
0.40122,1.7708,5.0531
0.17948,1.7339,5.0378
-0.0071182,1.6791,5.0123
-0.20979,1.6379,4.9764
-0.40985,1.5893,4.9328
-0.44612,1.5422,4.8822
-0.52241,1.4976,4.8234
-0.51455,1.4344,4.7562
-0.50109,1.377,4.6802
-0.50408,1.3142,4.5952
-0.46145,1.2595,4.5036
-0.51231,1.195,4.4068
-0.54409,1.1216,4.302
-0.59757,1.0599,4.1895
-0.65478,0.99879,4.0709
-0.63945,0.93963,3.9486
-0.6129,0.86654,3.8209
-0.58111,0.805,3.6878
-0.54297,0.73722,3.5526
-0.48277,0.65646,3.4107
-0.48015,0.59817,3.2635
-0.5138,0.53489,3.1165
-0.51717,0.45115,2.9644
-0.56242,0.3786,2.8057
-0.57775,0.30362,2.6452
-0.55045,0.20173,2.476
-0.50371,0.11435,2.299
-0.38218,0.014131,2.1155
-0.23111,-0.067369,1.9265
-0.092376,-0.1727,1.7339
0.016066,-0.26035,1.5348
0.11441,-0.36727,1.337
0.17387,-0.49612,1.1282
0.1346,-0.55019,0.9236
0.063182,-0.72004,0.7098
0.0067175,-0.72799,0.49522
-0.043016,-0.94671,0.28299
-0.051991,-0.89516,0.049834
0.019057,-0.12488,-0.035534
0.095715,-0.032822,-0.0075165
0.16228,-0.11947,-0.016713
0.25277,-0.032394,-0.013856
0.27782,-0.094032,-0.014209
0.28642,-0.026823,-0.015907
0.31596,-0.052838,-0.013613
0.27259,-0.041422,-0.016949
0.21687,-0.03323,-0.014572
0.17723,-0.044346,-0.016792
0.10992,-0.026036,-0.01626
0.09048,-0.039604,-0.016631
0.094967,-0.029699,-0.017242
0.10394,-0.031764,-0.017077
0.11105,-0.02824,-0.01798
0.087488,-0.026103,-0.018213
0.0744,-0.024855,-0.018839
0.020927,-0.023168,-0.01882
-0.015719,-0.029178,-0.01969
-0.013849,-0.027558,-0.02086
0.0067175,-0.026591,-0.021827
0.075896,-0.028934,-0.022914
0.10357,-0.024765,-0.023987
0.15891,-0.019696,-0.024137
0.1993,-0.02382,-0.02477
0.18359,-0.017601,-0.025288
0.18471,-0.024221,-0.025468
0.1376,-0.018677,-0.026832
0.089732,-0.014088,-0.026049
0.009709,-0.025312,-0.027961
-0.046382,-0.0068973,-0.02696
-0.060591,-0.032098,-0.028024
-0.058348,5.7146e-05,-0.028602
0.0022302,-0.030857,-0.027065
0.063556,-0.014418,-0.031151
0.1376,-0.013619,-0.025977
0.1447,-0.044282,-0.033075
0.1791,0.039455,-0.025576
0.16527,-0.10904,-0.033292
0.16377,0.14954,-0.027492
0.13647,-0.52814,-0.037491
0.040372,-1.9342,-0.31926
0.19369,-1.8237,-0.71271
0.1189,-1.7107,-1.0395
0.20864,-1.8317,-1.3774
0.49321,-1.7576,-1.6836
0.42141,-1.8587,-1.9756
0.65101,-1.8369,-2.2524
0.68878,-1.9082,-2.5116
0.49172,-1.9376,-2.7653
0.59455,-1.9663,-3.0014
0.57436,-1.9986,-3.2273
0.5837,-2.0125,-3.4374
0.66298,-2.0682,-3.6403
0.74412,-2.0796,-3.8338
0.74412,-2.0953,-4.014
0.68841,-2.0971,-4.1814
0.67495,-2.0973,-4.3341
0.55229,-2.0943,-4.4735
0.5134,-2.0759,-4.5967
0.41992,-2.0567,-4.7048
0.33803,-2.0313,-4.797
0.32157,-2.0101,-4.8742
0.32943,-1.9996,-4.941
0.44049,-1.9732,-4.9968
0.46704,-1.9306,-5.0381
0.55603,-1.8892,-5.0653
0.56202,-1.8479,-5.0791
0.44909,-1.8115,-5.0813
0.32195,-1.7714,-5.0736
0.10432,-1.7262,-5.0559
-0.04713,-1.6786,-5.0278
-0.24681,-1.6314,-4.9898
-0.38779,-1.5896,-4.944
-0.4278,-1.5416,-4.8915
-0.48613,-1.4841,-4.8304
-0.46557,-1.4244,-4.7597
-0.47566,-1.3655,-4.6806
-0.45285,-1.3084,-4.5942
-0.45323,-1.249,-4.5018
-0.49959,-1.1827,-4.4017
-0.51193,-1.1174,-4.2934
-0.58186,-1.0539,-4.1793
-0.61701,-0.99282,-4.0602
-0.60579,-0.92545,-3.9363
-0.57214,-0.85465,-3.8065
-0.52914,-0.80165,-3.6735
-0.46594,-0.72797,-3.5372
-0.44014,-0.64599,-3.3928
-0.47192,-0.59224,-3.2457
-0.46257,-0.51995,-3.0977
-0.51306,-0.43111,-2.942
-0.56167,-0.36705,-2.7818
-0.52054,-0.27985,-2.6183
-0.4794,-0.18007,-2.4454
-0.39901,-0.086931,-2.2657
-0.27299,0.0053058,-2.0785
-0.15669,0.085703,-1.8892
-0.014597,0.20867,-1.6931
0.096463,0.27766,-1.493
0.14208,0.41057,-1.2922
0.17275,0.50221,-1.082
0.14171,0.59689,-0.87691
0.072905,0.73699,-0.65676
0.022423,0.7509,-0.44821
-0.0048746,1.0263,-0.22093
-0.0011352,0.6386,-0.016623
0.048972,-0.028094,0.0076863
0.10544,0.086517,-0.012312
0.19032,0.053364,-0.00041185
0.27969,0.023897,-0.0075353
0.27072,0.057076,-0.0025639
0.26698,0.0086724,-0.0045584
0.28605,0.044397,-0.0035124
0.24791,0.0078401,-0.0022939
0.20603,0.016883,-0.0035199
0.14732,0.012298,-0.0013866
0.093097,0.011878,-0.0025639
0.10731,0.017396,-0.00093299
0.11853,0.0075964,-0.0011654
0.13049,0.0089535,-0.00075677
0.14545,0.0020816,-4.8182e-05
0.12488,0.0072627,0.0002555
0.074774,0.0049121,0.00064916
0.0029781,0.0065842,0.00086287
-0.011605,0.010738,0.0021826
0.010457,0.0050508,0.0030899
0.04112,0.0023928,0.0042821
0.10132,0.0072365,0.0054293
0.1447,0.0019242,0.0059842
0.19556,0.001568,0.0062467
0.21164,0.0079413,0.0073939
0.18022,-0.0025334,0.0075026
0.15218,0.0053245,0.0080988
0.1174,-0.0037181,0.0088936
0.071783,0.0059281,0.0085824
-0.0030049,0.00034957,0.010225
-0.037781,-0.0038418,0.0088111
-0.05573,0.012875,0.011522
-0.046008,-0.020251,0.0098309
0.019431,0.024853,0.011406
0.075148,-0.032128,0.01202
0.12451,0.025168,0.0094859
0.14844,-0.013582,0.015755
0.16938,-0.013522,0.0064116
0.12413,0.052127,0.020955
0.10207,-0.15607,-0.0017428
0.080009,1.0597,0.075168
0.1017,2.1071,0.42845
0.22136,1.726,0.7978
0.16377,1.7794,1.1236
0.28755,1.7852,1.4574
0.38215,1.7716,1.7541
0.29091,1.851,2.0456
0.47115,1.8284,2.3148
0.48386,1.9173,2.5739
0.44348,1.9234,2.8225
0.53846,1.9582,3.0559
0.54182,1.9757,3.2776
0.58071,2.0132,3.4845
0.67569,2.0544,3.6866
0.76245,2.0589,3.8766
0.71309,2.0733,4.0534
0.69925,2.0685,4.2162
0.64241,2.0687,4.3653
0.56463,2.0576,4.5
0.50892,2.034,4.6179
0.37392,2.0147,4.7208
0.35523,1.9934,4.8086
0.2853,1.9707,4.8829
0.33504,1.9523,4.9456
0.42852,1.9208,4.9967
0.45096,1.8821,5.0341
0.54519,1.835,5.0567
0.50555,1.7882,5.0666
0.43226,1.7548,5.065
0.24492,1.7144,5.0533
0.046355,1.6697,5.032
-0.12267,1.6176,5.0004
-0.35899,1.5786,4.96
-0.41658,1.537,4.9125
-0.49099,1.4824,4.8575
-0.52764,1.4302,4.7935
-0.49511,1.3627,4.7204
-0.50333,1.3024,4.6385
-0.44201,1.2467,4.549
-0.46482,1.1916,4.454
-0.48576,1.1268,4.3524
-0.52764,1.0522,4.2426
-0.60056,0.99524,4.1261
-0.59532,0.93964,4.0055
-0.59271,0.86853,3.8803
-0.56541,0.8042,3.7488
-0.50707,0.7472,3.6151
-0.44014,0.66568,3.4764
-0.43079,0.5961,3.33
-0.45285,0.53837,3.1831
-0.45771,0.45777,3.0335
-0.4966,0.38823,2.8764
-0.52278,0.32075,2.7168
-0.49025,0.21774,2.5504
-0.45958,0.12985,2.3746
-0.39751,0.030214,2.1937
-0.24681,-0.058484,2.0047
-0.13837,-0.13972,1.8138
-0.029928,-0.24749,1.616
0.11516,-0.32424,1.418
0.16265,-0.46926,1.2134
0.1447,-0.52745,1.0051
0.11965,-0.66705,0.79841
0.034389,-0.74363,0.57754
-0.044886,-0.8218,0.37206
-0.05573,-1.0404,0.13551
-0.033668,-0.41564,-0.02609
0.057573,0.03168,-0.016237
0.13273,-0.13695,-0.0097098
0.2079,-0.038603,-0.016462
0.26436,-0.06278,-0.010898
0.25202,-0.051147,-0.016065
0.28418,-0.036312,-0.012443
0.26511,-0.056935,-0.015701
0.20565,-0.024026,-0.014437
0.17948,-0.047499,-0.014741
0.12039,-0.02842,-0.01602
0.085992,-0.032758,-0.015236
0.091228,-0.03103,-0.016552
0.11703,-0.02436,-0.016057
0.13685,-0.031956,-0.016942
0.11965,-0.028042,-0.017223
0.10843,-0.024893,-0.017662
0.071035,-0.027517,-0.01798
0.028406,-0.022444,-0.018464
0.035885,-0.03425,-0.019638
0.046355,-0.043015,-0.020755
0.085245,-0.023434,-0.021846
0.14956,-0.026546,-0.022929
0.17125,-0.021938,-0.023402
0.2049,-0.024026,-0.023698
0.23071,-0.022962,-0.024853
0.1993,-0.01621,-0.024624
0.17424,-0.023528,-0.025741
0.1462,-0.0097878,-0.025505
0.0658,-0.026433,-0.02621
-0.002257,-0.0068298,-0.027046
-0.040025,-0.023408,-0.026427
-0.063957,-0.014556,-0.029097
-0.0089879,-0.0064961,-0.025876
0.055703,-0.035045,-0.029895
0.11142,0.017921,-0.026585
0.14171,-0.058517,-0.029378
0.1791,0.039216,-0.029708
0.18471,-0.074132,-0.025632
0.12713,0.037446,-0.037041
0.12451,-0.063833,-0.012154
0.028406,-1.5493,-0.18358
0.1275,-1.9909,-0.57692
0.17611,-1.6588,-0.92089
0.097211,-1.8275,-1.2537
0.4102,-1.753,-1.5757
0.46255,-1.819,-1.8679
0.54369,-1.837,-2.1541
0.74038,-1.8605,-2.4168
0.52126,-1.9286,-2.6745
0.55902,-1.9337,-2.9167
0.60951,-1.9806,-3.1475
0.56538,-1.9842,-3.3632
0.66111,-2.0345,-3.5681
0.7086,-2.0586,-3.7669
0.75272,-2.0689,-3.9519
0.69177,-2.0787,-4.125
0.69888,-2.0767,-4.2833
0.61175,-2.0763,-4.4283
0.51565,-2.0558,-4.5579
0.45432,-2.038,-4.6712
0.32868,-2.011,-4.7685
0.33167,-1.9884,-4.8504
0.28642,-1.9783,-4.9216
0.3642,-1.9543,-4.9821
0.43338,-1.9191,-5.0293
0.47526,-1.8773,-5.0623
0.54108,-1.834,-5.0811
0.45769,-1.7961,-5.0877
0.35747,-1.7568,-5.084
0.15106,-1.714,-5.0703
-0.031424,-1.6673,-5.0465
-0.20344,-1.621,-5.0124
-0.36124,-1.5767,-4.97
-0.43378,-1.534,-4.9208
-0.52502,-1.4803,-4.8631
-0.50034,-1.4178,-4.7963
-0.49511,-1.3611,-4.7208
-0.47454,-1.3013,-4.6368
-0.44126,-1.2447,-4.5464
-0.47491,-1.1813,-4.4487
-0.47566,-1.11,-4.3429
-0.54634,-1.0488,-4.2312
-0.58523,-0.98855,-4.1137
-0.57214,-0.92792,-3.9916
-0.55905,-0.85789,-3.8639
-0.50333,-0.79677,-3.7317
-0.42929,-0.73833,-3.5971
-0.38816,-0.65668,-3.4558
-0.41247,-0.59237,-3.3098
-0.41471,-0.53442,-3.1627
-0.43079,-0.44771,-3.01
-0.48501,-0.37436,-2.8513
-0.47865,-0.30302,-2.69
-0.42892,-0.20278,-2.5202
-0.38143,-0.10824,-2.3416
-0.28795,-0.0087755,-2.1567
-0.15931,0.063412,-1.9669
-0.037407,0.17601,-1.7733
0.084123,0.26115,-1.5723
0.16041,0.35546,-1.3737
0.18995,0.4974,-1.1645
0.1978,0.54667,-0.95804
0.13086,0.71165,-0.74391
0.022423,0.72184,-0.52688
-0.00076128,0.92543,-0.31524
-0.00076128,0.91518,-0.078799
0.017188,0.13526,0.016973
0.088984,0.0032176,-0.011157
0.15517,0.10938,-0.0029088
0.23033,0.0028577,-0.0045397
0.23632,0.061084,-0.0050496
0.22472,0.008035,-0.0022827
0.258,0.032512,-0.0049183
0.23706,0.022394,-0.0014279
0.20042,0.01181,-0.0036286
0.15779,0.02173,-0.0016903
0.081879,-0.0023835,-0.0020765
0.091228,0.017261,-0.0015516
0.14096,0.0087099,-0.00062555
0.13797,0.010453,-0.00089924
0.14919,0.010142,0.00010553
0.14807,0.0045522,0.00039797
0.11067,0.0067341,0.00064916
0.072905,0.0071803,0.00078038
0.031771,0.010003,0.0020738
0.026162,0.0076039,0.0033036
0.06206,0.0058456,0.0042484
0.10731,0.0091747,0.0055193
0.16863,0.00056701,0.0064791
0.20042,-0.0005127,0.0064829
0.22061,0.0078251,0.0075739
0.23669,-0.0030358,0.0077688
0.20304,0.0089873,0.0083125
0.16153,-0.0061625,0.009171
0.11366,-0.0035082,0.0088673
0.047103,0.00082569,0.010596
0.003352,-0.0047866,0.0091523
-0.036285,0.011814,0.011829
-0.044512,-0.022876,0.010078
-1.3407e-05,0.018753,0.011717
0.070661,-0.02965,0.01241
0.12264,0.025325,0.0097596
0.13498,-0.015557,0.016201
0.14956,-0.013522,0.0064829
0.10506,0.054999,0.021255
0.10207,-0.15663,-0.0012742
0.059069,1.0522,0.074463
0.07814,2.1027,0.42795
0.21874,1.7239,0.79799
0.14769,1.7806,1.1251
0.2666,1.791,1.4607
0.35037,1.772,1.7587
0.27894,1.8435,2.0516
0.4719,1.8292,2.3223
0.47302,1.9117,2.5827
0.46442,1.9153,2.832
0.55528,1.9673,3.0674
0.54706,1.9723,3.2915
0.58258,2.001,3.4992
0.65139,2.0471,3.702
0.75347,2.0546,3.8932
0.72468,2.0708,4.0725
0.70935,2.0641,4.2379
0.66074,2.0707,4.3899
0.59343,2.0527,4.5285
0.54968,2.0322,4.6497
0.40122,2.0211,4.757
0.37654,1.9874,4.8483
0.31634,1.9649,4.9244
0.34513,1.947,4.9897
0.41693,1.9184,5.0436
0.44572,1.8828,5.0841
0.56576,1.8346,5.1107
0.49396,1.7895,5.1236
0.39748,1.7551,5.1244
0.24454,1.7183,5.1152
0.045233,1.6686,5.0965
-0.11369,1.6202,5.067
-0.34329,1.5787,5.0284
-0.43079,1.5326,4.9825
-0.50109,1.4858,4.9289
-0.51081,1.4343,4.8676
-0.48576,1.3716,4.7974
-0.5168,1.3064,4.7174
-0.45921,1.253,4.6295
-0.48165,1.1989,4.5361
-0.49511,1.1356,4.4364
-0.51455,1.0682,4.3286
-0.59046,0.99958,4.2132
-0.59944,0.94382,4.093
-0.60729,0.87225,3.9686
-0.57326,0.80603,3.8374
-0.50745,0.76078,3.7038
-0.4551,0.67918,3.5667
-0.42518,0.60298,3.4208
-0.41621,0.55031,3.2726
-0.42107,0.4825,3.1238
-0.47118,0.40173,2.9683
-0.4794,0.33587,2.8082
-0.46071,0.25234,2.645
-0.43677,0.15076,2.4718
-0.35301,0.067318,2.2922
-0.23672,-0.034719,2.1052
-0.10733,-0.1077,1.9136
0.0078393,-0.21485,1.7184
0.11254,-0.30016,1.517
0.17873,-0.41648,1.3154
0.17761,-0.5218,1.1043
0.14096,-0.5947,0.89865
0.039998,-0.75184,0.67931
-0.046008,-0.74736,0.46646
-0.026189,-1.0084,0.24644
-0.013849,-0.79603,0.022454
0.034389,-0.047473,-0.032336
0.13872,-0.068613,-0.0059006
0.1978,-0.10001,-0.017834
0.25613,-0.030096,-0.012109
0.24641,-0.078852,-0.014816
0.23258,-0.030119,-0.014752
0.25875,-0.059946,-0.014175
0.172,-0.032555,-0.016515
0.14246,-0.03918,-0.014261
0.13573,-0.038561,-0.016676
0.068417,-0.030501,-0.015678
0.091228,-0.036391,-0.016619
0.10918,-0.024476,-0.016908
0.13498,-0.033448,-0.017092
0.14582,-0.027562,-0.017842
0.11703,-0.026546,-0.017845
0.087488,-0.026032,-0.018378
0.032145,-0.028308,-0.018723
0.039998,-0.029238,-0.019885
0.036259,-0.025594,-0.021118
0.051216,-0.0249,-0.021947
0.13199,-0.025357,-0.023229
0.17985,-0.020221,-0.023942
0.22921,-0.023588,-0.024069
0.24043,-0.02352,-0.025258
0.2322,-0.018808,-0.025055
0.20416,-0.023123,-0.026135
0.14769,-0.01245,-0.026086
0.090106,-0.029196,-0.026746
0.020927,-0.010575,-0.027492
-0.013101,-0.02589,-0.026705
-0.04713,-0.0172,-0.029359
-0.041521,-0.0084793,-0.026292
0.027284,-0.035097,-0.030443
0.1174,0.015852,-0.02732
0.14732,-0.060553,-0.029907
0.18434,0.040516,-0.030248
0.172,-0.071058,-0.026026
0.12114,0.036085,-0.037686
0.13685,-0.060782,-0.012417
-0.00824,-1.5444,-0.18241
0.091975,-1.9905,-0.57641
0.14545,-1.6582,-0.9216
0.055703,-1.8296,-1.2559
0.38327,-1.7518,-1.5795
0.41319,-1.8162,-1.8729
0.50742,-1.8365,-2.1609
0.72057,-1.8577,-2.4254
0.50779,-1.9206,-2.6844
0.55753,-1.9277,-2.9275
0.58258,-1.9822,-3.1604
0.53771,-1.9781,-3.3787
0.64914,-2.0218,-3.5839
0.69925,-2.049,-3.7832
0.74338,-2.0631,-3.9702
0.69177,-2.076,-4.1456
0.70636,-2.0708,-4.3062
0.62783,-2.0715,-4.4542
0.54369,-2.058,-4.5878
0.48349,-2.0407,-4.7058
0.37766,-2.0101,-4.8076
0.36832,-1.9867,-4.8927
0.31447,-1.975,-4.9664
0.40347,-1.9517,-5.0292
0.45806,-1.9173,-5.0791
0.49172,-1.8792,-5.1153
0.55304,-1.8384,-5.1378
0.46891,-1.7933,-5.1471
0.37243,-1.7562,-5.1454
0.1791,-1.7149,-5.1343
0.0029781,-1.6687,-5.1129
-0.18736,-1.6229,-5.0809
-0.36498,-1.5741,-5.0401
-0.41284,-1.53,-4.9922
-0.48015,-1.4754,-4.936
-0.48127,-1.4232,-4.8709
-0.49511,-1.3674,-4.7974
-0.47417,-1.3015,-4.7153
-0.43864,-1.2516,-4.6264
-0.49361,-1.1898,-4.5315
-0.48651,-1.1188,-4.4279
-0.53661,-1.0572,-4.3172
-0.6028,-0.9953,-4.201
-0.59158,-0.93545,-4.0798
-0.56803,-0.86647,-3.9536
-0.52166,-0.80483,-3.8216
-0.4551,-0.74812,-3.6873
-0.41845,-0.67023,-3.5478
-0.41733,-0.59969,-3.4011
-0.38891,-0.54472,-3.2532
-0.42929,-0.47002,-3.1022
-0.49212,-0.38812,-2.9435
-0.46968,-0.32155,-2.7823
-0.42817,-0.22402,-2.6151
-0.36685,-0.13508,-2.4375
-0.27897,-0.04345,-2.2554
-0.15669,0.051359,-2.0659
-0.019832,0.13614,-1.8735
0.098332,0.24129,-1.6738
0.17387,0.30929,-1.473
0.20565,0.46258,-1.2676
0.18995,0.52806,-1.0556
0.12152,0.65038,-0.8475
0.041868,0.75032,-0.62373
-0.0033789,0.79535,-0.41542
-0.0011352,1.0498,-0.17931
0.020927,0.48947,0.0012865
0.092723,-0.053595,0.0013353
0.172,0.1112,-0.010118
0.20603,0.033041,-0.00036311
0.24753,0.041289,-0.0073103
0.22771,0.045105,-0.0015403
0.2049,0.012009,-0.0048771
0.21986,0.034646,-0.0024027
0.1619,0.0054782,-0.0025414
0.14021,0.028295,-0.0029763
0.096463,0.010941,-0.0011992
0.069539,0.015338,-0.0020277
0.13086,0.014431,-0.00046809
0.13535,0.0077801,-0.00090299
0.16003,0.012864,-7.0677e-05
0.1619,0.0067904,0.00042796
0.13647,0.0077876,0.00066041
0.094219,0.0057706,0.0010391
0.018684,0.0064305,0.0015565
0.035885,0.0074314,0.0028687
0.058695,0.0076714,0.0037085
0.099454,0.0079563,0.0047283
0.1619,0.0064342,0.0061154
0.2049,-0.0042767,0.0065391
0.26623,0.0041211,0.0071652
0.25127,0.0021791,0.0080838
0.23183,-0.0053602,0.0078101
0.19556,0.0022016,0.0092572
0.12152,-0.0049628,0.0087549
0.066922,0.010134,0.0099771
0.0014823,-0.0092254,0.010198
-0.018336,0.011795,0.0099358
-0.01011,-0.0062224,0.012264
0.024667,-0.0026796,0.0091973
0.080009,0.012163,0.013809
0.13273,-0.029549,0.0094672
0.16377,0.040888,0.013865
0.15891,-0.06335,0.011675
0.12713,0.076245,0.010821
0.097958,-0.096435,0.01851
0.068791,0.16636,-0.00074553
-0.0041267,1.7181,0.20393
0.11853,1.9864,0.60056
0.18396,1.6714,0.93731
0.15068,1.8242,1.2731
0.33616,1.7361,1.5915
0.304,1.8127,1.8849
0.33541,1.8109,2.17
0.47825,1.8478,2.4323
0.40309,1.9056,2.6908
0.47414,1.9133,2.9325
0.51714,1.9537,3.1628
0.53023,1.954,3.3782
0.60427,2,3.5841
0.68392,2.0187,3.7828
0.72879,2.0326,3.9674
0.70224,2.0345,4.1397
0.70374,2.0303,4.2975
0.59156,2.0291,4.4422
0.52948,2.0075,4.5711
0.43637,1.9956,4.6847
0.33391,1.969,4.7842
0.31335,1.9365,4.8674
0.27969,1.9226,4.9374
0.37168,1.8995,4.9972
0.40197,1.859,5.0442
0.48985,1.8204,5.0767
0.55902,1.7765,5.0958
0.43974,1.7277,5.1019
0.33466,1.6902,5.0971
0.15143,1.6515,5.0828
-0.049373,1.6028,5.0587
-0.2341,1.5545,5.0246
-0.37021,1.5139,4.9821
-0.41845,1.4661,4.9325
-0.47454,1.4124,4.875
-0.46856,1.3577,4.8086
-0.46071,1.2925,4.7326
-0.43416,1.2344,4.648
-0.42369,1.1849,4.5574
-0.46332,1.1255,4.4611
-0.46744,1.0562,4.3572
-0.52988,0.99226,4.2454
-0.58635,0.93582,4.1274
-0.58186,0.87399,4.0054
-0.56316,0.80595,3.8777
-0.50371,0.75074,3.7456
-0.42406,0.68251,3.6111
-0.39265,0.60002,3.4683
-0.3934,0.54939,3.3209
-0.3762,0.48913,3.1735
-0.39938,0.40108,3.0202
-0.45173,0.33589,2.861
-0.4551,0.26427,2.6994
-0.42929,0.16265,2.5289
-0.3848,0.080845,2.3506
-0.29094,-0.018632,2.1661
-0.1724,-0.093897,1.9756
-0.042642,-0.18846,1.7837
0.08674,-0.28607,1.5832
0.15592,-0.3724,1.3835
0.17761,-0.5112,1.1755
0.15891,-0.55966,0.96804
0.076644,-0.72322,0.75507
-0.01011,-0.74837,0.535
-0.032172,-0.90431,0.32558
-0.03479,-0.98796,0.085594
0.0063435,-0.23779,-0.033626
0.095341,-0.0015549,-0.0084651
0.15592,-0.14134,-0.012743
0.23145,-0.023487,-0.013823
0.25426,-0.078357,-0.011104
0.21799,-0.040447,-0.01497
0.22098,-0.046401,-0.011517
0.20117,-0.046989,-0.015101
0.16564,-0.029463,-0.013039
0.12675,-0.044327,-0.01464
0.065426,-0.026718,-0.014741
0.065426,-0.038674,-0.014786
0.1002,-0.026167,-0.015963
0.12937,-0.02833,-0.015352
0.14358,-0.027839,-0.016282
0.13947,-0.025789,-0.016597
0.12226,-0.027431,-0.017062
0.055329,-0.022433,-0.017309
0.037754,-0.032795,-0.01801
0.051964,-0.032334,-0.019105
0.059817,-0.022647,-0.020061
0.11105,-0.028585,-0.021238
0.14208,-0.024773,-0.022547
0.19705,-0.015719,-0.022438
0.24155,-0.023194,-0.023237
0.23145,-0.014905,-0.023908
0.21986,-0.022073,-0.023889
0.1806,-0.016558,-0.02516
0.1346,-0.016176,-0.024388
0.059443,-0.023708,-0.026394
-0.0011352,-0.0092404,-0.025374
-0.019832,-0.03302,-0.026712
0.0022302,0.004211,-0.026858
0.036259,-0.03834,-0.025985
0.060939,-0.0070022,-0.029475
0.13498,-0.013983,-0.024511
0.15891,-0.034389,-0.031807
0.16115,0.035013,-0.023443
0.10805,-0.10658,-0.033052
0.10282,0.15785,-0.023338
0.047103,-0.63487,-0.044236
-0.0045007,-1.9765,-0.34291
0.16564,-1.7886,-0.73295
0.05159,-1.7158,-1.0594
0.18209,-1.8089,-1.3978
0.46965,-1.7388,-1.7019
0.40833,-1.8361,-1.9946
0.64391,-1.8095,-2.2712
0.64989,-1.8815,-2.5316
0.48798,-1.9024,-2.785
0.58894,-1.9344,-3.0221
0.55005,-1.9562,-3.2493
0.57211,-1.9692,-3.4592
0.65251,-2.0213,-3.6633
0.71084,-2.0281,-3.858
0.70149,-2.0416,-4.0393
0.69065,-2.0399,-4.2077
0.66186,-2.0406,-4.3614
0.54444,-2.0299,-4.5018
0.51602,-2.0078,-4.6261
0.38626,-1.9866,-4.7346
0.33391,-1.9582,-4.8273
0.31335,-1.9419,-4.9066
0.2853,-1.9263,-4.9752
0.38253,-1.8967,-5.0322
0.42403,-1.8551,-5.0753
0.5164,-1.8111,-5.1035
0.49508,-1.7707,-5.1186
0.38664,-1.7309,-5.1223
0.26436,-1.6919,-5.1158
0.060939,-1.6476,-5.0994
-0.10023,-1.5976,-5.0723
-0.28234,-1.555,-5.036
-0.37582,-1.5124,-4.9918
-0.4379,-1.4617,-4.9401
-0.48052,-1.409,-4.88
-0.44163,-1.3501,-4.8109
-0.46145,-1.2898,-4.7327
-0.41359,-1.2379,-4.6466
-0.40611,-1.1799,-4.5548
-0.44724,-1.1111,-4.4551
-0.4637,-1.0466,-4.3472
-0.5497,-0.98557,-4.2334
-0.56578,-0.92907,-4.1146
-0.55008,-0.86392,-3.9917
-0.51904,-0.79465,-3.8617
-0.44799,-0.74721,-3.7288
-0.39564,-0.67835,-3.5933
-0.35675,-0.59674,-3.4489
-0.36311,-0.54463,-3.3017
-0.38592,-0.47771,-3.1532
-0.41135,-0.3887,-2.9973
-0.41995,-0.32641,-2.837
-0.40274,-0.24086,-2.6727
-0.37993,-0.14061,-2.4978
-0.30963,-0.061787,-2.3172
-0.1896,0.041851,-2.1295
-0.073305,0.11658,-1.9375
0.034389,0.22169,-1.7412
0.13386,0.29808,-1.5397
0.18284,0.41677,-1.338
0.1963,0.52542,-1.1259
0.15928,0.59509,-0.91961
0.074026,0.74993,-0.69917
0.0044739,0.74418,-0.48574
-0.017215,1.0105,-0.26391
-0.0037528,0.77889,-0.039055
0.052712,0.016984,0.013666
0.13049,0.054793,-0.01272
0.18808,0.083034,-0.00022814
0.24305,0.012942,-0.0061706
0.24379,0.065275,-0.0030925
0.22958,0.0082937,-0.0031562
0.22734,0.043085,-0.0036886
0.15667,0.014322,-0.0012892
0.13909,0.016392,-0.0034487
0.13012,0.019286,-0.00090299
0.061686,0.0090435,-0.0018965
0.090106,0.017066,-0.00072303
0.13273,0.0037912,-0.00045684
0.14807,0.0090435,-0.00039311
0.18172,0.0087773,0.00075039
0.18097,0.0074502,0.00088161
0.14096,0.0049496,0.0011665
0.071783,0.0088711,0.001579
0.038876,0.011357,0.0029586
0.064304,0.0072065,0.0039297
0.10095,0.0067116,0.0047957
0.14994,0.006168,0.0063741
0.17798,-0.00017904,0.0069928
0.21762,0.0072028,0.0072927
0.25539,-0.0010001,0.0082112
0.24155,-0.0016974,0.00823
0.21986,0.0068016,0.0095234
0.16527,-0.0079395,0.009036
0.10544,0.011195,0.010356
0.048225,-0.0098552,0.010581
-0.0059964,0.010374,0.010086
-0.010484,-0.0046404,0.012392
0.015692,-0.0019073,0.0095609
0.054208,0.012553,0.014217
0.11105,-0.032473,0.0099958
0.14395,0.042758,0.01427
0.16564,-0.063515,0.01226
0.14732,0.075832,0.011203
0.093471,-0.094032,0.018964
0.070287,0.15875,-0.00075677
0.0059696,1.7232,0.2024
0.1174,1.9948,0.59981
0.16115,1.6708,0.93797
0.12152,1.8246,1.2751
0.32905,1.7317,1.595
0.27521,1.8132,1.8896
0.30362,1.811,2.1763
0.4704,1.8411,2.44
0.38589,1.8948,2.6993
0.46778,1.9081,2.9419
0.51004,1.9536,3.1751
0.50966,1.9485,3.3928
0.59156,1.9958,3.5993
0.66261,2.0106,3.799
0.70598,2.0225,3.986
0.67794,2.0302,4.1615
0.6828,2.0267,4.3219
0.60352,2.0255,4.4701
0.55416,2.0045,4.6027
0.45657,1.9924,4.7199
0.36607,1.964,4.8226
0.34962,1.9317,4.908
0.29615,1.9185,4.9816
0.38552,1.8948,5.0443
0.4087,1.8605,5.0943
0.47751,1.8227,5.1315
0.53023,1.7751,5.1539
0.43936,1.7314,5.1628
0.34139,1.6919,5.1609
0.12713,1.6455,5.149
-0.023945,1.6022,5.1272
-0.22774,1.5538,5.0955
-0.38816,1.5051,5.0544
-0.42443,1.4685,5.0057
-0.50333,1.4189,4.9506
-0.47379,1.3557,4.8865
-0.47529,1.2955,4.8127
-0.4465,1.2416,4.7305
-0.43042,1.1907,4.6412
-0.46706,1.1321,4.5459
-0.4521,1.069,4.4436
-0.534,1.0027,4.3334
-0.57139,0.93524,4.2162
-0.56204,0.87919,4.0943
-0.55718,0.81452,3.9676
-0.49174,0.75218,3.8356
-0.42556,0.69147,3.7012
-0.37993,0.61127,3.5602
-0.37956,0.55599,3.4131
-0.3661,0.50232,3.2658
-0.37582,0.42045,3.1146
-0.42369,0.34656,2.9565
-0.43116,0.28676,2.7952
-0.4106,0.19319,2.6286
-0.35488,0.09695,2.4515
-0.27112,0.0084624,2.2683
-0.14211,-0.080378,2.0779
-0.018336,-0.15363,1.8853
0.07627,-0.26598,1.6861
0.14881,-0.3338,1.4841
0.16863,-0.46687,1.2803
0.14881,-0.54955,1.0678
0.087114,-0.65008,0.85977
0.0029781,-0.77215,0.63646
-0.058722,-0.78964,0.42654
-0.062835,-1.0618,0.19442
-0.030302,-0.62685,-0.006433
0.054956,0.016197,-0.024279
0.14994,-0.11341,-0.0061818
0.19967,-0.071287,-0.017583
0.24342,-0.0457,-0.01016
0.22435,-0.06828,-0.015304
0.20191,-0.027607,-0.012683
0.19518,-0.061655,-0.014209
0.1462,-0.025953,-0.01488
0.12189,-0.04778,-0.013688
0.066548,-0.037988,-0.015982
0.059443,-0.030407,-0.014614
0.10245,-0.035225,-0.016297
0.11404,-0.025845,-0.015941
0.15068,-0.031135,-0.016181
0.14769,-0.026598,-0.017054
0.12264,-0.029159,-0.017129
0.079635,-0.025489,-0.017568
0.040746,-0.027243,-0.018108
0.059069,-0.029001,-0.019551
0.056077,-0.0261,-0.020515
0.10432,-0.028788,-0.02146
0.18957,-0.024041,-0.022971
0.20939,-0.018388,-0.022922
0.24866,-0.025665,-0.023717
0.25539,-0.018028,-0.02456
0.23332,-0.020581,-0.024691
0.21911,-0.01883,-0.025854
0.14694,-0.021788,-0.02498
0.072531,-0.022666,-0.026881
0.0026042,-0.0063424,-0.025917
-0.036285,-0.036398,-0.027455
-0.022076,0.0034238,-0.027511
-0.0015092,-0.032241,-0.026375
0.072157,-0.0028746,-0.029997
0.13348,-0.01194,-0.025096
0.13834,-0.040541,-0.032355
0.16901,0.034301,-0.024129
0.10731,-0.10647,-0.033761
0.1002,0.15748,-0.024433
0.046729,-0.62043,-0.043988
-0.048999,-1.9741,-0.34131
0.1088,-1.7925,-0.73295
0.031023,-1.7155,-1.0608
0.13909,-1.8102,-1.4006
0.436,-1.7368,-1.7064
0.39113,-1.8351,-2.0005
0.62484,-1.8071,-2.2787
0.63419,-1.8767,-2.5406
0.44423,-1.8963,-2.7953
0.56389,-1.9314,-3.0339
0.52948,-1.9514,-3.2635
0.54781,-1.9563,-3.4751
0.63007,-2.0097,-3.6795
0.70112,-2.0207,-3.8757
0.70149,-2.036,-4.0598
0.66111,-2.0346,-4.231
0.65251,-2.0337,-4.3877
0.53659,-2.026,-4.5318
0.50256,-2.0081,-4.6601
0.39748,-1.986,-4.7724
0.32793,-1.9549,-4.8686
0.30026,-1.9336,-4.9502
0.30662,-1.9161,-5.0205
0.40085,-1.8938,-5.0799
0.39524,-1.8588,-5.127
0.50742,-1.8141,-5.1593
0.50705,-1.7698,-5.1773
0.38589,-1.7288,-5.1838
0.27483,-1.6908,-5.1794
0.065052,-1.6478,-5.1651
-0.077793,-1.5973,-5.1404
-0.26401,-1.5511,-5.1056
-0.37919,-1.5115,-5.063
-0.42069,-1.4646,-5.0126
-0.47529,-1.4114,-4.9544
-0.45584,-1.3546,-4.8876
-0.46145,-1.2936,-4.8115
-0.42406,-1.2372,-4.7272
-0.43266,-1.1842,-4.6368
-0.43902,-1.1201,-4.539
-0.46557,-1.051,-4.4326
-0.54858,-0.99075,-4.3198
-0.54933,-0.93326,-4.2018
-0.55344,-0.87312,-4.0797
-0.50333,-0.80832,-3.951
-0.45248,-0.75353,-3.8178
-0.402,-0.68768,-3.6832
-0.35488,-0.60477,-3.5403
-0.35152,-0.54824,-3.3918
-0.33731,-0.48956,-3.2432
-0.39676,-0.40655,-3.0893
-0.41322,-0.3378,-2.9288
-0.38854,-0.26978,-2.7658
-0.37732,-0.16897,-2.5946
-0.28832,-0.085398,-2.4149
-0.18885,0.010986,-2.2295
-0.093124,0.094405,-2.0364
0.033267,0.18373,-1.8419
0.14208,0.28668,-1.6397
0.18247,0.36565,-1.4372
0.16788,0.50433,-1.228
0.13872,0.55523,-1.0172
0.083749,0.70858,-0.80446
0.011205,0.7526,-0.58116
-0.010858,0.86977,-0.37138
0.0022302,1.0265,-0.12887
0.032893,0.30931,0.014034
0.10731,-0.040713,-0.005327
0.16415,0.12598,-0.0062718
0.2079,0.015923,-0.0016341
0.2337,0.054995,-0.0059756
0.2049,0.024013,-0.0012292
0.19892,0.023815,-0.0046971
0.14807,0.036119,-0.001068
0.1017,0.0063292,-0.0026614
0.12152,0.027489,-0.0014354
0.062434,0.0069291,-0.00082051
0.065052,0.01605,-0.0013304
0.12077,0.01214,9.4286e-05
0.13647,0.0073115,-0.00042685
0.16676,0.0082375,0.0007129
0.15442,0.0059993,0.0010016
0.13834,0.007169,0.001189
0.087862,0.0075552,0.0016052
0.027658,0.0063967,0.0022838
0.036633,0.0022991,0.0027412
0.068043,0.0041736,0.0029774
0.14582,0.003405,0.0037385
0.20004,1.2158e-05,0.0039784
0.24604,-0.0012663,0.0038659
0.2939,0.00094941,0.0040347
0.26324,-0.005124,0.0042221
0.23594,-0.004944,0.0041546
0.17237,0.00074696,0.0038997
0.10506,-0.0046441,0.0040159
0.07627,-0.0040405,0.0042146
0.015318,-0.0030695,0.0040534
-0.019458,-0.0057951,0.0040722
-0.00076128,-0.0052327,0.0040759
0.050094,-0.0035382,0.0040684
0.10619,-0.0047416,0.0041171
