0.079261,-0.019213,-0.00020565
0.079635,-0.019865,-0.0001794
0.082253,-0.015228,-0.00023189
0.083375,-0.010598,0.00011303
0.084871,-0.0083819,0.00093035
0.093097,-0.013402,0.0010541
0.087114,-0.012078,0.001504
0.088236,-0.018077,0.0017027
0.089358,-0.011726,0.0018302
0.073278,-0.017245,0.0022126
0.059069,-0.014995,0.0019726
0.063182,-0.0095966,0.0029212
0.0658,-0.024967,0.00234
0.0658,0.00029333,0.0030336
0.068417,-0.034591,0.0028312
0.066922,0.0015867,0.00261
0.091601,-0.026508,0.0035623
0.085992,-0.012483,0.0021038
0.072905,0.006363,0.004642
0.090106,-0.053797,0.0014965
0.079635,0.051471,0.0047358
0.084871,-0.10923,0.0017514
0.068043,0.10033,0.0034385
0.091601,-0.17846,0.0042409
0.082627,0.28823,-0.0018365
0.083375,2.5115,0.14091
0.25688,2.7568,0.37378
0.25987,2.3433,0.55974
0.29914,2.4971,0.7434
0.43749,2.3239,0.90444
0.3986,2.4117,1.0462
0.38178,2.2563,1.1755
0.35972,2.2227,1.2821
0.31148,2.2033,1.3779
0.23407,2.1442,1.4578
0.25875,2.1362,1.526
0.23258,2.0135,1.5813
0.10469,1.969,1.6264
0.261,1.8691,1.6615
0.18022,1.7787,1.688
0.015318,1.6872,1.7091
0.070287,1.594,1.7193
-0.073305,1.5185,1.7191
-0.10023,1.4239,1.7092
-0.05573,1.3558,1.6901
-0.039277,1.2765,1.6633
-0.027311,1.1913,1.6277
-0.071062,1.1111,1.5833
-0.023945,1.0071,1.5306
0.019805,0.90816,1.4693
0.011579,0.8179,1.4037
-0.014971,0.70981,1.3319
-0.065827,0.61468,1.253
-0.18137,0.51156,1.1702
-0.26214,0.42799,1.0847
-0.3029,0.32273,0.99692
-0.38779,0.2083,0.9017
-0.39115,0.11776,0.80554
-0.33357,-0.030194,0.70034
-0.33132,-0.12037,0.58951
-0.29019,-0.29663,0.47101
-0.20194,-0.3851,0.34174
-0.1365,-0.54009,0.21683
-0.087141,-0.70007,0.069311
-0.0041267,-0.1934,-0.010047
0.075522,0.040104,0.0053094
0.095715,-0.07826,0.0041246
0.13909,-0.0016562,0.0028874
0.15816,-0.036263,0.0053244
0.14171,-0.019775,0.0024525
0.20229,-0.019321,0.0047545
0.22435,-0.023989,0.0025537
0.18022,-0.0097803,0.0039447
0.19593,-0.02171,0.0031686
0.16564,-0.0096715,0.0028087
0.13573,-0.017379,0.0031761
0.17013,-0.011164,0.002505
0.1705,-0.010946,0.0026625
0.21089,-0.013484,0.0021451
0.27371,-0.011767,0.0022201
0.28418,-0.010969,0.0017852
0.30063,-0.012195,0.0017102
0.32456,-0.012075,0.0015227
0.27371,-0.0074746,0.0011291
0.23445,-0.0108,0.0011703
0.26324,-0.011872,0.00077289
0.19443,-0.0082394,0.00070915
0.1447,-0.0075234,0.00061167
0.1533,-0.0083856,0.00050295
0.070287,-0.0085881,0.00067541
0.01457,-0.0072984,0.00057793
0.011579,-0.0067923,0.0006904
-0.023572,-0.0074634,0.00067916
-0.041521,-0.0042205,0.00062667
-0.038155,-0.0045766,0.00068665
-0.099107,-0.0076133,0.00076164
-0.094246,-0.0056563,0.00082537
-0.01871,-0.0037369,0.00070165
-0.028433,-0.0047266,0.00077663
-0.0033789,-0.0047003,0.00075039
0.018684,-0.0021735,0.00059667
-0.013475,-0.0039918,0.00067916
-0.015345,-0.0026234,0.00090411
-0.029181,-0.0056301,0.00085162
-0.028433,-0.0080557,0.00060792
-0.013101,-0.0016711,0.00067541
0.003352,-0.0069535,0.00069415
0.023171,-0.0047603,0.00070915
0.038502,-0.0034632,0.00073914
0.062434,-0.0092554,0.00058918
0.084871,-0.0085656,7.1791e-05
0.11553,-0.0085618,-0.00054682
0.15255,-0.0078233,-0.00072303
0.18546,-0.006781,-0.0013079
0.21014,-0.0029908,-0.0014579
0.21201,-0.0086743,-0.0017616
0.19406,-0.0068673,-0.001859
0.1978,-0.0084231,-0.0020877
0.20565,-0.00038149,-0.0026913
0.21537,-0.0072459,-0.002159
0.22472,-0.0077745,-0.0033587
0.21911,0.00054827,-0.0022227
0.21089,-0.018924,-0.0035799
0.14246,0.013557,-0.0026126
0.11666,-0.026696,-0.0028113
0.13909,0.011443,-0.0040823
0.091975,-0.015865,-0.0010755
0.10469,-0.0083069,-0.0062418
0.11553,0.024617,0.0013728
0.067295,-0.075673,-0.0080939
0.069165,0.1438,0.0050094
0.042242,-0.72176,-0.029982
0.035885,-1.7853,-0.26695
0.093471,-1.5173,-0.52548
0.072531,-1.4528,-0.73649
0.056451,-1.4518,-0.95289
0.18209,-1.3948,-1.1341
0.27334,-1.4595,-1.3035
0.29465,-1.3997,-1.4493
0.37131,-1.4291,-1.5739
0.36308,-1.4264,-1.6853
0.33279,-1.4485,-1.7801
0.41431,-1.4525,-1.8615
0.42553,-1.4527,-1.9242
0.38701,-1.473,-1.9757
0.3986,-1.4677,-2.0142
0.35336,-1.477,-2.0412
0.2853,-1.4545,-2.0571
0.24043,-1.4091,-2.0602
0.15143,-1.3579,-2.0526
0.10918,-1.3032,-2.0347
0.07627,-1.2476,-2.0071
-0.033668,-1.1908,-1.9711
-0.11294,-1.1222,-1.9281
-0.11593,-1.0343,-1.8761
-0.062835,-0.95973,-1.8147
-0.048625,-0.87875,-1.7458
-0.050869,-0.79065,-1.6698
-0.037781,-0.70405,-1.5883
-0.082654,-0.60799,-1.5001
-0.10621,-0.53498,-1.409
-0.12715,-0.43328,-1.3146
-0.17165,-0.34548,-1.2147
-0.23111,-0.24317,-1.1125
-0.30403,-0.13676,-1.0035
-0.31337,-0.023535,-0.89131
-0.34105,0.12575,-0.76654
-0.32235,0.20677,-0.6384
-0.27074,0.38937,-0.50116
-0.24569,0.44089,-0.35881
-0.16455,0.63565,-0.21822
-0.13388,0.71148,-0.056267
-0.072183,0.10974,0.011481
-0.033294,-0.027701,-0.008765
-0.023945,0.072342,-0.0033699
0.078888,-0.016558,-0.004431
0.1002,0.033187,-0.0054545
0.11516,-0.00017154,-0.0033999
0.16751,0.015664,-0.0053608
0.18209,0.010119,-0.003085
0.18995,0.0015418,-0.0048059
0.18022,0.011702,-0.0034337
0.19743,-0.0034369,-0.0035911
0.22921,0.0085374,-0.0034187
0.24192,-0.0026759,-0.00301
0.22435,0.0043835,-0.0030288
0.20528,0.0029139,-0.0022527
0.21762,-9.6563e-05,-0.0027776
0.24417,0.00085569,-0.0022302
0.29876,-0.0038231,-0.001859
0.33728,-0.00025777,-0.0017316
0.34064,-0.005064,-0.0014091
0.34251,-0.00030276,-0.0012629
0.31634,-0.001375,-0.000858
0.27259,-0.0078645,-0.00075303
0.23669,-0.0014462,-0.00069304
0.17499,-0.0030208,-0.00061806
0.10319,-0.0062862,-0.00073428
0.050468,-0.0048541,-0.00060681
0.0044739,-0.0036131,-0.00052808
-0.065827,-0.0032757,-0.00059556
-0.13089,-0.0033507,-0.00050933
-0.13201,-0.0053827,-0.00063305
-0.14248,-0.0061662,-0.00083926
-0.11294,-0.0028033,-0.00047934
-0.070688,-0.0026121,8.0556e-06
-0.090506,-0.0030808,0.00063042
-0.077793,-0.0022223,0.001249
-0.09088,-0.00056519,0.0019014
-0.086767,-0.0024135,0.0022801
-0.074053,-0.00076389,0.0030486
-0.074801,-0.0063237,0.003446
-0.050869,0.00087068,0.0033186
-0.051991,-0.0081532,0.0044508
0.0048478,-0.010118,0.003776
0.036259,0.0080613,0.0053619
0.069913,-0.014444,0.0046383
0.13386,0.013831,0.0054368
0.1376,-0.020979,0.0058905
0.18509,0.0070116,0.0044246
0.20902,-0.0091092,0.0078438
0.20416,-0.015715,0.0029024
0.24492,0.025715,0.0093922
0.27707,-0.06293,0.0024863
0.27558,0.096913,0.0091635
0.29128,-0.18116,0.0042784
0.30923,0.52874,0.012028
0.33616,2.1265,0.27218
0.42815,2.0455,0.637
0.3657,1.8524,0.93079
0.33055,2.0056,1.2337
0.50929,1.9529,1.5102
0.53397,2.0825,1.7695
0.56052,2.1019,2.0129
0.72206,2.2097,2.2341
0.72917,2.2882,2.4424
0.82078,2.363,2.6297
0.9625,2.4398,2.8031
0.90267,2.4455,2.9553
0.96437,2.4698,3.091
0.96699,2.4417,3.2109
0.64241,2.3944,3.3167
0.3642,2.3542,3.4108
0.34064,2.3094,3.491
0.34551,2.2572,3.558
0.34102,2.1841,3.6118
-0.4349,2.093,3.6558
-1.6061,2.012,3.6892
-1.4464,1.9502,3.7109
-0.93411,1.9009,3.7234
-0.57887,1.842,3.7255
0.020927,1.7835,3.7173
0.19967,1.7254,3.7018
0.084497,1.6536,3.6782
-0.015345,1.5907,3.6448
0.23781,1.5151,3.6016
0.59305,1.4274,3.5502
0.6024,1.3557,3.4902
0.36869,1.2831,3.4218
-0.47978,1.2062,3.3469
-1.0575,1.1266,3.2648
-0.87615,1.0423,3.1741
-0.6129,0.96473,3.0753
-0.22737,0.88673,2.9709
-0.31562,0.79795,2.8619
-0.62636,0.70787,2.7461
-0.90943,0.63864,2.6254
-1.136,0.5677,2.5025
-0.88737,0.48714,2.376
-0.47604,0.40287,2.2459
-0.14061,0.31229,2.1099
0.11441,0.223,1.9703
0.35373,0.098232,1.8224
0.3571,-0.001195,1.6662
0.43375,-0.12418,1.5038
0.61138,-0.21972,1.3344
0.56389,-0.33065,1.1658
0.39412,-0.45955,0.9865
0.094593,-0.52687,0.80988
-0.34628,-0.70044,0.62303
-0.80772,-0.70465,0.43704
-0.80286,-0.94341,0.24882
-0.55419,-0.85741,0.044241
-0.23709,-0.085345,-0.022566
0.31746,-0.025938,0.0022426
0.66597,-0.10143,-0.0068454
0.74038,-0.011182,-0.002995
0.67756,-0.069015,-0.0042922
0.64428,-0.017256,-0.005477
0.57473,-0.046603,-0.0038386
0.45993,-0.027483,-0.0065567
0.44983,-0.025125,-0.0044984
0.24155,-0.031457,-0.0066017
-0.036659,-0.015719,-0.0057769
-0.19147,-0.028094,-0.0063543
-0.26588,-0.016641,-0.0067329
-0.224,-0.022422,-0.0068267
-0.046756,-0.019805,-0.0077227
0.10843,-0.019029,-0.0075278
0.019805,-0.017589,-0.0083563
-0.087515,-0.015085,-0.0083263
-0.20979,-0.015872,-0.0086
-0.25654,-0.015786,-0.0094286
-0.097611,-0.01519,-0.0096086
0.10918,-0.013226,-0.0098672
0.38066,-0.016015,-0.010265
0.42067,-0.011546,-0.010355
0.27446,-0.010673,-0.010238
0.16751,-0.01233,-0.01016
0.051216,-0.0095553,-0.01028
-0.041894,-0.01185,-0.01037
-0.087141,-0.01212,-0.010595
-0.11593,-0.013574,-0.011262
-0.24606,-0.011917,-0.011866
-0.32983,-0.012333,-0.012443
-0.27224,-0.013188,-0.013058
-0.11593,-0.011988,-0.013286
0.19144,-0.016019,-0.014318
0.5134,-0.0061025,-0.014168
0.64466,-0.014646,-0.014726
0.58595,-0.0054089,-0.015457
0.43413,-0.010365,-0.015082
0.23706,-0.014268,-0.016949
0.11142,-0.0098965,-0.015251
0.039998,-0.022197,-0.017441
-0.038903,0.0084287,-0.016053
-0.091628,-0.034231,-0.017133
-0.16417,0.020013,-0.017924
-0.16193,-0.034351,-0.015259
-0.061339,0.0032775,-0.020984
0.070661,0.0050358,-0.012233
0.20565,-0.068032,-0.025692
0.29689,0.15373,-0.0048809
0.26436,-1.0758,-0.073288
0.21351,-2.2149,-0.4041
0.2408,-1.8151,-0.75272
0.16377,-1.7908,-1.0513
0.33279,-1.795,-1.3571
0.62297,-1.7688,-1.6326
0.5938,-1.8184,-1.9006
0.70262,-1.7748,-2.1444
0.69402,-1.8305,-2.376
0.44909,-1.8046,-2.5933
0.40646,-1.833,-2.7937
0.36944,-1.8268,-2.9826
0.30923,-1.8053,-3.1493
0.26287,-1.8069,-3.2995
0.30699,-1.8022,-3.4338
0.25726,-1.802,-3.5553
0.26249,-1.7774,-3.6615
0.41394,-1.7643,-3.752
0.30736,-1.7332,-3.8288
0.29278,-1.6996,-3.8901
0.21276,-1.6785,-3.939
0.013448,-1.6458,-3.9751
-0.078914,-1.611,-3.9983
-0.1552,-1.5822,-4.0108
-0.08228,-1.5502,-4.0133
0.013074,-1.5153,-4.0058
0.095341,-1.4773,-3.9883
0.10805,-1.4342,-3.9612
0.12638,-1.3827,-3.924
0.15629,-1.3234,-3.8765
0.050094,-1.2672,-3.8197
-0.0059964,-1.2078,-3.7537
-0.1365,-1.1514,-3.6802
-0.25616,-1.0957,-3.6003
-0.22176,-1.0296,-3.5125
-0.27374,-0.96158,-3.4164
-0.28308,-0.88424,-3.3125
-0.23335,-0.8109,-3.2014
-0.24719,-0.74418,-3.0848
-0.25018,-0.6642,-2.9626
-0.23709,-0.5957,-2.8353
-0.26962,-0.53176,-2.706
-0.32123,-0.45228,-2.5725
-0.29991,-0.37566,-2.435
-0.25541,-0.28381,-2.2926
-0.17988,-0.19782,-2.1442
-0.074801,-0.081626,-1.9882
-0.017215,0.028212,-1.822
-0.00076128,0.12766,-1.6519
0.003352,0.23784,-1.4734
-0.019832,0.3195,-1.295
-0.094246,0.46311,-1.1095
-0.14996,0.52378,-0.92176
-0.15632,0.68234,-0.73297
-0.15744,0.73459,-0.53332
-0.1279,0.85137,-0.3463
-0.023572,1.0432,-0.12686
0.12862,0.32814,0.0075589
0.28455,-0.055754,-0.0090012
0.37953,0.11989,-0.010662
0.41842,0.0041773,-0.0063093
0.40646,0.048149,-0.010632
0.30101,0.024872,-0.0057994
0.23632,0.017134,-0.0092749
0.18022,0.029948,-0.0060731
0.085618,0.00012463,-0.0073666
0.084123,0.026398,-0.0064105
0.078888,0.0039336,-0.0057432
0.0658,0.011533,-0.0061668
0.094967,0.0082075,-0.0048396
0.074026,0.0071278,-0.0052595
0.053834,0.010277,-0.004341
0.043737,0.0061043,-0.004356
0.030276,0.0078776,-0.0037224
0.04972,0.004586,-0.0032537
0.021675,0.0064042,-0.0031262
0.019431,0.0039936,-0.0024289
0.10095,0.0021716,-0.0022452
0.15928,0.0029626,-0.0016753
0.19294,0.0062205,-0.00068929
0.19668,0.0065879,7.1791e-05
0.17349,0.0015642,0.00057793
0.10768,0.0047284,0.0012678
0.0059696,0.0027602,0.0017589
-0.074427,0.0020779,0.0021151
-0.11743,0.00063824,0.0033786
-0.12715,-0.0025372,0.0030711
-0.13014,0.0070828,0.0042034
-0.070688,-0.010223,0.0042971
0.016066,0.0058644,0.0045295
0.097584,-0.0086218,0.005778
0.17836,0.00026709,0.0044471
0.23033,0.0043648,0.0074164
0.26174,-0.014309,0.004582
0.1978,0.024669,0.0081587
0.16415,-0.03936,0.0059955
0.12937,0.044273,0.0067041
0.027658,-0.050191,0.0094747
0.03738,0.037603,0.0027487
0.040372,-0.017181,0.016868
0.05159,-0.049471,-0.010261
0.099828,1.5698,0.1279
0.20079,2.3068,0.51114
0.28642,1.8529,0.8599
0.27109,1.9767,1.19
0.42328,1.8873,1.5178
0.47564,1.9142,1.811
0.41207,1.9422,2.0995
0.50219,1.9193,2.3625
0.50331,1.9824,2.6176
0.48798,1.9777,2.857
0.54818,2.045,3.085
0.6024,2.0605,3.3042
0.61138,2.0955,3.5094
0.65251,2.1146,3.7032
0.67719,2.1203,3.8814
0.51976,2.1478,4.0468
0.44983,2.149,4.1967
0.42927,2.1529,4.3307
0.40721,2.1461,4.4475
0.45582,2.1414,4.5477
0.40646,2.1512,4.6334
0.39038,2.146,4.7048
0.35598,2.1324,4.7627
0.36271,2.1207,4.8074
0.42628,2.0963,4.8386
0.3126,2.0604,4.8566
0.20117,2.0315,4.8628
0.06206,2.0017,4.8577
-0.14622,1.9476,4.8423
-0.2872,1.9025,4.8173
-0.36909,1.8669,4.7826
-0.42892,1.8136,4.7399
-0.50595,1.7597,4.6893
-0.47978,1.7023,4.6302
-0.40648,1.6366,4.5618
-0.35451,1.5731,4.4846
-0.28084,1.501,4.3994
-0.27523,1.4293,4.3059
-0.29505,1.3634,4.2064
-0.31038,1.2837,4.1012
-0.32048,1.2,3.9873
-0.35376,1.1227,3.8653
-0.42892,1.0501,3.7392
-0.45248,0.96921,3.6086
-0.4521,0.88538,3.4717
-0.46108,0.81003,3.331
-0.45697,0.73102,3.1872
-0.44313,0.66034,3.0409
-0.43266,0.56982,2.892
-0.42331,0.47888,2.7377
-0.37358,0.39644,2.5803
-0.29355,0.28066,2.416
-0.2083,0.17521,2.2442
-0.10584,0.051902,2.0648
-0.0015092,-0.037572,1.8802
0.097211,-0.1548,1.6935
0.16415,-0.26666,1.4986
0.20977,-0.36562,1.3052
0.23968,-0.51455,1.1028
0.20341,-0.57861,0.90304
0.1462,-0.75525,0.69734
0.11815,-0.77329,0.48884
0.11666,-0.98887,0.28605
0.11778,-1.0146,0.057453
0.16265,-0.18485,-0.040026
0.21089,-0.0082844,-0.013796
0.23706,-0.1401,-0.020792
0.31746,-0.024525,-0.019604
0.33877,-0.083066,-0.018802
0.31372,-0.032889,-0.021595
0.3212,-0.051316,-0.018828
0.27633,-0.043967,-0.022269
0.22211,-0.030895,-0.020009
0.18696,-0.046461,-0.021988
0.10992,-0.029669,-0.021685
0.056825,-0.038029,-0.021917
0.043363,-0.031438,-0.022667
-0.0037528,-0.045392,-0.022584
-0.032546,-0.033526,-0.023555
-0.016467,-0.027089,-0.023169
-0.039651,-0.031881,-0.023975
-0.057974,-0.02481,-0.02426
-0.035538,-0.027281,-0.024684
-0.03292,-0.025935,-0.025119
-0.0052485,-0.025132,-0.025456
0.051216,-0.029211,-0.026727
0.078514,-0.028079,-0.027668
0.070661,-0.023325,-0.028253
0.070661,-0.02553,-0.029085
0.061686,-0.01994,-0.029288
0.015318,-0.023742,-0.029877
-0.0048746,-0.023284,-0.030638
-0.013101,-0.024495,-0.030521
-0.036659,-0.021908,-0.031995
-0.037781,-0.013049,-0.031354
-0.03105,-0.029646,-0.032685
-0.016841,-0.0046441,-0.032302
0.040746,-0.032068,-0.032388
0.12376,-0.0063687,-0.034402
0.19817,-0.024473,-0.031751
0.23819,-0.030374,-0.036231
0.24791,0.0076152,-0.031406
0.21612,-0.060789,-0.03688
0.20603,0.05119,-0.032482
0.17948,-0.10944,-0.034533
0.14694,0.11628,-0.037892
0.14246,-0.32612,-0.026056
0.086366,-1.9879,-0.26089
0.17088,-2.1085,-0.66063
0.12039,-1.8403,-0.99026
0.12339,-2.0147,-1.3252
0.44946,-1.9048,-1.6375
0.46367,-1.9905,-1.9266
0.52537,-1.9718,-2.2049
0.62446,-2.0106,-2.4609
0.42927,-2.0447,-2.711
0.43226,-2.0605,-2.9423
0.46442,-2.1243,-3.1664
0.45731,-2.1352,-3.3782
0.52911,-2.1769,-3.5776
0.57996,-2.1843,-3.7647
0.57211,-2.2066,-3.9366
0.50817,-2.2224,-4.0963
0.50667,-2.2184,-4.2397
0.43375,-2.2149,-4.3665
0.3743,-2.2015,-4.4758
0.33354,-2.1977,-4.57
0.26062,-2.192,-4.6508
0.25838,-2.1811,-4.718
0.26436,-2.1673,-4.7718
0.3227,-2.1448,-4.8118
0.37056,-2.117,-4.8388
0.40833,-2.0883,-4.8536
0.36607,-2.0574,-4.8566
0.25165,-2.0194,-4.8479
0.13423,-1.9811,-4.8286
-0.013101,-1.9433,-4.8001
-0.10397,-1.8953,-4.7626
-0.24195,-1.8462,-4.7167
-0.3302,-1.7921,-4.663
-0.34628,-1.7282,-4.6003
-0.39601,-1.6617,-4.5286
-0.4091,-1.5923,-4.4483
-0.40574,-1.5238,-4.3599
-0.39115,-1.4501,-4.2645
-0.39564,-1.379,-4.1626
-0.37021,-1.3066,-4.055
-0.35825,-1.2175,-3.9405
-0.3575,-1.1312,-3.8182
-0.35525,-1.0525,-3.6903
-0.37059,-0.96973,-3.557
-0.32609,-0.88487,-3.4186
-0.32197,-0.80527,-3.2768
-0.26701,-0.73395,-3.1321
-0.2412,-0.6532,-2.9854
-0.29468,-0.55788,-2.8346
-0.27935,-0.4772,-2.6798
-0.30216,-0.37219,-2.5203
-0.3145,-0.26366,-2.3531
-0.30814,-0.146,-2.1794
-0.29094,-0.02944,-1.9962
-0.23634,0.058542,-1.8113
-0.17876,0.19627,-1.6196
-0.087889,0.27371,-1.4253
-0.014597,0.41925,-1.2288
0.065426,0.51423,-1.0249
0.13161,0.63297,-0.82669
0.16714,0.76586,-0.61468
0.23968,0.80653,-0.41554
0.27483,1.0981,-0.19278
0.27558,0.58515,-0.010385
0.29802,-0.059968,-0.0016678
0.30026,0.10191,-0.016173
0.30699,0.041375,-0.0056982
0.33279,0.031894,-0.012428
0.30101,0.048809,-0.0070891
0.25651,0.009216,-0.0096835
0.26062,0.041334,-0.0078989
0.26473,0.0035925,-0.0075615
0.24978,0.024261,-0.0080901
0.2408,0.0091522,-0.0061481
0.2494,0.013377,-0.0072316
0.23145,0.014465,-0.0057694
0.19443,0.0062018,-0.0059194
0.16228,0.013771,-0.0050758
0.14134,0.0029251,-0.0046672
0.12114,0.0089386,-0.0045172
0.07814,0.0049871,-0.0037674
0.048599,-0.0015137,-0.0036849
0.020179,0.0061155,-0.003055
-0.0018831,0.0085674,-0.0020802
-0.0011352,0.0063067,-0.00097048
0.0018563,0.0075589,-5.568e-05
-0.0074922,0.0060481,0.0010803
-0.038529,-0.00019404,0.001474
-0.080036,0.0053133,0.0017439
-0.082654,0.0016205,0.0030111
-0.063209,0.00064949,0.0027562
-0.049747,0.0076976,0.0041134
-0.012727,-0.006916,0.0037497
0.0059696,0.010149,0.0044096
0.034763,-0.011542,0.0052381
0.046729,0.0094747,0.0044771
0.073652,-0.0012213,0.0072702
0.098706,-0.008978,0.0042634
0.073652,0.017036,0.0084437
0.12226,-0.036653,0.0048032
0.1103,0.049567,0.0078213
0.10245,-0.063837,0.0076526
0.11778,0.071015,0.0043233
0.091228,-0.073551,0.014832
0.15218,0.0885,-0.0090949
0.16714,1.8152,0.17285
0.28979,2.2829,0.57018
0.35224,1.892,0.9131
0.3025,2.0588,1.2495
0.479,1.9623,1.574
0.47975,2.0406,1.8685
0.40833,2.0521,2.1553
0.47339,2.0714,2.4174
0.41244,2.1278,2.6737
0.41132,2.1261,2.9115
0.50667,2.1958,3.1386
0.53696,2.2136,3.3547
0.54818,2.2647,3.5592
0.6484,2.2837,3.7544
0.68168,2.3077,3.935
0.62372,2.3339,4.104
0.65475,2.3437,4.2587
0.59978,2.3541,4.3996
0.54294,2.3356,4.5242
0.51453,2.3341,4.6324
0.4517,2.3258,4.7256
0.44983,2.3073,4.8035
0.43824,2.2994,4.8684
0.48125,2.2766,4.9206
0.45993,2.2503,4.9593
0.37392,2.2215,4.9856
0.29951,2.1817,4.9994
0.17013,2.1429,5.0008
0.029528,2.101,4.9914
-0.09462,2.0596,4.9717
-0.18736,2.0133,4.9422
-0.3216,1.96,4.904
-0.39676,1.907,4.8577
-0.37358,1.8497,4.8039
-0.36386,1.7895,4.7416
-0.3403,1.7221,4.6708
-0.30926,1.6539,4.5918
-0.30926,1.5777,4.5044
-0.34965,1.4974,4.409
-0.3747,1.4329,4.3077
-0.37395,1.3573,4.2011
-0.39377,1.2574,4.0859
-0.43752,1.1739,3.9625
-0.44724,1.1109,3.835
-0.46183,1.0237,3.703
-0.52801,0.93087,3.5651
-0.53661,0.85583,3.4232
-0.50296,0.78077,3.278
-0.51156,0.70799,3.1302
-0.5325,0.62154,2.9803
-0.49174,0.52748,2.8254
-0.45397,0.44583,2.667
-0.44687,0.33075,2.5033
-0.39788,0.22403,2.3309
-0.32534,0.11219,2.1529
-0.24158,0.0013206,1.9673
-0.15931,-0.094129,1.7806
-0.078166,-0.2258,1.5861
-0.030302,-0.30588,1.39
-0.017962,-0.45814,1.1899
0.0082132,-0.54103,0.9838
0.049346,-0.67575,0.78266
0.077018,-0.7846,0.56866
0.096463,-0.85212,0.36887
0.14956,-1.1289,0.1416
0.19182,-0.53582,-0.030285
0.23819,0.04049,-0.029922
0.29054,-0.13478,-0.019004
0.35373,-0.051859,-0.027545
0.39412,-0.059162,-0.021265
0.34588,-0.065693,-0.026607
0.35785,-0.035986,-0.023323
0.34326,-0.06416,-0.025816
0.2782,-0.031356,-0.025396
0.26735,-0.054641,-0.025021
0.215,-0.034231,-0.026551
0.17948,-0.038246,-0.02567
0.14769,-0.040218,-0.027091
0.10619,-0.036608,-0.02687
0.057947,-0.03864,-0.027601
0.00036053,-0.027209,-0.02753
-0.013475,-0.034374,-0.027953
-0.026937,-0.033339,-0.028643
-0.002631,-0.030554,-0.028891
0.014944,-0.030261,-0.02955
0.019057,-0.031678,-0.030375
0.070661,-0.029076,-0.031897
0.083001,-0.030471,-0.03264
0.066548,-0.032398,-0.033472
0.076644,-0.024818,-0.033873
0.056451,-0.031142,-0.034496
0.013822,-0.021612,-0.03514
-0.008614,-0.027217,-0.035058
-0.037781,-0.026568,-0.036351
-0.067322,-0.019381,-0.03568
-0.075549,-0.030928,-0.037319
-0.05573,-0.010399,-0.03646
-0.01011,-0.037677,-0.037536
0.05346,-0.0032045,-0.038245
0.073652,-0.037422,-0.036584
0.12002,-0.013496,-0.040438
0.18097,-0.0092929,-0.035249
0.14545,-0.053149,-0.042687
0.18995,0.041787,-0.035317
0.18396,-0.12625,-0.042612
0.17387,0.16024,-0.037525
0.16078,-0.56344,-0.045042
0.12638,-2.14,-0.32757
0.27894,-2.0451,-0.72769
0.18696,-1.9235,-1.0565
0.29428,-2.0701,-1.3962
0.58707,-1.9891,-1.7052
0.53808,-2.0981,-1.9976
0.69177,-2.0659,-2.2737
0.7359,-2.1411,-2.5311
0.60764,-2.1656,-2.7816
0.67532,-2.1944,-3.0126
0.6985,-2.2481,-3.2358
0.72356,-2.2688,-3.4453
0.78413,-2.3222,-3.646
0.85032,-2.3337,-3.8348
0.8406,-2.3639,-4.0095
0.79236,-2.3758,-4.1728
0.76506,-2.3859,-4.3219
0.68317,-2.3904,-4.4582
0.65887,-2.3663,-4.5772
0.57024,-2.3519,-4.6784
0.51677,-2.3399,-4.7655
0.51864,-2.3261,-4.8397
0.52724,-2.3115,-4.9017
0.57996,-2.2844,-4.9508
0.53285,-2.2506,-4.9864
0.5336,-2.215,-5.0087
0.45769,-2.1774,-5.0192
0.33728,-2.1371,-5.0183
0.19256,-2.0881,-5.0064
0.012327,-2.0417,-4.9847
-0.074427,-1.9969,-4.9536
-0.2442,-1.9463,-4.9137
-0.32197,-1.8936,-4.8657
-0.31936,-1.8362,-4.8098
-0.33918,-1.7717,-4.7453
-0.33918,-1.7031,-4.6717
-0.34553,-1.6371,-4.5898
-0.34665,-1.5671,-4.5001
-0.41733,-1.4892,-4.4032
-0.44575,-1.419,-4.2992
-0.45248,-1.3519,-4.1901
-0.49959,-1.2658,-4.0753
-0.53774,-1.1755,-3.9518
-0.55942,-1.0967,-3.8221
-0.61926,-1.0111,-3.688
-0.71199,-0.92433,-3.5479
-0.69105,-0.84939,-3.4038
-0.69629,-0.7731,-3.2576
-0.7363,-0.69586,-3.1089
-0.6903,-0.60618,-2.9566
-0.67759,-0.51718,-2.7998
-0.66338,-0.42395,-2.6396
-0.59644,-0.30898,-2.4721
-0.51605,-0.20135,-2.2975
-0.42668,-0.075193,-2.1143
-0.30141,0.011162,-1.9258
-0.18175,0.13354,-1.7358
-0.13014,0.24149,-1.5382
-0.083776,0.34307,-1.3426
-0.045634,0.48554,-1.1371
-0.0030049,0.54354,-0.93521
0.028032,0.73945,-0.72723
0.025414,0.76144,-0.51632
0.09908,0.98136,-0.31087
0.14582,0.98162,-0.081787
0.16901,0.13932,0.010933
0.25913,-0.00602,-0.016447
0.34551,0.11515,-0.0083151
0.44123,-0.0024547,-0.009826
0.44236,0.064844,-0.010321
0.43749,0.010033,-0.007629
0.46105,0.032212,-0.010077
0.40234,0.022664,-0.0066692
0.38365,0.01157,-0.0087425
0.34177,0.025213,-0.0066055
0.2666,0.0051258,-0.0070066
0.20004,0.018933,-0.006508
0.13124,0.0063667,-0.0056344
0.095341,0.011207,-0.0055969
0.055329,0.0077239,-0.0045847
0.020927,0.0057069,-0.0048096
-0.021702,0.010224,-0.0039623
-0.020954,0.0055344,-0.0036886
-0.0045007,0.0016992,-0.0032275
-0.01871,0.0059918,-0.0022677
0.047103,0.010221,-0.0011879
0.089732,0.0061605,-4.0684e-05
0.089358,0.0075589,0.0012003
0.11067,0.0011031,0.0016577
0.075522,0.0082562,0.0019614
0.031023,0.00054827,0.0030111
-0.002257,-0.0020198,0.0029174
-0.047504,0.0074989,0.0042821
-0.10696,-0.003002,0.003746
-0.15258,0.010727,0.004957
-0.1552,-0.014527,0.0050807
-0.14473,0.014442,0.0048107
-0.089385,-0.0087905,0.0070715
-0.03105,0.0014518,0.0042221
0.027658,0.014468,0.0087361
0.12825,-0.02977,0.0043121
0.17237,0.047951,0.0093622
0.19294,-0.071373,0.0061267
0.19705,0.092028,0.0063704
0.20603,-0.12261,0.01238
0.23258,0.23681,-0.0041798
0.21874,1.9889,0.21591
0.34663,2.2321,0.61775
0.38701,1.9157,0.95424
0.37206,2.0911,1.2942
0.58707,1.9928,1.6133
0.60277,2.0983,1.9069
0.57847,2.0995,2.191
0.6914,2.1432,2.4516
0.65774,2.1952,2.7065
0.69402,2.2048,2.9423
0.77853,2.2616,3.168
0.79423,2.2791,3.3806
0.832,2.3389,3.583
0.87687,2.3595,3.7759
0.9124,2.3852,3.9552
0.89183,2.4006,4.1232
0.86491,2.4044,4.2769
0.80919,2.4141,4.4181
0.73702,2.3998,4.5437
0.69925,2.3855,4.6527
0.65513,2.3583,4.7464
0.6196,2.3395,4.8254
0.6297,2.3302,4.892
0.67943,2.3009,4.946
0.67195,2.2742,4.9876
0.66074,2.2353,5.0167
0.60427,2.1889,5.0328
0.49097,2.1506,5.0368
0.32494,2.1045,5.0299
0.081131,2.0578,5.0128
-0.099107,2.0039,4.9856
-0.30739,1.9542,4.9491
-0.46818,1.9041,4.9041
-0.54148,1.8412,4.8514
-0.58747,1.7867,4.7906
-0.56055,1.7215,4.7217
-0.55157,1.6451,4.6449
-0.50483,1.5755,4.559
-0.48202,1.4979,4.4648
-0.48202,1.433,4.365
-0.45098,1.3638,4.2603
-0.49399,1.2646,4.1474
-0.55606,1.181,4.0264
-0.60654,1.1133,3.9001
-0.65889,1.0355,3.7687
-0.72994,0.94883,3.6323
-0.79314,0.86701,3.4906
-0.81296,0.79321,3.3456
-0.86381,0.71287,3.1981
-0.88737,0.63341,3.0481
-0.86306,0.54499,2.8941
-0.86269,0.46141,2.7356
-0.79613,0.36074,2.5736
-0.69928,0.24742,2.4024
-0.61626,0.14545,2.2251
-0.47828,0.023526,2.0407
-0.34852,-0.064017,1.8522
-0.23933,-0.19012,1.6601
-0.12715,-0.28036,1.4624
-0.054234,-0.40624,1.2649
-0.019832,-0.5257,1.058
0.026536,-0.60855,0.85713
0.032145,-0.78765,0.64517
0.011205,-0.79394,0.43923
0.046729,-1.0827,0.22453
0.083001,-0.84916,0.0087774
0.15106,-0.039727,-0.042024
0.23856,-0.070623,-0.016709
0.34513,-0.10508,-0.028426
0.44834,-0.031727,-0.022862
0.46591,-0.086429,-0.025505
0.51864,-0.032346,-0.025314
0.53472,-0.065985,-0.024823
0.48573,-0.036694,-0.026986
0.46704,-0.045834,-0.024916
0.38813,-0.043709,-0.027248
0.29016,-0.03527,-0.026341
0.2064,-0.044852,-0.027365
0.1346,-0.034501,-0.027447
0.081879,-0.042228,-0.027803
-0.00038735,-0.030186,-0.028264
-0.04526,-0.034239,-0.028216
-0.050495,-0.030868,-0.029318
-0.060591,-0.027532,-0.0291
-0.059096,-0.032615,-0.029955
-0.011232,-0.032124,-0.031241
0.035511,-0.032672,-0.032149
0.053086,-0.033313,-0.033337
0.074774,-0.034659,-0.034323
0.083001,-0.026295,-0.034526
0.090854,-0.028477,-0.035189
0.046729,-0.022838,-0.035695
-0.0015092,-0.027423,-0.036183
-0.04526,-0.021016,-0.037071
-0.10098,-0.02334,-0.036336
-0.13762,-0.02893,-0.038248
-0.16417,-0.012127,-0.036895
-0.14435,-0.041489,-0.038826
-0.11893,-0.0039618,-0.038575
-0.087889,-0.04252,-0.037934
0.0048478,-0.0036431,-0.041102
0.1002,-0.026647,-0.036186
0.13947,-0.037478,-0.043831
0.20939,0.030462,-0.03469
0.22585,-0.11884,-0.045691
0.25202,0.17571,-0.033644
0.20827,-0.77158,-0.062303
0.20977,-2.2165,-0.37713
0.38552,-1.9912,-0.77016
0.25576,-1.9748,-1.0979
0.42141,-2.0817,-1.4389
0.68542,-2.0204,-1.7437
0.62708,-2.1295,-2.0361
0.89445,-2.0972,-2.3091
0.91614,-2.1853,-2.5667
0.8133,-2.1982,-2.8158
0.93259,-2.2395,-3.0458
0.90866,-2.2848,-3.268
0.89893,-2.3084,-3.4759
0.93782,-2.3613,-3.6761
1.0276,-2.3722,-3.864
0.99578,-2.3998,-4.0388
0.96288,-2.4097,-4.2019
0.95316,-2.4214,-4.3513
0.82976,-2.4224,-4.4879
0.79797,-2.4005,-4.6081
0.71383,-2.381,-4.7115
0.69177,-2.3633,-4.8002
0.67868,-2.3464,-4.8755
0.67681,-2.3258,-4.9388
0.68467,-2.3007,-4.9897
0.6039,-2.2649,-5.0278
0.60764,-2.2247,-5.0528
0.48798,-2.1846,-5.0658
0.37318,-2.1375,-5.0672
0.1963,-2.0926,-5.0573
-0.030676,-2.0462,-5.0375
-0.22774,-1.9941,-5.0084
-0.52203,-1.9429,-4.9701
-0.63272,-1.8869,-4.9235
-0.71012,-1.8278,-4.8696
-0.7105,-1.7618,-4.8069
-0.64169,-1.6947,-4.7354
-0.63795,-1.628,-4.6556
-0.56129,-1.5548,-4.5679
-0.52128,-1.4797,-4.4727
-0.45173,-1.4062,-4.3699
-0.41733,-1.3415,-4.2624
-0.47043,-1.2593,-4.1498
-0.52091,-1.1706,-4.0278
-0.59196,-1.0996,-3.8996
-0.68806,-1.0155,-3.7672
-0.77631,-0.92421,-3.6282
-0.7879,-0.84926,-3.4847
-0.83315,-0.7764,-3.3388
-0.87054,-0.69659,-3.1903
-0.84698,-0.61582,-3.0392
-0.85184,-0.52441,-2.883
-0.82118,-0.43806,-2.7232
-0.74864,-0.32776,-2.5573
-0.6488,-0.21773,-2.3828
-0.50184,-0.10661,-2.2022
-0.32497,-0.00064017,-2.0136
-0.1795,0.097486,-1.8236
-0.065079,0.2246,-1.6267
0.048225,0.30427,-1.429
0.086366,0.45473,-1.2266
0.12413,0.52842,-1.0199
0.15779,0.67868,-0.81713
0.094219,0.78331,-0.60023
0.058695,0.85538,-0.39922
0.02691,1.1225,-0.16906
-0.0059964,0.48025,-0.0010642
0.056451,-0.067826,-0.0058556
0.172,0.12082,-0.014557
0.32083,0.022652,-0.0062418
0.40758,0.042822,-0.01245
0.46629,0.040404,-0.0068567
0.53434,0.009917,-0.010238
0.51041,0.040528,-0.0072841
0.47938,0.0056169,-0.0076777
0.44423,0.028542,-0.0076402
0.35523,0.0089273,-0.0062905
0.24716,0.014705,-0.0070029
0.13236,0.013314,-0.0055107
0.056825,0.0081887,-0.0058781
-0.013849,0.010089,-0.0047946
-0.072931,0.00088943,-0.0047796
-0.078166,0.0090435,-0.0043935
-0.08041,0.0039561,-0.0036661
-0.08041,0.0028727,-0.0032725
-0.048999,0.0084249,-0.0020165
0.013074,0.0070715,-0.001083
0.054208,0.0079975,-3.1919e-06
0.10768,0.0080388,0.001354
0.1806,0.0030639,0.0017102
0.18135,0.0084662,0.0023213
0.16788,0.00049203,0.0032773
0.1533,0.0041736,0.0031311
0.093845,0.0047697,0.0045108
0.025414,-0.0047228,0.0039147
-0.049373,0.010569,0.0053056
-0.11369,-0.01191,0.0052494
-0.14323,0.016729,0.0053281
-0.14361,-0.016465,0.0069778
-0.12491,0.005197,0.0046758
-0.079288,0.0077314,0.0092085
0.010457,-0.026422,0.0041809
0.076644,0.047261,0.010052
0.15554,-0.071819,0.0056131
0.20341,0.098967,0.0080838
0.22024,-0.14789,0.010997
0.24529,0.32163,-0.00026188
0.21762,2.0693,0.23821
0.36682,2.2046,0.64105
0.40795,1.9294,0.97625
0.36233,2.1006,1.3178
0.56239,2.0015,1.6349
0.56426,2.1148,1.9296
0.56127,2.1047,2.2134
0.69102,2.157,2.4744
0.69476,2.202,2.7298
0.77853,2.2151,2.966
0.88398,2.2698,3.1929
0.91987,2.2821,3.4055
0.93483,2.3396,3.6079
0.98083,2.3576,3.8015
1.0171,2.3872,3.982
0.99541,2.4008,4.1516
0.97073,2.3994,4.3069
0.89445,2.4127,4.4504
0.84284,2.397,4.5787
0.76058,2.3804,4.69
0.69439,2.362,4.7864
0.68168,2.3333,4.8684
0.654,2.3153,4.9369
0.65849,2.2922,4.9933
0.5867,2.2565,5.0371
0.55454,2.2207,5.0685
0.52836,2.1813,5.088
0.42478,2.1308,5.0946
0.26885,2.08,5.0899
0.071783,2.0376,5.0752
-0.10023,1.9769,5.0496
-0.31637,1.9258,5.0153
-0.49249,1.8897,4.9735
-0.64468,1.825,4.9228
-0.72321,1.7659,4.864
-0.74004,1.7057,4.7979
-0.77967,1.6282,4.7231
-0.72807,1.5595,4.639
-0.6559,1.4857,4.5471
-0.59794,1.4136,4.4487
-0.57363,1.3483,4.3445
-0.55606,1.265,4.2333
-0.56017,1.1733,4.1141
-0.54559,1.0955,3.9887
-0.60841,1.0274,3.858
-0.82716,0.94753,3.7226
-0.83726,0.85656,3.5821
-0.79463,0.78614,3.437
-0.8425,0.71608,3.2895
-0.81669,0.63649,3.1397
-0.78416,0.55476,2.9865
-0.74527,0.46717,2.8289
-0.70676,0.3743,2.6676
-0.64356,0.25838,2.4983
-0.56466,0.16325,2.3216
-0.45809,0.041191,2.1385
-0.34329,-0.056253,1.9483
-0.23559,-0.15447,1.7576
-0.09275,-0.27494,1.559
-0.02245,-0.35972,1.3609
0.067669,-0.51574,1.1552
0.16041,-0.5735,0.94939
0.14956,-0.73993,0.74346
0.13012,-0.80034,0.5277
0.11179,-0.93923,0.32473
0.082253,-1.1011,0.090704
0.060191,-0.33162,-0.043231
0.13386,0.026806,-0.023169
0.2251,-0.1491,-0.02348
0.30811,-0.032713,-0.027012
0.40982,-0.07883,-0.022731
0.42441,-0.049257,-0.027417
0.46891,-0.049246,-0.0239
0.48835,-0.059747,-0.027357
0.41693,-0.037928,-0.025771
0.38701,-0.055008,-0.026626
0.28268,-0.030542,-0.027053
0.15218,-0.04246,-0.027065
0.079261,-0.034036,-0.028141
0.0044739,-0.039038,-0.027616
-0.03105,-0.037519,-0.028823
-0.065079,-0.029238,-0.028489
-0.060591,-0.03506,-0.029142
-0.053861,-0.028732,-0.029794
-0.057226,-0.031633,-0.030057
-0.015719,-0.03275,-0.031489
0.0127,-0.030748,-0.032625
0.058321,-0.033534,-0.033611
0.081879,-0.02788,-0.034814
0.11815,-0.02592,-0.034822
0.14433,-0.032166,-0.03559
0.098332,-0.022167,-0.036186
0.093097,-0.029519,-0.036445
0.070661,-0.019625,-0.037277
0.0082132,-0.023783,-0.036805
-0.041521,-0.02631,-0.038811
-0.069566,-0.014586,-0.037289
-0.096116,-0.041512,-0.039328
-0.10285,-0.00021653,-0.038676
-0.097611,-0.046558,-0.038841
-0.052739,-0.00059143,-0.04142
0.031397,-0.032563,-0.036985
0.081879,-0.029901,-0.044566
0.17088,0.020519,-0.034822
0.19668,-0.11208,-0.047404
0.24417,0.17783,-0.031789
0.19855,-0.8754,-0.072482
0.21762,-2.2466,-0.40215
0.39374,-1.9669,-0.79196
0.24978,-1.9923,-1.1213
0.45096,-2.0768,-1.4632
0.6813,-2.0267,-1.7671
0.62297,-2.1333,-2.0607
0.88211,-2.098,-2.3337
0.85817,-2.1852,-2.5924
0.81293,-2.1957,-2.8417
0.92249,-2.241,-3.073
0.8836,-2.2782,-3.2963
0.91875,-2.3029,-3.505
0.92773,-2.3534,-3.706
0.98232,-2.3635,-3.8951
0.93969,-2.3913,-4.0719
0.92848,-2.3992,-4.2366
0.90454,-2.4088,-4.388
0.75721,-2.4113,-4.5273
0.75347,-2.3924,-4.6509
0.66447,-2.3677,-4.7579
0.64615,-2.3456,-4.849
0.63007,-2.3282,-4.927
0.61287,-2.3061,-4.993
0.63157,-2.2769,-5.0466
0.54594,-2.2404,-5.0875
0.52238,-2.2022,-5.1152
0.39636,-2.1594,-5.1309
0.29166,-2.1107,-5.135
0.12301,-2.0676,-5.1278
-0.057974,-2.019,-5.1108
-0.17352,-1.9644,-5.0839
-0.38554,-1.9166,-5.0474
-0.47566,-1.8645,-5.003
-0.60131,-1.8071,-4.9513
-0.66263,-1.7441,-4.8909
-0.68282,-1.6793,-4.8217
-0.75238,-1.6115,-4.7445
-0.70975,-1.5368,-4.6588
-0.74041,-1.467,-4.5657
-0.68582,-1.398,-4.466
-0.61514,-1.3222,-4.3601
-0.6129,-1.2393,-4.2468
-0.56803,-1.1627,-4.1255
-0.58373,-1.0916,-3.9995
-0.60804,-1.0087,-3.8692
-0.65852,-0.92011,-3.7319
-0.68507,-0.8437,-3.5882
-0.71386,-0.77385,-3.4418
-0.74303,-0.6928,-3.2934
-0.70788,-0.61444,-3.1422
-0.70601,-0.52636,-2.9867
-0.66263,-0.44209,-2.8264
-0.57999,-0.34295,-2.6624
-0.49773,-0.22621,-2.4891
-0.41471,-0.12721,-2.3091
-0.3115,-0.004213,-2.1215
-0.20194,0.075296,-1.9299
-0.14398,0.19663,-1.735
-0.064331,0.29772,-1.5337
-0.020206,0.40331,-1.3337
0.02878,0.52766,-1.1239
0.082627,0.6064,-0.92031
0.10768,0.78346,-0.7055
0.17275,0.78849,-0.49495
0.19892,1.0641,-0.28153
0.21089,0.8976,-0.055959
0.23781,0.05257,0.0095572
0.29502,0.031721,-0.017711
0.34064,0.094907,-0.006313
0.36607,0.0043835,-0.010831
0.3844,0.066126,-0.008795
0.35261,0.0032513,-0.0081839
0.35897,0.033809,-0.0093124
0.34364,0.010944,-0.0061893
0.32756,0.01151,-0.0084163
0.30961,0.020272,-0.0059681
0.2236,0.0046872,-0.0067404
0.17499,0.016035,-0.0060019
0.11666,0.0069853,-0.0054357
0.042989,0.011837,-0.0052033
-0.025441,0.0072702,-0.0043522
-0.062087,0.007214,-0.004326
-0.065827,0.0085337,-0.0034599
-0.081158,0.0075102,-0.003055
-0.045634,0.0076152,-0.0023539
-0.0048746,0.0077839,-0.0011992
0.038502,0.008215,-8.1924e-05
0.084497,0.0078513,0.0011291
0.10319,0.0037349,0.0022875
0.1346,0.0045485,0.002325
0.11404,0.0045785,0.0031686
0.081879,0.0010019,0.0033111
0.066548,0.010704,0.0041996
0.017936,-0.004063,0.0045445
-0.018336,0.0088148,0.0047283
-0.056852,-0.0047453,0.0061717
-0.058722,0.00028958,0.0048707
-0.032172,0.0019766,0.0077876
-0.019832,-0.014474,0.0052081
0.016066,0.026619,0.0082112
0.06393,-0.042704,0.0066628
0.081131,0.045053,0.0067828
0.10992,-0.046074,0.010637
0.14134,0.026027,0.0027225
0.12638,0.0021716,0.017558
0.15218,-0.085559,-0.0097323
0.14096,1.5084,0.11631
0.25277,2.3534,0.50173
0.41244,1.9151,0.86133
0.37953,2.0565,1.1949
0.54108,2.0071,1.528
0.62409,2.0516,1.8253
0.5594,2.0994,2.1174
0.68542,2.0947,2.3832
0.69028,2.1799,2.642
0.72244,2.1712,2.8852
0.82863,2.2331,3.1149
0.8406,2.2428,3.3338
0.87164,2.2899,3.5394
0.91277,2.3244,3.7383
0.96512,2.3323,3.9234
0.93895,2.3538,4.0977
0.90903,2.3554,4.2585
0.83499,2.3707,4.4067
0.72879,2.3517,4.5417
0.67644,2.3261,4.6591
0.57361,2.3068,4.7612
0.54855,2.2844,4.849
0.53547,2.2675,4.9232
0.54893,2.2371,4.9848
0.56089,2.2096,5.0343
0.51976,2.1716,5.072
0.48012,2.1232,5.0961
0.37542,2.0798,5.1076
0.25987,2.027,5.1082
0.072157,1.9816,5.0977
-0.11706,1.9237,5.077
-0.31674,1.8688,5.047
-0.50109,1.8301,5.0087
-0.58448,1.7734,4.962
-0.64543,1.7147,4.9069
-0.65515,1.654,4.8446
-0.68582,1.5864,4.7736
-0.67535,1.5156,4.693
-0.6731,1.4482,4.6044
-0.69479,1.3849,4.5092
-0.68881,1.3137,4.4076
-0.72284,1.2381,4.2995
-0.67572,1.1552,4.1841
-0.64506,1.0738,4.0611
-0.61851,1.0018,3.9319
-0.5942,0.92167,3.7986
-0.62486,0.84024,3.6597
-0.60579,0.76912,3.5158
-0.61963,0.6939,3.3697
-0.60953,0.62098,3.2205
-0.58336,0.54004,3.0682
-0.58822,0.44773,2.9119
-0.58111,0.37131,2.7511
-0.54222,0.26729,2.5845
-0.47791,0.16143,2.4089
-0.3919,0.052821,2.2275
-0.24195,-0.053048,2.0383
-0.16866,-0.13085,1.8476
-0.095742,-0.26685,1.6514
-0.022824,-0.3425,1.4515
-0.028433,-0.47825,1.2494
0.037006,-0.57325,1.0396
0.079635,-0.68028,0.83663
0.097584,-0.82679,0.61798
0.14694,-0.83607,0.41239
0.16415,-1.14,0.18844
0.16863,-0.70921,-0.012462
0.2423,0.019616,-0.03553
0.33578,-0.11214,-0.01623
0.36233,-0.081056,-0.027747
0.39187,-0.046247,-0.020425
0.37766,-0.076816,-0.025321
0.3384,-0.029541,-0.023278
0.31634,-0.06756,-0.024279
0.25015,-0.029841,-0.025471
0.21949,-0.048815,-0.024219
0.21425,-0.039889,-0.026255
0.17649,-0.038142,-0.025126
0.12526,-0.042569,-0.026562
0.082627,-0.029253,-0.0263
0.02504,-0.03906,-0.026866
-0.034416,-0.029448,-0.027338
-0.024693,-0.03034,-0.027282
-0.037407,-0.0301,-0.028133
-0.051991,-0.029781,-0.028486
-0.032172,-0.036586,-0.029577
-0.021702,-0.03338,-0.03087
0.019805,-0.032927,-0.031657
0.050842,-0.034951,-0.032906
0.087114,-0.023595,-0.033528
0.12152,-0.030272,-0.033858
0.094967,-0.029826,-0.034882
0.072157,-0.027029,-0.034855
0.036633,-0.026388,-0.035898
-0.012353,-0.018418,-0.03523
-0.044886,-0.03774,-0.036786
-0.051617,-0.011659,-0.036749
-0.046756,-0.036349,-0.03664
-0.045634,-0.012809,-0.038743
-0.011232,-0.021886,-0.035916
0.025788,-0.031405,-0.040595
0.093097,0.0047959,-0.035718
0.10768,-0.067189,-0.041042
0.14694,0.046635,-0.037611
0.14994,-0.11215,-0.038346
0.14059,0.108,-0.043486
0.17424,-0.27885,-0.028174
0.097958,-1.9506,-0.25566
0.27969,-2.138,-0.66181
0.28605,-1.8906,-1.0001
0.31746,-2.0867,-1.3412
0.68205,-1.9889,-1.6603
0.64765,-2.0902,-1.9546
0.79199,-2.0792,-2.2388
0.94418,-2.1239,-2.5001
0.81106,-2.1668,-2.7561
0.86977,-2.179,-2.9925
0.84172,-2.236,-3.2199
0.8391,-2.2473,-3.4345
0.85032,-2.3016,-3.639
0.88136,-2.3116,-3.8341
0.92212,-2.3326,-4.0153
0.85593,-2.3466,-4.186
0.85032,-2.3483,-4.3426
0.7344,-2.3569,-4.487
0.65251,-2.3366,-4.6176
0.57996,-2.3094,-4.731
0.51228,-2.2844,-4.828
0.48648,-2.266,-4.9117
0.45881,-2.2447,-4.9833
0.5306,-2.2167,-5.0427
0.48835,-2.1824,-5.0897
0.49396,-2.1396,-5.1235
0.44796,-2.0987,-5.1447
0.32569,-2.053,-5.154
0.20715,-2.0043,-5.152
-0.0037528,-1.9565,-5.1395
-0.16679,-1.9022,-5.1166
-0.39227,-1.8553,-5.0843
-0.54035,-1.8051,-5.044
-0.64281,-1.7503,-4.9954
-0.70788,-1.6925,-4.9388
-0.66637,-1.6229,-4.8737
-0.68021,-1.5616,-4.7995
-0.65478,-1.491,-4.7173
-0.66375,-1.4146,-4.6268
-0.64207,-1.3572,-4.5295
-0.56578,-1.2859,-4.4272
-0.54148,-1.1981,-4.3168
-0.52914,-1.1226,-4.1978
-0.53101,-1.0526,-4.0737
-0.52876,-0.97562,-3.9453
-0.56803,-0.89649,-3.8104
-0.54559,-0.81335,-3.6687
-0.51829,-0.73825,-3.5236
-0.53811,-0.67055,-3.3761
-0.52652,-0.59686,-3.2257
-0.55082,-0.51206,-3.0721
-0.53362,-0.42807,-2.9132
-0.50259,-0.34045,-2.7504
-0.45697,-0.22573,-2.5793
-0.36759,-0.1325,-2.4
-0.27336,-0.013391,-2.2147
-0.17502,0.078963,-2.0217
-0.10509,0.17051,-1.8283
0.0011084,0.29529,-1.6276
0.05159,0.37147,-1.427
0.1017,0.51959,-1.2202
0.18022,0.57938,-1.0116
0.15068,0.74356,-0.80336
0.14807,0.8102,-0.58401
0.15554,0.92639,-0.37911
0.14059,1.1242,-0.1417
0.1447,0.36724,0.0065166
0.19107,-0.057636,-0.0095823
0.25838,0.12953,-0.012237
0.3025,0.012984,-0.0066617
0.34887,0.050256,-0.011401
0.33167,0.028505,-0.0062531
0.3227,0.017805,-0.0097135
0.3111,0.029851,-0.0062193
0.27932,0.0035025,-0.007599
0.27296,0.02552,-0.0066767
0.21612,0.0032888,-0.0056869
0.16564,0.014045,-0.0061818
0.097958,0.010262,-0.0048284
0.042242,0.0089236,-0.005162
0.019057,0.0054707,-0.0040523
-0.012727,0.0033,-0.0040335
0.009335,0.0090848,-0.0035874
-0.014971,0.002419,-0.002995
-0.045634,0.0071578,-0.0023952
-0.016093,0.0084324,-0.000858
0.003352,0.007394,0.00030799
0.047103,0.0092535,0.001234
0.094593,0.001373,0.0023738
0.126,0.0011893,0.0026475
0.12713,0.0018642,0.0034685
0.10357,-0.0038718,0.0037047
0.088984,0.010513,0.004597
0.047477,-0.0051202,0.0050357
0.0082132,0.0053208,0.0049082
-0.018336,-0.0060312,0.0066703
-0.045634,-0.0080295,0.0051669
-0.062835,0.010337,0.0080125
-0.049747,-0.021953,0.0057893
-0.028807,0.02843,0.0079413
0.009709,-0.03461,0.007945
0.065426,0.030195,0.0062692
0.10394,-0.029747,0.011788
0.15405,0.0012718,0.002535
0.14881,0.038087,0.017944
0.15592,-0.15058,-0.0072916
0.13722,1.2989,0.087446
0.20939,2.3541,0.45771
0.37355,1.9266,0.82739
0.33017,2.0277,1.1596
0.46778,2.0091,1.4975
0.60053,2.0196,1.7977
0.50181,2.0891,2.0925
0.61063,2.0571,2.3622
0.6742,2.148,2.623
0.66522,2.1362,2.8705
0.75796,2.1898,3.103
0.79423,2.2099,3.3256
0.81181,2.2285,3.5338
0.85743,2.2703,3.7354
0.90828,2.2901,3.9244
0.88734,2.3106,4.1023
0.87164,2.3093,4.2668
0.83237,2.3133,4.4188
0.72131,2.304,4.5582
0.65288,2.2825,4.6806
0.55753,2.2581,4.7877
0.49284,2.2336,4.8797
0.45245,2.2084,4.9583
0.45619,2.1742,5.0243
0.47227,2.1465,5.0778
0.44273,2.117,5.1198
0.41618,2.0609,5.1483
0.32756,2.0118,5.1644
0.24192,1.9787,5.1693
0.081505,1.9284,5.1625
-0.093872,1.8768,5.1458
-0.24681,1.8307,5.1199
-0.42182,1.7803,5.0845
-0.52876,1.7263,5.0408
-0.61402,1.6707,4.9893
-0.60654,1.6127,4.9297
-0.60318,1.5403,4.8612
-0.61626,1.4725,4.7834
-0.6043,1.405,4.6975
-0.65104,1.3336,4.6042
-0.63945,1.2701,4.5037
-0.61626,1.1996,4.3973
-0.61813,1.1212,4.2844
-0.61851,1.0383,4.1625
-0.60467,0.96838,4.0342
-0.58373,0.89769,3.9019
-0.57438,0.8152,3.7643
-0.534,0.74488,3.6217
-0.53063,0.6776,3.4758
-0.53886,0.60239,3.3272
-0.51455,0.53008,3.1757
-0.50146,0.44739,3.0203
-0.50221,0.36126,2.8593
-0.46557,0.26844,2.6938
-0.39452,0.15562,2.5198
-0.32796,0.065406,2.3385
-0.23223,-0.048103,2.1505
-0.14248,-0.13167,1.9576
-0.051617,-0.23682,1.7633
-0.012353,-0.34351,1.5604
-0.0078661,-0.43301,1.3588
0.057573,-0.57517,1.1486
0.070287,-0.62851,0.94124
0.067669,-0.80564,0.72893
0.091601,-0.8229,0.51193
0.10544,-1.0109,0.3039
0.10207,-1.0693,0.066477
0.15143,-0.22831,-0.044255
0.26735,-0.005094,-0.018202
0.30325,-0.1506,-0.023649
0.34326,-0.025841,-0.023724
0.34214,-0.08692,-0.021977
0.29689,-0.040278,-0.02537
0.31297,-0.05424,-0.022213
0.24641,-0.04907,-0.025689
0.22061,-0.033961,-0.023529
0.20677,-0.055743,-0.025306
0.13199,-0.03602,-0.025273
0.12488,-0.04375,-0.025528
0.083749,-0.033118,-0.026292
0.031397,-0.040826,-0.026075
-0.0074922,-0.032511,-0.027128
-0.0078661,-0.02926,-0.026795
0.0040999,-0.036616,-0.027597
-0.034042,-0.030658,-0.028156
-0.020954,-0.033058,-0.02898
-0.0059964,-0.032357,-0.030323
0.014196,-0.032042,-0.031118
0.05346,-0.033107,-0.032452
0.087862,-0.0252,-0.033228
0.13012,-0.028203,-0.033599
0.12264,-0.025076,-0.034466
0.096089,-0.023993,-0.034177
0.045607,-0.030287,-0.035658
0.010083,-0.015839,-0.035294
-0.016841,-0.032181,-0.036209
-0.065827,-0.013589,-0.036831
-0.048625,-0.033137,-0.036081
-0.027685,-0.015659,-0.038683
-0.028433,-0.015719,-0.035598
0.0063435,-0.037763,-0.039891
0.087862,0.01262,-0.036059
0.093471,-0.070975,-0.039722
0.13348,0.045349,-0.038713
0.17536,-0.093886,-0.03607
0.14956,0.06084,-0.04599
0.15554,-0.14282,-0.023106
0.059817,-1.8061,-0.21592
0.21762,-2.1869,-0.6201
0.27408,-1.8693,-0.96583
0.25987,-2.0723,-1.306
0.6024,-1.9757,-1.6311
0.60913,-2.059,-1.9265
0.71683,-2.062,-2.2149
0.91576,-2.0873,-2.4791
0.77105,-2.1425,-2.7376
0.79834,-2.1381,-2.978
0.8219,-2.1993,-3.2082
0.79461,-2.2054,-3.4263
0.81068,-2.2502,-3.6331
0.85481,-2.2683,-3.8315
0.89332,-2.2845,-4.0164
0.83125,-2.3006,-4.1907
0.83013,-2.2986,-4.3516
0.7172,-2.3046,-4.5001
0.61175,-2.2895,-4.6349
0.53621,-2.2653,-4.7541
0.44273,-2.2364,-4.8569
0.41057,-2.2103,-4.9443
0.36233,-2.1913,-5.0197
0.42441,-2.1614,-5.0829
0.42441,-2.1236,-5.1336
0.42441,-2.0874,-5.1718
0.37542,-2.0437,-5.1973
0.30213,-1.9975,-5.2105
0.22697,-1.9516,-5.2127
0.017936,-1.9021,-5.2043
-0.099855,-1.8525,-5.1852
-0.29617,-1.8039,-5.1566
-0.44051,-1.7535,-5.1196
-0.51754,-1.6994,-5.074
-0.59906,-1.6449,-5.0205
-0.5684,-1.5827,-4.9586
-0.60542,-1.5194,-4.8876
-0.60579,-1.4524,-4.8083
-0.64431,-1.3759,-4.72
-0.67647,-1.3183,-4.6246
-0.63272,-1.2536,-4.5242
-0.64319,-1.1683,-4.4158
-0.6301,-1.0921,-4.2985
-0.59981,-1.0226,-4.1754
-0.54821,-0.95064,-4.0479
-0.52988,-0.87065,-3.9145
-0.48912,-0.791,-3.7742
-0.4435,-0.7179,-3.6294
-0.45846,-0.65166,-3.4822
-0.43864,-0.58048,-3.3323
-0.44313,-0.50195,-3.1792
-0.45697,-0.41835,-3.0215
-0.44163,-0.33882,-2.8588
-0.38629,-0.2371,-2.6899
-0.31225,-0.12828,-2.5115
-0.2255,-0.028649,-2.3273
-0.13725,0.081606,-2.135
-0.088637,0.15577,-1.9403
0.0014823,0.27997,-1.7411
0.042616,0.36313,-1.5363
0.056825,0.48123,-1.3324
0.10282,0.58425,-1.119
0.10955,0.6668,-0.91219
0.13161,0.83821,-0.69252
0.13984,0.83386,-0.48051
0.16788,1.1195,-0.25854
0.1993,0.82013,-0.039212
0.25053,-0.00086511,0.0074839
0.32606,0.06015,-0.017696
0.34177,0.081703,-0.0053383
0.35747,0.010956,-0.011078
0.30736,0.05859,-0.007539
0.26473,0.004406,-0.0081164
0.25539,0.045904,-0.0082701
0.18546,0.010438,-0.0060506
0.18359,0.019901,-0.0079477
0.18359,0.018866,-0.0053083
0.13498,0.0087249,-0.0062268
0.11553,0.019582,-0.0051321
0.096463,0.0063405,-0.0047346
0.0658,0.015544,-0.0044347
0.035511,0.0065729,-0.0038498
0.023919,0.0059656,-0.0037824
-0.014971,0.0060443,-0.0030175
-0.051617,0.00032708,-0.0027213
-0.02245,0.0082037,-0.0017765
-0.0011352,0.011049,-0.00033687
0.033267,0.0090735,0.0007129
0.079635,0.010468,0.0017552
0.10731,-0.00011531,0.0027562
0.13348,0.0031276,0.0028612
0.11217,0.0059581,0.0038247
0.08861,-0.002286,0.0040871
0.054582,0.0053695,0.0050957
0.019431,-0.012877,0.0050919
-0.0048746,0.0085037,0.0053206
-0.03105,-0.0043629,0.0069665
-0.016467,-0.00091385,0.0052231
-0.0067443,0.0093959,0.0083987
0.037006,-0.022264,0.0058343
0.0658,0.029652,0.0084999
0.10656,-0.038261,0.0078063
0.14881,0.038619,0.0070602
0.14059,-0.034749,0.011638
0.15293,0.016718,0.0031349
0.12974,0.016005,0.018173
0.15293,-0.11553,-0.0084238
0.11142,1.4105,0.10453
0.19481,2.325,0.48355
0.36233,1.8859,0.84544
0.32606,2.0151,1.1762
0.49508,1.9721,1.5113
0.56688,1.9905,1.809
0.49134,2.0375,2.1007
0.60577,2.0178,2.3679
0.60128,2.0975,2.6275
0.60577,2.0787,2.8719
0.6813,2.1365,3.1017
0.70262,2.1456,3.3225
0.71159,2.178,3.5307
0.74487,2.21,3.7317
0.81368,2.2111,3.9183
0.79834,2.2237,4.0937
0.77329,2.2162,4.2562
0.69289,2.2237,4.4059
0.57473,2.1965,4.5411
0.49396,2.1602,4.6568
0.37318,2.1435,4.7577
0.33167,2.1188,4.8458
0.32232,2.0835,4.9208
0.34401,2.0484,4.9837
0.37505,2.0158,5.0338
0.37804,1.9772,5.0708
0.36271,1.9398,5.0953
0.30101,1.8982,5.1084
0.22435,1.8482,5.11
0.082627,1.7924,5.1003
-0.07181,1.745,5.0807
-0.25953,1.702,5.0523
-0.40648,1.6432,5.0148
-0.46108,1.5924,4.9693
-0.49997,1.541,4.9159
-0.4794,1.4738,4.8537
-0.46557,1.4141,4.7815
-0.44986,1.3511,4.7014
-0.4637,1.276,4.6138
-0.52353,1.2135,4.5175
-0.53288,1.1526,4.4156
-0.54148,1.0727,4.3079
-0.56017,0.99457,4.1909
-0.57176,0.92766,4.0665
-0.56616,0.85822,3.9378
-0.5598,0.78089,3.804
-0.53512,0.70888,3.6639
-0.48725,0.64354,3.5204
-0.46108,0.57207,3.3743
-0.44425,0.50061,3.2248
-0.44089,0.42537,3.0719
-0.43378,0.34463,2.9133
-0.44425,0.25782,2.7506
-0.4263,0.14493,2.5803
-0.37059,0.053792,2.4003
-0.29318,-0.046764,2.2158
-0.18137,-0.13494,2.0246
-0.11593,-0.22328,1.8319
-0.023945,-0.34573,1.6312
0.048225,-0.4131,1.4287
0.042989,-0.56253,1.2221
0.081879,-0.6253,1.0111
0.10469,-0.75848,0.80353
0.07814,-0.84584,0.58303
0.077018,-0.91359,0.37768
0.078514,-1.1656,0.14184
0.091601,-0.50281,-0.028662
0.18396,0.042777,-0.0236
0.25875,-0.14236,-0.014925
0.30774,-0.046978,-0.023188
0.35411,-0.063279,-0.016623
0.32083,-0.058071,-0.022135
0.31036,-0.033215,-0.018652
0.30624,-0.060054,-0.021385
0.24866,-0.03064,-0.020759
0.22173,-0.053265,-0.020841
0.20079,-0.029586,-0.022367
0.1533,-0.036807,-0.021411
0.10207,-0.03747,-0.022806
0.068791,-0.031232,-0.022431
0.040746,-0.031813,-0.023345
0.044111,-0.024919,-0.023398
0.060939,-0.030767,-0.023788
0.020927,-0.027547,-0.024609
-0.014223,-0.026973,-0.024785
0.0026042,-0.031,-0.025831
0.022049,-0.030047,-0.027162
0.026536,-0.027138,-0.028062
0.054956,-0.028128,-0.029318
0.082627,-0.021297,-0.029914
0.08674,-0.025459,-0.030072
0.075896,-0.020559,-0.031129
0.046355,-0.02087,-0.031013
0.026536,-0.024274,-0.032276
-0.0015092,-0.013334,-0.031912
-0.040025,-0.032094,-0.033037
-0.062461,-0.0071522,-0.033292
-0.066574,-0.034805,-0.032955
-0.034042,-0.012929,-0.035215
-0.011232,-0.016776,-0.032403
0.014196,-0.031817,-0.036813
0.10132,0.013246,-0.032497
0.12339,-0.067845,-0.037199
0.17088,0.050155,-0.034642
0.20004,-0.10112,-0.034274
0.17985,0.089782,-0.041252
0.1806,-0.22451,-0.022498
0.10805,-1.9004,-0.23517
0.28343,-2.1521,-0.63952
0.30063,-1.8536,-0.97978
0.26847,-2.0413,-1.3183
0.59118,-1.9386,-1.6379
0.58744,-2.0287,-1.9326
0.68654,-2.0129,-2.2178
0.8679,-2.0425,-2.4794
0.73478,-2.0876,-2.7364
0.73889,-2.0844,-2.9744
0.75048,-2.1411,-3.2028
0.73739,-2.1471,-3.4196
0.74637,-2.189,-3.6262
0.79872,-2.1969,-3.8233
0.80321,-2.2082,-4.006
0.73403,-2.2176,-4.1777
0.73178,-2.2112,-4.3356
0.58071,-2.211,-4.4812
0.48536,-2.1809,-4.6115
0.42515,-2.1468,-4.7238
0.33952,-2.1257,-4.8208
0.29727,-2.1024,-4.9053
0.25165,-2.0755,-4.9776
0.31522,-2.0417,-5.0369
0.30736,-2.0042,-5.0838
0.33092,-1.9631,-5.1176
0.31596,-1.9161,-5.139
0.24342,-1.8731,-5.1492
0.15255,-1.8261,-5.1483
-0.017589,-1.7762,-5.1363
-0.11593,-1.7282,-5.1144
-0.30403,-1.6798,-5.0836
-0.4177,-1.6289,-5.0443
-0.44986,-1.5742,-4.9966
-0.49025,-1.5161,-4.9404
-0.46856,-1.4535,-4.8753
-0.48352,-1.3886,-4.8016
-0.44762,-1.3183,-4.7189
-0.4521,-1.2607,-4.6283
-0.46856,-1.2011,-4.5324
-0.4435,-1.118,-4.4288
-0.47118,-1.0457,-4.3163
-0.49324,-0.98074,-4.1974
-0.49062,-0.90784,-4.0734
-0.47978,-0.83297,-3.9434
-0.47791,-0.75683,-3.8073
-0.44425,-0.68288,-3.6653
-0.41621,-0.61871,-3.52
-0.4005,-0.55154,-3.3725
-0.37694,-0.47667,-3.2214
-0.41471,-0.39941,-3.0662
-0.42294,-0.31659,-2.9054
-0.39265,-0.22676,-2.7395
-0.36273,-0.12214,-2.5644
-0.27935,-0.027311,-2.3822
-0.18885,0.081823,-2.1931
-0.11967,0.16104,-1.9989
-0.041521,0.26822,-1.803
0.04112,0.3607,-1.5986
0.080757,0.45075,-1.3961
0.097584,0.59336,-1.1842
0.11404,0.643,-0.97536
0.11553,0.81959,-0.76111
0.097211,0.83121,-0.54185
0.097958,1.0292,-0.33071
0.09908,1.0459,-0.092446
0.098332,0.18092,0.012759
0.1993,-0.01366,-0.014509
0.27558,0.12202,-0.0075203
0.30699,-0.00026152,-0.0079552
0.3298,0.065297,-0.0091099
0.30213,0.016099,-0.0060506
0.30587,0.034079,-0.0089112
0.28007,0.027174,-0.0049596
0.26249,0.0084849,-0.0073028
0.26361,0.024947,-0.0053083
0.20341,0.0088373,-0.0053045
0.15218,0.02149,-0.0049746
0.12825,0.0077389,-0.0040485
0.10843,0.0095834,-0.0042098
0.07627,0.0068429,-0.0031262
0.075522,0.0034875,-0.0033924
0.075522,0.0085674,-0.0024252
0.029902,0.0048746,-0.0020352
0.011579,0.007049,-0.0016453
0.025788,0.011387,-0.0004006
0.048972,0.010052,0.00068665
0.083001,0.0080988,0.0019051
0.11105,0.0048409,0.0029849
0.11628,0.0035737,0.0031836
0.10805,0.0086686,0.0040084
0.096089,-0.0011425,0.004582
0.066548,0.0045672,0.0047995
0.016814,-0.0047791,0.006063
-0.00824,-0.0030658,0.0052494
-0.023572,0.009962,0.007169
-0.047877,-0.013004,0.0062242
-0.052365,0.019458,0.0074089
-0.024319,-0.019768,0.0082
-0.002631,0.016845,0.0066441
0.033641,-0.0065599,0.010494
0.1088,-0.0092891,0.0054856
0.11778,0.029434,0.012778
0.14134,-0.064808,0.0051219
0.14358,0.10664,0.012928
0.12937,-0.18914,0.0070265
0.14732,0.58326,0.016797
0.15405,2.194,0.30079
0.30175,2.063,0.69721
0.33055,1.8998,1.0263
0.3657,2.0132,1.368
0.52986,1.921,1.6784
0.47339,2.0242,1.9732
0.49732,1.981,2.2517
0.57996,2.0424,2.513
0.55678,2.0537,2.7673
0.63493,2.0689,3.0015
0.69589,2.1082,3.2284
0.68317,2.1144,3.4421
0.70748,2.154,3.6474
0.77591,2.1586,3.8413
0.76768,2.1735,4.0219
0.73515,2.17,4.1908
0.69888,2.1678,4.346
0.57211,2.1549,4.4882
0.49209,2.1109,4.6118
0.40047,2.0849,4.719
0.31671,2.0653,4.8134
0.26735,2.0383,4.8943
0.2494,2.0122,4.9628
0.28792,1.9665,5.0191
0.29353,1.9239,5.062
0.30699,1.8871,5.0921
0.27221,1.8414,5.1105
0.21463,1.7932,5.1174
0.083749,1.7394,5.113
-0.063957,1.7,5.0982
-0.17651,1.653,5.0739
-0.34254,1.6033,5.0408
-0.42294,1.5554,4.9993
-0.4622,1.4926,4.9495
-0.46145,1.4417,4.8911
-0.44949,1.3724,4.8232
-0.44089,1.3049,4.7468
-0.39153,1.2499,4.6623
-0.42742,1.1708,4.5691
-0.44762,1.1192,4.4697
-0.45323,1.0532,4.3648
-0.48239,0.95978,4.2509
-0.47417,0.89862,4.1285
-0.4809,0.83173,4.0018
-0.47566,0.76003,3.8699
-0.45958,0.69091,3.7318
-0.4263,0.61875,3.59
-0.39489,0.5511,3.4451
-0.37844,0.48228,3.2966
-0.35787,0.41482,3.1446
-0.35899,0.3345,2.9877
-0.37956,0.25521,2.8259
-0.37507,0.14919,2.6583
-0.32983,0.048607,2.4801
-0.29056,-0.030947,2.2969
-0.18698,-0.13757,2.107
-0.076297,-0.21069,1.9136
-0.034416,-0.33037,1.7152
0.042242,-0.407,1.5111
0.075896,-0.52025,1.3073
0.066174,-0.63064,1.0938
0.09048,-0.7029,0.88723
0.069539,-0.8611,0.66823
0.060565,-0.85455,0.45657
0.080757,-1.1365,0.23474
0.044485,-0.85263,0.013655
0.11927,-0.028379,-0.035324
0.22285,-0.078308,-0.0098485
0.24753,-0.10293,-0.021891
0.32232,-0.031708,-0.016091
0.31222,-0.085518,-0.01921
0.29615,-0.025429,-0.018704
0.29577,-0.063151,-0.018629
0.2595,-0.031993,-0.020605
0.26698,-0.042052,-0.018569
0.21837,-0.041849,-0.02116
0.18733,-0.027026,-0.020005
0.1548,-0.040275,-0.021152
0.11217,-0.031806,-0.021377
0.1103,-0.034955,-0.021651
0.081505,-0.025046,-0.02221
0.073278,-0.027967,-0.022161
0.041494,-0.02851,-0.023259
0.0082132,-0.027577,-0.023297
-0.00076128,-0.028195,-0.023788
-0.00038735,-0.030494,-0.025393
0.035511,-0.02923,-0.026622
0.058695,-0.025312,-0.027391
0.084123,-0.027873,-0.028407
0.10918,-0.023085,-0.028538
0.11217,-0.023487,-0.029479
0.10469,-0.017473,-0.029712
0.072531,-0.027161,-0.030454
0.029528,-0.019745,-0.031133
-0.0030049,-0.027873,-0.030645
-0.032172,-0.020949,-0.03252
-0.042268,-0.014185,-0.030889
-0.041521,-0.02947,-0.033633
-0.015719,0.0046234,-0.031894
-0.0048746,-0.044114,-0.033311
0.038502,0.014663,-0.034136
0.10992,-0.046322,-0.031481
0.12974,0.00070573,-0.037844
0.15779,-0.0066611,-0.028268
0.13573,-0.073562,-0.04316
0.16115,0.14929,-0.02011
0.099828,-1.1718,-0.099097
0.1462,-2.2799,-0.46055
0.30063,-1.8822,-0.83588
0.20229,-1.9664,-1.1643
0.44796,-1.9724,-1.5013
0.61437,-1.9524,-1.8009
0.55491,-2.0132,-2.0936
0.78451,-1.9772,-2.363
0.74599,-2.055,-2.6228
0.67121,-2.039,-2.8703
0.71907,-2.0848,-3.1017
0.68953,-2.106,-3.3258
0.70299,-2.1308,-3.5369
0.71346,-2.1542,-3.7399
0.79199,-2.1496,-3.9287
0.75459,-2.1647,-4.1055
0.69102,-2.1612,-4.2698
0.64017,-2.1604,-4.4211
0.51677,-2.1334,-4.5582
0.43862,-2.1015,-4.6776
0.31484,-2.0771,-4.7819
0.27034,-2.0502,-4.8722
0.24492,-2.0246,-4.9498
0.25838,-1.9932,-5.0154
0.29128,-1.9557,-5.0681
0.25913,-1.9121,-5.1076
0.27595,-1.8701,-5.1345
0.24903,-1.8287,-5.1499
0.18209,-1.7811,-5.1537
0.05159,-1.7331,-5.1465
-0.078914,-1.6858,-5.1292
-0.22288,-1.6339,-5.1027
-0.36872,-1.5858,-5.0673
-0.41471,-1.5369,-5.0233
-0.44537,-1.4779,-4.9713
-0.43416,-1.4177,-4.91
-0.41621,-1.3543,-4.8397
-0.40387,-1.288,-4.7607
-0.40536,-1.2245,-4.6734
-0.40873,-1.1635,-4.5802
-0.39078,-1.0936,-4.4795
-0.40536,-1.0188,-4.3703
-0.40387,-0.95317,-4.2543
-0.42032,-0.88311,-4.1317
-0.41695,-0.80951,-4.0034
-0.40461,-0.7371,-3.8694
-0.3919,-0.66278,-3.7291
-0.35339,-0.60192,-3.5848
-0.35226,-0.53806,-3.4386
-0.32272,-0.46593,-3.2893
-0.33955,-0.39006,-3.1357
-0.35974,-0.30661,-2.976
-0.34852,-0.23005,-2.8117
-0.35825,-0.12133,-2.6395
-0.29206,-0.027138,-2.4582
-0.21615,0.067689,-2.2714
-0.12865,0.15859,-2.0772
-0.046382,0.24589,-1.8821
0.022049,0.3658,-1.6792
0.089358,0.42748,-1.475
0.09048,0.57046,-1.2665
0.10245,0.63157,-1.0537
0.11703,0.76763,-0.84422
0.086366,0.85564,-0.62009
0.064304,0.91029,-0.41248
0.07814,1.1729,-0.17496
0.075896,0.50255,-0.00013816
0.1189,-0.06795,-0.0039398
0.22809,0.12353,-0.013256
0.26287,0.024414,-0.0046634
0.27221,0.044817,-0.011131
0.28231,0.041412,-0.0051658
0.25688,0.0093697,-0.0086338
0.24155,0.040449,-0.0058556
0.21724,0.0051558,-0.0062793
0.22061,0.029112,-0.0061143
0.21126,0.011435,-0.0046222
0.15966,0.013569,-0.0055857
0.14956,0.00811,-0.0038948
0.15293,0.0061643,-0.004236
0.11778,0.012305,-0.0032725
0.091228,0.0018492,-0.0029875
0.097584,0.0056094,-0.0026838
0.060565,0.0063855,-0.0019115
0.019057,0.0077539,-0.0016153
0.016066,0.009231,-0.00047559
0.035511,0.0088636,0.00081038
0.065426,0.0069703,0.0018451
0.095715,0.0057107,0.0032286
0.11927,0.00047704,0.0035398
0.12862,0.0037687,0.0043271
0.12638,-0.003302,0.0050844
0.1017,0.0039411,0.0051857
0.068043,-0.0010188,0.0064454
0.03065,-0.0041305,0.0055906
0.0059696,0.0087324,0.0075551
-0.013101,-0.014407,0.0066291
-0.021328,0.0177,0.0077538
0.00036053,-0.017421,0.0084962
0.0059696,0.017955,0.007034
0.028032,-0.005094,0.011121
0.088984,-0.011557,0.0058305
0.10095,0.025832,0.013126
0.12825,-0.070229,0.0055193
0.13311,0.10752,0.013063
0.12488,-0.18536,0.0075964
0.11965,0.57309,0.016403
0.11666,2.1956,0.29971
0.29315,2.0655,0.6979
0.30923,1.8927,1.0282
0.33803,2.0134,1.3716
0.5422,1.9121,1.6837
0.4603,2.0083,1.9798
0.46068,1.9665,2.2607
0.54631,2.0219,2.5235
0.50966,2.029,2.7796
0.59193,2.0447,3.0163
0.63344,2.0786,3.2452
0.62671,2.0905,3.4604
0.66261,2.1286,3.6677
0.71309,2.1237,3.8638
0.72244,2.1429,4.0469
0.68841,2.1346,4.2187
0.65139,2.1346,4.3763
0.56089,2.1257,4.522
0.49508,2.0858,4.6501
0.39412,2.0568,4.7607
0.31447,2.0283,4.8581
0.27259,2.0077,4.942
0.23258,1.9838,5.0137
0.27446,1.9434,5.0731
0.28306,1.896,5.1187
0.30512,1.8584,5.1517
0.2868,1.8168,5.1729
0.21201,1.762,5.1819
0.10768,1.72,5.1801
-0.042642,1.6762,5.168
-0.16978,1.6131,5.1456
-0.30403,1.5617,5.114
-0.3904,1.5213,5.0743
-0.4278,1.4716,5.0266
-0.42443,1.4139,4.9702
-0.40312,1.3483,4.9046
-0.3833,1.2886,4.8308
-0.3818,1.2226,4.7479
-0.40985,1.1519,4.6566
-0.40125,1.0983,4.5589
-0.40686,1.0302,4.4554
-0.4192,0.94685,4.3433
-0.4349,0.88297,4.2222
-0.43715,0.82232,4.0961
-0.42107,0.74519,3.9651
-0.42593,0.67768,3.8281
-0.3818,0.60934,3.6868
-0.35488,0.54454,3.5416
-0.3489,0.48524,3.3934
-0.33656,0.40684,3.2416
-0.35077,0.33316,3.0854
-0.36386,0.26019,2.9243
-0.36685,0.16859,2.7578
-0.33282,0.059085,2.5813
-0.2685,-0.023498,2.3981
-0.17614,-0.12484,2.2102
-0.096116,-0.20846,2.0147
-0.017589,-0.29977,1.8178
0.059069,-0.40805,1.613
0.062808,-0.48265,1.4083
0.056825,-0.62329,1.1963
0.06206,-0.67128,0.98482
0.046355,-0.82899,0.77194
0.015692,-0.86865,0.54943
0.02691,-0.99761,0.33989
0.036633,-1.1337,0.098544
0.062808,-0.33063,-0.037225
0.17387,0.023189,-0.016185
0.22323,-0.15173,-0.016852
0.27371,-0.028567,-0.02023
0.29914,-0.079568,-0.016402
0.23856,-0.044395,-0.021074
0.24566,-0.043716,-0.017403
0.22921,-0.051972,-0.020804
0.20977,-0.026846,-0.019199
0.22398,-0.051001,-0.020459
0.19144,-0.02845,-0.020837
0.1806,-0.039409,-0.020792
0.15143,-0.030505,-0.021853
0.12264,-0.034426,-0.021351
0.12002,-0.033354,-0.022674
0.091975,-0.02824,-0.022386
0.067295,-0.035056,-0.023046
0.017188,-0.026951,-0.023728
-0.016467,-0.032705,-0.024039
0.01644,-0.034138,-0.025486
0.053086,-0.028919,-0.026731
0.064678,-0.031161,-0.027785
0.10432,-0.025166,-0.028763
0.15854,-0.023453,-0.028988
0.14507,-0.026951,-0.029858
0.11927,-0.022381,-0.03006
0.1088,-0.028754,-0.030896
0.047851,-0.01173,-0.031309
-0.0074922,-0.027371,-0.030938
-0.0063704,-0.017724,-0.03282
-0.012727,-0.015036,-0.031312
-0.03105,-0.036961,-0.034154
-0.00038735,0.0061493,-0.032231
0.011205,-0.048553,-0.033742
0.051216,0.012579,-0.034585
0.11067,-0.044402,-0.031909
0.10619,-0.0066048,-0.038218
0.13012,-0.0085918,-0.028381
0.12563,-0.075932,-0.043404
0.14507,0.14714,-0.020492
0.067669,-1.1664,-0.098153
0.10619,-2.277,-0.45899
0.27221,-1.878,-0.83546
0.19219,-1.9644,-1.1656
0.40496,-1.9676,-1.5048
0.58782,-1.9422,-1.8061
0.56052,-2.004,-2.1006
0.74263,-1.9636,-2.372
0.69626,-2.0394,-2.6336
0.60988,-2.0232,-2.8828
0.64952,-2.0687,-3.1163
0.63942,-2.085,-3.3422
0.62559,-2.1052,-3.5544
0.6469,-2.1312,-3.7593
0.72804,-2.1281,-3.9508
0.68355,-2.1421,-4.1301
0.66709,-2.1334,-4.2969
0.61063,-2.134,-4.4509
0.47377,-2.1129,-4.5917
0.41281,-2.0783,-4.715
0.31073,-2.0519,-4.8226
0.27521,-2.022,-4.916
0.23295,-1.9935,-4.9959
0.25015,-1.9667,-5.0636
0.27334,-1.9323,-5.1194
0.28904,-1.8853,-5.162
0.3298,-1.8442,-5.1916
0.25165,-1.8041,-5.2093
0.2165,-1.7535,-5.2155
0.075522,-1.7065,-5.2107
-0.071062,-1.6607,-5.1958
-0.17614,-1.6074,-5.1715
-0.32272,-1.5591,-5.1379
-0.36685,-1.5141,-5.0962
-0.39714,-1.4555,-5.0464
-0.38554,-1.3995,-4.9875
-0.37133,-1.3398,-4.9194
-0.34441,-1.2703,-4.8428
-0.34516,-1.2122,-4.7577
-0.37208,-1.1497,-4.6657
-0.35638,-1.081,-4.5668
-0.39826,-1.0115,-4.4598
-0.4005,-0.93672,-4.3452
-0.4005,-0.8681,-4.2237
-0.39302,-0.80198,-4.0964
-0.39078,-0.73455,-3.9636
-0.39452,-0.65952,-3.8242
-0.32871,-0.59344,-3.6799
-0.3145,-0.53852,-3.5337
-0.3044,-0.46298,-3.3846
-0.30776,-0.39063,-3.2313
-0.32721,-0.31209,-3.0732
-0.33581,-0.23332,-2.9092
-0.33693,-0.1415,-2.7392
-0.26775,-0.03605,-2.559
-0.19334,0.053121,-2.3726
-0.11855,0.15746,-2.1796
-0.046382,0.22272,-1.9834
0.029902,0.3392,-1.7828
0.080757,0.42131,-1.5753
0.094593,0.52126,-1.3694
0.11778,0.63397,-1.1537
0.10506,0.70268,-0.94419
0.08861,0.87159,-0.72238
0.053086,0.84917,-0.50562
0.054956,1.1197,-0.28504
0.076644,0.91254,-0.053631
0.10656,0.04482,0.011503
0.20378,0.045116,-0.016406
0.24192,0.096144,-0.0046222
0.27894,0.0068429,-0.0094623
0.28194,0.062336,-0.0072016
0.24192,0.0013431,-0.0063843
0.23519,0.042736,-0.0075015
0.19443,0.0098233,-0.0046971
0.20565,0.014345,-0.0066655
0.20752,0.017689,-0.0042585
0.1619,0.0057481,-0.0051283
0.16452,0.019136,-0.0040298
0.14582,-0.00042273,-0.0037149
0.11441,0.0094447,-0.0035012
0.09908,-0.00054644,-0.0027026
0.094967,0.0033488,-0.0028226
0.084871,0.0086274,-0.0019902
0.026536,0.0020104,-0.0015403
-1.3407e-05,0.0094259,-0.0001869
0.029154,0.0095534,0.0010016
0.049346,0.008245,0.0019426
0.082253,0.0025652,0.0034573
0.13199,0.00021835,0.003821
0.16302,0.0080575,0.0045071
0.16265,-0.0010526,0.0053656
0.13236,0.0038586,0.0052756
0.085245,-0.0018136,0.0066178
0.043363,-0.006826,0.0060405
0.018684,0.0099583,0.0077126
-0.00824,-0.013889,0.007154
-0.025067,0.015511,0.0078813
-0.0041267,-0.019711,0.0092797
0.024667,0.0064979,0.0068653
0.045233,0.0027114,0.011282
0.095715,-0.016412,0.0062692
0.11516,0.039752,0.012864
0.126,-0.072696,0.0071652
0.13086,0.099473,0.011627
0.1174,-0.16983,0.011293
0.11105,0.41403,0.0071202
0.10207,2.102,0.26375
0.24828,2.1083,0.66552
0.29315,1.8702,0.99934
0.30998,2.0147,1.3436
0.50443,1.8872,1.6604
0.46105,1.9867,1.9576
0.43974,1.9495,2.243
0.52013,1.9898,2.5075
0.4719,2.0131,2.7661
0.51453,2.0067,3.0059
0.57136,2.0596,3.2371
0.58333,2.0619,3.4546
0.5953,2.0975,3.6637
0.64765,2.1053,3.8628
0.68691,2.11,4.0486
0.65288,2.1102,4.2238
0.62035,2.1064,4.3845
0.54594,2.1062,4.5335
0.47377,2.0667,4.6672
0.35934,2.0213,4.7823
0.28381,2.0058,4.8827
0.23071,1.9832,4.9705
0.19481,1.9457,5.046
0.28007,1.9185,5.1091
0.28904,1.8787,5.1588
0.29016,1.8308,5.1955
0.28829,1.7967,5.2199
0.24118,1.737,5.2322
0.12974,1.6848,5.2334
-0.032172,1.6502,5.2243
-0.12865,1.5975,5.2044
-0.26626,1.5603,5.1755
-0.36273,1.5009,5.1385
-0.38779,1.4382,5.0926
-0.39863,1.3939,5.0384
-0.36872,1.3321,4.9759
-0.34067,1.2723,4.9038
-0.32684,1.2002,4.8229
-0.35376,1.1395,4.7338
-0.36759,1.0849,4.6379
-0.36086,1.0153,4.5363
-0.37881,0.94906,4.4267
-0.38293,0.87488,4.3083
-0.39003,0.80927,4.184
-0.40125,0.74058,4.0534
-0.39527,0.66949,3.9174
-0.35638,0.60724,3.7767
-0.3044,0.53759,3.6315
-0.30515,0.47541,3.484
-0.30926,0.41138,3.333
-0.31487,0.34138,3.1775
-0.3474,0.26432,3.0177
-0.34516,0.17461,2.8517
-0.31823,0.069714,2.6775
-0.26476,-0.012176,2.4948
-0.17427,-0.10302,2.3075
-0.10808,-0.20227,2.1124
-0.046382,-0.27153,1.9157
0.030276,-0.3938,1.7127
0.054582,-0.45881,1.5055
0.072905,-0.58608,1.297
0.069539,-0.66886,1.0803
0.050842,-0.76369,0.87028
0.046355,-0.901,0.64479
0.0052217,-0.89607,0.43251
0.00036053,-1.1866,0.20177
0.027284,-0.73196,-0.0059494
0.12413,0.01698,-0.03078
0.21463,-0.11749,-0.010782
0.23183,-0.082743,-0.022637
0.28081,-0.045081,-0.01515
0.24454,-0.077907,-0.020249
0.22098,-0.027888,-0.018198
0.22248,-0.063324,-0.019173
0.17349,-0.027622,-0.020294
0.22211,-0.047874,-0.018985
0.19331,-0.034767,-0.021235
0.14283,-0.032608,-0.02014
0.17162,-0.03858,-0.021535
0.14807,-0.027434,-0.021276
0.12713,-0.03846,-0.021958
0.083001,-0.028638,-0.022419
0.075148,-0.028083,-0.022599
0.045233,-0.028964,-0.023507
-0.00824,-0.027993,-0.023728
0.016814,-0.031997,-0.025033
0.0089611,-0.028012,-0.026007
0.055329,-0.027528,-0.026926
0.11142,-0.031352,-0.028486
0.1346,-0.0255,-0.028688
0.18396,-0.026186,-0.029532
0.15143,-0.02012,-0.029903
0.11815,-0.029654,-0.030589
0.07814,-0.016821,-0.031504
0.014196,-0.020712,-0.030806
-0.015719,-0.023363,-0.032842
-0.042642,-0.013391,-0.031222
-0.034042,-0.037467,-0.033656
-0.0041267,0.0052233,-0.032418
0.009709,-0.045606,-0.032861
0.055329,0.0022353,-0.035013
0.099828,-0.036653,-0.031151
0.10469,-0.020746,-0.038518
0.14171,0.010521,-0.028669
0.12974,-0.097087,-0.042309
0.1432,0.1733,-0.023623
0.079261,-0.98877,-0.077682
0.081131,-2.2635,-0.42026
0.25576,-1.9065,-0.80525
0.17948,-1.9346,-1.1349
0.3571,-1.9769,-1.4771
0.5837,-1.9214,-1.7816
0.52836,-1.9985,-2.0779
0.68953,-1.9498,-2.3533
0.66074,-2.0211,-2.6165
0.54968,-2.0098,-2.8691
0.59604,-2.0429,-3.1049
0.57548,-2.0641,-3.3332
0.56538,-2.0811,-3.5474
0.5852,-2.1097,-3.7546
0.66971,-2.1046,-3.9492
0.64952,-2.1179,-4.1313
0.62671,-2.1115,-4.3015
0.57735,-2.1095,-4.4588
0.44161,-2.0908,-4.6027
0.38739,-2.059,-4.73
0.28081,-2.03,-4.8414
0.25127,-2.0006,-4.9378
0.20977,-1.9734,-5.0214
0.21051,-1.9449,-5.0927
0.258,-1.9124,-5.1517
0.26324,-1.8705,-5.1984
0.30138,-1.8267,-5.2316
0.23332,-1.7804,-5.2526
0.20154,-1.7322,-5.2621
0.074026,-1.6862,-5.2599
-0.049373,-1.6411,-5.2478
-0.14361,-1.5915,-5.2264
-0.313,-1.5408,-5.1953
-0.32197,-1.4976,-5.156
-0.34815,-1.444,-5.1085
-0.33731,-1.3788,-5.0517
-0.3115,-1.3213,-4.9857
-0.31337,-1.2639,-4.9112
-0.28533,-1.1966,-4.8279
-0.31076,-1.1327,-4.737
-0.29767,-1.0731,-4.6394
-0.33244,-1.005,-4.5349
-0.35114,-0.93081,-4.4225
-0.3575,-0.86414,-4.3022
-0.37096,-0.80713,-4.1765
-0.35301,-0.73564,-4.0454
-0.34778,-0.6568,-3.9074
-0.28271,-0.58502,-3.764
-0.29318,-0.53137,-3.6179
-0.29019,-0.47185,-3.4695
-0.25915,-0.39066,-3.3167
-0.2958,-0.32154,-3.1595
-0.30477,-0.24658,-2.9967
-0.30702,-0.1543,-2.8278
-0.24831,-0.045152,-2.6493
-0.1881,0.035407,-2.4632
-0.10397,0.13346,-2.2724
-0.019832,0.21967,-2.0749
0.011953,0.30825,-1.8759
0.08861,0.41871,-1.6685
0.10132,0.48235,-1.4618
0.090106,0.62147,-1.2488
0.090854,0.6754,-1.0345
0.070287,0.82735,-0.81936
0.050094,0.87448,-0.59374
0.035511,0.98836,-0.38247
0.05346,1.1512,-0.13764
0.080383,0.35125,0.0095384
0.14994,-0.054768,-0.0089075
0.21612,0.13057,-0.010235
0.25763,0.0074914,-0.005402
0.26847,0.054864,-0.0097398
0.2322,0.027714,-0.0045509
0.215,0.023162,-0.0083826
0.17611,0.035602,-0.0046409
0.16714,0.0041848,-0.0060581
0.19705,0.026023,-0.0050533
0.17275,0.0052945,-0.0043672
0.16265,0.013014,-0.0047346
0.15891,0.0051296,-0.0032687
0.1275,0.012489,-0.0037224
0.11666,0.0113,-0.0026239
0.11853,0.0018492,-0.0025076
0.084497,0.0086499,-0.0018365
0.03065,0.0042185,-0.0013379
0.01831,0.00354,-0.0010867
0.023171,0.0043085,-0.0002019
0.044485,0.005437,0.00098659
0.095341,0.0028989,0.0021601
0.13872,0.0054407,0.0030749
0.1705,0.0040498,0.0040122
0.16901,0.0019279,0.0043158
0.14769,0.0055982,0.0053844
0.11703,-0.0046479,0.0054069
0.054956,0.0050133,0.006063
0.003352,-0.0057951,0.0071502
-0.013475,0.0031538,0.0064304
-0.013101,0.0066779,0.0083799
-0.0033789,-0.010867,0.0067341
0.0074654,0.011574,0.0091335
0.034389,-0.027041,0.0083687
0.075522,0.019938,0.0086311
0.10731,-0.028345,0.010914
0.13909,0.013329,0.006869
0.14395,0.0026702,0.014079
0.13049,-0.034869,0.0044246
0.093845,0.085238,0.017453
0.093471,-0.20177,0.00044671
0.079635,0.93951,0.048282
0.097211,2.2867,0.38069
0.26885,1.9141,0.76179
0.29914,1.8915,1.0854
0.38589,1.9466,1.4232
0.4962,1.8723,1.7252
0.37953,1.9514,2.0172
0.40945,1.9045,2.2889
0.41169,1.9579,2.5477
0.36308,1.9407,2.7953
0.45096,1.9846,3.0263
0.47825,2.0119,3.2515
0.49059,2.0165,3.4633
0.53883,2.0349,3.6664
0.59268,2.026,3.8551
0.59156,2.0369,4.0311
0.568,2.0133,4.1948
0.50144,1.9961,4.3426
0.38589,1.965,4.4739
0.29278,1.927,4.5873
0.18247,1.9077,4.6873
0.15517,1.8728,4.7754
0.1275,1.8393,4.8496
0.16041,1.8099,4.9107
0.23931,1.7672,4.9597
0.23781,1.7192,4.9956
0.28493,1.6845,5.0192
0.24641,1.6386,5.032
0.16863,1.5755,5.0329
0.057199,1.5384,5.0228
-0.097985,1.5004,5.004
-0.19297,1.4451,4.9761
-0.3044,1.3963,4.9392
-0.32609,1.345,4.8943
-0.30029,1.286,4.8405
-0.28795,1.2271,4.7771
-0.2528,1.1653,4.704
-0.2326,1.1011,4.6225
-0.23859,1.0414,4.5337
-0.28645,0.9741,4.438
-0.29767,0.90758,4.3354
-0.31487,0.84284,4.2245
-0.36535,0.77095,4.1062
-0.36759,0.70853,3.9814
-0.34329,0.63878,3.8512
-0.31749,0.56744,3.7157
-0.28645,0.51189,3.5752
-0.23672,0.44564,3.432
-0.21017,0.38236,3.2851
-0.21877,0.32036,3.1342
-0.23447,0.23981,2.9789
-0.26701,0.16211,2.8174
-0.2872,0.061537,2.6486
-0.28458,-0.0252,2.4705
-0.25728,-0.11184,2.2872
-0.18923,-0.21014,2.096
-0.08415,-0.27995,1.9026
-0.0059964,-0.3994,1.7035
0.059817,-0.45942,1.4992
0.11142,-0.57948,1.2938
0.083375,-0.66426,1.0801
0.10805,-0.75632,0.87323
0.099828,-0.89482,0.65111
0.019431,-0.88209,0.44056
0.019431,-1.1714,0.21344
0.022049,-0.75262,0.0033486
0.045607,0.0069216,-0.026427
0.13348,-0.10972,-0.0050421
0.21238,-0.078402,-0.017227
0.24903,-0.036593,-0.0099535
0.24903,-0.082001,-0.014801
0.2494,-0.024664,-0.013077
0.2236,-0.061472,-0.013676
0.19892,-0.03067,-0.015315
0.22136,-0.041909,-0.013695
0.18733,-0.036957,-0.015836
0.1634,-0.031851,-0.014831
0.16415,-0.036717,-0.016095
0.13947,-0.028192,-0.015903
0.14433,-0.032267,-0.016612
0.12825,-0.027142,-0.017107
0.11105,-0.028507,-0.017122
0.065426,-0.025736,-0.01789
0.025414,-0.025485,-0.018055
0.0055957,-0.029196,-0.018847
-0.020954,-0.030077,-0.019383
0.01457,-0.026328,-0.020582
0.038876,-0.022253,-0.021756
0.065426,-0.020217,-0.022502
0.11591,-0.022021,-0.023222
0.13311,-0.026081,-0.023503
0.11778,-0.019764,-0.024478
0.10245,-0.016757,-0.024182
0.065052,-0.023933,-0.025396
0.0089611,-0.0087905,-0.025629
-0.010484,-0.027269,-0.025854
-0.02058,-0.010631,-0.027308
-0.014597,-0.014639,-0.025689
-0.0071182,-0.023089,-0.028643
0.014196,-0.0018548,-0.026082
0.052712,-0.039319,-0.029157
0.098332,0.016028,-0.027623
0.11965,-0.062428,-0.028062
0.13834,0.029187,-0.03117
0.15031,-0.047953,-0.023672
0.11254,-0.0080107,-0.038316
0.1376,0.052971,-0.011311
0.063556,-1.493,-0.14071
0.13199,-2.2473,-0.52528
0.25613,-1.8103,-0.88129
0.18097,-1.9559,-1.21
0.43151,-1.8944,-1.5385
0.53883,-1.9084,-1.8324
0.50742,-1.9354,-2.1208
0.67607,-1.9135,-2.3851
0.57996,-1.9659,-2.6417
0.52687,-1.9494,-2.8827
0.54481,-2.003,-3.1127
0.51527,-2.0065,-3.3347
0.54668,-2.0287,-3.5433
0.57286,-2.0314,-3.7424
0.63643,-2.0249,-3.9263
0.57436,-2.0306,-4.0987
0.5306,-2.01,-4.2571
0.46292,-1.9892,-4.3997
0.32868,-1.9553,-4.5262
0.24828,-1.9254,-4.6364
0.16676,-1.8963,-4.733
0.15629,-1.8675,-4.8167
0.10805,-1.8367,-4.8877
0.1634,-1.7983,-4.946
0.22211,-1.7572,-4.9915
0.22098,-1.7144,-5.0238
0.24043,-1.6689,-5.0442
0.19107,-1.6239,-5.0535
0.13722,-1.5796,-5.0523
-0.002631,-1.5335,-5.0409
-0.095742,-1.4858,-5.0195
-0.1982,-1.4357,-4.9892
-0.313,-1.385,-4.9505
-0.29916,-1.3295,-4.9025
-0.29468,-1.2708,-4.8451
-0.2771,-1.2131,-4.7791
-0.24606,-1.1488,-4.7043
-0.22886,-1.085,-4.6203
-0.25541,-1.0298,-4.5294
-0.28009,-0.96917,-4.433
-0.26551,-0.8984,-4.3274
-0.2872,-0.83096,-4.2132
-0.30814,-0.76652,-4.0939
-0.29505,-0.69696,-3.9689
-0.27187,-0.62327,-3.8366
-0.27897,-0.55648,-3.6983
-0.25167,-0.50518,-3.5567
-0.18848,-0.43931,-3.4125
-0.17016,-0.36731,-3.2642
-0.17464,-0.30037,-3.1116
-0.21166,-0.22773,-2.9535
-0.2412,-0.14728,-2.7903
-0.23559,-0.037969,-2.6176
-0.22438,0.046095,-2.436
-0.16978,0.14704,-2.2489
-0.076671,0.22411,-2.0544
-0.0015092,0.30701,-1.8588
0.056077,0.42047,-1.6548
0.11105,0.48345,-1.4509
0.12825,0.61973,-1.2408
0.11591,0.66291,-1.0286
0.13498,0.81498,-0.81662
0.12526,0.86902,-0.59324
0.081131,0.97378,-0.38419
0.06393,1.157,-0.14185
0.045233,0.37684,0.0092497
0.081505,-0.051623,-0.0072878
0.15031,0.1357,-0.0096798
0.22323,0.016455,-0.0042585
0.25464,0.05426,-0.0095261
0.22398,0.028268,-0.0040036
0.22211,0.020384,-0.0075578
0.17312,0.033333,-0.0040748
0.18733,0.0088073,-0.0052633
0.21612,0.029277,-0.004416
0.16639,0.0051933,-0.0036849
0.1907,0.017734,-0.0041085
0.16863,0.0035625,-0.0026389
0.12339,0.010772,-0.0030175
0.12825,0.0099133,-0.0019228
0.1174,-0.00099258,-0.001994
0.098706,0.012841,-0.0013679
0.075522,-0.00019404,-0.00072303
0.048225,0.0027714,-0.0004006
0.0085872,0.0057594,8.3039e-05
0.019057,0.0017967,0.00051419
0.034015,0.0056357,0.0013128
0.050842,0.00073197,0.0014215
0.12114,0.0010994,0.0014402
0.1346,-1.4085e-05,0.0014965
0.11927,-0.00091385,0.001444
0.11553,0.0013168,0.0015865
0.094593,-0.002987,0.0016764
0.060191,-0.0018474,0.0017214
0.034763,-0.0012625,0.0017064
0.017188,-0.0036619,0.0018077
-0.002257,-0.0037031,0.0018002
0.0070914,-0.0053677,0.0015415
0.0127,-0.0042167,0.0015115
0.034389,-0.0038643,0.0016202
0.078888,-0.0075721,0.0017477
