0.02691,-0.012903,0.00095659
0.031771,-0.012866,0.00088911
0.041494,-0.0091467,0.0010091
0.025788,-0.00092884,0.001429
0.016814,-0.005855,0.0017064
0.026162,-0.0082319,0.0020738
0.021301,-0.0090267,0.0022763
0.042616,-0.014725,0.0025162
0.025788,0.0011069,0.0028799
0.0063435,-0.021878,0.0029886
0.033641,0.0014443,0.003506
0.026536,-0.014107,0.0031386
0.0048478,-0.017181,0.003581
0.023171,0.0093734,0.0035548
0.034763,-0.048706,0.0032623
0.024667,0.035849,0.0041809
0.037754,-0.065637,0.0030074
0.034015,0.038597,0.0045033
0.019057,-0.041242,0.0029999
0.050842,-0.015951,0.004642
0.032519,0.052828,0.0035248
0.025414,-0.17385,0.00258
0.041494,0.26218,0.0059955
0.017188,-0.52498,-0.0029275
0.013448,1.7487,0.029514
-0.047504,5.3607,0.11639
0.009709,4.0563,0.2675
0.13012,3.4016,0.46495
0.10955,3.5278,0.62648
0.14807,3.1427,0.76955
0.20565,3.1868,0.90154
0.1619,2.7673,1.0184
0.11479,2.7601,1.1254
0.13124,2.6022,1.2127
0.10544,2.5121,1.2896
0.068417,2.4952,1.353
0.1088,2.3754,1.4055
0.087862,2.337,1.4469
0.071035,2.2131,1.4764
0.077392,2.1591,1.4967
0.036259,2.0488,1.5059
0.024667,1.9467,1.5054
-0.016093,1.8472,1.495
-0.072183,1.7276,1.4763
-0.093498,1.6346,1.4498
-0.093124,1.521,1.4151
-0.11855,1.4135,1.3738
-0.089385,1.2895,1.325
-0.024319,1.1717,1.2696
-0.018336,1.0353,1.2086
0.035511,0.8894,1.1397
-0.00038735,0.74855,1.0651
-0.059844,0.59744,0.9844
-0.066948,0.46176,0.90042
-0.11743,0.32412,0.81272
-0.14996,0.20358,0.72485
-0.17651,-0.0014012,0.631
-0.14174,-0.12424,0.53177
-0.14847,-0.33823,0.42985
-0.14323,-0.51417,0.31546
-0.064705,-0.64999,0.20662
-0.070688,-0.98433,0.07913
-0.0089879,-0.42376,-0.010242
0.053086,0.091188,-0.004236
0.020179,-0.09964,0.00036048
0.034389,-0.016075,-0.0034974
0.019057,-0.035304,0.00021051
0.023545,-0.036781,-0.0028713
0.059069,-0.0097728,-0.00064055
0.047103,-0.036166,-0.0018553
0.084497,-0.0076921,-0.0011392
0.10394,-0.033332,-0.0011354
0.068043,-0.010526,-0.0018365
0.051964,-0.017293,-0.0011767
0.058321,-0.017897,-0.0018403
0.026162,-0.011565,-0.0016978
0.021675,-0.015887,-0.002204
0.075148,-0.011456,-0.002129
0.046729,-0.016791,-0.0022452
0.094967,-0.014871,-0.0024701
0.13161,-0.015348,-0.0023389
0.12638,-0.01083,-0.0027851
0.22136,-0.011838,-0.00289
0.20266,-0.013331,-0.0029013
0.16901,-0.010556,-0.0033774
0.10058,-0.0079695,-0.0032425
0.069913,-0.0063012,-0.003175
0.044485,-0.0075308,-0.003235
-0.021328,-0.0061962,-0.0029838
0.1017,-0.0070172,-0.0031
0.019057,-0.0070285,-0.0031862
-0.019832,-0.0095478,-0.0032537
0.01831,-0.0067323,-0.0031075
-0.11182,-0.004258,-0.0027963
-0.014597,-0.006796,-0.0028601
-0.032546,-0.0020198,-0.0029538
-0.074427,-0.0079507,-0.0029725
-0.0048746,-0.0082132,-0.00295
-0.072557,-0.0010488,-0.0028001
-0.028059,-0.0031445,-0.0026951
0.013074,-0.0024997,-0.0028001
0.017188,-0.0056976,-0.002935
0.032893,-0.0059488,-0.0028676
0.025788,-0.0029008,-0.0027888
-0.02245,-0.003242,-0.0028713
-0.087141,-0.0028483,-0.0027888
-0.024693,-0.0025184,-0.0027326
-0.055356,-0.00031401,-0.0028601
-0.020954,-0.0047716,-0.0028301
0.054956,-0.009784,-0.0030738
0.01831,-0.0077858,-0.0035836
0.083001,-0.005034,-0.0038461
0.091975,-0.0085243,-0.0042585
0.090106,-0.006976,-0.0044872
0.10058,-0.0083856,-0.0046259
0.10506,-0.01032,-0.005267
0.099828,-0.0073471,-0.0048659
0.065052,-0.013994,-0.0056344
0.083749,-0.0014949,-0.0055295
0.051216,-0.020379,-0.005552
0.077392,0.0070528,-0.0059719
0.1002,-0.010646,-0.0048284
0.072905,-0.010365,-0.0069991
0.078888,0.013317,-0.0044647
0.050468,-0.03795,-0.0068342
0.023545,0.038567,-0.005207
-0.027685,-0.060647,-0.0056607
-0.034042,0.057623,-0.0069279
-0.017215,-0.061337,-0.0021702
-0.0045007,0.017374,-0.012079
0.0070914,0.028066,0.0079263
0.021675,-1.9525,-0.09446
0.065426,-2.8839,-0.36056
0.057947,-2.5075,-0.58031
0.064678,-2.7268,-0.77453
0.084123,-2.6104,-0.95544
0.10992,-2.6628,-1.1025
0.13348,-2.6561,-1.2394
0.12825,-2.5584,-1.3479
0.14732,-2.5606,-1.4424
0.14657,-2.4853,-1.5209
0.15928,-2.4618,-1.587
0.20004,-2.3826,-1.6405
0.18471,-2.3457,-1.6808
0.16714,-2.2783,-1.712
0.17013,-2.2149,-1.7308
0.1275,-2.1518,-1.7407
0.031397,-2.0511,-1.7392
0.0059696,-1.9652,-1.7271
0.0067175,-1.8654,-1.706
-0.041894,-1.7673,-1.676
0.0044739,-1.662,-1.639
0.034763,-1.5506,-1.5938
0.015692,-1.4429,-1.5417
0.017936,-1.3247,-1.484
-0.018336,-1.2026,-1.4205
-0.023572,-1.0476,-1.3496
-0.031798,-0.90649,-1.2704
-0.090133,-0.78246,-1.1885
-0.11107,-0.61675,-1.1008
-0.11855,-0.49911,-1.0097
-0.1537,-0.34253,-0.91681
-0.13687,-0.20819,-0.81965
-0.10584,-0.033418,-0.71974
-0.099855,0.13157,-0.6117
-0.072183,0.29109,-0.50273
-0.074053,0.5397,-0.38142
-0.09275,0.59857,-0.26302
-0.10958,0.97778,-0.13527
-0.11706,0.75963,-0.010512
-0.12715,-0.044912,0.011619
-0.10434,0.026975,-0.0036211
-0.002257,0.052296,0.0031161
0.011579,-0.016379,-0.00097798
0.011579,0.048011,0.0010203
0.070287,-0.0082282,0.00018052
0.043737,0.029967,0.00013178
0.02691,0.0027714,0.0011066
0.041494,0.014952,-0.00016816
0.01457,0.013756,0.0010916
0.0089611,0.0032326,0.00036423
0.038502,0.014307,0.0010616
0.047851,-0.00073764,0.0010091
0.061686,0.010003,0.0013128
0.11404,0.0012981,0.0014927
0.12526,0.00085569,0.0013203
0.14545,0.006453,0.0018489
0.18471,-0.0038343,0.0016652
0.13049,0.0028764,0.0018901
0.097211,0.0051033,0.0021226
0.12114,0.0008182,0.0022763
0.11703,0.0066517,0.0025087
0.11965,-0.0025072,0.0027412
0.13386,-0.0016974,0.0027712
0.13236,0.0010431,0.002355
0.11105,-0.0069835,0.0023813
0.093097,0.00062325,0.0025087
0.069913,0.0011669,0.0025125
0.039624,-0.0017349,0.0025612
0.021301,0.00034957,0.0024338
-0.0093619,-0.0025372,0.00246
-0.039651,-0.0020723,0.0022726
-0.0576,-0.0033282,0.0021263
-0.066574,-0.003077,0.0022463
-0.0576,0.0048446,0.00255
-0.048251,0.0058306,0.0034423
-0.036285,0.0017704,0.0038884
-0.032172,0.0069366,0.0043421
-0.04526,0.0012193,0.0048745
-0.047877,0.0043985,0.0049045
-0.05947,0.0027939,0.0057593
-0.063583,-0.0031895,0.0055118
-0.050869,0.01247,0.0065241
-0.050869,-0.011445,0.0064866
-0.039277,0.018,0.0065241
-0.023198,-0.0084756,0.0076826
0.009709,0.0069028,0.0060667
0.039998,0.012136,0.0087286
0.050468,-0.02965,0.0059917
0.068791,0.043838,0.0088186
0.067295,-0.057228,0.007034
0.069165,0.066216,0.006944
0.047477,-0.064516,0.0099396
0.049346,0.052498,0.0029024
0.080009,-0.0060237,0.016418
0.081131,-0.10341,-0.0088362
0.15218,2.3505,0.11046
0.20565,3.7007,0.45976
0.23295,3.2236,0.76994
0.21687,3.5421,1.0457
0.19219,3.4998,1.3144
0.20902,3.5943,1.5457
0.18658,3.7038,1.7702
0.25726,3.7163,1.9708
0.3384,3.8019,2.1592
0.41132,3.7816,2.3246
0.46479,3.887,2.4704
0.45694,3.8705,2.6011
0.42665,3.8843,2.7141
0.35485,3.854,2.8143
0.27072,3.7707,2.898
0.10843,3.7382,2.9688
-1.3407e-05,3.6479,3.0262
-0.041521,3.56,3.071
-0.10883,3.4867,3.1038
-0.10696,3.3914,3.1244
-0.085645,3.279,3.1334
-0.10285,3.1801,3.1318
-0.064331,3.1041,3.1213
0.0011084,3.0257,3.1021
-0.038903,2.9315,3.0759
-0.05573,2.8361,3.0425
-0.049747,2.73,3.0004
-0.11145,2.6209,2.951
-0.074801,2.4933,2.8942
-0.073305,2.3496,2.83
-0.10846,2.2394,2.7596
-0.086019,2.1246,2.6832
-0.16043,1.9877,2.6012
-0.24793,1.8522,2.5139
-0.30141,1.7203,2.4216
-0.34179,1.5709,2.3238
-0.39227,1.435,2.2218
-0.39527,1.2917,2.1155
-0.36086,1.1305,2.0021
-0.36386,1.0064,1.8872
-0.26514,0.8326,1.7683
-0.14884,0.70316,1.6453
-0.09088,0.57065,1.5236
-0.023572,0.39801,1.3973
0.025414,0.24144,1.2682
0.022423,0.051778,1.1324
-0.025815,-0.098534,0.99386
-0.091628,-0.325,0.84868
-0.13762,-0.43009,0.70118
-0.14697,-0.65635,0.55377
-0.11294,-0.79925,0.39738
-0.05573,-0.96442,0.25121
-0.020954,-1.301,0.081777
0.068417,-0.47467,-0.025134
0.10207,0.08549,-0.012942
0.12713,-0.15303,-0.0099497
0.21874,-0.022032,-0.013609
0.16415,-0.068096,-0.0095448
0.1791,-0.053276,-0.013039
0.22061,-0.033399,-0.010148
0.13722,-0.059751,-0.012379
0.16602,-0.023209,-0.011236
0.19256,-0.052669,-0.011719
0.1705,-0.024236,-0.01218
0.18658,-0.037958,-0.011581
0.19369,-0.03536,-0.012683
0.1361,-0.030557,-0.011971
0.042242,-0.030355,-0.012589
0.01457,-0.023903,-0.012578
-0.041894,-0.031487,-0.01263
-0.042268,-0.022489,-0.013009
0.0044739,-0.028627,-0.012964
0.00073447,-0.026733,-0.01332
0.04972,-0.021012,-0.013463
0.056825,-0.025129,-0.01389
0.066922,-0.020506,-0.014198
0.082253,-0.017357,-0.013718
0.026536,-0.021953,-0.013849
-0.0067443,-0.023138,-0.014093
-0.034042,-0.015809,-0.013804
-0.12528,-0.01871,-0.013744
-0.17315,-0.01841,-0.01356
-0.1451,-0.016735,-0.013571
-0.12379,-0.023269,-0.013781
-0.069192,-0.016757,-0.01359
-0.0089879,-0.020694,-0.013984
0.045607,-0.020038,-0.014846
0.061312,-0.017046,-0.0153
0.062434,-0.027277,-0.016083
0.075148,-0.015734,-0.016173
0.05346,-0.023209,-0.016548
0.07627,-0.016424,-0.017242
0.071409,-0.019123,-0.017092
0.05346,-0.025781,-0.018273
0.078514,-0.008678,-0.017332
0.081879,-0.03157,-0.018794
0.067669,0.0031913,-0.018502
0.070287,-0.040953,-0.018134
0.079635,-0.0029458,-0.019885
0.04112,-0.021758,-0.017096
0.021301,-0.032391,-0.021231
0.024293,0.014543,-0.016736
0.01644,-0.085417,-0.021362
0.014944,0.089452,-0.017403
0.040746,-0.16231,-0.01888
0.059443,0.1882,-0.022539
0.063556,-0.45855,-0.0096835
0.098332,-3.0303,-0.22432
0.1002,-3.3311,-0.59721
0.10058,-2.9866,-0.898
0.12787,-3.2598,-1.1906
0.21238,-3.1356,-1.4583
0.27969,-3.3198,-1.7032
0.26885,-3.3154,-1.9359
0.24492,-3.3825,-2.1427
0.20004,-3.4251,-2.3369
0.21425,-3.427,-2.5066
0.22585,-3.4855,-2.6622
0.24866,-3.4606,-2.7997
0.29465,-3.4874,-2.9205
0.29689,-3.4571,-3.026
0.29054,-3.4481,-3.1141
0.20229,-3.4107,-3.1884
0.17462,-3.3674,-3.2469
0.15928,-3.3291,-3.2917
0.035511,-3.2595,-3.3229
0.00036053,-3.2082,-3.3399
0.012327,-3.1259,-3.3446
0.009709,-3.0755,-3.3379
0.032519,-2.8775,-3.3243
0.093471,-2.5026,-3.3152
0.12301,-2.2422,-3.309
0.18359,-2.0242,-3.2993
0.26922,-1.8314,-3.286
0.17611,-1.678,-3.2658
0.094219,-1.5267,-3.2381
0.036259,-1.4165,-3.2022
-0.0089879,-1.2974,-3.1579
-0.040773,-1.1892,-3.1057
-0.13388,-1.0876,-3.0459
-0.086019,-0.98332,-2.9792
-0.098733,-0.88844,-2.9053
-0.12341,-0.78524,-2.8247
-0.13276,-0.66905,-2.7369
-0.18698,-0.54692,-2.6398
-0.13314,-0.45891,-2.5358
-0.24569,-0.36147,-2.4278
-0.31861,-0.24392,-2.313
-0.313,-0.1736,-2.1949
-0.36199,-0.06128,-2.0737
-0.24793,0.050125,-1.945
-0.20306,0.16711,-1.812
-0.16567,0.31442,-1.6698
-0.078914,0.42136,-1.5221
-0.13762,0.57075,-1.3664
-0.15557,0.64808,-1.2071
-0.16455,0.82066,-1.044
-0.19035,0.89859,-0.87302
-0.17614,1.0417,-0.70594
-0.18025,1.1922,-0.52479
-0.1365,1.2067,-0.35428
-0.094246,1.6044,-0.16136
-0.0018831,0.79975,0.00018427
0.093845,-0.14259,0.0078776
0.1447,0.12044,-0.0062718
0.22697,0.0232,0.0025687
0.24005,0.024579,-0.0039586
0.18808,0.056498,0.0007279
0.12563,0.00047704,-0.0017915
0.091228,0.053593,-0.00041185
0.090854,-0.0065561,-0.00025814
0.11441,0.03282,-0.0010792
0.13199,0.012691,0.00061167
0.13909,0.013336,-0.00055807
0.14769,0.016122,0.00045421
0.14657,0.0056432,0.00019176
0.16041,0.015102,0.00060417
0.1346,0.0060331,0.00082912
0.096463,0.01262,0.0010803
0.075148,0.00019211,0.0014177
0.03925,0.0099245,0.0017214
0.039998,0.018465,0.0027899
0.061686,0.0099245,0.0036635
0.068791,0.013824,0.0046083
0.10805,0.012166,0.0059205
0.13984,0.0055757,0.0062992
0.084123,0.010161,0.0067753
0.02691,0.00039831,0.0074539
-0.0059964,0.011304,0.0074576
-0.088637,-0.0050565,0.0087174
-0.15071,-0.0037069,0.0081512
-0.14847,0.022461,0.0097634
-0.12753,-0.018234,0.0089348
-0.094246,0.033356,0.0099846
-0.043764,-0.02592,0.010832
-0.0063704,0.028553,0.0090211
0.015318,-0.0061175,0.013198
0.051216,-0.022493,0.0077126
0.05159,0.060784,0.015001
0.042616,-0.10289,0.0081475
0.03065,0.17327,0.0146
-0.014971,-0.29235,0.011233
-0.020206,0.84102,0.014405
0.023171,3.4377,0.28989
0.1548,3.2729,0.69495
0.23108,3.0036,1.0339
0.24978,3.1909,1.3866
0.37168,2.9771,1.71
0.34924,3.0997,2.0175
0.33242,3.0023,2.3118
0.45208,3.0828,2.5873
0.40571,3.0881,2.8567
0.48087,3.0833,3.1063
0.49845,3.1221,3.347
0.34177,3.1035,3.5723
0.50854,3.1387,3.7872
0.42889,3.0953,3.9908
0.32008,3.0876,4.1801
0.49284,3.0681,4.3592
0.4446,3.0545,4.5285
0.56875,3.0428,4.6891
0.57136,2.9716,4.8382
0.32157,2.894,4.9737
0.43488,2.8171,5.0956
0.50705,2.7513,5.2049
0.27034,2.681,5.3029
0.16714,2.5945,5.389
0.11479,2.5135,5.462
0.17873,2.4271,5.5225
0.47863,2.33,5.5707
0.47003,2.2357,5.6069
0.35373,2.1398,5.6323
0.36645,2.038,5.6458
0.065052,1.9445,5.6476
-0.30066,1.8502,5.6387
-0.43603,1.7584,5.6193
-0.5856,1.6826,5.5912
-0.6559,1.6147,5.5558
-0.56616,1.5261,5.5118
-0.61103,1.4283,5.4588
-0.51306,1.3588,5.3979
-0.16604,1.2785,5.3279
-0.037781,1.1857,5.2486
0.1017,1.0992,5.1621
0.043363,1.0149,5.0682
-0.32272,0.93105,4.9671
-0.40761,0.84257,4.8595
-0.48426,0.75928,4.7455
-0.49773,0.66431,4.6246
-0.36722,0.58341,4.4974
-0.2786,0.49305,4.3655
-0.1638,0.38201,4.2256
-0.15595,0.30941,4.0799
-0.11855,0.21617,3.931
-0.19857,0.12299,3.776
-0.27037,0.063205,3.6184
-0.27037,-0.034156,3.458
-0.38367,-0.14,3.2912
-0.46295,-0.25546,3.118
-0.49062,-0.36798,2.9382
-0.32235,-0.48457,2.7525
-0.13351,-0.58797,2.5602
0.094967,-0.67919,2.3659
0.29353,-0.80901,2.165
0.28306,-0.88318,1.9613
0.23706,-1.0297,1.7539
0.031771,-1.1022,1.5409
-0.15071,-1.2337,1.3292
-0.26962,-1.3446,1.1076
-0.34852,-1.4182,0.89171
-0.28458,-1.6308,0.66296
-0.20344,-1.5442,0.4432
-0.081158,-1.9544,0.21526
0.027284,-1.3851,-0.010471
0.16938,0.024017,-0.059975
0.21388,-0.10165,-0.033183
0.20266,-0.14821,-0.044742
0.1978,-0.041744,-0.038335
0.0078393,-0.13513,-0.041248
-0.083402,-0.034081,-0.040232
-0.11668,-0.10467,-0.039692
-0.15333,-0.050937,-0.041731
-0.051243,-0.068096,-0.039399
0.03738,-0.065937,-0.041544
0.10918,-0.048395,-0.040322
0.14096,-0.065322,-0.041424
0.074774,-0.041756,-0.041195
-0.039651,-0.063466,-0.041649
-0.11706,-0.05436,-0.043137
-0.16455,-0.050611,-0.043407
-0.18661,-0.057895,-0.044791
-0.14248,-0.046048,-0.04593
-0.08415,-0.046644,-0.046527
0.024293,-0.053614,-0.047644
0.1361,-0.038726,-0.048131
0.23258,-0.053344,-0.049196
0.25539,-0.029826,-0.0498
0.2064,-0.041062,-0.049312
0.18322,-0.034351,-0.051475
0.042989,-0.024023,-0.049886
-0.091254,-0.058247,-0.052368
-0.14248,0.0036562,-0.050804
-0.1709,-0.073783,-0.051753
-0.064705,0.018176,-0.053058
0.046355,-0.070578,-0.049522
0.10506,-0.014789,-0.056544
0.18883,0.001718,-0.04659
0.24679,-0.13273,-0.061355
0.20378,0.25809,-0.040277
0.1189,-1.6977,-0.106
0.11105,-3.4943,-0.46529
0.033267,-2.9051,-0.85724
-0.022824,-3.034,-1.1979
0.16003,-2.9964,-1.5526
0.25576,-2.8671,-1.871
0.30662,-2.9226,-2.1833
0.51041,-2.8108,-2.476
0.4001,-2.8845,-2.7594
0.29689,-2.812,-3.0315
0.3743,-2.8345,-3.2874
0.1978,-2.8147,-3.5353
0.19107,-2.8007,-3.7679
0.25688,-2.8034,-3.9918
0.261,-2.7505,-4.2015
0.37579,-2.7411,-4.3987
0.43413,-2.7243,-4.5858
0.47863,-2.7267,-4.764
0.50106,-2.6863,-4.9323
0.51191,-2.6234,-5.0852
0.4345,-2.5714,-5.2235
0.39113,-2.5192,-5.3483
0.39711,-2.4713,-5.4606
0.29652,-2.4104,-5.5601
0.31222,-2.3454,-5.6462
0.33092,-2.2799,-5.7188
0.34326,-2.2133,-5.7784
0.41655,-2.1413,-5.825
0.38178,-2.0691,-5.8587
0.33616,-1.9965,-5.88
0.26847,-1.9136,-5.8887
0.14283,-1.8339,-5.8854
-0.010484,-1.7586,-5.871
-0.075549,-1.6901,-5.8469
-0.1193,-1.626,-5.8149
-0.21241,-1.5506,-5.7742
-0.17016,-1.4722,-5.7247
-0.16081,-1.3979,-5.6669
-0.15931,-1.3168,-5.6007
-0.09275,-1.2278,-5.5253
-0.12304,-1.1406,-5.4417
-0.17389,-1.0577,-5.3504
-0.20643,-0.97385,-5.2513
-0.28346,-0.88699,-5.1455
-0.35152,-0.8013,-5.0329
-0.37283,-0.71678,-4.9136
-0.3661,-0.63524,-4.7884
-0.34142,-0.54554,-4.657
-0.33992,-0.43603,-4.5176
-0.33244,-0.34728,-4.3708
-0.34852,-0.27397,-4.2205
-0.3732,-0.18062,-4.0659
-0.3762,-0.10177,-3.9061
-0.41284,-0.023588,-3.7439
-0.44425,0.076514,-3.5771
-0.43715,0.17689,-3.4043
-0.39751,0.29845,-3.2247
-0.35563,0.40565,-3.038
-0.28121,0.52205,-2.8457
-0.21017,0.62156,-2.6472
-0.16754,0.72253,-2.4465
-0.1107,0.84266,-2.2394
-0.12042,0.90613,-2.0304
-0.13874,1.0615,-1.8166
-0.17614,1.1254,-1.5984
-0.20418,1.2761,-1.3804
-0.15295,1.3702,-1.153
-0.13725,1.4681,-0.93129
-0.073305,1.6513,-0.69603
0.045233,1.5709,-0.47452
0.11366,1.9967,-0.23841
0.18022,1.2161,-0.020249
0.25015,-0.10995,0.011507
0.23258,0.12047,-0.011678
0.22024,0.088369,0.00087411
0.25763,0.021412,-0.0066355
0.14956,0.090108,-0.0021627
0.10245,0.002584,-0.0040973
0.16377,0.073365,-0.0036361
0.13012,0.011278,-0.0021215
0.16115,0.043501,-0.0038686
0.17723,0.023623,-0.0015966
0.1346,0.015537,-0.0028301
0.10918,0.023961,-0.0014466
0.06206,0.0080013,-0.0016866
0.042242,0.030837,-0.0012029
0.009709,0.012069,-0.00073428
-0.027311,0.017633,-0.00084675
-0.016467,0.018637,0.00016927
0.011579,0.016898,0.00054794
0.034763,0.021974,0.0017402
0.087114,0.019308,0.0027524
0.11965,0.013081,0.0035248
0.11479,0.0059506,0.0047695
0.11254,0.011282,0.0051294
0.071783,0.016028,0.0061454
-0.0074922,0.00087818,0.0063366
-0.085645,0.017408,0.0064941
-0.10359,0.0032813,0.0076339
-0.10434,0.010119,0.0070003
-0.069192,0.014791,0.0088636
0.0085872,-0.010046,0.0073039
0.045233,0.029048,0.0093022
0.11927,-0.032357,0.0088711
0.17275,0.044948,0.0086236
0.17237,-0.030666,0.011342
0.16377,0.016534,0.0069328
0.11217,0.020257,0.014412
0.099828,-0.065206,0.0049232
0.058321,0.15104,0.016594
0.035511,-0.31384,0.0021976
0.075522,1.3324,0.039393
0.074774,3.5127,0.36121
0.22622,2.9843,0.74864
0.26212,2.889,1.0766
0.20341,2.9385,1.42
0.31036,2.7429,1.7295
0.16751,2.799,2.0292
0.12339,2.6615,2.3102
0.19032,2.7254,2.5782
0.10132,2.6553,2.8378
0.22024,2.6321,3.0779
0.23706,2.626,3.3089
0.2251,2.5954,3.5263
0.38103,2.6086,3.7362
0.43301,2.5544,3.9331
0.39038,2.5036,4.1142
0.32008,2.4382,4.2796
0.23706,2.3895,4.4296
0.077766,2.33,4.5663
0.03925,2.2641,4.6888
-0.0041267,2.2079,4.7969
-0.063583,2.1351,4.8902
0.042989,2.0647,4.9694
0.051964,2.0014,5.0354
0.15181,1.9317,5.0889
0.24342,1.8511,5.1291
0.24828,1.7757,5.1556
0.25838,1.6981,5.1695
0.13647,1.6175,5.1718
0.054582,1.5614,5.1642
-0.070688,1.4991,5.1479
-0.12715,1.4274,5.1223
-0.12192,1.3603,5.0875
-0.10995,1.2815,5.0441
-0.016093,1.1998,4.9909
-0.031798,1.1144,4.9281
0.017936,1.0316,4.8571
0.030276,0.95595,4.7776
-0.037781,0.87682,4.6902
-0.049373,0.79643,4.5957
-0.12678,0.71306,4.4944
-0.20119,0.61767,4.3857
-0.20157,0.53869,4.2698
-0.20306,0.46016,4.1488
-0.21391,0.34767,4.0199
-0.17427,0.26561,3.8836
-0.20082,0.18883,3.7427
-0.20044,0.09839,3.5964
-0.20718,0.028613,3.4465
-0.30515,-0.051833,3.2934
-0.34254,-0.1542,3.1356
-0.39751,-0.26901,2.9701
-0.4192,-0.36646,2.7983
-0.40948,-0.49032,2.6198
-0.38629,-0.58292,2.4349
-0.32983,-0.69374,2.2466
-0.25728,-0.79781,2.0513
-0.16866,-0.88568,1.8548
-0.17539,-1.0242,1.6505
-0.15221,-1.0755,1.4459
-0.16006,-1.2511,1.2368
-0.22325,-1.288,1.0224
-0.22475,-1.466,0.81064
-0.26327,-1.5529,0.58513
-0.23634,-1.6018,0.3759
-0.16903,-1.9301,0.13749
-0.056478,-0.73535,-0.032332
0.064304,0.13759,-0.02549
0.10544,-0.20285,-0.016541
0.22173,-0.035015,-0.024174
0.23407,-0.083531,-0.017497
0.1963,-0.072617,-0.022678
0.24641,-0.040039,-0.018873
0.20378,-0.083883,-0.021523
0.18733,-0.022741,-0.02062
0.21388,-0.071406,-0.020579
0.18247,-0.03353,-0.021696
0.1791,-0.046862,-0.020792
0.1978,-0.044965,-0.022288
0.17237,-0.032664,-0.021598
0.1361,-0.042352,-0.022217
0.098332,-0.032376,-0.022404
0.046729,-0.039379,-0.022603
0.010831,-0.030985,-0.022854
-0.013849,-0.032878,-0.023357
0.0059696,-0.038719,-0.024294
0.069539,-0.034651,-0.025138
0.091228,-0.032263,-0.026135
0.094219,-0.035701,-0.027046
0.13423,-0.024694,-0.027792
0.098332,-0.028203,-0.028077
0.020927,-0.031858,-0.029205
-0.019458,-0.019846,-0.028759
-0.12453,-0.034497,-0.029625
-0.21204,-0.015636,-0.030049
-0.23335,-0.038164,-0.029925
-0.25205,-0.010271,-0.031354
-0.23634,-0.022673,-0.029888
-0.18436,-0.033781,-0.032748
-0.15632,0.0042973,-0.030135
-0.13127,-0.062761,-0.033045
-0.048251,0.041814,-0.031759
0.003352,-0.084869,-0.031417
0.022797,0.048221,-0.035347
0.048599,-0.060861,-0.027245
0.044111,-0.023745,-0.042309
0.078514,0.11364,-0.01512
0.085618,-2.2598,-0.13567
0.13124,-3.4647,-0.51948
0.21126,-2.7859,-0.88116
0.20528,-2.997,-1.2131
0.44011,-2.8378,-1.5482
0.56276,-2.7925,-1.849
0.49471,-2.7743,-2.1444
0.63755,-2.6924,-2.4161
0.50705,-2.7493,-2.682
0.42665,-2.6613,-2.9329
0.52537,-2.6797,-3.1687
0.45133,-2.6419,-3.3939
0.54182,-2.658,-3.6074
0.63045,-2.6396,-3.8135
0.61474,-2.5744,-4.0028
0.58483,-2.5289,-4.1774
0.55379,-2.4656,-4.336
0.43375,-2.4273,-4.4807
0.2853,-2.3664,-4.6122
0.2322,-2.3047,-4.7284
0.065052,-2.2374,-4.8305
0.060191,-2.1687,-4.9179
0.1103,-2.1086,-4.9919
0.10805,-2.0397,-5.0532
0.23445,-1.9675,-5.1009
0.26062,-1.8885,-5.1357
0.27633,-1.8099,-5.1576
0.21388,-1.7365,-5.1671
0.092723,-1.6682,-5.1656
-0.027311,-1.6049,-5.1546
-0.16791,-1.5381,-5.1345
-0.23709,-1.4663,-5.1052
-0.33282,-1.3928,-5.0667
-0.28944,-1.317,-5.0191
-0.2513,-1.235,-4.9625
-0.25579,-1.1498,-4.8967
-0.1881,-1.0675,-4.8223
-0.20643,-0.98907,-4.7401
-0.1967,-0.90299,-4.6499
-0.20755,-0.81726,-4.5524
-0.24831,-0.7337,-4.4479
-0.26588,-0.64931,-4.3367
-0.26177,-0.56936,-4.2193
-0.22625,-0.45765,-4.0944
-0.20269,-0.35944,-3.9613
-0.16791,-0.29713,-3.8235
-0.14398,-0.19977,-3.6818
-0.14061,-0.10751,-3.5346
-0.18511,-0.034074,-3.3832
-0.24046,0.052648,-3.2285
-0.28832,0.1658,-3.0677
-0.35077,0.26837,-2.8999
-0.38218,0.38421,-2.7262
-0.35488,0.50926,-2.5439
-0.2943,0.59282,-2.3577
-0.24008,0.72322,-2.1662
-0.14174,0.79944,-1.9706
-0.065827,0.93337,-1.7714
-0.039651,1.0169,-1.566
-0.011605,1.1333,-1.3618
-0.058348,1.2714,-1.1468
-0.10771,1.3151,-0.93721
-0.14884,1.5574,-0.71653
-0.19558,1.4832,-0.4994
-0.18399,1.8428,-0.28125
-0.16866,1.4852,-0.050516
-0.11257,0.028872,0.018893
-0.050495,0.024549,-0.0099835
0.035137,0.14445,0.00083287
0.11404,-0.010882,-0.0038198
0.085618,0.099458,-0.0021477
0.11853,-0.0042467,-0.0013416
0.14694,0.059719,-0.003145
0.14246,0.02284,-0.00022064
0.1892,0.022439,-0.0026051
0.20154,0.033671,-0.00040435
0.20715,0.011207,-0.0013154
0.21612,0.034683,-0.00044559
0.21724,0.010164,-0.00016816
0.18995,0.02317,-0.00030687
0.15928,0.014997,0.00070915
0.12376,0.012485,0.00043921
0.056451,0.015443,0.0009341
0.0040999,0.0069441,0.0012753
-0.063209,0.010749,0.0018451
-0.062087,0.010247,0.00255
-0.015345,0.014738,0.003671
0.02504,0.014217,0.0047208
0.10693,0.010288,0.0054031
0.11666,0.0085449,0.0060967
0.10955,0.0093772,0.0062542
0.10619,0.010427,0.0072364
0.053834,0.0023066,0.0073002
0.0052217,0.013801,0.0081063
-0.027311,-0.0080295,0.0085861
-0.054608,0.015642,0.0083462
-0.10322,-0.00090635,0.010071
-0.099107,-0.0029796,0.0081287
-0.085271,0.022338,0.010948
-0.083028,-0.032555,0.0093247
-0.022076,0.049334,0.010911
-0.00076128,-0.051608,0.011158
-0.014597,0.054185,0.0089836
-0.04339,-0.031071,0.01475
-0.043764,-0.0007264,0.0053769
-0.059844,0.077594,0.020389
-0.075923,-0.24436,-0.0034262
-0.016093,1.9235,0.080773
0.041494,3.5558,0.44181
0.20752,2.8584,0.81137
0.2251,2.9645,1.1387
0.2666,2.8778,1.4754
0.39075,2.7795,1.7765
0.23145,2.8009,2.0713
0.32157,2.6939,2.3439
0.34812,2.7607,2.6078
0.26361,2.6564,2.8579
0.44983,2.6703,3.091
0.41618,2.6636,3.3163
0.42815,2.6567,3.5286
0.55491,2.6348,3.7319
0.56987,2.573,3.9193
0.56052,2.5256,4.0907
0.55192,2.4497,4.2459
0.45582,2.4217,4.3873
0.26847,2.3488,4.5153
0.26623,2.2878,4.628
0.17574,2.2312,4.7272
0.13049,2.1224,4.8114
0.23632,2.0798,4.8818
0.21762,2.0272,4.94
0.3399,1.94,4.9846
0.39561,1.8732,5.0157
0.36869,1.7874,5.0343
0.35635,1.7115,5.0405
0.24417,1.6456,5.0362
0.10693,1.5807,5.0231
-0.04526,1.5173,5.0009
-0.12827,1.4424,4.969
-0.23335,1.3704,4.9281
-0.22213,1.288,4.8785
-0.21652,1.2021,4.8192
-0.2786,1.1253,4.7511
-0.19222,1.0401,4.6754
-0.21166,0.95625,4.5912
-0.2513,0.87443,4.4996
-0.25878,0.78701,4.401
-0.30178,0.69283,4.2952
-0.34291,0.61177,4.1822
-0.36273,0.53751,4.0633
-0.33469,0.43025,3.9383
-0.32796,0.33277,3.8051
-0.29243,0.25222,3.6665
-0.27336,0.16247,3.5233
-0.29804,0.081227,3.3754
-0.32646,0.0056732,3.2251
-0.36647,-0.093844,3.0705
-0.40574,-0.20731,2.9081
-0.44276,-0.30737,2.7399
-0.45771,-0.43615,2.5641
-0.43528,-0.52637,2.3825
-0.38816,-0.64371,2.1971
-0.30627,-0.74079,2.0051
-0.20194,-0.84141,1.812
-0.12341,-0.97746,1.6109
-0.05573,-1.0329,1.4101
-0.030676,-1.2144,1.2031
-0.044886,-1.2447,0.99309
-0.07854,-1.4494,0.7835
-0.11855,-1.5067,0.56175
-0.14174,-1.6099,0.35526
-0.16679,-1.8717,0.1177
-0.099107,-0.59322,-0.034953
-0.022824,0.12434,-0.020455
0.0082132,-0.20754,-0.015881
0.14171,-0.022444,-0.021403
0.1907,-0.089949,-0.015866
0.16228,-0.058574,-0.020684
0.21687,-0.046648,-0.016758
0.19369,-0.074121,-0.019776
0.17836,-0.025185,-0.018205
0.2165,-0.068655,-0.01864
0.18396,-0.029414,-0.019544
0.17536,-0.045733,-0.018884
0.1806,-0.038052,-0.020076
0.13872,-0.036128,-0.019593
0.12638,-0.044908,-0.02056
0.10955,-0.037054,-0.02047
0.027284,-0.035161,-0.020691
-0.019084,-0.026977,-0.020942
-0.028433,-0.032983,-0.021216
-0.062087,-0.029792,-0.021857
-0.053113,-0.031941,-0.022528
-0.03292,-0.034025,-0.023675
-0.019458,-0.028368,-0.024298
0.034015,-0.034869,-0.025183
0.050468,-0.028004,-0.025662
0.045981,-0.029151,-0.025962
0.044485,-0.029061,-0.026978
-0.016093,-0.025125,-0.026544
-0.064705,-0.028829,-0.0278
-0.079288,-0.0078608,-0.027473
-0.12192,-0.040398,-0.028122
-0.13089,-0.0056189,-0.028891
-0.099481,-0.034408,-0.027867
-0.078166,-0.020262,-0.03063
-0.026189,-0.0065411,-0.027608
0.021301,-0.048642,-0.031639
0.037006,0.037645,-0.028231
0.035137,-0.095423,-0.031024
0.047477,0.076526,-0.031279
0.027284,-0.12351,-0.027027
0.0044739,0.09048,-0.038395
0.03738,-0.141,-0.013639
-0.0015092,-2.7083,-0.18862
0.085245,-3.3564,-0.58705
0.16714,-2.7699,-0.93215
0.172,-3.026,-1.2653
0.43899,-2.8075,-1.5905
0.52275,-2.837,-1.8862
0.52911,-2.7717,-2.1745
0.67158,-2.7436,-2.4398
0.50181,-2.7682,-2.7006
0.48012,-2.6831,-2.9419
0.57697,-2.7225,-3.171
0.49284,-2.696,-3.3907
0.57398,-2.7113,-3.5998
0.64017,-2.6553,-3.7974
0.58445,-2.5939,-3.9764
0.54481,-2.5502,-4.1408
0.50368,-2.4855,-4.2897
0.34438,-2.4451,-4.4255
0.24267,-2.3844,-4.5472
0.18284,-2.3217,-4.654
0.052712,-2.2561,-4.7469
0.1275,-2.1874,-4.8254
0.16228,-2.1233,-4.8911
0.19443,-2.0532,-4.9439
0.34775,-1.9752,-4.9831
0.36233,-1.8963,-5.0094
0.35747,-1.8211,-5.0235
0.33765,-1.7511,-5.0262
0.2494,-1.6862,-5.019
0.11778,-1.6185,-5.0033
0.011205,-1.5465,-4.9782
-0.11294,-1.4694,-4.9435
-0.24644,-1.3889,-4.8997
-0.23186,-1.3096,-4.8469
-0.25953,-1.2233,-4.7849
-0.28159,-1.1361,-4.7138
-0.24793,-1.0541,-4.6348
-0.29243,-0.9699,-4.5482
-0.3231,-0.88683,-4.4542
-0.32235,-0.80178,-4.3531
-0.34179,-0.7134,-4.2454
-0.38367,-0.63058,-4.1315
-0.35825,-0.52932,-4.0107
-0.35451,-0.42048,-3.8813
-0.35114,-0.33908,-3.7458
-0.30627,-0.25852,-3.6068
-0.30776,-0.16898,-3.4628
-0.29692,-0.085094,-3.3142
-0.34142,-0.002987,-3.1627
-0.38255,0.11113,-3.0054
-0.43303,0.21638,-2.8409
-0.50595,0.33454,-2.6703
-0.5082,0.45537,-2.4913
-0.47978,0.55,-2.3085
-0.41284,0.6772,-2.1193
-0.33469,0.7498,-1.9271
-0.22213,0.89738,-1.7312
-0.13949,0.96565,-1.5293
-0.085645,1.0971,-1.3282
-0.03479,1.2294,-1.1169
-0.049373,1.2904,-0.91107
-0.055356,1.53,-0.69252
-0.063209,1.455,-0.47997
-0.079662,1.8488,-0.26196
-0.084897,1.3834,-0.038556
-0.054608,-0.027558,0.017554
-0.035538,0.046849,-0.010021
0.054582,0.12066,0.0017552
0.20378,-0.0026796,-0.0037336
0.16078,0.099646,-0.0014204
0.19855,-0.0023685,-0.0014616
0.27184,0.065189,-0.0024252
0.20864,0.015972,-5.568e-05
0.24267,0.02576,-0.0022602
0.23071,0.034983,4.9296e-05
0.21687,0.0085487,-0.00095548
0.2408,0.025704,-0.00013441
0.21575,0.0088786,7.929e-05
0.21463,0.022757,0.00023301
0.18247,0.01316,0.00088161
0.12974,0.0074202,0.00096034
0.091228,0.0092347,0.0015152
0.06206,0.01256,0.0015602
-0.0018831,0.016047,0.0022801
-0.055356,0.015792,0.0029624
-0.032546,0.01848,0.0040422
-0.029928,0.011162,0.0049944
-0.016467,0.0083312,0.0057968
0.035137,0.0057069,0.0064379
0.023171,0.012013,0.0067453
0.011205,0.0072852,0.0076001
0.0014823,0.0053957,0.0074576
-0.05573,0.014405,0.0088186
-0.08415,-0.0055551,0.0084587
-0.10808,0.022191,0.0090173
-0.1451,-0.010766,0.0099396
-0.14473,0.017355,0.0088411
-0.12229,-0.0043554,0.011462
-0.09275,-0.010324,0.0088223
-0.042268,0.035695,0.01277
0.01644,-0.060283,0.0091635
0.025788,0.080837,0.011863
0.019805,-0.094898,0.01247
0.053834,0.10633,0.0080013
0.023545,-0.095981,0.019815
0.047103,0.095578,-0.0056569
0.087862,2.7222,0.1642
0.15181,3.4512,0.56056
0.3025,2.8097,0.90721
0.27147,3.0488,1.2421
0.40534,2.832,1.5697
0.45694,2.8558,1.8675
0.33092,2.8068,2.1584
0.49209,2.7562,2.4256
0.44796,2.7877,2.6878
0.44909,2.7281,2.9325
0.55865,2.7556,3.1648
0.49209,2.712,3.3852
0.57286,2.7365,3.5942
0.63531,2.7147,3.7943
0.62559,2.6553,3.979
0.59156,2.6085,4.1495
0.56127,2.5451,4.3027
0.44647,2.4973,4.441
0.32643,2.449,4.5659
0.30624,2.3787,4.6772
0.1705,2.314,4.7744
0.18359,2.2524,4.8567
0.24529,2.1832,4.9259
0.26997,2.1219,4.9823
0.36645,2.0403,5.0257
0.37542,1.9575,5.0559
0.40421,1.8791,5.0729
0.36121,1.8027,5.0781
0.28755,1.7372,5.0725
0.15928,1.6706,5.0575
0.0089611,1.6023,5.0344
-0.094246,1.5304,5.0021
-0.26065,1.4545,4.9608
-0.27261,1.3691,4.9104
-0.31524,1.2874,4.8509
-0.36311,1.2006,4.7825
-0.31823,1.1093,4.7055
-0.34665,1.0342,4.6211
-0.38517,0.93868,4.5293
-0.42481,0.84894,4.4302
-0.42369,0.77313,4.3246
-0.4809,0.67954,4.2119
-0.48651,0.60309,4.0929
-0.4622,0.50113,3.9683
-0.46856,0.39253,3.8359
-0.41508,0.31993,3.6979
-0.42593,0.2274,3.5554
-0.41845,0.13835,3.4076
-0.44201,0.066062,3.2569
-0.49286,-0.028814,3.1034
-0.51605,-0.14916,2.9426
-0.5684,-0.24971,2.775
-0.57214,-0.37476,2.6013
-0.56092,-0.48225,2.4196
-0.51792,-0.58905,2.2348
-0.4364,-0.7046,2.0438
-0.3317,-0.78875,1.8507
-0.22999,-0.93288,1.6516
-0.16791,-0.98632,1.4504
-0.12566,-1.1597,1.2465
-0.13613,-1.2281,1.0352
-0.14697,-1.3695,0.8287
-0.15856,-1.524,0.60731
-0.16193,-1.5099,0.40039
-0.14921,-1.9153,0.17043
-0.10696,-0.96279,-0.020151
-0.022076,0.12841,-0.030623
0.009709,-0.16922,-0.014404
0.12376,-0.066447,-0.024703
0.21425,-0.061637,-0.017114
0.1978,-0.092094,-0.022266
0.26997,-0.024743,-0.019068
0.24529,-0.088971,-0.020631
0.20752,-0.026816,-0.020957
0.27296,-0.063624,-0.019836
0.24118,-0.038843,-0.021808
0.2236,-0.041084,-0.020365
0.24305,-0.046273,-0.021553
0.21089,-0.032552,-0.021411
0.172,-0.044631,-0.021842
0.12226,-0.032256,-0.022033
0.085618,-0.034599,-0.022202
0.046729,-0.029373,-0.022614
-0.01871,-0.031112,-0.022749
-0.058348,-0.032942,-0.023503
-0.025441,-0.03446,-0.024249
-0.0045007,-0.033564,-0.025516
-0.019458,-0.030426,-0.026262
0.035885,-0.030306,-0.026903
0.0744,-0.025489,-0.027387
0.064678,-0.032863,-0.027957
0.043737,-0.02081,-0.028486
-0.012727,-0.031502,-0.028478
-0.050121,-0.024169,-0.029775
-0.08041,-0.016285,-0.028995
-0.1193,-0.040575,-0.030623
-0.12304,-0.0037031,-0.030053
-0.10883,-0.047214,-0.030488
-0.081906,0.0065879,-0.031515
-0.029555,-0.043544,-0.029794
0.025414,-0.017878,-0.033997
0.071409,0.0020179,-0.028628
0.086366,-0.078398,-0.035317
0.099828,0.083728,-0.028936
0.08674,-0.18692,-0.034481
0.088984,0.25109,-0.032467
0.10619,-0.76014,-0.031744
0.083001,-3.2477,-0.29729
0.17499,-3.1238,-0.69871
0.21425,-2.8493,-1.0289
0.31222,-3.0375,-1.369
0.55641,-2.8077,-1.6824
0.55117,-2.8952,-1.978
0.64241,-2.7768,-2.2599
0.70411,-2.8203,-2.5232
0.53098,-2.7969,-2.7813
0.61437,-2.7586,-3.0187
0.61138,-2.7743,-3.2469
0.54108,-2.749,-3.4619
0.63942,-2.7798,-3.6683
0.67233,-2.7236,-3.8632
0.65064,-2.6795,-4.0412
0.59604,-2.6229,-4.2043
0.54257,-2.5714,-4.3518
0.38365,-2.5269,-4.4861
0.30662,-2.4641,-4.6057
0.24005,-2.4057,-4.7117
0.11441,-2.3285,-4.8027
0.19518,-2.26,-4.8793
0.21238,-2.2031,-4.9437
0.27184,-2.1327,-4.9949
0.39487,-2.0574,-5.034
0.39748,-1.9771,-5.06
0.40496,-1.8963,-5.073
0.33354,-1.8243,-5.0749
0.23557,-1.7556,-5.0666
0.087862,-1.6864,-5.0494
-0.056478,-1.6133,-5.0235
-0.16305,-1.5401,-4.9882
-0.30066,-1.4577,-4.9438
-0.33581,-1.3756,-4.8908
-0.37844,-1.2954,-4.8287
-0.38891,-1.2026,-4.7579
-0.37133,-1.1168,-4.6791
-0.4177,-1.0315,-4.5924
-0.4278,-0.94272,-4.4981
-0.43677,-0.85475,-4.3971
-0.44575,-0.76419,-4.2893
-0.45024,-0.68202,-4.175
-0.44051,-0.58684,-4.0548
-0.42107,-0.47643,-3.9267
-0.39227,-0.38625,-3.7911
-0.38106,-0.30882,-3.6519
-0.39938,-0.21823,-3.5082
-0.40686,-0.13103,-3.3594
-0.46183,-0.053587,-3.2077
-0.49473,0.061016,-3.0514
-0.55195,0.16814,-2.888
-0.61439,0.27884,-2.7189
-0.60205,0.41403,-2.5415
-0.58448,0.49875,-2.3588
-0.49099,0.63431,-2.1716
-0.38667,0.71734,-1.9796
-0.26439,0.83969,-1.7848
-0.15445,0.94979,-1.5819
-0.10771,1.0367,-1.3812
-0.073305,1.2094,-1.1717
-0.067696,1.2287,-0.96428
-0.060591,1.4811,-0.75082
-0.08228,1.457,-0.5328
-0.074801,1.7128,-0.32393
-0.071062,1.689,-0.087033
-0.036659,0.2354,0.020149
0.024293,-0.066671,-0.0074453
0.062808,0.18072,-0.0014166
0.1892,-0.014377,-0.001784
0.20117,0.096377,-0.0037599
0.20565,0.0091485,-0.00059931
0.27707,0.048948,-0.0039173
0.24903,0.035414,-0.00037811
0.29203,0.012523,-0.0026351
0.31335,0.045225,-0.00077177
0.2853,0.0079788,-0.00091424
0.304,0.034481,-0.001023
0.28904,0.013595,-0.00012317
0.26773,0.020099,-0.00043435
0.23445,0.017501,0.00039422
0.18957,0.012279,0.00036423
0.126,0.017269,0.0010016
0.055703,0.012395,0.0011553
-0.0059964,0.017246,0.0014027
-0.055356,0.014735,0.0025312
-0.045634,0.017149,0.0040796
-0.04526,0.013362,0.0049495
-0.023198,0.013741,0.0057555
0.03065,0.0081175,0.0066516
0.031023,0.0079376,0.0066853
0.016066,0.015192,0.0076189
0.0018563,-0.004258,0.0073977
-0.036659,0.01103,0.0082337
-0.082654,-0.0055101,0.0089761
-0.11855,0.010584,0.0084737
-0.13949,0.002329,0.010449
-0.13314,-0.0048466,0.0087474
-0.12977,0.024148,0.011406
-0.10135,-0.031303,0.0095909
-0.038155,0.045398,0.010836
0.0011084,-0.050644,0.01157
0.043737,0.048333,0.009081
0.041868,-0.024593,0.015353
0.054208,-0.0098815,0.0055906
0.057573,0.085328,0.020479
0.061312,-0.26604,-0.0024102
0.11815,1.8479,0.07474
0.15143,3.5727,0.43225
0.33317,2.8975,0.80468
0.36607,2.9983,1.1321
0.40309,2.9405,1.4699
0.54631,2.8342,1.7709
0.38739,2.8732,2.0657
0.50368,2.7614,2.3377
0.58857,2.845,2.6005
0.49284,2.7545,2.8512
0.63007,2.7561,3.0841
0.57772,2.7592,3.3077
0.5852,2.7542,3.5179
0.67382,2.7555,3.7206
0.657,2.7069,3.909
0.62932,2.6604,4.0827
0.59343,2.5879,4.2397
0.53247,2.5466,4.3809
0.36607,2.4987,4.5097
0.32643,2.4324,4.6241
0.22585,2.3671,4.724
0.16602,2.2945,4.8097
0.25539,2.2347,4.8812
0.23407,2.1615,4.9402
0.34251,2.0779,4.9866
0.41356,2.0127,5.0197
0.40309,1.9278,5.0401
0.37953,1.8374,5.048
0.29315,1.7716,5.0447
0.17237,1.71,5.0324
-0.018336,1.6328,5.0109
-0.12528,1.5645,4.9806
-0.27523,1.492,4.9417
-0.36273,1.4053,4.8936
-0.39601,1.3268,4.8367
-0.45734,1.2345,4.771
-0.4106,1.1493,4.6967
-0.42556,1.0689,4.6147
-0.44612,0.97724,4.5253
-0.46482,0.89549,4.4286
-0.4708,0.81097,4.3251
-0.47379,0.71343,4.2147
-0.47978,0.6238,4.0974
-0.44089,0.53681,3.9749
-0.44612,0.43584,3.8453
-0.4192,0.33849,3.7083
-0.41322,0.2472,3.5669
-0.43902,0.16368,3.4205
-0.4809,0.091949,3.2709
-0.53774,0.0081063,3.1189
-0.55307,-0.11041,2.9604
-0.59458,-0.2135,2.7948
-0.62225,-0.33737,2.6238
-0.61327,-0.45241,2.4447
-0.57513,-0.54786,2.2617
-0.51231,-0.67586,2.0726
-0.40723,-0.75415,1.8807
-0.26887,-0.90251,1.684
-0.18923,-0.96725,1.4825
-0.12566,-1.1177,1.2807
-0.089385,-1.2236,1.0693
-0.096863,-1.307,0.8642
-0.11182,-1.5231,0.64546
-0.13314,-1.4618,0.43588
-0.14361,-1.8776,0.21412
-0.11743,-1.2422,0.0016427
-0.055356,0.067701,-0.036441
-0.014971,-0.11015,-0.012334
0.096463,-0.1126,-0.024103
0.172,-0.028514,-0.017354
0.1462,-0.11352,-0.020879
0.22659,-0.018523,-0.019416
0.23482,-0.088862,-0.019371
0.2064,-0.036095,-0.020942
0.2696,-0.054345,-0.018959
0.25987,-0.047244,-0.021167
0.23445,-0.034775,-0.020087
0.23183,-0.052069,-0.021077
0.22285,-0.035858,-0.020669
0.19443,-0.041628,-0.021059
0.14881,-0.030827,-0.021527
0.098706,-0.039109,-0.021628
0.048972,-0.03392,-0.022348
0.019805,-0.030216,-0.021932
-0.036285,-0.032792,-0.022704
-0.0576,-0.036334,-0.023563
-0.028807,-0.036222,-0.024452
-0.017589,-0.031157,-0.025632
0.01644,-0.034662,-0.026409
0.052712,-0.025234,-0.026675
0.066548,-0.034464,-0.027181
0.057947,-0.025676,-0.028088
0.042242,-0.020945,-0.027766
0.0078393,-0.036646,-0.029112
-0.052739,-0.011265,-0.028722
-0.080784,-0.038044,-0.029314
-0.088637,-0.0073359,-0.029989
-0.087141,-0.034419,-0.028951
-0.1021,-0.017278,-0.031935
-0.08228,-0.0093416,-0.028992
-0.015719,-0.055732,-0.032925
0.016066,0.040434,-0.02949
0.01831,-0.095951,-0.03183
0.029154,0.074546,-0.03273
0.051964,-0.11895,-0.027979
0.047477,0.072252,-0.040172
0.062808,-0.091632,-0.014036
0.058321,-2.6458,-0.18085
0.16115,-3.3851,-0.5783
0.2494,-2.7941,-0.92646
0.2595,-3.0618,-1.2603
0.53397,-2.8566,-1.587
0.61175,-2.8835,-1.8831
0.64129,-2.8303,-2.1721
0.79573,-2.7977,-2.4373
0.62559,-2.841,-2.6981
0.63344,-2.7647,-2.9407
0.68691,-2.796,-3.1706
0.58408,-2.7566,-3.3894
0.65213,-2.7829,-3.5968
0.69364,-2.76,-3.7954
0.65999,-2.7045,-3.9774
0.64727,-2.6581,-4.1444
0.62708,-2.5987,-4.2954
0.47526,-2.5566,-4.4328
0.39038,-2.496,-4.5563
0.3283,-2.4378,-4.6653
0.19369,-2.3713,-4.7606
0.24753,-2.3012,-4.8417
0.27521,-2.2369,-4.9092
0.30362,-2.1687,-4.9639
0.40234,-2.091,-5.0063
0.41431,-2.0081,-5.0351
0.41431,-1.9298,-5.0512
0.36906,-1.8544,-5.0559
0.26399,-1.784,-5.0501
0.093097,-1.7174,-5.0355
-0.081906,-1.6454,-5.0122
-0.22587,-1.5644,-4.9793
-0.33955,-1.4831,-4.9373
-0.37096,-1.4034,-4.8865
-0.42855,-1.3146,-4.8265
-0.43116,-1.2289,-4.7578
-0.40536,-1.1473,-4.681
-0.44837,-1.0614,-4.5962
-0.45173,-0.97438,-4.5041
-0.45622,-0.88328,-4.4051
-0.49773,-0.79321,-4.2994
-0.50932,-0.70599,-4.1871
-0.48875,-0.61534,-4.0688
-0.4966,-0.50679,-3.943
-0.47043,-0.40905,-3.8093
-0.44388,-0.33474,-3.6715
-0.45248,-0.24207,-3.5297
-0.44313,-0.14879,-3.3825
-0.47491,-0.073326,-3.2315
-0.49137,0.024662,-3.0772
-0.49548,0.14212,-2.9155
-0.54933,0.24776,-2.7477
-0.56578,0.37585,-2.5731
-0.5239,0.47277,-2.3916
-0.46519,0.59712,-2.2062
-0.38517,0.69479,-2.0147
-0.26364,0.79208,-1.8219
-0.13613,0.93134,-1.6215
-0.070314,0.99742,-1.4215
-0.044138,1.1783,-1.2148
-0.031798,1.2188,-1.0052
-0.054982,1.4233,-0.79609
-0.062087,1.4734,-0.57513
-0.048625,1.6031,-0.3691
-0.083776,1.8405,-0.13242
-0.069566,0.53036,0.015717
0.0026042,-0.14378,-0.00079427
0.030276,0.19385,-0.0041498
0.14919,-0.0021773,0.00076914
0.21911,0.078569,-0.0044122
0.20304,0.037907,0.00085162
0.28044,0.021876,-0.0031525
0.24903,0.055333,0.00014303
0.23931,0.0047134,-0.0014391
0.27932,0.045349,-0.00090299
0.21014,0.0087361,7.929e-05
0.19817,0.028272,-0.00044559
0.19593,0.017453,0.0007204
0.16078,0.0095534,5.3046e-05
0.15704,0.019342,0.0010353
0.13124,0.012403,0.0010241
0.06393,0.014817,0.0015602
0.034763,0.0067866,0.0018152
-0.016841,0.0064455,0.0019839
-0.061713,0.013295,0.0032361
-0.0041267,0.016677,0.0042446
-0.011605,0.011758,0.0050994
0.00036053,0.010956,0.0062992
0.056451,0.0057369,0.006779
0.059069,0.011728,0.0068953
0.080757,0.004331,0.008005
0.064678,0.0061193,0.0077726
0.03738,0.011075,0.0089536
0.0018563,-0.0086631,0.0086499
-0.046382,0.02323,0.0096659
-0.068818,-0.014849,0.010198
-0.084523,0.0211,0.0092348
-0.086767,-0.0038981,0.01175
-0.088263,-0.003317,0.0089686
-0.053113,0.029461,0.013303
0.0044739,-0.049853,0.009246
0.057947,0.083754,0.012871
0.073652,-0.10443,0.011765
0.071409,0.12655,0.0094297
0.0658,-0.14304,0.019046
0.06393,0.21354,-0.0038161
0.083375,2.8808,0.18833
0.16863,3.3988,0.58845
0.28268,2.8289,0.93072
0.27782,3.0865,1.2695
0.41394,2.8602,1.5954
0.45357,2.9153,1.8935
0.36832,2.8379,2.1841
0.53958,2.8235,2.4513
0.53023,2.8514,2.7139
0.55491,2.7842,2.9584
0.65027,2.8162,3.1921
0.56239,2.771,3.4118
0.63194,2.7957,3.6201
0.68915,2.7735,3.8197
0.66859,2.7547,4.0052
0.65924,2.7,4.1784
0.64466,2.6219,4.3339
0.54444,2.5884,4.4743
0.44834,2.5226,4.6007
0.42403,2.4799,4.7137
0.29914,2.4151,4.8138
0.304,2.3351,4.8987
0.3298,2.277,4.9704
0.34775,2.1948,5.0294
0.45245,2.1311,5.0752
0.45993,2.0567,5.1085
0.47377,1.9607,5.1283
0.42216,1.8916,5.1355
0.29839,1.8139,5.1323
0.13348,1.7416,5.1189
-0.052739,1.6782,5.0969
-0.21353,1.6035,5.0669
-0.3646,1.5256,5.0272
-0.41396,1.4374,4.9789
-0.47978,1.3484,4.9219
-0.50184,1.2651,4.8555
-0.45435,1.1796,4.781
-0.46931,1.0917,4.6984
-0.48501,1.013,4.6085
-0.49847,0.92135,4.5115
-0.52465,0.82941,4.4078
-0.54335,0.74704,4.2977
-0.55157,0.65274,4.18
-0.55756,0.57139,4.0576
-0.5168,0.46781,3.9287
-0.49025,0.36659,3.7919
-0.50221,0.28524,3.6508
-0.49997,0.19366,3.5046
-0.50857,0.11722,3.3545
-0.51792,0.035639,3.2021
-0.5583,-0.077,3.0448
-0.60804,-0.18842,2.8796
-0.62449,-0.29816,2.7085
-0.60953,-0.42633,2.5298
-0.52577,-0.51427,2.3461
-0.42069,-0.64157,2.158
-0.32384,-0.7307,1.9648
-0.20306,-0.85088,1.7698
-0.10621,-0.96044,1.5671
-0.05947,-1.0429,1.3665
-0.051243,-1.2168,1.1567
-0.065079,-1.2454,0.94831
-0.087889,-1.4904,0.73502
-0.10733,-1.4701,0.51574
-0.10247,-1.7095,0.3067
-0.10846,-1.7349,0.069176
-0.057974,-0.30207,-0.044165
0.048225,0.06072,-0.017602
0.12713,-0.20244,-0.022086
0.22211,-0.005214,-0.022663
0.24716,-0.11524,-0.020005
0.23893,-0.037973,-0.023087
0.26847,-0.063387,-0.019803
0.22921,-0.066357,-0.023345
0.21313,-0.035735,-0.020905
0.21014,-0.067912,-0.022472
0.172,-0.036398,-0.022341
0.17387,-0.051533,-0.02218
0.16826,-0.039484,-0.023132
0.14059,-0.042378,-0.022599
0.096089,-0.035675,-0.023477
0.055703,-0.034524,-0.023334
-0.0037528,-0.036353,-0.023803
-0.065079,-0.034164,-0.023975
-0.089759,-0.038003,-0.02444
-0.088637,-0.037785,-0.025629
-0.044886,-0.036248,-0.026476
-0.025067,-0.034415,-0.027372
0.031397,-0.035615,-0.028628
0.092723,-0.027828,-0.028797
0.07627,-0.033646,-0.029325
0.072905,-0.020124,-0.029858
0.042616,-0.032769,-0.030068
-0.002631,-0.023719,-0.031196
-0.049747,-0.019404,-0.030259
-0.092002,-0.034824,-0.032096
-0.087515,-0.0016224,-0.031046
-0.087141,-0.054551,-0.032306
-0.0576,0.0044472,-0.0327
-0.017215,-0.051462,-0.031357
0.048225,-0.0076433,-0.035332
0.10693,-0.01702,-0.029985
0.10132,-0.063575,-0.037131
0.12825,0.075693,-0.029149
0.12114,-0.18559,-0.03757
0.11105,0.27894,-0.030626
0.085992,-0.98661,-0.043032
0.069165,-3.3533,-0.33403
0.18957,-3.0637,-0.7336
0.2079,-2.9076,-1.0638
0.33055,-3.0479,-1.406
0.56426,-2.8372,-1.7178
0.55753,-2.9292,-2.0151
0.69663,-2.8063,-2.2963
0.72917,-2.8678,-2.5606
0.57024,-2.8293,-2.8187
0.66896,-2.813,-3.0579
0.62409,-2.8179,-3.2873
0.59193,-2.784,-3.5012
0.69289,-2.8192,-3.7068
0.6813,-2.7842,-3.9024
0.67681,-2.753,-4.0839
0.64727,-2.6838,-4.2499
0.59081,-2.6307,-4.3989
0.45993,-2.5886,-4.5348
0.39449,-2.5304,-4.657
0.30662,-2.4775,-4.7656
0.2236,-2.4028,-4.8601
0.28792,-2.3337,-4.9398
0.28343,-2.2746,-5.0066
0.36832,-2.2043,-5.0616
0.44535,-2.125,-5.1037
0.44946,-2.0436,-5.1323
0.46217,-1.9623,-5.1484
0.35598,-1.8823,-5.1527
0.23781,-1.8108,-5.1463
0.073278,-1.7463,-5.131
-0.10659,-1.674,-5.1074
-0.27336,-1.5943,-5.0745
-0.39227,-1.5173,-5.0327
-0.42182,-1.4349,-4.9819
-0.47678,-1.3456,-4.9223
-0.45397,-1.2592,-4.8541
-0.43042,-1.1735,-4.7772
-0.45734,-1.0831,-4.6926
-0.45061,-0.99348,-4.6004
-0.47491,-0.91015,-4.5011
-0.51941,-0.81903,-4.3952
-0.52914,-0.72709,-4.2825
-0.52016,-0.64202,-4.164
-0.5082,-0.53869,-4.0392
-0.48352,-0.43788,-3.9059
-0.47305,-0.36244,-3.7677
-0.46407,-0.27238,-3.6258
-0.50146,-0.17358,-3.4782
-0.5426,-0.097548,-3.327
-0.55419,-0.0097728,-3.1728
-0.6043,0.1109,-3.0121
-0.62075,0.21299,-2.8447
-0.62,0.34105,-2.671
-0.58298,0.45762,-2.489
-0.49361,0.5535,-2.3036
-0.38554,0.67702,-2.1118
-0.24233,0.75451,-1.9177
-0.14174,0.90309,-1.7184
-0.066574,0.97061,-1.5147
-0.024693,1.1194,-1.3114
-0.029928,1.2189,-1.0983
-0.042642,1.3213,-0.89119
-0.083028,1.5342,-0.6699
-0.097611,1.471,-0.45858
-0.088263,1.8849,-0.23474
-0.078166,1.205,-0.021737
-0.014971,-0.097275,0.014592
0.076644,0.098562,-0.0093311
0.16153,0.092616,0.0028124
0.23407,0.011027,-0.0042098
0.24903,0.089921,-0.00038936
0.26062,3.4652e-05,-0.0015516
0.27408,0.066745,-0.0014241
0.23445,0.01202,0.00010553
0.25763,0.035455,-0.0017878
0.26698,0.024478,0.00056293
0.22211,0.015484,-0.00061806
0.23706,0.027429,0.00058168
0.19743,0.0074352,0.00047295
0.15031,0.024145,0.0006904
0.13423,0.014427,0.0013465
0.06206,0.01187,0.0011778
0.0063435,0.0087511,0.0018864
-0.037781,0.014922,0.0021976
-0.06807,0.018337,0.0029512
-0.062835,0.014075,0.0039972
-0.029555,0.01247,0.004927
0.023545,0.015807,0.0059392
0.059069,0.011889,0.0067491
0.10843,0.0061643,0.006914
0.11067,0.0093959,0.0079413
0.071783,-0.0031745,0.0082412
0.050468,0.016298,0.0088223
-0.021702,-0.00057644,0.009381
-0.079288,0.00817,0.0088711
-0.11182,0.0024153,0.010914
-0.13127,-0.010151,0.0091673
-0.11706,0.028958,0.011451
-0.08228,-0.030227,0.010266
-0.025067,0.047958,0.011042
0.02878,-0.039885,0.012714
0.085992,0.034972,0.0088336
0.094967,-0.011299,0.015875
0.10955,-0.038584,0.0062129
0.098706,0.12033,0.019957
0.083001,-0.30242,0.00068665
0.11965,1.6173,0.057681
0.15293,3.5619,0.39978
0.33242,2.9551,0.78067
0.34999,2.9883,1.1089
0.36794,2.9776,1.4493
0.53247,2.8451,1.7535
0.40459,2.9011,2.0503
0.47938,2.7845,2.3256
0.57211,2.863,2.5896
0.48386,2.7974,2.8436
0.61474,2.7948,3.0791
0.5923,2.7675,3.3049
0.56463,2.7757,3.5163
0.67083,2.7909,3.7205
0.70112,2.7408,3.9121
0.67308,2.7223,4.0902
0.65326,2.6444,4.2531
0.60913,2.5872,4.3986
0.42777,2.531,4.5301
0.37355,2.4739,4.6484
0.29241,2.421,4.7529
0.20004,2.3287,4.8424
0.25688,2.26,4.9189
0.23819,2.2098,4.9821
0.3399,2.1397,5.0327
0.41431,2.0615,5.0709
0.38851,1.9753,5.0955
0.38664,1.8893,5.1077
0.29091,1.802,5.1084
0.13685,1.7314,5.0986
-0.04339,1.6748,5.0803
-0.18063,1.6,5.0536
-0.35862,1.5269,5.0176
-0.44612,1.4511,4.9733
-0.44687,1.3534,4.9201
-0.50857,1.2733,4.8577
-0.46594,1.186,4.787
-0.44425,1.0874,4.7079
-0.4637,1.0174,4.621
-0.47828,0.92835,4.5272
-0.5082,0.84067,4.4263
-0.52951,0.75469,4.3188
-0.54185,0.65543,4.2039
-0.52801,0.57951,4.0831
-0.52278,0.4765,3.9569
-0.49997,0.36597,3.8227
-0.47604,0.28026,3.6829
-0.46108,0.19375,3.5383
-0.48314,0.11685,3.3893
-0.49735,0.042942,3.2382
-0.51156,-0.055248,3.0835
-0.57999,-0.17094,2.9211
-0.6028,-0.27745,2.7525
-0.5942,-0.41178,2.5766
-0.56092,-0.5033,2.3944
-0.48501,-0.61705,2.2085
-0.36946,-0.72315,2.0156
-0.24046,-0.81589,1.8218
-0.13762,-0.9542,1.6205
-0.053861,-1.0157,1.4189
-0.041521,-1.1945,1.212
-0.038529,-1.2287,1.0011
-0.067322,-1.4229,0.79227
-0.13725,-1.5043,0.57029
-0.13949,-1.5829,0.36419
-0.14248,-1.8907,0.12773
-0.092376,-0.6715,-0.034361
0.00073447,0.13537,-0.023934
0.063556,-0.20524,-0.016818
0.18097,-0.034854,-0.023615
0.2165,-0.08743,-0.017223
0.21537,-0.066641,-0.022408
0.27894,-0.041317,-0.018468
0.24529,-0.081971,-0.021276
0.23594,-0.024135,-0.020256
0.258,-0.067852,-0.020267
0.19855,-0.03626,-0.021306
0.20229,-0.0479,-0.020556
0.2165,-0.040447,-0.021943
0.18247,-0.034228,-0.021246
0.15255,-0.041422,-0.021831
0.11105,-0.034636,-0.021887
0.052712,-0.03996,-0.022183
-0.017215,-0.032072,-0.022607
-0.053487,-0.037347,-0.022787
-0.070688,-0.03789,-0.023683
-0.050869,-0.035049,-0.024875
-0.014597,-0.03278,-0.0257
0.014196,-0.034025,-0.026694
0.095341,-0.02616,-0.027361
0.12039,-0.028702,-0.027466
0.10731,-0.033894,-0.028639
0.11591,-0.027798,-0.028459
0.054208,-0.033526,-0.029464
-0.014597,-0.012345,-0.029228
-0.056104,-0.037598,-0.029434
-0.078914,-0.0097053,-0.030754
-0.087889,-0.031543,-0.029344
-0.1006,-0.027434,-0.032246
-0.058348,-0.0012213,-0.029202
-0.012353,-0.062338,-0.032786
0.043363,0.037566,-0.030653
0.081131,-0.0929,-0.031342
0.092723,0.060008,-0.034293
0.1088,-0.091977,-0.027151
0.095341,0.019503,-0.041278
0.11441,0.024163,-0.014198
0.066174,-2.4516,-0.15566
0.13909,-3.4366,-0.54769
0.26324,-2.8043,-0.90359
0.27371,-3.0663,-1.2371
0.50705,-2.8867,-1.5686
0.60091,-2.884,-1.8666
0.63905,-2.8592,-2.1589
0.79274,-2.8057,-2.427
0.64241,-2.8617,-2.6901
0.63269,-2.7876,-2.9368
0.69028,-2.814,-3.1699
0.59006,-2.7692,-3.3908
0.66261,-2.7926,-3.5989
0.7258,-2.7858,-3.8005
0.70673,-2.7418,-3.9872
0.67794,-2.6953,-4.16
0.66074,-2.6273,-4.3159
0.5493,-2.5886,-4.4573
0.44011,-2.5308,-4.5858
0.37467,-2.4722,-4.6996
0.22285,-2.4044,-4.7995
0.25127,-2.3317,-4.8847
0.28119,-2.2681,-4.9566
0.26174,-2.1988,-5.0162
0.35411,-2.1243,-5.0629
0.39262,-2.0431,-5.0968
0.4016,-1.9583,-5.1177
0.35672,-1.8807,-5.1267
0.24791,-1.8063,-5.1249
0.075148,-1.7354,-5.1133
-0.089759,-1.6658,-5.0928
-0.23148,-1.5878,-5.0636
-0.39639,-1.5084,-5.0249
-0.46145,-1.4316,-4.9776
-0.48426,-1.3465,-4.9222
-0.47155,-1.2571,-4.8575
-0.45285,-1.1726,-4.7843
-0.44463,-1.0857,-4.7035
-0.43752,-1.0002,-4.6149
-0.47192,-0.91326,-4.5189
-0.47828,-0.82168,-4.4162
-0.50034,-0.73343,-4.3064
-0.51642,-0.64745,-4.1901
-0.52988,-0.55171,-4.0679
-0.51605,-0.44267,-3.9376
-0.46669,-0.35475,-3.8007
-0.44612,-0.27678,-3.6603
-0.43341,-0.18369,-3.5149
-0.46931,-0.095554,-3.3647
-0.49025,-0.015614,-3.2118
-0.52801,0.092122,-3.0539
-0.57476,0.19901,-2.8885
-0.57775,0.3156,-2.7174
-0.57289,0.44422,-2.538
-0.47267,0.53005,-2.3541
-0.39115,0.65931,-2.1649
-0.28421,0.73903,-1.9711
-0.13538,0.87409,-1.7745
-0.052739,0.97269,-1.5705
0.013822,1.073,-1.3681
-0.0018831,1.2226,-1.1559
-0.0015092,1.2652,-0.9475
-0.037033,1.5175,-0.73051
-0.10808,1.4519,-0.51337
-0.083402,1.7796,-0.30026
-0.096116,1.5913,-0.06579
-0.047877,0.1172,0.021352
0.03925,-0.023693,-0.0077865
0.10432,0.15585,0.0012265
0.20864,-0.019936,-0.0015816
0.21799,0.10213,-0.0016941
0.23557,0.0018642,0.00030424
0.25763,0.050946,-0.0023352
0.21238,0.028643,0.00084412
0.22061,0.015379,-0.0014729
0.21276,0.037345,0.00097534
0.18957,0.0090098,0.00023675
0.18883,0.032771,0.00043921
0.17611,0.010408,0.0011553
0.14732,0.019676,0.00084787
0.11404,0.012826,0.0015415
0.11329,0.0081063,0.001339
0.046729,0.014555,0.0022238
-0.04339,0.0086874,0.0024038
-0.074427,0.016527,0.0030299
-0.072931,0.018495,0.0043421
-0.029181,0.011867,0.0051107
-0.014223,0.014266,0.0062242
0.037754,0.010146,0.0074876
0.09908,0.006333,0.0075476
0.084871,0.012268,0.0083724
0.10432,5.7146e-05,0.0084512
0.1088,0.014929,0.0087661
0.047851,-0.00084637,0.0098646
0.0040999,0.010037,0.0092872
-0.050495,0.0026702,0.010956
-0.10472,-0.0079357,0.0095872
-0.095742,0.029592,0.011867
-0.081532,-0.033448,0.010614
-0.057226,0.049518,0.011469
0.003352,-0.039874,0.013243
0.06393,0.034496,0.0093172
0.077766,-0.0063687,0.016388
0.096089,-0.046288,0.0063779
0.12264,0.13055,0.020314
0.092723,-0.30453,0.0017214
0.084871,1.5773,0.055443
0.12451,3.562,0.3956
0.28455,2.9627,0.77822
0.34139,2.9901,1.107
0.37243,2.9909,1.4491
0.51378,2.8419,1.7549
0.41169,2.9033,2.0527
0.46554,2.7855,2.3296
0.55977,2.859,2.5947
0.50331,2.7947,2.8497
0.60464,2.8063,3.0873
0.58296,2.7786,3.3152
0.58146,2.7572,3.5277
0.64914,2.7886,3.7329
0.66522,2.7486,3.9259
0.66373,2.7162,4.1063
0.64466,2.6457,4.2712
0.61362,2.5922,4.4192
0.49695,2.5454,4.5538
0.44796,2.4857,4.6745
0.31559,2.4291,4.7818
0.2236,2.3555,4.8748
0.2939,2.2806,4.9539
0.27894,2.2184,5.0202
0.32718,2.1417,5.073
0.37804,2.0674,5.113
0.39412,1.9874,5.1408
0.37206,1.8914,5.1554
0.29128,1.8207,5.1583
0.16751,1.7511,5.1513
-0.040025,1.6755,5.1343
-0.17689,1.6068,5.109
-0.35152,1.5341,5.0757
-0.45285,1.4419,5.0325
-0.46856,1.3555,4.9806
-0.52278,1.2852,4.9204
-0.45846,1.1893,4.8512
-0.42892,1.1025,4.7737
-0.44051,1.0273,4.6886
-0.43266,0.93627,4.5963
-0.44799,0.84928,4.4968
-0.49399,0.76217,4.3906
-0.51268,0.66648,4.2777
-0.51156,0.58413,4.1578
-0.53661,0.49616,4.0332
-0.50221,0.39039,3.9006
-0.48352,0.3005,3.7615
-0.46744,0.20613,3.6182
-0.47192,0.12097,3.4696
-0.51493,0.054924,3.3182
-0.51867,-0.034992,3.1638
-0.54484,-0.15774,3.0025
-0.57625,-0.26036,2.8341
-0.57251,-0.37917,2.6597
-0.53437,-0.48966,2.4778
-0.47155,-0.58041,2.2929
-0.35226,-0.70754,2.1013
-0.21278,-0.78321,1.9071
-0.13388,-0.92693,1.7088
-0.072183,-0.99556,1.5049
-0.032172,-1.1394,1.3012
-0.041521,-1.2511,1.0875
-0.073305,-1.3331,0.87943
-0.10509,-1.5503,0.65793
-0.12753,-1.4791,0.44548
-0.13426,-1.8887,0.22354
-0.1092,-1.2984,0.005673
-0.026563,0.046665,-0.038635
0.046729,-0.09979,-0.013028
0.14096,-0.12413,-0.024729
0.23706,-0.026051,-0.018115
0.2064,-0.11313,-0.021478
0.215,-0.020188,-0.020327
0.23594,-0.0877,-0.019761
0.18808,-0.033586,-0.021835
0.21724,-0.056257,-0.019664
0.19294,-0.052496,-0.021943
0.1432,-0.035277,-0.020894
0.16228,-0.050922,-0.021816
0.12189,-0.030561,-0.021632
0.095341,-0.043371,-0.021726
0.087114,-0.035105,-0.022408
0.051216,-0.03855,-0.022393
-0.0056225,-0.031435,-0.022723
-0.071436,-0.033676,-0.022974
-0.068818,-0.044796,-0.024163
-0.048999,-0.03864,-0.025074
-0.023945,-0.036117,-0.025959
0.023919,-0.03587,-0.026997
0.072157,-0.025815,-0.02765
0.11703,-0.032199,-0.028028
0.12189,-0.033317,-0.029014
0.1088,-0.023715,-0.028669
0.066548,-0.037152,-0.029622
0.0063435,-0.013848,-0.029805
-0.023198,-0.039075,-0.030158
-0.055356,-0.016783,-0.031267
-0.083028,-0.032724,-0.029775
-0.073679,-0.026647,-0.032643
-0.053861,0.0017779,-0.029798
-0.01011,-0.062967,-0.033273
0.071783,0.039489,-0.031174
0.088236,-0.096382,-0.031762
0.12301,0.055707,-0.034653
0.14582,-0.081506,-0.027443
0.12563,0.0080125,-0.042028
0.12189,0.043774,-0.014441
0.027658,-2.4143,-0.15196
0.12301,-3.4473,-0.5433
0.22958,-2.808,-0.90119
0.22846,-3.0721,-1.2352
0.48386,-2.8898,-1.5684
0.57361,-2.8767,-1.8677
0.62334,-2.8653,-2.1615
0.77703,-2.8038,-2.4311
0.63306,-2.8637,-2.6953
0.63194,-2.7928,-2.944
0.66971,-2.8146,-3.1789
0.56949,-2.7701,-3.4013
0.65027,-2.7885,-3.6108
0.6828,-2.7847,-3.8133
0.68205,-2.7474,-4.0024
0.69439,-2.7012,-4.178
0.64952,-2.6302,-4.3359
0.53397,-2.5903,-4.4793
0.43375,-2.5352,-4.61
0.35672,-2.4801,-4.7266
0.22248,-2.4139,-4.8298
0.24566,-2.3421,-4.9182
0.24192,-2.276,-4.9929
0.24342,-2.2054,-5.0553
0.34775,-2.1337,-5.1048
0.35934,-2.0524,-5.1414
0.37804,-1.9657,-5.1647
0.33354,-1.8847,-5.1759
0.23632,-1.8111,-5.176
0.095715,-1.7436,-5.1664
-0.083028,-1.6747,-5.1484
-0.2326,-1.5986,-5.1213
-0.38068,-1.5167,-5.0849
-0.43154,-1.4362,-5.0398
-0.48165,-1.351,-4.9853
-0.48127,-1.2644,-4.9221
-0.4278,-1.1765,-4.8505
-0.43752,-1.0876,-4.7701
-0.41658,-1.0055,-4.6828
-0.4192,-0.91418,-4.5881
-0.43902,-0.83092,-4.4862
-0.45397,-0.74447,-4.378
-0.45547,-0.65126,-4.2629
-0.45472,-0.56799,-4.1423
-0.45921,-0.45798,-4.0139
-0.44089,-0.36446,-3.8782
-0.43752,-0.28595,-3.7382
-0.43528,-0.19151,-3.5934
-0.45622,-0.11099,-3.4444
-0.47491,-0.027359,-3.2916
-0.49922,0.071243,-3.1345
-0.53923,0.18292,-2.9702
-0.53699,0.29139,-2.7993
-0.50932,0.4196,-2.6214
-0.47155,0.51348,-2.4369
-0.39227,0.63076,-2.2491
-0.25728,0.73396,-2.0546
-0.16268,0.82919,-1.8594
-0.07854,0.96741,-1.6565
0.0018563,1.0218,-1.4532
0.013448,1.2032,-1.2448
-0.0015092,1.2444,-1.0318
-0.044138,1.4361,-0.82088
-0.070314,1.5153,-0.59651
-0.092376,1.5899,-0.38831
-0.1021,1.894,-0.15029
-0.066574,0.65842,0.012721
-0.0033789,-0.15679,0.0021226
0.087862,0.18465,-0.0049408
0.16901,0.0074839,0.0020401
0.21201,0.069598,-0.0041198
0.21201,0.04719,0.001279
0.22884,0.018176,-0.0025939
0.21837,0.061072,0.00038672
0.1993,0.0015717,-0.00070054
0.23968,0.049807,-0.00031812
0.21276,0.012811,0.0009491
0.17686,0.026833,-8.1924e-05
0.1963,0.020261,0.0012903
0.17237,0.0058306,0.00079163
0.12264,0.01818,0.0014515
0.11254,0.011435,0.0015227
0.063556,0.013276,0.0020326
-0.01871,0.0079113,0.0024038
-0.031424,0.015177,0.002565
-0.038903,0.01611,0.0035098
-0.021328,0.012913,0.0045895
0.023919,0.013625,0.0057068
0.062808,0.014566,0.0067453
0.11703,0.0061193,0.0072664
0.14545,0.01289,0.0076938
0.13797,0.0083537,0.0086724
0.10992,-0.001405,0.0080613
0.074026,0.014618,0.0093397
0.024293,-0.0062037,0.009471
-0.013101,0.022956,0.0097071
-0.047877,-0.0086331,0.010832
-0.079662,0.0099733,0.0095984
-0.075175,0.0075889,0.012452
-0.047877,-0.017016,0.009456
0.0078393,0.043962,0.013074
0.071783,-0.058409,0.010716
0.10918,0.078524,0.011754
0.1174,-0.079606,0.01415
0.14171,0.077579,0.0078401
0.10357,-0.044372,0.021592
0.084497,-0.02977,-0.0055894
0.11067,2.5141,0.13959
0.15854,3.4975,0.53026
0.32756,2.8199,0.88357
0.32419,3.0517,1.2172
0.38776,2.8735,1.5484
0.46367,2.8706,1.8467
0.36832,2.8333,2.1394
0.51527,2.779,2.4084
0.51453,2.8344,2.6717
0.49807,2.7627,2.9189
0.59941,2.787,3.1527
0.54893,2.7432,3.3743
0.59866,2.7554,3.5836
0.64092,2.7354,3.7847
0.66934,2.6991,3.9715
0.65027,2.6572,4.1455
0.61661,2.5799,4.3016
0.53285,2.5258,4.4425
0.3915,2.4714,4.5699
0.35298,2.4227,4.6835
0.19967,2.3493,4.7841
0.1978,2.2656,4.8695
0.25763,2.2019,4.941
0.23295,2.1416,5.0008
0.32718,2.0457,5.0474
0.35336,1.9642,5.0812
0.37318,1.8931,5.1022
0.32531,1.7975,5.11
0.22323,1.7359,5.1077
0.075148,1.6576,5.0958
-0.11107,1.5829,5.0753
-0.22475,1.5286,5.0465
-0.39227,1.4355,5.0083
-0.44575,1.3593,4.9611
-0.46594,1.2801,4.905
-0.49473,1.1833,4.8399
-0.4379,1.0999,4.7662
-0.43603,1.0151,4.685
-0.43902,0.92754,4.5965
-0.42742,0.8395,4.5001
-0.44911,0.76302,4.3973
-0.50034,0.67039,4.2877
-0.48277,0.57738,4.1705
-0.47005,0.50313,4.0484
-0.48277,0.39493,3.9199
-0.45136,0.29621,3.7838
-0.43116,0.21675,3.643
-0.40611,0.12921,3.4969
-0.43191,0.055449,3.3471
-0.46968,-0.026141,3.1948
-0.49399,-0.14095,3.0368
-0.52166,-0.2486,2.871
-0.53362,-0.36062,2.6987
-0.5138,-0.48284,2.5188
-0.44238,-0.56747,2.3347
-0.38031,-0.69401,2.1453
-0.2599,-0.77018,1.9518
-0.1451,-0.89914,1.7558
-0.083028,-0.99486,1.5522
-0.016093,-1.0944,1.3502
-0.019084,-1.2496,1.1385
-0.023198,-1.2821,0.93022
-0.048999,-1.5313,0.71368
-0.10285,-1.4749,0.49598
-0.10509,-1.784,0.28305
-0.089385,-1.6194,0.048226
-0.032172,-0.1559,-0.041653
0.015692,0.0084249,-0.012634
0.087114,-0.18445,-0.02098
0.1907,-0.0023685,-0.018464
0.18471,-0.11747,-0.018168
0.20528,-0.02785,-0.020114
0.25202,-0.076471,-0.017411
0.21201,-0.051642,-0.020612
0.21911,-0.039015,-0.017827
0.23332,-0.062049,-0.0202
0.18808,-0.030501,-0.019536
0.17985,-0.05205,-0.01951
0.18359,-0.035963,-0.020477
0.15106,-0.042779,-0.020084
0.12264,-0.032147,-0.020717
0.095715,-0.032391,-0.020549
0.034015,-0.03726,-0.021092
-0.023945,-0.034756,-0.021302
-0.049747,-0.035975,-0.021906
-0.050121,-0.035922,-0.022922
-0.015719,-0.039701,-0.023818
0.0014823,-0.032934,-0.024639
0.039998,-0.032199,-0.025824
0.11479,-0.025012,-0.026124
0.10992,-0.029845,-0.026472
0.10506,-0.021826,-0.027335
0.11105,-0.026141,-0.027098
0.042616,-0.026617,-0.028493
0.00036053,-0.018246,-0.027811
-0.023198,-0.04005,-0.029149
-0.057974,-0.00079013,-0.028951
-0.051617,-0.046067,-0.029067
-0.04713,-0.00094009,-0.030604
-0.03479,-0.035349,-0.028279
0.037006,-0.02499,-0.032666
0.095341,0.010419,-0.027608
0.10058,-0.087913,-0.033708
0.13311,0.091192,-0.028658
0.12488,-0.17828,-0.031759
0.11815,0.22176,-0.03345
0.12152,-0.59853,-0.024849
0.069539,-3.1539,-0.27129
0.18396,-3.1836,-0.67552
0.23445,-2.8318,-1.0096
0.29166,-3.056,-1.3499
0.55304,-2.8176,-1.6671
0.56837,-2.8987,-1.9638
0.65737,-2.7887,-2.2486
0.74973,-2.8183,-2.5132
0.58632,-2.8113,-2.7734
0.6383,-2.7614,-3.0138
0.63045,-2.7778,-3.2439
0.57959,-2.7433,-3.4603
0.66672,-2.7742,-3.668
0.68168,-2.7337,-3.8656
0.67382,-2.691,-4.0476
0.64279,-2.6277,-4.2146
0.59417,-2.5691,-4.365
0.44722,-2.5245,-4.5021
0.36345,-2.4636,-4.6252
0.27558,-2.4059,-4.735
0.16863,-2.3294,-4.8303
0.23781,-2.261,-4.9109
0.21238,-2.1984,-4.9793
0.24118,-2.1231,-5.035
0.31335,-2.0476,-5.0778
0.304,-1.9646,-5.1078
0.32681,-1.8768,-5.1248
0.27259,-1.7993,-5.1299
0.16078,-1.7289,-5.1249
-0.013475,-1.6601,-5.111
-0.15146,-1.5874,-5.0883
-0.29243,-1.511,-5.0565
-0.40985,-1.4298,-5.0155
-0.41434,-1.347,-4.9657
-0.46482,-1.2652,-4.9076
-0.44575,-1.1764,-4.8404
-0.4177,-1.0876,-4.7647
-0.43416,-1.0018,-4.6813
-0.42742,-0.91246,-4.59
-0.42107,-0.82901,-4.4917
-0.42929,-0.74194,-4.3869
-0.44388,-0.64917,-4.2745
-0.4177,-0.56472,-4.1563
-0.42443,-0.46112,-4.0315
-0.40424,-0.36432,-3.8983
-0.38779,-0.28809,-3.7603
-0.39377,-0.19436,-3.6181
-0.38928,-0.10957,-3.4704
-0.41695,-0.033781,-3.3195
-0.43864,0.05892,-3.1653
-0.48239,0.17501,-3.0038
-0.5082,0.27469,-2.8358
-0.51007,0.39847,-2.6613
-0.46519,0.51205,-2.4783
-0.38704,0.60303,-2.2924
-0.30552,0.72071,-2.1
-0.18511,0.80734,-1.9052
-0.096489,0.94544,-1.7047
-0.026563,1.0092,-1.5005
0.023171,1.1682,-1.2952
0.028406,1.2425,-1.0818
0.010831,1.3711,-0.8734
-0.029555,1.5434,-0.64989
-0.053113,1.5003,-0.44011
-0.071436,1.9221,-0.21119
-0.061713,1.0645,-0.0088287
0.0059696,-0.13824,0.011683
0.05159,0.1347,-0.0082026
0.14171,0.065515,0.0035135
0.20752,0.021813,-0.0041085
0.1877,0.074947,0.00065291
0.24118,0.0016017,-0.0015141
0.24192,0.070688,-0.00055432
0.21986,0.00012463,0.00020676
0.25426,0.038125,-0.00096673
0.23108,0.024729,0.001174
0.20677,0.015758,-0.00011567
0.19705,0.024692,0.001219
0.18509,0.009036,0.00082162
0.16863,0.021771,0.001399
0.14844,0.010821,0.0021113
0.1103,0.016167,0.0021676
0.040372,0.009126,0.0026212
0.0048478,0.0079751,0.00273
-0.033668,0.012886,0.0035435
-0.044138,0.014195,0.0043908
0.0014823,0.012841,0.0053281
0.019805,0.013197,0.0064829
0.079261,0.011672,0.0074089
0.12488,0.0016205,0.0073789
0.099828,0.011308,0.0083874
0.11067,0.00036831,0.0087474
0.091975,0.0094447,0.0089573
0.023919,-0.0011613,0.010015
-0.00038735,0.0063067,0.009426
-0.026189,0.0096021,0.011394
-0.058348,-0.013619,0.0098384
-0.05573,0.028861,0.01166
-0.051243,-0.03449,0.011139
-0.010484,0.041296,0.011057
0.039624,-0.030344,0.013842
0.07814,0.017456,0.009201
0.097584,0.018843,0.016771
0.10805,-0.069791,0.0072702
0.10992,0.14822,0.019129
0.072157,-0.31624,0.0051969
0.085618,1.327,0.040004
0.097211,3.5049,0.36008
0.24342,2.9988,0.74844
0.33765,2.9377,1.0757
0.33204,2.9874,1.4172
0.46666,2.809,1.7242
0.39524,2.8876,2.0209
0.43899,2.7471,2.2985
0.53285,2.8198,2.5628
0.46591,2.7687,2.8187
0.5852,2.7506,3.0552
0.58071,2.7375,3.2824
0.56463,2.7293,3.4958
0.6469,2.7436,3.7016
0.67008,2.6828,3.894
0.64952,2.6543,4.0727
0.60913,2.5775,4.2358
0.56949,2.522,4.3815
0.42665,2.4786,4.5147
0.3556,2.4104,4.6336
0.23856,2.3479,4.7385
0.16489,2.2756,4.8297
0.23893,2.1976,4.9066
0.20416,2.1348,4.9706
0.23819,2.0634,5.0224
0.28867,1.9678,5.061
0.30998,1.8925,5.0871
0.29764,1.815,5.1008
0.2251,1.7254,5.1023
0.11853,1.6558,5.0941
-0.058722,1.5903,5.0773
-0.18175,1.5177,5.0513
-0.35974,1.4366,5.0164
-0.44687,1.357,4.9725
-0.42705,1.2773,4.9198
-0.47417,1.1898,4.8579
-0.445,1.1044,4.7874
-0.42518,1.0171,4.7091
-0.41546,0.93521,4.6231
-0.40648,0.85043,4.5299
-0.42256,0.76202,4.4294
-0.45846,0.67304,4.3223
-0.47865,0.58044,4.2077
-0.45472,0.50161,4.0871
-0.46183,0.40367,3.961
-0.44837,0.30643,3.827
-0.43378,0.22435,3.6873
-0.40648,0.13452,3.5428
-0.41135,0.061263,3.3942
-0.45285,-0.01248,3.2435
-0.46071,-0.12016,3.088
-0.48277,-0.23598,2.9243
-0.49735,-0.33627,2.7547
-0.49735,-0.46233,2.5778
-0.4435,-0.55054,2.3945
-0.38704,-0.66747,2.2076
-0.29842,-0.76434,2.0143
-0.16941,-0.86401,1.8196
-0.10883,-0.99044,1.617
-0.027685,-1.0525,1.4146
-0.0063704,-1.2352,1.2058
-0.023198,-1.2571,0.99439
-0.020206,-1.469,0.78309
-0.075175,-1.5156,0.56031
-0.09275,-1.6253,0.35305
-0.10397,-1.8671,0.11449
-0.071062,-0.56138,-0.035347
0.0011084,0.12288,-0.019165
0.050094,-0.20911,-0.015532
0.17013,-0.01919,-0.020725
0.20229,-0.095138,-0.015315
0.17798,-0.056913,-0.020072
0.22809,-0.046314,-0.016072
0.22248,-0.077874,-0.019251
0.22435,-0.028492,-0.017733
0.22173,-0.065536,-0.018258
0.17312,-0.033916,-0.019218
0.17723,-0.052639,-0.018453
0.17536,-0.036702,-0.019458
0.15293,-0.036275,-0.018839
0.14657,-0.041471,-0.019716
0.13086,-0.031015,-0.01984
0.083749,-0.039322,-0.020001
0.024293,-0.032829,-0.020335
-0.011232,-0.032454,-0.020684
-0.025441,-0.032867,-0.02134
-0.0067443,-0.035855,-0.022494
0.018684,-0.032334,-0.023522
0.042989,-0.030752,-0.024399
0.096089,-0.026403,-0.025269
0.12825,-0.028428,-0.025415
0.11217,-0.026797,-0.026349
0.1088,-0.019374,-0.026079
0.077766,-0.035191,-0.027098
0.02878,-0.011621,-0.02729
0.00073447,-0.035187,-0.027166
-0.053861,-0.013893,-0.028778
-0.071062,-0.023434,-0.027083
-0.063583,-0.028769,-0.029925
-0.046756,0.0040986,-0.02759
-0.0078661,-0.065925,-0.030356
0.046355,0.042376,-0.029037
0.072531,-0.089897,-0.028587
0.079261,0.044374,-0.032805
0.1103,-0.058281,-0.0245
0.077392,-0.030621,-0.039549
0.090106,0.12755,-0.012615
0.056077,-2.2377,-0.13002
0.077018,-3.476,-0.51254
0.21986,-2.8031,-0.87509
0.20902,-3.0289,-1.2056
0.41543,-2.8889,-1.5398
0.5852,-2.8493,-1.8391
0.57922,-2.8423,-2.1323
0.72804,-2.7623,-2.402
0.62633,-2.8245,-2.6653
0.58296,-2.7389,-2.9137
0.62858,-2.7641,-3.147
0.53547,-2.7322,-3.3698
0.62334,-2.7422,-3.5796
0.65213,-2.7344,-3.7821
0.63531,-2.6782,-3.97
0.63381,-2.631,-4.1432
0.59006,-2.5615,-4.2997
0.49321,-2.5179,-4.4418
0.3829,-2.4599,-4.5705
0.32531,-2.3925,-4.6849
0.18621,-2.3278,-4.7857
0.18845,-2.259,-4.8721
0.20042,-2.1902,-4.945
0.17985,-2.1217,-5.0055
0.27109,-2.0431,-5.0532
0.28755,-1.9588,-5.0876
0.30736,-1.8754,-5.1093
0.27782,-1.798,-5.1192
0.18471,-1.7266,-5.1183
0.045607,-1.6567,-5.1081
-0.10172,-1.5853,-5.0895
-0.22924,-1.5059,-5.0615
-0.36797,-1.4258,-5.0239
-0.39639,-1.3455,-4.9777
-0.42817,-1.2591,-4.9223
-0.41845,-1.1733,-4.8579
-0.38106,-1.0879,-4.785
-0.40648,-1.0029,-4.7042
-0.41621,-0.91869,-4.6162
-0.41995,-0.82928,-4.5206
-0.42443,-0.74463,-4.418
-0.45547,-0.65821,-4.3087
-0.45397,-0.57068,-4.1928
-0.46071,-0.47454,-4.0707
-0.44163,-0.36873,-3.9405
-0.41097,-0.2909,-3.8044
-0.40013,-0.20529,-3.6642
-0.36199,-0.11317,-3.5185
-0.39863,-0.039712,-3.3686
-0.42331,0.041589,-3.2157
-0.42817,0.15027,-3.0571
-0.46818,0.25668,-2.8906
-0.47454,0.37761,-2.7183
-0.45884,0.49767,-2.5377
-0.41209,0.57985,-2.3527
-0.31973,0.71007,-2.1624
-0.21278,0.78407,-1.9678
-0.13052,0.9181,-1.7703
-0.061713,1.0046,-1.5658
0.0048478,1.1125,-1.3628
0.0063435,1.2536,-1.1492
0.0074654,1.2997,-0.9402
0.0011084,1.548,-0.72123
-0.053487,1.469,-0.50388
-0.049747,1.82,-0.28807
-0.050869,1.5315,-0.055731
-0.031798,0.060937,0.021273
0.016066,0.0058756,-0.0080302
0.095341,0.15006,0.0021113
0.21089,-0.016476,-0.0018515
0.18284,0.10371,-0.00094798
0.20004,0.0022278,0.00051044
0.24005,0.053807,-0.0016341
0.19743,0.024531,0.0014515
0.22996,0.018236,-0.0011767
0.22061,0.033521,0.0011516
0.18509,0.011282,0.00056293
0.18546,0.029708,0.00089286
0.17873,0.0098945,0.0014327
0.1462,0.023631,0.001399
0.126,0.011709,0.0021188
0.126,0.0078513,0.0021338
0.069913,0.012999,0.0029624
0.023545,0.012211,0.0029661
-0.035911,0.016425,0.0036672
-0.048999,0.016287,0.0045745
0.025414,0.01626,0.0050619
0.046729,0.010089,0.0057855
0.077018,0.012474,0.0066628
0.11815,0.0036412,0.0071502
0.12937,0.0098533,0.0075251
0.13086,0.0058831,0.0083724
0.11366,0.0049833,0.0084287
0.068791,0.0092047,0.0095909
0.0089611,-0.003988,0.0090023
-0.020954,0.022098,0.010146
-0.040773,-0.018051,0.010142
-0.038529,0.023777,0.0099209
-0.041147,-0.012438,0.011904
-0.015345,0.0068429,0.0093735
0.046729,0.019278,0.013827
0.097958,-0.038801,0.009276
0.11703,0.078888,0.014345
0.10469,-0.10862,0.011038
0.13984,0.15077,0.011585
0.091975,-0.19804,0.01713
0.08674,0.40915,0.00084037
0.10245,3.0625,0.22108
0.18135,3.3015,0.62284
0.35934,2.8146,0.95934
0.31036,3.0517,1.2982
0.41955,2.8111,1.6191
0.4431,2.8759,1.9162
0.37916,2.7746,2.2034
0.54444,2.7783,2.4687
0.48349,2.7715,2.7301
0.51153,2.7101,2.9722
0.56426,2.7457,3.2031
0.51266,2.7064,3.4213
0.58034,2.7325,3.6305
0.62484,2.6871,3.8295
0.64279,2.6347,4.0114
0.60091,2.5785,4.1786
0.58707,2.5214,4.3304
0.4618,2.4714,4.4691
0.35411,2.4018,4.593
0.30774,2.3415,4.7031
0.15068,2.2596,4.7989
0.20154,2.1904,4.88
0.2079,2.1336,4.9491
0.16826,2.0562,5.0052
0.26997,1.9799,5.0481
0.28493,1.8951,5.0784
0.27334,1.8039,5.0957
0.2337,1.7367,5.1017
0.15031,1.6574,5.0972
-0.011232,1.5764,5.0834
-0.16604,1.5151,5.0615
-0.28234,1.4407,5.0304
-0.39527,1.3623,4.99
-0.41808,1.2817,4.9408
-0.44089,1.1914,4.8822
-0.41995,1.1014,4.8144
-0.39452,1.0192,4.7385
-0.39901,0.93717,4.6552
-0.39115,0.85055,4.5643
-0.40312,0.7673,4.4661
-0.42929,0.68635,4.3616
-0.45584,0.60064,4.2507
-0.45136,0.50356,4.1334
-0.48015,0.39888,4.0081
-0.46183,0.3119,3.875
-0.41546,0.23665,3.7379
-0.40274,0.14581,3.5958
-0.38554,0.062714,3.4487
-0.38966,-0.012704,3.2983
-0.39153,-0.10733,3.1435
-0.43004,-0.21775,2.9825
-0.4536,-0.31527,2.8144
-0.46669,-0.44071,2.6395
-0.45697,-0.54135,2.4576
-0.38854,-0.63955,2.2722
-0.31823,-0.75484,2.08
-0.21316,-0.82915,1.8859
-0.15258,-0.97592,1.6857
-0.079288,-1.0338,1.4821
-0.018336,-1.1936,1.2768
-0.043016,-1.2663,1.0629
-0.035911,-1.3874,0.85449
-0.072557,-1.5605,0.63096
-0.098359,-1.5148,0.4213
-0.09275,-1.9314,0.192
-0.081532,-1.0731,-0.0098747
-0.0097358,0.1184,-0.029925
0.044111,-0.15335,-0.010377
0.14769,-0.082983,-0.02161
0.19892,-0.045426,-0.014014
0.16564,-0.098875,-0.018704
0.21724,-0.021597,-0.016117
0.2322,-0.089762,-0.017396
0.19294,-0.027528,-0.017958
0.19705,-0.059575,-0.016552
0.17686,-0.040376,-0.018817
0.14919,-0.038273,-0.017227
0.16826,-0.045538,-0.018667
0.14807,-0.028915,-0.018374
0.11666,-0.042059,-0.018648
0.11591,-0.028139,-0.01915
0.077018,-0.038415,-0.019041
0.022797,-0.034445,-0.019544
-0.0048746,-0.029331,-0.019664
-0.038903,-0.035172,-0.020481
-0.034416,-0.03458,-0.021448
0.01644,-0.03305,-0.022367
0.030276,-0.034295,-0.023244
0.072531,-0.028177,-0.024257
0.10992,-0.02316,-0.024459
0.092723,-0.034535,-0.025138
0.09908,-0.020484,-0.025486
0.081879,-0.030336,-0.025655
0.028406,-0.017173,-0.026765
-0.012727,-0.021822,-0.025921
-0.051991,-0.028503,-0.027807
-0.065079,-0.0034032,-0.026574
-0.042268,-0.051087,-0.028024
-0.036285,0.016249,-0.028088
-0.019458,-0.05971,-0.027485
0.044859,-0.00047896,-0.03057
0.075896,-0.026066,-0.025745
0.084871,-0.046985,-0.033228
0.12376,0.061091,-0.024335
0.10506,-0.17632,-0.034803
0.092723,0.29434,-0.023544
0.059817,-1.1851,-0.049076
0.026162,-3.4151,-0.35811
0.15779,-2.9811,-0.75098
0.18509,-2.8979,-1.0782
0.30475,-2.9897,-1.4192
0.53621,-2.7907,-1.7271
0.53509,-2.8736,-2.0232
0.67569,-2.7439,-2.3016
0.67794,-2.808,-2.5654
0.53098,-2.7527,-2.8217
0.61661,-2.7329,-3.0583
0.56239,-2.7284,-3.2858
0.54781,-2.7098,-3.4996
0.611,-2.7302,-3.7059
0.61848,-2.672,-3.8998
0.62521,-2.6285,-4.0779
0.58071,-2.5569,-4.24
0.5235,-2.5074,-4.3868
0.36084,-2.4585,-4.5207
0.2868,-2.3926,-4.6406
0.20528,-2.3265,-4.7466
0.129,-2.2511,-4.8377
0.18322,-2.1856,-4.9152
0.16115,-2.1159,-4.9799
0.21164,-2.0399,-5.032
0.26548,-1.9607,-5.0718
0.27894,-1.8753,-5.0981
0.28156,-1.7933,-5.1121
0.21126,-1.7207,-5.115
0.1103,-1.6545,-5.1082
-0.060217,-1.5827,-5.0929
-0.18661,-1.5034,-5.0683
-0.30552,-1.4274,-5.0343
-0.39003,-1.3484,-4.9914
-0.41508,-1.2628,-4.9393
-0.44687,-1.1761,-4.8783
-0.38854,-1.0893,-4.8088
-0.35937,-1.0043,-4.731
-0.37358,-0.91976,-4.6457
-0.36124,-0.83772,-4.5527
-0.37694,-0.75198,-4.4527
-0.40873,-0.65844,-4.3458
-0.43191,-0.57367,-4.2317
-0.45285,-0.48494,-4.1121
-0.43603,-0.38325,-3.9846
-0.40461,-0.29608,-3.8496
-0.3818,-0.20943,-3.7107
-0.35114,-0.1228,-3.5665
-0.38928,-0.047956,-3.418
-0.40461,0.030027,-3.2663
-0.40013,0.13781,-3.1096
-0.44313,0.2522,-2.9451
-0.44724,0.3533,-2.7744
-0.44837,0.47971,-2.5961
-0.42032,0.56447,-2.4119
-0.34478,0.68212,-2.2238
-0.2498,0.77332,-2.0291
-0.14174,0.88275,-1.8332
-0.068818,0.9981,-1.6295
0.0040999,1.0638,-1.4264
0.030276,1.2495,-1.2157
0.0018563,1.2661,-1.0038
-0.015719,1.4965,-0.7905
-0.041521,1.5055,-0.56723
-0.076297,1.6531,-0.35875
-0.096489,1.8332,-0.11867
-0.050121,0.44726,0.019669
0.0029781,-0.12461,-0.0013829
0.060939,0.19663,-0.0017316
0.17611,-0.0074446,0.0017027
0.18883,0.086892,-0.0026876
0.16975,0.030308,0.0020251
0.22958,0.031774,-0.0019865
0.21537,0.049589,0.0016577
0.19369,0.0056844,-0.0001719
0.21687,0.048209,0.00090036
0.18396,0.010314,0.0013615
0.17836,0.028047,0.00067541
0.18471,0.015795,0.0020476
0.15854,0.014944,0.0013615
0.15031,0.0205,0.0021338
0.12152,0.011177,0.002385
0.079635,0.0094034,0.0028237
0.038128,0.0089498,0.0031873
0.0026042,0.013422,0.0036335
-0.026189,0.0079113,0.0040084
-0.0059964,0.0074577,0.0040497
0.044111,0.010322,0.0045745
0.050468,0.0084512,0.0050094
0.094219,-0.0018286,0.0046758
0.1174,0.0013955,0.0045708
0.098332,0.0019916,0.0050357
0.10282,-0.0034894,0.0049982
0.040746,-0.00075639,0.0048332
0.0067175,-0.0049853,0.0047882
-0.0018831,-0.001105,0.0046045
-0.072931,0.00082569,0.0047208
-0.082654,-0.0046329,0.0045895
-0.06807,-0.00115,0.0043421
-0.047504,-0.0014687,0.004612
0.009709,-0.0021923,0.0043983
0.048599,-0.0017724,0.0044133
