0.066174,-0.012881,0.00022176
0.074026,-0.018186,7.1791e-05
0.084123,-0.014309,0.0002555
0.076644,-0.0092292,0.00066791
0.060191,-0.014875,0.0010953
0.064678,-0.013724,0.001189
0.060191,-0.013439,0.0017927
0.053834,-0.014332,0.0020064
0.06206,-0.0062562,0.0022538
0.055329,-0.019783,0.00246
0.063556,-0.0084081,0.0026437
0.068791,-0.014125,0.0029324
0.042242,-0.012967,0.0023813
0.048972,-0.0033057,0.0036672
0.062434,-0.02917,0.0023775
0.057573,0.011889,0.003506
0.069539,-0.038944,0.0029924
0.059817,0.001418,0.00261
0.070661,-0.030415,0.0042109
0.085992,-0.01209,0.001399
0.063182,0.014896,0.0057105
0.079261,-0.080374,-0.00050933
0.052338,0.10044,0.0070977
0.073278,-0.2534,-0.0030325
0.062434,0.87108,0.021682
0.092723,2.8102,0.21643
0.29016,2.5948,0.43371
0.22585,2.4126,0.60793
0.36121,2.5008,0.7853
0.44722,2.3796,0.93111
0.25651,2.4754,1.0651
0.50779,2.3572,1.1804
0.35149,2.3411,1.2783
0.13834,2.3076,1.362
0.25987,2.2713,1.4302
-0.011232,2.2242,1.4893
0.020179,2.1458,1.5328
0.037754,2.108,1.567
-0.058722,2.0503,1.5902
0.085618,1.9922,1.6043
-0.0078661,1.9165,1.6105
-0.030302,1.8465,1.6057
-0.013101,1.7641,1.5914
-0.035164,1.6887,1.5677
-0.017962,1.6187,1.5369
-0.075923,1.5169,1.4985
-0.038155,1.4238,1.451
-0.016467,1.3254,1.3973
-0.051617,1.2194,1.3379
0.014944,1.1121,1.2734
0.033641,0.99153,1.2023
-0.028433,0.90184,1.1289
-0.034416,0.77531,1.0523
-0.15819,0.63203,0.96702
-0.2943,0.51504,0.87626
-0.32497,0.40731,0.78619
-0.44463,0.24725,0.6915
-0.4192,0.12358,0.58772
-0.3231,0.004526,0.48663
-0.28907,-0.19676,0.37226
-0.10397,-0.28756,0.25682
-0.016093,-0.56397,0.12904
0.063556,-0.47182,0.010408
0.19518,0.0026215,-0.006268
0.19331,-0.038037,0.006884
0.22024,-0.049831,0.00020676
0.20117,-0.0070097,0.0042896
0.14134,-0.045066,0.0018789
0.090106,-0.0081682,0.0030824
0.059443,-0.031528,0.0026437
0.063182,-0.013207,0.0017739
0.066174,-0.02003,0.0028949
0.13722,-0.018902,0.0016127
0.14096,-0.0085956,0.0024338
0.16003,-0.016896,0.0017027
0.22809,-0.009949,0.0018227
0.19855,-0.012528,0.0016689
0.20528,-0.011606,0.0013165
0.21164,-0.01236,0.001384
0.2049,-0.014268,0.00091535
0.26361,-0.01408,0.00096409
0.24791,-0.01119,0.00067166
0.19743,-0.011775,0.00034548
0.22958,-0.011644,0.00031924
0.20229,-0.0092516,4.9296e-05
0.13423,-0.0083631,3.43e-05
0.096089,-0.010054,0.00015052
0.037754,-0.013087,-0.00014566
-0.013101,-0.0076396,-9.3172e-05
-0.076297,-0.00611,0.00016177
-0.11369,-0.012495,-0.00010442
-0.1294,-0.013379,-6.3179e-05
-0.10733,-0.010583,9.8036e-05
-0.041894,-0.0095853,-0.00010817
-0.039651,-0.0091654,-3.1919e-06
0.025788,-0.0051465,0.00018427
0.058321,-0.0043629,0.00018427
0.025414,-0.0054314,0.00015802
0.063556,-0.0036469,0.00018052
-0.0063704,-0.0045729,0.0002705
-0.034416,-0.0040293,7.1791e-05
-0.01011,-0.0044154,3.43e-05
-0.080036,-0.006035,0.00026675
-0.060965,-0.005004,0.00017302
-0.036659,-0.0041005,0.00017302
-0.017962,-0.0065449,0.00017677
0.063556,-0.0087718,1.1805e-05
0.10506,-0.0063537,8.6788e-05
0.14171,-0.0063612,0.00019926
0.17387,-0.0085356,-6.6928e-05
0.20079,-0.01233,-0.0006518
0.20565,-0.0093566,-0.00090674
0.21687,-0.0082807,-0.0013341
0.24043,-0.0076321,-0.0017878
0.19593,-0.005199,-0.001919
0.1963,-0.0074334,-0.0024626
0.20117,-0.0066086,-0.0021965
0.15368,-0.01501,-0.0029163
0.14358,-0.0038343,-0.0026651
0.11778,-0.012416,-0.0028076
0.097584,-0.0025259,-0.0034712
0.11778,-0.0096903,-0.0022002
0.10768,-0.010279,-0.0044385
0.082253,0.0053058,-0.0017203
0.080009,-0.031817,-0.0039248
0.058695,0.02311,-0.0029388
0.037006,-0.039776,-0.0027926
0.050468,0.028658,-0.0049258
0.020927,-0.032462,0.00086287
0.015318,-0.0075046,-0.0094136
0.023919,0.056615,0.010191
-0.037407,-1.1911,-0.081956
0.009709,-1.8677,-0.34721
0.015318,-1.5838,-0.57535
-0.029928,-1.7333,-0.77628
0.08861,-1.7161,-0.97067
0.14283,-1.7724,-1.1315
0.19967,-1.8296,-1.2809
0.29764,-1.8283,-1.4022
0.29764,-1.8879,-1.5075
0.32531,-1.8914,-1.5951
0.31596,-1.9363,-1.6688
0.3197,-1.9208,-1.7284
0.32382,-1.9084,-1.7713
0.27259,-1.8734,-1.8045
0.32943,-1.812,-1.8269
0.28904,-1.7507,-1.8411
0.24005,-1.6788,-1.8457
0.24342,-1.623,-1.8403
0.13161,-1.5346,-1.8253
0.08674,-1.4325,-1.8014
0.019431,-1.3545,-1.771
-0.013475,-1.2691,-1.7344
0.033267,-1.1734,-1.6898
-0.0093619,-1.0812,-1.6374
-0.039651,-0.98666,-1.5788
-0.0052485,-0.889,-1.5141
0.020927,-0.79108,-1.4432
-0.0015092,-0.71202,-1.3684
-0.052739,-0.60377,-1.2902
-0.094994,-0.47318,-1.2002
-0.1294,-0.40267,-1.1074
-0.25167,-0.28409,-1.0143
-0.33282,-0.17493,-0.9116
-0.32908,-0.068831,-0.80622
-0.35638,0.052862,-0.69234
-0.32871,0.16264,-0.57541
-0.30403,0.34576,-0.44308
-0.25654,0.39679,-0.31149
-0.18025,0.6465,-0.17473
-0.1365,0.58806,-0.028546
-0.066574,0.017115,0.010491
-0.025067,0.0020891,-0.0079477
0.02504,0.053526,-0.00047559
0.085618,-0.012483,-0.004221
0.056825,0.03144,-0.0025526
0.047103,-0.0032757,-0.0025939
0.083001,0.018896,-0.0036136
0.073278,-0.00076014,-0.0017391
0.14545,0.0020329,-0.0031487
0.1892,0.010056,-0.0018328
0.17836,-0.00093259,-0.0026464
0.25576,0.0077539,-0.0018028
0.23145,-0.0037481,-0.0016416
0.23519,0.0025465,-0.0016303
0.29054,0.00051453,-0.0011467
0.27034,-0.0035007,-0.0013904
0.30437,0.00070947,-0.00084675
0.304,-0.0019898,-0.00087675
0.30026,-0.0015024,-0.00062555
0.30811,-0.00023153,-0.00029188
0.27782,-0.0032532,-0.0001794
0.28306,-0.0023235,-5.568e-05
0.26473,-0.0010451,0.0002705
0.22547,-0.0032532,0.00064541
0.15181,-0.004063,0.00022926
0.060565,-0.0028033,9.0537e-05
-0.00076128,-0.0034857,0.00036798
-0.084523,-0.0066836,0.00031924
-0.1365,-0.0044529,0.00033798
-0.1193,-0.0033095,0.00035298
-0.10135,-0.0052627,0.00031549
-0.10509,-0.0057876,0.00013178
-0.099481,-0.0058251,0.00022926
-0.084897,-0.00061393,0.0010541
-0.075923,-0.00077513,0.0016239
-0.080036,-0.0023797,0.0019501
-0.095368,0.00091192,0.0029324
-0.093872,-0.0032945,0.0030749
-0.11107,-0.0012288,0.0035923
-0.12715,-0.0050153,0.0043496
-0.10247,0.00030083,0.0039897
-0.078166,-0.0019973,0.0052569
-0.046382,-0.0089442,0.0046683
0.0044739,0.0038586,0.005928
0.064304,-0.016187,0.0054256
0.11553,0.011732,0.0057068
0.14096,-0.019306,0.0071727
0.14956,0.0030901,0.0049307
0.17798,-0.0010113,0.0087474
0.20416,-0.024038,0.0040347
0.22173,0.034964,0.0097371
0.25501,-0.070061,0.004537
0.26847,0.096392,0.0080388
0.29016,-0.15717,0.0085074
0.28418,0.37068,0.0027449
0.29203,2.0472,0.23517
0.40982,2.1467,0.60479
0.37467,1.933,0.90875
0.37617,2.1101,1.2164
0.56576,2.0587,1.492
0.5164,2.2346,1.7449
0.57398,2.2892,1.9867
0.75459,2.4077,2.2064
0.75422,2.4779,2.4147
0.85518,2.5072,2.6005
0.80358,2.5679,2.7743
0.6297,2.5494,2.9295
0.55753,2.5572,3.0703
0.4532,2.5089,3.1953
0.33242,2.4821,3.3026
-0.018336,2.4594,3.3984
-0.41022,2.3995,3.4811
-0.40162,2.3792,3.5522
-0.18885,2.3247,3.6102
0.064304,2.2457,3.6559
0.30288,2.1999,3.6886
0.11815,2.1257,3.7102
-0.16268,2.0511,3.7233
0.13311,1.9854,3.726
0.38664,1.9053,3.7194
0.23258,1.8481,3.7042
0.074774,1.7881,3.6802
-0.23335,1.715,3.6481
-0.45435,1.6447,3.607
-0.29767,1.5654,3.5574
-0.22961,1.4901,3.499
-0.32197,1.4193,3.433
-0.33843,1.331,3.361
-0.4278,1.2429,3.281
-0.67609,1.1601,3.1939
-0.7434,1.0794,3.1007
-0.64543,1.0049,3.0022
-0.62299,0.90692,2.898
-0.43902,0.83213,2.7877
-0.28383,0.7737,2.6764
-0.20381,0.65642,2.56
-0.017589,0.55372,2.4319
0.081131,0.50133,2.3028
0.17013,0.40041,2.1722
0.089732,0.29429,2.0322
-0.11631,0.20297,1.889
-0.28009,0.094637,1.7398
-0.4637,-0.022156,1.5839
-0.55681,-0.15286,1.4175
-0.53213,-0.22656,1.2499
-0.36946,-0.38114,1.079
-0.18698,-0.46622,0.89974
0.0067175,-0.58105,0.72363
0.2337,-0.6963,0.53453
0.36869,-0.75053,0.35681
0.40309,-1.0212,0.15429
0.45021,-0.51684,-0.0073778
0.42179,0.045176,-0.011967
0.26885,-0.10883,0.00015052
0.22248,-0.041257,-0.0081164
0.15891,-0.043221,-0.0021852
0.070287,-0.051552,-0.0070479
0.081131,-0.023322,-0.0042472
0.1275,-0.053636,-0.0062381
0.17275,-0.014864,-0.0061143
0.19369,-0.038745,-0.0055707
0.21986,-0.022876,-0.0069916
0.15106,-0.023427,-0.0060281
0.077018,-0.024593,-0.0074565
0.024293,-0.016326,-0.0070291
-0.052739,-0.023595,-0.007644
-0.019084,-0.020889,-0.0078502
0.033641,-0.022789,-0.0081014
0.090854,-0.020195,-0.0086488
0.12713,-0.023697,-0.008915
0.13685,-0.016573,-0.0095223
0.14283,-0.014084,-0.0093124
0.075522,-0.019738,-0.009781
0.053086,-0.014995,-0.010497
-0.011979,-0.012686,-0.010561
-0.14398,-0.014302,-0.010418
-0.20718,-0.01504,-0.010313
-0.23559,-0.013878,-0.010471
-0.20157,-0.013593,-0.010317
-0.11519,-0.016787,-0.010418
0.026162,-0.017027,-0.011382
0.16041,-0.011141,-0.011918
0.23744,-0.013158,-0.012282
0.30063,-0.014695,-0.013286
0.28493,-0.011887,-0.013493
0.23332,-0.015539,-0.014348
0.18883,-0.0071784,-0.014494
0.14395,-0.014819,-0.014659
0.11815,-0.0066123,-0.015615
0.074026,-0.015565,-0.015169
0.032145,-0.018268,-0.016991
0.035137,-0.0016224,-0.015487
0.10506,-0.025316,-0.017234
0.18883,0.0092497,-0.016432
0.21388,-0.033534,-0.016829
0.24118,0.011773,-0.0187
0.22809,-0.023723,-0.014794
0.16527,-0.013387,-0.02152
0.13049,0.022964,-0.012432
0.035885,-0.091932,-0.02435
0.013448,0.1773,-0.0084276
0.013448,-0.89044,-0.052923
0.003352,-2.2021,-0.36512
0.12039,-1.8974,-0.72674
0.02691,-1.8363,-1.0338
0.15218,-1.8416,-1.3473
0.43039,-1.7737,-1.6217
0.33578,-1.8633,-1.8882
0.47676,-1.8328,-2.1375
0.4618,-1.8907,-2.3724
0.27894,-1.8722,-2.5943
0.40234,-1.897,-2.7961
0.37467,-1.907,-2.9864
0.4274,-1.9007,-3.1584
0.52051,-1.8971,-3.3151
0.5235,-1.8691,-3.4521
0.55566,-1.873,-3.5737
0.43899,-1.854,-3.6826
0.28156,-1.8392,-3.7778
0.16901,-1.8173,-3.8595
0.17649,-1.7869,-3.9262
0.15442,-1.7553,-3.9788
0.11217,-1.7231,-4.0175
0.1907,-1.6961,-4.0446
0.18995,-1.6646,-4.061
0.26399,-1.6295,-4.0659
0.40571,-1.5843,-4.0601
0.41768,-1.5363,-4.0442
0.36009,-1.4884,-4.019
0.25913,-1.4395,-3.9853
0.11778,-1.3852,-3.9422
-0.099855,-1.3232,-3.8895
-0.39115,-1.2634,-3.8275
-0.67086,-1.2101,-3.7574
-0.5841,-1.1572,-3.6813
-0.35525,-1.092,-3.5974
-0.41209,-1.0149,-3.5052
-0.34852,-0.95303,-3.4063
-0.28271,-0.89219,-3.3018
-0.31001,-0.80842,-3.1901
-0.20007,-0.75843,-3.0738
-0.12827,-0.69174,-2.9567
-0.10733,-0.58397,-2.83
-0.15707,-0.51391,-2.6947
-0.22849,-0.44933,-2.5594
-0.35114,-0.35398,-2.4203
-0.43004,-0.25723,-2.2721
-0.3388,-0.18616,-2.1208
-0.27448,-0.062604,-1.9636
-0.23784,0.045859,-1.795
-0.27561,0.14946,-1.6225
-0.36386,0.24389,-1.4436
-0.41471,0.33788,-1.2647
-0.34553,0.48775,-1.0766
-0.19072,0.53476,-0.89067
-0.019458,0.70449,-0.6997
0.20827,0.73178,-0.50184
0.3556,0.90722,-0.31188
0.43375,0.98546,-0.092893
0.5048,0.19999,0.012594
0.56912,-0.029777,-0.011281
0.51789,0.11296,-0.0069279
0.46816,0.001628,-0.0064743
0.40309,0.061665,-0.0081951
0.15779,0.013374,-0.0049783
0.0018563,0.024175,-0.0081689
-0.089759,0.024636,-0.0045172
-0.084523,0.0089498,-0.0063918
0.028032,0.025794,-0.0049183
0.12526,-0.0008951,-0.0049371
0.25314,0.013396,-0.0048584
0.27894,0.0064042,-0.0038348
0.28156,0.007229,-0.0043072
0.24005,0.0087099,-0.0033699
0.16153,0.0041511,-0.0034449
0.14208,0.0051108,-0.0029463
0.088236,0.0033263,-0.0020877
0.047477,0.0021641,-0.0018965
-0.037781,0.00068323,-0.0017878
-0.11481,0.0057969,-0.00094423
-0.10995,0.0081738,0.00034548
-0.10023,0.0023365,0.0012078
-0.08415,-0.0015174,0.0016802
-0.059096,-0.00066641,0.0026887
-0.037781,0.00077696,0.0029212
-0.084897,0.0076152,0.0036635
-0.12603,-0.0013225,0.0040197
-0.11219,0.0041173,0.0044583
-0.073679,-0.0037144,0.0056093
0.066922,0.0021229,0.004777
0.18845,0.0031351,0.0067491
0.24753,-0.011389,0.0055343
0.29091,0.01776,0.0074576
0.2494,-0.023149,0.0067266
0.19593,0.024579,0.0067041
0.14994,-0.026145,0.0093135
0.080757,0.0040311,0.0049869
0.02878,0.0087848,0.01229
0.021301,-0.045017,0.0028537
-0.014223,0.088897,0.015346
-0.014223,-0.20406,-0.00013816
0.060191,0.87429,0.040413
0.19967,2.2989,0.36569
0.44385,1.9914,0.7498
0.44497,1.933,1.0765
0.51677,1.9737,1.4182
0.63456,1.9051,1.7233
0.3728,1.9982,2.0194
0.42029,1.9541,2.2967
0.42777,2.0295,2.5599
0.24828,2.0449,2.8141
0.3571,2.0955,3.0528
0.31372,2.1115,3.2817
0.35074,2.1232,3.491
0.45544,2.1734,3.6923
0.48424,2.1834,3.8832
0.59978,2.2062,4.0615
0.57361,2.2046,4.2253
0.59081,2.2103,4.3733
0.58819,2.2073,4.5079
0.46217,2.2027,4.6266
0.42889,2.1948,4.7296
0.35934,2.166,4.8159
0.28343,2.1582,4.8878
0.3283,2.1591,4.9482
0.33616,2.14,4.996
0.33466,2.1118,5.0318
0.34027,2.0747,5.0548
0.22472,2.0362,5.064
0.15442,2.0024,5.0615
0.042616,1.9515,5.0488
-0.15669,1.9002,5.0264
-0.22363,1.8527,4.9944
-0.29954,1.7984,4.9525
-0.33319,1.7485,4.9026
-0.30178,1.687,4.846
-0.2614,1.627,4.7802
-0.13164,1.5558,4.7055
-0.080784,1.4813,4.6231
-0.094246,1.4371,4.5327
-0.14884,1.3634,4.4362
-0.2498,1.2835,4.3331
-0.34516,1.2214,4.2224
-0.51867,1.1482,4.1058
-0.63982,1.0842,3.9835
-0.64917,1.0033,3.8569
-0.68058,0.91906,3.7239
-0.62486,0.86863,3.5876
-0.50072,0.7898,3.4518
-0.46071,0.67768,3.3059
-0.35638,0.61157,3.1516
-0.28009,0.54082,2.9996
-0.30776,0.43711,2.8416
-0.28084,0.35187,2.6767
-0.2872,0.24908,2.5085
-0.30103,0.14847,2.3334
-0.27673,0.025637,2.15
-0.22176,-0.066855,1.9602
-0.12379,-0.16137,1.7711
-0.049373,-0.29502,1.5733
0.025788,-0.37706,1.3756
0.09048,-0.52929,1.1736
0.11553,-0.59064,0.96865
0.10581,-0.74427,0.76405
0.093845,-0.81387,0.54829
0.091228,-0.91623,0.34696
0.065052,-1.131,0.11398
0.10506,-0.40966,-0.037131
0.19331,0.034312,-0.024028
0.24492,-0.14843,-0.019656
0.32681,-0.034096,-0.025126
0.36046,-0.077555,-0.02005
0.32643,-0.055042,-0.024988
0.34027,-0.039664,-0.021163
0.29428,-0.06146,-0.024455
0.1907,-0.026508,-0.023259
0.14059,-0.051293,-0.023732
0.0658,-0.030227,-0.024481
0.018684,-0.03768,-0.024077
0.042989,-0.033868,-0.025396
0.044485,-0.031502,-0.024808
0.05346,-0.032833,-0.025842
0.090106,-0.027288,-0.025857
0.10918,-0.034426,-0.026694
0.10132,-0.029354,-0.026956
0.11142,-0.02881,-0.02675
0.096089,-0.033733,-0.028058
0.062808,-0.030801,-0.029385
0.059817,-0.026287,-0.030278
0.047103,-0.032893,-0.031151
0.048972,-0.02442,-0.031999
0.050842,-0.022879,-0.03222
0.039624,-0.025005,-0.033157
0.055329,-0.019696,-0.033018
0.071783,-0.032818,-0.034072
0.042989,-0.015138,-0.034274
0.020927,-0.033358,-0.034451
0.047103,-0.01997,-0.035864
0.069913,-0.018639,-0.034207
0.082627,-0.026617,-0.0373
0.1088,-0.0024359,-0.034803
0.12376,-0.048425,-0.037791
0.14844,0.013321,-0.036475
0.15554,-0.057959,-0.036333
0.1447,0.019211,-0.039913
0.13049,-0.049126,-0.032194
0.074026,-0.022114,-0.04704
0.068417,0.055996,-0.019885
-0.03479,-1.4593,-0.14509
-0.0093619,-2.2662,-0.52977
0.084123,-1.8529,-0.88892
-0.037033,-1.9932,-1.2209
0.27969,-1.9428,-1.5538
0.40421,-1.9618,-1.8509
0.28306,-1.9946,-2.1435
0.57697,-1.9849,-2.4118
0.38589,-2.0608,-2.6735
0.27072,-2.0639,-2.9217
0.45096,-2.1225,-3.1581
0.3212,-2.1106,-3.3807
0.42889,-2.1461,-3.586
0.51789,-2.1846,-3.7852
0.50518,-2.1974,-3.9722
0.55342,-2.2173,-4.1471
0.49807,-2.2067,-4.3068
0.5235,-2.2138,-4.4514
0.52724,-2.2091,-4.5814
0.45133,-2.1984,-4.6953
0.47638,-2.1835,-4.7935
0.45245,-2.1661,-4.8754
0.42179,-2.1637,-4.9443
0.56538,-2.1494,-5.0023
0.60689,-2.1258,-5.0479
0.62708,-2.0992,-5.0803
0.66036,-2.0627,-5.0997
0.54257,-2.0283,-5.1067
0.40721,-1.9903,-5.1023
0.21949,-1.9479,-5.0873
0.032519,-1.903,-5.062
-0.10285,-1.8563,-5.0269
-0.21652,-1.8108,-4.9828
-0.25691,-1.7578,-4.9307
-0.28682,-1.7009,-4.8702
-0.28421,-1.6423,-4.8012
-0.22886,-1.5814,-4.724
-0.21353,-1.5167,-4.6379
-0.1881,-1.4545,-4.5438
-0.18997,-1.3943,-4.4445
-0.29243,-1.3225,-4.3388
-0.34291,-1.2472,-4.2257
-0.43116,-1.1712,-4.1064
-0.52577,-1.0994,-3.9819
-0.5168,-1.0198,-3.8531
-0.57887,-0.94136,-3.7178
-0.56017,-0.88777,-3.581
-0.51231,-0.79259,-3.4419
-0.57625,-0.68467,-3.2908
-0.5942,-0.62811,-3.1366
-0.60168,-0.53899,-2.9829
-0.60579,-0.43628,-2.821
-0.57513,-0.35003,-2.6547
-0.51941,-0.24785,-2.483
-0.43266,-0.14165,-2.304
-0.32085,-0.015479,-2.1162
-0.19633,0.064008,-1.9255
-0.099855,0.18723,-1.7327
0.00073447,0.29447,-1.532
0.097958,0.40452,-1.334
0.13199,0.53303,-1.1273
0.12039,0.59838,-0.92536
0.080757,0.78033,-0.71368
0.059069,0.78381,-0.50311
0.059443,1.0407,-0.29294
0.07627,0.93982,-0.064954
0.16041,0.085628,0.011379
0.23519,0.02062,-0.016631
0.31409,0.10628,-0.006343
0.40758,0.0035475,-0.0099047
0.41057,0.069474,-0.00872
0.40421,0.0049871,-0.0073328
0.39823,0.036201,-0.0091549
0.34251,0.016871,-0.0059006
0.30662,0.011484,-0.0082251
0.26473,0.026072,-0.0058781
0.18583,0.007289,-0.0065342
0.1462,0.018652,-0.0058294
0.12937,0.0039824,-0.0052708
0.099454,0.010254,-0.0050496
0.084497,0.0066029,-0.0043485
0.077392,0.0064492,-0.004446
0.050842,0.009201,-0.0032537
-0.0011352,0.0028202,-0.0034449
-0.0056225,0.0094297,-0.0028563
0.0044739,0.0085824,-0.0014879
0.012327,0.0026665,-0.00028438
0.065426,0.0040686,0.00067166
0.10506,0.0063742,0.0016464
0.11067,0.00028584,0.0020888
0.11254,0.0042935,0.0023213
0.1002,0.0013168,0.0032511
0.054956,0.0023365,0.0034573
0.038128,0.002629,0.0047433
0.010831,-0.0047791,0.0041434
-0.063957,0.0055457,0.0055568
-0.074427,-0.015306,0.0054256
-0.051991,0.015004,0.0058043
-0.018336,-0.016,0.0073002
0.056077,0.0057144,0.0049082
0.10506,0.0039374,0.0093772
0.14956,-0.025286,0.0044658
0.18808,0.044929,0.010543
0.20827,-0.070169,0.0057405
0.19817,0.098341,0.0087586
0.14694,-0.14962,0.010644
0.12451,0.34452,0.001219
0.090854,2.0624,0.24381
0.18247,2.1648,0.64438
0.1993,1.8851,0.97673
0.15928,2.0356,1.3166
0.38776,1.9335,1.6323
0.27558,2.0347,1.9273
0.2165,2.0095,2.211
0.40197,2.0552,2.4732
0.25613,2.0929,2.7301
0.38552,2.1229,2.9704
0.46554,2.1713,3.2025
0.41693,2.1591,3.416
0.6024,2.2123,3.6172
0.6211,2.2257,3.8107
0.70823,2.2523,3.9921
0.73216,2.256,4.161
0.6383,2.25,4.3139
0.64166,2.2567,4.4528
0.54706,2.2386,4.5748
0.47414,2.2339,4.6815
0.4719,2.2128,4.7733
0.42777,2.1986,4.8487
0.48237,2.1886,4.9116
0.61474,2.1609,4.963
0.64727,2.1443,5.0024
0.70486,2.1121,5.0289
0.69589,2.069,5.0424
0.55603,2.0387,5.0437
0.42104,1.997,5.0341
0.21051,1.9493,5.0143
0.036259,1.9114,4.9845
-0.13351,1.8549,4.9453
-0.28495,1.7993,4.8974
-0.30926,1.7547,4.842
-0.35226,1.7003,4.7782
-0.356,1.6417,4.7057
-0.33132,1.5627,4.6249
-0.36647,1.4981,4.5359
-0.41808,1.4375,4.4406
-0.46257,1.3559,4.339
-0.52577,1.289,4.2299
-0.5871,1.2117,4.1141
-0.64842,1.1354,3.9924
-0.67385,1.0738,3.867
-0.64207,0.98133,3.7359
-0.65141,0.9091,3.5995
-0.62636,0.8617,3.4645
-0.62262,0.74781,3.3231
-0.66001,0.64945,3.1702
-0.68357,0.59698,3.0176
-0.74153,0.49674,2.8625
-0.7636,0.40323,2.7
-0.76322,0.31197,2.5333
-0.70302,0.20813,2.361
-0.60168,0.088834,2.1815
-0.48501,-0.021395,1.9927
-0.31562,-0.103,1.8046
-0.18885,-0.24081,1.6099
-0.059844,-0.32923,1.4117
0.029154,-0.46927,1.2129
0.041868,-0.55366,1.0075
0.057199,-0.6713,0.80693
0.015692,-0.79645,0.5925
0.0082132,-0.83634,0.39165
0.038128,-1.1332,0.16713
0.093845,-0.62224,-0.019968
0.21799,0.03264,-0.031357
0.30026,-0.12353,-0.015746
0.42291,-0.065048,-0.02579
0.50069,-0.056182,-0.01894
0.47788,-0.071571,-0.024302
0.48611,-0.030291,-0.021385
0.44796,-0.067684,-0.023094
0.36944,-0.029211,-0.023627
0.32419,-0.04922,-0.022551
0.26249,-0.035037,-0.024174
0.18658,-0.035652,-0.023428
0.17574,-0.035356,-0.024781
0.1462,-0.030175,-0.024287
0.10544,-0.035611,-0.02507
0.087488,-0.026966,-0.025194
0.038502,-0.037032,-0.025681
-0.0045007,-0.027993,-0.026484
-0.023198,-0.027573,-0.026296
-0.026189,-0.032496,-0.027282
-0.030302,-0.031427,-0.028429
-0.0097358,-0.032848,-0.029438
0.038502,-0.031228,-0.030308
0.091228,-0.02661,-0.031237
0.12787,-0.023547,-0.031384
0.12339,-0.027041,-0.032257
0.089732,-0.017792,-0.032651
0.042242,-0.029736,-0.032928
-0.0033789,-0.021976,-0.033866
-0.077419,-0.028848,-0.033416
-0.15557,-0.028312,-0.03532
-0.16529,-0.01056,-0.033742
-0.14248,-0.038726,-0.035961
-0.082654,0.0019429,-0.034998
-0.011232,-0.046191,-0.035062
0.075148,0.0010544,-0.037637
0.16602,-0.03031,-0.033397
0.19032,-0.027412,-0.040888
0.23669,0.01824,-0.031148
0.21799,-0.10457,-0.043857
0.21313,0.17653,-0.027575
0.16115,-0.90364,-0.071807
0.11105,-2.2552,-0.40318
0.24641,-1.9586,-0.78887
0.13012,-1.9642,-1.1152
0.31036,-2.0318,-1.4543
0.62372,-1.9832,-1.756
0.47975,-2.0822,-2.0482
0.6914,-2.0524,-2.3206
0.67083,-2.1389,-2.5796
0.44385,-2.1554,-2.8294
0.64316,-2.2121,-3.0645
0.56389,-2.2291,-3.2898
0.58408,-2.2386,-3.4953
0.7344,-2.2953,-3.6929
0.71159,-2.3106,-3.8802
0.81368,-2.3319,-4.0553
0.80769,-2.3309,-4.2172
0.75459,-2.3379,-4.3639
0.73515,-2.3331,-4.4969
0.657,-2.3179,-4.6141
0.61811,-2.2977,-4.7147
0.57436,-2.27,-4.7988
0.50892,-2.2629,-4.8697
0.58146,-2.2491,-4.93
0.66373,-2.2225,-4.9786
0.68953,-2.1892,-5.0139
0.73478,-2.1478,-5.0363
0.64353,-2.1124,-5.0465
0.51565,-2.073,-5.0449
0.35373,-2.0292,-5.0329
0.11179,-1.9838,-5.0112
-0.093498,-1.9327,-4.9788
-0.30178,-1.8865,-4.937
-0.4364,-1.8372,-4.8872
-0.48501,-1.7793,-4.8295
-0.51493,-1.7187,-4.7638
-0.48501,-1.6534,-4.6898
-0.44575,-1.5824,-4.6075
-0.43154,-1.5102,-4.5166
-0.40873,-1.4465,-4.4196
-0.4278,-1.3786,-4.3173
-0.47903,-1.3013,-4.2078
-0.55606,-1.2225,-4.0917
-0.66114,-1.1477,-3.9695
-0.68058,-1.0736,-3.8432
-0.72134,-0.98844,-3.7105
-0.75799,-0.92846,-3.574
-0.72545,-0.85694,-3.4381
-0.77556,-0.73684,-3.2923
-0.8152,-0.66314,-3.1384
-0.82642,-0.60178,-2.9863
-0.82343,-0.49603,-2.8287
-0.79949,-0.40312,-2.6648
-0.77182,-0.3047,-2.4965
-0.66899,-0.19465,-2.3224
-0.56952,-0.066192,-2.1385
-0.43266,0.019563,-1.9483
-0.27486,0.13457,-1.7583
-0.16829,0.25584,-1.5598
-0.030676,0.34184,-1.363
0.044111,0.49209,-1.1592
0.063556,0.5553,-0.9567
0.060939,0.7283,-0.75036
0.024667,0.76705,-0.53798
0.016066,0.952,-0.33553
0.01831,1.0411,-0.10299
0.085618,0.22315,0.011878
0.15741,-0.031345,-0.012765
0.24305,0.12458,-0.0084463
0.39599,0.001418,-0.0074153
0.44161,0.062294,-0.0097323
0.48274,0.015031,-0.0059156
0.56015,0.023665,-0.0091624
0.52163,0.026341,-0.0054357
0.47751,0.0064942,-0.0073741
0.42628,0.025314,-0.0057882
0.31484,0.0024603,-0.0056607
0.22435,0.015477,-0.0056532
0.15405,0.0049084,-0.0047046
0.085618,0.0075514,-0.0048996
0.036633,0.0067979,-0.0038536
-0.002631,0.0069741,-0.0039886
-0.051243,0.010806,-0.002995
-0.06807,-0.0026759,-0.0028788
-0.077419,-0.0013,-0.0029763
-0.081158,0.006138,-0.0017128
-0.015345,0.0095571,-0.00039311
0.02691,0.0061155,0.0004842
0.06393,0.0067566,0.0014777
0.12675,0.0022541,0.0025237
0.16489,0.00089318,0.002475
0.17312,0.0053395,0.0033898
0.13124,-0.0018998,0.003686
0.096837,0.0092872,0.0044996
0.036633,-0.0054876,0.0051332
-0.052365,0.0080388,0.0047695
-0.11219,-0.0015287,0.0063929
-0.14735,-0.01023,0.0049232
-0.14735,0.013359,0.0076976
-0.10397,-0.02454,0.0057105
-0.03479,0.024958,0.0075964
0.034015,-0.032672,0.0080425
0.12825,0.026979,0.0056506
0.17275,-0.020251,0.011597
0.19967,-0.013391,0.0021601
0.20603,0.045555,0.017078
0.19182,-0.16298,-0.0064818
0.17387,1.2081,0.077691
0.18808,2.3483,0.43904
0.31933,1.9394,0.80862
0.25763,2.0063,1.1349
0.36271,2.0173,1.4696
0.51191,2.0065,1.7671
0.34214,2.0905,2.058
0.52574,2.0693,2.3261
0.57174,2.1565,2.5836
0.50742,2.1711,2.829
0.69962,2.2289,3.0616
0.63232,2.2365,3.282
0.7,2.256,3.4835
0.79348,2.3046,3.6789
0.79087,2.3202,3.8634
0.89706,2.339,4.0355
0.81555,2.339,4.1932
0.79722,2.3385,4.3361
0.82003,2.3236,4.4644
0.72244,2.3084,4.5763
0.70636,2.2883,4.6728
0.68168,2.2614,4.754
0.6196,2.2382,4.8213
0.67083,2.2201,4.8772
0.7157,2.2003,4.9224
0.71346,2.1615,4.9548
0.7445,2.1197,4.974
0.65064,2.0744,4.9801
0.50293,2.0354,4.975
0.30849,1.9939,4.9607
0.021301,1.9408,4.9357
-0.18212,1.8975,4.9007
-0.37694,1.8379,4.8575
-0.52128,1.7779,4.8054
-0.59794,1.7273,4.7455
-0.66151,1.6653,4.6776
-0.6372,1.6072,4.6019
-0.61589,1.5396,4.5184
-0.59233,1.4649,4.4277
-0.53288,1.3989,4.3312
-0.51829,1.3196,4.2269
-0.55905,1.2404,4.1151
-0.62599,1.1724,3.9972
-0.70377,1.1008,3.8743
-0.73405,1.0183,3.7471
-0.78117,0.93741,3.6132
-0.84661,0.87796,3.4783
-0.85072,0.78482,3.3416
-0.90794,0.67744,3.1926
-0.96216,0.61918,3.0398
-0.94944,0.53366,2.8875
-0.9199,0.43535,2.7279
-0.86531,0.34716,2.5634
-0.80735,0.24773,2.3941
-0.69703,0.14064,2.219
-0.57476,0.013182,2.034
-0.44911,-0.068426,1.846
-0.28869,-0.1951,1.6553
-0.15669,-0.29495,1.4577
-0.033294,-0.41663,1.2613
0.038128,-0.53106,1.0567
0.04972,-0.6115,0.85776
0.045607,-0.78516,0.64658
0.037754,-0.78751,0.4418
0.040372,-1.0718,0.2299
0.042616,-0.8488,0.014289
0.11366,-0.043986,-0.038511
0.17088,-0.07081,-0.012942
0.23332,-0.10499,-0.024215
0.36233,-0.03046,-0.018622
0.38028,-0.086354,-0.021437
0.44123,-0.023273,-0.021216
0.52612,-0.059785,-0.020477
0.49172,-0.035993,-0.022959
0.48573,-0.038636,-0.020672
0.43413,-0.043113,-0.022926
0.33242,-0.03455,-0.022048
0.23781,-0.04044,-0.023012
0.15106,-0.029762,-0.023177
0.066548,-0.037238,-0.023454
-0.029181,-0.029286,-0.024095
-0.0662,-0.031498,-0.024099
-0.097237,-0.029583,-0.02513
-0.11818,-0.025837,-0.024841
-0.10808,-0.034254,-0.025288
-0.081532,-0.034006,-0.026547
-0.021702,-0.031446,-0.027616
0.039998,-0.032098,-0.028354
0.11441,-0.027089,-0.029389
0.14545,-0.023389,-0.030101
0.16527,-0.029766,-0.030244
0.18621,-0.022936,-0.031264
0.1634,-0.021837,-0.031211
0.13573,-0.027528,-0.032471
0.088236,-0.015681,-0.032044
0.026162,-0.031052,-0.032838
-0.041521,-0.0091579,-0.033674
-0.08228,-0.031648,-0.032512
-0.085645,-0.020229,-0.035317
-0.069566,-0.014125,-0.032388
-0.044512,-0.041714,-0.036449
0.02878,0.013696,-0.03306
0.081505,-0.070203,-0.035774
0.13049,0.040974,-0.036059
0.18696,-0.084888,-0.032029
0.17798,0.04446,-0.043329
0.20603,-0.080513,-0.018513
0.12937,-1.7304,-0.1939
0.2251,-2.2243,-0.59214
0.26473,-1.8742,-0.93735
0.15255,-2.0678,-1.2704
0.52612,-1.9942,-1.5928
0.57174,-2.0702,-1.8848
0.55267,-2.0907,-2.1693
0.84883,-2.1165,-2.4297
0.64428,-2.189,-2.6851
0.65999,-2.2078,-2.9249
0.79461,-2.2684,-3.1547
0.66747,-2.2601,-3.368
0.80657,-2.3096,-3.5666
0.85331,-2.3423,-3.7588
0.86416,-2.3594,-3.9382
0.93259,-2.3709,-4.1058
0.84172,-2.3664,-4.2578
0.82527,-2.3676,-4.3961
0.79685,-2.3488,-4.5186
0.70486,-2.3368,-4.6248
0.73964,-2.3155,-4.7174
0.69701,-2.288,-4.7947
0.65513,-2.2726,-4.8592
0.76058,-2.2518,-4.9122
0.71832,-2.2222,-4.9528
0.7273,-2.186,-4.9818
0.73141,-2.141,-4.998
0.57136,-2.0954,-5.0014
0.42478,-2.052,-4.9939
0.21051,-2.0079,-4.9768
-0.02058,-1.9593,-4.9501
-0.27299,-1.9049,-4.9137
-0.46108,-1.8495,-4.8683
-0.56578,-1.7929,-4.815
-0.7019,-1.7326,-4.7537
-0.7535,-1.665,-4.684
-0.72433,-1.5973,-4.606
-0.67385,-1.5268,-4.52
-0.62973,-1.4615,-4.4267
-0.56915,-1.3962,-4.3281
-0.55756,-1.317,-4.223
-0.58186,-1.2453,-4.1106
-0.59458,-1.1676,-3.9917
-0.68021,-1.0937,-3.8681
-0.72957,-1.0133,-3.7401
-0.82305,-0.93743,-3.6054
-0.90307,-0.88436,-3.471
-0.89447,-0.77914,-3.332
-0.95842,-0.68303,-3.1808
-0.94159,-0.62354,-3.0292
-0.92364,-0.52193,-2.8758
-0.91354,-0.42597,-2.7148
-0.82941,-0.33336,-2.5491
-0.77033,-0.23267,-2.3779
-0.62898,-0.1124,-2.1991
-0.47566,-0.0082394,-2.0108
-0.31973,0.081984,-1.8232
-0.15221,0.22191,-1.6287
-0.056478,0.30183,-1.4315
0.058321,0.44213,-1.2328
0.14844,0.52554,-1.0284
0.16714,0.65956,-0.82847
0.15629,0.77508,-0.61369
0.12451,0.8253,-0.41372
0.09908,1.1159,-0.18823
0.075148,0.55827,-0.0065005
0.065052,-0.059938,-0.00044934
0.10656,0.11235,-0.014085
0.23407,0.037157,-0.0041198
0.32643,0.034717,-0.010681
0.36458,0.049207,-0.0052933
0.46928,0.0064155,-0.0083601
0.49957,0.039111,-0.006283
0.49284,0.0042485,-0.0061518
0.48349,0.019586,-0.0063955
0.37953,0.0089123,-0.0048921
0.28568,0.014956,-0.0058969
0.18957,0.0077164,-0.0041048
0.10207,0.0043048,-0.0045922
0.02504,0.013287,-0.0035424
-0.052739,0.0025352,-0.0034074
-0.081906,0.008991,-0.0031675
-0.12603,0.0015942,-0.0022527
-0.12566,0.00088943,-0.0023127
-0.080036,0.0079863,-0.001053
-0.056852,0.0065467,0.00019176
-0.0078661,0.0011481,0.0010466
0.071783,0.0052945,0.0021788
0.14096,0.00075071,0.0029661
0.17013,-0.0033395,0.0032061
0.20528,0.0018717,0.0039597
0.22958,-0.0055589,0.0040122
0.20939,0.0010169,0.0052531
0.16302,-0.0063049,0.0049532
0.11404,0.0058081,0.0056393
0.05159,-0.0089667,0.0068203
-0.011232,0.0041398,0.0053806
-0.042268,-0.00079013,0.0084174
-0.054234,-0.011625,0.0055906
-0.037033,0.019451,0.0089986
0.020927,-0.043919,0.0066366
0.069913,0.047235,0.00823
0.10731,-0.054596,0.010007
0.1705,0.045563,0.0043009
0.17873,-0.033703,0.017494
0.2049,-0.010481,-0.0092561
0.17798,1.6432,0.14324
0.23108,2.3107,0.53573
0.34513,1.9021,0.88671
0.25015,2.0707,1.2206
0.436,2.0021,1.5488
0.47564,2.0686,1.8436
0.33915,2.1001,2.1332
0.5837,2.1039,2.3976
0.53734,2.1857,2.6558
0.55865,2.1931,2.8979
0.75085,2.2748,3.1303
0.69402,2.2743,3.3508
0.79685,2.3022,3.5526
0.86117,2.3415,3.7458
0.89482,2.3659,3.9288
0.95166,2.3864,4.1016
0.86378,2.381,4.2598
0.86154,2.3856,4.4036
0.8664,2.3666,4.533
0.78974,2.3561,4.6467
0.78376,2.3343,4.745
0.74712,2.299,4.8282
0.68766,2.287,4.8977
0.73889,2.2581,4.9545
0.71533,2.236,5.0002
0.7,2.2068,5.0348
0.71309,2.1485,5.0562
0.57398,2.1132,5.0651
0.42777,2.0712,5.0626
0.23407,2.014,5.0496
-0.002257,1.9705,5.0266
-0.19558,1.9218,4.9937
-0.42518,1.8663,4.9513
-0.55793,1.8139,4.9009
-0.63795,1.7559,4.843
-0.73667,1.6846,4.7769
-0.72246,1.6205,4.7024
-0.73443,1.5554,4.6194
-0.73966,1.48,4.5286
-0.68544,1.4146,4.4321
-0.68619,1.3375,4.3288
-0.6645,1.2574,4.2176
-0.70788,1.1855,4.1007
-0.78341,1.1148,3.9787
-0.79875,1.0454,3.8523
-0.8754,0.95349,3.72
-0.90756,0.89116,3.5837
-0.89672,0.83358,3.4481
-0.9285,0.71421,3.304
-0.93486,0.63335,3.1505
-0.92476,0.57454,2.9985
-0.90569,0.47012,2.842
-0.84399,0.37788,2.6781
-0.75686,0.27935,2.5098
-0.66039,0.18151,2.3355
-0.52465,0.05711,2.1537
-0.39377,-0.041782,1.9643
-0.26663,-0.12965,1.7753
-0.15034,-0.26598,1.5785
-0.053113,-0.3474,1.3807
0.041494,-0.49539,1.1791
0.097584,-0.56139,0.97469
0.12376,-0.70807,0.77219
0.093845,-0.80077,0.55673
0.083375,-0.88325,0.35671
0.087862,-1.1248,0.12633
0.096089,-0.46196,-0.033813
0.18284,0.037611,-0.025201
0.24005,-0.14505,-0.018157
0.30662,-0.040608,-0.025078
0.36719,-0.071182,-0.019098
0.36121,-0.06458,-0.024538
0.39337,-0.039469,-0.020924
0.40047,-0.065269,-0.023758
0.37056,-0.031213,-0.023027
0.35111,-0.051038,-0.023143
0.26062,-0.032769,-0.024215
0.16153,-0.041722,-0.023559
0.088984,-0.03521,-0.024849
-0.0071182,-0.030561,-0.024272
-0.058348,-0.034201,-0.025254
-0.073679,-0.026999,-0.025303
-0.10098,-0.035476,-0.025959
-0.11444,-0.028825,-0.026491
-0.089011,-0.027914,-0.02627
-0.046008,-0.033883,-0.027792
-0.010858,-0.028218,-0.029067
0.052338,-0.031078,-0.029772
0.1447,-0.034557,-0.031237
0.2049,-0.024233,-0.031699
0.2408,-0.030494,-0.032115
0.2681,-0.023194,-0.032598
0.24828,-0.027116,-0.032602
0.2236,-0.026984,-0.034274
0.20154,-0.017953,-0.033288
0.13647,-0.035037,-0.034882
0.090106,-0.008037,-0.034484
0.06206,-0.035408,-0.034477
0.03738,-0.0072047,-0.036321
0.019057,-0.030366,-0.033974
0.037006,-0.026838,-0.038436
0.12413,0.0019017,-0.033345
0.14657,-0.06359,-0.039309
0.17649,0.049503,-0.034353
0.17649,-0.11639,-0.037787
0.1634,0.12565,-0.039223
0.15554,-0.38163,-0.031354
0.048599,-2.0323,-0.27942
0.2079,-2.1177,-0.68333
0.20341,-1.9087,-1.017
0.18546,-2.088,-1.3568
0.56538,-1.9978,-1.6706
0.51116,-2.1063,-1.9636
0.59978,-2.0937,-2.2451
0.80807,-2.1541,-2.5054
0.56613,-2.1955,-2.7598
0.68953,-2.23,-2.9965
0.75534,-2.295,-3.2274
0.66148,-2.284,-3.4414
0.8219,-2.3263,-3.6407
0.83125,-2.353,-3.8313
0.84808,-2.3807,-4.0107
0.86827,-2.389,-4.1798
0.82676,-2.3878,-4.3335
0.86528,-2.3895,-4.474
0.79947,-2.3691,-4.5989
0.72281,-2.3534,-4.7072
0.76132,-2.3335,-4.8013
0.69177,-2.3048,-4.8807
0.69776,-2.2843,-4.9468
0.77553,-2.2661,-5.0013
0.70374,-2.2334,-5.0442
0.74674,-2.1952,-5.0749
0.70037,-2.1549,-5.0936
0.52911,-2.1061,-5.0998
0.38926,-2.0601,-5.0942
0.15741,-2.0152,-5.0787
-0.043764,-1.9607,-5.0535
-0.25953,-1.9043,-5.0179
-0.43416,-1.8531,-4.9738
-0.54297,-1.7992,-4.9217
-0.66824,-1.7403,-4.8616
-0.73144,-1.677,-4.7936
-0.72471,-1.6089,-4.7174
-0.72358,-1.5356,-4.6328
-0.74864,-1.4651,-4.5399
-0.70676,-1.4018,-4.4412
-0.67684,-1.3279,-4.3372
-0.66712,-1.2508,-4.2258
-0.7176,-1.1718,-4.1077
-0.78267,-1.0985,-3.9841
-0.79201,-1.0217,-3.8564
-0.88251,-0.93746,-3.7221
-0.87877,-0.88819,-3.5861
-0.88101,-0.80343,-3.4487
-0.91766,-0.68554,-3.2997
-0.88288,-0.62887,-3.146
-0.91878,-0.55042,-2.9937
-0.87279,-0.44594,-2.8339
-0.78828,-0.36402,-2.6685
-0.67086,-0.25954,-2.4984
-0.53587,-0.15125,-2.3216
-0.43603,-0.025807,-2.135
-0.28495,0.05254,-1.9439
-0.20904,0.16989,-1.7518
-0.098733,0.28632,-1.5514
0.01457,0.37576,-1.3536
0.078888,0.51786,-1.148
0.14881,0.58214,-0.94513
0.15293,0.75847,-0.73554
0.15966,0.77418,-0.52336
0.14507,0.99169,-0.31736
0.14134,1.0026,-0.085151
0.19256,0.15807,0.013325
0.23519,-0.0073621,-0.013766
0.27521,0.11833,-0.0065905
0.33092,0.0017554,-0.0076927
0.35261,0.063783,-0.0085063
0.37243,0.0087361,-0.0056007
0.41431,0.033615,-0.0083263
0.4087,0.023286,-0.0047834
0.39599,0.0088373,-0.0069916
0.35822,0.023526,-0.0051395
0.24753,0.0054107,-0.0052708
0.1346,0.016425,-0.0047196
0.057947,0.0032476,-0.0039623
0.00073447,0.012826,-0.0040598
-0.061713,0.0056432,-0.0031113
-0.085645,0.0040086,-0.0031412
-0.08415,0.0084324,-0.0022489
-0.10808,0.0010731,-0.0023202
-0.086019,0.0058006,-0.0015966
-0.03292,0.0065017,-2.9436e-05
0.017188,0.0051745,0.00083287
0.10469,0.0071428,0.0016015
0.1892,0.0065729,0.0028912
0.22547,0.0040461,0.0032961
0.25875,0.0045972,0.0038772
0.26436,-0.0022035,0.0043608
0.22846,0.0067791,0.0050282
0.22248,-0.0053452,0.0058942
0.18396,0.00095316,0.0053169
0.11853,0.0040124,0.0072852
0.094219,-0.0095478,0.0057143
0.063182,0.016748,0.0079525
0.052338,-0.021248,0.0073602
0.074026,0.02125,0.0074314
0.097211,-0.026835,0.0097146
0.13984,0.011083,0.0056093
0.16153,0.0039524,0.012898
0.19256,-0.038606,0.0032586
0.17387,0.088016,0.016167
0.14246,-0.20006,-0.0002019
0.12039,0.90814,0.044301
0.11927,2.3108,0.37517
0.29428,1.9994,0.76025
0.25165,1.9761,1.087
0.28755,2.0481,1.4272
0.51116,1.9967,1.7303
0.3571,2.1019,2.0241
0.46255,2.075,2.2982
0.58782,2.1633,2.5587
0.48573,2.1754,2.8088
0.67607,2.2289,3.0433
0.67233,2.2646,3.2709
0.67345,2.2651,3.4791
0.79947,2.3035,3.6764
0.80433,2.3235,3.8641
0.90828,2.3559,4.0417
0.8836,2.3504,4.2066
0.83349,2.3524,4.3567
0.85406,2.3455,4.4933
0.73926,2.3152,4.6142
0.6985,2.3035,4.7195
0.70785,2.2717,4.8091
0.60951,2.2441,4.8838
0.63718,2.2299,4.9463
0.70224,2.196,4.9979
0.66186,2.1631,5.038
0.67457,2.1175,5.0658
0.59417,2.0671,5.0801
0.45918,2.0315,5.0821
0.31522,1.9901,5.0743
0.084871,1.9332,5.0563
-0.10733,1.8807,5.0284
-0.33207,1.8306,4.9913
-0.48314,1.7703,4.9449
-0.577,1.7232,4.8904
-0.70937,1.6621,4.8286
-0.73218,1.5919,4.7586
-0.73256,1.5288,4.6799
-0.73555,1.456,4.5932
-0.78641,1.3917,4.5003
-0.81221,1.3171,4.401
-0.7692,1.241,4.2936
-0.78902,1.1697,4.1796
-0.78491,1.0946,4.0603
-0.80585,1.0298,3.9359
-0.86456,0.94409,3.806
-0.87465,0.87258,3.6703
-0.85446,0.82308,3.5353
-0.841,0.72038,3.3956
-0.84511,0.62318,3.2435
-0.82866,0.5703,3.0904
-0.82455,0.47713,2.9367
-0.77407,0.37925,2.7744
-0.68956,0.30043,2.6082
-0.60243,0.20241,2.4368
-0.46033,0.088361,2.2585
-0.35937,-0.029114,2.0705
-0.26439,-0.10199,1.8803
-0.16081,-0.23143,1.687
-0.073305,-0.32706,1.4862
0.010831,-0.4425,1.2877
0.086366,-0.56369,1.0804
0.16452,-0.63795,0.87787
0.16602,-0.80833,0.66399
0.17686,-0.80427,0.45549
0.19518,-1.0777,0.24222
0.1705,-0.88779,0.020583
0.23033,-0.067103,-0.039643
0.27633,-0.063132,-0.013073
0.31222,-0.11104,-0.024253
0.3657,-0.029931,-0.018914
0.33541,-0.085641,-0.021291
0.32756,-0.027232,-0.021685
0.33728,-0.062724,-0.020492
0.30811,-0.037924,-0.023121
0.29652,-0.041156,-0.020961
0.26137,-0.044781,-0.023128
0.1806,-0.033395,-0.022292
0.096463,-0.03993,-0.023289
0.019805,-0.028477,-0.023357
-0.025815,-0.036192,-0.023604
-0.064705,-0.032229,-0.024313
-0.086393,-0.037984,-0.024538
-0.093872,-0.030793,-0.025471
-0.10509,-0.02803,-0.024984
-0.075549,-0.036271,-0.026034
-0.03479,-0.032945,-0.027676
0.009709,-0.028087,-0.028426
0.073278,-0.033264,-0.029498
0.1533,-0.028694,-0.030454
0.22697,-0.023367,-0.030533
0.24903,-0.026737,-0.031361
0.24566,-0.020094,-0.031537
0.23594,-0.028514,-0.032437
0.20864,-0.014658,-0.03252
0.15293,-0.028702,-0.032932
0.11778,-0.018219,-0.034166
0.10207,-0.024476,-0.032895
0.075522,-0.028645,-0.035692
0.093471,-0.0056676,-0.032895
0.094593,-0.044226,-0.036265
0.12002,0.017809,-0.034462
0.1346,-0.062615,-0.034852
0.15068,0.021753,-0.038271
0.1978,-0.053985,-0.030679
0.15255,-0.014898,-0.045323
0.1533,0.049664,-0.018007
0.03925,-1.4944,-0.14914
0.10095,-2.2709,-0.53695
0.26586,-1.8767,-0.89542
0.13348,-2.0512,-1.228
0.45731,-2.005,-1.5589
0.61998,-2.046,-1.8543
0.49919,-2.0927,-2.1449
0.80283,-2.092,-2.4105
0.64877,-2.1732,-2.6693
0.5751,-2.1792,-2.913
0.77329,-2.2544,-3.1465
0.61998,-2.25,-3.3691
0.72244,-2.2755,-3.5725
0.79535,-2.3136,-3.7676
0.78526,-2.3274,-3.9519
0.87463,-2.348,-4.1262
0.80994,-2.3419,-4.286
0.81068,-2.3448,-4.432
0.79199,-2.3307,-4.5645
0.65213,-2.309,-4.68
0.61511,-2.2922,-4.7811
0.58408,-2.2647,-4.8679
0.51079,-2.2361,-4.9398
0.60352,-2.2147,-4.9997
0.62633,-2.1881,-5.0488
0.60801,-2.1491,-5.0858
0.6555,-2.1088,-5.1101
0.51677,-2.0639,-5.1225
0.39935,-2.013,-5.1226
0.26025,-1.9686,-5.1117
0.029528,-1.9215,-5.0918
-0.13351,-1.8654,-5.062
-0.37358,-1.8109,-5.0225
-0.4794,-1.7561,-4.9745
-0.63272,-1.6993,-4.9185
-0.68881,-1.638,-4.8543
-0.75724,-1.5726,-4.7819
-0.77182,-1.503,-4.7017
-0.66188,-1.4324,-4.6125
-0.9831,-1.3733,-4.5167
-0.27187,-1.3046,-4.4163
-4.1051,-1.2262,-4.3088
-14.459,-1.1472,-4.1944
-20.895,-1.0754,-4.0742
-22.051,-1.0062,-3.9494
-19.965,-0.91826,-3.8185
-15.732,-0.85066,-3.6832
-13.46,-0.76745,-3.5482
-12.266,-0.64131,-3.4051
-10.307,-0.54932,-3.2537
-5.9,-0.47109,-3.1041
0.096463,-0.35964,-2.9504
8.1163,-0.26847,-2.7891
17.628,-0.17626,-2.6247
21.267,-0.067125,-2.4526
21.148,0.03814,-2.2728
21.287,0.13298,-2.0847
18.606,0.2033,-1.8952
16.248,0.32748,-1.6999
14.69,0.40069,-1.4992
8.2681,0.52698,-1.2998
-1.0384,0.61691,-1.0915
-9.2045,0.69746,-0.88845
-14.393,0.84714,-0.671
-13.197,0.83994,-0.46344
-6.5641,1.1287,-0.24091
0.91015,0.75939,-0.028486
6.2242,-0.016693,0.0074539
8.7371,0.082959,-0.015596
9.1398,0.07001,-0.0034262
9.9131,0.02215,-0.01013
11.947,0.067048,-0.0056457
13.117,0.0050058,-0.0069729
13.895,0.046069,-0.0067367
12.433,0.011807,-0.0048246
8.0423,0.02386,-0.0064068
3.5281,0.019387,-0.0041723
-1.6057,0.011473,-0.0051733
-5.7688,0.017265,-0.0038236
-8.5198,0.0064042,-0.0039773
-11.096,0.014363,-0.0034937
-13.923,0.0078963,-0.00292
-17.395,0.012324,-0.0024551
-18.081,0.0059318,-0.0016041
-14.729,0.0075252,-0.0019003
-7.8101,0.013366,-0.00056182
1.3323,0.0057594,0.00081413
7.9993,0.006153,0.0016052
10.398,0.0072103,0.0031686
8.9618,0.00038706,0.0037085
4.9741,0.0042036,0.0040309
0.48087,-0.00023153,0.0049645
-3.4444,0.00049203,0.0050469
-6.7096,0.0031988,0.0063217
-9.5358,-0.0072309,0.0055793
-11.259,0.0031951,0.0070377
-11.266,-0.014433,0.0068953
-9.0998,0.014195,0.0071427
-4.4267,-0.012884,0.0089011
1.903,0.0051446,0.0063591
7.6481,0.0028014,0.011049
11.617,-0.027056,0.0060292
12.687,0.04256,0.011743
11.392,-0.072329,0.0074464
10.333,0.095488,0.0097071
9.2968,-0.14368,0.012913
9.0448,0.31677,0.0016989
8.7995,2.0201,0.23978
6.747,2.1467,0.64292
3.8923,1.8625,0.97751
0.0085872,2.0141,1.3193
-3.3849,1.9046,1.6383
-5.3264,1.9948,1.9356
-5.9497,1.9664,2.2232
-5.1985,2.0042,2.4894
-4.7296,2.0389,2.7503
-3.9664,2.0532,2.9934
-2.7118,2.1037,3.2308
-0.46781,2.0818,3.4517
3.1201,2.1006,3.6573
5.5952,2.1176,3.855
6.1629,2.1403,4.0425
4.3365,2.1359,4.2192
0.43338,2.1206,4.3809
-3.6837,2.108,4.5288
-6.9661,2.0905,4.6613
-8.9154,2.0634,4.779
-9.3328,2.0306,4.8816
-8.7004,2.0033,4.969
-7.8404,1.9645,5.0429
-6.2194,1.9434,5.1047
-3.6212,1.9149,5.1562
-0.28271,1.8655,5.1949
3.6844,1.8229,5.22
6.8666,1.7797,5.2334
8.3291,1.7344,5.2355
8.5131,1.6873,5.2269
7.3864,1.6372,5.2084
5.3686,1.5883,5.1805
4.4106,1.5387,5.1429
4.0501,1.4887,5.0968
3.2903,1.4392,5.043
2.7402,1.3742,4.9799
1.437,1.3105,4.9078
-0.3762,1.2521,4.8276
-1.2905,1.1934,4.74
-1.4733,1.1354,4.6459
-1.3253,1.0617,4.5434
-1.0781,0.99877,4.4333
-0.99506,0.93262,4.3177
-1.0362,0.8687,4.1963
-0.65291,0.80453,4.07
0.09908,0.73194,3.9371
0.84696,0.69073,3.802
1.4247,0.6126,3.6656
1.0739,0.5104,3.5177
-0.16866,0.45121,3.3634
-1.9692,0.39212,3.2101
-4.0172,0.29976,3.0504
-5.3597,0.22028,2.8828
-5.6154,0.14371,2.7124
-4.9723,0.033146,2.5329
-3.9372,-0.055908,2.3456
-2.7728,-0.14643,2.1533
-1.7156,-0.22497,1.9579
-0.87652,-0.34252,1.7581
0.11217,-0.42264,1.551
0.75946,-0.52914,1.3475
0.82863,-0.65323,1.1344
0.43862,-0.70266,0.92497
-0.63234,-0.87119,0.70637
-1.4475,-0.858,0.48978
-1.5395,-1.1003,0.27267
-1.0848,-0.9746,0.038205
0.11815,-0.11242,-0.040172
1.3286,-0.049441,-0.011847
2.1337,-0.13054,-0.021936
2.6022,-0.029717,-0.017992
2.631,-0.09245,-0.019334
2.4953,-0.032301,-0.020635
2.4205,-0.062799,-0.01834
2.5196,-0.041302,-0.02164
2.7286,-0.035738,-0.019461
2.858,-0.043349,-0.021617
2.76,-0.026006,-0.020912
2.4721,-0.041801,-0.021628
2.1939,-0.027731,-0.022165
1.851,-0.031075,-0.022033
1.1341,-0.031108,-0.022914
0.20603,-0.030235,-0.023166
-0.82754,-0.028713,-0.023525
-1.9441,-0.026966,-0.023657
-2.5626,-0.032079,-0.025501
-2.7077,-0.024274,-0.026753
-2.4587,-0.025001,-0.027282
-1.7553,-0.027663,-0.028718
-1.0197,-0.019809,-0.029228
-0.47305,-0.024686,-0.030064
-0.30776,-0.017263,-0.030473
-0.46071,-0.025024,-0.030825
-0.8238,-0.018422,-0.031725
-1.2452,-0.020401,-0.03117
-1.5605,-0.022317,-0.033243
-1.8577,-0.0087343,-0.031789
-1.9546,-0.036878,-0.033772
-1.793,0.0026815,-0.033221
-1.4247,-0.040009,-0.033138
-0.8309,0.00030458,-0.035744
-0.069566,-0.031442,-0.031496
0.63082,-0.02445,-0.038886
1.1663,0.021269,-0.029378
1.4625,-0.11139,-0.041701
1.4576,0.17905,-0.02633
1.3118,-0.86719,-0.066855
1.2968,-2.2394,-0.39454
1.581,-1.9494,-0.78361
1.7313,-1.9273,-1.1132
2.0495,-1.9843,-1.4557
2.5241,-1.9205,-1.7612
2.4564,-2.0044,-2.0579
2.3027,-1.9579,-2.3359
1.928,-2.0325,-2.5999
1.3245,-2.0325,-2.8548
0.99466,-2.083,-3.0949
0.56875,-2.1021,-3.3289
0.21687,-2.091,-3.5439
0.021301,-2.1287,-3.7479
-0.05947,-2.1344,-3.9423
0.16901,-2.1531,-4.1272
0.35635,-2.141,-4.2994
0.45395,-2.1341,-4.4566
0.44572,-2.1208,-4.6011
0.15854,-2.0876,-4.7286
-0.25167,-2.07,-4.8412
-0.63085,-2.04,-4.9398
-0.99394,-2.009,-5.0234
-1.0489,-1.9877,-5.0946
-0.80809,-1.9546,-5.1541
-0.55681,-1.9202,-5.2015
-0.1709,-1.8811,-5.2372
0.071035,-1.8335,-5.2601
0.083749,-1.7873,-5.2698
0.12264,-1.7421,-5.2686
0.024293,-1.6969,-5.2576
-0.27374,-1.6477,-5.236
-0.51792,-1.5989,-5.2051
-0.71648,-1.5495,-5.1654
-0.92663,-1.4971,-5.1167
-0.84624,-1.4424,-5.06
-0.60243,-1.3822,-4.9947
-0.28271,-1.3212,-4.9205
0.21612,-1.2536,-4.8373
0.48835,-1.1972,-4.7464
0.54369,-1.1405,-4.6504
0.55155,-1.0704,-4.5475
0.4173,-1.0067,-4.4366
0.31222,-0.93549,-4.3192
0.33541,-0.87497,-4.1968
0.38514,-0.80181,-4.0682
0.44123,-0.73531,-3.9334
0.56949,-0.69441,-3.7987
0.62372,-0.59813,-3.6593
0.49359,-0.51263,-3.5078
0.3313,-0.4685,-3.3537
0.10207,-0.38978,-3.1995
-0.27374,-0.29357,-3.0365
-0.66637,-0.22043,-2.8675
-1.0037,-0.12332,-2.6947
-1.2845,-0.01675,-2.5109
-1.329,0.075941,-2.3207
-1.1536,0.16285,-2.1248
-0.90794,0.24462,-1.9277
-0.57887,0.36586,-1.7236
-0.35937,0.4278,-1.5172
-0.25728,0.56837,-1.311
-0.28421,0.64723,-1.0962
-0.49586,0.74434,-0.88702
-0.67086,0.87645,-0.66269
-0.79463,0.87716,-0.45165
-0.86231,1.1676,-0.22013
-0.78902,0.68273,-0.016515
-0.58971,-0.038944,0.0039034
-0.32384,0.10772,-0.015142
0.0059696,0.06054,-0.0033025
0.3399,0.034439,-0.010535
0.5149,0.061702,-0.0053533
0.60502,0.011522,-0.0076552
0.64092,0.048168,-0.0063918
0.57361,0.010569,-0.0052333
0.52911,0.024939,-0.0063505
0.44161,0.012193,-0.0041835
0.34962,0.013752,-0.0052145
0.39075,0.017573,-0.0036024
0.42366,0.0080875,-0.0038198
0.44796,0.011252,-0.0034187
0.44871,0.0034463,-0.0027813
0.37019,0.0053582,-0.0025639
0.24118,0.0012231,-0.0020465
0.039624,0.0081213,-0.0017316
-0.080784,0.0094709,-0.00058806
-0.11668,0.0074389,0.00038672
-0.050121,0.0096134,0.0013952
0.20079,0.0079938,0.0027225
0.45769,0.00084069,0.0035135
0.7243,-0.0012288,0.0035098
0.93932,0.0065729,0.004732
1.038,5.7146e-05,0.004852
0.99952,0.0081513,0.0053881
0.72692,-0.004168,0.0063441
0.38215,0.0039674,0.0056243
-0.015719,0.0054782,0.0076376
-0.41097,-0.0081719,0.0062317
-0.67796,0.012763,0.0085449
-0.82604,-0.024611,0.0073377
-0.76621,0.023473,0.008035
-0.55718,-0.025837,0.0098834
-0.32833,0.020268,0.0062917
-0.1623,-0.0039468,0.013348
-0.0093619,-0.036796,0.0035548
0.050468,0.071641,0.017052
0.03925,-0.1932,-0.0017278
0.017188,0.98626,0.054191
-0.039651,2.2852,0.39384
0.11179,1.927,0.77253
0.092723,1.9173,1.097
0.10357,1.9476,1.4347
0.27894,1.8955,1.7359
0.081879,1.9722,2.029
0.16377,1.9209,2.3014
0.24192,2.0018,2.5619
0.024293,2.0036,2.8143
0.11666,2.0198,3.0498
0.15966,2.0279,3.2727
0.28829,2.0443,3.4809
0.65475,2.0783,3.684
1.0478,2.0772,3.8744
1.4284,2.0761,4.0511
1.6954,2.0553,4.2138
1.8951,2.0433,4.361
1.8491,2.0202,4.4935
1.6132,1.9885,4.6095
1.3192,1.9533,4.7105
0.96587,1.9227,4.7969
0.5837,1.8982,4.8699
0.28717,1.8747,4.9324
0.15405,1.8386,4.9834
0.060565,1.7885,5.0203
0.13498,1.7486,5.0443
0.22173,1.7045,5.0565
0.20004,1.6602,5.058
0.20266,1.6114,5.0496
0.06393,1.5591,5.0303
-0.1466,1.5139,5.0012
-0.40611,1.4661,4.9635
-0.64992,1.4181,4.918
-0.75724,1.3606,4.8638
-0.86493,1.3014,4.8003
-0.87914,1.2416,4.7282
-0.88886,1.1807,4.6477
-0.97973,1.1224,4.5607
-1.0048,1.0536,4.4656
-1.062,0.99026,4.3623
-1.1574,0.92407,4.2528
-1.1955,0.85652,4.1366
-1.1865,0.79583,4.0161
-1.0781,0.72414,3.8889
-0.8754,0.67532,3.7569
-0.58971,0.61186,3.6252
-0.2169,0.51187,3.4847
0.11366,0.44755,3.3344
0.34663,0.40008,3.1843
0.46517,0.31058,3.0304
0.43301,0.22811,2.8676
0.27745,0.15962,2.702
0.098332,0.052618,2.5292
-0.046756,-0.0378,2.3474
-0.15557,-0.13876,2.1589
-0.15856,-0.2131,1.9665
-0.084897,-0.31571,1.7713
0.057947,-0.41374,1.5669
0.2509,-0.50137,1.3654
0.40608,-0.63802,1.1561
0.51415,-0.68062,0.94799
0.51453,-0.84584,0.73432
0.43787,-0.84965,0.51726
0.29091,-1.0415,0.30697
0.11254,-1.0563,0.069169
0.00073447,-0.20091,-0.03604
-0.10621,-0.0142,-0.0092074
-0.18025,-0.14614,-0.015573
-0.18736,-0.021398,-0.014775
-0.22475,-0.085578,-0.013594
-0.28645,-0.035738,-0.016627
-0.29954,-0.053587,-0.013508
-0.35413,-0.046783,-0.017111
-0.42593,-0.032994,-0.014914
-0.46893,-0.045572,-0.016777
-0.53774,-0.027048,-0.01656
-0.53175,-0.042344,-0.016957
-0.49099,-0.027018,-0.017752
-0.39975,-0.028188,-0.017272
-0.23036,-0.027768,-0.018348
-0.1021,-0.028559,-0.018442
0.009709,-0.024863,-0.019041
0.074026,-0.020622,-0.019143
0.096463,-0.026512,-0.019694
0.10656,-0.025147,-0.020631
0.12825,-0.028919,-0.021658
0.19107,-0.025612,-0.022637
0.27334,-0.025155,-0.023664
0.43076,-0.020832,-0.024444
0.60091,-0.022347,-0.024661
0.73552,-0.022025,-0.025801
0.89706,-0.016064,-0.025756
0.99952,-0.026745,-0.02672
1.0178,-0.013274,-0.026686
0.98382,-0.030808,-0.027087
0.83611,-0.010136,-0.028111
0.66373,-0.019097,-0.026922
0.49807,-0.02382,-0.029847
0.33317,-0.0040068,-0.026915
0.23744,-0.045013,-0.030683
0.17349,0.021693,-0.028557
0.10058,-0.05821,-0.029475
0.071409,0.031931,-0.032179
0.027284,-0.053606,-0.025164
-0.088263,-0.0014612,-0.039178
-0.12753,0.025547,-0.012357
-0.28458,-1.5371,-0.15259
-0.32571,-2.2437,-0.54089
-0.24457,-1.8277,-0.89394
-0.4106,-1.9745,-1.2244
-0.18212,-1.9085,-1.5527
-0.0018831,-1.9381,-1.8472
-0.056478,-1.9565,-2.1362
0.21762,-1.9451,-2.4011
0.126,-2.0198,-2.6612
0.044859,-2.0096,-2.9079
0.16751,-2.04,-3.1399
0.058695,-2.0378,-3.3578
0.13086,-2.0758,-3.5641
0.19182,-2.0887,-3.764
0.28605,-2.0826,-3.9493
0.46853,-2.0801,-4.1219
0.52275,-2.0625,-4.2799
0.64727,-2.0463,-4.4228
0.7445,-2.0186,-4.55
0.78189,-1.9946,-4.662
0.88024,-1.9574,-4.7588
0.90342,-1.9292,-4.8409
0.88472,-1.9108,-4.9117
0.96811,-1.882,-4.9715
0.98195,-1.8429,-5.0187
0.9812,-1.793,-5.0526
0.99915,-1.7503,-5.0737
0.90641,-1.7087,-5.083
0.79984,-1.6615,-5.0817
0.62222,-1.6189,-5.0704
0.37019,-1.5696,-5.0492
0.12189,-1.5163,-5.0182
-0.13575,-1.4691,-4.9778
-0.34291,-1.416,-4.9296
-0.48352,-1.3625,-4.873
-0.58149,-1.3058,-4.8072
-0.64057,-1.2362,-4.7324
-0.66151,-1.1822,-4.6488
-0.65216,-1.1286,-4.559
-0.67609,-1.0559,-4.4633
-0.74116,-0.98916,-4.3592
-0.7965,-0.92516,-4.2482
-0.90532,-0.86589,-4.1314
-1.0164,-0.79392,-4.0089
-1.0687,-0.7225,-3.8796
-1.1342,-0.68356,-3.7478
-1.111,-0.60932,-3.6144
-1.0414,-0.50632,-3.4696
-0.98272,-0.44934,-3.3181
-0.89111,-0.3983,-3.1681
-0.7778,-0.29918,-3.0113
-0.63608,-0.21917,-2.8465
-0.53175,-0.14018,-2.6788
-0.40237,-0.031408,-2.5023
-0.23485,0.060251,-2.3175
-0.072557,0.15099,-2.1253
0.1275,0.22664,-1.9321
0.32606,0.34339,-1.7331
0.49957,0.4134,-1.5288
0.63568,0.54044,-1.3267
0.73216,0.64156,-1.1148
0.786,0.71307,-0.90818
0.73702,0.86792,-0.6878
0.66186,0.85395,-0.4762
0.63119,1.1379,-0.25315
0.55828,0.80936,-0.034488
0.49396,-0.00099258,0.0092348
0.45058,0.077455,-0.015446
0.43637,0.082202,-0.003115
0.44909,0.01917,-0.009661
0.37579,0.062025,-0.0057619
0.3227,-0.00065517,-0.006463
0.26623,0.0468,-0.0069054
0.16041,0.014663,-0.0044572
0.06206,0.019773,-0.0061931
-0.095368,0.014791,-0.0040785
-0.24046,0.01103,-0.0047721
-0.36834,0.019515,-0.0037074
-0.46631,0.0039261,-0.0037486
-0.49025,0.0086386,-0.0032687
-0.53288,0.0034762,-0.0026426
-0.55344,0.0075364,-0.0022152
-0.54073,0.0022053,-0.0016228
-0.50707,0.0049309,-0.0018928
-0.44388,0.010419,-0.00082051
-0.36348,0.0047097,0.00037547
-0.27187,0.0041323,0.0013465
-0.16604,0.0086086,0.0024338
-0.0037528,0.0048859,0.0035548
0.13722,-0.00079388,0.0035285
0.24716,0.0066592,0.0043983
0.3642,0.00010213,0.0051332
0.4719,0.0025202,0.0049794
0.55977,-0.0024322,0.0065878
0.59567,0.0012643,0.005838
0.59717,0.0067191,0.0073789
0.61138,-0.013432,0.0065279
0.60614,0.013816,0.0077763
0.5867,-0.024814,0.008275
0.59717,0.015848,0.007004
0.58483,-0.013091,0.010881
0.58146,-0.008738,0.005868
0.54556,0.024744,0.013093
0.51228,-0.064565,0.0052531
0.48311,0.10079,0.013606
0.38215,-0.19003,0.0063591
0.31409,0.6128,0.020557
0.23519,2.1799,0.31004
0.30213,2.0212,0.70366
0.24492,1.8687,1.0304
0.129,1.9731,1.3699
0.27969,1.8729,1.6784
0.065052,1.9607,1.9733
-0.0059964,1.9143,2.2522
0.096463,1.9788,2.5138
-0.10285,2.004,2.7699
-0.0074922,2.0189,3.0092
-0.028433,2.0268,3.2371
-0.080036,2.0254,3.4478
0.029154,2.0752,3.6521
0.038128,2.0749,3.8465
0.19668,2.0686,4.0271
0.21051,2.056,4.1946
0.23145,2.0479,4.347
0.33728,2.0179,4.4846
0.30362,1.9864,4.6056
0.33317,1.9568,4.7113
0.36046,1.9182,4.801
0.37467,1.8981,4.8778
0.46068,1.8756,4.9443
0.55828,1.8436,4.9988
0.6211,1.7966,5.0405
0.7071,1.7509,5.069
0.7516,1.7139,5.0849
0.70636,1.6677,5.0898
0.64615,1.6205,5.0842
0.50742,1.5746,5.0684
0.3728,1.525,5.043
0.2509,1.4738,5.0081
0.11628,1.4231,4.9651
0.044111,1.3724,4.9139
-0.025441,1.3158,4.8535
-0.049747,1.2543,4.7841
-0.081158,1.1978,4.7063
-0.1724,1.1308,4.621
-0.28608,1.0583,4.5284
-0.43976,1.0042,4.4277
-0.58897,0.9441,4.3203
-0.74752,0.87383,4.2065
-0.89933,0.8117,4.0873
-0.96253,0.73986,3.9623
-1.0186,0.68572,3.8309
-1.0455,0.6404,3.6991
-0.95543,0.55151,3.5628
-0.88625,0.46125,3.4143
-0.84773,0.39275,3.2628
-0.78379,0.32519,3.1111
-0.75312,0.24582,2.9507
-0.73293,0.17884,2.785
-0.70264,0.088511,2.6152
-0.63197,-0.012956,2.4357
-0.51605,-0.10432,2.2496
-0.40648,-0.1911,2.0572
-0.26962,-0.27283,1.8634
-0.10172,-0.38812,1.6614
0.047851,-0.45506,1.4582
0.17088,-0.59957,1.2531
0.2782,-0.66548,1.0408
0.32494,-0.77467,0.83329
0.31746,-0.87557,0.61143
0.37056,-0.90465,0.40406
0.41319,-1.1766,0.17027
0.44086,-0.59655,-0.016428
0.53434,0.030353,-0.022611
0.60053,-0.13701,-0.0090049
0.66335,-0.05986,-0.01876
0.68242,-0.062788,-0.011693
0.6196,-0.069255,-0.017366
0.5665,-0.029159,-0.014025
0.48311,-0.064227,-0.016053
0.3642,-0.026235,-0.016361
0.25726,-0.044256,-0.015727
0.12787,-0.028702,-0.017407
0.025788,-0.032473,-0.016481
-0.027685,-0.032953,-0.017935
-0.086019,-0.026928,-0.017538
-0.11369,-0.028518,-0.018175
-0.14548,-0.02388,-0.018629
-0.17651,-0.032368,-0.019158
-0.19932,-0.022992,-0.019266
-0.25242,-0.026073,-0.019353
-0.25429,-0.031146,-0.020729
-0.23447,-0.025444,-0.021741
-0.19932,-0.023809,-0.022682
-0.12977,-0.027086,-0.023634
-0.080036,-0.022583,-0.024504
0.0014823,-0.022384,-0.024853
0.035137,-0.026958,-0.025816
0.059817,-0.017949,-0.025865
0.11591,-0.024728,-0.026544
0.11927,-0.010984,-0.027106
0.1447,-0.024938,-0.026986
0.15704,-0.01729,-0.028711
0.1963,-0.012547,-0.02705
0.2423,-0.029268,-0.029982
0.28381,0.0060218,-0.028088
0.33429,-0.049265,-0.029528
0.36944,0.015541,-0.03012
0.44011,-0.04315,-0.027848
0.42328,-0.003227,-0.033922
0.41394,-0.0079207,-0.02432
0.38402,-0.068119,-0.039354
0.34438,0.1458,-0.015937
0.25576,-1.1749,-0.09669
0.1963,-2.2708,-0.45694
0.32008,-1.868,-0.82858
0.18322,-1.9372,-1.1552
0.32943,-1.9339,-1.4907
0.54444,-1.9091,-1.7896
0.33877,-1.9677,-2.0823
0.52275,-1.9301,-2.3522
0.44834,-2.0081,-2.6129
0.23856,-2.0061,-2.8639
0.37804,-2.037,-3.0997
0.2423,-2.0314,-3.3225
0.25165,-2.0577,-3.5307
0.32083,-2.0878,-3.7334
0.34289,-2.0801,-3.9229
0.42702,-2.0812,-4.0996
0.34401,-2.0642,-4.2623
0.35149,-2.0501,-4.4101
0.30961,-2.0203,-4.5424
0.18284,-1.9968,-4.6585
0.18471,-1.9691,-4.7609
0.18583,-1.9362,-4.8485
0.17948,-1.9058,-4.9228
0.29241,-1.8783,-4.9852
0.37879,-1.8485,-5.0364
0.46591,-1.8026,-5.0751
0.60464,-1.7623,-5.1002
0.58109,-1.7181,-5.1136
0.53434,-1.668,-5.1159
0.43413,-1.6258,-5.1077
0.24305,-1.5802,-5.0896
0.11591,-1.5306,-5.0617
-0.027685,-1.48,-5.0247
-0.12603,-1.4296,-4.9793
-0.20044,-1.3761,-4.9255
-0.27261,-1.3147,-4.8626
-0.28234,-1.254,-4.791
-0.30477,-1.1905,-4.7101
-0.33581,-1.1314,-4.622
-0.38891,-1.0726,-4.528
-0.46444,-1.0035,-4.4263
-0.51455,-0.94117,-4.3176
-0.56728,-0.87728,-4.2022
-0.60729,-0.8114,-4.0817
-0.57513,-0.7396,-3.955
-0.58074,-0.68545,-3.8228
-0.56616,-0.63053,-3.6902
-0.49137,-0.53077,-3.5496
-0.5067,-0.45906,-3.3988
-0.51268,-0.41368,-3.248
-0.52689,-0.32588,-3.0943
-0.54783,-0.23637,-2.9308
-0.53961,-0.16999,-2.7639
-0.53587,-0.064898,-2.5904
-0.4521,0.029881,-2.4068
-0.35189,0.11745,-2.2173
-0.24606,0.1935,-2.0235
-0.10771,0.29711,-1.8274
0.044485,0.40072,-1.6226
0.16265,0.4746,-1.4201
0.20416,0.62034,-1.2104
0.24454,0.66542,-1.0008
0.24679,0.82296,-0.78807
0.19294,0.85178,-0.56694
0.18284,0.99455,-0.35815
0.17312,1.1048,-0.11702
0.16377,0.27895,0.01265
0.2165,-0.030396,-0.010332
0.2509,0.13177,-0.0082101
0.31559,0.005272,-0.0057319
0.3298,0.067997,-0.008885
0.28418,0.021685,-0.0044272
0.31671,0.028711,-0.0080639
0.28867,0.036314,-0.0042323
0.25613,0.0085487,-0.0059869
0.24753,0.02852,-0.0046747
0.18733,0.0079301,-0.0043297
0.15368,0.018708,-0.0044497
0.13049,0.0090585,-0.00328
0.11105,0.0095834,-0.0037074
0.080009,0.0084624,-0.0027363
0.054208,0.011079,-0.0024701
0.015318,0.0042223,-0.0017953
-0.04339,-0.001195,-0.0017016
-0.054608,0.0093247,-0.00098172
-0.086393,0.0031688,0.00025925
-0.080036,0.0028164,0.0010503
-0.014597,0.0043085,0.0021976
0.043737,0.0055494,0.0034573
0.12039,-0.0026796,0.0038022
0.17574,0.0019504,0.0040347
0.1963,0.0040423,0.0053956
0.19593,-0.002166,0.0051557
0.18247,0.0092572,0.0062729
0.15629,-0.0078608,0.0064229
0.13311,0.0079413,0.0067603
0.10469,-0.0093379,0.0082
0.068791,-0.0038906,0.0065841
0.050468,0.0022353,0.0096284
0.068417,-0.019097,0.0070452
0.10992,0.024163,0.010273
0.13012,-0.042693,0.0086761
0.14881,0.036951,0.0087849
0.14769,-0.042966,0.012275
0.12526,0.024227,0.0048295
0.074774,-0.011816,0.019163
0.059069,-0.070188,-0.0075203
0.049346,1.4788,0.121
0.098332,2.2709,0.50423
0.22585,1.8307,0.86007
0.17761,1.9566,1.1892
0.3556,1.9029,1.5192
0.43076,1.9159,1.8158
0.23968,1.9456,2.1069
0.44086,1.9188,2.3739
0.38103,1.9876,2.6348
0.31783,1.99,2.8829
0.47115,2.0166,3.1163
0.36645,2.0013,3.3354
0.46217,2.0431,3.5418
0.51004,2.0639,3.7429
0.5579,2.0501,3.9299
0.64204,2.0483,4.1042
0.52387,2.0269,4.2635
0.52612,2.0137,4.4074
0.47302,1.9842,4.5362
0.36832,1.9485,4.6489
0.33952,1.917,4.7465
0.28792,1.882,4.8299
0.29428,1.8598,4.9013
0.39,1.8399,4.9619
0.44909,1.7963,5.0098
0.51041,1.7543,5.0444
0.57099,1.7114,5.0667
0.48162,1.6618,5.0767
0.37542,1.6197,5.0761
0.21986,1.5693,5.0655
0.010457,1.5224,5.0443
-0.14286,1.4734,5.0137
-0.30515,1.4238,4.9748
-0.38367,1.3782,4.9275
-0.39863,1.3165,4.8712
-0.40013,1.2531,4.8058
-0.37657,1.1962,4.7316
-0.3732,1.1398,4.6496
-0.36049,1.0764,4.5608
-0.39714,1.0104,4.464
-0.47566,0.94703,4.3591
-0.51268,0.88013,4.2483
-0.58336,0.82207,4.1318
-0.63496,0.759,4.0099
-0.59906,0.68672,3.881
-0.59495,0.64433,3.7492
-0.54409,0.57767,3.6166
-0.44837,0.47524,3.4732
-0.43229,0.41433,3.3222
-0.41995,0.35887,3.1717
-0.42443,0.26788,3.0154
-0.42556,0.19574,2.8512
-0.38966,0.1189,2.6838
-0.36386,0.013651,2.5077
-0.29355,-0.074796,2.3236
-0.20044,-0.16842,2.1332
-0.093124,-0.24144,1.9399
0.027284,-0.35903,1.742
0.13423,-0.43631,1.5373
0.20677,-0.5425,1.3351
0.21388,-0.65904,1.1232
0.21425,-0.70811,0.9159
0.15629,-0.87266,0.69809
0.0658,-0.85881,0.48386
0.038502,-1.1092,0.26609
0.01831,-0.93515,0.035561
0.068417,-0.084783,-0.033701
0.15966,-0.061059,-0.0060731
0.21874,-0.1192,-0.016919
0.28156,-0.026088,-0.012177
0.26847,-0.088247,-0.014194
0.24529,-0.026122,-0.014831
0.24043,-0.064527,-0.013253
0.18022,-0.038216,-0.016207
0.1346,-0.034119,-0.01389
0.080009,-0.040522,-0.016383
0.028406,-0.028338,-0.015431
0.0059696,-0.041238,-0.01644
-0.0078661,-0.022726,-0.016964
0.00073447,-0.033358,-0.016702
-0.013475,-0.028971,-0.017711
-0.026937,-0.024413,-0.017988
-0.056104,-0.025665,-0.018348
-0.089759,-0.021938,-0.018213
-0.069192,-0.030265,-0.019274
-0.048625,-0.029451,-0.020309
0.0040999,-0.023865,-0.021231
0.078888,-0.027427,-0.022434
0.15442,-0.030441,-0.023514
0.25277,-0.022711,-0.023563
0.30063,-0.025189,-0.024197
0.29839,-0.02057,-0.025295
0.29278,-0.020975,-0.024819
0.27109,-0.021515,-0.026435
0.22697,-0.012761,-0.02585
0.17611,-0.028698,-0.026915
0.14919,-0.0044717,-0.02705
0.14545,-0.032169,-0.026881
0.15255,-0.0079545,-0.028748
0.16003,-0.018418,-0.026307
0.19369,-0.024818,-0.030889
0.2509,0.0097971,-0.026079
0.22136,-0.062345,-0.031425
0.20004,0.048577,-0.0278
0.16415,-0.10623,-0.029307
0.10432,0.11718,-0.033378
0.07627,-0.29608,-0.019776
-0.057226,-1.9585,-0.24909
0.051964,-2.1106,-0.65078
0.08861,-1.825,-0.98441
0.023171,-1.9851,-1.3214
0.38327,-1.8744,-1.6379
0.35859,-1.9523,-1.9311
0.34326,-1.9249,-2.2146
0.55641,-1.9613,-2.4767
0.29989,-2.0019,-2.7353
0.34064,-1.9987,-2.9774
0.4001,-2.0231,-3.2069
0.30998,-2.0211,-3.421
0.46741,-2.0664,-3.6269
0.48498,-2.0637,-3.8238
0.59044,-2.0607,-4.0063
0.63082,-2.0532,-4.176
0.55491,-2.0347,-4.3306
0.56725,-2.0121,-4.4703
0.47975,-1.9835,-4.5939
0.4001,-1.9577,-4.7027
0.38327,-1.9258,-4.7965
0.33765,-1.8975,-4.8768
0.36158,-1.869,-4.9453
0.49732,-1.8403,-5.0018
0.51939,-1.7989,-5.0463
0.58445,-1.7529,-5.0777
0.64578,-1.7093,-5.0963
0.5306,-1.6648,-5.1033
0.42665,-1.6236,-5.1002
0.23968,-1.5717,-5.087
0.048972,-1.5221,-5.0631
-0.10135,-1.4774,-5.0302
-0.25317,-1.4256,-4.9888
-0.31674,-1.3737,-4.9389
-0.37582,-1.3158,-4.8802
-0.40723,-1.2555,-4.8127
-0.402,-1.1951,-4.7359
-0.41546,-1.1382,-4.651
-0.44837,-1.0804,-4.5607
-0.50745,-1.012,-4.4628
-0.57176,-0.94839,-4.3573
-0.61888,-0.88343,-4.2455
-0.69255,-0.8214,-4.1274
-0.69853,-0.75276,-4.0039
-0.6488,-0.68761,-3.8736
-0.64244,-0.64432,-3.7417
-0.51567,-0.55674,-3.6062
-0.43079,-0.46385,-3.4583
-0.45846,-0.42136,-3.307
-0.41882,-0.35358,-3.1561
-0.40798,-0.25434,-2.9963
-0.41284,-0.18799,-2.8304
-0.40499,-0.10044,-2.6606
-0.3489,0.0076526,-2.4802
-0.24307,0.097348,-2.2929
-0.15707,0.17892,-2.0996
-0.031424,0.26312,-1.9051
0.10207,0.37653,-1.7032
0.21276,0.4383,-1.4988
0.28979,0.58331,-1.2938
0.30512,0.6549,-1.0813
0.29203,0.75725,-0.8734
0.24155,0.87165,-0.65022
0.18097,0.8839,-0.44127
0.1376,1.1753,-0.20914
0.12825,0.64251,-0.011416
0.17836,-0.047698,0.0030974
0.21799,0.1079,-0.013894
0.26324,0.047242,-0.0024776
0.28717,0.03706,-0.009901
0.23519,0.051509,-0.004116
0.22659,0.009932,-0.0068642
0.21425,0.049428,-0.0055257
0.1361,0.0079038,-0.0044797
0.098706,0.029888,-0.0054132
0.0658,0.01139,-0.0035874
0.00036053,0.012035,-0.0045959
-0.010484,0.0186,-0.00295
0.0074654,0.004256,-0.0031562
-0.013101,0.0095534,-0.0024664
-0.027311,0.0060256,-0.0019977
-0.033294,0.0065692,-0.0017091
-0.066574,0.0037799,-0.0011279
-0.093124,0.0050583,-0.0008505
-0.10135,0.0022466,0.000278
-0.072931,0.0046009,0.0013053
-0.010484,0.0047622,0.0024188
0.07627,0.0052308,0.0035435
0.16975,0.0039899,0.0042746
0.22697,-0.0023535,0.0043758
0.28493,-0.00062142,0.0055831
0.32681,-0.0045466,0.0057443
0.32494,0.0071315,0.0064791
0.29615,-0.007827,0.007139
0.26399,-0.001345,0.0066478
0.21612,-0.0032157,0.0085299
0.16489,-0.0043592,0.0070302
0.15667,0.013355,0.0095984
0.16452,-0.021991,0.0077276
0.19481,0.025303,0.0094747
0.23482,-0.035498,0.010232
0.25202,0.023773,0.0075926
0.22472,-0.022129,0.01379
0.21799,-0.010414,0.0044246
0.16676,0.057211,0.01923
0.11254,-0.16878,-0.0038273
0.085245,1.1671,0.075468
0.051964,2.2976,0.434
0.17649,1.8773,0.80583
0.12189,1.9253,1.1323
0.19144,1.921,1.4687
0.33466,1.8916,1.7689
0.13423,1.9454,2.0629
0.27707,1.9108,2.3345
0.29278,1.9901,2.5959
0.17349,1.9741,2.8474
0.33317,2.0093,3.0844
0.26212,2.0032,3.3081
0.34438,2.0236,3.5166
0.45843,2.0582,3.7201
0.4805,2.0473,3.9111
0.60315,2.0466,4.0892
0.55379,2.0247,4.2531
0.5493,2.0195,4.4026
0.51976,1.9811,4.537
0.39786,1.9476,4.6542
0.35785,1.9305,4.7568
0.33541,1.8878,4.8444
0.30475,1.8668,4.9195
0.35224,1.8414,4.9842
0.44348,1.8006,5.0371
0.48237,1.7576,5.0764
0.57361,1.7048,5.1017
0.55865,1.6638,5.1151
0.46255,1.6206,5.1177
0.34214,1.5728,5.1099
0.12077,1.5266,5.0921
-0.014223,1.4722,5.0642
-0.16492,1.4269,5.0273
-0.28944,1.3804,4.9824
-0.32197,1.3209,4.9293
-0.35451,1.2668,4.8671
-0.34553,1.21,4.7958
-0.37545,1.1486,4.7163
-0.39751,1.0889,4.6297
-0.40835,1.0211,4.5354
-0.49885,0.95774,4.4326
-0.56728,0.89601,4.3232
-0.61215,0.82981,4.208
-0.67123,0.77042,4.0879
-0.63346,0.69729,3.9607
-0.59233,0.64274,3.8284
-0.56616,0.59743,3.6964
-0.46295,0.50083,3.5565
-0.44238,0.4236,3.4064
-0.45024,0.38157,3.2556
-0.43453,0.29784,3.1015
-0.48165,0.20844,2.9389
-0.48763,0.14465,2.7726
-0.45285,0.043474,2.6001
-0.39601,-0.048159,2.4181
-0.31263,-0.13822,2.2301
-0.20194,-0.2211,2.0358
-0.054608,-0.31134,1.8405
0.070287,-0.41638,1.6361
0.15143,-0.48412,1.4328
0.19331,-0.63098,1.225
0.23445,-0.67902,1.0131
0.21425,-0.82169,0.80259
0.13984,-0.87889,0.57937
0.12002,-0.95808,0.37135
0.10656,-1.1681,0.13157
0.12675,-0.4389,-0.02753
0.19144,0.033952,-0.015405
0.24192,-0.14912,-0.010358
0.30325,-0.042753,-0.016638
0.31335,-0.078106,-0.011108
0.27483,-0.051863,-0.016383
0.26212,-0.035877,-0.012319
0.22098,-0.057595,-0.015772
0.15741,-0.022846,-0.014625
0.13647,-0.046412,-0.01506
0.085618,-0.02932,-0.016335
0.031771,-0.037898,-0.0156
0.055703,-0.030685,-0.017066
0.058321,-0.027367,-0.016541
0.042989,-0.030107,-0.017279
0.036633,-0.027865,-0.017752
-0.0015092,-0.025496,-0.018333
-0.048625,-0.022294,-0.018393
-0.076297,-0.031318,-0.018648
-0.082654,-0.02517,-0.01999
-0.050495,-0.024345,-0.021089
0.0067175,-0.024113,-0.02197
0.072905,-0.023607,-0.023316
0.15592,-0.023115,-0.023792
0.21425,-0.024769,-0.024092
0.24529,-0.019449,-0.025186
0.24118,-0.020285,-0.024834
0.23183,-0.028833,-0.026289
0.21724,-0.0097578,-0.025902
0.14134,-0.025905,-0.026671
0.098332,-0.0057351,-0.027755
0.094967,-0.024533,-0.02648
0.087862,-0.016671,-0.029138
0.12787,-0.0037631,-0.026206
0.15854,-0.036784,-0.030356
0.18845,0.022832,-0.027211
0.20266,-0.063087,-0.029663
0.19743,0.039654,-0.030233
0.19144,-0.075084,-0.025824
0.12638,0.03724,-0.037997
0.10469,-0.060853,-0.012387
-0.0041267,-1.6932,-0.18118
0.034763,-2.2051,-0.5777
0.14171,-1.8114,-0.92447
0.044111,-1.9773,-1.2583
0.3556,-1.8844,-1.5841
0.45283,-1.9321,-1.8791
0.35897,-1.9339,-2.1677
0.61923,-1.9369,-2.4326
0.4173,-2.0014,-2.6932
0.35373,-1.9938,-2.9397
0.4704,-2.0218,-3.1734
0.33952,-2.0084,-3.3916
0.48349,-2.0518,-3.5986
0.52275,-2.0652,-3.7991
0.54257,-2.0581,-3.9855
0.59754,-2.0511,-4.1596
0.51266,-2.0338,-4.3188
0.50443,-2.0169,-4.4638
0.41207,-1.9847,-4.5923
0.3025,-1.961,-4.7057
0.27857,-1.9252,-4.8046
0.2337,-1.8953,-4.8884
0.23519,-1.8753,-4.961
0.36084,-1.8434,-5.0222
0.43151,-1.8061,-5.071
0.51789,-1.7624,-5.1071
0.60577,-1.7125,-5.13
0.51901,-1.6677,-5.1407
0.43076,-1.6287,-5.1405
0.27782,-1.5796,-5.1308
0.087862,-1.5266,-5.1105
-0.072557,-1.4777,-5.0799
-0.23709,-1.4291,-5.0408
-0.3115,-1.3795,-4.9933
-0.37246,-1.3252,-4.9374
-0.39527,-1.27,-4.8729
-0.37096,-1.2044,-4.7993
-0.37993,-1.1432,-4.7165
-0.39601,-1.0916,-4.6277
-0.41097,-1.0246,-4.5326
-0.44799,-0.95905,-4.4292
-0.49773,-0.89688,-4.3192
-0.54372,-0.83696,-4.2025
-0.54372,-0.76911,-4.0809
-0.50633,-0.69436,-3.9524
-0.49174,-0.65353,-3.8199
-0.42256,-0.58381,-3.6868
-0.36872,-0.48252,-3.5428
-0.39527,-0.43057,-3.3912
-0.40761,-0.3753,-3.2405
-0.43453,-0.27996,-3.0839
-0.46669,-0.20768,-2.9188
-0.48539,-0.13438,-2.7509
-0.45584,-0.023547,-2.5743
-0.36834,0.066205,-2.3886
-0.26962,0.15969,-2.1972
-0.1365,0.23103,-2.0024
-0.0089879,0.3376,-1.804
0.12563,0.4258,-1.5979
0.21425,0.51449,-1.395
0.2423,0.6426,-1.1829
0.26922,0.6905,-0.9734
0.19256,0.85979,-0.75636
0.10955,0.84913,-0.5371
0.11067,1.0572,-0.32334
0.084123,1.0343,-0.083565
0.11142,0.15412,0.015023
0.1705,-0.00087261,-0.01314
0.19556,0.12451,-0.0051995
0.25464,0.0037912,-0.0066392
0.23332,0.072942,-0.0070591
0.22622,0.013404,-0.0045022
0.2423,0.03622,-0.0072766
0.18995,0.029457,-0.0035237
0.17798,0.011818,-0.0057282
0.15068,0.027897,-0.0036361
0.13423,0.0054932,-0.0039023
0.12563,0.0208,-0.0033512
0.11217,0.010566,-0.0026688
0.12301,0.0058794,-0.0029388
0.08674,0.0090473,-0.001829
0.044485,0.013164,-0.0017241
-1.3407e-05,0.0067191,-0.0010567
-0.067322,0.0032513,-0.0010305
-0.10509,0.0094147,-0.00016066
-0.09088,0.0090285,0.0011478
-0.062087,0.0051521,0.0020963
0.0029781,0.0013018,0.0032548
0.099454,0.0042448,0.0045333
0.15592,-0.0013337,0.0046533
0.21463,0.0035212,0.0054181
0.2595,0.00070947,0.0060817
0.26623,0.0033713,0.0061042
0.24679,-0.0024584,0.0074052
0.19219,3.8401e-05,0.0067303
0.14395,0.0093472,0.0085449
0.11703,-0.011272,0.0074576
0.097211,0.010802,0.0088561
0.10843,-0.024503,0.0090023
0.12937,0.020167,0.00811
0.15667,-0.015711,0.011574
0.20752,-0.0054014,0.0067041
0.16863,0.016613,0.014251
0.15405,-0.059522,0.0058568
0.1447,0.097779,0.015548
0.085992,-0.19761,0.005853
0.089358,0.69098,0.026965
0.059443,2.2067,0.32803
0.20004,1.9886,0.72021
0.22585,1.8611,1.0469
0.22884,1.9542,1.3874
0.44236,1.8704,1.6956
0.2696,1.9555,1.9917
0.30587,1.91,2.2707
0.40384,1.9631,2.5335
0.22285,1.9757,2.7903
0.3743,1.9989,3.0308
0.34438,2.0001,3.2603
0.3384,2.0006,3.4719
0.45694,2.0416,3.6771
0.4446,2.0399,3.8724
0.58857,2.0355,4.0543
0.56501,2.0246,4.2233
0.52948,2.0181,4.3773
0.52986,1.9854,4.517
0.40534,1.9514,4.64
0.35785,1.919,4.7475
0.32756,1.8902,4.84
0.28007,1.8683,4.9195
0.31409,1.841,4.9873
0.39748,1.8068,5.0434
0.44161,1.7599,5.0877
0.51939,1.7127,5.1185
0.5063,1.6685,5.1362
0.41655,1.6275,5.1433
0.32008,1.5793,5.1394
0.089732,1.5251,5.1247
-0.071436,1.4807,5.1004
-0.19222,1.4375,5.067
-0.32534,1.385,5.0249
-0.34217,1.3324,4.9744
-0.36984,1.2789,4.9155
-0.3575,1.2179,4.8471
-0.32534,1.1533,4.7696
-0.35638,1.0947,4.6845
-0.3732,1.0395,4.5927
-0.42593,0.97789,4.4947
-0.48838,0.9118,4.3892
-0.54447,0.84335,4.2756
-0.61065,0.77847,4.156
-0.57737,0.7091,4.0315
-0.55382,0.65334,3.9011
-0.54297,0.6151,3.7692
-0.43004,0.53262,3.6339
-0.38779,0.43937,3.4867
-0.39227,0.3884,3.3345
-0.38554,0.32304,3.1828
-0.41322,0.22799,3.0231
-0.42443,0.163,2.8564
-0.41583,0.081684,2.6871
-0.36498,-0.019974,2.5075
-0.29206,-0.10568,2.3207
-0.1911,-0.2022,2.1285
-0.066948,-0.27114,1.9334
0.032893,-0.38903,1.7327
0.129,-0.45949,1.5267
0.17948,-0.57404,1.3226
0.17723,-0.68019,1.1086
0.15592,-0.73883,0.90057
0.077766,-0.89212,0.6796
0.021675,-0.87945,0.46594
0.021301,-1.1494,0.24255
0.03065,-0.86063,0.01887
0.12002,-0.033242,-0.031447
0.18284,-0.08115,-0.0057582
0.22024,-0.10547,-0.017875
0.29951,-0.030842,-0.011528
0.26586,-0.084236,-0.014887
0.21201,-0.025159,-0.014235
0.20042,-0.062281,-0.013545
0.15031,-0.031592,-0.016215
0.14208,-0.037688,-0.014216
0.1361,-0.038588,-0.01638
0.087114,-0.030445,-0.015412
0.068043,-0.041463,-0.016612
0.0744,-0.027202,-0.016631
0.069165,-0.03109,-0.016687
0.051964,-0.024563,-0.017737
0.031023,-0.026088,-0.017992
-0.021328,-0.027329,-0.01837
-0.049747,-0.02553,-0.01846
-0.056478,-0.028814,-0.01954
-0.038903,-0.026628,-0.020732
0.037754,-0.023558,-0.021632
0.094593,-0.028833,-0.022832
0.18022,-0.02042,-0.02375
0.24679,-0.020547,-0.02381
0.27034,-0.029065,-0.024961
0.27969,-0.017871,-0.024991
0.22958,-0.027254,-0.025715
0.18957,-0.013282,-0.026397
0.13647,-0.022906,-0.026225
0.083001,-0.016521,-0.027904
0.063556,-0.013586,-0.026184
0.050094,-0.030179,-0.028939
0.078514,0.0010131,-0.027031
0.098706,-0.04435,-0.029048
0.15068,0.016035,-0.029085
0.19182,-0.048091,-0.027275
0.18434,0.0075702,-0.032996
0.20416,-0.01862,-0.02363
0.12413,-0.054513,-0.038687
0.10843,0.12933,-0.01416
0.037006,-1.254,-0.10564
0.0055957,-2.2663,-0.47293
0.17536,-1.8479,-0.84179
0.052712,-1.9406,-1.1702
0.2509,-1.9168,-1.5061
0.48835,-1.8988,-1.805
0.33541,-1.9493,-2.0984
0.58258,-1.9132,-2.369
0.48386,-1.9896,-2.631
0.29652,-1.9858,-2.8824
0.49732,-2.0184,-3.1199
0.37916,-2.0057,-3.3444
0.43936,-2.03,-3.5532
0.55528,-2.0596,-3.7565
0.54594,-2.0518,-3.9473
0.64241,-2.0505,-4.126
0.57884,-2.0317,-4.2905
0.5493,-2.0197,-4.4403
0.50032,-1.9908,-4.5747
0.34999,-1.964,-4.6931
0.30886,-1.931,-4.7973
0.26623,-1.8955,-4.886
0.22771,-1.8712,-4.9617
0.34139,-1.8428,-5.0266
0.40197,-1.8109,-5.0797
0.43899,-1.7688,-5.1198
0.54444,-1.722,-5.1477
0.50032,-1.6772,-5.1631
0.41356,-1.6323,-5.1668
0.29428,-1.5883,-5.1607
0.12787,-1.5374,-5.1439
-0.017589,-1.4841,-5.1169
-0.18474,-1.4368,-5.0809
-0.27598,-1.3878,-5.0366
-0.33057,-1.3331,-4.984
-0.34852,-1.2775,-4.9223
-0.3388,-1.2179,-4.852
-0.36086,-1.1558,-4.7726
-0.35825,-1.1044,-4.6856
-0.39639,-1.0468,-4.5931
-0.45248,-0.97427,-4.493
-0.4966,-0.90992,-4.3851
-0.56578,-0.85186,-4.2703
-0.57401,-0.78728,-4.1507
-0.52614,-0.71121,-4.0244
-0.50259,-0.66041,-3.8921
-0.43378,-0.61061,-3.7599
-0.33244,-0.51344,-3.6204
-0.31861,-0.43935,-3.47
-0.32945,-0.39344,-3.3189
-0.33918,-0.31688,-3.1657
-0.38704,-0.22786,-3.003
-0.43378,-0.15901,-2.8357
-0.42406,-0.062829,-2.6633
-0.36946,0.033982,-2.4797
-0.30365,0.12543,-2.2904
-0.18175,0.20972,-2.0954
-0.05573,0.29038,-1.899
0.068417,0.40316,-1.6946
0.16901,0.46123,-1.4893
0.1963,0.60429,-1.2823
0.22173,0.66503,-1.0684
0.18359,0.77988,-0.85828
0.10432,0.88255,-0.63398
0.090854,0.91516,-0.42462
0.072905,1.1768,-0.18774
0.08674,0.55761,-0.0028713
0.15741,-0.060092,0.00036423
0.18546,0.12221,-0.012237
0.23519,0.035774,-0.0024814
0.25389,0.040112,-0.0093761
0.20939,0.047426,-0.0036661
0.20266,0.013066,-0.0068717
0.16975,0.045859,-0.0044909
0.13386,0.0062805,-0.0043372
0.13647,0.0278,-0.0048021
0.10693,0.011724,-0.0033512
0.091975,0.01457,-0.004146
0.13722,0.011585,-0.0025339
0.14545,0.0043048,-0.002965
0.12713,0.0094822,-0.0022302
0.12787,0.0048896,-0.0015966
0.068791,0.0088636,-0.0010417
-0.0078661,0.0029476,-0.00086925
-0.029181,0.0058944,-0.00048309
-0.04713,0.0013656,0.00031174
-0.040399,-0.0041342,0.00040172
0.022797,0.0049871,0.00096784
0.093845,0.0018267,0.0014852
0.15592,-0.0033844,0.0015752
0.21837,0.0016955,0.0014177
0.24155,-0.0015699,0.0014852
0.23145,-0.0032382,0.0016689
0.22173,-0.0030395,0.0015902
0.16788,-0.0039543,0.0016127
0.11329,-0.00013405,0.0017139
0.074026,-0.0023947,0.0015415
0.042989,-0.0061512,0.001579
0.054582,-0.0060275,0.0016952
0.061686,-0.003167,0.0015752
0.11142,-0.0047191,0.0016914
