0.071409,-0.011407,-0.0014879
0.069913,-0.0076396,-0.0014729
0.07627,-0.010039,-0.0014204
0.074026,-0.0059413,-0.00096298
0.075522,-0.0052327,-0.0004381
0.071409,-0.0030245,-0.00038936
0.073278,-0.0041155,-0.00010817
0.081131,-0.014474,-8.1924e-05
0.080009,-0.0078045,0.00046545
0.087114,-0.013428,0.00071665
0.075896,-0.0076433,0.00045421
0.073652,-0.010924,0.0012565
0.07627,-0.0099302,0.00059293
0.059443,-0.00047521,0.0017814
0.082253,-0.017807,0.00097159
0.069165,0.0063367,0.0017102
0.083749,-0.027442,0.0017702
0.094593,0.0054932,0.00034923
0.058321,-0.018804,0.0030449
0.075148,-0.0047491,-0.00079052
0.061312,0.0094109,0.0041359
0.075522,-0.056489,-0.0017091
0.061686,0.078876,0.003716
0.1088,-0.19321,-0.001083
0.061686,0.60153,0.008095
0.11067,2.431,0.19817
0.22472,3.1075,0.42167
-0.040773,3.1968,0.56497
0.27408,2.9341,0.71998
0.34924,2.5929,0.86408
0.11778,2.5088,1.0014
0.52013,2.3886,1.12
0.25127,2.3522,1.2183
0.22435,2.2854,1.309
0.45956,2.2228,1.3836
0.13498,2.154,1.4497
0.25651,2.0963,1.5004
0.21537,2.0626,1.5391
0.09048,2.0034,1.5671
0.032893,1.9547,1.5866
-0.054982,1.8955,1.5975
0.087862,1.8208,1.5962
-0.011605,1.7362,1.5859
0.034015,1.6589,1.5662
-0.019458,1.5802,1.5382
-0.075549,1.4869,1.5032
-0.02245,1.3908,1.462
-0.12977,1.2828,1.4134
-0.045634,1.1793,1.3552
-0.064705,1.0819,1.292
-0.026563,0.97391,1.2236
-0.034416,0.87868,1.1513
-0.056478,0.7548,1.0743
-0.038903,0.63211,0.98952
-0.14211,0.51356,0.90076
-0.10584,0.4093,0.81076
-0.24083,0.273,0.71803
-0.29991,0.12978,0.61473
-0.3231,0.034132,0.51326
-0.3833,-0.17056,0.40013
-0.2412,-0.26182,0.28158
-0.19558,-0.50363,0.15819
-0.061339,-0.5529,0.02668
0.064304,-0.056066,-0.011371
0.17349,-0.0016187,0.0056093
0.21949,-0.067414,-0.00079052
0.16527,-0.00077138,0.0019951
0.23108,-0.041501,0.0010578
0.13348,-0.0090454,0.00084037
0.12039,-0.030464,0.0016839
0.12226,-0.016356,4.3064e-06
0.041868,-0.012824,0.0015227
0.082253,-0.022313,0.0002405
0.076644,-0.0081644,0.0006904
0.17985,-0.019048,0.00034548
0.18883,-0.010249,8.6788e-05
0.21051,-0.012138,-4.4433e-05
0.28829,-0.011644,-0.00037061
0.18322,-0.0092142,-0.00021315
0.2236,-0.012378,-0.00060306
0.21051,-0.0095853,-0.00070429
0.17611,-0.0082394,-0.00093673
0.24566,-0.0083819,-0.0011017
0.23632,-0.010549,-0.0011467
0.24155,-0.010954,-0.0016678
0.22622,-0.0064136,-0.0019003
0.19556,-0.0093979,-0.0015816
0.12488,-0.012356,-0.0018103
0.074774,-0.0056788,-0.0018103
0.037754,-0.0082507,-0.0016303
-0.043764,-0.011167,-0.0018365
-0.10098,-0.0074971,-0.0016603
-0.13426,-0.0068673,-0.0015966
-0.10247,-0.0056826,-0.0017391
-0.099855,-0.0085468,-0.0017278
-0.0089879,-0.0094316,-0.0016491
0.047851,-0.0049478,-0.0016228
0.020927,-0.0045241,-0.0017953
0.11067,-0.008723,-0.0016116
0.038876,-0.0069423,-0.0013866
0.014944,-0.0033694,-0.0016116
0.010831,-0.0057426,-0.0016078
-0.067322,-0.0045691,-0.0014766
-0.013849,-0.0024247,-0.0015029
-0.048625,-0.0031708,-0.0014316
-0.028807,-0.0036431,-0.0014354
0.017188,-0.0024322,-0.0015703
0.032893,-0.0066948,-0.0015366
0.10656,-0.0082394,-0.0013829
0.13311,-0.0045391,-0.0017241
0.1892,-0.0065224,-0.0024476
0.19294,-0.0073359,-0.0026726
0.19331,-0.0084119,-0.003115
0.1978,-0.0045354,-0.0036099
0.16751,-0.0084344,-0.0034149
0.20939,-0.0085281,-0.0040111
0.19668,-0.0054539,-0.0038198
0.17836,-0.016075,-0.0043522
0.19256,0.00070198,-0.0045884
0.17761,-0.013128,-0.0042435
0.16676,-0.002271,-0.005267
0.12451,-0.0045354,-0.0041685
0.1002,-0.01693,-0.0059381
0.094219,0.01136,-0.0038273
0.035511,-0.030801,-0.0052708
0.01644,0.021153,-0.0048996
0.034389,-0.031888,-0.0042585
0.047103,0.018457,-0.0073141
0.047851,-0.016345,-0.00058431
0.042616,-0.031712,-0.011303
0.064304,0.099747,0.0075026
0.027284,-1.0573,-0.066476
0.065426,-1.8755,-0.32597
0.050094,-1.5907,-0.5648
0.022797,-1.6875,-0.76658
0.13647,-1.7003,-0.96436
0.087488,-1.7459,-1.1314
0.22098,-1.7928,-1.2855
0.33242,-1.7742,-1.4092
0.22547,-1.8429,-1.5174
0.36345,-1.8421,-1.6097
0.30811,-1.8768,-1.6867
0.26548,-1.8615,-1.7501
0.36906,-1.8422,-1.7969
0.27221,-1.8129,-1.834
0.28755,-1.7639,-1.859
0.26249,-1.7262,-1.8764
0.26324,-1.6522,-1.8839
0.22958,-1.5633,-1.8802
0.13049,-1.4781,-1.8678
0.15068,-1.3951,-1.8462
0.027658,-1.3099,-1.8176
0.033641,-1.2301,-1.7823
0.053834,-1.1515,-1.7399
-0.011605,-1.06,-1.6899
0.016066,-0.96132,-1.6318
0.0078393,-0.87207,-1.5667
0.01831,-0.78572,-1.496
0.009709,-0.69123,-1.421
0.0085872,-0.5867,-1.341
-0.038155,-0.46939,-1.251
-0.11332,-0.40002,-1.1578
-0.19184,-0.2981,-1.0645
-0.27411,-0.17978,-0.96121
-0.30664,-0.091482,-0.85513
-0.34927,0.04635,-0.73992
-0.29542,0.1436,-0.61941
-0.24382,0.31975,-0.48881
-0.20942,0.38583,-0.35212
-0.11332,0.57362,-0.2182
-0.089759,0.69375,-0.062033
-0.036285,0.13594,0.010281
0.040372,-0.043964,-0.0079439
0.038502,0.066036,-0.0047759
0.09908,-0.016645,-0.0048321
0.10469,0.031331,-0.0060056
0.039998,4.215e-05,-0.0038573
0.10357,0.0078251,-0.0059981
0.11853,0.010427,-0.0036624
0.126,-0.003302,-0.005237
0.172,0.011994,-0.0042472
0.16527,-0.0046516,-0.0042248
0.21425,0.0060443,-0.0041348
0.21724,0.0010094,-0.0037074
0.1993,0.0020966,-0.0040748
0.22398,0.0028052,-0.0034637
0.23033,-0.0028258,-0.0033699
0.24192,-1.0336e-05,-0.0030138
0.24192,0.00019586,-0.00292
0.27296,-0.0085918,-0.0026239
0.27521,-0.0082132,-0.0022864
0.26174,0.0033638,-0.0021027
0.2782,-0.0040368,-0.0019678
0.24155,-0.0071747,-0.0016678
0.20341,-0.0024697,-0.0015029
0.15068,-0.0053152,-0.0017391
0.084123,-0.0023272,-0.0016566
0.027284,-0.0012962,-0.0015891
-0.037781,-0.0051277,-0.0015703
-0.065827,-0.0061325,-0.0016453
-0.082654,-0.004228,-0.0017241
-0.063957,-0.005184,-0.0016528
-0.043016,-0.008918,-0.0017878
-0.050121,-0.0042505,-0.0016603
-0.023945,-0.0020386,-0.0013641
-0.024319,-0.0038531,-0.00083926
-0.034042,-0.0031895,-0.00010442
-0.039651,-0.0026196,0.00036048
-0.049373,-0.0044979,0.0010053
-0.053861,-0.0032945,0.001399
-0.070688,3.8401e-05,0.0021338
-0.063957,-0.0067323,0.0021526
-0.044138,0.0038699,0.0028274
-0.01011,-0.0077445,0.003491
0.028032,-0.002091,0.0028649
0.055329,-0.0033545,0.0044921
0.085245,-0.0095666,0.0031161
0.10245,0.013752,0.0052156
0.126,-0.024889,0.0038097
0.14507,0.020321,0.0045745
0.15741,-0.030347,0.0057068
0.17125,0.014899,0.0024863
0.19294,-0.0067136,0.0087061
0.22921,-0.028345,-0.00040435
0.215,0.068855,0.012721
0.22771,-0.18686,-0.0059981
0.21313,0.98638,0.049497
0.25239,2.2632,0.36779
0.32456,1.9408,0.71806
0.21874,1.9422,1.0153
0.34962,2.0074,1.3136
0.45694,2.043,1.5749
0.38888,2.1874,1.8302
0.61474,2.2056,2.0628
0.57286,2.3315,2.279
0.68467,2.3631,2.4792
0.90267,2.4176,2.6587
0.52948,2.4615,2.8256
0.50929,2.4905,2.9724
0.69663,2.4836,3.1023
0.74749,2.4452,3.2153
0.22211,2.4469,3.3155
-0.034042,2.44,3.4021
0.4547,2.4097,3.4757
0.081505,2.3465,3.5372
0.090106,2.3066,3.5829
0.41356,2.2632,3.6165
0.24679,2.1976,3.6394
0.49658,2.1257,3.6514
0.20266,2.0591,3.6544
-0.26588,1.9917,3.6477
0.010083,1.9051,3.632
0.12264,1.8329,3.6098
-0.055356,1.7639,3.5802
-0.1967,1.6849,3.5418
-0.31749,1.6074,3.4933
-0.37732,1.5321,3.4363
-0.19409,1.4517,3.3712
-0.25953,1.3682,3.2987
-0.54671,1.2915,3.2219
-0.58635,1.1968,3.1382
-0.7191,1.0969,3.0452
-0.80286,1.0195,2.9463
-0.70601,0.93556,2.8429
-0.59009,0.85261,2.734
-0.488,0.771,2.6227
-0.2169,0.66051,2.5056
-0.077419,0.57207,2.3794
-0.16604,0.50915,2.2535
-0.10771,0.39852,2.124
-0.22101,0.30241,1.9865
-0.43266,0.20403,1.8458
-0.41546,0.090547,1.6971
-0.38966,-0.027247,1.5414
-0.49511,-0.14774,1.3761
-0.38966,-0.22969,1.2104
-0.1638,-0.386,1.0375
-0.16866,-0.44907,0.86057
0.022797,-0.58553,0.68524
0.22659,-0.67415,0.49801
0.29689,-0.77636,0.32193
0.42216,-0.98969,0.11724
0.38813,-0.37432,-0.018749
0.3743,0.045124,-0.0079552
0.34027,-0.12173,-0.0031675
0.40309,-0.023764,-0.0085963
0.45245,-0.050862,-0.0037861
0.41955,-0.040278,-0.0081951
0.52911,-0.024394,-0.0051096
0.42665,-0.043304,-0.0079852
0.3657,-0.014556,-0.0068492
0.34289,-0.03521,-0.0071304
0.16826,-0.019239,-0.0081164
0.14694,-0.024728,-0.0076215
0.129,-0.01961,-0.0086338
0.10656,-0.019719,-0.0082664
0.070287,-0.024608,-0.0090349
0.070661,-0.022456,-0.0090724
0.080757,-0.021106,-0.0094698
0.074774,-0.013795,-0.0097398
0.15218,-0.01919,-0.010276
0.092349,-0.015303,-0.010677
0.010831,-0.012738,-0.010572
-0.043016,-0.015576,-0.011191
-0.14248,-0.014399,-0.011667
-0.23971,-0.012495,-0.011652
-0.29542,-0.010328,-0.011622
-0.26701,-0.011385,-0.011757
-0.26252,-0.0091992,-0.011562
-0.2068,-0.01074,-0.011491
-0.15969,-0.013822,-0.011644
-0.17576,-0.012674,-0.012019
-0.076671,-0.013825,-0.01278
-0.013101,-0.011569,-0.013189
-0.014971,-0.01387,-0.014059
0.048972,-0.0093566,-0.014831
0.12413,-0.012281,-0.014925
0.12825,-0.015415,-0.01569
0.12825,-0.010736,-0.015472
0.15629,-0.017747,-0.016616
0.17387,-0.0016037,-0.016571
0.22547,-0.017065,-0.016803
0.26436,-0.0027096,-0.017875
0.26025,-0.012101,-0.016758
0.21799,-0.011512,-0.019098
0.20416,0.0013618,-0.016473
0.20677,-0.035532,-0.019949
0.20117,0.026023,-0.017471
0.20528,-0.050674,-0.01858
0.18883,0.036048,-0.020485
0.18247,-0.053501,-0.014741
0.1907,0.01301,-0.027226
0.18883,0.017745,-0.0021702
0.075148,-1.5043,-0.13916
0.12787,-2.1764,-0.50465
0.17237,-1.7573,-0.83663
0.054208,-1.8359,-1.1437
0.30026,-1.7557,-1.4393
0.32382,-1.8096,-1.7055
0.29989,-1.8396,-1.9691
0.49396,-1.826,-2.2073
0.31297,-1.8711,-2.4349
0.35972,-1.8471,-2.6435
0.43375,-1.8873,-2.8388
0.39711,-1.867,-3.0196
0.51527,-1.8578,-3.1797
0.49545,-1.8419,-3.3241
0.51266,-1.8281,-3.451
0.40907,-1.8281,-3.5659
0.35485,-1.8054,-3.6679
0.31297,-1.7843,-3.7558
0.25726,-1.748,-3.828
0.35224,-1.7161,-3.8841
0.20117,-1.688,-3.9286
0.14208,-1.6527,-3.9612
0.21276,-1.6204,-3.9811
0.20565,-1.5872,-3.9899
0.32232,-1.5478,-3.9877
0.35261,-1.5115,-3.9748
0.1619,-1.4793,-3.9536
0.17424,-1.435,-3.9234
0.31297,-1.3797,-3.8829
-0.0033789,-1.3201,-3.8322
-0.28869,-1.2651,-3.7722
-0.27935,-1.2155,-3.7045
-0.28196,-1.1562,-3.6292
-0.138,-1.1005,-3.547
-0.098733,-1.0378,-3.4583
-0.21578,-0.96191,-3.3609
-0.28009,-0.89347,-3.2562
-0.28458,-0.82563,-3.1449
-0.22737,-0.76647,-3.0294
-0.28346,-0.68802,-2.9106
-0.313,-0.59469,-2.7829
-0.33805,-0.53175,-2.6498
-0.48501,-0.47015,-2.5162
-0.50894,-0.36961,-2.3778
-0.42855,-0.27536,-2.2306
-0.33731,-0.19296,-2.0801
-0.21204,-0.062791,-1.9215
-0.13426,0.031151,-1.7534
-0.19409,0.14923,-1.5803
-0.31898,0.24835,-1.4009
-0.36348,0.35657,-1.2214
-0.29243,0.47168,-1.0334
-0.17576,0.53642,-0.84991
-0.053113,0.71214,-0.65588
0.1361,0.71145,-0.46338
0.23968,0.95779,-0.26837
0.28194,0.85503,-0.057752
0.41955,0.067314,0.0096959
0.44385,0.022435,-0.01614
0.40646,0.094562,-0.0065042
0.42702,0.00057826,-0.010231
0.34551,0.062369,-0.0086675
0.22098,0.0074652,-0.0075915
0.14881,0.036569,-0.0092111
0.11441,0.016335,-0.0060393
0.19107,0.011938,-0.0084238
0.33466,0.018731,-0.006358
0.38963,0.002599,-0.0069391
0.41169,0.017145,-0.0062493
0.37841,0.0058756,-0.0058069
0.22061,0.0095159,-0.0059194
0.11179,0.0048521,-0.0048659
0.039624,0.0012756,-0.005147
-0.046382,0.0037349,-0.0045209
-0.075175,0.0024265,-0.0039323
-0.080036,0.00028209,-0.0035574
-0.086019,0.00032333,-0.0032087
-0.078914,0.0047809,-0.0027401
-0.056104,0.0060556,-0.002159
-0.026189,0.0059581,-0.0010942
0.013822,0.0029139,-7.0677e-05
-0.02245,0.0046572,0.00018427
-0.1208,0.001613,0.00063792
-0.17726,0.00082944,0.0011216
-0.24569,0.001613,0.0023325
-0.24569,-0.0047828,0.0022238
-0.16118,0.0087211,0.0029999
-0.062087,-0.0071597,0.0036297
0.066174,0.0053582,0.0034273
0.16003,-0.0010601,0.0050807
0.18284,-0.0035981,0.0036185
0.15592,0.01169,0.0063666
0.15293,-0.019456,0.0042071
0.13086,0.02876,0.0063966
0.12526,-0.034674,0.0061942
0.12002,0.032077,0.0045933
0.090106,-0.027558,0.0098571
0.14059,0.0029139,0.00093035
0.15704,0.039114,0.016021
0.22435,-0.14482,-0.0089187
0.26025,1.2847,0.08637
0.34663,2.3332,0.45306
0.47414,1.8878,0.81853
0.32569,1.9371,1.1456
0.3814,1.917,1.4788
0.3728,1.9192,1.7768
0.24866,1.9719,2.0695
0.42104,1.9413,2.3378
0.36196,2.0272,2.5972
0.39935,2.0248,2.8446
0.51415,2.0726,3.0754
0.47638,2.0974,3.2939
0.61399,2.143,3.4988
0.62259,2.1748,3.6966
0.67008,2.1847,3.8796
0.70075,2.2189,4.0487
0.62745,2.2171,4.2027
0.61998,2.2282,4.3412
0.50779,2.2308,4.4657
0.47713,2.2109,4.5724
0.46292,2.198,4.6622
0.43301,2.1889,4.7384
0.45245,2.1859,4.8026
0.47115,2.1756,4.8551
0.41805,2.1442,4.895
0.26773,2.1067,4.92
0.21014,2.0651,4.9314
0.17873,2.0202,4.932
0.12077,1.976,4.9227
0.033641,1.9387,4.9029
-0.065453,1.8906,4.872
-0.1638,1.8264,4.8321
-0.26065,1.7775,4.7851
-0.26476,1.719,4.7306
-0.25953,1.6548,4.6678
-0.16043,1.5953,4.5959
-0.12154,1.5208,4.5151
-0.23784,1.4561,4.426
-0.30066,1.3992,4.3299
-0.4349,1.3363,4.229
-0.4349,1.2558,4.1217
-0.39302,1.1633,4.0054
-0.54559,1.0959,3.8829
-0.57812,1.0267,3.7568
-0.60542,0.94453,3.6249
-0.69928,0.88722,3.4905
-0.68806,0.79862,3.3541
-0.64244,0.68742,3.2072
-0.5254,0.62466,3.0561
-0.43939,0.54289,2.9061
-0.42144,0.44579,2.7488
-0.3762,0.35965,2.5867
-0.37919,0.25813,2.4192
-0.33057,0.14886,2.2447
-0.24233,0.019889,2.0613
-0.19409,-0.064201,1.8738
-0.06994,-0.18974,1.6837
-0.025067,-0.29318,1.486
-0.051617,-0.39868,1.2913
0.0127,-0.53146,1.0882
0.021301,-0.59163,0.88835
0.062434,-0.76818,0.68028
0.15592,-0.77774,0.47244
0.20154,-1.022,0.26555
0.21575,-0.95558,0.038564
0.23332,-0.12723,-0.043673
0.26025,-0.034201,-0.016166
0.23706,-0.12739,-0.0251
0.32008,-0.025301,-0.022337
0.37542,-0.086695,-0.022731
0.33803,-0.028994,-0.024422
0.3844,-0.057666,-0.022153
0.32681,-0.040848,-0.025314
0.25426,-0.037028,-0.023038
0.24379,-0.050667,-0.025123
0.18696,-0.028679,-0.024676
0.16415,-0.038603,-0.025186
0.13498,-0.027179,-0.025745
0.059069,-0.0335,-0.025779
-0.026563,-0.029088,-0.026469
-0.048999,-0.02887,-0.026375
-0.050869,-0.030988,-0.02723
-0.059096,-0.026793,-0.027038
0.023919,-0.029478,-0.027646
0.063182,-0.0286,-0.028624
0.059443,-0.032109,-0.029134
0.083749,-0.029702,-0.030356
0.041494,-0.025485,-0.031312
0.018684,-0.026478,-0.031894
0.011953,-0.020926,-0.032246
0.0052217,-0.02643,-0.032827
-0.011232,-0.022437,-0.033768
-0.063583,-0.022722,-0.033442
-0.062087,-0.027457,-0.034762
-0.031424,-0.013481,-0.034511
0.0082132,-0.032488,-0.035332
0.051964,-0.010088,-0.03586
0.11703,-0.028619,-0.035257
0.16452,-0.013177,-0.037724
0.14694,-0.014515,-0.034645
0.12152,-0.039214,-0.039013
0.15181,0.015874,-0.035422
0.15779,-0.065607,-0.03883
0.15928,0.041716,-0.037997
0.14096,-0.091872,-0.035223
0.097958,0.058264,-0.045121
0.10282,-0.12601,-0.02212
-0.0030049,-1.7708,-0.20979
0.12152,-2.1762,-0.60958
0.11703,-1.8177,-0.95147
0.050842,-1.9915,-1.2849
0.4274,-1.903,-1.6065
0.36233,-1.9678,-1.8993
0.42403,-1.9699,-2.1843
0.59492,-1.9958,-2.4459
0.32307,-2.0621,-2.7036
0.43862,-2.0573,-2.9437
0.46143,-2.1026,-3.1699
0.47003,-2.1169,-3.3829
0.60352,-2.1702,-3.5858
0.56576,-2.1861,-3.7794
0.64279,-2.1955,-3.9572
0.5306,-2.2109,-4.1225
0.52425,-2.2139,-4.2725
0.52387,-2.2154,-4.4085
0.44161,-2.1958,-4.5275
0.48424,-2.1821,-4.629
0.43675,-2.1728,-4.7159
0.46255,-2.1683,-4.7892
0.49957,-2.1663,-4.8516
0.62559,-2.1462,-4.9014
0.68467,-2.1132,-4.9372
0.67195,-2.0817,-4.9586
0.67345,-2.054,-4.9671
0.51714,-2.0213,-4.9653
0.36832,-1.9797,-4.9528
0.19256,-1.9373,-4.9294
0.044485,-1.8904,-4.8953
-0.077045,-1.8423,-4.852
-0.16829,-1.797,-4.8012
-0.20418,-1.7411,-4.7428
-0.27448,-1.6771,-4.6753
-0.27037,-1.6125,-4.5987
-0.29767,-1.5447,-4.5137
-0.31487,-1.4803,-4.4217
-0.29094,-1.4177,-4.323
-0.34142,-1.3588,-4.218
-0.34665,-1.2865,-4.1088
-0.4106,-1.1945,-3.9918
-0.51493,-1.1223,-3.8675
-0.53661,-1.0423,-3.739
-0.58037,-0.96146,-3.6047
-0.58597,-0.89763,-3.4687
-0.54933,-0.79255,-3.3273
-0.56092,-0.70707,-3.1768
-0.60542,-0.64936,-3.0267
-0.64356,-0.54462,-2.8737
-0.62262,-0.44969,-2.7133
-0.60093,-0.35448,-2.5485
-0.55307,-0.24776,-2.3774
-0.4349,-0.12488,-2.1984
-0.3575,-0.016244,-2.0106
-0.28383,0.074689,-1.8229
-0.17539,0.21172,-1.6278
-0.094246,0.29091,-1.431
0.017188,0.43863,-1.2333
0.11628,0.52001,-1.0294
0.14807,0.64501,-0.82957
0.16228,0.77029,-0.61501
0.14657,0.81643,-0.41474
0.15068,1.0968,-0.18951
0.17312,0.55121,-0.0090837
0.21799,-0.059293,-0.0034712
0.27034,0.11251,-0.016698
0.31634,0.03989,-0.0068567
0.39823,0.03598,-0.013579
0.37879,0.047471,-0.0080527
0.37392,0.0093622,-0.011101
0.44236,0.042447,-0.0087762
0.41244,0.0077951,-0.0086488
0.42067,0.026653,-0.0092861
0.39449,0.010637,-0.0074003
0.29727,0.010326,-0.0082251
0.23519,0.0058231,-0.0067254
0.15106,0.0074727,-0.0070704
0.11441,0.013981,-0.0062381
0.069165,0.0047996,-0.0060618
0.031397,0.013644,-0.0056232
0.016066,0.0022766,-0.0047721
-0.025441,0.00070198,-0.0049858
-0.014971,0.0069591,-0.0042997
-0.017215,0.009947,-0.0029875
0.013822,0.0070678,-0.001769
0.047477,0.0024678,-0.000888
0.04972,0.0058081,0.00011303
0.074026,0.0015568,0.00018052
0.029902,0.0078888,0.00098284
0.0044739,0.0011331,0.0018227
-0.017962,0.0043573,0.0017289
-0.053487,0.0022316,0.0031236
-0.030676,-0.0026721,0.0024338
-0.032172,0.011072,0.0041809
-0.010484,-0.013109,0.0033486
0.0052217,0.017842,0.0041359
0.0067175,-0.015483,0.0053769
0.046355,0.011342,0.0032623
0.071409,-0.00094009,0.0075551
0.13573,-0.0166,0.0025575
0.15966,0.036779,0.0093997
0.1791,-0.06756,0.0028462
0.16602,0.10533,0.0084699
0.13161,-0.17037,0.0062654
0.17125,0.46358,0.0066066
0.17574,2.1393,0.27198
0.3298,2.1249,0.67172
0.2954,1.8885,1.0027
0.27595,2.0202,1.3418
0.45657,1.9398,1.6537
0.27483,2.0442,1.9491
0.3126,2.0131,2.2303
0.34775,2.0756,2.4916
0.27782,2.1137,2.7464
0.479,2.1474,2.9843
0.46217,2.1839,3.213
0.55566,2.1827,3.4231
0.65812,2.2438,3.6234
0.71271,2.269,3.8151
0.80321,2.2951,3.9942
0.71757,2.3028,4.1603
0.74861,2.3071,4.3107
0.69813,2.3108,4.4477
0.65625,2.3005,4.5686
0.59904,2.2824,4.673
0.55304,2.2682,4.7616
0.61885,2.2674,4.8353
0.64428,2.2546,4.8971
0.79984,2.2414,4.9479
0.81742,2.2135,4.9857
0.81629,2.1769,5.0101
0.81255,2.1442,5.0205
0.67008,2.1051,5.0181
0.54294,2.0727,5.0061
0.32868,2.0235,4.9837
0.12189,1.9699,4.9505
-0.1021,1.9257,4.9087
-0.25242,1.8705,4.8587
-0.34778,1.8188,4.8008
-0.41995,1.7636,4.7353
-0.40648,1.6978,4.6609
-0.45547,1.6236,4.5777
-0.45472,1.5467,4.4864
-0.50408,1.4855,4.3879
-0.54372,1.4239,4.285
-0.52427,1.345,4.1765
-0.60878,1.2571,4.0594
-0.64693,1.181,3.9355
-0.6731,1.1099,3.8082
-0.72845,1.0209,3.6757
-0.73331,0.95259,3.5391
-0.71349,0.87656,3.4014
-0.71162,0.76267,3.2555
-0.73069,0.69317,3.1027
-0.77033,0.62331,2.9515
-0.80959,0.52027,2.7951
-0.83203,0.42984,2.6326
-0.83577,0.31844,2.4649
-0.77594,0.213,2.2903
-0.67722,0.084687,2.1081
-0.55082,-0.014347,1.9194
-0.39938,-0.11957,1.7302
-0.26214,-0.24362,1.5329
-0.10883,-0.32882,1.3377
0.017188,-0.47983,1.1368
0.089732,-0.54157,0.93468
0.13984,-0.70785,0.7314
0.14807,-0.76797,0.51928
0.16228,-0.9188,0.31824
0.16041,-1.0723,0.086456
0.18097,-0.31379,-0.044161
0.25426,0.022143,-0.024047
0.29315,-0.14662,-0.024362
0.39374,-0.028578,-0.027601
0.44871,-0.081128,-0.023949
0.45058,-0.047829,-0.028141
0.51864,-0.045313,-0.024586
0.48648,-0.055443,-0.028178
0.46217,-0.029414,-0.026255
0.42515,-0.051529,-0.027211
0.33204,-0.032394,-0.027852
0.28493,-0.042655,-0.027597
0.20677,-0.034925,-0.028621
0.15704,-0.036957,-0.028317
0.099828,-0.0347,-0.029254
0.067295,-0.031318,-0.029157
0.049346,-0.035375,-0.030057
-0.002631,-0.02971,-0.030116
-0.027311,-0.032852,-0.030101
-0.058348,-0.031483,-0.031372
-0.027311,-0.031757,-0.032396
-0.01871,-0.029942,-0.033386
-0.008614,-0.032484,-0.034443
0.024293,-0.029519,-0.035294
0.010831,-0.025436,-0.035095
0.031023,-0.030175,-0.036048
0.015318,-0.020274,-0.036441
-0.011979,-0.031532,-0.036753
-0.038529,-0.023783,-0.037634
-0.071062,-0.029346,-0.037206
-0.08041,-0.023835,-0.039051
-0.10322,-0.013732,-0.037544
-0.096116,-0.036721,-0.039812
-0.044138,0.00087818,-0.03856
-0.0056225,-0.049002,-0.039407
0.071035,0.0053283,-0.040933
0.14694,-0.041943,-0.037495
0.18359,-0.018399,-0.044641
0.24529,0.0081813,-0.03469
0.2322,-0.094924,-0.048634
0.2696,0.16335,-0.029123
0.18097,-1.0093,-0.087797
0.19032,-2.2586,-0.43322
0.33204,-1.9279,-0.81566
0.126,-1.9685,-1.1423
0.39262,-2.022,-1.479
0.58296,-1.9964,-1.7789
0.45357,-2.0845,-2.0704
0.76357,-2.0636,-2.34
0.61474,-2.1539,-2.5975
0.55342,-2.1696,-2.8449
0.71795,-2.2275,-3.0774
0.60352,-2.2446,-3.2988
0.75235,-2.2713,-3.5022
0.78825,-2.3267,-3.6987
0.85892,-2.343,-3.8835
0.88547,-2.3713,-4.0562
0.80807,-2.3746,-4.2152
0.86603,-2.3873,-4.3596
0.78451,-2.387,-4.4909
0.76619,-2.3651,-4.6054
0.7071,-2.3464,-4.7026
0.69028,-2.3283,-4.7843
0.71383,-2.3182,-4.8537
0.75908,-2.307,-4.9125
0.87089,-2.2813,-4.9591
0.85556,-2.2472,-4.9925
0.85892,-2.2058,-5.0121
0.76245,-2.1632,-5.0188
0.56837,-2.1253,-5.0149
0.34999,-2.083,-5.0008
0.13086,-2.0338,-4.976
-0.075549,-1.9815,-4.9402
-0.28757,-1.9342,-4.8954
-0.37171,-1.8879,-4.8435
-0.47417,-1.8321,-4.7842
-0.51119,-1.7674,-4.7164
-0.48277,-1.6973,-4.6397
-0.5254,-1.6261,-4.5549
-0.50146,-1.5572,-4.4625
-0.54671,-1.489,-4.3643
-0.60093,-1.4149,-4.2601
-0.61701,-1.3361,-4.1486
-0.70227,-1.2518,-4.0303
-0.73144,-1.1791,-3.9058
-0.75312,-1.1052,-3.7779
-0.79875,-1.0158,-3.6445
-0.80062,-0.94937,-3.5075
-0.82417,-0.8582,-3.368
-0.87353,-0.75307,-3.2186
-0.89672,-0.69401,-3.067
-0.91392,-0.60233,-2.9151
-0.92252,-0.49953,-2.7558
-0.92327,-0.40811,-2.592
-0.85708,-0.30347,-2.4221
-0.73331,-0.1859,-2.2452
-0.60729,-0.058667,-2.0584
-0.39601,0.028696,-1.8696
-0.23859,0.16646,-1.6767
-0.12154,0.25538,-1.4782
0.025788,0.37623,-1.2819
0.053834,0.49079,-1.0771
0.10843,0.58644,-0.87813
0.10843,0.75068,-0.66589
0.04972,0.75619,-0.46219
0.11142,1.0585,-0.24758
0.097958,0.76887,-0.036715
0.15106,-0.011955,0.0051407
0.27707,0.060135,-0.018644
0.35934,0.074659,-0.0064593
0.50256,0.014247,-0.012777
0.5063,0.061556,-0.008945
0.53472,0.0056282,-0.0096535
0.57772,0.043609,-0.0097435
0.50406,0.00823,-0.0076215
0.50106,0.017801,-0.0095973
0.41693,0.014086,-0.0072166
0.32456,0.0071165,-0.0079889
0.258,0.01734,-0.0068717
0.17798,0.0049346,-0.0066655
0.13984,0.011379,-0.0061893
0.070287,0.0046234,-0.0058331
0.030276,0.012316,-0.005537
-0.039277,0.00064574,-0.0045509
-0.09088,-0.0031295,-0.0047459
-0.086019,0.012035,-0.0037561
-0.093872,0.009186,-0.0023352
-0.054234,0.005347,-0.0016116
-0.0011352,0.0085299,-0.00054682
0.045981,0.0049346,0.00082162
0.072531,-0.00040398,0.00080288
0.087114,0.0044135,0.0016802
0.087114,-0.0017086,0.0021226
0.032519,0.0080463,0.0027374
-0.010484,-0.0086893,0.0031574
-0.06994,0.0017292,0.0027524
-0.13613,0.0032213,0.0048032
-0.12678,-0.0071822,0.0031649
-0.14585,0.014318,0.0058343
-0.13164,-0.022778,0.0042971
-0.067322,0.028392,0.0056468
-0.0015092,-0.031423,0.0065166
0.10319,0.019537,0.0037572
0.16302,-0.012959,0.010206
0.24566,-0.013267,0.00063042
0.24641,0.060675,0.015275
0.25726,-0.18008,-0.0072391
0.2251,1.1405,0.067538
0.23482,2.3534,0.42468
0.41506,1.9654,0.80172
0.28343,2.0112,1.1312
0.44497,2.0325,1.4685
0.60427,2.0272,1.7688
0.42254,2.1184,2.0626
0.62559,2.096,2.3334
0.59679,2.1904,2.5931
0.61138,2.1982,2.8403
0.77479,2.2637,3.0737
0.70785,2.2888,3.2982
0.82938,2.302,3.5035
0.86341,2.3516,3.6991
0.93408,2.3834,3.8846
0.97559,2.417,4.0602
0.9296,2.4184,4.2223
0.9812,2.4278,4.37
0.93334,2.4288,4.5046
0.92361,2.4186,4.6239
0.86902,2.3952,4.7274
0.83611,2.3635,4.8143
0.80807,2.3485,4.8865
0.82041,2.336,4.9469
0.88136,2.3191,4.9968
0.85182,2.2897,5.0347
0.84808,2.252,5.0598
0.7258,2.2022,5.071
0.56015,2.1534,5.069
0.3212,2.1186,5.0576
0.059817,2.0685,5.0359
-0.13127,2.0192,5.0032
-0.37956,1.9742,4.9615
-0.48277,1.9199,4.9115
-0.5755,1.8675,4.8536
-0.6559,1.8091,4.7885
-0.64094,1.7418,4.7156
-0.68021,1.6695,4.6332
-0.63384,1.5955,4.5425
-0.64281,1.5254,4.4451
-0.6817,1.4566,4.3425
-0.68469,1.3813,4.2346
-0.79089,1.2961,4.119
-0.82941,1.211,3.996
-0.88288,1.1349,3.8679
-0.96178,1.0515,3.7357
-0.95056,0.97612,3.599
-0.95094,0.90767,3.4607
-0.97113,0.80227,3.317
-0.98646,0.71662,3.1644
-0.99432,0.65132,3.0121
-0.98048,0.54324,2.8574
-0.89784,0.45241,2.6956
-0.80398,0.35753,2.5294
-0.69928,0.25277,2.3569
-0.57812,0.13369,2.1777
-0.46968,0.017505,1.9891
-0.34478,-0.073686,1.7995
-0.23933,-0.21276,1.6037
-0.1208,-0.29153,1.4059
-0.036285,-0.4356,1.2072
0.0078393,-0.52496,1.0016
0.026162,-0.64023,0.80138
-0.019084,-0.77574,0.587
-0.0059964,-0.81808,0.38559
0.02878,-1.111,0.16157
0.081505,-0.6166,-0.024999
0.20902,0.03135,-0.03685
0.28007,-0.12558,-0.021096
0.39524,-0.068887,-0.031286
0.48424,-0.053655,-0.024478
0.46554,-0.078481,-0.029382
0.54481,-0.033736,-0.026645
0.56688,-0.063833,-0.028377
0.4977,-0.031393,-0.028846
0.46816,-0.050539,-0.027961
0.36383,-0.03726,-0.029618
0.22809,-0.037298,-0.028789
0.14358,-0.038576,-0.030057
0.065426,-0.031592,-0.029674
0.022423,-0.037302,-0.030491
-0.037781,-0.030898,-0.030585
-0.080784,-0.035697,-0.031095
-0.068818,-0.031202,-0.031774
-0.091628,-0.032334,-0.03171
-0.062835,-0.035427,-0.032966
0.0011084,-0.032199,-0.034124
0.03738,-0.031667,-0.034732
0.11292,-0.031768,-0.035931
0.16602,-0.026103,-0.036891
0.16041,-0.034445,-0.037
0.14171,-0.031525,-0.037892
0.12152,-0.024131,-0.0379
0.10544,-0.029436,-0.039129
0.038876,-0.017185,-0.038841
-0.036285,-0.036859,-0.039703
-0.065079,-0.014939,-0.040453
-0.11219,-0.0304,-0.039204
-0.11668,-0.020855,-0.042091
-0.081158,-0.015869,-0.039066
-0.041521,-0.048508,-0.043081
0.072905,0.015053,-0.039891
0.11516,-0.068505,-0.042421
0.17013,0.036947,-0.043239
0.21313,-0.077829,-0.038417
0.19406,0.031995,-0.050456
0.23295,-0.062623,-0.024815
0.11591,-1.6835,-0.19418
0.24716,-2.2225,-0.59454
0.26324,-1.8754,-0.94527
0.18097,-2.072,-1.2802
0.57697,-2.013,-1.6058
0.51976,-2.0881,-1.9003
0.61998,-2.1141,-2.1876
0.88809,-2.1432,-2.4504
0.64204,-2.2174,-2.7073
0.76843,-2.2332,-2.9476
0.80433,-2.3081,-3.1783
0.75646,-2.3072,-3.3952
0.90006,-2.3479,-3.5954
0.91352,-2.3855,-3.788
1.0321,-2.4155,-3.969
0.98157,-2.4398,-4.1396
0.98382,-2.44,-4.296
0.97858,-2.4532,-4.4382
0.8851,-2.4487,-4.5681
0.93109,-2.4306,-4.6828
0.87425,-2.4036,-4.7797
0.86865,-2.3786,-4.8611
0.85444,-2.3649,-4.9296
0.86416,-2.3503,-4.9874
0.86266,-2.3234,-5.0345
0.81442,-2.286,-5.0685
0.78152,-2.2421,-5.089
0.64166,-2.1947,-5.096
0.46965,-2.154,-5.0917
0.21276,-2.1153,-5.0785
-0.026563,-2.0616,-5.055
-0.25242,-2.0032,-5.0202
-0.46931,-1.9531,-4.9761
-0.61888,-1.8991,-4.9245
-0.73817,-1.842,-4.8652
-0.74228,-1.7805,-4.7985
-0.75238,-1.7097,-4.7233
-0.7348,-1.6385,-4.6394
-0.70638,-1.5658,-4.5477
-0.69329,-1.5005,-4.4497
-0.61589,-1.4331,-4.3469
-0.65328,-1.351,-4.2375
-0.72658,-1.2638,-4.1204
-0.76846,-1.1897,-3.9968
-0.87578,-1.1194,-3.87
-0.96103,-1.0286,-3.7377
-0.97786,-0.95822,-3.5999
-0.98571,-0.87995,-3.4608
-0.99805,-0.76934,-3.3129
-0.97113,-0.7014,-3.1594
-0.95094,-0.6273,-3.0078
-0.92962,-0.52237,-2.8495
-0.85596,-0.43535,-2.6858
-0.71461,-0.32984,-2.5172
-0.57476,-0.22056,-2.3411
-0.45098,-0.091681,-2.1567
-0.28757,0.0045222,-1.9657
-0.20643,0.11602,-1.7743
-0.086767,0.23419,-1.5747
0.031397,0.3238,-1.3775
0.054956,0.47202,-1.1743
0.12675,0.52724,-0.97131
0.12638,0.71065,-0.76481
0.081505,0.7556,-0.55052
0.057573,0.9159,-0.34853
0.044485,1.0499,-0.11499
0.08861,0.25765,0.0092123
0.16153,-0.038119,-0.01362
0.25539,0.12691,-0.010996
0.34364,0.0044547,-0.0088062
0.41057,0.061627,-0.011862
0.47152,0.020054,-0.0074453
0.50368,0.023871,-0.010962
0.49994,0.029453,-0.0071753
0.47227,0.0060368,-0.0089562
0.41917,0.027009,-0.0076177
0.30662,0.0063667,-0.0071191
0.16639,0.014468,-0.0073141
0.065052,0.0060143,-0.0061331
-0.023198,0.01112,-0.0062755
-0.076297,0.0081775,-0.0055332
-0.090506,0.0074914,-0.0056194
-0.09275,0.010817,-0.0045697
-0.09462,0.0033338,-0.0043972
-0.087141,0.0085112,-0.0041535
-0.017962,0.010491,-0.0025414
0.037006,0.0072477,-0.0013904
0.093097,0.0073002,-0.00070054
0.19107,0.0086349,0.00071665
0.23295,0.00063824,0.0011628
0.2236,0.0079301,0.001579
0.1963,-0.0022223,0.0024975
0.15966,-0.00034025,0.0023438
0.1174,0.0029851,0.0035923
0.074026,-0.006916,0.0030411
0.01831,0.011023,0.0047582
-0.014223,-0.011366,0.0042409
-0.064331,0.016032,0.0047095
-0.088263,-0.019288,0.0061754
-0.040399,0.0035362,0.0039109
-0.0048746,-0.0016412,0.0080838
0.094219,-0.022756,0.0031311
0.13685,0.042181,0.0096659
0.18322,-0.070492,0.003836
0.21051,0.099481,0.0086049
0.18995,-0.16252,0.008065
0.19892,0.41302,0.0040984
0.1432,2.1106,0.26161
0.3126,2.1532,0.66411
0.28306,1.9196,0.99697
0.22697,2.0703,1.3367
0.46853,1.9896,1.6495
0.34962,2.1067,1.9441
0.43375,2.0857,2.2255
0.58258,2.1608,2.4864
0.525,2.2047,2.7406
0.74487,2.2296,2.9765
0.75123,2.2885,3.2056
0.77703,2.2825,3.417
0.89445,2.333,3.6151
0.92511,2.3689,3.8047
1.0358,2.3934,3.9833
0.97858,2.4022,4.1509
0.9741,2.412,4.3034
0.96288,2.4122,4.4431
0.91015,2.3972,4.5677
0.86902,2.3763,4.6766
0.82639,2.3409,4.7701
0.8234,2.3232,4.8476
0.7617,2.3074,4.9128
0.81031,2.283,4.9672
0.79535,2.259,5.0102
0.75833,2.212,5.0409
0.72206,2.1577,5.0576
0.54594,2.1223,5.0611
0.38327,2.0766,5.0543
0.13872,2.026,5.038
-0.10808,1.9749,5.0109
-0.32422,1.9156,4.9748
-0.5411,1.8653,4.93
-0.63421,1.8075,4.8763
-0.70975,1.7543,4.8157
-0.76509,1.692,4.7473
-0.78005,1.6121,4.6693
-0.78753,1.5461,4.583
-0.7606,1.4791,4.4896
-0.74415,1.4072,4.3905
-0.72508,1.3369,4.2856
-0.73106,1.2652,4.174
-0.7965,1.1715,4.0549
-0.85895,1.0924,3.9291
-0.87877,1.0312,3.7999
-0.90794,0.95042,3.6657
-0.93448,0.88629,3.5283
-0.90457,0.79598,3.3878
-0.89971,0.69174,3.2372
-0.9027,0.63445,3.0845
-0.87989,0.54926,2.9321
-0.86792,0.45026,2.7719
-0.78154,0.36011,2.6068
-0.63833,0.25144,2.4358
-0.51007,0.14616,2.2581
-0.37246,0.023001,2.0713
-0.27112,-0.060126,1.8811
-0.17539,-0.18381,1.6889
-0.063957,-0.28428,1.4896
0.0026042,-0.39205,1.2928
0.091228,-0.5265,1.0872
0.14657,-0.58953,0.88601
0.12189,-0.77028,0.6755
0.099828,-0.77927,0.46577
0.070287,-1.0272,0.25644
0.071409,-0.93731,0.030466
0.1432,-0.10787,-0.045908
0.20453,-0.038588,-0.018442
0.26473,-0.12705,-0.028317
0.35298,-0.028173,-0.02468
0.36046,-0.089184,-0.025445
0.35859,-0.031172,-0.026791
0.40347,-0.061757,-0.024954
0.39,-0.044519,-0.028084
0.36832,-0.037917,-0.025722
0.32232,-0.046423,-0.027927
0.2079,-0.030823,-0.02726
0.11853,-0.041351,-0.027867
0.02878,-0.031292,-0.028377
-0.058348,-0.037403,-0.028362
-0.097985,-0.031007,-0.029037
-0.10359,-0.034827,-0.029067
-0.091254,-0.033984,-0.029892
-0.11855,-0.02637,-0.029652
-0.1107,-0.033849,-0.030724
-0.043764,-0.033523,-0.032205
0.020927,-0.028004,-0.032865
0.10693,-0.034003,-0.034057
0.19182,-0.032361,-0.035234
0.26174,-0.024713,-0.035215
0.26885,-0.031225,-0.035969
0.2236,-0.024011,-0.036351
0.18135,-0.031157,-0.036914
0.14657,-0.020592,-0.037656
0.13199,-0.027108,-0.037075
0.084497,-0.02788,-0.039111
0.05346,-0.014328,-0.037536
0.029154,-0.038408,-0.039722
-0.0093619,0.0013243,-0.038608
-0.0097358,-0.046903,-0.039234
0.071035,0.0017442,-0.041379
0.14208,-0.037058,-0.037277
0.16788,-0.023869,-0.044525
0.22136,0.012695,-0.034848
0.1548,-0.10368,-0.0483
0.1907,0.16957,-0.0303
0.12039,-0.94322,-0.081484
0.094967,-2.2479,-0.42064
0.29428,-1.9467,-0.80708
0.11479,-1.9762,-1.1354
0.33092,-2.043,-1.4736
0.52761,-2.0143,-1.7748
0.40347,-2.1135,-2.0675
0.74973,-2.09,-2.3392
0.67158,-2.1793,-2.5981
0.62633,-2.1937,-2.8464
0.81368,-2.2565,-3.0796
0.69364,-2.2812,-3.3045
0.82228,-2.2942,-3.5103
0.87538,-2.3457,-3.7069
0.92922,-2.3651,-3.8933
0.97036,-2.3948,-4.0688
0.93296,-2.3968,-4.2317
0.98644,-2.4019,-4.38
0.87874,-2.4023,-4.5153
0.85743,-2.3856,-4.6359
0.78264,-2.3592,-4.7403
0.75908,-2.3304,-4.828
0.78413,-2.3121,-4.9023
0.76506,-2.296,-4.9654
0.8219,-2.2718,-5.0175
0.77553,-2.2378,-5.0572
0.75085,-2.1965,-5.0839
0.62596,-2.1478,-5.0975
0.4633,-2.1037,-5.099
0.29502,-2.0644,-5.0904
0.078888,-2.0118,-5.0717
-0.1178,-1.9552,-5.0416
-0.37919,-1.9058,-5.0022
-0.53063,-1.8536,-4.9553
-0.64356,-1.7988,-4.9003
-0.68843,-1.7373,-4.8378
-0.68656,-1.6681,-4.7665
-0.72022,-1.5992,-4.686
-0.71124,-1.5273,-4.5978
-0.76135,-1.4638,-4.5021
-0.73667,-1.4,-4.4019
-0.73069,-1.3219,-4.2958
-0.74565,-1.2394,-4.1814
-0.8051,-1.1632,-4.0598
-0.94795,-1.0957,-3.9347
-0.88961,-1.0103,-3.8049
-0.82604,-0.93569,-3.6686
-0.84063,-0.8683,-3.5312
-0.82193,-0.76097,-3.3873
-0.8137,-0.68286,-3.2347
-0.79613,-0.62235,-3.0833
-0.75911,-0.51931,-2.9276
-0.70937,-0.43115,-2.765
-0.61776,-0.33221,-2.5983
-0.52315,-0.22219,-2.4232
-0.46295,-0.10655,-2.241
-0.34815,-0.00112,-2.0509
-0.2498,0.086539,-1.8598
-0.12154,0.22713,-1.6622
0.035137,0.30223,-1.4622
0.066548,0.43864,-1.2624
0.11217,0.52818,-1.0555
0.12077,0.64146,-0.85306
0.052712,0.77453,-0.63633
0.066548,0.81059,-0.43341
0.091601,1.1077,-0.20763
0.11965,0.61796,-0.014925
0.20229,-0.050367,-0.00017565
0.25576,0.10223,-0.016976
0.30998,0.047711,-0.0059869
0.36532,0.028947,-0.01293
0.37579,0.050601,-0.007629
0.40234,0.009201,-0.01025
0.38926,0.042125,-0.0085063
0.32718,0.0021154,-0.0076702
0.29876,0.025464,-0.0086825
0.20677,0.013647,-0.0066317
0.077392,0.012751,-0.0076102
0.050094,0.01463,-0.0061968
0.0089611,0.0074052,-0.0064405
-0.040025,0.013314,-0.0057807
-0.040399,0.0049159,-0.0055182
-0.053113,0.01151,-0.0049896
-0.046008,0.0040461,-0.0042547
-0.04713,0.0047059,-0.004236
-0.014971,0.012193,-0.0028376
0.048972,0.0084249,-0.0015816
0.072157,0.0068953,-0.00077552
0.1447,0.009111,0.00037172
0.21911,0.0022691,0.0012003
0.22884,0.0036337,0.001489
0.22884,0.0029926,0.0023175
0.2251,0.00091567,0.0022801
0.21014,0.0090735,0.0036148
0.16377,-0.0059788,0.0033973
0.1189,0.011855,0.0040609
0.085992,-0.0072384,0.0051032
0.032893,0.0066667,0.0038435
0.017562,0.0017479,0.006779
0.065426,-0.013019,0.0038247
0.075522,0.025292,0.0077088
0.11853,-0.037242,0.0050244
0.17088,0.0459,0.0066478
0.18883,-0.057475,0.00832
0.20191,0.05029,0.0027824
0.12974,-0.037073,0.015773
0.14657,-0.0016636,-0.0107
0.085245,1.6534,0.14531
0.16078,2.2927,0.53986
0.29577,1.8853,0.89215
0.17536,2.0457,1.226
0.40571,1.982,1.5529
0.39898,2.0562,1.8491
0.32868,2.0848,2.1388
0.59455,2.0994,2.4031
0.52126,2.1762,2.6614
0.66335,2.1848,2.9035
0.76357,2.2575,3.1361
0.71757,2.2508,3.3549
0.85705,2.2855,3.5562
0.86191,2.319,3.7505
0.97185,2.3449,3.9335
0.95203,2.3671,4.1063
0.89893,2.3607,4.2642
0.91987,2.3725,4.409
0.86191,2.3583,4.541
0.82527,2.3311,4.6555
0.74674,2.3049,4.7533
0.74786,2.2747,4.8358
0.69028,2.261,4.9065
0.7187,2.2417,4.9669
0.77965,2.2057,5.0147
0.7344,2.1669,5.0496
0.70972,2.1189,5.0711
0.58408,2.0755,5.0797
0.43712,2.0341,5.0779
0.19556,1.9849,5.0658
-0.024319,1.9357,5.0432
-0.20418,1.8818,5.0108
-0.43976,1.8265,4.969
-0.55756,1.7745,4.9192
-0.68806,1.7173,4.8625
-0.7636,1.6511,4.7976
-0.77893,1.5819,4.7237
-0.80174,1.5135,4.6409
-0.78005,1.4484,4.5507
-0.80735,1.381,4.4543
-0.78304,1.3105,4.3514
-0.76696,1.2396,4.2429
-0.79463,1.155,4.127
-0.77706,1.0759,4.0027
-0.81595,1.0076,3.8747
-0.86007,0.93032,3.7423
-0.83128,0.86459,3.6059
-0.82081,0.78664,3.4677
-0.83315,0.68091,3.3204
-0.81969,0.616,3.1675
-0.78491,0.55013,3.0163
-0.73331,0.44148,2.8585
-0.68357,0.36146,2.6945
-0.56541,0.26392,2.5262
-0.4263,0.15398,2.3498
-0.36386,0.038706,2.1652
-0.25953,-0.055612,1.974
-0.15183,-0.15463,1.7831
-0.078914,-0.28173,1.5837
0.0048478,-0.35768,1.385
0.038502,-0.5065,1.1823
0.084871,-0.56741,0.97635
0.13199,-0.71753,0.77181
0.12077,-0.79863,0.5544
0.13086,-0.88749,0.35276
0.12787,-1.1187,0.12009
0.14171,-0.43876,-0.037656
0.20154,0.034237,-0.027098
0.20341,-0.14543,-0.021163
0.23781,-0.038955,-0.027635
0.2782,-0.069982,-0.022
0.26511,-0.060227,-0.027248
0.3025,-0.042978,-0.023544
0.30662,-0.060223,-0.026514
0.28605,-0.028814,-0.025498
0.29502,-0.052118,-0.025932
0.21351,-0.031659,-0.02708
0.12114,-0.039619,-0.026394
0.075522,-0.03473,-0.027631
0.0059696,-0.032889,-0.027237
-0.052365,-0.034565,-0.028066
-0.075923,-0.029234,-0.028197
-0.084523,-0.033875,-0.028902
-0.094246,-0.02649,-0.029145
-0.074801,-0.031052,-0.029434
-0.018336,-0.034273,-0.030814
0.047103,-0.029586,-0.031864
0.11441,-0.030932,-0.03279
0.18284,-0.029538,-0.033952
0.21724,-0.024506,-0.034338
0.24305,-0.032147,-0.034897
0.26997,-0.023959,-0.035725
0.23744,-0.025894,-0.03574
0.19817,-0.025294,-0.03688
0.18209,-0.0188,-0.036205
0.13647,-0.033332,-0.037806
0.098706,-0.0088992,-0.037277
0.080383,-0.037759,-0.037832
0.07627,-0.0069685,-0.039174
0.072157,-0.027247,-0.03685
0.070661,-0.025414,-0.041469
0.129,-0.00049021,-0.036344
0.11965,-0.059353,-0.042624
0.16115,0.04665,-0.037127
0.16415,-0.12155,-0.040955
0.12152,0.129,-0.041915
0.12825,-0.38914,-0.035013
0.036259,-2.0257,-0.28626
0.22585,-2.0952,-0.69174
0.18696,-1.8872,-1.0269
0.19182,-2.0578,-1.3664
0.55454,-1.9724,-1.6802
0.43114,-2.0821,-1.974
0.63568,-2.0657,-2.2557
0.76806,-2.1249,-2.5168
0.53322,-2.1659,-2.7714
0.7344,-2.1985,-3.0086
0.69102,-2.2528,-3.2387
0.72917,-2.2453,-3.4513
0.88435,-2.2953,-3.6511
0.88098,-2.3197,-3.8426
0.97821,-2.3451,-4.0228
0.92249,-2.3512,-4.1914
0.92885,-2.35,-4.3448
0.86491,-2.3584,-4.4861
0.79498,-2.3423,-4.6139
0.77441,-2.3141,-4.7251
0.70486,-2.2827,-4.8194
0.69065,-2.2596,-4.8985
0.64166,-2.2445,-4.9659
0.70149,-2.2241,-5.0231
0.71159,-2.191,-5.0682
0.71234,-2.1489,-5.1007
0.65587,-2.0995,-5.1194
0.46517,-2.0533,-5.1248
0.30699,-2.0153,-5.1207
0.063556,-1.9642,-5.1069
-0.13575,-1.9054,-5.0817
-0.32347,-1.8554,-5.0463
-0.52315,-1.8022,-5.0027
-0.6215,-1.7486,-4.951
-0.74116,-1.6938,-4.892
-0.76546,-1.6254,-4.8248
-0.76621,-1.5594,-4.7483
-0.76621,-1.4887,-4.6637
-0.73555,-1.4181,-4.571
-0.79164,-1.3627,-4.4733
-0.74527,-1.2888,-4.3701
-0.74602,-1.2042,-4.2584
-0.73181,-1.129,-4.1388
-0.73966,-1.0614,-4.0147
-0.72059,-0.98368,-3.8864
-0.72957,-0.90654,-3.7517
-0.83165,-0.84623,-3.6148
-1.0115,-0.75236,-3.4734
-5.1013,-0.66059,-3.3225
-13.906,-0.6047,-3.1707
-20.788,-0.51109,-3.0176
-22.255,-0.40891,-2.8567
-20.208,-0.32154,-2.6915
-17.262,-0.20585,-2.5201
-15.29,-0.095378,-2.3415
-13.451,0.035238,-2.1549
-8.712,0.13311,-1.9636
-2.609,0.25204,-1.7708
1.9662,0.3604,-1.5702
6.1673,0.44701,-1.3728
8.896,0.58594,-1.1672
9.4909,0.63539,-0.96305
9.5631,0.79994,-0.75316
9.7564,0.81845,-0.53859
10.658,1.0037,-0.33128
12.874,1.0239,-0.095716
14.258,0.18952,0.011169
12.55,-0.011437,-0.015304
11.245,0.1249,-0.0093199
9.2587,0.0031313,-0.0095861
4.3672,0.067963,-0.010958
0.61661,0.021055,-0.0074828
-0.58822,0.029097,-0.010557
0.3126,0.027031,-0.0067629
2.4975,0.01295,-0.0089562
5.0209,0.025637,-0.0071978
7.2058,0.0083125,-0.0069167
9.4098,0.020396,-0.0067667
11.936,0.0084699,-0.0059569
13.403,0.0088711,-0.0061556
13.487,0.0058531,-0.005237
11.322,0.0082375,-0.0048246
6.5095,0.010461,-0.0041573
0.61923,0.0061006,-0.0043072
-4.3691,0.011799,-0.00313
-7.0229,0.010416,-0.0016191
-7.2634,0.0051858,-0.00095923
-5.6027,0.0096021,0.00037547
-3.9271,0.0044247,0.0014102
-3.2839,0.001553,0.0016614
-3.4541,0.0048934,0.0025537
-4.3254,0.0027902,0.0026325
-4.8249,0.0080875,0.0038659
-5.0112,-0.0043554,0.0036223
-5.3167,0.012823,0.0041434
-5.8331,-0.0069085,0.0054893
-6.4519,0.0045147,0.0044658
-6.5705,0.0037274,0.0072027
-5.817,-0.014418,0.0042296
-4.5131,0.020478,0.0080725
-3.447,-0.037287,0.0055793
-2.5297,0.041656,0.0069928
-2.3641,-0.05629,0.0088898
-3.2851,0.043043,0.0030711
-4.0946,-0.032885,0.016523
-4.0666,-0.021286,-0.010456
-2.7705,1.5872,0.14163
0.25763,2.2697,0.53715
3.8766,1.8452,0.89311
6.8045,1.9615,1.2304
9.3051,1.8857,1.5633
10.701,1.9138,1.8654
10.956,1.9169,2.1619
10.496,1.9136,2.4339
8.6929,1.9704,2.701
6.2616,1.9546,2.9518
3.7588,2.0157,3.193
1.4217,2.0005,3.423
-0.074427,2.0084,3.6354
-0.61103,2.0306,3.8397
-0.16941,2.0432,4.0334
0.86304,2.0503,4.2178
1.8536,2.034,4.3884
2.0241,2.03,4.5455
1.4221,2.0106,4.6902
0.45769,1.9743,4.8196
-0.91766,1.9293,4.9314
-2.0769,1.9039,5.0271
-3.0237,1.8893,5.1103
-3.6665,1.86,5.1822
-3.8437,1.8306,5.2427
-4.0198,1.7927,5.2907
-4.0621,1.7422,5.3244
-4.0756,1.6934,5.3443
-4.2053,1.6525,5.353
-4.3912,1.6102,5.3514
-4.644,1.5641,5.3391
-4.8661,1.5151,5.3167
-4.8466,1.4612,5.2839
-4.0845,1.4155,5.2423
-2.3682,1.3699,5.1931
-0.10846,1.3133,5.136
2.3076,1.2481,5.0693
4.4876,1.1885,4.9932
5.8951,1.1344,4.9098
6.2945,1.073,4.8184
5.8147,1.0185,4.7199
4.8874,0.9644,4.6165
3.6623,0.88893,4.5056
2.3289,0.81561,4.3848
1.4011,0.76027,4.2587
0.78974,0.69474,4.1276
0.59567,0.64174,3.9916
1.0463,0.58254,3.8544
1.5821,0.49082,3.7085
1.8693,0.42892,3.5549
1.9254,0.37771,3.4018
1.5477,0.29908,3.2441
0.65662,0.21571,3.0783
-0.46931,0.14956,2.908
-1.458,0.045765,2.7315
-2.1427,-0.05295,2.5436
-2.3237,-0.12218,2.3518
-2.0589,-0.22499,2.1543
-1.7732,-0.2978,1.9529
-1.4902,-0.40647,1.7469
-1.3858,-0.47631,1.5375
-1.6139,-0.59746,1.3285
-2.0204,-0.69114,1.1092
-2.661,-0.75993,0.89603
-3.1994,-0.90218,0.66981
-3.3262,-0.88938,0.45328
-3.1336,-1.1687,0.22329
-2.5637,-0.81237,0.0021226
-1.6925,-0.018624,-0.039055
-0.70788,-0.10411,-0.014711
0.32232,-0.10057,-0.027042
0.94082,-0.043285,-0.020297
0.97185,-0.08755,-0.024257
0.76768,-0.033358,-0.023162
0.23632,-0.072239,-0.023151
-0.36386,-0.034329,-0.025126
-0.56803,-0.047372,-0.023394
-0.44313,-0.041542,-0.025696
0.16826,-0.034119,-0.024418
1.139,-0.042288,-0.025925
2.1015,-0.026737,-0.02573
2.8584,-0.036987,-0.025805
3.2136,-0.031326,-0.027008
3.297,-0.029031,-0.026798
3.0861,-0.030441,-0.027391
2.6516,-0.034051,-0.028463
2.1255,-0.029845,-0.03
1.5316,-0.027311,-0.030761
1.1484,-0.030115,-0.031912
0.90492,-0.02361,-0.032958
0.80994,-0.028585,-0.033487
0.86491,-0.022137,-0.034293
0.79423,-0.025091,-0.034413
0.55267,-0.023119,-0.035568
-0.079288,-0.017623,-0.03484
-0.97749,-0.031798,-0.036475
-1.7332,-0.0058888,-0.036228
-2.3016,-0.035843,-0.036644
-2.4714,-0.0076396,-0.038091
-2.3263,-0.025162,-0.035703
-2.0948,-0.02141,-0.040172
-1.6584,0.00076196,-0.03514
-1.2736,-0.058124,-0.041514
-0.98085,0.049634,-0.036366
-0.81071,-0.11189,-0.040056
-0.84025,0.13069,-0.04085
-0.9371,-0.38381,-0.034143
-1.1667,-2.0098,-0.28616
-1.2426,-2.0842,-0.69276
-1.326,-1.8372,-1.0302
-0.99544,-1.9673,-1.3741
-0.04713,-1.8641,-1.6931
0.64092,-1.9459,-1.9929
1.4699,-1.9113,-2.2814
2.0839,-1.9527,-2.55
2.1015,-1.9728,-2.8127
2.2047,-1.9868,-3.0579
2.0701,-2.0284,-3.2972
1.8319,-2.0063,-3.5202
1.7437,-2.0348,-3.7296
1.7093,-2.048,-3.9303
1.6992,-2.0646,-4.1208
1.5664,-2.0601,-4.3008
1.541,-2.0476,-4.4657
1.5552,-2.0437,-4.6182
1.5156,-2.0222,-4.7576
1.3219,-1.9912,-4.8818
0.95465,-1.9532,-4.9889
0.45357,-1.9219,-5.0805
-0.080036,-1.9003,-5.1601
-0.3661,-1.8757,-5.2286
-0.55456,-1.8435,-5.2858
-0.47005,-1.8004,-5.3301
-0.2083,-1.7484,-5.3602
-0.014971,-1.7041,-5.3768
0.12862,-1.6643,-5.3825
0.0127,-1.6172,-5.3779
-0.19857,-1.5668,-5.3622
-0.45921,-1.5183,-5.3363
-0.72732,-1.4686,-5.3012
-0.95916,-1.4209,-5.2573
-1.2052,-1.3745,-5.2055
-1.2527,-1.3155,-5.1453
-1.1622,-1.2542,-5.0755
-0.94346,-1.1928,-4.9969
-0.64356,-1.1319,-4.9097
-0.39527,-1.0853,-4.8165
-0.1638,-1.0256,-4.7182
-0.13201,-0.95142,-4.6111
-0.31823,-0.88473,-4.4958
-0.53624,-0.82636,-4.3746
-0.68582,-0.76076,-4.2486
-0.69666,-0.69271,-4.1158
-0.55531,-0.64893,-3.9793
-0.33768,-0.57214,-3.8398
-0.1107,-0.48508,-3.6898
0.19369,-0.43765,-3.536
0.44946,-0.37225,-3.3822
0.52387,-0.28443,-3.2216
0.56875,-0.20671,-3.053
0.56015,-0.13183,-2.8804
0.44123,-0.019291,-2.6988
0.3283,0.065417,-2.5076
0.22211,0.14916,-2.3131
0.1361,0.23633,-2.112
0.2165,0.32502,-1.9094
0.38402,0.42586,-1.7002
0.51266,0.49578,-1.4924
0.54706,0.64023,-1.2785
0.43151,0.67928,-1.0611
0.21799,0.82542,-0.84492
-0.09462,0.88613,-0.61525
-0.4106,0.96689,-0.40169
-0.66861,1.1596,-0.15593
-0.7707,0.40746,0.0042484
-0.67684,-0.048519,-0.0097323
-0.5785,0.14085,-0.013766
-0.44238,0.022544,-0.0074828
-0.3029,0.061905,-0.013182
-0.15931,0.041585,-0.0073666
-0.0015092,0.024362,-0.011367
-0.02058,0.041555,-0.0078502
-0.087889,0.0097858,-0.0088137
-0.16978,0.036194,-0.0081539
-0.30552,0.01217,-0.0071191
-0.30963,0.020332,-0.0074678
-0.24644,0.01286,-0.0057394
-0.15595,0.0092872,-0.0067404
0.013448,0.016118,-0.0054095
0.16676,0.0084287,-0.0050046
0.19892,0.0070865,-0.0050421
0.11366,0.0024978,-0.0043335
0.032519,0.0076451,-0.0037186
-0.051617,0.0070416,-0.0028301
-0.098733,0.0073527,-0.0018965
-0.083776,0.0084099,-0.00051308
-0.074427,0.0069741,0.00068291
0.050468,0.0027414,0.0011403
0.26997,0.0040273,0.0016689
0.46143,0.0027602,0.0027562
0.62484,-0.0015812,0.002385
0.71309,0.0082187,0.0036335
0.72543,-0.0074184,0.0038435
0.66373,0.0077614,0.0040459
0.49134,-0.0049515,0.0055156
0.29802,0.0013805,0.0041059
0.17088,0.0051933,0.0068315
0.13984,-0.015906,0.0040946
0.15143,0.021067,0.0074726
0.20752,-0.041621,0.0059505
0.28343,0.040771,0.0061005
0.32008,-0.040747,0.0094859
0.33466,0.025959,0.0021001
0.26511,-0.0056488,0.016332
0.23033,-0.069296,-0.0104
0.10506,1.4484,0.11808
0.12114,2.2574,0.50161
0.28455,1.8283,0.85817
0.14844,1.9177,1.1873
0.29802,1.8608,1.5177
0.39748,1.8689,1.8147
0.28418,1.8882,2.1059
0.36719,1.8717,2.3735
0.19256,1.9351,2.6354
0.044485,1.9114,2.8825
-0.10883,1.9385,3.1138
-0.313,1.9456,3.3341
-0.39601,1.9766,3.5434
-0.45397,1.9842,3.7452
-0.32796,1.9693,3.932
-0.20344,1.969,4.1056
-0.028059,1.9541,4.2651
0.076644,1.9231,4.4096
0.1978,1.8867,4.5373
0.36944,1.8612,4.6488
0.38589,1.831,4.7465
0.4876,1.8045,4.8322
0.49994,1.7766,4.906
0.58782,1.7405,4.9668
0.74599,1.6985,5.0148
0.82639,1.652,5.049
0.95428,1.6064,5.0701
1.0074,1.563,5.0808
1.0313,1.511,5.0804
0.92997,1.4583,5.0683
0.76095,1.4187,5.0466
0.57922,1.3797,5.0158
0.40272,1.33,4.977
0.34027,1.2744,4.9301
0.26473,1.2197,4.8731
0.23295,1.1573,4.8066
0.22771,1.0999,4.7315
0.22846,1.042,4.6485
0.21351,0.9824,4.5581
0.063556,0.93713,4.4619
-0.12453,0.86765,4.3592
-0.3919,0.79076,4.2461
-0.72022,0.73764,4.127
-0.98497,0.67151,4.0035
-1.231,0.61636,3.8738
-1.4255,0.56595,3.7425
-1.473,0.47707,3.6043
-1.4419,0.40675,3.4568
-1.3724,0.36157,3.3078
-1.2905,0.28886,3.1564
-1.2015,0.20192,2.9966
-1.0758,0.13582,2.8315
-0.973,0.036486,2.6607
-0.82829,-0.05857,2.4782
-0.67609,-0.13055,2.2913
-0.52091,-0.23098,2.0984
-0.28757,-0.30853,1.902
-0.07181,-0.41229,1.6998
0.11067,-0.47611,1.4954
0.28268,-0.60284,1.2901
0.43787,-0.6799,1.0757
0.54444,-0.76406,0.86742
0.56089,-0.88727,0.64431
0.55304,-0.8917,0.43282
0.53584,-1.1718,0.20119
0.52911,-0.70751,-0.0051845
0.61437,0.01761,-0.028467
0.68878,-0.11879,-0.008585
0.78077,-0.080202,-0.020477
0.89781,-0.048185,-0.013354
0.92212,-0.077184,-0.018325
0.94455,-0.026381,-0.01596
0.90118,-0.065389,-0.017092
0.79685,-0.025207,-0.018048
0.68579,-0.044968,-0.016837
0.46591,-0.037144,-0.019353
0.21537,-0.031506,-0.017872
-0.039277,-0.036923,-0.019274
-0.26925,-0.023427,-0.019116
-0.40798,-0.032184,-0.019499
-0.53288,-0.026013,-0.020339
-0.66263,-0.024525,-0.020522
-0.7449,-0.023693,-0.02107
-0.76621,-0.025519,-0.02125
-0.81221,-0.024859,-0.022048
-0.83801,-0.024758,-0.022899
-0.79388,-0.027146,-0.024073
-0.72134,-0.023618,-0.025175
-0.60392,-0.023494,-0.026045
-0.5138,-0.018133,-0.026262
-0.42069,-0.022186,-0.026776
-0.30589,-0.016971,-0.027889
-0.17614,-0.019097,-0.027612
-0.048999,-0.023134,-0.028891
0.040746,-0.011269,-0.028531
0.14358,-0.026932,-0.02964
0.21537,-0.0039168,-0.029757
0.30213,-0.030838,-0.029674
0.40347,-0.01125,-0.03156
0.47526,-0.018362,-0.029063
0.6024,-0.026587,-0.033543
0.76806,0.0098496,-0.028932
0.88098,-0.058135,-0.033918
1.001,0.049004,-0.030435
1.0336,-0.1027,-0.031579
1.0347,0.10541,-0.036629
1.0519,-0.26298,-0.021643
0.90566,-1.9046,-0.24561
0.9554,-2.1069,-0.64786
0.84471,-1.7922,-0.98244
0.65999,-1.9351,-1.3183
0.8391,-1.8307,-1.6359
0.70411,-1.8976,-1.9297
0.60165,-1.8693,-2.2139
0.54818,-1.9015,-2.4774
0.27371,-1.9345,-2.7372
0.16676,-1.9152,-2.9774
-0.012353,-1.948,-3.2056
-0.15707,-1.9529,-3.422
-0.23634,-1.9897,-3.6299
-0.27748,-1.9817,-3.8274
-0.30627,-1.9749,-4.0092
-0.45659,-1.9686,-4.1785
-0.44949,-1.9507,-4.3336
-0.51007,-1.9264,-4.4739
-0.53587,-1.887,-4.597
-0.50857,-1.8576,-4.7043
-0.50408,-1.8311,-4.798
-0.34815,-1.806,-4.8795
-0.25616,-1.78,-4.9496
-0.051617,-1.7435,-5.0075
0.126,-1.6923,-5.0514
0.22996,-1.6471,-5.0807
0.39412,-1.6099,-5.0984
0.4876,-1.5635,-5.1055
0.56052,-1.5161,-5.101
0.55678,-1.4681,-5.086
0.52986,-1.4201,-5.0614
0.49695,-1.3747,-5.0276
0.48498,-1.3294,-4.986
0.50256,-1.2759,-4.936
0.50929,-1.2154,-4.8763
0.52126,-1.1573,-4.8073
0.50705,-1.0973,-4.7293
0.48237,-1.0486,-4.6444
0.38552,-0.99381,-4.5538
0.30699,-0.92323,-4.455
0.28119,-0.85604,-4.3479
0.1634,-0.79423,-4.234
0.027284,-0.73465,-4.1148
-0.093124,-0.66588,-3.989
-0.23709,-0.61229,-3.8584
-0.34927,-0.54792,-3.7248
-0.44799,-0.4615,-3.5821
-0.56503,-0.40728,-3.4335
-0.68432,-0.35743,-3.2846
-0.81034,-0.27175,-3.1308
-0.9285,-0.18792,-2.968
-1.0235,-0.11924,-2.8006
-1.0497,-0.010946,-2.6255
-1.0138,0.076038,-2.4401
-0.94009,0.16115,-2.2495
-0.83614,0.24479,-2.0535
-0.76771,0.33478,-1.8551
-0.68058,0.43002,-1.6495
-0.55269,0.49918,-1.4464
-0.45846,0.63662,-1.2359
-0.34329,0.67592,-1.0241
-0.25429,0.82326,-0.81085
-0.21204,0.86095,-0.5866
-0.1193,0.98246,-0.37654
-0.023198,1.125,-0.13295
0.12002,0.32482,0.0087774
0.28418,-0.039986,-0.011776
0.41319,0.14171,-0.011686
0.59717,0.013797,-0.0077302
0.68616,0.064079,-0.011813
0.70636,0.032002,-0.0065605
0.80807,0.025479,-0.010621
0.86154,0.035789,-0.0068454
0.89968,0.0092722,-0.0083676
0.91464,0.032988,-0.0072166
0.88285,0.0077651,-0.0065267
0.86378,0.020268,-0.0069129
0.78077,0.01352,-0.005537
0.68654,0.0099208,-0.0061593
0.56837,0.0098908,-0.0051171
0.42216,0.0044097,-0.0046559
0.29428,0.0090398,-0.0041085
0.12638,0.0045597,-0.0038873
-0.035911,0.0076601,-0.0031862
-0.16417,0.0079563,-0.0025564
-0.22325,0.00817,-0.0019003
-0.2584,0.0079001,-0.00032562
-0.29206,0.0048334,0.00051794
-0.29879,0.0039111,0.001324
-0.35638,0.0032925,0.0016164
-0.41471,0.0071803,0.0026287
-0.47791,-0.0037706,0.0031236
-0.55082,0.0053395,0.0031499
-0.59944,0.00039831,0.0044808
-0.61701,-0.0023272,0.0037497
-0.54858,0.0089086,0.0056618
-0.4637,-0.011006,0.0046083
-0.37956,0.015717,0.0058905
-0.24569,-0.020079,0.0061942
-0.096489,0.015994,0.0053694
0.042242,-0.010729,0.0086986
0.17649,-0.0047078,0.0038622
0.28381,0.022461,0.011282
0.37804,-0.057674,0.0029736
0.41394,0.096785,0.012527
0.47676,-0.18559,0.0031536
0.55828,0.62568,0.022743
0.61063,2.1562,0.32144
0.84546,1.9978,0.71407
0.92623,1.8211,1.0392
0.94007,1.9088,1.3774
1.0463,1.8259,1.6844
0.89893,1.8968,1.9787
0.85556,1.844,2.2562
0.83649,1.9042,2.5182
0.69102,1.9071,2.7739
0.67382,1.9051,3.009
0.60913,1.9328,3.2343
0.52799,1.9431,3.4475
0.50032,1.9692,3.6535
0.48386,1.9542,3.8465
0.37991,1.9513,4.0246
0.23557,1.942,4.1906
0.10955,1.9205,4.3418
-0.099481,1.8832,4.4766
-0.25467,1.845,4.5934
-0.41135,1.8189,4.6952
-0.45846,1.7917,4.785
-0.44874,1.7603,4.8633
-0.40574,1.7311,4.9291
-0.19484,1.6933,4.9822
-0.1193,1.6421,5.0212
-0.023198,1.5992,5.0464
0.053834,1.56,5.0609
0.029154,1.5151,5.0654
0.023545,1.4631,5.0582
-0.094994,1.4121,5.0394
-0.14772,1.3703,5.0116
-0.19184,1.3222,4.9758
-0.21316,1.2728,4.9318
-0.086767,1.2236,4.8793
0.017562,1.1619,4.8169
0.14208,1.1023,4.7454
0.25539,1.0447,4.6653
0.29951,0.98786,4.5772
0.32419,0.93914,4.4837
0.3197,0.87033,4.3836
0.28231,0.79285,4.2737
0.21463,0.74025,4.1567
0.15966,0.67604,4.0347
0.10432,0.60948,3.9063
0.0744,0.56665,3.7758
0.054208,0.49177,3.6407
-0.0030049,0.41012,3.4952
-0.061713,0.36308,3.3463
-0.18586,0.29933,3.1962
-0.31973,0.21285,3.039
-0.46071,0.14607,2.8755
-0.61664,0.058707,2.7079
-0.69329,-0.043878,2.5296
-0.73331,-0.11625,2.3445
-0.71424,-0.21113,2.1533
-0.63683,-0.28458,1.9571
-0.54746,-0.39197,1.7568
-0.47566,-0.46965,1.5512
-0.4091,-0.57049,1.3478
-0.37433,-0.67964,1.1336
-0.38592,-0.72649,0.92424
-0.38891,-0.88389,0.70475
-0.41546,-0.86368,0.48796
-0.41995,-1.1067,0.26894
-0.35077,-0.94159,0.036266
-0.22924,-0.089278,-0.036018
-0.12491,-0.055364,-0.0078802
0.012327,-0.12435,-0.018655
0.20939,-0.028274,-0.014299
0.33354,-0.087389,-0.015892
0.45283,-0.026707,-0.016867
0.54481,-0.060291,-0.015067
0.5867,-0.038389,-0.017995
0.64615,-0.036477,-0.015731
0.64914,-0.040728,-0.01819
0.66859,-0.026332,-0.017276
0.69327,-0.039799,-0.018108
0.67345,-0.023179,-0.01867
0.63755,-0.02806,-0.018382
0.55528,-0.026722,-0.019566
0.48536,-0.024675,-0.019795
0.37093,-0.022853,-0.020174
0.24753,-0.022812,-0.020459
0.17611,-0.026103,-0.021047
0.082627,-0.02529,-0.021692
0.050468,-0.026238,-0.023057
0.037754,-0.025845,-0.024204
0.03065,-0.02472,-0.02486
0.084123,-0.017582,-0.025528
0.074026,-0.020499,-0.025929
0.032145,-0.021338,-0.027155
-0.0041267,-0.012015,-0.026896
-0.11481,-0.02589,-0.027717
-0.22251,-0.013113,-0.028249
-0.28009,-0.022564,-0.028051
-0.34628,-0.017102,-0.029832
-0.35862,-0.016641,-0.028216
-0.34067,-0.026688,-0.030926
-0.30739,0.0031876,-0.028823
-0.22475,-0.042277,-0.031035
-0.13089,0.019207,-0.030836
-0.039651,-0.046682,-0.029258
0.040746,0.011334,-0.034758
0.11441,-0.016967,-0.025516
0.12339,-0.051645,-0.040554
0.215,0.1234,-0.015746
0.22398,-1.2405,-0.11054
0.29128,-2.2402,-0.47903
0.522,-1.8272,-0.84564
0.47564,-1.8933,-1.172
0.70187,-1.8683,-1.5059
0.88173,-1.8489,-1.8032
0.77703,-1.8887,-2.0947
0.91913,-1.8573,-2.3641
0.75721,-1.9286,-2.6262
0.5923,-1.8988,-2.875
0.61474,-1.9231,-3.1058
0.53696,-1.9365,-3.3276
0.53958,-1.9609,-3.5383
0.55229,-1.9696,-3.7408
0.61362,-1.9543,-3.9278
0.55379,-1.9572,-4.1019
0.48424,-1.9384,-4.2625
0.40833,-1.9217,-4.4089
0.24903,-1.8838,-4.5392
0.15106,-1.8471,-4.6515
0.014196,-1.8196,-4.7495
-0.042268,-1.794,-4.835
-0.10472,-1.773,-4.9097
-0.053861,-1.7352,-4.9726
0.039998,-1.6871,-5.0214
0.046355,-1.6387,-5.0556
0.1275,-1.597,-5.0771
0.10656,-1.5598,-5.0883
0.045233,-1.5136,-5.0891
-0.056852,-1.4628,-5.079
-0.16492,-1.4134,-5.0581
-0.23036,-1.3671,-5.0272
-0.28869,-1.3228,-4.9881
-0.27261,-1.2726,-4.9415
-0.24233,-1.2137,-4.8854
-0.16081,-1.1549,-4.8193
-0.11107,-1.0966,-4.7447
-0.07854,-1.0446,-4.6621
-0.040773,-0.994,-4.5736
-0.072557,-0.9275,-4.478
-0.08228,-0.86038,-4.3743
-0.12865,-0.79824,-4.2628
-0.21017,-0.73813,-4.1446
-0.22812,-0.67443,-4.0212
-0.181,-0.61712,-3.8922
-0.14996,-0.55733,-3.76
-0.12416,-0.46951,-3.6205
-0.10846,-0.40711,-3.4726
-0.16455,-0.36192,-3.3241
-0.2154,-0.28072,-3.1724
-0.2872,-0.19785,-3.0111
-0.36946,-0.13276,-2.8455
-0.41957,-0.034917,-2.674
-0.43004,0.058358,-2.4915
-0.39601,0.14417,-2.3038
-0.36909,0.22551,-2.1089
-0.26663,0.30496,-1.912
-0.15819,0.41906,-1.7083
-0.092002,0.47842,-1.5038
-0.0045007,0.61023,-1.2966
0.0063435,0.67034,-1.0819
0.0070914,0.7854,-0.87173
-0.02245,0.88212,-0.64586
-0.057974,0.904,-0.43556
-0.016841,1.1746,-0.19918
-0.0074922,0.5853,-0.0084426
0.080757,-0.053063,-0.0018178
0.16788,0.11979,-0.016042
0.22248,0.042953,-0.0055182
0.3111,0.042878,-0.012653
0.30362,0.054973,-0.0067554
0.34064,0.013801,-0.0099085
0.36607,0.047677,-0.0078914
0.35186,0.0083575,-0.007659
0.37206,0.029048,-0.0081876
0.3126,0.014165,-0.0062381
0.28867,0.015484,-0.0071641
0.29016,0.018165,-0.0055407
0.29166,0.0088673,-0.0059044
0.29465,0.014768,-0.0051658
0.23183,0.0096584,-0.0045472
0.17424,0.0073752,-0.0041798
0.11441,0.0019466,-0.0038723
0.054208,0.0072028,-0.0034187
0.0074654,0.0070528,-0.0026276
0.0040999,0.0062243,-0.0021177
0.023171,0.010498,-0.00041935
0.035511,0.0050846,0.00052544
0.09908,0.0041286,0.0010691
0.1376,0.0028914,0.0017177
0.13012,0.0058981,0.0021901
0.1346,0.00011338,0.0031199
0.11591,0.0015343,0.0029736
0.071783,0.0056544,0.0044058
0.038128,-0.010658,0.0041809
-0.0045007,0.011075,0.0050432
-0.026563,-0.01032,0.0053994
-0.024319,0.0075664,0.0048295
-0.022824,-0.0045204,0.0072739
0.034763,-0.0039768,0.0044171
0.066922,0.017524,0.0088036
0.089358,-0.033643,0.004927
0.11479,0.047186,0.0086349
0.10544,-0.063818,0.0075664
0.094219,0.069747,0.0052719
0.060565,-0.083666,0.014454
0.082627,0.12329,-0.0072841
0.084871,1.7811,0.18455
0.18471,2.1753,0.58307
0.27259,1.7887,0.92268
0.23258,1.9173,1.2556
0.37056,1.8234,1.5775
0.35186,1.8724,1.8725
0.26698,1.8482,2.159
0.3485,1.8709,2.4227
0.28306,1.9133,2.6835
0.27633,1.8822,2.9254
0.35261,1.9205,3.1535
0.37019,1.9254,3.3717
0.42815,1.9537,3.5803
0.52612,1.9485,3.7786
0.568,1.9324,3.9609
0.50929,1.9295,4.1307
0.47414,1.9053,4.2869
0.39,1.8663,4.427
0.27857,1.8379,4.5491
0.22846,1.8082,4.656
0.17462,1.7876,4.7502
0.11479,1.7515,4.8328
0.12974,1.7062,4.9029
0.24005,1.6908,4.9601
0.29802,1.6452,5.0043
0.35261,1.5904,5.0336
0.37953,1.5501,5.0514
0.32232,1.5079,5.0594
0.23108,1.4593,5.0556
0.092723,1.4093,5.0408
-0.044138,1.3685,5.0169
-0.16118,1.3207,4.9844
-0.21353,1.2707,4.9431
-0.23709,1.2192,4.8933
-0.20792,1.1617,4.8338
-0.1709,1.1043,4.7645
-0.19895,1.0416,4.6868
-0.19297,0.98553,4.6013
-0.24307,0.93732,4.5096
-0.28907,0.8722,4.4117
-0.29655,0.79914,4.3047
-0.34291,0.74446,4.1898
-0.37507,0.68705,4.0702
-0.3646,0.61948,3.9442
-0.34441,0.5747,3.8144
-0.3115,0.50591,3.6819
-0.24195,0.41974,3.5395
-0.2614,0.36793,3.3912
-0.28832,0.3105,3.2423
-0.31599,0.2285,3.0876
-0.39489,0.15191,2.9253
-0.43079,0.080192,2.7587
-0.4536,-0.023843,2.5825
-0.39901,-0.10439,2.3983
-0.32272,-0.19142,2.2096
-0.23372,-0.27178,2.0144
-0.11145,-0.36345,1.817
-0.060217,-0.4543,1.6126
0.025788,-0.52752,1.4099
0.094593,-0.66511,1.1984
0.095715,-0.69997,0.98721
0.11179,-0.85328,0.77325
0.067669,-0.87614,0.54993
0.040746,-1.0103,0.33877
0.047477,-1.1159,0.095934
0.087862,-0.2945,-0.034945
0.17873,0.013981,-0.012188
0.21724,-0.15606,-0.014164
0.28717,-0.027888,-0.016762
0.31484,-0.086328,-0.013279
0.26586,-0.045043,-0.017512
0.26735,-0.045385,-0.014044
0.24492,-0.051915,-0.017718
0.27446,-0.026021,-0.015738
0.30101,-0.046839,-0.017107
0.24342,-0.024761,-0.017362
0.2681,-0.036616,-0.017204
0.26025,-0.027461,-0.01855
0.19743,-0.027431,-0.017935
0.19219,-0.028072,-0.018835
0.14134,-0.024375,-0.019101
0.069539,-0.02532,-0.019548
0.025414,-0.022418,-0.019784
-0.043764,-0.026696,-0.020481
-0.08415,-0.02189,-0.02122
-0.059844,-0.025545,-0.021992
-0.013849,-0.028582,-0.023375
0.019057,-0.022992,-0.024178
0.054956,-0.022013,-0.024759
0.1189,-0.020232,-0.025063
0.11666,-0.024619,-0.026172
0.069539,-0.015276,-0.026585
0.055703,-0.021458,-0.026566
0.0089611,-0.019014,-0.027927
0.003726,-0.014178,-0.027207
0.01644,-0.024244,-0.029119
0.00073447,-0.0077558,-0.028118
0.022423,-0.033609,-0.029254
0.048225,0.0031688,-0.029832
0.087114,-0.031543,-0.028336
0.1275,-0.0065749,-0.032306
0.15143,-0.0063986,-0.027166
0.13199,-0.042307,-0.034237
0.13535,0.045986,-0.026795
0.11404,-0.11492,-0.034698
0.13535,0.16204,-0.028561
0.1462,-0.57587,-0.039197
0.10544,-2.1073,-0.32354
0.30475,-1.9852,-0.71931
0.26025,-1.813,-1.0461
0.29689,-1.9119,-1.3842
0.57211,-1.8139,-1.6922
0.44834,-1.8917,-1.9856
0.522,-1.8467,-2.2643
0.52948,-1.9037,-2.527
0.3384,-1.9012,-2.7836
0.39487,-1.898,-3.0186
0.33915,-1.9296,-3.2448
0.34438,-1.9371,-3.4595
0.40758,-1.9644,-3.6659
0.47227,-1.9451,-3.8594
0.50106,-1.9449,-4.0376
0.39374,-1.9299,-4.2029
0.36532,-1.9042,-4.3524
0.25987,-1.8772,-4.4867
0.12526,-1.84,-4.6046
0.068791,-1.811,-4.7079
0.069165,-1.7835,-4.7981
0.068791,-1.7584,-4.876
0.1189,-1.729,-4.9426
0.23856,-1.6881,-4.9963
0.29802,-1.6384,-5.0356
0.36345,-1.5925,-5.0616
0.32756,-1.5514,-5.076
0.26922,-1.5067,-5.0797
0.18471,-1.4579,-5.0726
0.055703,-1.4101,-5.0545
0.0018563,-1.3704,-5.0271
-0.086019,-1.3262,-4.992
-0.094994,-1.2738,-4.9486
-0.074053,-1.2153,-4.8954
-0.062835,-1.1556,-4.8324
-0.025441,-1.099,-4.7607
-0.060217,-1.0401,-4.6804
-0.098733,-0.9879,-4.5932
-0.16417,-0.93412,-4.5
-0.24233,-0.86593,-4.3991
-0.28009,-0.79543,-4.2894
-0.31898,-0.74321,-4.173
-0.32609,-0.68184,-4.0521
-0.29094,-0.61608,-3.925
-0.27822,-0.56522,-3.7943
-0.26177,-0.48497,-3.6577
-0.25018,-0.41657,-3.5117
-0.2943,-0.37132,-3.3642
-0.33469,-0.29917,-3.215
-0.38068,-0.21361,-3.057
-0.42668,-0.14409,-2.8926
-0.44463,-0.053482,-2.7228
-0.43752,0.045458,-2.5413
-0.36984,0.12666,-2.354
-0.3044,0.22041,-2.1611
-0.22886,0.2867,-1.9644
-0.10247,0.39682,-1.7631
-0.04526,0.46063,-1.5576
0.0074654,0.57209,-1.3538
0.022797,0.66981,-1.1402
-0.012727,0.73168,-0.93169
0.024667,0.8813,-0.70916
0.00073447,0.85455,-0.49441
0.033641,1.1363,-0.26922
0.11292,0.84444,-0.042886
0.14844,0.012185,0.0080463
0.2236,0.0695,-0.018112
0.26174,0.089748,-0.0056532
0.33167,0.018037,-0.011532
0.32943,0.071367,-0.0080377
0.31596,0.010603,-0.0084276
0.35859,0.045619,-0.0088775
0.31073,0.011522,-0.0065567
0.3298,0.024906,-0.00851
0.32943,0.02353,-0.0060543
0.30362,0.010911,-0.0070441
0.33204,0.022319,-0.0057544
0.30101,0.0064005,-0.0056194
0.27633,0.014881,-0.0054695
0.21126,0.0096846,-0.0045359
0.10132,0.0065129,-0.004416
0.017562,0.005362,-0.0038461
-0.036285,0.0040498,-0.0034037
-0.042642,0.0058006,-0.0026201
-0.040399,0.0065204,-0.0018028
-0.012353,0.0059731,-0.00042685
0.009709,0.0066929,0.0004617
0.040746,0.0077989,0.0014065
0.070287,0.0010731,0.0018826
0.055703,0.0064605,0.0024338
0.059443,-0.00021653,0.0034985
0.011205,0.0037012,0.0033036
-0.04339,0.0054782,0.004537
-0.054234,-0.0056751,0.0039334
-0.06807,0.013359,0.0053394
-0.051617,-0.013406,0.0054368
-0.022824,0.013711,0.0052869
0.02691,-0.010819,0.0072102
0.082253,-0.0032307,0.0047545
0.10843,0.0086761,0.0092085
0.13872,-0.026595,0.0044733
0.11927,0.044498,0.0098684
0.12264,-0.06828,0.006033
0.14433,0.086802,0.0071877
0.14769,-0.12357,0.012088
0.18733,0.25561,-0.0024814
0.172,1.9285,0.22327
0.32643,2.1276,0.62491
0.38552,1.7902,0.95925
0.3399,1.9227,1.2962
0.51976,1.8208,1.6151
0.41655,1.8887,1.9111
0.33653,1.8516,2.1965
0.39524,1.8753,2.4608
0.26885,1.9126,2.7216
0.30175,1.8975,2.9636
0.36869,1.9219,3.1935
0.38851,1.9236,3.4104
0.43824,1.96,3.6194
0.50966,1.9535,3.8188
0.52761,1.9425,4.0031
0.43712,1.9295,4.1746
0.36944,1.9173,4.3316
0.23594,1.8849,4.4744
0.15966,1.8385,4.5987
0.088984,1.8158,4.7066
0.027284,1.7878,4.8018
0.026162,1.7604,4.8847
0.039998,1.7282,4.9558
0.19443,1.6935,5.015
0.26997,1.6521,5.0607
0.34438,1.6005,5.0922
0.35972,1.5582,5.1119
0.28119,1.519,5.121
0.2236,1.4697,5.1187
0.050842,1.4196,5.1049
-0.028433,1.3794,5.0815
-0.095742,1.3305,5.0497
-0.16492,1.2828,5.0095
-0.12304,1.2386,4.961
-0.10958,1.1775,4.9034
-0.093498,1.1189,4.8359
-0.081532,1.0589,4.7593
-0.092376,0.99943,4.675
-0.15295,0.94849,4.584
-0.20605,0.88912,4.4866
-0.22662,0.82123,4.3812
-0.28047,0.7526,4.2671
-0.31263,0.6952,4.1473
-0.30216,0.63391,4.0217
-0.26401,0.58229,3.8914
-0.23186,0.52857,3.7592
-0.21877,0.4415,3.6189
-0.23186,0.37798,3.4708
-0.27822,0.33169,3.3216
-0.34142,0.2531,3.1688
-0.39901,0.16724,3.0076
-0.44949,0.10399,2.8411
-0.46444,0.0066142,2.6682
-0.41359,-0.085919,2.4843
-0.3575,-0.16589,2.2953
-0.27037,-0.25592,2.0995
-0.16006,-0.32682,1.9015
-0.096489,-0.43653,1.6978
-0.022076,-0.49988,1.4919
0.038128,-0.62956,1.284
0.013448,-0.69072,1.0691
-0.014597,-0.78803,0.85949
-0.032172,-0.90122,0.63369
-0.054234,-0.9063,0.42239
-0.038529,-1.1826,0.18793
0.022423,-0.6574,-0.011524
0.12825,0.025146,-0.026015
0.16676,-0.12841,-0.0089487
0.21575,-0.072644,-0.020376
0.27034,-0.058364,-0.012837
0.21724,-0.075234,-0.018344
0.23183,-0.031663,-0.015476
0.24305,-0.06389,-0.017114
0.22809,-0.025635,-0.017823
0.27296,-0.048204,-0.016683
0.28156,-0.03452,-0.018847
0.29353,-0.034816,-0.017699
0.29016,-0.034557,-0.019173
0.27221,-0.022148,-0.018775
0.25127,-0.03145,-0.019341
0.18247,-0.027352,-0.020222
0.12114,-0.025511,-0.020234
0.061686,-0.024551,-0.020357
0.009709,-0.028859,-0.021089
-0.0037528,-0.023787,-0.022048
0.039998,-0.024709,-0.022824
0.083375,-0.026328,-0.0242
0.12301,-0.023157,-0.025059
0.18172,-0.021646,-0.025887
0.16489,-0.017916,-0.025977
0.15891,-0.023239,-0.027263
0.14657,-0.01723,-0.027578
0.089732,-0.022786,-0.027496
0.056825,-0.014377,-0.028951
-0.011605,-0.020038,-0.028193
-0.034042,-0.023284,-0.030053
-0.011605,-0.0053639,-0.028703
-0.025815,-0.033759,-0.030656
0.013074,0.0044997,-0.030221
0.021675,-0.036559,-0.0297
0.0127,0.0013393,-0.033003
0.050468,-0.020307,-0.028437
0.040372,-0.026767,-0.035744
0.057947,0.031196,-0.026697
0.017562,-0.10534,-0.038035
0.03925,0.17754,-0.024871
0.054208,-0.78142,-0.057609
0.025788,-2.1859,-0.37453
0.21911,-1.9267,-0.76443
0.1877,-1.8383,-1.0907
0.30026,-1.9015,-1.4297
0.57211,-1.8257,-1.7347
0.44423,-1.896,-2.0292
0.51939,-1.8429,-2.3057
0.52874,-1.9101,-2.5685
0.36084,-1.9058,-2.8244
0.40608,-1.9133,-3.0607
0.37916,-1.9306,-3.2868
0.41094,-1.9424,-3.5005
0.49695,-1.9691,-3.7074
0.57099,-1.9532,-3.9013
0.56127,-1.9542,-4.0812
0.47564,-1.9392,-4.248
0.42628,-1.9225,-4.4001
0.2939,-1.8921,-4.5377
0.21911,-1.8495,-4.6574
0.13348,-1.8184,-4.7612
0.075896,-1.7927,-4.8516
0.097584,-1.77,-4.9307
0.1877,-1.7404,-4.9992
0.3025,-1.6988,-5.0549
0.32868,-1.6486,-5.0962
0.37766,-1.6014,-5.1233
0.30437,-1.5637,-5.1388
0.21238,-1.5241,-5.1445
0.12825,-1.4733,-5.1395
-0.040025,-1.4213,-5.1227
-0.09462,-1.3764,-5.0958
-0.17165,-1.3323,-5.0606
-0.23859,-1.2852,-5.0173
-0.20269,-1.2304,-4.9654
-0.18324,-1.1725,-4.904
-0.15482,-1.1199,-4.8336
-0.12379,-1.0581,-4.7547
-0.13052,-0.99926,-4.6682
-0.19184,-0.95556,-4.5759
-0.24457,-0.88994,-4.4771
-0.29131,-0.81074,-4.369
-0.33319,-0.75588,-4.2529
-0.33207,-0.69608,-4.1321
-0.30664,-0.62984,-4.0048
-0.2599,-0.58038,-3.8733
-0.22438,-0.50459,-3.7379
-0.20344,-0.42386,-3.5928
-0.20493,-0.37799,-3.4437
-0.22138,-0.3209,-3.2941
-0.25392,-0.23312,-3.1378
-0.29729,-0.16224,-2.9738
-0.32983,-0.088746,-2.8062
-0.32796,0.020977,-2.6284
-0.2771,0.10028,-2.4416
-0.2255,0.19582,-2.2498
-0.12453,0.27202,-2.0513
-0.0071182,0.36267,-1.8513
0.032519,0.45009,-1.6442
0.064304,0.52173,-1.4398
0.062434,0.66116,-1.2273
0.0044739,0.69295,-1.0145
-0.038155,0.85006,-0.7981
-0.070688,0.87013,-0.57441
-0.064705,1.021,-0.36141
-0.042642,1.1053,-0.11619
-1.3407e-05,0.2615,0.010802
0.064678,-0.024626,-0.013504
0.12264,0.1388,-0.010156
0.21463,0.011342,-0.0081651
0.24155,0.067839,-0.011082
0.24192,0.02537,-0.0067442
0.2595,0.033213,-0.010373
0.23258,0.033682,-0.006403
0.22734,0.012181,-0.0083038
0.215,0.032535,-0.0069092
0.19107,0.0071803,-0.0065642
0.21463,0.020658,-0.006643
0.24679,0.006168,-0.0053158
0.24043,0.0089348,-0.0056982
0.19743,0.015072,-0.0045322
0.15405,0.0012493,-0.0044535
0.11553,0.002674,-0.0041235
0.090106,0.0059543,-0.0036361
0.075896,0.0061718,-0.0030625
0.073652,0.0029739,-0.0023089
0.12638,0.0075814,-0.0011242
0.14134,0.0076114,0.00013928
0.17125,0.0028539,0.00095285
0.23781,0.0010881,0.0019576
0.22173,0.0045635,0.0021151
0.21724,0.0077389,0.0031124
0.18546,-0.0012138,0.0033261
0.10619,0.0085899,0.0038772
0.040746,-0.0042055,0.0047957
-0.040773,0.0052495,0.0045221
-0.08228,-0.00035524,0.0060817
-0.085271,-0.0033657,0.0046345
-0.063583,0.013779,0.0073077
-0.02058,-0.024855,0.0055531
0.0014823,0.022645,0.0069553
0.057573,-0.032488,0.0076451
0.066548,0.026484,0.0055118
0.054582,-0.020431,0.011413
0.097958,-0.012285,0.0019464
0.02504,0.05266,0.016711
0.02878,-0.16354,-0.0063093
0.03925,1.1451,0.073267
0.068417,2.2688,0.43199
0.2251,1.8543,0.80378
0.16901,1.875,1.1294
0.30362,1.8719,1.4657
0.40347,1.8275,1.7662
0.23856,1.8745,2.0596
0.33541,1.8372,2.3312
0.30662,1.9034,2.594
0.26548,1.8822,2.8451
0.37542,1.8968,3.0778
0.38103,1.9105,3.3008
0.46068,1.9329,3.5125
0.54743,1.9408,3.7171
0.62334,1.9295,3.9069
0.58071,1.9277,4.0831
0.49994,1.9104,4.2462
0.44198,1.8885,4.3951
0.32531,1.8339,4.5265
0.24379,1.8035,4.64
0.12937,1.7835,4.74
0.080383,1.7508,4.8274
0.06393,1.7304,4.9034
0.15891,1.6961,4.9679
0.26847,1.6495,5.0193
0.31746,1.6008,5.0557
0.39487,1.5608,5.0791
0.34476,1.5198,5.0925
0.27221,1.4648,5.0946
0.12152,1.4204,5.0853
-0.025067,1.3767,5.066
-0.1092,1.3279,5.0371
-0.22475,1.2823,4.9991
-0.24158,1.2332,4.9535
-0.25167,1.1784,4.8995
-0.23597,1.1133,4.835
-0.20493,1.0563,4.761
-0.21054,1.0008,4.6794
-0.20381,0.94085,4.5912
-0.25018,0.89407,4.4962
-0.28795,0.83299,4.3943
-0.32571,0.76151,4.2842
-0.37507,0.70173,4.1665
-0.36722,0.63882,4.043
-0.31898,0.58342,3.914
-0.26588,0.52977,3.7828
-0.2068,0.45057,3.6455
-0.16006,0.37885,3.4988
-0.18511,0.33445,3.35
-0.22587,0.2682,3.1996
-0.26514,0.1738,3.0409
-0.32459,0.11169,2.8754
-0.35712,0.031639,2.7056
-0.33357,-0.070623,2.5253
-0.28982,-0.1516,2.3384
-0.24831,-0.24486,2.1451
-0.13314,-0.30654,1.9484
-0.012727,-0.41762,1.7471
0.059443,-0.49123,1.5406
0.12413,-0.59598,1.3356
0.11815,-0.69046,1.1203
0.091601,-0.74912,0.91089
0.035885,-0.90304,0.68793
-0.018336,-0.87784,0.47201
-0.0048746,-1.1434,0.24852
-0.019832,-0.87311,0.021348
0.042989,-0.041898,-0.033296
0.10506,-0.081623,-0.0067142
0.12301,-0.10925,-0.018888
0.20864,-0.033571,-0.012773
0.19406,-0.086193,-0.015877
0.19369,-0.024338,-0.015821
0.21911,-0.06158,-0.014925
0.16938,-0.03112,-0.017343
0.17761,-0.039975,-0.015244
0.17836,-0.039806,-0.017696
0.18359,-0.028567,-0.016751
0.21724,-0.038775,-0.017812
0.22285,-0.023239,-0.018108
0.24005,-0.031311,-0.018213
0.20827,-0.026246,-0.019146
0.1376,-0.02583,-0.019274
0.088984,-0.025834,-0.019608
0.051216,-0.024454,-0.020039
0.025788,-0.024413,-0.020871
0.04112,-0.024619,-0.021321
0.060939,-0.0261,-0.022674
0.080009,-0.020859,-0.0239
0.15854,-0.022159,-0.024467
0.1907,-0.021803,-0.025006
0.19743,-0.023554,-0.025801
0.20042,-0.020105,-0.026566
0.15181,-0.019501,-0.026075
0.10731,-0.023205,-0.027477
0.032893,-0.010204,-0.027196
-0.014597,-0.028589,-0.028152
-0.017962,-0.0065973,-0.029018
-0.035911,-0.022467,-0.027916
-0.022076,-0.015509,-0.030833
0.019057,-0.0076433,-0.027919
0.037754,-0.035817,-0.03192
0.074026,0.018555,-0.028726
0.062808,-0.062799,-0.031031
0.068791,0.042811,-0.031654
0.067669,-0.072437,-0.027496
0.013074,0.038305,-0.039013
0.048599,-0.059245,-0.013886
-0.035538,-1.6622,-0.18298
0.082253,-2.1796,-0.5791
0.20191,-1.7779,-0.92602
0.12526,-1.9143,-1.2582
0.44123,-1.8267,-1.5828
0.49209,-1.8664,-1.878
0.45245,-1.8591,-2.1666
0.60165,-1.8614,-2.4319
0.39711,-1.9137,-2.6938
0.38365,-1.8817,-2.938
0.39636,-1.915,-3.1677
0.34999,-1.9199,-3.3872
0.49134,-1.9493,-3.5972
0.55267,-1.9466,-3.7976
0.61025,-1.9355,-3.9825
0.53135,-1.9302,-4.1546
0.48199,-1.9077,-4.3118
0.40907,-1.8864,-4.455
0.28455,-1.8481,-4.5819
0.22173,-1.8136,-4.6921
0.11179,-1.7838,-4.7883
0.13012,-1.759,-4.8721
0.13423,-1.7334,-4.9447
0.24753,-1.6953,-5.0052
0.347,-1.6496,-5.052
0.35411,-1.5992,-5.0844
0.4188,-1.5578,-5.1044
0.32456,-1.5205,-5.1143
0.22958,-1.4707,-5.1136
0.10432,-1.4206,-5.101
-0.044512,-1.3751,-5.0783
-0.13014,-1.3289,-5.0469
-0.23485,-1.2803,-5.0067
-0.24719,-1.2298,-4.9581
-0.21615,-1.1755,-4.9001
-0.18885,-1.1153,-4.8326
-0.18586,-1.057,-4.7564
-0.18885,-1.0014,-4.672
-0.20568,-0.95271,-4.582
-0.25317,-0.89621,-4.4865
-0.2584,-0.81872,-4.3815
-0.32908,-0.75815,-4.2681
-0.35675,-0.7049,-4.1504
-0.30851,-0.63455,-4.0262
-0.28795,-0.58231,-3.8965
-0.23559,-0.52132,-3.7638
-0.19334,-0.43534,-3.6222
-0.14697,-0.3792,-3.4739
-0.15931,-0.33453,-3.3254
-0.22026,-0.25202,-3.1722
-0.25541,-0.1685,-3.0104
-0.31599,-0.10373,-2.8439
-0.31711,0.0034088,-2.6688
-0.25691,0.090551,-2.4836
-0.21952,0.17178,-2.2944
-0.1264,0.25512,-2.0978
0.0011084,0.33402,-1.8998
0.063556,0.43987,-1.6945
0.11329,0.49715,-1.4897
0.15106,0.63694,-1.2812
0.14171,0.68901,-1.0665
0.10805,0.81138,-0.85464
0.051216,0.89045,-0.62828
0.018684,0.94146,-0.4172
0.0078393,1.1736,-0.17573
0.0026042,0.49341,-0.00023939
0.069913,-0.056437,-0.0051021
0.11815,0.13191,-0.014284
0.17462,0.031538,-0.0059381
0.22098,0.051827,-0.012289
0.17462,0.044569,-0.0063468
0.20266,0.017685,-0.010103
0.1892,0.044539,-0.0070066
0.16602,0.00826,-0.0074003
0.19294,0.031999,-0.0073291
0.16938,0.0077464,-0.0057919
0.18247,0.017914,-0.0067404
0.18396,0.011885,-0.0051021
0.20042,0.0011744,-0.0057657
0.18845,0.015619,-0.0048659
0.14919,0.0082975,-0.0041985
0.11516,0.0064642,-0.0039661
0.042242,0.0058306,-0.0033175
0.019057,0.0082787,-0.0028826
0.0059696,0.0063817,-0.0024626
0.031397,0.0053732,-0.002189
0.087114,0.0067529,-0.0015516
0.1432,0.0040798,-0.0011879
0.19817,0.00015462,-0.0012292
0.24043,-0.00066641,-0.0011917
0.25576,0.00079195,-0.0011467
0.19705,-0.00017154,-0.00094048
0.16489,-0.0024884,-0.00086175
0.094593,-0.0033545,-0.00099297
0.035511,-0.002316,-0.0010117
0.027284,-0.0021398,-0.00098922
-0.029555,-0.0055064,-0.00083926
-0.032546,-0.0076058,-0.0008805
-0.020954,-0.0056826,-0.0008505
0.0055957,-0.004243,-0.00073428
0.046355,-0.0029496,-0.00083551
