0.051964,-0.024304,-0.00031812
0.052338,-0.02604,-0.00048683
0.057199,-0.017597,-0.00023189
0.035885,-0.015827,0.0004917
0.048225,-0.016588,0.00064541
0.069165,-0.013068,0.0010391
0.054956,-0.016004,0.001429
0.056077,-0.018287,0.001414
0.06393,-0.01597,0.0018414
0.056077,-0.02063,0.001594
0.036259,-0.0091504,0.0022088
0.04972,-0.029523,0.0021001
0.061686,-0.010129,0.0022201
0.040746,-0.024034,0.0028012
0.042242,-0.023213,0.0018864
0.057947,0.0046234,0.0036935
0.053086,-0.048301,0.0017139
0.034015,0.0076189,0.0034573
0.048972,-0.065768,0.0020888
0.052712,0.038889,0.00258
0.033267,-0.058784,0.0039147
0.060565,-0.021946,-0.00072303
0.053086,0.017273,0.0077351
0.056451,-0.21381,-0.0087313
0.050468,1.8817,0.068505
0.13535,3.3636,0.28112
0.35785,2.7066,0.46634
0.42254,2.764,0.6381
0.53808,2.6965,0.80018
0.61736,2.6413,0.93615
0.60502,2.6462,1.0653
0.7172,2.5309,1.1682
0.64653,2.5227,1.2592
0.51191,2.4083,1.3368
0.43413,2.3818,1.4022
0.19855,2.2756,1.4577
-0.099481,2.2081,1.5003
-0.21877,2.1507,1.5333
-0.11818,2.0977,1.5551
-0.051243,2.0445,1.5686
-0.1623,1.9433,1.5732
-0.35451,1.8868,1.5674
-0.36685,1.8003,1.5524
-0.20531,1.698,1.5281
-0.17838,1.6144,1.4961
-0.12042,1.5487,1.4573
-0.03292,1.4659,1.4118
-0.060591,1.3492,1.3581
-0.060591,1.2497,1.2973
-0.096489,1.1396,1.2318
-0.086019,1.0241,1.1604
-0.016841,0.92609,1.0869
-0.046008,0.80468,1.0116
-0.20755,0.65338,0.92808
-0.40761,0.52181,0.83569
-0.57251,0.41926,0.74641
-0.71386,0.23581,0.65034
-0.70489,0.12835,0.54836
-0.59906,-0.02682,0.44801
-0.50558,-0.20682,0.33282
-0.38143,-0.33171,0.21932
-0.23522,-0.60775,0.087195
-0.066574,-0.32265,-0.0057019
0.1376,0.039313,-7.4426e-05
0.29016,-0.06747,0.0046683
0.38739,-0.020525,0.00033423
0.45544,-0.028293,0.0041734
0.37206,-0.03413,0.0010766
0.2337,-0.010129,0.0030074
0.12526,-0.03031,0.0014702
0.0127,-0.0050902,0.0021976
0.029902,-0.022857,0.0022013
0.11217,-0.01447,0.0016614
0.11254,-0.012457,0.0021301
0.16901,-0.015374,0.0011216
0.24604,-0.010541,0.0014927
0.23856,-0.013739,0.00087036
0.29166,-0.010721,0.00076539
0.36794,-0.010091,0.00096034
0.39973,-0.012566,0.00063042
0.4087,-0.012056,0.00045796
0.38926,-0.009799,0.00021051
0.32905,-0.013241,7.929e-05
0.25165,-0.0093604,0.00010553
0.22211,-0.0094166,-0.0004156
0.19967,-0.006991,-0.00042685
0.17723,-0.0082956,-0.0002019
0.097584,-0.015569,-0.00075303
-0.041147,-0.0079732,-0.00047559
-0.14809,-0.011359,-0.00010067
-0.26476,-0.01242,-0.00049058
-0.29692,-0.0066611,-0.00060306
-0.24494,-0.010849,-0.0004156
-0.22101,-0.0056563,-0.00057681
-0.13949,-0.0044867,-0.00045684
-0.075175,-0.0095703,-9.3172e-05
-0.069566,-0.0062862,-0.0004306
-0.013101,-0.0060687,-0.00046059
0.010457,-0.0060387,-0.00028813
0.0127,-0.0063762,-0.00030687
0.016814,-0.0074371,-0.00017565
-0.023572,-0.0032345,-0.00025064
-0.086019,-0.0067211,-0.00033687
-0.15819,-0.0065898,-0.00045684
-0.15408,-0.0028221,-0.00034812
-0.097237,-0.0061775,-0.00020565
-0.023572,-0.0039655,-0.00038936
0.099828,-0.006185,-0.00031812
0.19443,-0.0086143,-0.00031437
0.23856,-0.0087305,-0.00070804
0.27483,-0.007842,-0.0014279
0.31036,-0.0048578,-0.0018253
0.32083,-0.01119,-0.0020727
0.3111,-0.0073284,-0.0021365
0.30175,-0.0075683,-0.0025189
0.27147,-0.0028971,-0.0030813
0.21425,-0.0093079,-0.0027701
0.17873,-0.011966,-0.0035986
0.16415,-3.6579e-05,-0.0028563
0.15629,-0.019993,-0.0038348
0.16788,0.0017405,-0.0035911
0.15143,-0.0206,-0.0032612
0.10282,-0.0052814,-0.0047609
0.055329,-0.010444,-0.0024027
0.03065,-0.013166,-0.0051283
0.003352,0.012785,-0.0017278
-0.0045007,-0.044661,-0.0055932
0.032893,0.048524,-0.0021477
0.033267,-0.087332,-0.0033624
0.0089611,0.097734,-0.0057282
-0.010484,-0.23469,0.0034723
-0.010484,-1.6073,-0.16191
-0.025441,-1.7892,-0.43606
-0.040025,-1.618,-0.6487
0.02691,-1.7568,-0.85667
0.070661,-1.6943,-1.0389
0.12152,-1.8103,-1.1996
0.20715,-1.8017,-1.3454
0.22061,-1.8297,-1.4619
0.261,-1.8684,-1.5661
0.32718,-1.881,-1.6513
0.3399,-1.9159,-1.7233
0.37617,-1.9089,-1.7789
0.42403,-1.9303,-1.8207
0.43002,-1.9174,-1.8502
0.43189,-1.9075,-1.8671
0.37467,-1.8856,-1.8751
0.29727,-1.8467,-1.8711
0.27259,-1.8085,-1.8563
0.20603,-1.7411,-1.8314
0.16489,-1.6652,-1.7979
0.08861,-1.5968,-1.7589
0.031023,-1.5024,-1.7118
0.038128,-1.4129,-1.6565
0.003352,-1.3209,-1.5962
0.019057,-1.2045,-1.5298
-0.033668,-1.1001,-1.4585
-0.04526,-0.97309,-1.3806
-0.0576,-0.87379,-1.3017
-0.13912,-0.73659,-1.221
-0.15632,-0.58417,-1.1278
-0.25055,-0.4908,-1.0341
-0.29206,-0.35381,-0.93731
-0.31749,-0.23198,-0.83495
-0.38106,-0.090583,-0.72667
-0.38741,0.016725,-0.61447
-0.41808,0.20382,-0.49428
-0.41546,0.32125,-0.36112
-0.35525,0.45199,-0.23646
-0.28907,0.69865,-0.088139
-0.21054,0.26481,0.0077651
-0.14099,-0.063279,-0.0026501
-0.091254,0.066853,-0.005417
-0.030676,-0.0058213,-0.0019415
-1.3407e-05,0.018371,-0.0053907
-0.0052485,0.012099,-0.0020277
0.032893,-0.0015587,-0.0045847
0.063556,0.015825,-0.0026614
0.053086,-0.0039843,-0.003295
0.096837,0.0076901,-0.0029613
0.13273,-0.0025072,-0.0025489
0.16452,0.0050396,-0.00292
0.24155,-0.0034707,-0.0022789
0.27034,-0.0019748,-0.0025414
0.31073,-0.0003515,-0.0018178
0.33204,-0.0041717,-0.0020052
0.32868,0.0025802,-0.001799
0.33017,-0.0024022,-0.0014466
0.31409,-0.00136,-0.0011804
0.35186,-7.4069e-05,-0.00079052
0.35785,8.3389e-05,-0.00069304
0.36757,0.00055576,-0.00037061
0.39113,-0.0015924,-0.00038186
0.35336,-0.0037294,-0.00026938
0.32157,-0.0057688,0.00012803
0.24791,-0.0093904,-0.00028438
0.17649,-0.0081494,-0.00046809
0.10805,-0.0044679,5.6795e-05
0.023919,-0.0068373,-0.00011942
-0.027685,-0.0080745,-0.00029938
-0.097611,-0.009008,-1.4439e-05
-0.13314,-0.0060725,-0.00018315
-0.14361,-0.0053152,-0.0001944
-0.1178,-0.0039993,0.00011303
-0.085271,-0.0010263,0.00057793
-0.098359,-0.0084644,0.0012903
-0.099107,-0.0026684,0.0020064
-0.13014,-0.0046179,0.0027337
-0.17576,-0.0098965,0.0028237
-0.21877,0.00033832,0.0036148
-0.21465,-0.0085918,0.0037497
-0.19558,0.0034987,0.0040871
-0.17838,-0.0063724,0.0048782
-0.13089,-0.0026646,0.0043308
-0.094994,0.0015118,0.0060442
-0.011232,-0.011932,0.0044846
0.041868,0.014273,0.0064754
0.065052,-0.027183,0.0054406
0.11815,0.01911,0.0056468
0.15704,-0.029534,0.0076714
0.17686,0.0093097,0.003746
0.18733,-0.00038899,0.010517
0.23108,-0.046551,0.0011441
0.25239,0.087068,0.013123
0.28194,-0.20204,-0.0026089
0.34364,0.90683,0.040803
0.39225,2.2958,0.34895
0.49209,2.0198,0.7018
0.51378,2.0701,1.001
0.61848,2.1703,1.3072
0.76731,2.1759,1.5686
0.78563,2.3656,1.8188
0.93521,2.4107,2.0499
1.0504,2.5699,2.2641
1.1798,2.635,2.4632
1.2624,2.7085,2.641
1.4299,2.7618,2.8055
1.5006,2.7572,2.9488
1.2194,2.7356,3.0797
0.74786,2.7047,3.1939
0.35149,2.6958,3.2926
0.43675,2.6509,3.3807
0.72879,2.6099,3.4555
0.74749,2.5507,3.5177
-0.7722,2.4615,3.5687
-1.8652,2.3982,3.6076
-1.3185,2.3588,3.6338
-0.65216,2.3068,3.6494
-0.03105,2.2514,3.6549
0.035137,2.1705,3.6509
-0.44163,2.0717,3.6388
-1.5062,2.0004,3.6187
-1.7972,1.934,3.5904
-0.61103,1.8567,3.5538
0.8219,1.7983,3.5073
0.98419,1.7301,3.4513
0.17237,1.6304,3.3879
-0.53774,1.5463,3.3168
-0.99843,1.4694,3.2399
-0.45697,1.395,3.1581
0.074026,1.3047,3.0685
0.11254,1.2012,2.9714
-0.37956,1.1202,2.87
-1.3488,1.0211,2.7636
-1.8443,0.93882,2.6514
-1.8656,0.88334,2.5401
-1.0265,0.75677,2.4228
-0.049747,0.65174,2.2937
0.25464,0.58175,2.165
0.23407,0.46406,2.0319
-0.14174,0.36675,1.8922
-0.42256,0.25933,1.7486
-0.33469,0.14394,1.5988
0.2322,-0.003092,1.4389
0.59567,-0.098591,1.2736
0.58931,-0.22361,1.1096
0.57735,-0.36327,0.93428
0.048225,-0.45171,0.76341
-0.181,-0.62827,0.58229
0.06206,-0.65699,0.40371
0.28231,-0.92696,0.21801
0.55155,-0.76787,0.027531
0.6555,-0.039544,-0.020695
0.41506,-0.045906,0.0021826
-0.13164,-0.090279,-0.0076852
-0.23971,-0.015936,-0.0029163
-0.00038735,-0.068707,-0.0051358
0.30437,-0.016334,-0.0051283
0.86042,-0.049718,-0.0043485
0.97335,-0.019775,-0.0064405
0.70224,-0.02824,-0.0047046
0.35149,-0.040537,-0.0067217
-0.084523,-0.016547,-0.0056082
-0.19297,-0.027712,-0.0064668
-0.1451,-0.017994,-0.006703
-0.081906,-0.020915,-0.0068492
-0.097237,-0.017709,-0.007599
-0.36161,-0.018965,-0.0075953
-0.59981,-0.022242,-0.0083376
-0.65627,-0.018504,-0.0081914
-0.44612,-0.020615,-0.0088662
-0.035538,-0.013503,-0.0093236
0.34738,-0.012127,-0.0090874
0.41655,-0.02156,-0.0099497
0.11591,-0.016304,-0.010317
-0.24307,-0.01191,-0.0099572
-0.37844,-0.017361,-0.0098747
-0.29879,-0.013844,-0.0098935
-0.03105,-0.011055,-0.009916
0.22435,-0.014245,-0.0099947
0.16564,-0.014305,-0.01052
0.053086,-0.012873,-0.011269
-0.14959,-0.012292,-0.011494
-0.19334,-0.014193,-0.012225
0.096463,-0.0091767,-0.013065
0.32307,-0.011685,-0.013088
0.51714,-0.013192,-0.014036
0.47526,-0.011741,-0.013898
0.2853,-0.022006,-0.014835
0.1447,-0.0025447,-0.015022
0.11292,-0.018759,-0.015251
0.35373,-0.0075421,-0.016391
0.50181,-0.013586,-0.01494
0.50181,-0.020345,-0.017819
0.33877,0.0017554,-0.015172
0.0063435,-0.039232,-0.018093
-0.17389,0.021505,-0.0165
-0.25803,-0.051777,-0.016451
-0.16829,0.030525,-0.019544
-0.038529,-0.040687,-0.012507
-0.044512,-0.012832,-0.026097
-0.035164,0.056896,-0.00059931
-0.11743,-1.4415,-0.12157
-0.096489,-2.2398,-0.48298
0.10207,-1.8252,-0.81899
0.29502,-1.925,-1.1295
0.60801,-1.8485,-1.4352
0.72617,-1.8618,-1.7029
0.60464,-1.9154,-1.9653
0.52126,-1.9145,-2.2062
0.31634,-1.9746,-2.4382
0.2666,-1.9554,-2.6519
0.33877,-1.9965,-2.8496
0.3298,-1.9869,-3.0327
0.38851,-1.9962,-3.1959
0.40234,-2.0022,-3.3444
0.393,-1.9963,-3.4749
0.31036,-2.0076,-3.591
0.43151,-1.9991,-3.6916
0.59417,-1.9997,-3.7779
0.44983,-1.984,-3.8508
0.49209,-1.9496,-3.9085
0.41955,-1.9277,-3.9525
0.20864,-1.905,-3.9831
0.14582,-1.8817,-4.0016
0.15068,-1.8633,-4.0095
0.31596,-1.8169,-4.0068
0.35972,-1.7685,-3.9939
0.37093,-1.7328,-3.9714
0.28642,-1.6867,-3.9396
0.056451,-1.6246,-3.8988
-0.059844,-1.5608,-3.8491
-0.17876,-1.4997,-3.7896
-0.22325,-1.432,-3.7211
-0.21952,-1.3723,-3.6471
-0.26252,-1.2985,-3.5662
-0.32721,-1.2219,-3.4768
-0.36797,-1.1529,-3.3817
-0.35563,-1.0786,-3.2805
-0.40948,-1.0031,-3.1737
-0.36199,-0.91733,-3.0601
-0.23522,-0.85943,-2.9425
-0.39714,-0.78269,-2.8243
-0.5598,-0.66763,-2.6967
-0.60729,-0.59449,-2.5605
-0.72059,-0.52567,-2.4256
-0.64057,-0.41416,-2.284
-0.45884,-0.33285,-2.135
-0.35825,-0.22749,-1.9845
-0.34142,-0.095659,-1.8222
-0.30141,0.010674,-1.653
-0.30403,0.12729,-1.4778
-0.37021,0.20848,-1.3013
-0.21765,0.36914,-1.1194
-0.11033,0.44464,-0.9337
-0.039277,0.5887,-0.75084
0.022049,0.70344,-0.55381
0.013822,0.76357,-0.37048
0.10282,1.0371,-0.15949
0.13834,0.46952,-0.00059931
0.31746,-0.070773,-0.0025864
0.4891,0.10276,-0.012091
0.52836,0.020733,-0.0041198
0.56576,0.033262,-0.0099985
0.44759,0.032966,-0.0048809
0.36084,0.0026702,-0.0081689
0.33765,0.032565,-0.0054395
0.32793,-0.0010563,-0.0058181
0.35448,0.017752,-0.0060543
0.35373,0.0044772,-0.0047009
0.26847,0.011267,-0.0057207
0.1634,0.0078888,-0.0041498
0.12526,0.0058944,-0.0045059
0.072531,0.0065542,-0.0037486
0.081879,-0.004078,-0.0034824
0.093097,0.0018567,-0.0032762
0.048599,0.0039111,-0.0028676
-0.01011,0.0043123,-0.0023989
-0.083776,-0.0020086,-0.001904
-0.10621,0.0022203,-0.0020352
-0.084523,0.0042935,-0.00095548
-0.010858,0.00056701,0.000263
0.020553,0.0017929,0.00083287
0.0067175,0.0017817,0.001519
-0.078914,-0.0034257,0.0023963
-0.17651,-0.0044004,0.0024075
-0.19558,0.0074389,0.0033073
-0.23036,-0.0081007,0.0039409
-0.18773,-0.00089885,0.0039634
-0.13725,0.00073197,0.0051819
-0.10135,-0.0055439,0.0044208
-0.055356,0.0081213,0.0064191
-0.043016,-0.013586,0.0052831
0.053086,0.01358,0.0065991
0.13311,-0.021773,0.0070452
0.22734,0.015001,0.0055868
0.30437,-0.010196,0.0095009
0.26586,-0.010598,0.0043009
0.23632,0.024471,0.011675
0.18658,-0.064051,0.0036897
0.17649,0.10556,0.012193
0.20229,-0.19262,0.0052869
0.24791,0.61209,0.018218
0.2868,2.2326,0.30601
0.36046,2.092,0.69791
0.40833,1.9218,1.0243
0.38589,2.0273,1.3645
0.51527,1.9292,1.6717
0.50331,2.0308,1.9655
0.52387,2.0087,2.2442
0.61362,2.0787,2.5045
0.48386,2.1053,2.7585
0.49957,2.1379,2.9959
0.48199,2.1644,3.2228
0.50854,2.1874,3.4302
0.63157,2.2604,3.629
0.62147,2.2793,3.8181
0.63344,2.3176,3.9928
0.58445,2.3334,4.1532
0.56501,2.3373,4.2961
0.51752,2.3606,4.4243
0.44909,2.3619,4.5357
0.43002,2.3544,4.6294
0.34102,2.3656,4.7083
0.28904,2.3625,4.7744
0.23931,2.3602,4.828
0.24267,2.3466,4.8696
0.25726,2.3001,4.8975
0.23669,2.2741,4.9116
0.21762,2.2382,4.9137
0.031023,2.1829,4.9048
-0.14473,2.1346,4.8866
-0.24906,2.0787,4.8593
-0.36722,2.0242,4.8221
-0.3747,1.9833,4.776
-0.35825,1.9268,4.7225
-0.39564,1.8512,4.6612
-0.41284,1.7807,4.5917
-0.35264,1.7029,4.5144
-0.32085,1.6232,4.4292
-0.27336,1.5423,4.3357
-0.19035,1.4737,4.2366
-0.2326,1.4082,4.1336
-0.24083,1.3242,4.0232
-0.27,1.2406,3.905
-0.36722,1.1647,3.7815
-0.3848,1.0879,3.654
-0.41508,1.0007,3.5205
-0.4263,0.94926,3.3862
-0.44238,0.86246,3.2523
-0.50072,0.73513,3.1057
-0.52502,0.67178,2.9535
-0.52128,0.58151,2.802
-0.46669,0.4767,2.6437
-0.42182,0.38368,2.481
-0.37881,0.27842,2.3134
-0.29842,0.14744,2.1376
-0.28009,0.036996,1.9524
-0.25392,-0.048009,1.7674
-0.20979,-0.19045,1.5758
-0.18287,-0.27017,1.3813
-0.10546,-0.41915,1.1853
-0.05573,-0.51809,0.98339
-0.043016,-0.65283,0.78479
-0.016093,-0.77249,0.57333
0.009335,-0.83098,0.37581
-0.0052485,-1.1191,0.15246
0.059069,-0.56356,-0.022967
0.15068,0.042571,-0.02672
0.11927,-0.12729,-0.014025
0.16676,-0.057719,-0.023252
0.17312,-0.055687,-0.016676
0.1088,-0.063526,-0.021925
0.14732,-0.032499,-0.018783
0.18022,-0.063031,-0.020995
0.23183,-0.027644,-0.021025
0.27296,-0.048481,-0.020522
0.27707,-0.031824,-0.022101
0.24866,-0.042659,-0.021055
0.2049,-0.038891,-0.022431
0.15368,-0.027918,-0.022063
0.091601,-0.034689,-0.023106
0.088984,-0.024345,-0.023004
0.038502,-0.034985,-0.023327
0.0026042,-0.031794,-0.024452
0.003726,-0.026512,-0.023968
-0.0018831,-0.029496,-0.024553
0.068417,-0.032128,-0.025494
0.1361,-0.031067,-0.026525
0.17723,-0.027168,-0.027563
0.18995,-0.030014,-0.028347
0.1619,-0.02382,-0.029153
0.098332,-0.028488,-0.029145
0.068043,-0.028911,-0.030221
0.02691,-0.016933,-0.030401
-0.0071182,-0.031659,-0.030859
0.03925,-0.014313,-0.031462
0.0022302,-0.026928,-0.03126
0.0011084,-0.023933,-0.032977
0.039998,-0.018242,-0.0315
0.026162,-0.034145,-0.034199
0.085992,0.0038999,-0.032242
0.1002,-0.047225,-0.034064
0.11329,0.014142,-0.034443
0.11591,-0.045838,-0.031826
0.059069,-0.0039693,-0.038076
0.081131,-0.010792,-0.028407
0.063556,-0.072344,-0.043355
0.10132,0.14645,-0.02011
0.10058,-1.1764,-0.10058
0.12077,-2.2959,-0.45998
0.23258,-1.9188,-0.83154
0.14395,-2.0042,-1.1589
0.33803,-2.0085,-1.4937
0.52724,-1.9941,-1.7906
0.45881,-2.0699,-2.0815
0.6383,-2.047,-2.3493
0.56949,-2.1373,-2.6071
0.45657,-2.1463,-2.8548
0.57024,-2.1917,-3.0882
0.53472,-2.1985,-3.308
0.60128,-2.2375,-3.5103
0.71496,-2.2919,-3.707
0.79236,-2.3101,-3.8907
0.80881,-2.3376,-4.0606
0.77329,-2.3439,-4.2157
0.74973,-2.3488,-4.3545
0.66784,-2.345,-4.4771
0.65924,-2.345,-4.5845
0.59941,-2.3331,-4.6772
0.54818,-2.3198,-4.7537
0.56538,-2.315,-4.8179
0.5493,-2.3009,-4.8703
0.53285,-2.2789,-4.9097
0.51378,-2.246,-4.9367
0.49919,-2.2085,-4.9507
0.41244,-2.1681,-4.9517
0.27595,-2.1266,-4.9417
0.06393,-2.0884,-4.9223
-0.11369,-2.0441,-4.893
-0.1982,-1.9941,-4.8539
-0.32123,-1.938,-4.8064
-0.36872,-1.88,-4.7508
-0.33132,-1.8203,-4.687
-0.29692,-1.7498,-4.6155
-0.34404,-1.6762,-4.5359
-0.38517,-1.6065,-4.4476
-0.37171,-1.5432,-4.3533
-0.4278,-1.4681,-4.2535
-0.43341,-1.3868,-4.146
-0.4435,-1.3146,-4.0328
-0.53175,-1.2353,-3.9138
-0.58784,-1.1589,-3.7892
-0.63122,-1.0711,-3.6601
-0.68582,-0.99475,-3.5248
-0.66936,-0.93521,-3.3897
-0.62038,-0.82251,-3.2497
-0.69816,-0.72741,-3.0984
-0.70526,-0.66091,-2.9473
-0.68208,-0.55789,-2.7929
-0.75013,-0.46237,-2.6313
-0.69292,-0.36413,-2.4659
-0.57812,-0.25196,-2.2948
-0.48239,-0.11788,-2.1134
-0.41808,-0.032687,-1.9262
-0.30477,0.07879,-1.7388
-0.21989,0.20167,-1.5423
-0.17539,0.2923,-1.3479
-0.064705,0.44749,-1.1463
-0.034416,0.5238,-0.94545
0.028406,0.70472,-0.74129
0.056825,0.74428,-0.53128
0.056825,0.93417,-0.33013
0.11591,1.024,-0.10063
0.14358,0.21605,0.011241
0.20378,-0.038603,-0.01323
0.23744,0.11541,-0.0088025
0.34887,-0.00093259,-0.0079214
0.38215,0.053391,-0.0099235
0.29764,0.012241,-0.0062043
0.3571,0.024426,-0.0093424
0.30662,0.023968,-0.0056794
0.27969,0.0049871,-0.0078389
0.34102,0.02119,-0.0061593
0.30923,0.0028876,-0.0059156
0.30101,0.015765,-0.0057994
0.24305,0.0025765,-0.0048659
0.1907,0.0061043,-0.0050871
0.13797,0.0011744,-0.0039436
0.080383,-0.0019111,-0.004341
0.074026,0.0088111,-0.003295
0.037006,0.0014068,-0.0028188
0.0055957,0.0021603,-0.0028563
-0.026937,0.0080013,-0.0012217
-0.020206,0.0048521,7.5541e-05
0.044859,0.0043423,0.00076914
0.077018,0.0043235,0.0019576
0.10357,-0.00070765,0.00231
0.13947,0.0037349,0.0028987
0.093097,-0.0032457,0.0034011
0.015692,0.0050096,0.0038172
-0.013849,-0.0010863,0.0049232
-0.025441,-0.00136,0.0041621
-0.030676,0.0056282,0.0063067
-0.013101,-0.014024,0.0050994
0.015692,0.016238,0.0065316
-0.0063704,-0.024405,0.0068128
-0.0056225,0.015927,0.0055606
0.044859,-0.016828,0.009171
0.10245,-0.0064586,0.0043196
0.14994,0.022409,0.011897
0.16265,-0.062326,0.0033973
0.14694,0.10395,0.012744
0.11815,-0.19975,0.0039222
0.14246,0.669,0.021978
0.14059,2.2605,0.31961
0.261,2.0989,0.71387
0.36345,1.9733,1.0443
0.37617,2.0706,1.3878
0.53397,1.9986,1.6961
0.46666,2.1152,1.9921
0.52761,2.0908,2.2717
0.66447,2.1689,2.534
0.57735,2.1838,2.7885
0.71757,2.237,3.0248
0.7101,2.2936,3.2568
0.70149,2.2881,3.4724
0.82489,2.3328,3.6719
0.84696,2.3629,3.8599
0.89819,2.4018,4.0388
0.88959,2.4256,4.2075
0.9554,2.4399,4.361
0.91688,2.4434,4.5002
0.84023,2.4326,4.6236
0.82228,2.4202,4.7305
0.69738,2.4057,4.8216
0.67083,2.3873,4.8987
0.68055,2.3722,4.963
0.64353,2.3552,5.0156
0.62372,2.3322,5.0563
0.60726,2.2929,5.0844
0.51527,2.246,5.0994
0.37953,2.2152,5.1015
0.19705,2.1664,5.0925
-0.0018831,2.1233,5.0731
-0.15557,2.0865,5.0437
-0.31337,2.0287,5.0053
-0.43341,1.974,4.9582
-0.55456,1.9107,4.9027
-0.57999,1.8582,4.8396
-0.59458,1.7975,4.7685
-0.59271,1.7209,4.6889
-0.46145,1.6633,4.6013
-0.4895,1.5912,4.5064
-0.4966,1.5134,4.4059
-0.46744,1.4388,4.2986
-0.56803,1.3566,4.1836
-0.61103,1.2827,4.0637
-0.67273,1.2119,3.9384
-0.752,1.128,3.809
-0.81258,1.0366,3.6738
-0.85671,0.98037,3.5349
-0.92663,0.90829,3.3985
-0.96552,0.77845,3.2527
-0.91654,0.69981,3.0968
-0.9386,0.62817,2.9424
-0.89186,0.52064,2.7828
-0.83539,0.43345,2.6177
-0.79089,0.32019,2.4486
-0.65665,0.20607,2.2722
-0.58373,0.085385,2.0868
-0.48912,0.00024835,1.898
-0.33618,-0.12058,1.7079
-0.22512,-0.23558,1.5089
-0.1724,-0.32983,1.3128
-0.074801,-0.4862,1.1081
-0.0097358,-0.55957,0.9055
-0.029555,-0.74143,0.69792
0.018684,-0.77198,0.48743
0.011205,-0.99253,0.28305
-0.0018831,-1.0178,0.053692
0.10619,-0.18412,-0.044536
0.15854,-0.0077108,-0.018029
0.2423,-0.13888,-0.024665
0.36121,-0.022561,-0.023675
0.34289,-0.086669,-0.022532
0.39599,-0.037609,-0.025198
0.45956,-0.057516,-0.022584
0.41618,-0.048215,-0.025887
0.4431,-0.036593,-0.023492
0.3986,-0.054866,-0.025408
0.30662,-0.03269,-0.025351
0.26735,-0.041606,-0.025681
0.17125,-0.032361,-0.026364
0.10245,-0.040016,-0.026356
0.069539,-0.032972,-0.027136
0.029154,-0.034539,-0.026937
0.011205,-0.038498,-0.028152
0.003726,-0.026193,-0.028017
-0.023572,-0.033534,-0.028426
0.017562,-0.035176,-0.03015
0.10282,-0.029148,-0.030934
0.11703,-0.033163,-0.031905
0.15779,-0.026943,-0.033187
0.16602,-0.026268,-0.033446
0.11404,-0.031959,-0.034154
0.08861,-0.02096,-0.034282
0.034389,-0.030617,-0.035242
-0.0089879,-0.019355,-0.035414
-0.022824,-0.030025,-0.035238
-0.079288,-0.020345,-0.037225
-0.13239,-0.019074,-0.035489
-0.12715,-0.033804,-0.038361
-0.1006,0.00015462,-0.036258
-0.073679,-0.051968,-0.038215
0.024293,0.0097371,-0.03826
0.094593,-0.054825,-0.036321
0.11815,0.0014293,-0.041915
0.18509,-0.022617,-0.032542
0.18583,-0.06684,-0.048116
0.23183,0.1254,-0.023136
0.21537,-1.2558,-0.11547
0.23557,-2.3024,-0.48543
0.34962,-1.9318,-0.85709
0.29502,-2.0613,-1.189
0.50555,-2.0572,-1.5254
0.68953,-2.0664,-1.823
0.68729,-2.149,-2.1159
0.90791,-2.1376,-2.3845
0.84808,-2.2282,-2.6437
0.789,-2.2272,-2.8896
0.92661,-2.3012,-3.1224
0.86154,-2.3303,-3.3485
0.94343,-2.3429,-3.5563
1.0522,-2.38,-3.7513
1.0635,-2.4157,-3.935
1.0422,-2.4553,-4.1106
1.0033,-2.4596,-4.2732
1.0149,-2.4719,-4.421
0.93408,-2.4704,-4.5551
0.94268,-2.4496,-4.6718
0.89968,-2.4395,-4.7724
0.76132,-2.4309,-4.8599
0.74188,-2.4105,-4.934
0.69925,-2.3917,-4.9949
0.64353,-2.3688,-5.0438
0.63905,-2.3364,-5.0804
0.60502,-2.3001,-5.1045
0.48311,-2.2606,-5.1162
0.30662,-2.2155,-5.1157
0.12077,-2.1705,-5.1037
-0.083402,-2.1305,-5.0815
-0.27299,-2.0796,-5.0503
-0.3833,-2.0267,-5.0097
-0.50857,-1.977,-4.9603
-0.59196,-1.9205,-4.9029
-0.62636,-1.8615,-4.8374
-0.69629,-1.7946,-4.7639
-0.7019,-1.7241,-4.6826
-0.73779,-1.6514,-4.5927
-0.69143,-1.58,-4.4961
-0.61888,-1.5103,-4.3948
-0.64543,-1.4311,-4.2866
-0.62449,-1.3556,-4.1717
-0.71536,-1.2729,-4.0512
-0.75088,-1.1954,-3.9249
-0.74565,-1.119,-3.7949
-0.81071,-1.0289,-3.6585
-0.78977,-0.97508,-3.5207
-0.87989,-0.88416,-3.3824
-0.98459,-0.76188,-3.2315
-0.98721,-0.7001,-3.0765
-0.96328,-0.60434,-2.9218
-0.91205,-0.49992,-2.7595
-0.80548,-0.40928,-2.5933
-0.6402,-0.29413,-2.421
-0.58523,-0.1712,-2.2398
-0.51268,-0.058105,-2.0502
-0.38741,0.025228,-1.8609
-0.33656,0.1613,-1.6654
-0.23597,0.24209,-1.4659
-0.12753,0.38254,-1.2672
-0.092002,0.49705,-1.0602
-0.026563,0.60871,-0.85923
0.034015,0.76689,-0.64457
0.04112,0.79115,-0.44164
0.12862,1.096,-0.22143
0.19331,0.68812,-0.021505
0.22547,-0.044166,0.0037047
0.30325,0.077324,-0.016425
0.35635,0.052667,-0.0045622
0.3485,0.018821,-0.011251
0.31858,0.052153,-0.0068229
0.39262,0.0030601,-0.0087088
0.37841,0.037506,-0.007629
0.34513,-0.0014762,-0.0064068
0.42254,0.020129,-0.0075578
0.38552,0.0065729,-0.0052333
0.30362,0.0041098,-0.0063955
0.23557,0.014101,-0.0050196
0.17462,0.004451,-0.0051845
0.09048,0.010746,-0.0044197
0.014944,-0.0062787,-0.0040373
0.019431,0.0065279,-0.0039661
-0.015719,0.007064,-0.0028413
-0.065079,-0.0047791,-0.0029875
-0.055356,0.0069778,-0.0018928
-0.014971,0.0077801,-0.00035936
0.035511,0.0029589,0.00047295
0.12264,0.0050058,0.0017589
0.15592,-0.0022597,0.002385
0.15629,4.215e-05,0.0028912
0.16676,-0.0025072,0.003686
0.081505,0.002524,0.003656
0.024293,0.0049983,0.0049345
0.017562,-0.0085281,0.0042034
-0.022076,0.01112,0.0056993
-0.062835,-0.014913,0.0058418
-0.062835,0.0086611,0.0055681
-0.074427,-0.0093829,0.0077988
-0.083776,-0.0013787,0.0049944
-0.034416,0.010554,0.0094635
0.022049,-0.034336,0.0049869
0.090854,0.045214,0.0099358
0.14844,-0.071388,0.006824
0.15928,0.083653,0.0069328
0.15779,-0.11698,0.013453
0.18583,0.21603,-0.004161
0.17873,1.9577,0.21123
0.29353,2.2526,0.61281
0.42553,1.9395,0.95241
0.39524,2.1115,1.293
0.59343,2.0188,1.6123
0.62671,2.1207,1.9069
0.57211,2.1271,2.193
0.81255,2.1801,2.456
0.78301,2.2261,2.7134
0.83536,2.2409,2.9519
0.93932,2.327,3.1836
0.88323,2.311,3.403
0.97634,2.342,3.6052
1.001,2.385,3.7952
1.0564,2.4221,3.9757
1.0567,2.4464,4.1477
1.0276,2.4545,4.3048
1.0287,2.466,4.4482
0.97335,2.4462,4.5767
0.97073,2.4208,4.6881
0.86453,2.4036,4.7833
0.78189,2.3839,4.8646
0.76469,2.3693,4.9327
0.70037,2.3515,4.9891
0.65924,2.3147,5.0345
0.63194,2.2874,5.067
0.54556,2.2519,5.0869
0.38215,2.2003,5.0937
0.21612,2.1546,5.0887
0.011205,2.0956,5.0737
-0.20568,2.0539,5.0487
-0.50446,2.0069,5.0142
-0.7707,1.9373,4.9709
-0.76135,1.8918,4.9192
-0.7894,1.839,4.8603
-0.73742,1.7695,4.7932
-0.64281,1.7013,4.7175
-0.70563,1.6301,4.6338
-0.53848,1.5674,4.5424
-0.50221,1.4921,4.4451
-0.57214,1.4078,4.3416
-0.49212,1.3327,4.2302
-0.62486,1.2566,4.1129
-0.7692,1.1875,3.9904
-0.85633,1.1068,3.8628
-0.94645,1.0145,3.7302
-0.94009,0.95246,3.5925
-0.90532,0.89335,3.4559
-0.9027,0.77852,3.3139
-0.98422,0.68646,3.1603
-0.95393,0.62834,3.007
-0.9285,0.5232,2.8503
-0.95243,0.43533,2.6866
-0.7722,0.33575,2.5196
-0.64281,0.22196,2.345
-0.52278,0.10404,2.1621
-0.35563,0.0030863,1.9721
-0.28944,-0.089668,1.7827
-0.16567,-0.22334,1.5853
-0.053487,-0.30001,1.3875
-0.050121,-0.45504,1.1862
-0.0056225,-0.53825,0.98006
0.017188,-0.68659,0.7775
-0.11444,-0.79269,0.56221
-0.11182,-0.87224,0.36147
-0.087141,-1.1323,0.13244
-0.088263,-0.48791,-0.03198
0.12039,0.037776,-0.02651
0.24267,-0.14847,-0.018018
0.36944,-0.041538,-0.025779
0.45918,-0.067433,-0.01951
0.42889,-0.062285,-0.0248
0.47489,-0.036799,-0.021456
0.45731,-0.06666,-0.024234
0.42366,-0.027206,-0.023286
0.38402,-0.051578,-0.023312
0.28455,-0.034689,-0.024939
0.15816,-0.043829,-0.023904
0.084871,-0.04261,-0.025291
0.030276,-0.037508,-0.025021
-0.0662,-0.033032,-0.025666
-0.027311,-0.029849,-0.025617
-0.021328,-0.040072,-0.026296
-0.058348,-0.028315,-0.027001
-0.030676,-0.037062,-0.026892
-0.056478,-0.04044,-0.028538
0.0014823,-0.032458,-0.02985
0.080009,-0.033174,-0.030101
0.15143,-0.029335,-0.031755
0.2251,-0.027644,-0.032343
0.25726,-0.033721,-0.03252
0.23407,-0.022606,-0.03327
0.14021,-0.027371,-0.033727
0.11516,-0.025354,-0.034537
0.034763,-0.024293,-0.033843
-0.021702,-0.03004,-0.035856
-0.026563,-0.017514,-0.034484
-0.13538,-0.04213,-0.036126
-0.12416,-0.0063912,-0.035988
-0.093872,-0.045786,-0.035335
-0.083028,-0.004153,-0.038695
0.070661,-0.025061,-0.033806
0.1705,-0.042727,-0.041473
0.21537,0.028951,-0.03231
0.25127,-0.12188,-0.043066
0.25389,0.1732,-0.031845
0.16863,-0.74616,-0.057395
0.16041,-2.2247,-0.36786
0.29876,-2.03,-0.76184
0.22996,-1.9941,-1.0919
0.37243,-2.0983,-1.4341
0.64653,-2.0372,-1.7395
0.64353,-2.1564,-2.0337
0.87725,-2.1287,-2.3099
0.96176,-2.2136,-2.5698
0.85593,-2.2278,-2.8214
1.0231,-2.2783,-3.0559
0.99429,-2.3323,-3.2858
0.96849,-2.3323,-3.4984
1.0728,-2.3698,-3.6963
1.0668,-2.3991,-3.8829
1.0781,-2.4419,-4.0609
1.0694,-2.4535,-4.2286
1.0474,-2.4615,-4.3809
0.98307,-2.4626,-4.5198
0.92137,-2.4441,-4.6431
0.8679,-2.4247,-4.7491
0.78713,-2.4113,-4.8407
0.72543,-2.3932,-4.9186
0.67569,-2.3681,-4.9828
0.62409,-2.3465,-5.0356
0.60128,-2.3188,-5.077
0.57398,-2.2827,-5.1063
0.4719,-2.2391,-5.1228
0.35822,-2.1958,-5.1268
0.2049,-2.1451,-5.1188
0.015318,-2.0954,-5.1007
-0.1982,-2.0511,-5.074
-0.41359,-1.9921,-5.0375
-0.64319,-1.9381,-4.9916
-0.82417,-1.8822,-4.9377
-0.83016,-1.8185,-4.8762
-0.86231,-1.7563,-4.8066
-0.88064,-1.6841,-4.7289
-0.80174,-1.6134,-4.6434
-0.77145,-1.5436,-4.5499
-0.64805,-1.4761,-4.4509
-0.52427,-1.4054,-4.3464
-0.53138,-1.324,-4.2345
-0.50483,-1.2471,-4.1163
-0.55756,-1.1745,-3.9922
-0.6903,-1.097,-3.8641
-0.75873,-1.0094,-3.73
-0.83315,-0.95043,-3.5922
-0.89447,-0.87879,-3.4556
-0.88961,-0.75544,-3.3084
-0.9128,-0.68331,-3.1531
-0.92551,-0.60675,-2.9997
-0.88625,-0.49896,-2.8394
-0.84848,-0.41971,-2.6739
-0.71685,-0.31312,-2.5042
-0.55045,-0.1997,-2.3263
-0.45659,-0.074417,-2.1391
-0.38143,0.0077651,-1.9479
-0.25579,0.12852,-1.7553
-0.16193,0.24412,-1.5541
-0.096116,0.33417,-1.3559
0.05346,0.48716,-1.1498
0.12039,0.55437,-0.94644
0.12638,0.73803,-0.73707
0.13722,0.76531,-0.52439
0.090106,0.97955,-0.31861
0.057573,1.0065,-0.086834
0.065426,0.16145,0.01262
0.084871,-0.021159,-0.014351
0.14059,0.11173,-0.0072166
0.22472,-0.0036581,-0.0080527
0.22884,0.053421,-0.0090424
0.2767,0.00017337,-0.0059494
0.35261,0.031275,-0.0086788
0.36682,0.018079,-0.0051808
0.42366,0.0027902,-0.0073741
0.39898,0.021966,-0.005462
0.29989,-0.002076,-0.0056232
0.19144,0.0088636,-0.005297
0.10282,-0.0010788,-0.0043635
0.026162,0.0055457,-0.0043522
-0.046382,0.0011669,-0.0035162
-0.052739,0.0039786,-0.0037749
-0.088263,0.0025352,-0.0026426
-0.092002,-0.0014949,-0.0023239
-0.096863,0.010202,-0.0017653
-0.050869,0.0054707,-8.5674e-05
0.059069,0.0044322,0.00078788
0.093471,0.0010394,0.0018264
0.17499,-0.0057313,0.0028349
0.22173,0.001568,0.0029849
0.20453,-0.0014162,0.0039409
0.19294,-0.0005202,0.0040384
0.17873,0.0030226,0.0051744
0.1376,-0.010298,0.0049607
0.11366,0.012241,0.0056693
0.096463,-0.013612,0.006944
0.020553,0.0061305,0.0054593
0.021301,0.0019354,0.0083499
-0.027311,-0.017323,0.0056805
-0.067696,0.027999,0.009426
0.018684,-0.04252,0.0067416
0.02504,0.043759,0.0083799
0.071783,-0.056047,0.010247
0.15554,0.043489,0.0043608
0.1548,-0.034363,0.017805
0.20079,-0.017634,-0.0092149
0.19855,1.6586,0.14384
0.2595,2.3399,0.53732
0.42216,1.9228,0.88986
0.37168,2.0935,1.2265
0.46741,2.0197,1.5558
0.57847,2.0886,1.8512
0.52163,2.1322,2.1424
0.70748,2.1368,2.4086
0.73291,2.2104,2.6683
0.79049,2.2132,2.9113
0.94493,2.3015,3.1445
0.90978,2.3084,3.3683
1.0089,2.3245,3.5741
1.0298,2.3589,3.7677
1.0638,2.3974,3.9503
1.0788,2.4197,4.1254
1.0287,2.4198,4.2868
1.0246,2.4405,4.4339
0.92062,2.4227,4.5672
0.91464,2.3978,4.6838
0.81966,2.3867,4.7849
0.71982,2.3638,4.8709
0.72206,2.3347,4.9426
0.64054,2.3162,5.003
0.59978,2.2794,5.0518
0.54594,2.2311,5.0887
0.48125,2.2063,5.1132
0.38888,2.1675,5.1243
0.24679,2.123,5.1236
0.0658,2.0781,5.1125
-0.12005,2.0269,5.0914
-0.31188,1.9792,5.0611
-0.52016,1.9171,5.0214
-0.59869,1.8639,4.9726
-0.78491,1.7967,4.9162
-0.9543,1.7168,4.8521
-0.92514,1.6669,4.7796
-0.81445,1.6052,4.6989
-0.76247,1.5297,4.6106
-0.85633,1.4612,4.5156
-0.69516,1.3937,4.4146
-0.69516,1.3111,4.3059
-0.78229,1.2293,4.1906
-0.55942,1.165,4.0701
-0.53213,1.0953,3.9441
-0.57326,1.0146,3.8134
-0.66375,0.93086,3.6769
-0.77706,0.88092,3.5398
-0.77893,0.79199,3.4013
-0.85371,0.67368,3.2498
-0.83838,0.62174,3.0949
-0.81595,0.52721,2.9403
-0.8754,0.42241,2.7774
-0.84549,0.34215,2.6113
-0.76771,0.22928,2.4391
-0.61178,0.12428,2.2585
-0.43079,0.011075,2.0698
-0.27486,-0.069738,1.8794
-0.16866,-0.19499,1.6854
-0.12827,-0.29123,1.4844
-0.048625,-0.40678,1.2856
0.012327,-0.53518,1.0771
0.095341,-0.62001,0.87442
0.16115,-0.7933,0.6608
0.18471,-0.80069,0.4523
0.2251,-1.0795,0.23919
0.18509,-0.88237,0.018634
0.1705,-0.060606,-0.040299
0.18322,-0.05932,-0.013864
0.19256,-0.10832,-0.025201
0.2079,-0.029425,-0.01984
0.15928,-0.088817,-0.022187
0.15293,-0.028267,-0.022521
0.18957,-0.060935,-0.02137
0.17462,-0.037317,-0.023825
0.20004,-0.041066,-0.02191
0.2868,-0.044084,-0.024287
0.2595,-0.034651,-0.023319
0.20977,-0.047409,-0.024309
0.17424,-0.032109,-0.024594
0.063182,-0.038573,-0.024721
-0.016093,-0.036158,-0.025126
-0.084897,-0.040785,-0.02525
-0.10771,-0.033414,-0.026371
-0.12267,-0.025226,-0.026127
-0.1193,-0.03614,-0.027286
-0.052739,-0.030943,-0.028988
-0.028059,-0.029148,-0.029528
0.061312,-0.03554,-0.030885
0.1174,-0.027427,-0.031579
0.17723,-0.025136,-0.031815
0.26137,-0.021815,-0.032505
0.23033,-0.030891,-0.032677
0.22472,-0.025522,-0.033997
0.1619,-0.017826,-0.033123
0.09908,-0.032983,-0.034908
0.10319,-0.0072759,-0.034454
0.090854,-0.037118,-0.03466
0.081879,-0.0084006,-0.036445
0.044859,-0.032814,-0.034259
0.05346,-0.022763,-0.038563
0.0744,0.0023628,-0.033356
0.072157,-0.062683,-0.039737
0.099828,0.046474,-0.034282
0.10918,-0.12145,-0.038346
0.15405,0.13711,-0.038863
0.13124,-0.40681,-0.033
0.12226,-2.0624,-0.28693
0.29054,-2.1222,-0.69101
0.29315,-1.9386,-1.026
0.39449,-2.1105,-1.3686
0.6985,-2.0127,-1.683
0.73253,-2.1316,-1.9773
0.87051,-2.1155,-2.2602
0.97148,-2.177,-2.5221
0.79984,-2.2141,-2.778
0.88547,-2.2384,-3.0154
0.9023,-2.3081,-3.2475
0.86715,-2.3056,-3.4656
0.98718,-2.3351,-3.6676
0.98606,-2.3597,-3.8574
0.9913,-2.4021,-4.0377
0.95839,-2.4211,-4.2095
0.93745,-2.4232,-4.3662
0.88323,-2.4282,-4.5095
0.82265,-2.4118,-4.6379
0.80844,-2.3908,-4.7492
0.7101,-2.3742,-4.8459
0.6484,-2.3546,-4.9288
0.60726,-2.3292,-4.9982
0.55715,-2.3026,-5.055
0.57286,-2.2723,-5.0999
0.59679,-2.2399,-5.1333
0.51079,-2.1991,-5.1541
0.39748,-2.1493,-5.1629
0.19443,-2.1012,-5.16
0.016066,-2.0541,-5.1462
-0.22774,-2.0054,-5.1232
-0.39153,-1.953,-5.0904
-0.52764,-1.8985,-5.0482
-0.70863,-1.8416,-4.9978
-0.65927,-1.781,-4.9393
-0.91504,-1.716,-4.8728
-0.56803,-1.6502,-4.7981
-3.1265,-1.5797,-4.7152
-10.931,-1.5003,-4.6239
-18.637,-1.4343,-4.5267
-22.017,-1.3627,-4.425
-19.759,-1.279,-4.3165
-16.611,-1.1919,-4.2015
-14.55,-1.0977,-4.081
-13.093,-1.0071,-3.9571
-9.35,-0.89775,-3.8285
1.4168,-0.81629,-3.6952
11.866,-0.74633,-3.5627
18.929,-0.62193,-3.4231
20.882,-0.5366,-3.2727
16.639,-0.48297,-3.1229
13.176,-0.38179,-2.9688
10.523,-0.30134,-2.8069
9.4393,-0.21617,-2.6421
9.151,-0.10698,-2.4674
6.3147,-0.0088992,-2.2844
2.1643,0.090382,-2.0951
-2.3454,0.17141,-1.9039
-5.166,0.29311,-1.706
-6.0918,0.35353,-1.5041
-4.9906,0.48094,-1.3032
-2.9055,0.5889,-1.0925
-2.1475,0.67806,-0.88823
-0.83876,0.83452,-0.67001
1.6124,0.83491,-0.46215
5.6427,1.1304,-0.23962
11.701,0.75951,-0.028426
17.09,-0.025324,0.0062092
18.822,0.076398,-0.016335
16.718,0.071674,-0.0039886
11.703,0.022712,-0.010756
4.4611,0.057158,-0.006523
-2.1924,0.0032813,-0.0078914
-7.4175,0.047028,-0.0072691
-11.524,0.0057631,-0.0056569
-13.933,0.02582,-0.0072053
-14.721,0.016913,-0.0047721
-13.877,0.0067679,-0.0058819
-11.032,0.018577,-0.0045172
-5.8735,0.0026027,-0.0045134
-0.48277,0.0085936,-0.0040485
3.5195,0.0085599,-0.0035836
5.544,0.010228,-0.003085
5.028,-0.0015474,-0.0023089
2.5405,0.0069553,-0.0023839
-0.36759,0.010746,-0.00058431
-2.0511,-0.0021698,0.00058168
-3.3374,0.008961,0.0013128
-4.3758,0.0078888,0.0027749
-5.3215,-0.0058138,0.0031611
-6.6281,-0.00074889,0.0040422
-7.1037,-0.0011125,0.0041734
-6.3012,0.0026215,0.0050432
-4.0442,-0.0093529,0.0055831
-1.4561,0.0023253,0.0052756
1.1181,-0.0021623,0.007199
3.9809,-0.006005,0.0055193
6.3386,0.0091073,0.0084062
8.6626,-0.021188,0.0065878
10.54,0.027084,0.0081213
11.491,-0.036278,0.0089348
11.631,0.02822,0.0065054
10.108,-0.017754,0.01262
7.0483,-0.013597,0.0029212
3.0225,0.057038,0.018424
-1.1914,-0.17152,-0.0048584
-4.3766,1.1732,0.073983
-5.7665,2.3453,0.43392
-5.5077,1.9506,0.80879
-4.626,2.0012,1.1418
-3.1164,1.988,1.4824
-0.98347,1.9671,1.7845
1.1558,2.0468,2.0826
3.4339,2.0002,2.3579
5.111,2.0744,2.6234
5.4535,2.0683,2.8769
4.3111,2.117,3.1163
1.5642,2.1396,3.3503
-1.4449,2.1345,3.5664
-3.8516,2.1556,3.7688
-5.5601,2.1851,3.96
-6.2108,2.2175,4.1438
-6.2859,2.2122,4.3157
-6.2339,2.2042,4.4734
-5.915,2.1911,4.6172
-5.0052,2.1721,4.7446
-3.5805,2.1484,4.8568
-1.8458,2.1183,4.9534
0.34924,2.0887,5.0359
2.5962,2.0651,5.1067
4.3653,2.041,5.1653
5.6719,2.0099,5.2119
6.3012,1.9661,5.2459
6.4572,1.9184,5.2665
6.5121,1.8771,5.2753
5.7781,1.83,5.2728
4.2184,1.7794,5.2597
2.1726,1.7351,5.2375
-0.20867,1.6899,5.2055
-1.9613,1.6379,5.164
-2.6763,1.5852,5.1146
-2.4972,1.5288,5.0574
-1.6106,1.4652,4.9911
-0.39975,1.3998,4.9157
0.74263,1.3362,4.8322
1.6352,1.278,4.7417
2.3752,1.217,4.645
2.7997,1.1463,4.5404
2.6112,1.0738,4.4287
1.6154,1.0073,4.3113
0.25277,0.9448,4.1878
-1.1476,0.87189,4.0593
-2.4889,0.79773,3.9245
-3.2391,0.75051,3.7877
-3.5322,0.67977,3.6507
-3.4503,0.57341,3.5026
-3.1071,0.50839,3.3467
-2.9478,0.44499,3.1918
-2.913,0.34587,3.0304
-2.9541,0.27739,2.8622
-2.8416,0.1794,2.6915
-2.4904,0.06165,2.5094
-2.0365,-0.017275,2.3205
-1.5709,-0.11224,2.1274
-1.2385,-0.19462,1.9312
-0.89971,-0.31794,1.7295
-0.47678,-0.38738,1.5233
-0.17053,-0.5051,1.3177
-0.031424,-0.62398,1.1021
0.019057,-0.70521,0.89341
-0.17016,-0.86917,0.67182
-0.33431,-0.85779,0.45831
-0.24382,-1.1391,0.23629
0.081505,-0.86611,0.013141
0.84434,-0.039697,-0.0376
1.8158,-0.079369,-0.011596
2.8516,-0.10888,-0.023953
3.6908,-0.035127,-0.017909
4.0539,-0.083625,-0.020972
4.1432,-0.027326,-0.020672
3.7985,-0.063556,-0.020012
3.0659,-0.033811,-0.022224
2.2395,-0.044211,-0.020237
1.3035,-0.043889,-0.022566
0.42964,-0.029957,-0.021505
-0.224,-0.038741,-0.022674
-0.67497,-0.027033,-0.022963
-0.87839,-0.030722,-0.022877
-0.85259,-0.026313,-0.023754
-0.83128,-0.027678,-0.02432
-0.92551,-0.02349,-0.024437
-1.0111,-0.029511,-0.02498
-1.1398,-0.035427,-0.027068
-1.2983,-0.029946,-0.027612
-1.4251,-0.030955,-0.028609
-1.5358,-0.027434,-0.03
-1.547,-0.030224,-0.030323
-1.4565,-0.021192,-0.031208
-1.3522,-0.019494,-0.031118
-1.2983,-0.028746,-0.032403
-1.2804,-0.015216,-0.032272
-1.335,-0.03332,-0.033033
-1.3989,-0.01041,-0.033851
-1.4116,-0.027382,-0.032902
-1.372,-0.016431,-0.035568
-1.1039,-0.010414,-0.032587
-0.66226,-0.040935,-0.036678
-0.054234,0.015649,-0.033371
0.68766,-0.073705,-0.036059
1.3514,0.03634,-0.036464
1.9381,-0.08764,-0.032381
2.4014,0.034229,-0.044217
2.625,-0.0693,-0.0187
2.4526,-1.718,-0.19214
2.2107,-2.2332,-0.59218
1.8514,-1.874,-0.94221
1.3256,-2.0511,-1.2819
1.302,-1.9563,-1.6105
1.1828,-2.0225,-1.9081
1.0908,-2.0328,-2.2005
1.3753,-2.0401,-2.4689
1.2923,-2.0939,-2.7322
1.2714,-2.084,-2.9782
1.2059,-2.1516,-3.2161
0.9999,-2.1483,-3.4444
0.94231,-2.1608,-3.6551
0.77441,-2.18,-3.8538
0.63979,-2.2079,-4.0421
0.42141,-2.2272,-4.2227
0.34551,-2.2206,-4.3892
0.33915,-2.2206,-4.5416
0.2408,-2.2035,-4.6802
0.20266,-2.176,-4.8018
-0.022824,-2.1525,-4.9081
-0.29655,-2.1325,-5.0009
-0.63459,-2.1074,-5.0804
-0.96552,-2.0797,-5.1472
-1.151,-2.0503,-5.2021
-1.1678,-2.0159,-5.2448
-0.99731,-1.9724,-5.2746
-0.78454,-1.9246,-5.2917
-0.56391,-1.879,-5.2969
-0.3934,-1.836,-5.2907
-0.23186,-1.7911,-5.275
-0.16829,-1.7401,-5.2497
-0.23186,-1.6936,-5.2146
-0.30814,-1.6461,-5.1714
-0.35264,-1.5888,-5.1191
-0.3747,-1.5316,-5.0583
-0.37395,-1.473,-4.9895
-0.21166,-1.4104,-4.912
0.10394,-1.3418,-4.826
0.48872,-1.2799,-4.7322
0.82938,-1.2228,-4.6334
1.0885,-1.15,-4.5281
1.1521,-1.0793,-4.4152
1.0257,-1.0106,-4.2958
0.89968,-0.94491,-4.1711
0.62745,-0.87087,-4.0411
0.37916,-0.80131,-3.9044
0.18471,-0.75719,-3.768
-0.079662,-0.6645,-3.6278
-0.20119,-0.5662,-3.4746
-0.38218,-0.51763,-3.3189
-0.58111,-0.43169,-3.163
-0.65852,-0.3344,-2.9979
-0.74228,-0.26858,-2.829
-0.87204,-0.15629,-2.6539
-1.0672,-0.049036,-2.4675
-1.1884,0.04656,-2.2762
-1.2665,0.13426,-2.0797
-1.2071,0.2253,-1.8815
-1.065,0.33467,-1.676
-0.99058,0.40241,-1.4711
-0.841,0.55657,-1.2609
-0.73592,0.62325,-1.0464
-0.71498,0.77418,-0.83535
-0.81632,0.85007,-0.61097
-0.92888,0.91659,-0.40228
-0.91616,1.155,-0.16345
-0.89709,0.45778,0.0031761
-0.77855,-0.06173,-0.0054357
-0.57214,0.13139,-0.012672
-0.32609,0.022397,-0.0046597
0.038128,0.040048,-0.01079
0.42179,0.034795,-0.0049521
0.73664,0.01653,-0.00857
0.94792,0.039219,-0.0057019
1.0627,0.0052795,-0.0063955
1.0541,0.026641,-0.006298
0.8836,0.0078363,-0.0048246
0.70112,0.015226,-0.0054657
0.5336,0.0098796,-0.004026
0.44535,0.0068541,-0.004281
0.42964,0.0099245,-0.0035986
0.46891,0.010974,-0.00319
0.57922,0.0033,-0.0024252
0.6297,-0.0042317,-0.0025001
0.78339,0.014067,-0.0018478
0.93334,-0.0021173,-0.00012317
0.964,-0.0030958,0.00055168
0.9999,0.012631,0.0016502
0.95278,0.0069966,0.0030861
0.83873,0.0035137,0.0031724
0.69962,0.003495,0.0037835
0.53584,-0.00115,0.0045595
0.32756,0.0084624,0.0050882
0.10282,-0.00031026,0.0058867
-0.12865,0.0015343,0.0053619
-0.42593,0.0039824,0.0074876
-0.73218,-0.012277,0.0059992
-0.99132,0.014708,0.0078776
-1.1768,-0.025826,0.0076189
-1.268,0.016943,0.0071502
-1.2579,-0.021065,0.010232
-1.1196,0.00090817,0.0054593
-0.92289,0.013066,0.013096
-0.61963,-0.051169,0.0040946
-0.32384,0.097749,0.015222
-0.14211,-0.19938,0.0024675
0.022797,0.77708,0.032899
0.059069,2.2622,0.34673
0.21612,2.0152,0.73556
0.21799,1.9316,1.0631
0.10656,1.9995,1.4045
0.34401,1.9279,1.7101
0.33279,2.0275,2.0055
0.48424,1.9825,2.2831
0.86977,2.0485,2.5456
1.0605,2.0514,2.8
1.449,2.0911,3.0395
1.682,2.105,3.2716
1.8184,2.0944,3.4833
1.9377,2.1367,3.6853
1.9583,2.147,3.8786
1.9605,2.171,4.0607
1.7855,2.1618,4.2298
1.6348,2.1531,4.3835
1.3783,2.133,4.5227
1.142,2.1059,4.6449
0.92661,2.0885,4.7516
0.59978,2.052,4.844
0.36832,2.0304,4.9228
0.12825,2.0118,4.9895
-0.016093,1.9745,5.0456
-0.138,1.9265,5.0888
-0.25205,1.8874,5.118
-0.28869,1.8486,5.1352
-0.35451,1.8008,5.1404
-0.41209,1.7582,5.1347
-0.52614,1.7064,5.1196
-0.62486,1.6602,5.0953
-0.77145,1.6151,5.0609
-0.94084,1.5629,5.0177
-1.0515,1.512,4.9669
-1.2359,1.4498,4.907
-1.3425,1.3906,4.8385
-1.3514,1.3293,4.7614
-1.2811,1.2644,4.6758
-1.1704,1.2071,4.5842
-1.0164,1.1307,4.4851
-0.73368,1.0622,4.3781
-0.47267,1.0034,4.2653
-0.18212,0.92577,4.1459
0.050468,0.85871,4.0215
0.14395,0.78985,3.8909
0.27707,0.74128,3.756
0.33578,0.68195,3.6221
0.26735,0.57069,3.4796
0.21425,0.50003,3.3269
0.16228,0.44646,3.1749
0.061312,0.34824,3.0179
-0.011979,0.27433,2.8528
-0.033294,0.19627,2.6859
-0.048999,0.080181,2.5091
-0.016467,-0.01005,2.3237
-0.011979,-0.10534,2.1331
-0.031798,-0.18749,1.9392
-0.033294,-0.3028,1.7409
-0.07854,-0.37927,1.5362
-0.066574,-0.48699,1.3336
-0.054982,-0.61093,1.1205
-0.091254,-0.67785,0.91318
-0.1279,-0.85522,0.6959
-0.17838,-0.84431,0.48142
-0.22961,-1.1006,0.26558
-0.32609,-0.94895,0.035471
-0.44276,-0.088311,-0.036314
-0.59906,-0.046839,-0.0083788
-0.66824,-0.11869,-0.019184
-0.69629,-0.025234,-0.014846
-0.82679,-0.084161,-0.016282
-0.82081,-0.02613,-0.017362
-0.7105,-0.060073,-0.015716
-0.55382,-0.034348,-0.018517
-0.3403,-0.0359,-0.016192
-0.17763,-0.038996,-0.018535
-0.03479,-0.025016,-0.0178
0.094219,-0.040616,-0.018685
0.17312,-0.024266,-0.019206
0.18434,-0.030284,-0.01921
0.22136,-0.027172,-0.019926
0.26025,-0.025946,-0.020147
0.27745,-0.022666,-0.020916
0.3556,-0.027509,-0.020721
0.4087,-0.029834,-0.021883
0.51079,-0.02367,-0.023289
0.65213,-0.024289,-0.023927
0.75983,-0.023963,-0.025243
0.87126,-0.031015,-0.02609
0.89258,-0.02869,-0.026112
0.87014,-0.019831,-0.02729
0.85406,-0.021252,-0.027323
0.79087,-0.029343,-0.028227
0.70075,-0.013342,-0.028441
0.65251,-0.02586,-0.028643
0.57548,-0.012011,-0.030263
0.46143,-0.0188,-0.028591
0.35037,-0.025121,-0.03171
0.16751,0.00082944,-0.029254
0.0052217,-0.046329,-0.031924
-0.11332,0.021295,-0.031103
-0.28121,-0.061393,-0.030049
-0.39714,0.010041,-0.034822
-0.48763,-0.032128,-0.026409
-0.58074,-0.038963,-0.041514
-0.51567,0.092373,-0.015101
-0.534,-1.371,-0.12537
-0.44201,-2.282,-0.50284
-0.20605,-1.8797,-0.86717
-0.2068,-2.0024,-1.1989
0.082253,-1.9609,-1.5324
0.31522,-1.9746,-1.8297
0.26997,-2.0184,-2.1223
0.49209,-1.9956,-2.3909
0.46853,-2.0673,-2.6517
0.39225,-2.06,-2.9001
0.50555,-2.1136,-3.1382
0.4977,-2.0986,-3.3638
0.61661,-2.1167,-3.5704
0.75908,-2.1548,-3.7704
0.89482,-2.1665,-3.9596
0.97597,-2.1797,-4.1382
1.0231,-2.1665,-4.3017
1.0878,-2.1615,-4.451
1.0291,-2.1337,-4.5849
1.0466,-2.1109,-4.7011
1.0302,-2.0928,-4.8042
0.99092,-2.0595,-4.8931
1.0276,-2.0379,-4.9683
1.0092,-2.0134,-5.0319
0.95802,-1.9754,-5.0836
0.92249,-1.9385,-5.1228
0.83686,-1.8958,-5.1491
0.64653,-1.8448,-5.1624
0.42067,-1.8001,-5.1643
0.1432,-1.7581,-5.1563
-0.12005,-1.7092,-5.1383
-0.37059,-1.6584,-5.1104
-0.55232,-1.6107,-5.0735
-0.64244,-1.5573,-5.0272
-0.75238,-1.4998,-4.9726
-0.75724,-1.4415,-4.9099
-0.77706,-1.3785,-4.8385
-0.81856,-1.315,-4.7582
-0.8324,-1.2542,-4.6694
-0.93336,-1.2,-4.5756
-0.98459,-1.1324,-4.4756
-1.0313,-1.0584,-4.3675
-1.1121,-0.99048,-4.2531
-1.1398,-0.92449,-4.1325
-1.1005,-0.854,-4.007
-1.0306,-0.78202,-3.8747
-0.93299,-0.74026,-3.7404
-0.79762,-0.65937,-3.6051
-0.7191,-0.55116,-3.4574
-0.61514,-0.50075,-3.3036
-0.48501,-0.43006,-3.1512
-0.43603,-0.33147,-2.9904
-0.34105,-0.26631,-2.8245
-0.21204,-0.16532,-2.6546
-0.083028,-0.056242,-2.473
0.09908,0.038451,-2.285
0.2408,0.12712,-2.0911
0.34999,0.21261,-1.8955
0.47414,0.33271,-1.6928
0.56463,0.38871,-1.4888
0.56314,0.53366,-1.2822
0.54519,0.61448,-1.0685
0.49919,0.73345,-0.86049
0.36046,0.8557,-0.63755
0.32382,0.88065,-0.42946
0.26773,1.1651,-0.197
0.17237,0.59631,-0.0075615
0.21351,-0.062401,0.00085162
0.20304,0.11661,-0.014078
0.1993,0.034499,-0.0034374
0.16863,0.027616,-0.010366
0.044859,0.051614,-0.0049971
-0.022076,0.0084474,-0.0077602
-0.099481,0.040621,-0.0056982
-0.21428,0.003405,-0.0053682
-0.26925,0.0266,-0.0061031
-0.26925,0.0096696,-0.0043447
-0.32571,0.011675,-0.0051545
-0.32721,0.010506,-0.0036024
-0.3216,0.0037312,-0.0037149
-0.35226,0.011289,-0.0031487
-0.26626,0.0024415,-0.0027963
-0.2614,0.0018529,-0.0019678
-0.27074,-0.0012925,-0.0017391
-0.19932,0.01003,-0.0015066
-0.17128,0.010026,0.00013553
-0.074801,0.0040986,0.00099784
0.047103,0.0056394,0.0018039
0.16676,0.0097258,0.0031836
0.31858,0.00033832,0.0038022
0.43413,0.00067573,0.0041359
0.49919,0.0056769,0.0052419
0.53995,-0.0017236,0.0049645
0.54818,0.0047846,0.0063217
0.51826,-0.0058438,0.0062317
0.51602,0.0089048,0.006794
0.48087,-0.010009,0.0076901
0.42254,0.006393,0.0067753
0.39711,-0.0034444,0.0094635
0.37692,-0.012764,0.0063441
0.38477,0.022555,0.010502
0.40085,-0.039982,0.0074651
0.39113,0.046136,0.0098421
0.35822,-0.057486,0.010761
0.32569,0.052779,0.0059355
0.2251,-0.065963,0.018079
0.14507,0.020302,-0.0077827
0.068417,1.6976,0.15777
0.068043,2.2708,0.55208
0.19443,1.8694,0.89929
0.11703,2.0158,1.2344
0.18845,1.9264,1.5612
0.21837,1.9805,1.8569
0.096089,1.9898,2.1466
0.26548,1.9959,2.4126
0.22472,2.0529,2.6728
0.20939,2.0467,2.9183
0.28418,2.0907,3.1545
0.23033,2.0718,3.3744
0.3197,2.1019,3.5795
0.36121,2.1327,3.7789
0.47451,2.1439,3.9659
0.52649,2.1459,4.1411
0.52911,2.135,4.301
0.54594,2.1181,4.4464
0.45993,2.0847,4.5753
0.47077,2.0604,4.6884
0.393,2.0329,4.787
0.36233,1.9973,4.8707
0.39449,1.9811,4.9429
0.41655,1.9595,5.0034
0.51939,1.9073,5.0513
0.62259,1.8618,5.086
0.71757,1.8216,5.1079
0.68691,1.7853,5.1183
0.66522,1.7449,5.117
0.55977,1.6961,5.1059
0.36084,1.6529,5.0854
0.20827,1.5933,5.0546
-0.008614,1.5476,5.015
-0.1638,1.5007,4.9677
-0.2786,1.4271,4.9113
-0.35039,1.3755,4.846
-0.40611,1.3117,4.7723
-0.44986,1.2422,4.69
-0.46519,1.1962,4.6008
-0.56242,1.1301,4.505
-0.60205,1.0561,4.4012
-0.68395,0.99035,4.2913
-0.7778,0.92369,4.1747
-0.76733,0.86173,4.0526
-0.79239,0.78693,3.925
-0.79014,0.72609,3.7913
-0.75163,0.6824,3.6584
-0.71087,0.58076,3.52
-0.70077,0.48605,3.3691
-0.71311,0.44786,3.217
-0.71274,0.36818,3.0628
-0.73331,0.27507,2.8994
-0.74527,0.20094,2.7337
-0.75799,0.088789,2.5606
-0.70414,-0.00082762,2.3772
-0.57476,-0.094943,2.1891
-0.43079,-0.17462,1.9966
-0.27486,-0.27097,1.8011
-0.10733,-0.37342,1.5969
0.062808,-0.44792,1.3948
0.16751,-0.59594,1.1844
0.25987,-0.65052,0.9739
0.28867,-0.81628,0.76186
0.25277,-0.85406,0.54181
0.28306,-0.99898,0.33388
0.25165,-1.112,0.094303
0.24005,-0.29459,-0.034893
0.29577,0.021434,-0.012278
0.33541,-0.14666,-0.014074
0.41768,-0.022317,-0.016485
0.38701,-0.079463,-0.012897
0.35859,-0.03948,-0.017189
0.37056,-0.044938,-0.01398
0.28007,-0.049505,-0.017489
0.24267,-0.021503,-0.015517
0.23071,-0.045827,-0.016897
0.14769,-0.021155,-0.017212
0.069539,-0.038865,-0.017107
0.080757,-0.033035,-0.018213
0.044485,-0.024814,-0.017857
-0.00076128,-0.034621,-0.018543
0.0067175,-0.03016,-0.018787
-0.08415,-0.026448,-0.019739
-0.11706,-0.026152,-0.019465
-0.15146,-0.025804,-0.02029
-0.22288,-0.031892,-0.02167
-0.1825,-0.027367,-0.022401
-0.17315,-0.029665,-0.023615
-0.11519,-0.033009,-0.024916
-0.015719,-0.013597,-0.025205
0.010457,-0.027584,-0.025711
0.057199,-0.023168,-0.026656
0.14208,-0.020015,-0.026442
0.18247,-0.022148,-0.027646
0.17649,-0.012071,-0.027267
0.17611,-0.02595,-0.028782
0.14283,-0.0026909,-0.028249
0.129,-0.031847,-0.028842
0.13161,-0.0007114,-0.029997
0.13423,-0.02944,-0.028148
0.17013,-0.020956,-0.032269
0.22098,0.00039456,-0.027113
0.25987,-0.055807,-0.033892
0.30101,0.052828,-0.027755
0.30961,-0.11882,-0.032876
0.29166,0.14355,-0.031624
0.27745,-0.44405,-0.029157
0.18471,-2.075,-0.28891
0.28605,-2.0816,-0.68901
0.31484,-1.8786,-1.0209
0.30624,-2.0146,-1.3607
0.62185,-1.9151,-1.6733
0.62559,-2.0145,-1.9687
0.68242,-1.9753,-2.2507
0.81368,-2.021,-2.5126
0.62372,-2.0471,-2.7696
0.654,-2.0687,-3.0115
0.63606,-2.0877,-3.2447
0.56538,-2.0702,-3.4585
0.57996,-2.121,-3.662
0.5837,-2.133,-3.8576
0.59417,-2.1486,-4.041
0.51602,-2.1416,-4.2117
0.54818,-2.1303,-4.3669
0.46554,-2.1105,-4.5076
0.36345,-2.079,-4.6304
0.31073,-2.066,-4.7392
0.21276,-2.039,-4.835
0.23594,-2.01,-4.9161
0.21911,-1.986,-4.9853
0.2681,-1.9568,-5.0426
0.29914,-1.9163,-5.0871
0.30886,-1.87,-5.1182
0.34738,-1.8234,-5.1367
0.27894,-1.7779,-5.1438
0.1993,-1.7359,-5.1396
0.06393,-1.6895,-5.1259
-0.10135,-1.6406,-5.1027
-0.22737,-1.5928,-5.0697
-0.31113,-1.5426,-5.0278
-0.39527,-1.486,-4.9773
-0.43603,-1.4288,-4.9184
-0.41022,-1.3695,-4.8507
-0.37844,-1.3011,-4.7742
-0.32123,-1.2412,-4.6888
-0.31711,-1.1889,-4.5975
-0.30328,-1.1197,-4.5008
-0.30403,-1.0496,-4.3958
-0.36236,-0.98576,-4.2843
-0.39751,-0.91965,-4.1663
-0.42855,-0.85737,-4.0427
-0.43266,-0.77977,-3.9132
-0.44687,-0.7257,-3.7795
-0.42593,-0.67339,-3.6462
-0.41808,-0.5638,-3.5032
-0.46257,-0.49016,-3.3503
-0.45584,-0.438,-3.1984
-0.46706,-0.33432,-3.0407
-0.50595,-0.26051,-2.8754
-0.53437,-0.18072,-2.7074
-0.50969,-0.067189,-2.5288
-0.4551,0.022041,-2.3422
-0.38966,0.11841,-2.1502
-0.2958,0.19269,-1.956
-0.21054,0.30978,-1.7562
-0.090506,0.38177,-1.5513
-0.055356,0.49216,-1.3482
-0.050869,0.60958,-1.1337
0.0011084,0.68476,-0.92601
-0.0576,0.85668,-0.70623
-0.094994,0.84367,-0.49197
-0.082654,1.1168,-0.27229
-0.10472,0.87417,-0.046549
-0.059096,0.024516,0.011113
-0.012727,0.05113,-0.01581
0.10207,0.092849,-0.0035124
0.24903,0.0089161,-0.0090949
0.24978,0.066939,-0.0065267
0.30961,0.0079301,-0.0062418
0.35485,0.042144,-0.0071266
0.3227,0.011353,-0.004446
0.33728,0.020594,-0.0063768
0.30961,0.021948,-0.0038873
0.258,0.008275,-0.0047646
0.20565,0.020834,-0.0037111
0.22958,0.0071953,-0.0034674
0.1963,0.01295,-0.0033774
0.10768,0.011008,-0.0025864
0.13348,0.0089535,-0.0022902
0.096089,0.0011744,-0.0016416
0.13947,0.0043273,-0.0017241
0.13909,0.013081,-0.00051683
0.034389,-0.00041523,0.00078788
0.12526,-0.0080707,0.0016314
0.14134,0.010487,0.0029811
0.092349,0.0033525,0.0039559
0.16302,9.1119e-07,0.0037985
0.16527,0.0093697,0.0049682
0.088236,-0.0057351,0.0053619
0.087488,0.0083725,0.0057968
0.049346,-0.0084156,0.0064679
-0.037033,0.00054827,0.0062467
-0.03292,0.0043985,0.0082112
-0.068444,-0.0066161,0.0065354
-0.12977,0.012669,0.0091035
-0.13052,-0.022816,0.0075551
-0.13725,0.027665,0.0088148
-0.13987,-0.031566,0.010045
-0.071062,0.024849,0.0069815
0.022423,-0.010095,0.013666
0.088984,-0.02138,0.0038997
0.12787,0.068638,0.018263
0.15891,-0.18217,-0.0031562
0.16639,1.0896,0.065787
0.19817,2.309,0.41643
0.37916,1.9277,0.79194
0.3986,1.9562,1.1202
0.40272,1.9586,1.4582
0.54182,1.933,1.7587
0.45657,2.0036,2.0533
0.5336,1.9596,2.3263
0.63456,2.0391,2.5883
0.60876,2.0273,2.8399
0.73851,2.0719,3.0786
0.73365,2.0635,3.3065
0.74188,2.0694,3.5149
0.75011,2.12,3.717
0.7516,2.1225,3.9086
0.78413,2.1308,4.0884
0.68317,2.1143,4.2539
0.6813,2.1057,4.4038
0.59156,2.0776,4.5384
0.47115,2.0417,4.6556
0.3986,2.0231,4.7588
0.30362,2.0005,4.8484
0.30512,1.9751,4.9244
0.24828,1.9459,4.9893
0.24791,1.9091,5.0422
0.258,1.8673,5.0815
0.24978,1.8209,5.1082
0.24492,1.7643,5.1227
0.13273,1.7265,5.1248
0.056825,1.6892,5.117
-0.065079,1.6315,5.0997
-0.23073,1.5864,5.0719
-0.30365,1.5388,5.0355
-0.41471,1.4887,4.9914
-0.51979,1.4304,4.9383
-0.5138,1.3695,4.876
-0.52951,1.3159,4.8054
-0.50894,1.2411,4.7258
-0.46145,1.1833,4.6385
-0.47566,1.1325,4.5457
-0.43229,1.0588,4.4451
-0.45285,0.99345,4.3367
-0.48389,0.92678,4.222
-0.46931,0.8645,4.1018
-0.47379,0.79276,3.9766
-0.41995,0.72409,3.8445
-0.41695,0.68807,3.7116
-0.39452,0.59982,3.5767
-0.37881,0.49485,3.4289
-0.39901,0.45099,3.2762
-0.35638,0.38122,3.1239
-0.36236,0.27988,2.9626
-0.4091,0.21945,2.7968
-0.43303,0.11877,2.6265
-0.41247,0.0093022,2.4443
-0.37171,-0.070113,2.257
-0.30328,-0.16429,2.0646
-0.22475,-0.24818,1.8696
-0.14435,-0.35756,1.6674
-0.052365,-0.42203,1.464
-0.030302,-0.55951,1.2574
-0.00038735,-0.64017,1.0439
0.021301,-0.76211,0.8362
-0.029181,-0.87062,0.61389
-0.046008,-0.89987,0.40605
-0.08228,-1.1788,0.17255
-0.10285,-0.60326,-0.015345
-0.037781,0.043145,-0.022348
-0.0056225,-0.13294,-0.0082551
0.067295,-0.053764,-0.018419
0.10506,-0.052845,-0.011356
0.077766,-0.068553,-0.016874
0.14134,-0.023487,-0.01374
0.14694,-0.062461,-0.015821
0.12787,-0.025545,-0.015971
0.16564,-0.045418,-0.015296
0.14358,-0.031656,-0.017092
0.1174,-0.032889,-0.016008
0.13872,-0.030936,-0.017662
0.12376,-0.030317,-0.017249
0.11441,-0.039442,-0.017666
0.15181,-0.022538,-0.018277
0.13012,-0.023787,-0.018835
0.099828,-0.026366,-0.019079
0.093471,-0.033946,-0.019308
0.088236,-0.029624,-0.020684
0.13722,-0.0212,-0.021715
0.15181,-0.028158,-0.022614
0.18883,-0.027487,-0.023807
0.24155,-0.018677,-0.024459
0.23781,-0.02637,-0.024665
0.25539,-0.024079,-0.025816
0.23744,-0.020982,-0.025681
0.21238,-0.02646,-0.02678
0.18621,-0.014219,-0.026843
0.13722,-0.034265,-0.02738
0.077766,-0.010005,-0.028339
0.014196,-0.024975,-0.027286
-0.017589,-0.017293,-0.029985
-0.040773,-0.0052702,-0.026922
-0.039277,-0.043495,-0.03093
-0.010858,0.021235,-0.028189
0.0067175,-0.062525,-0.029895
0.029902,0.038751,-0.031534
0.034389,-0.070151,-0.025985
0.010831,0.019702,-0.038901
0.05346,-0.023352,-0.012499
-0.0030049,-1.6359,-0.16876
0.059443,-2.2349,-0.56189
0.215,-1.8451,-0.91274
0.14994,-2.0042,-1.2469
0.41356,-1.9225,-1.5742
0.57174,-1.9722,-1.87
0.55491,-1.9809,-2.1599
0.78189,-1.9785,-2.4254
0.64503,-2.0393,-2.6855
0.61661,-2.0345,-2.9318
0.69028,-2.0739,-3.168
0.60651,-2.0523,-3.3887
0.68168,-2.0923,-3.5945
0.70224,-2.1172,-3.7945
0.79834,-2.1234,-3.9821
0.77553,-2.1284,-4.1576
0.73253,-2.1133,-4.3181
0.71122,-2.1002,-4.4644
0.54369,-2.0633,-4.5931
0.52275,-2.0456,-4.7054
0.43675,-2.0263,-4.8059
0.34625,-1.9911,-4.8917
0.32494,-1.9695,-4.9642
0.31148,-1.9421,-5.0257
0.31709,-1.9026,-5.0749
0.33317,-1.8608,-5.1106
0.3829,-1.8158,-5.1335
0.30026,-1.7683,-5.1445
0.2165,-1.721,-5.1438
0.11778,-1.678,-5.1333
-0.073305,-1.6299,-5.1133
-0.24345,-1.5784,-5.0834
-0.36348,-1.5271,-5.0438
-0.4177,-1.4759,-4.9963
-0.49623,-1.4262,-4.9411
-0.51268,-1.3643,-4.8767
-0.47716,-1.3018,-4.8037
-0.50109,-1.2362,-4.7217
-0.47791,-1.1762,-4.6324
-0.46482,-1.123,-4.5373
-0.51044,-1.052,-4.435
-0.50782,-0.9862,-4.326
-0.52951,-0.91994,-4.2103
-0.54895,-0.85142,-4.0885
-0.5138,-0.77839,-3.9614
-0.51493,-0.72229,-3.8283
-0.4551,-0.67652,-3.6956
-0.39003,-0.57098,-3.5568
-0.38442,-0.48534,-3.4054
-0.39975,-0.446,-3.2533
-0.39751,-0.35354,-3.0987
-0.37208,-0.26919,-2.9346
-0.42855,-0.20476,-2.7681
-0.42331,-0.086646,-2.5936
-0.34703,0.0081775,-2.4084
-0.31936,0.10453,-2.2181
-0.23335,0.18288,-2.0232
-0.1006,0.28021,-1.8255
-0.025815,0.37287,-1.6201
0.052338,0.45335,-1.4173
0.098332,0.59658,-1.2055
0.10805,0.64564,-0.99469
0.12077,0.82882,-0.78068
0.036259,0.84062,-0.55941
0.0022302,0.99882,-0.3497
-0.0063704,1.0965,-0.10912
-0.026189,0.24522,0.013336
0.02878,-0.034557,-0.011356
0.067669,0.12599,-0.0075053
0.13647,4.9648e-05,-0.0057769
0.14433,0.063532,-0.0088325
0.14545,0.021393,-0.0045022
0.18359,0.024369,-0.0076852
0.15854,0.025588,-0.0040748
0.16826,0.011548,-0.0059456
0.17387,0.025925,-0.0043972
0.13498,0.0046647,-0.0042248
0.073652,0.015571,-0.0043522
0.075896,0.0049384,-0.003025
0.083001,0.0089086,-0.003235
0.055329,0.0035362,-0.0025039
0.10469,0.0074914,-0.0021852
0.087114,0.0039824,-0.0014466
0.049346,-0.000344,-0.0016191
0.031771,0.011004,-0.00081676
0.023171,0.0043723,0.0007054
0.067669,0.0053957,0.0015602
0.07814,0.0070228,0.0027075
0.14358,0.0045747,0.0039709
0.16452,0.00092692,0.0041171
0.19743,0.0069141,0.0049195
0.23519,0.00051078,0.0056281
0.18957,0.0054932,0.0056655
0.22771,0.0033413,0.0070452
0.17424,-0.0035307,0.0064341
0.13049,0.0091185,0.008185
0.12488,-0.0091242,0.0072439
0.035511,0.012751,0.0083987
0.031397,-0.020656,0.0089986
0.045233,0.012508,0.0076076
0.047851,-0.011737,0.011413
0.097584,-0.0055176,0.0062692
0.1275,0.024358,0.013576
0.12451,-0.065356,0.0059805
0.12077,0.10311,0.01406
0.12039,-0.18961,0.0075589
0.10132,0.59263,0.018904
0.081505,2.1836,0.30474
0.25015,2.0548,0.69976
0.30998,1.8864,1.029
0.26885,1.9839,1.3707
0.44871,1.8978,1.6802
0.38776,1.9931,1.9762
0.40758,1.9478,2.2566
0.57174,2.0022,2.5194
0.51191,2.0146,2.7762
0.5953,2.044,3.0174
0.5837,2.0467,3.2497
0.55454,2.0352,3.4624
0.62072,2.091,3.6667
0.63606,2.0958,3.8626
0.70149,2.1144,4.046
0.65774,2.0975,4.2164
0.64503,2.0863,4.3714
0.55416,2.0701,4.5121
0.45283,2.0351,4.6349
0.42628,2.019,4.7433
0.31671,1.971,4.8371
0.30736,1.9471,4.9162
0.27894,1.9363,4.985
0.29652,1.8891,5.0418
0.33728,1.8562,5.0859
0.34812,1.812,5.1174
0.37916,1.7608,5.135
0.29652,1.7203,5.1409
0.20939,1.6674,5.1372
0.083001,1.628,5.1228
-0.083402,1.5748,5.0985
-0.25205,1.5204,5.0653
-0.36647,1.4782,5.0232
-0.42556,1.4152,4.9727
-0.49025,1.3689,4.9138
-0.44537,1.3045,4.8461
-0.43715,1.2322,4.7703
-0.42294,1.1914,4.6865
-0.38143,1.1298,4.5967
-0.43154,1.0596,4.4996
-0.4435,0.99605,4.3937
-0.46257,0.92541,4.2812
-0.5168,0.85871,4.1625
-0.54335,0.80067,4.039
-0.53848,0.72494,3.9087
-0.51567,0.67399,3.7753
-0.48314,0.62024,3.6418
-0.44276,0.51074,3.4976
-0.46407,0.44665,3.3448
-0.4551,0.39225,3.1924
-0.41359,0.29347,3.034
-0.46706,0.22702,2.8683
-0.48352,0.1446,2.7002
-0.4435,0.030049,2.5213
-0.40948,-0.052212,2.3351
-0.33431,-0.14416,2.1443
-0.23485,-0.22224,1.9492
-0.15595,-0.3318,1.7494
-0.05947,-0.40657,1.5442
0.023545,-0.5164,1.3403
0.031771,-0.63368,1.1255
0.056825,-0.70138,0.91724
0.043737,-0.87455,0.6982
0.0022302,-0.85654,0.48247
0.003352,-1.1151,0.26437
-0.030676,-0.9366,0.034377
0.013448,-0.075066,-0.033911
0.094967,-0.052444,-0.0060169
0.13573,-0.11481,-0.017294
0.21051,-0.020795,-0.012784
0.21313,-0.081971,-0.01443
0.20453,-0.02472,-0.015184
0.23632,-0.05707,-0.013751
0.21687,-0.030906,-0.01656
0.20304,-0.034932,-0.014411
0.20752,-0.039045,-0.016687
0.14956,-0.023464,-0.015877
0.094593,-0.036559,-0.016796
0.097211,-0.0243,-0.017174
0.054582,-0.028458,-0.017268
0.069539,-0.026636,-0.017995
0.099828,-0.029009,-0.018314
0.02691,-0.021151,-0.018918
0.026536,-0.024945,-0.018843
0.038502,-0.030917,-0.020125
0.048599,-0.023494,-0.021216
0.074026,-0.025309,-0.022086
0.077766,-0.027513,-0.023229
0.10581,-0.025087,-0.024193
0.14358,-0.022591,-0.024298
0.18097,-0.025541,-0.025363
0.15368,-0.018171,-0.025752
0.16003,-0.02114,-0.026082
0.16078,-0.012941,-0.026768
0.13012,-0.02361,-0.026645
0.12638,-0.014583,-0.028437
0.068043,-0.012547,-0.026918
0.03925,-0.0286,-0.029352
0.034389,0.0060893,-0.027638
0.037754,-0.048125,-0.029295
0.090854,0.01394,-0.02997
0.12301,-0.039885,-0.027372
0.126,-0.00098883,-0.033798
0.15816,-0.0043142,-0.024107
0.14657,-0.073154,-0.038875
0.13086,0.15106,-0.016312
0.082253,-1.1479,-0.092488
0.0744,-2.2768,-0.44925
0.22734,-1.89,-0.8238
0.19331,-1.954,-1.1525
0.34999,-1.9525,-1.4897
0.59268,-1.9274,-1.79
0.53808,-1.9909,-2.0841
0.73926,-1.9512,-2.3558
0.73478,-2.0224,-2.6173
0.60801,-2.0193,-2.8688
0.70037,-2.0592,-3.1082
0.60801,-2.0431,-3.3354
0.62895,-2.058,-3.5438
0.64204,-2.0978,-3.7464
0.64727,-2.1017,-3.938
0.66784,-2.1131,-4.1179
0.57922,-2.0977,-4.2834
0.56089,-2.0867,-4.4341
0.44684,-2.0522,-4.5687
0.38178,-2.0318,-4.6857
0.31858,-2.0169,-4.7914
0.26623,-1.98,-4.8829
0.28231,-1.9583,-4.9595
0.2681,-1.9307,-5.0252
0.31222,-1.8901,-5.0782
0.33578,-1.852,-5.1185
0.38178,-1.8087,-5.1461
0.34812,-1.7598,-5.1612
0.26885,-1.7146,-5.1647
0.18583,-1.6693,-5.1577
0.019057,-1.6235,-5.1413
-0.14622,-1.5739,-5.1148
-0.28869,-1.5182,-5.0784
-0.3732,-1.4679,-5.0336
-0.43976,-1.414,-4.9805
-0.44313,-1.3538,-4.9186
-0.43303,-1.2949,-4.848
-0.40985,-1.2338,-4.7692
-0.35413,-1.1766,-4.6826
-0.38629,-1.1195,-4.5899
-0.38854,-1.0537,-4.4906
-0.37881,-0.98907,-4.3841
-0.40835,-0.91926,-4.2707
-0.43266,-0.853,-4.1506
-0.44537,-0.78539,-4.0258
-0.44911,-0.72057,-3.8942
-0.45659,-0.6793,-3.7613
-0.41396,-0.59296,-3.6258
-0.43453,-0.49276,-3.4773
-0.49773,-0.44734,-3.3245
-0.45659,-0.37171,-3.1715
-0.45958,-0.27568,-3.0098
-0.50932,-0.22149,-2.8437
-0.47155,-0.11386,-2.6723
-0.41284,-0.0030658,-2.4885
-0.36797,0.075783,-2.2999
-0.26663,0.16507,-2.1062
-0.16043,0.24647,-1.9099
-0.09275,0.35645,-1.7066
-0.0015092,0.41195,-1.5019
0.027658,0.55158,-1.2941
0.056825,0.63291,-1.0793
0.10992,0.75816,-0.87001
0.035137,0.87782,-0.64549
0.027284,0.89357,-0.43608
0.023919,1.1779,-0.20179
-0.048625,0.61217,-0.0083901
0.023919,-0.06191,0.0017627
0.089358,0.11422,-0.01359
0.15704,0.044262,-0.0028788
0.21949,0.027837,-0.0099422
0.20042,0.045844,-0.0043297
0.25651,0.01187,-0.0072991
0.29652,0.04446,-0.005177
0.25613,0.0018079,-0.0048884
0.25464,0.021059,-0.0055557
0.2595,0.0063967,-0.0034787
0.17761,0.015522,-0.0046072
0.13872,0.013902,-0.00298
0.13273,0.0046047,-0.0032125
0.07627,0.012811,-0.0026688
0.083749,0.0065167,-0.0021027
0.060939,0.010731,-0.0014054
0.012327,-0.0027546,-0.0012892
0.0011084,0.004481,-0.0010642
-0.0063704,0.012789,0.00018427
0.031023,0.0077689,0.00086287
0.061686,0.0085449,0.0022988
0.11441,0.0036599,0.0033411
0.15667,0.0037537,0.0040871
0.18845,0.0022728,0.0043833
0.19331,0.0019804,0.0052719
0.15293,-0.0019861,0.0057743
0.18808,0.0083237,0.0059355
0.15405,0.0010169,0.0073152
0.096837,-0.00017529,0.0066066
0.093471,0.0036337,0.0083949
0.041868,-0.010073,0.0074839
0.012327,0.018559,0.0089011
-0.0018831,-0.024806,0.0088786
0.022049,0.019301,0.00823
0.06206,-0.015794,0.011271
0.1103,-0.0022073,0.0065916
0.14059,0.018495,0.014195
0.16639,-0.062559,0.0053056
0.16938,0.099278,0.015436
0.14171,-0.19499,0.0053769
0.18658,0.69909,0.027478
0.12713,2.2192,0.32885
0.27296,2.0047,0.71876
0.35411,1.887,1.0443
0.26436,1.9707,1.3834
0.46367,1.8813,1.6895
0.34551,1.9713,1.9833
0.34924,1.92,2.2601
0.5235,1.9848,2.5211
0.43712,1.9942,2.7767
0.5422,1.9982,3.0151
0.53846,2.0013,3.241
0.54294,2.0055,3.4511
0.60801,2.0582,3.6557
0.65139,2.0545,3.8491
0.71533,2.0542,4.0285
0.63344,2.0423,4.1941
0.63082,2.0139,4.343
0.51527,1.993,4.4762
0.40907,1.9703,4.5927
0.34812,1.9417,4.6956
0.22136,1.9105,4.7848
0.21986,1.8844,4.8605
0.17798,1.8602,4.9251
0.2049,1.819,4.9775
0.25053,1.7767,5.0161
0.28119,1.7327,5.0421
0.29577,1.6891,5.0556
0.23632,1.645,5.0577
0.19593,1.5905,5.0503
0.03738,1.5478,5.0324
-0.10733,1.5001,5.005
-0.23111,1.4526,4.9692
-0.33431,1.4026,4.9245
-0.3747,1.3356,4.8713
-0.42892,1.2804,4.809
-0.40349,1.2252,4.7371
-0.40274,1.158,4.6566
-0.3919,1.1014,4.5695
-0.39751,1.0447,4.4764
-0.43939,0.97402,4.3745
-0.42705,0.90896,4.2656
-0.45771,0.84788,4.1509
-0.4794,0.78321,4.0312
-0.46407,0.71336,3.9055
-0.45659,0.6632,3.7741
-0.42406,0.6119,3.6433
-0.37021,0.5116,3.5055
-0.34778,0.43573,3.3558
-0.36498,0.38864,3.2055
-0.35787,0.29635,3.0515
-0.36872,0.21756,2.8887
-0.42182,0.15015,2.7233
-0.43378,0.038147,2.5489
-0.39564,-0.045426,2.3649
-0.36199,-0.13767,2.1765
-0.30814,-0.21511,1.9836
-0.20979,-0.31101,1.7876
-0.13949,-0.39952,1.5842
-0.047504,-0.48063,1.3827
-0.002257,-0.62361,1.1711
0.038128,-0.67442,0.96194
0.079261,-0.84768,0.74855
0.0048478,-0.86258,0.529
0.034015,-1.0337,0.31909
0.017188,-1.0778,0.079925
-0.0089879,-0.22762,-0.032883
0.076644,0.0034612,-0.0066655
0.10095,-0.14444,-0.012375
0.18696,-0.019423,-0.012484
0.18696,-0.080243,-0.010212
0.16564,-0.034464,-0.01386
0.21837,-0.048665,-0.010737
0.19107,-0.043668,-0.014348
0.21687,-0.026077,-0.011967
0.2049,-0.046164,-0.013706
0.18135,-0.025567,-0.01392
0.17162,-0.034921,-0.014025
0.12152,-0.02382,-0.014936
0.14171,-0.026508,-0.014685
0.12339,-0.024574,-0.015555
0.11927,-0.025346,-0.015798
0.1189,-0.021233,-0.016365
0.066922,-0.018864,-0.016113
0.05159,-0.027656,-0.017118
0.022797,-0.022797,-0.018168
0.02878,-0.021395,-0.018936
0.066548,-0.023202,-0.02029
0.10656,-0.023059,-0.021074
0.13012,-0.014538,-0.021587
0.1548,-0.021556,-0.021883
0.16153,-0.021151,-0.023053
0.12451,-0.010466,-0.022978
0.14807,-0.026808,-0.023833
0.12451,-0.012438,-0.024433
0.096089,-0.026932,-0.024189
0.087114,-0.01504,-0.025801
0.025414,-0.0094653,-0.024294
0.0048478,-0.026722,-0.027046
0.027284,-0.0022747,-0.024935
0.061686,-0.049471,-0.027207
0.10282,0.022199,-0.026922
0.14844,-0.04913,-0.025445
0.14732,0.0071615,-0.030994
0.15966,-0.015524,-0.021587
0.1462,-0.053734,-0.036857
0.14545,0.12514,-0.012061
0.10693,-1.2665,-0.10551
0.11179,-2.2737,-0.47199
0.2696,-1.8577,-0.83886
0.19743,-1.9482,-1.1663
0.36944,-1.923,-1.4994
0.59044,-1.9123,-1.7963
0.51079,-1.9633,-2.0879
0.7157,-1.9278,-2.3565
0.67943,-2.0027,-2.6171
0.56837,-1.99,-2.8676
0.63306,-2.0104,-3.1023
0.54257,-2.0015,-3.323
0.56426,-2.035,-3.5307
0.56389,-2.0627,-3.733
0.63793,-2.0535,-3.9214
0.63007,-2.0578,-4.0965
0.5508,-2.0401,-4.257
0.54481,-2.0161,-4.4011
0.36794,-1.9841,-4.5281
0.31933,-1.9665,-4.6405
0.24753,-1.937,-4.74
0.18696,-1.9079,-4.8248
0.22809,-1.8871,-4.8976
0.19219,-1.851,-4.9588
0.2423,-1.8119,-5.007
0.2954,-1.7705,-5.0425
0.33803,-1.7252,-5.0652
0.32307,-1.6762,-5.0752
0.24118,-1.6335,-5.0748
0.1619,-1.5869,-5.0646
0.015318,-1.5377,-5.0439
-0.14921,-1.4939,-5.0137
-0.26514,-1.4427,-4.975
-0.33843,-1.388,-4.9279
-0.42069,-1.3336,-4.872
-0.41135,-1.278,-4.8071
-0.37806,-1.2101,-4.7333
-0.38779,-1.1476,-4.6506
-0.3474,-1.0937,-4.5614
-0.36273,-1.0319,-4.4663
-0.38068,-0.97136,-4.3639
-0.3661,-0.9006,-4.2543
-0.38218,-0.84059,-4.1379
-0.41135,-0.77438,-4.0168
-0.41434,-0.69753,-3.8886
-0.39489,-0.65874,-3.757
-0.38218,-0.58825,-3.625
-0.34105,-0.48823,-3.4811
-0.34254,-0.43074,-3.33
-0.37059,-0.37061,-3.1799
-0.35077,-0.27849,-3.0219
-0.37769,-0.20646,-2.8576
-0.42742,-0.11735,-2.69
-0.40162,-0.0042767,-2.5103
-0.3661,0.075952,-2.3237
-0.33693,0.16091,-2.1315
-0.21578,0.24453,-1.9361
-0.12154,0.35315,-1.7353
-0.062835,0.41011,-1.5309
0.054956,0.53066,-1.3265
0.077392,0.6325,-1.1126
0.12077,0.72808,-0.90501
0.12825,0.87891,-0.68312
0.031397,0.86215,-0.47157
0.03065,1.1484,-0.24605
0.010457,0.78804,-0.029517
0.014944,-0.016397,0.0087061
0.069539,0.076001,-0.015
0.12563,0.076271,-0.0026501
0.17798,0.011465,-0.0092899
0.16676,0.061515,-0.005147
0.19369,0.0054557,-0.0062193
0.22061,0.041405,-0.0058219
0.23482,0.011345,-0.0040785
0.24903,0.023968,-0.0057694
0.215,0.01677,-0.00319
0.19743,0.00823,-0.0043672
0.15405,0.019901,-0.00316
0.13872,0.00342,-0.0028563
0.16564,0.011488,-0.0026763
0.12226,0.0084962,-0.0019678
0.12787,0.0058381,-0.0014316
0.10095,0.0041436,-0.0013229
0.021301,-0.0029533,-0.0012554
0.010083,0.0040386,5.3046e-05
-0.0048746,0.0095309,0.00090036
0.011579,0.0038586,0.0021526
0.04972,0.0047584,0.0033561
0.08861,-0.0017049,0.0041284
0.10357,-0.00013405,0.0043683
0.14732,0.0062618,0.0052119
0.17985,-0.011179,0.005943
0.13984,0.0042185,0.0059542
0.1705,0.002404,0.0073564
0.1548,-0.0054951,0.0065429
0.10544,0.01283,0.00823
0.089358,-0.013173,0.0077201
0.024293,0.013812,0.0083949
0.0127,-0.016468,0.0095872
0.034015,0.013212,0.0074539
0.044485,-0.0030883,0.011878
0.095715,-0.018827,0.0067566
0.093471,0.040149,0.013321
0.11404,-0.068355,0.0073677
0.15741,0.10235,0.012343
0.13311,-0.16768,0.011184
0.1619,0.436,0.0089348
0.13386,2.0916,0.26732
0.25501,2.0793,0.66537
0.34364,1.8389,0.99516
0.27109,1.9802,1.3339
0.45432,1.878,1.6468
0.38626,1.9536,1.9415
0.35111,1.9144,2.2232
0.52574,1.9654,2.4852
0.4446,1.9895,2.7432
0.51191,1.9832,2.9853
0.53621,1.9902,3.2154
0.49882,1.9844,3.4282
0.52986,2.0301,3.6342
0.56426,2.0404,3.831
0.65213,2.0435,4.0132
0.57697,2.0292,4.1825
0.57884,2.016,4.3364
0.49695,1.9885,4.4737
0.37505,1.9584,4.5943
0.37505,1.9305,4.7013
0.23632,1.8985,4.7933
0.20827,1.8774,4.8723
0.21164,1.8388,4.9402
0.22323,1.8092,4.9954
0.25501,1.7714,5.0385
0.26698,1.7129,5.0681
0.31858,1.6757,5.0843
0.23295,1.6318,5.0897
0.16302,1.587,5.085
0.056451,1.5408,5.07
-0.12005,1.4824,5.0453
-0.2326,1.4414,5.0111
-0.32871,1.3965,4.9685
-0.3747,1.3389,4.9175
-0.40798,1.2805,4.8574
-0.39302,1.215,4.7883
-0.37021,1.1504,4.7102
-0.33843,1.101,4.6252
-0.33506,1.0456,4.534
-0.36273,0.97441,4.4343
-0.34254,0.90869,4.327
-0.41359,0.8461,4.2133
-0.44163,0.78575,4.0943
-0.41434,0.71336,3.9693
-0.43191,0.64982,3.838
-0.41658,0.61037,3.707
-0.37395,0.52722,3.5719
-0.33357,0.43534,3.4236
-0.36161,0.38651,3.2726
-0.36423,0.3068,3.1205
-0.37358,0.22035,2.959
-0.41546,0.16238,2.7937
-0.39714,0.058321,2.6226
-0.39788,-0.035753,2.4402
-0.36012,-0.12823,2.2524
-0.28346,-0.21177,2.0588
-0.22774,-0.29207,1.8635
-0.14772,-0.40489,1.6603
-0.046756,-0.45905,1.4566
-0.016467,-0.59965,1.2482
0.037006,-0.66491,1.0345
0.1088,-0.79783,0.82488
0.0063435,-0.88327,0.60118
0.0029781,-0.93147,0.3938
0.045607,-1.184,0.15703
-0.008614,-0.52624,-0.019308
0.068043,0.044824,-0.016983
0.10768,-0.14293,-0.0068454
0.16415,-0.043818,-0.01551
0.23407,-0.053749,-0.0088812
0.1791,-0.05902,-0.014441
0.21201,-0.033804,-0.010955
0.23856,-0.058004,-0.013684
0.21837,-0.01952,-0.013129
0.20752,-0.044211,-0.012983
0.18509,-0.024698,-0.014542
0.16078,-0.029762,-0.01362
0.11553,-0.032023,-0.015124
0.13984,-0.023899,-0.014711
0.11815,-0.029493,-0.015386
0.093471,-0.027337,-0.015697
0.10394,-0.023052,-0.016305
0.043363,-0.019172,-0.01644
0.027284,-0.028214,-0.016867
0.010457,-0.026021,-0.018033
0.020179,-0.022062,-0.0187
0.063556,-0.021087,-0.02002
0.073652,-0.025474,-0.021044
0.097958,-0.022883,-0.021835
0.14134,-0.017871,-0.021865
0.15704,-0.022883,-0.023001
0.12638,-0.010766,-0.023409
0.1462,-0.025222,-0.023638
0.1346,-0.016491,-0.02459
0.098706,-0.015471,-0.024024
0.088984,-0.018422,-0.025944
0.041868,-0.007917,-0.02459
0.036259,-0.027554,-0.026765
0.042989,0.0065804,-0.025573
0.034389,-0.043821,-0.026311
0.082253,0.0076152,-0.027938
0.12937,-0.036398,-0.024583
0.11217,-0.011925,-0.031489
0.15704,0.016587,-0.021685
0.14657,-0.088213,-0.035478
0.12413,0.17295,-0.016271
0.10955,-0.99647,-0.073809
0.056451,-2.2566,-0.4147
0.22398,-1.9068,-0.79409
0.20042,-1.9152,-1.1207
0.30475,-1.941,-1.4581
0.58969,-1.8906,-1.7589
0.49919,-1.9635,-2.0524
0.66672,-1.9137,-2.3249
0.6914,-1.9861,-2.5859
0.51378,-1.9807,-2.8395
0.62035,-1.9957,-3.0768
0.55416,-1.9953,-3.3014
0.54481,-2.0128,-3.5111
0.5852,-2.0483,-3.7157
0.62297,-2.0407,-3.9074
0.63456,-2.0419,-4.0853
0.57548,-2.0293,-4.2494
0.56987,-2.0064,-4.3975
0.40309,-1.9726,-4.5288
0.34625,-1.9545,-4.6447
0.2696,-1.931,-4.7479
0.172,-1.8959,-4.8367
0.20977,-1.8682,-4.9121
0.18396,-1.8411,-4.9758
0.23819,-1.8063,-5.0276
0.27521,-1.7603,-5.0664
0.31447,-1.7124,-5.0919
0.32157,-1.6669,-5.1049
0.24604,-1.6236,-5.1068
0.172,-1.5781,-5.0992
0.021675,-1.5329,-5.0813
-0.12865,-1.4825,-5.0531
-0.26663,-1.4285,-5.0162
-0.31524,-1.3805,-4.9705
-0.3474,-1.3264,-4.9167
-0.40424,-1.268,-4.8541
-0.34815,-1.2078,-4.7824
-0.34291,-1.1444,-4.702
-0.33581,-1.0886,-4.614
-0.3216,-1.0296,-4.5202
-0.36236,-0.96925,-4.4199
-0.33282,-0.90161,-4.3119
-0.36797,-0.83307,-4.1966
-0.42032,-0.77331,-4.0763
-0.38405,-0.69907,-3.9495
-0.38704,-0.65615,-3.8178
-0.37545,-0.60101,-3.6865
-0.3145,-0.49417,-3.5458
-0.28383,-0.42926,-3.3951
-0.31188,-0.3806,-3.245
-0.35152,-0.29054,-3.0892
-0.356,-0.21623,-2.9256
-0.37208,-0.14154,-2.7595
-0.37395,-0.021743,-2.5824
-0.34815,0.058425,-2.3965
-0.31076,0.144,-2.2062
-0.21615,0.22205,-2.011
-0.13239,0.32315,-1.8124
-0.068444,0.41097,-1.6065
0.018684,0.48745,-1.4034
0.05346,0.62487,-1.1899
0.098332,0.68368,-0.97946
0.09908,0.85514,-0.76298
0.016066,0.85792,-0.54249
0.037006,1.0545,-0.32955
0.021301,1.053,-0.089308
-0.014971,0.16998,0.014948
0.06206,-0.011359,-0.012675
0.11254,0.12222,-0.0055032
0.15068,-0.0016749,-0.0064443
0.17723,0.070715,-0.0073703
0.18471,0.011233,-0.0041985
0.1963,0.033843,-0.0071079
0.20752,0.026345,-0.0033062
0.21276,0.0089348,-0.0057732
0.1993,0.03132,-0.0037336
0.20603,0.0065017,-0.0037524
0.16602,0.017786,-0.0035649
0.14694,0.0080838,-0.0026014
0.17237,0.012523,-0.0028301
0.12638,0.011604,-0.0017765
0.13573,0.0087586,-0.0014016
0.12413,0.0064005,-0.00080926
0.042242,0.0057032,-0.00094423
0.03065,0.0098383,-0.00021315
0.010831,-0.00061018,0.00042046
0.013822,0.0036862,0.00048795
0.072157,0.0048484,0.0011066
0.099828,-0.0020161,0.0015902
0.10918,0.00031583,0.001384
0.14844,-0.0026421,0.0013803
0.16751,-0.0028033,0.0017402
0.15181,0.00047329,0.001579
0.16901,-0.002226,0.0015827
0.14395,-0.0064736,0.001594
0.096089,-0.0055551,0.001519
0.093471,-0.0041642,0.0017439
0.060939,-0.0059375,0.0016802
0.020927,-0.0054014,0.0014965
0.029528,-0.0067661,0.001594
0.053086,-0.0092741,0.0016352
0.083749,-0.0053339,0.0014777
