0.044859,-0.012525,0.0011965
0.044111,-0.015805,0.0010128
0.055703,-0.010395,0.0013128
0.058321,-0.0015137,0.0017552
0.038502,-0.01429,0.0017889
0.048599,-0.011741,0.0021413
0.06393,-0.013893,0.0025725
0.050094,-0.013436,0.0026625
0.046355,-0.007947,0.0031873
0.050468,-0.021368,0.0030111
0.040746,-0.0017949,0.0033111
0.064304,-0.023678,0.0035173
0.066174,-0.0045804,0.0032923
0.042989,-0.021185,0.0040946
0.04972,-0.02448,0.0033786
0.041868,0.011975,0.004777
0.050094,-0.050075,0.0032511
0.05346,0.033202,0.0041284
0.052338,-0.062892,0.0042109
0.039624,0.037911,0.0029924
0.032519,-0.042217,0.005913
0.051964,-0.030362,0.00060792
0.048225,0.071764,0.0082712
0.062808,-0.29262,-0.0048096
0.03065,1.7021,0.046288
0.13797,3.5967,0.24223
0.17649,3.3705,0.4145
0.077018,3.273,0.55448
0.25202,2.8609,0.71267
0.29203,2.7303,0.84871
0.27147,2.6914,0.97576
0.31073,2.5163,1.0839
0.17387,2.4965,1.1759
0.11067,2.3727,1.2572
0.07627,2.3532,1.3271
0.050842,2.2794,1.3853
0.043363,2.2262,1.4283
0.066922,2.1634,1.4631
0.062434,2.0832,1.4885
-0.024693,2.0165,1.5057
0.048225,1.9397,1.5141
0.068043,1.861,1.5121
0.068417,1.7533,1.5002
0.05346,1.6673,1.4803
-0.034042,1.5799,1.4542
-0.030676,1.4766,1.4191
-0.11219,1.3793,1.3755
-0.069566,1.285,1.3242
0.0018563,1.1869,1.2669
0.014196,1.0711,1.2033
0.044485,0.96934,1.134
-0.029181,0.85551,1.0613
-0.05573,0.7283,0.98293
-0.10584,0.60838,0.8994
-0.18549,0.48815,0.81134
-0.20269,0.37562,0.72354
-0.24457,0.21383,0.62767
-0.27972,0.11347,0.5291
-0.23559,-0.062885,0.42613
-0.19633,-0.19642,0.31178
-0.12603,-0.35933,0.19967
-0.019458,-0.59575,0.066537
0.066922,-0.21767,-0.0088475
0.11404,0.04046,0.0039297
0.10955,-0.071976,0.0040759
0.11142,-0.0091167,0.0022576
0.048599,-0.034824,0.0045483
0.029528,-0.022467,0.0021901
0.062808,-0.013679,0.0044058
0.039624,-0.025601,0.0023213
0.069539,-0.0097503,0.0035473
0.098706,-0.02156,0.0029886
0.10319,-0.0099865,0.0028499
0.13498,-0.015085,0.0031011
0.16564,-0.011407,0.0022688
0.16751,-0.01101,0.00264
0.13984,-0.010972,0.0022276
0.17349,-0.013979,0.00237
0.14694,-0.015831,0.0020251
0.098706,-0.008052,0.0017739
0.18396,-0.012176,0.0016989
0.17761,-0.014853,0.001504
0.18995,-0.0086031,0.0013728
0.24454,-0.01077,0.00099784
0.19406,-0.01375,0.00089286
0.18957,-0.0064624,0.00087411
0.16452,-0.010346,0.0007129
0.061312,-0.0091392,0.00061917
0.0018563,-0.0062262,0.00078038
-0.022076,-0.0070997,0.00080288
-0.051617,-0.0048316,0.00053294
-0.062461,-0.008933,0.00062292
-0.052365,-0.0062974,0.00089286
-0.013101,-0.0064924,0.00073164
0.003726,-0.0066123,0.00059667
0.003726,-0.0043067,0.00090411
0.028406,-0.0072497,0.00094535
0.031771,-0.0046029,0.0007129
0.022797,-0.0041043,0.00081413
0.0063435,-0.0052889,0.00088536
-0.036659,-0.0042242,0.00098659
-0.051243,-0.0045579,0.0011066
-0.059844,-0.0045054,0.00090411
-0.050121,-0.0028933,0.00087036
0.016066,-0.0017161,0.00088911
0.018684,-0.0045054,0.00089286
0.014944,-0.0040293,0.0010766
0.047103,-0.0018361,0.00096034
0.055329,-0.0028558,0.00087411
0.071409,-0.0046104,0.00066416
0.081879,-0.0060687,-1.4439e-05
0.095715,-0.0059263,-0.00022814
0.11292,-0.011396,-0.00061431
0.11479,-0.008067,-0.00096298
0.12301,-0.0066386,-0.0012517
0.13311,-0.0057088,-0.0018103
0.14994,-0.010234,-0.0014541
0.16078,-0.018354,-0.0022527
0.14507,-0.0036319,-0.0016603
0.14246,-0.015085,-0.0022902
0.12974,0.0013468,-0.0023427
0.084871,-0.01835,-0.0017653
0.079261,-0.010534,-0.0034112
0.088236,-0.0044004,-0.00080176
0.072905,-0.0215,-0.0040148
0.063556,0.014989,-0.00098172
0.073278,-0.047019,-0.0035199
0.091975,0.048168,-0.0019678
0.054582,-0.068475,-0.00035561
0.056451,0.060229,-0.0066805
0.041868,-0.10735,0.0092797
0.0070914,-1.4809,-0.13119
0.0744,-1.8468,-0.40524
0.016066,-1.635,-0.61884
0.06206,-1.8318,-0.82115
0.15181,-1.8121,-1.0041
0.13909,-1.9383,-1.1588
0.30026,-1.982,-1.2999
0.2868,-2.0137,-1.4105
0.2494,-2.0674,-1.5055
0.30699,-2.0796,-1.5826
0.2064,-2.1115,-1.6491
0.20004,-2.0774,-1.7004
0.19518,-2.0662,-1.7379
0.17387,-2.0298,-1.766
0.15966,-1.9974,-1.783
0.11179,-1.9601,-1.7921
0.12264,-1.8967,-1.79
0.06206,-1.8383,-1.7775
0.042616,-1.7654,-1.7554
0.05346,-1.6888,-1.7248
0.015318,-1.6055,-1.6881
-0.011605,-1.5126,-1.6435
-0.012353,-1.4246,-1.5909
-0.0067443,-1.3228,-1.531
-0.016841,-1.2215,-1.4644
-0.013475,-1.1117,-1.3931
-0.040025,-1.0017,-1.3149
-0.035911,-0.90631,-1.2346
-0.047877,-0.76368,-1.1477
-0.073679,-0.65801,-1.0546
-0.10135,-0.53993,-0.96139
-0.16754,-0.4141,-0.86325
-0.22251,-0.28778,-0.76159
-0.26065,-0.14721,-0.65192
-0.23896,-0.024544,-0.54201
-0.20568,0.18435,-0.41826
-0.14921,0.26055,-0.29316
-0.087515,0.52833,-0.16283
-0.028059,0.55617,-0.025156
0.0085872,0.03595,0.011634
-0.002257,-0.00061018,-0.0059794
0.095715,0.046755,0.00076914
0.12413,-0.011182,-0.0024401
0.073652,0.037011,-0.0010717
0.099454,-0.0039131,-0.0011729
0.059069,0.020594,-0.0018703
0.057947,0.0046497,-0.00020565
0.077392,0.0063217,-0.0017653
0.084497,0.010269,-0.00014941
0.16527,-0.0063124,-0.00064805
0.17536,0.0085749,-0.00029938
0.18471,0.00071322,-7.0677e-05
0.20416,0.0060031,8.6788e-05
0.18621,0.00052202,0.00040172
0.20528,-0.0016037,0.00024425
0.21089,0.0037799,0.00075039
0.22024,-0.0025297,0.00066416
0.23258,4.6602e-06,0.0010353
0.21837,-0.0019936,0.0013128
0.20827,-0.0035606,0.0013615
0.21837,-0.0007114,0.0018451
0.21724,-0.0019148,0.0017664
0.18845,-0.0010413,0.0017927
0.14844,-0.0066686,0.0019314
0.085245,-0.0046666,0.0016652
0.01644,0.00059325,0.0018601
-0.037033,-0.0080332,0.0019951
-0.07854,-0.0081382,0.0018564
-0.093124,-0.0028333,0.0019951
-0.064331,-0.0064136,0.0021338
-0.035911,-0.0065261,0.0018489
-0.044512,-0.0047641,0.0016314
-0.037407,-0.002196,0.0019989
-0.0041267,0.0022203,0.0026887
-0.012353,-0.0062,0.0033411
-0.041894,-0.0043142,0.0037685
-0.04526,-0.00136,0.0046233
-0.06994,-0.0095778,0.004762
-0.099855,0.0029814,0.0052456
-0.10546,-0.004048,0.005733
-0.089759,0.0013543,0.0057855
-0.060965,-0.0031633,0.0068128
-0.027311,-0.0048091,0.0061005
0.031023,0.0074352,0.0076376
0.054956,-0.021608,0.0064154
0.075148,0.011724,0.0076901
0.094219,-0.021421,0.0080088
0.091228,0.014056,0.0067078
0.12937,-0.0098815,0.010127
0.13647,-0.013942,0.0052606
0.16863,0.023455,0.011942
0.20341,-0.061929,0.0043383
0.1877,0.099436,0.01232
0.21612,-0.19184,0.0051519
0.17948,0.60667,0.018611
0.2423,2.2305,0.28784
0.32344,2.236,0.64768
0.23258,2.2364,0.93805
0.3212,2.4405,1.2306
0.34251,2.4745,1.4843
0.28119,2.6737,1.7231
0.47302,2.7019,1.9476
0.45619,2.7857,2.154
0.52836,2.7912,2.3497
0.67831,2.8416,2.5235
0.65737,2.8423,2.6866
0.66261,2.8004,2.8333
0.52574,2.7975,2.967
0.65625,2.7213,3.0835
0.38477,2.697,3.1858
0.22734,2.6537,3.2789
0.33279,2.5814,3.3579
0.0018563,2.5036,3.4265
0.12413,2.4223,3.4829
0.08674,2.3346,3.5256
-0.088637,2.2349,3.558
-0.21278,2.1695,3.581
-0.29056,2.1044,3.5941
-0.16268,2.0209,3.5984
-0.14136,1.9465,3.5938
0.090854,1.8656,3.5809
0.057947,1.784,3.561
-0.023945,1.7149,3.5333
0.037006,1.6287,3.4965
-0.052365,1.5417,3.4504
-0.050869,1.4681,3.3957
-0.37507,1.3938,3.3343
-0.39003,1.309,3.2657
-0.35226,1.2174,3.1886
-0.52914,1.1296,3.1048
-0.37171,1.04,3.015
-0.46295,0.94318,2.9188
-0.34516,0.8457,2.8165
-0.28009,0.768,2.7098
-0.4106,0.67688,2.6004
-0.32833,0.57254,2.4839
-0.40088,0.50295,2.3607
-0.41434,0.43047,2.2367
-0.32085,0.331,2.1063
-0.27037,0.24789,1.9701
-0.18436,0.14051,1.8292
0.031397,0.039377,1.6795
0.039624,-0.080457,1.5237
-0.046756,-0.18767,1.3584
-0.040399,-0.26777,1.1934
-0.18399,-0.41344,1.0194
-0.19035,-0.46646,0.8446
-0.15034,-0.62743,0.66604
-0.13388,-0.67476,0.47875
-0.095742,-0.82482,0.30011
0.016814,-0.95945,0.091694
0.16527,-0.24984,-0.018948
0.27558,0.031942,0.0015152
0.48536,-0.11977,-0.00071178
0.52724,-0.012888,-0.0022564
0.50331,-0.062236,0.00064916
0.46255,-0.027251,-0.0031262
0.33204,-0.029271,-5.568e-05
0.21014,-0.038569,-0.0032912
0.14582,-0.022197,-0.0013941
0.17462,-0.03461,-0.0023952
0.16003,-0.015962,-0.0028263
0.17499,-0.029035,-0.0027738
0.18808,-0.016041,-0.0035612
0.15143,-0.019501,-0.0033287
0.085992,-0.018842,-0.004161
0.009709,-0.015734,-0.0040448
0.0067175,-0.016446,-0.0045959
-0.048999,-0.015291,-0.0047384
-0.059844,-0.025372,-0.0052895
-0.027685,-0.012843,-0.0056119
-0.038529,-0.013136,-0.0056044
-0.0015092,-0.021211,-0.006373
0.044111,-0.012251,-0.0067517
0.083749,-0.010155,-0.0068342
0.073652,-0.010766,-0.0067367
-0.0097358,-0.0084119,-0.0066955
-0.098359,-0.0092816,-0.0066017
-0.18287,-0.0084456,-0.0065342
-0.25317,-0.010586,-0.0068417
-0.26102,-0.015044,-0.0075728
-0.18623,-0.010054,-0.0083263
-0.077419,-0.012217,-0.0087837
0.010831,-0.010339,-0.0096385
0.13273,-0.0096378,-0.0099497
0.19294,-0.012382,-0.010726
0.2079,-0.0027771,-0.010801
0.25651,-0.016052,-0.011266
0.24566,-0.0027134,-0.011753
0.20191,-0.01209,-0.011723
0.13834,-0.0070097,-0.013376
0.10132,-0.004929,-0.011791
0.070287,-0.027562,-0.014366
0.058321,0.0096659,-0.012432
0.10394,-0.033099,-0.01392
0.10544,0.023762,-0.014336
0.12451,-0.035697,-0.011993
0.15255,0.0077951,-0.017609
0.13273,4.6602e-06,-0.00851
0.09048,-0.059248,-0.022438
0.072531,0.14598,-0.00047559
0.044111,-1.1372,-0.077753
0.09908,-2.2063,-0.41761
0.17686,-1.7986,-0.76886
0.10432,-1.8167,-1.0767
0.31858,-1.7849,-1.3866
0.48237,-1.7643,-1.6584
0.4102,-1.8406,-1.9263
0.53285,-1.8094,-2.1742
0.42403,-1.867,-2.4097
0.30213,-1.8462,-2.6291
0.34364,-1.8742,-2.8308
0.23893,-1.8693,-3.02
0.28156,-1.87,-3.1903
0.40945,-1.8609,-3.3468
0.44123,-1.8299,-3.4843
0.48162,-1.8258,-3.6078
0.44796,-1.7983,-3.7182
0.3844,-1.7804,-3.8142
0.32793,-1.7494,-3.8968
0.2509,-1.7123,-3.9642
0.2939,-1.674,-4.0168
0.13049,-1.6321,-4.0557
-0.039277,-1.5988,-4.0835
0.084871,-1.5578,-4.1019
0.21612,-1.5133,-4.1097
0.29128,-1.4674,-4.1069
0.1548,-1.4233,-4.0952
0.16153,-1.3874,-4.0746
0.16901,-1.3431,-4.0437
0.097211,-1.2887,-4.0027
0.13161,-1.2295,-3.9519
-0.089759,-1.1714,-3.8917
-0.14847,-1.1208,-3.8246
-0.20493,-1.059,-3.7504
-0.42443,-0.99397,-3.6677
-0.40985,-0.92827,-3.5763
-0.29318,-0.86464,-3.478
-0.18698,-0.80091,-3.3744
-0.24457,-0.72481,-3.2628
-0.2872,-0.6712,-3.1465
-0.29767,-0.59292,-3.0255
-0.36086,-0.50982,-2.8955
-0.28458,-0.46183,-2.763
-0.26401,-0.37965,-2.6277
-0.32347,-0.29259,-2.4857
-0.33992,-0.20951,-2.3373
-0.38218,-0.1253,-2.1839
-0.3747,-0.0038456,-2.0221
-0.2771,0.08381,-1.8505
-0.17763,0.1722,-1.6767
-0.10846,0.29191,-1.4944
-0.095368,0.36568,-1.3118
-0.138,0.50726,-1.1227
-0.14435,0.55635,-0.93239
-0.1466,0.69923,-0.73985
-0.099481,0.75393,-0.53631
0.069539,0.87932,-0.34403
0.14732,1.0388,-0.11944
0.23332,0.30755,0.0119
0.35111,-0.046071,-0.0067442
0.37879,0.12209,-0.0070366
0.43974,0.0029251,-0.0035986
0.43301,0.050095,-0.0075053
0.36458,0.027294,-0.0026801
0.31559,0.022128,-0.0063843
0.22846,0.0281,-0.002935
0.13161,0.0051858,-0.0045547
0.069539,0.025873,-0.0036361
0.073278,-0.00066266,-0.0029388
0.12339,0.010198,-0.0032462
0.18359,0.0078663,-0.0019902
0.22697,0.0089648,-0.0024701
0.21201,0.0042935,-0.0013566
0.16452,0.001523,-0.0015478
0.10843,0.010506,-0.00094423
0.042616,0.0052345,-0.00019815
0.009709,0.0010094,-0.00037811
0.0011084,0.0033863,0.00026675
-0.019832,0.010832,0.0014927
-0.025815,0.0083575,0.0026437
-0.044138,0.0045147,0.0032586
-0.056478,-0.00030276,0.0045595
-0.037407,-0.00029151,0.0049495
-0.0576,0.0074352,0.0053206
-0.077045,-0.0011463,0.0063254
-0.096863,0.0025277,0.0062504
-0.14622,-0.0048016,0.0075064
-0.17315,-0.0034107,0.0068428
-0.17876,0.0067791,0.0084362
-0.11967,-0.019689,0.0079038
-0.028059,0.017134,0.0086086
0.062434,-0.017428,0.0097784
0.14395,0.013145,0.0077651
0.18022,-0.0069985,0.012129
0.20004,-0.02655,0.0070265
0.14844,0.041019,0.013678
0.13049,-0.068119,0.0072215
0.1002,0.10447,0.012729
0.050468,-0.16727,0.011106
0.069165,0.45391,0.010577
0.075148,2.1303,0.27579
0.22958,2.0955,0.67927
0.2681,1.8377,1.015
0.29315,1.9637,1.3603
0.52948,1.8506,1.678
0.47377,1.9413,1.9792
0.47377,1.9079,2.2679
0.57847,1.9571,2.5374
0.42702,1.9849,2.8005
0.43787,2.0122,3.0452
0.46778,2.059,3.2825
0.44011,2.05,3.5022
0.5579,2.0885,3.709
0.62035,2.1112,3.9076
0.6125,2.1406,4.0951
0.56987,2.1497,4.2705
0.54743,2.1489,4.4295
0.56351,2.151,4.5748
0.44123,2.1455,4.7057
0.2853,2.1345,4.8205
0.2868,2.1184,4.9206
0.26548,2.0995,5.0061
0.33391,2.0803,5.0782
0.4532,2.0594,5.1393
0.44834,2.0277,5.1874
0.43974,1.993,5.2224
0.34476,1.9605,5.2443
0.24641,1.9237,5.252
0.11292,1.8842,5.2482
-0.06994,1.8454,5.2343
-0.18287,1.8045,5.2102
-0.31188,1.7632,5.1772
-0.39489,1.7128,5.1353
-0.39078,1.6624,5.085
-0.34067,1.6165,5.0275
-0.19184,1.5564,4.9618
-0.094246,1.4949,4.886
-0.14809,1.438,4.8011
-0.1724,1.3699,4.7101
-0.25018,1.3007,4.6126
-0.36161,1.2321,4.5067
-0.33057,1.162,4.3936
-0.3661,1.0889,4.2743
-0.40948,1.0182,4.1488
-0.39639,0.94854,4.0186
-0.48613,0.87761,3.8822
-0.4966,0.82135,3.7432
-0.44163,0.73511,3.6012
-0.42481,0.64069,3.4495
-0.36872,0.58272,3.2941
-0.34703,0.50614,3.1389
-0.3848,0.40903,2.9763
-0.36797,0.33015,2.8077
-0.3231,0.22773,2.6352
-0.27523,0.12014,2.4536
-0.14398,0.019046,2.2661
-0.042642,-0.077195,2.0726
0.015692,-0.16751,1.8779
0.03925,-0.29792,1.6764
-0.0067443,-0.36992,1.4726
-0.041147,-0.52059,1.2678
-0.073305,-0.60587,1.0553
-0.07854,-0.7113,0.84768
-0.087141,-0.84442,0.62476
-0.052365,-0.86435,0.41584
-0.019832,-1.1547,0.18498
-0.0018831,-0.66168,-0.012589
0.12675,0.019331,-0.028512
0.22323,-0.12979,-0.011067
0.28493,-0.070019,-0.022131
0.33616,-0.04859,-0.014771
0.31858,-0.074799,-0.019979
0.26212,-0.032424,-0.017422
0.16788,-0.065161,-0.019041
0.10245,-0.031663,-0.019788
0.08861,-0.050716,-0.018569
0.065052,-0.034126,-0.020601
0.057947,-0.03611,-0.019495
0.082627,-0.035885,-0.021006
0.050094,-0.029369,-0.020774
-0.0063704,-0.035045,-0.02116
0.022049,-0.027266,-0.021688
0.031397,-0.03419,-0.021902
0.009335,-0.02424,-0.022314
0.043363,-0.026887,-0.022869
0.042989,-0.033433,-0.024643
0.031771,-0.026268,-0.025396
0.068043,-0.030419,-0.026281
0.1088,-0.029283,-0.027882
0.12713,-0.02099,-0.027912
0.11441,-0.02409,-0.028883
0.10955,-0.016693,-0.029198
0.07627,-0.024735,-0.029682
0.017188,-0.014541,-0.030521
-0.011979,-0.02171,-0.029959
-0.060591,-0.024851,-0.03219
-0.04339,-0.015887,-0.0306
0.015692,-0.034722,-0.032902
0.051216,0.0039149,-0.031702
0.1174,-0.044447,-0.03246
0.15517,0.0063817,-0.033959
0.18434,-0.036087,-0.03051
0.20042,-0.0097615,-0.037697
0.1963,0.0091522,-0.027897
0.1548,-0.088198,-0.041769
0.12226,0.16733,-0.02176
0.036633,-1.0181,-0.082867
0.04112,-2.2496,-0.43164
0.12862,-1.894,-0.81736
-0.0052485,-1.9126,-1.151
0.21201,-1.9308,-1.4949
0.42628,-1.8791,-1.8013
0.32494,-1.9557,-2.1006
0.55491,-1.9257,-2.3795
0.45245,-2.0005,-2.647
0.21762,-1.9981,-2.9028
0.36832,-2.0539,-3.1439
0.30624,-2.0671,-3.3766
0.31596,-2.0747,-3.59
0.49807,-2.1223,-3.7953
0.50966,-2.1395,-3.9903
0.49059,-2.1646,-4.1744
0.525,-2.1607,-4.3451
0.47564,-2.1644,-4.5
0.42029,-2.1621,-4.6417
0.40272,-2.1537,-4.7676
0.35672,-2.1485,-4.8789
0.34551,-2.1273,-4.9747
0.32456,-2.1149,-5.0541
0.4274,-2.1101,-5.1217
0.50032,-2.0954,-5.1778
0.56912,-2.0716,-5.2204
0.67569,-2.0389,-5.2504
0.57697,-2.0027,-5.2662
0.43974,-1.9698,-5.2683
0.28194,-1.9447,-5.2597
0.099828,-1.9132,-5.2415
-0.04339,-1.8711,-5.2131
-0.12827,-1.834,-5.1749
-0.16754,-1.7893,-5.1279
-0.16903,-1.741,-5.0728
-0.15632,-1.6954,-5.0101
-0.14211,-1.6342,-4.9385
-0.11369,-1.5674,-4.8578
-0.14772,-1.5055,-4.7683
-0.17464,-1.447,-4.6721
-0.22101,-1.3797,-4.5706
-0.30664,-1.3026,-4.4614
-0.38891,-1.2269,-4.3449
-0.488,-1.1547,-4.2221
-0.51306,-1.0891,-4.0951
-0.52315,-1.0058,-3.9625
-0.51567,-0.92837,-3.8236
-0.47491,-0.86011,-3.6825
-0.51007,-0.76215,-3.5351
-0.52876,-0.68095,-3.3803
-0.53661,-0.62195,-3.2254
-0.56204,-0.52732,-3.0675
-0.54708,-0.43207,-2.902
-0.50034,-0.34569,-2.7328
-0.42294,-0.23067,-2.5559
-0.34404,-0.12835,-2.3714
-0.24681,-0.015156,-2.1803
-0.16305,0.072957,-1.985
-0.078914,0.19206,-1.7875
0.0026042,0.29179,-1.5827
0.023919,0.39055,-1.3814
0.033641,0.53949,-1.1715
0.015318,0.59697,-0.96408
-0.029181,0.77515,-0.74969
-0.037407,0.79555,-0.53266
0.0063435,1.0094,-0.32096
0.059443,1.0045,-0.083898
0.1376,0.16091,0.013906
0.24903,-0.0032532,-0.013736
0.32456,0.1225,-0.0057844
0.37841,0.0070228,-0.0072691
0.38776,0.06508,-0.0077115
0.37168,0.014944,-0.0050796
0.36719,0.03204,-0.0078577
0.32307,0.023215,-0.004026
0.3025,0.014153,-0.006298
0.26698,0.025063,-0.0042735
0.19294,0.0063892,-0.0046409
0.16489,0.016988,-0.0042397
0.1462,0.009126,-0.00322
0.13311,0.012039,-0.0035312
0.11965,0.0056169,-0.0024664
0.098332,0.0087923,-0.0021777
0.066174,0.0015005,-0.0015966
0.023545,-0.0018099,-0.0016491
-0.00038735,0.010018,-0.0010417
-0.017215,0.005452,-3.1919e-06
0.0026042,0.0039711,0.0010466
0.051964,0.0046347,0.0022426
0.077392,0.0064567,0.0032323
0.069539,0.0017367,0.003851
0.050094,0.0052683,0.0040796
0.040372,0.005257,0.0053769
0.003726,-0.0043105,0.0052756
-0.03105,0.0092347,0.0059205
-0.034416,-0.0073172,0.0065541
-0.065079,0.0059993,0.0067228
-0.075175,-0.0005427,0.00796
-0.049373,-0.0013,0.0065916
-0.014597,0.0054145,0.009471
0.04972,-0.019288,0.006974
0.10394,0.028445,0.0097934
0.15667,-0.036046,0.0088486
0.17162,0.038117,0.007945
0.16639,-0.034651,0.012534
0.16751,0.014431,0.0041659
0.11479,0.020414,0.019129
0.11553,-0.11727,-0.0070666
0.096463,1.3702,0.1034
0.15293,2.3021,0.47993
0.24043,1.8592,0.84342
0.13273,1.9508,1.174
0.25352,1.9137,1.5077
0.33279,1.9188,1.8058
0.19705,1.9582,2.0986
0.34775,1.9516,2.3674
0.34326,2.0248,2.6285
0.23744,2.0151,2.876
0.38888,2.0754,3.1082
0.36794,2.0717,3.3273
0.3743,2.1224,3.5334
0.57697,2.1588,3.7338
0.55753,2.1512,3.9197
0.49396,2.1701,4.0924
0.54481,2.151,4.2494
0.44161,2.1622,4.3916
0.37579,2.157,4.5195
0.37617,2.1342,4.6303
0.35373,2.1216,4.725
0.347,2.0907,4.8049
0.34177,2.0887,4.8729
0.45021,2.0836,4.9295
0.52911,2.0459,4.9729
0.60577,2.0156,5.0017
0.65251,1.9825,5.0172
0.56389,1.9448,5.0209
0.43114,1.9104,5.0135
0.27221,1.8726,4.9963
0.072157,1.8225,4.9695
-0.098733,1.7782,4.9329
-0.18997,1.7423,4.8884
-0.26925,1.6938,4.8362
-0.29056,1.6299,4.776
-0.31786,1.5614,4.7064
-0.30814,1.5075,4.6273
-0.28533,1.4505,4.5411
-0.32235,1.3819,4.4487
-0.32571,1.3104,4.3483
-0.37171,1.2333,4.2396
-0.40611,1.1608,4.1249
-0.44313,1.0941,4.0041
-0.49174,1.0165,3.8777
-0.48576,0.93897,3.7457
-0.49623,0.881,3.6099
-0.49511,0.79954,3.4723
-0.47267,0.69558,3.3264
-0.49361,0.63081,3.174
-0.56803,0.56343,3.0228
-0.60056,0.4614,2.8656
-0.63683,0.37472,2.7019
-0.69367,0.27378,2.534
-0.63683,0.17189,2.3586
-0.54933,0.058373,2.1757
-0.47379,-0.034899,1.9862
-0.35077,-0.13096,1.7967
-0.24681,-0.26076,1.5986
-0.14884,-0.33743,1.4004
-0.028433,-0.49227,1.1982
0.032145,-0.56121,0.9919
0.060565,-0.70747,0.78731
0.079635,-0.79381,0.56965
0.050468,-0.87829,0.36738
0.036633,-1.1168,0.13464
0.089732,-0.44988,-0.025715
0.15854,0.034844,-0.016342
0.21164,-0.14692,-0.009796
0.31185,-0.036717,-0.016766
0.36832,-0.064947,-0.010808
0.35972,-0.054937,-0.016256
0.3915,-0.033148,-0.012548
0.37617,-0.056032,-0.015551
0.36046,-0.022639,-0.01461
0.35186,-0.046892,-0.014797
0.28979,-0.027633,-0.016181
0.24679,-0.034677,-0.015326
0.20453,-0.031824,-0.016664
0.16975,-0.028244,-0.016428
0.15143,-0.027779,-0.017122
0.1275,-0.024821,-0.017231
0.1017,-0.029316,-0.017977
0.06206,-0.019265,-0.018183
0.0089611,-0.025144,-0.018318
-0.037407,-0.027037,-0.019308
-0.032172,-0.026782,-0.020042
-0.021702,-0.026358,-0.02122
-0.035911,-0.022058,-0.02203
-0.0078661,-0.023089,-0.023012
0.0059696,-0.018294,-0.023274
-0.032172,-0.023903,-0.023724
-0.053861,-0.02063,-0.024913
-0.075175,-0.021837,-0.024459
-0.093872,-0.02207,-0.025932
-0.084897,-0.010234,-0.025573
-0.097985,-0.027704,-0.026409
-0.11706,-0.0035569,-0.02684
-0.10509,-0.02655,-0.026435
-0.060217,-0.0072909,-0.028617
-0.012353,-0.018939,-0.025794
0.072531,-0.035562,-0.030349
0.16489,0.014869,-0.026094
0.15854,-0.062495,-0.030244
0.21126,0.0526,-0.028392
0.1978,-0.093912,-0.027398
0.15741,0.084234,-0.035118
0.18658,-0.18455,-0.015165
0.095715,-1.842,-0.21978
0.21575,-2.1533,-0.62275
0.19556,-1.8291,-0.96388
0.13722,-2.0012,-1.3001
0.48648,-1.907,-1.6201
0.48536,-1.9854,-1.9135
0.52537,-1.9836,-2.1982
0.7187,-2.0208,-2.4597
0.47152,-2.082,-2.7166
0.46853,-2.0851,-2.956
0.55977,-2.1305,-3.1824
0.4805,-2.1427,-3.3946
0.61885,-2.2002,-3.598
0.69888,-2.2171,-3.7927
0.65064,-2.2255,-3.9719
0.64391,-2.2339,-4.138
0.60726,-2.2328,-4.2889
0.49957,-2.2317,-4.4257
0.44385,-2.2186,-4.5468
0.39374,-2.2082,-4.6523
0.38103,-2.1862,-4.7419
0.38215,-2.1712,-4.8165
0.40608,-2.1628,-4.8802
0.5336,-2.1388,-4.9321
0.60203,-2.1079,-4.9703
0.68467,-2.0686,-4.9944
0.68841,-2.03,-5.0048
0.57249,-1.9992,-5.0041
0.4345,-1.9619,-4.9942
0.23519,-1.919,-4.9742
0.046729,-1.8743,-4.9441
-0.12865,-1.8289,-4.905
-0.29169,-1.7814,-4.8578
-0.36797,-1.7311,-4.8029
-0.39975,-1.6713,-4.7396
-0.43079,-1.6047,-4.6671
-0.41508,-1.5369,-4.5858
-0.42032,-1.4739,-4.4965
-0.44313,-1.4101,-4.4019
-0.44313,-1.334,-4.3006
-0.48015,-1.2576,-4.191
-0.50745,-1.182,-4.0745
-0.52801,-1.1173,-3.9529
-0.5497,-1.037,-3.8265
-0.52876,-0.94815,-3.6931
-0.51193,-0.88817,-3.5565
-0.50745,-0.79663,-3.4165
-0.52465,-0.70041,-3.2672
-0.5669,-0.64662,-3.1161
-0.61327,-0.55762,-2.9643
-0.67086,-0.45993,-2.805
-0.73817,-0.37317,-2.641
-0.76023,-0.26649,-2.4706
-0.70077,-0.16209,-2.2937
-0.62374,-0.046513,-2.1074
-0.50109,0.033003,-1.9174
-0.34516,0.16667,-1.7249
-0.21391,0.26554,-1.525
-0.068444,0.37197,-1.3279
0.04112,0.51182,-1.1217
0.087114,0.58021,-0.91969
0.10693,0.75908,-0.70759
0.10357,0.76889,-0.49718
0.11666,1.0267,-0.28556
0.12339,0.90812,-0.059124
0.14208,0.07491,0.0131
0.2064,0.029217,-0.014572
0.25426,0.10299,-0.0040373
0.33915,0.00025209,-0.0079777
0.38215,0.067865,-0.0063468
0.39748,0.0087736,-0.0050421
0.44273,0.035804,-0.0068379
0.41431,0.019811,-0.0038086
0.4102,0.018379,-0.0059231
0.37093,0.022544,-0.0037224
0.29652,0.0063555,-0.0043522
0.25053,0.020557,-0.0033587
0.20416,0.0072665,-0.0029913
0.2079,0.0128,-0.0028751
0.16115,0.0069591,-0.0020952
0.11366,0.0092122,-0.0020952
0.078888,0.0082112,-0.0010942
0.016814,-0.0024434,-0.0012292
-1.3407e-05,0.008335,-0.00050933
-0.054982,0.010528,0.00085537
-0.074053,0.0052533,0.0018077
-0.050495,0.0080875,0.0026587
-0.077793,0.0063142,0.0037385
-0.051991,-0.00068516,0.0041771
-0.039277,0.0064904,0.004747
-0.07854,0.00021835,0.0057218
-0.0662,-0.0051502,0.0054968
-0.08415,0.0013805,0.007034
-0.13127,-0.0047566,0.0065578
-0.14996,0.0066592,0.0076414
-0.17128,-0.016319,0.0078551
-0.17427,0.013036,0.0074726
-0.1638,-0.0064811,0.0096734
-0.1178,-0.0034969,0.0066853
-0.046008,0.0090923,0.011214
0.045981,-0.031753,0.006839
0.10469,0.048352,0.01157
0.17387,-0.066791,0.009366
0.23482,0.085025,0.0084137
0.20079,-0.10928,0.015762
0.23033,0.18981,-0.003265
0.22884,1.9007,0.20569
0.31709,2.2023,0.60893
0.37318,1.8624,0.95035
0.31073,2.0264,1.289
0.50219,1.931,1.6101
0.44722,2.0165,1.906
0.38963,2.022,2.1928
0.60801,2.0589,2.4564
0.49695,2.1146,2.714
0.53247,2.1375,2.954
0.657,2.1812,3.1842
0.56949,2.1778,3.3982
0.67569,2.2417,3.6003
0.75272,2.2637,3.795
0.73627,2.2855,3.9772
0.75235,2.3008,4.1472
0.72505,2.2937,4.3013
0.68055,2.2963,4.4418
0.6297,2.2865,4.5679
0.58969,2.2719,4.6777
0.5781,2.2479,4.7711
0.50293,2.2305,4.8497
0.50966,2.2222,4.9162
0.61773,2.2015,4.9716
0.63194,2.1664,5.0148
0.68953,2.1274,5.0431
0.68691,2.0871,5.0576
0.55641,2.0497,5.0605
0.39973,2.0089,5.0524
0.18284,1.9676,5.0344
-0.030302,1.9222,5.0077
-0.21017,1.8688,4.9714
-0.36311,1.8253,4.926
-0.44687,1.7784,4.8738
-0.49698,1.7179,4.8143
-0.51231,1.6522,4.7455
-0.46706,1.582,4.6675
-0.45734,1.5158,4.5816
-0.46706,1.4524,4.4893
-0.47342,1.3816,4.3898
-0.49212,1.3096,4.2822
-0.53736,1.2285,4.1683
-0.60243,1.1502,4.0478
-0.61888,1.0853,3.9218
-0.62299,0.99907,3.7911
-0.63982,0.92633,3.6549
-0.64169,0.86586,3.5168
-0.6473,0.76371,3.3731
-0.67871,0.68125,3.2209
-0.72171,0.6227,3.0689
-0.77332,0.52336,2.9135
-0.81856,0.43442,2.7506
-0.82081,0.33895,2.5842
-0.77407,0.22579,2.4109
-0.68881,0.11877,2.2305
-0.58261,0.013587,2.0422
-0.45136,-0.068861,1.853
-0.30776,-0.20265,1.6581
-0.17539,-0.28938,1.4587
-0.069566,-0.4266,1.2599
-0.013101,-0.53048,1.0526
0.0014823,-0.6313,0.85027
-0.017962,-0.78656,0.63398
-0.035911,-0.80189,0.42873
-0.023572,-1.1027,0.20733
0.0082132,-0.73665,0.0013203
0.088984,6.4644e-05,-0.02964
0.19518,-0.10194,-0.0080789
0.29764,-0.082447,-0.019848
0.36158,-0.036571,-0.012972
0.38514,-0.079493,-0.017219
0.4345,-0.02941,-0.015682
0.45619,-0.06392,-0.016068
0.42964,-0.028585,-0.017692
0.37916,-0.041234,-0.016245
0.30288,-0.035465,-0.018247
0.22697,-0.030239,-0.017287
0.17836,-0.033335,-0.018385
0.15629,-0.028222,-0.01819
0.12526,-0.034734,-0.018876
0.095341,-0.024724,-0.019371
0.067295,-0.033264,-0.019596
0.025788,-0.024458,-0.020196
-0.002631,-0.02361,-0.020035
-0.024693,-0.029916,-0.021081
-0.047504,-0.025927,-0.022082
-0.038903,-0.0283,-0.023083
0.012327,-0.028926,-0.024275
0.042242,-0.024308,-0.025171
0.039624,-0.017837,-0.025333
0.027658,-0.026186,-0.026255
-0.016093,-0.016708,-0.026798
-0.039277,-0.02156,-0.026993
-0.046756,-0.01964,-0.028193
-0.077793,-0.017237,-0.027376
-0.1294,-0.027813,-0.029352
-0.16903,-0.0069573,-0.028167
-0.1825,-0.032908,-0.029359
-0.14622,0.0028876,-0.029753
-0.075175,-0.033695,-0.028786
-0.00076128,-0.0078495,-0.032201
0.098332,-0.014984,-0.027278
0.15667,-0.037838,-0.034612
0.21911,0.039853,-0.026221
0.21351,-0.11629,-0.0358
0.2236,0.16791,-0.026836
0.20042,-0.66529,-0.045214
0.13386,-2.1663,-0.34487
0.28194,-2.0038,-0.74286
0.19855,-1.9098,-1.0731
0.2853,-2.0284,-1.4135
0.61325,-1.9587,-1.7206
0.53247,-2.0615,-2.0143
0.71982,-2.0387,-2.2913
0.84397,-2.1212,-2.5512
0.61811,-2.1481,-2.8036
0.7273,-2.1926,-3.039
0.74637,-2.226,-3.2649
0.66821,-2.2341,-3.4725
0.80769,-2.2955,-3.6721
0.86565,-2.3146,-3.8622
0.80508,-2.3346,-4.0394
0.8305,-2.3348,-4.2034
0.79274,-2.3408,-4.3521
0.65961,-2.3403,-4.4877
0.65326,-2.3225,-4.607
0.61773,-2.3137,-4.7116
0.61025,-2.2897,-4.8014
0.61025,-2.2682,-4.8755
0.62259,-2.2583,-4.9383
0.69813,-2.2332,-4.9899
0.72468,-2.2015,-5.0285
0.76656,-2.16,-5.0537
0.71309,-2.1127,-5.0649
0.55977,-2.0733,-5.0642
0.36794,-2.0339,-5.0532
0.13161,-1.9938,-5.0328
-0.11107,-1.9455,-5.0036
-0.32646,-1.8998,-4.965
-0.47005,-1.8508,-4.9177
-0.53512,-1.7938,-4.863
-0.57102,-1.7362,-4.8001
-0.59607,-1.6675,-4.728
-0.61103,-1.5975,-4.647
-0.61926,-1.5305,-4.558
-0.60467,-1.4678,-4.4632
-0.58934,-1.3939,-4.3626
-0.58373,-1.3148,-4.2538
-0.60318,-1.2387,-4.1379
-0.64543,-1.1636,-4.0164
-0.68918,-1.0925,-3.8907
-0.71947,-1.0022,-3.7588
-0.73031,-0.93548,-3.6219
-0.71611,-0.86256,-3.4833
-0.72134,-0.7515,-3.3363
-0.79875,-0.68412,-3.1836
-0.85409,-0.6123,-3.032
-0.89597,-0.51059,-2.8742
-0.91616,-0.42257,-2.7104
-0.82604,-0.32188,-2.5415
-0.71461,-0.22299,-2.3656
-0.59644,-0.094969,-2.1822
-0.47305,-0.002376,-1.9915
-0.34965,0.10281,-1.8007
-0.21091,0.22875,-1.6018
-0.10584,0.30557,-1.404
-0.026563,0.46574,-1.2013
0.039624,0.52558,-0.99604
0.067669,0.69298,-0.79069
0.024667,0.7677,-0.57414
0.0018563,0.88278,-0.37132
0.020927,1.0888,-0.13661
0.034389,0.36173,0.0091973
0.11217,-0.051109,-0.0069879
0.2236,0.12853,-0.0094961
0.32419,0.015402,-0.0042435
0.36308,0.053619,-0.0090199
0.38477,0.024966,-0.0039661
0.42179,0.020347,-0.0075803
0.41394,0.038065,-0.004191
0.4345,0.0073602,-0.0054282
0.41431,0.030799,-0.0047459
0.33354,0.0089948,-0.0039436
0.27072,0.017561,-0.0040448
0.18621,0.0092347,-0.0028151
0.13236,0.0060856,-0.0032987
0.081505,0.0049046,-0.002204
0.044111,0.0057069,-0.0023127
0.036259,0.0076301,-0.0014654
-0.024319,-0.0023797,-0.0012029
-0.054982,0.0068841,-0.0011842
-0.053861,0.00357,0.00019176
-0.041521,0.0052045,0.0012153
0.0011084,0.0075064,0.0023025
0.056825,0.0046197,0.0033786
0.093845,0.0047134,0.0041434
0.084497,0.0030339,0.0042559
0.071035,0.0071953,0.0052456
0.029154,-0.0024847,0.0055418
-0.015719,0.0065729,0.0060067
-0.030676,-0.0027359,0.0066516
-0.062461,0.00074696,0.0064004
-0.1021,-0.0030695,0.0083949
-0.13687,-0.0066723,0.0068503
-0.15108,0.016365,0.0092273
-0.10771,-0.022756,0.0077951
-0.061339,0.026394,0.0088073
0.0082132,-0.033095,0.010187
0.1174,0.019068,0.0069065
0.14283,-0.0071597,0.013771
0.18471,-0.028664,0.0038547
0.20977,0.074666,0.018233
0.20416,-0.18769,-0.001964
0.19256,1.0361,0.059729
0.22061,2.2993,0.40661
0.36944,1.9372,0.78705
0.28605,1.9654,1.1152
0.35224,2.0039,1.4532
0.51079,1.976,1.7539
0.34251,2.0655,2.0469
0.52649,2.0419,2.318
0.654,2.1331,2.5771
0.51527,2.1475,2.8252
0.71683,2.1984,3.0579
0.76843,2.214,3.2793
0.70112,2.245,3.4834
0.85967,2.297,3.6815
0.89557,2.3068,3.8682
0.83536,2.3301,4.0424
0.86678,2.3277,4.202
0.80433,2.3319,4.3469
0.70374,2.3168,4.4777
0.67607,2.2906,4.5912
0.61624,2.2833,4.6913
0.60091,2.2622,4.7769
0.60614,2.2448,4.8477
0.63157,2.2224,4.9074
0.67943,2.1896,4.9545
0.70262,2.1618,4.9887
0.70299,2.1153,5.0104
0.62334,2.0675,5.0189
0.47526,2.0199,5.0153
0.29465,1.9771,5.0014
0.045233,1.9405,4.9789
-0.19484,1.8904,4.9467
-0.36311,1.8383,4.9056
-0.51231,1.7856,4.8573
-0.58971,1.7324,4.8008
-0.69853,1.6675,4.736
-0.75088,1.5961,4.6621
-0.709,1.5326,4.5799
-0.72171,1.4702,4.491
-0.66301,1.394,4.3952
-0.62786,1.3151,4.2913
-0.65627,1.2452,4.1806
-0.66301,1.1643,4.0632
-0.70638,1.0943,3.9399
-0.70863,1.0177,3.8123
-0.70377,0.93851,3.6784
-0.75649,0.88149,3.5423
-0.76771,0.7877,3.403
-0.80809,0.69284,3.254
-0.88587,0.63199,3.1026
-0.884,0.54082,2.9504
-0.86456,0.44851,2.7906
-0.86045,0.36361,2.6264
-0.79987,0.25414,2.4559
-0.70975,0.14967,2.2782
-0.61888,0.035961,2.0928
-0.46669,-0.04414,1.9044
-0.30776,-0.16819,1.7129
-0.16492,-0.26976,1.513
-0.013849,-0.37509,1.3166
0.080009,-0.51722,1.1112
0.096463,-0.57958,0.90904
0.088984,-0.76109,0.69868
0.077766,-0.77316,0.488
0.042989,-1.0081,0.27958
0.052338,-0.96448,0.049816
0.10207,-0.13525,-0.035347
0.13685,-0.028094,-0.0078315
0.20416,-0.12928,-0.016904
0.28642,-0.021777,-0.01404
0.31596,-0.083096,-0.014318
0.37093,-0.027213,-0.016095
0.44049,-0.053662,-0.013759
0.43301,-0.03837,-0.017354
0.41917,-0.036256,-0.01497
0.36906,-0.045909,-0.016852
0.28381,-0.026741,-0.016398
0.21911,-0.039832,-0.017051
0.13834,-0.025856,-0.017725
0.094593,-0.033422,-0.017418
0.032893,-0.02457,-0.018175
-0.046382,-0.027723,-0.018498
-0.068444,-0.03449,-0.0193
-0.088263,-0.024709,-0.019113
-0.097237,-0.026805,-0.019653
-0.08415,-0.029301,-0.020729
-0.037407,-0.028083,-0.021925
0.010083,-0.024866,-0.022832
0.052338,-0.025129,-0.023724
0.094967,-0.017394,-0.024478
0.090854,-0.022148,-0.024676
0.078514,-0.024469,-0.025689
0.085618,-0.016633,-0.025524
0.072531,-0.022418,-0.02681
0.025414,-0.012412,-0.026701
-0.01871,-0.030666,-0.026926
-0.054234,-0.009979,-0.028208
-0.10023,-0.023288,-0.02702
-0.10621,-0.021473,-0.029914
-0.05947,-0.0035007,-0.026978
-0.026189,-0.040098,-0.030615
0.079261,0.021082,-0.028407
0.15181,-0.066675,-0.029569
0.1877,0.033356,-0.031605
0.23632,-0.060066,-0.025539
0.21575,0.0042635,-0.039171
0.2666,0.0082637,-0.011866
0.19556,-1.5658,-0.15978
0.27221,-2.2334,-0.55363
0.34551,-1.8493,-0.90886
0.20229,-2.0226,-1.2418
0.49508,-1.9678,-1.5695
0.58707,-2.0231,-1.8642
0.53883,-2.0592,-2.1526
0.83798,-2.0741,-2.4165
0.70037,-2.1549,-2.6736
0.59455,-2.1641,-2.9154
0.78974,-2.2218,-3.1452
0.68055,-2.2245,-3.3605
0.71907,-2.2751,-3.562
0.9195,-2.3086,-3.7576
0.85631,-2.3242,-3.9402
0.82751,-2.3365,-4.1101
0.8578,-2.3336,-4.2647
0.72842,-2.3385,-4.4062
0.67008,-2.3208,-4.5326
0.62671,-2.31,-4.6428
0.5766,-2.2849,-4.7384
0.57473,-2.2564,-4.8181
0.52387,-2.2439,-4.8851
0.5751,-2.2246,-4.9417
0.59866,-2.1916,-4.9865
0.62745,-2.1481,-5.0175
0.63793,-2.1052,-5.0347
0.50219,-2.0599,-5.0394
0.35934,-2.0167,-5.0335
0.17649,-1.9769,-5.018
-0.054234,-1.9282,-4.9932
-0.2614,-1.8763,-4.9588
-0.41434,-1.8283,-4.9158
-0.51119,-1.7784,-4.8652
-0.5856,-1.7173,-4.807
-0.64281,-1.6528,-4.7402
-0.6301,-1.584,-4.6643
-0.63384,-1.5125,-4.5799
-0.68021,-1.4543,-4.4886
-0.66861,-1.3834,-4.3918
-0.65216,-1.3026,-4.2873
-0.64917,-1.2293,-4.1747
-0.65852,-1.1549,-4.0563
-0.68843,-1.0871,-3.9331
-0.70451,-1.0048,-3.8049
-0.71648,-0.92757,-3.6702
-0.71797,-0.8616,-3.5333
-0.72545,-0.7611,-3.3907
-0.74976,-0.67858,-3.2389
-0.78715,-0.62263,-3.0878
-0.80024,-0.52472,-2.934
-0.79127,-0.43526,-2.7722
-0.78267,-0.34165,-2.6064
-0.66824,-0.23259,-2.4335
-0.54783,-0.12447,-2.2532
-0.46145,-0.01164,-2.0639
-0.30664,0.0683,-1.8736
-0.1967,0.2,-1.6779
-0.11145,0.28415,-1.4778
-0.013101,0.4201,-1.2789
0.048972,0.52283,-1.0715
0.10245,0.61815,-0.86965
0.10207,0.77545,-0.65343
0.074026,0.79024,-0.44791
0.077392,1.0864,-0.22584
0.09048,0.7067,-0.021617
0.14433,-0.028285,0.0066103
0.18883,0.082817,-0.014411
0.261,0.06346,-0.0024776
0.31896,0.023305,-0.0091624
0.2954,0.058186,-0.0045322
0.33803,0.0040723,-0.0063393
0.36757,0.044952,-0.0055445
0.36906,0.0074614,-0.0041048
0.36009,0.022195,-0.0056007
0.30437,0.015387,-0.0031862
0.24454,0.0041173,-0.0041085
0.15928,0.014986,-0.0029088
0.12226,0.006123,-0.0029575
0.0744,0.010652,-0.0023202
0.012327,0.0021828,-0.001889
0.025788,0.0024978,-0.0016003
-0.010484,0.0037124,-0.00078302
-0.061713,0.0041998,-0.00095548
-0.061713,0.011878,0.00015802
-0.033294,0.0083987,0.0016577
0.015318,0.0032588,0.0023325
0.063182,0.0081775,0.003551
0.11703,0.0034238,0.004612
0.12301,0.0041773,0.0046345
0.10768,-0.00050146,0.0056618
0.088236,-0.0041417,0.0056843
0.046355,0.0087474,0.0066966
0.019805,-0.0077183,0.0067753
0.0067175,0.010071,0.007124
-0.00076128,-0.0053752,0.0085824
-0.039277,-0.00083887,0.0069515
-0.076297,0.0055419,0.010075
-0.044886,-0.017848,0.0073677
-0.010484,0.0257,0.010341
0.057947,-0.037268,0.0091598
0.12077,0.042286,0.0089686
0.14545,-0.041921,0.012643
0.19107,0.024662,0.0048107
0.16863,-6.5868e-06,0.019747
0.1907,-0.090125,-0.0072428
0.17536,1.4506,0.1153
0.2509,2.3004,0.49934
0.41244,1.883,0.86247
0.30101,2.0161,1.1965
0.436,1.9762,1.5298
0.50929,2.0096,1.8277
0.35037,2.0672,2.1204
0.59791,2.0671,2.3888
0.61325,2.1492,2.6495
0.55491,2.1546,2.8945
0.7602,2.2202,3.1278
0.71084,2.2209,3.3494
0.74525,2.2502,3.5533
0.87837,2.2969,3.7502
0.86154,2.3153,3.9364
0.87949,2.3386,4.1121
0.88285,2.3347,4.273
0.78974,2.3362,4.4194
0.70449,2.3264,4.5525
0.6383,2.3018,4.6693
0.60203,2.2882,4.7711
0.57136,2.2608,4.8585
0.54631,2.2394,4.9315
0.61325,2.2286,4.9924
0.63007,2.1926,5.042
0.65326,2.1559,5.0788
0.66597,2.1177,5.1032
0.55491,2.0732,5.1142
0.39412,2.0249,5.1124
0.16788,1.9737,5.1006
-0.066948,1.929,5.0792
-0.2599,1.8848,5.0489
-0.43004,1.8344,5.0093
-0.54783,1.7808,4.9614
-0.61851,1.7311,4.9063
-0.66525,1.6697,4.8433
-0.6574,1.6006,4.7717
-0.64506,1.5342,4.6917
-0.66114,1.4695,4.605
-0.66787,1.4089,4.5117
-0.65814,1.3288,4.4101
-0.7004,1.2494,4.3011
-0.74976,1.1781,4.1852
-0.74228,1.1006,4.063
-0.74752,1.0312,3.9358
-0.74041,0.94953,3.8025
-0.74939,0.8819,3.6652
-0.73854,0.81155,3.5264
-0.73256,0.70848,3.3794
-0.79089,0.63644,3.226
-0.78192,0.5673,3.0734
-0.77706,0.46865,2.9148
-0.78304,0.386,2.7501
-0.68881,0.28611,2.5817
-0.59682,0.18541,2.4047
-0.51605,0.079071,2.2216
-0.37881,-0.02448,2.0313
-0.24083,-0.11427,1.8398
-0.10172,-0.24524,1.6414
-0.0093619,-0.31976,1.441
0.01644,-0.47088,1.2392
0.050094,-0.55712,1.0302
0.047477,-0.67325,0.82573
0.0082132,-0.80053,0.60683
0.009335,-0.84235,0.40197
0.015692,-1.1309,0.17283
0.049346,-0.60761,-0.015161
0.15143,0.028718,-0.024774
0.23332,-0.12829,-0.0097435
0.29315,-0.060842,-0.020054
0.3283,-0.054037,-0.013129
0.35037,-0.06699,-0.018344
0.36532,-0.029159,-0.015345
0.35485,-0.063935,-0.017291
0.31559,-0.02661,-0.017531
0.26249,-0.047765,-0.016717
0.19892,-0.031738,-0.018757
0.11591,-0.034692,-0.017703
0.090854,-0.03614,-0.019004
0.066548,-0.027843,-0.018805
0.035511,-0.031315,-0.019379
0.039998,-0.023607,-0.019671
0.014944,-0.030126,-0.020234
-0.025815,-0.02487,-0.020729
-0.04713,-0.025436,-0.020744
-0.031798,-0.030111,-0.022011
0.013822,-0.029043,-0.02342
0.061312,-0.028544,-0.02426
0.10656,-0.02821,-0.025389
0.15181,-0.023652,-0.026015
0.15928,-0.027348,-0.026439
0.12039,-0.022403,-0.027462
0.090854,-0.026864,-0.027293
0.085618,-0.02679,-0.028534
0.060939,-0.012026,-0.027889
0.0040999,-0.028938,-0.029179
-0.03292,-0.008768,-0.029363
-0.042642,-0.032469,-0.028984
-0.031798,-0.0084306,-0.031204
-0.0089879,-0.025009,-0.028628
0.03925,-0.031937,-0.032887
0.13535,0.0097858,-0.028242
0.16452,-0.065442,-0.033401
0.19855,0.048652,-0.03018
0.21313,-0.10791,-0.030795
0.18733,0.099803,-0.036393
0.16228,-0.25555,-0.020174
0.075896,-1.9113,-0.24256
0.23258,-2.1343,-0.64913
0.2423,-1.8637,-0.99049
0.18135,-2.0443,-1.3309
0.52238,-1.9562,-1.6505
0.53659,-2.0535,-1.9464
0.61773,-2.0503,-2.2321
0.87351,-2.1007,-2.4951
0.66186,-2.1519,-2.7528
0.68616,-2.174,-2.9922
0.80021,-2.2336,-3.2236
0.7157,-2.2263,-3.4387
0.83125,-2.2758,-3.64
0.90155,-2.3044,-3.8341
0.86902,-2.3298,-4.0168
0.87874,-2.338,-4.1884
0.85518,-2.3348,-4.3443
0.73926,-2.3413,-4.4873
0.65251,-2.3218,-4.6158
0.5938,-2.309,-4.7285
0.57136,-2.2887,-4.8272
0.54743,-2.2584,-4.9101
0.52387,-2.2426,-4.9794
0.58969,-2.2231,-5.0386
0.61287,-2.1898,-5.086
0.65326,-2.1487,-5.1198
0.64503,-2.1032,-5.14
0.50443,-2.0549,-5.1474
0.34027,-2.0115,-5.1437
0.13647,-1.9702,-5.1301
-0.091628,-1.9212,-5.1073
-0.2685,-1.872,-5.0752
-0.42593,-1.8205,-5.0334
-0.54933,-1.7687,-4.984
-0.58784,-1.7122,-4.9272
-0.63272,-1.6447,-4.8615
-0.68769,-1.5801,-4.7869
-0.67796,-1.5126,-4.7042
-0.7692,-1.4505,-4.6143
-0.9902,-1.3872,-4.5189
-0.89896,-1.3094,-4.4166
-0.66712,-1.2357,-4.3063
-0.86119,-1.1612,-4.1893
-0.96926,-1.0932,-4.0669
-0.71012,-1.0157,-3.9399
-0.54185,-0.93426,-3.8063
-0.45397,-0.87512,-3.6688
-0.44874,-0.78679,-3.5282
-0.53587,-0.688,-3.3782
-0.58971,-0.63236,-3.2246
-0.64954,-0.55485,-3.0715
-0.73592,-0.45023,-2.9107
-0.74153,-0.37235,-2.7446
-0.6387,-0.26491,-2.5733
-0.56915,-0.15918,-2.3934
-0.45697,-0.048744,-2.2063
-0.28271,0.043073,-2.0137
-0.18287,0.13853,-1.8205
-0.044886,0.26025,-1.6189
0.056451,0.34328,-1.4193
0.034015,0.49885,-1.2141
0.035137,0.56006,-1.0066
0.034763,0.72133,-0.79873
0.040372,0.78941,-0.57923
0.13834,0.90118,-0.37462
0.24866,1.1009,-0.13749
0.32344,0.36006,0.0097146
0.42104,-0.054244,-0.0068417
0.45657,0.13223,-0.0091999
0.40945,0.015529,-0.0041685
0.36607,0.056573,-0.0089937
0.23856,0.027729,-0.0037786
0.11516,0.017797,-0.0074265
0.11441,0.033315,-0.0038873
0.09908,0.0062055,-0.005282
0.060939,0.031088,-0.0045622
0.067669,0.0050508,-0.0036061
0.14769,0.016766,-0.0039923
0.22211,0.012395,-0.0027776
0.24118,0.0061006,-0.0032387
0.23407,0.0013056,-0.0022339
0.18022,0.002449,-0.0018703
0.087862,0.01106,-0.0012067
-0.020206,0.0032026,-0.0011504
-0.072931,0.008976,-0.0004156
-0.098733,0.0091298,0.0011853
-0.06807,0.0036449,0.0019201
0.029528,0.010821,0.0030749
0.083375,0.0072103,0.0043908
0.12787,-0.00092884,0.0046833
0.14208,0.003465,0.0055493
0.12825,-0.0027171,0.0056618
0.10693,0.0055644,0.0065204
0.084123,-0.0040368,0.0071502
0.074026,0.008095,0.0070865
0.022423,-0.00086136,0.0087624
0.0014823,-0.0065111,0.0071052
0.02691,0.0080875,0.0098121
0.071035,-0.022489,0.0077576
0.129,0.029262,0.0098534
0.19705,-0.033302,0.0099808
0.2337,0.03033,0.0080013
0.20416,-0.020712,0.014097
0.16115,-0.0054501,0.0044996
0.080009,0.04671,0.019927
0.056451,-0.15907,-0.004416
0.016814,1.2122,0.082696
0.055329,2.3118,0.44942
0.23819,1.9124,0.82414
0.22921,1.9913,1.1574
0.39038,1.9888,1.4961
0.54855,1.9823,1.7967
0.43338,2.0595,2.0922
0.63194,2.0438,2.365
0.68841,2.1268,2.6278
0.56314,2.1241,2.8766
0.68355,2.1919,3.1116
0.62484,2.2145,3.338
0.62671,2.2295,3.5459
0.79573,2.2675,3.7444
0.79348,2.2901,3.9331
0.79685,2.3158,4.1124
0.83499,2.3125,4.2782
0.76768,2.3165,4.429
0.7172,2.3107,4.5669
0.67681,2.2922,4.6893
0.62409,2.2685,4.796
0.59679,2.2449,4.8883
0.55042,2.2175,4.9667
0.58819,2.1874,5.0314
0.62334,2.1725,5.085
0.65961,2.1398,5.1272
0.70075,2.0853,5.156
0.61848,2.0451,5.1717
0.4704,1.9994,5.1749
0.25875,1.9524,5.1668
-1.3407e-05,1.9099,5.149
-0.2169,1.8592,5.1223
-0.40424,1.8101,5.0862
-0.56429,1.753,5.0413
-0.63272,1.7022,4.9889
-0.6817,1.6508,4.9288
-0.68881,1.5782,4.8605
-0.6559,1.5129,4.7827
-0.65478,1.448,4.6967
-0.65814,1.3763,4.6045
-0.67796,1.3102,4.5049
-0.70227,1.2373,4.3973
-0.75238,1.162,4.2829
-0.79501,1.0912,4.1626
-0.79538,1.0166,4.0372
-0.77481,0.94115,3.906
-0.74789,0.87575,3.7696
-0.72658,0.80185,3.6316
-0.68507,0.71192,3.4879
-0.68806,0.633,3.3358
-0.68619,0.56979,3.1828
-0.66226,0.48348,3.0271
-0.69741,0.39268,2.8636
-0.66151,0.31031,2.6963
-0.55232,0.19922,2.5218
-0.47604,0.10309,2.3398
-0.38779,-0.010324,2.1514
-0.28047,-0.093361,1.9585
-0.14772,-0.19896,1.7635
-0.0011352,-0.30681,1.5606
0.044111,-0.4012,1.3604
0.064678,-0.55304,1.1515
0.11105,-0.60744,0.94472
0.076644,-0.77589,0.73239
0.057947,-0.80203,0.51536
0.07814,-0.99504,0.30624
0.078514,-1.0341,0.069341
0.13573,-0.21021,-0.037499
0.23482,-0.0035269,-0.010857
0.30063,-0.141,-0.016916
0.33017,-0.027753,-0.01653
0.34513,-0.087201,-0.015056
0.32232,-0.03491,-0.017924
0.30475,-0.049456,-0.01488
0.28044,-0.04841,-0.018798
0.21463,-0.032484,-0.01638
0.14881,-0.047383,-0.018025
0.082253,-0.029931,-0.01801
0.061686,-0.039277,-0.018322
0.054208,-0.031082,-0.019146
0.044111,-0.032762,-0.018843
0.045607,-0.029358,-0.019904
0.037754,-0.031056,-0.019833
0.022049,-0.025841,-0.020436
-0.03105,-0.024533,-0.02047
-0.053861,-0.032312,-0.021568
-0.03105,-0.027371,-0.023334
-0.0030049,-0.027093,-0.023852
0.047851,-0.028926,-0.025213
0.072531,-0.021845,-0.026214
0.091975,-0.025474,-0.026337
0.12114,-0.023018,-0.027278
0.11927,-0.018122,-0.027211
0.10581,-0.030655,-0.028583
0.09048,-0.021766,-0.028197
0.069539,-0.029927,-0.029074
0.031771,-0.0094391,-0.029854
0.013074,-0.030951,-0.028988
0.011953,-0.014755,-0.031616
0.024667,-0.012326,-0.028486
0.079261,-0.040852,-0.032726
0.14807,0.017168,-0.029134
0.17836,-0.066443,-0.032175
0.22697,0.043531,-0.031905
0.23968,-0.084056,-0.028534
0.21201,0.050515,-0.039377
0.1877,-0.1,-0.015229
0.050842,-1.7388,-0.19808
0.16452,-2.1873,-0.60166
0.1993,-1.8441,-0.95167
0.11366,-2.0315,-1.291
0.47713,-1.9493,-1.6174
0.52387,-2.0256,-1.9143
0.55678,-2.0392,-2.2042
0.8391,-2.0697,-2.4704
0.65027,-2.1335,-2.7308
0.64914,-2.1421,-2.9735
0.76469,-2.2109,-3.2078
0.65774,-2.2056,-3.4283
0.7718,-2.2415,-3.6328
0.85257,-2.2715,-3.8296
0.79236,-2.2967,-4.0155
0.79872,-2.3087,-4.1914
0.80208,-2.302,-4.3519
0.69215,-2.3082,-4.4995
0.61848,-2.2949,-4.6336
0.57323,-2.2821,-4.7517
0.52799,-2.2586,-4.8558
0.50779,-2.2247,-4.9437
0.50256,-2.2018,-5.0174
0.54594,-2.1817,-5.0798
0.53883,-2.1542,-5.131
0.60614,-2.1141,-5.17
0.61624,-2.0701,-5.1953
0.49732,-2.0237,-5.2073
0.37168,-1.9745,-5.2074
0.16975,-1.9336,-5.1973
-0.03479,-1.8895,-5.1781
-0.21802,-1.8374,-5.1494
-0.38741,-1.7837,-5.1112
-0.51231,-1.7323,-5.0646
-0.62075,-1.6805,-5.0106
-0.68208,-1.6203,-4.9487
-0.69554,-1.5577,-4.8776
-0.68582,-1.4889,-4.7976
-0.67348,-1.4231,-4.7097
-0.73405,-1.3612,-4.6156
-0.74639,-1.2917,-4.5152
-0.67385,-1.219,-4.4067
-0.64992,-1.1413,-4.291
-0.63795,-1.0749,-4.1696
-0.61028,-1.0023,-4.0435
-0.63047,-0.91762,-3.9112
-0.6301,-0.85566,-3.7741
-0.60579,-0.78111,-3.635
-0.62075,-0.68506,-3.4875
-0.62599,-0.61648,-3.3337
-0.63646,-0.55464,-3.1807
-0.63496,-0.45495,-3.0223
-0.64431,-0.37247,-2.8564
-0.60467,-0.28287,-2.6874
-0.49511,-0.16684,-2.5094
-0.41845,-0.072141,-2.3242
-0.29019,0.032299,-2.1325
-0.17389,0.11705,-1.9382
-0.095368,0.24213,-1.7389
0.0048478,0.31785,-1.5346
0.067295,0.44031,-1.3325
0.13161,0.55984,-1.1206
0.18209,0.63917,-0.91436
0.17387,0.81029,-0.69472
0.16938,0.80141,-0.4824
0.16602,1.0844,-0.26208
0.13685,0.83061,-0.040168
0.17723,0.018086,0.011207
0.23706,0.061792,-0.01458
0.25015,0.084159,-0.0024064
0.26847,0.011927,-0.0082776
0.26025,0.067573,-0.0050946
0.24753,0.0066554,-0.005312
0.25389,0.045994,-0.0058294
0.25239,0.013291,-0.0033549
0.24529,0.018986,-0.0053608
0.21762,0.01797,-0.002995
0.15442,0.0060031,-0.0039473
0.093845,0.015541,-0.0026539
0.072905,0.00073947,-0.0024289
0.057573,0.012545,-0.0024739
0.038128,0.0060743,-0.0013154
0.023545,0.0059768,-0.0012254
-0.0093619,0.0046047,-0.00083176
-0.027685,0.0018079,-0.00037436
-0.0071182,0.011795,0.00063042
-0.0045007,0.0066592,0.0018077
0.028406,0.0016805,0.0027187
0.095715,0.0093697,0.0040009
0.11404,0.0035325,0.0049944
0.1376,0.0030114,0.0049307
0.14021,0.0059768,0.006093
0.11366,-0.0027359,0.0062729
0.11628,0.0058081,0.0070227
0.10207,-0.0052477,0.0073564
0.080757,0.0058606,0.0072664
0.080383,-0.0072309,0.0088448
0.078514,-0.00031026,0.0074014
0.042242,0.0075927,0.010457
0.048599,-0.022261,0.0080425
0.088236,0.024864,0.010547
0.12451,-0.039041,0.01015
0.1634,0.034529,0.0086011
0.15667,-0.046446,0.013869
0.16751,0.0014105,0.004942
0.12301,0.037847,0.020227
0.11666,-0.13845,-0.005447
0.097958,1.3071,0.095499
0.13199,2.3005,0.46965
0.31409,1.8748,0.8389
0.22098,1.9713,1.1707
0.30998,1.9505,1.5063
0.43675,1.9635,1.8053
0.27932,2.0226,2.0994
0.51714,2.0026,2.3697
0.5422,2.085,2.6307
0.44086,2.0902,2.8782
0.68654,2.1485,3.1128
0.63718,2.1398,3.3349
0.67195,2.1711,3.5403
0.8477,2.2172,3.7402
0.80807,2.2294,3.9287
0.78787,2.2409,4.1053
0.76432,2.2195,4.2668
0.69476,2.2279,4.4144
0.61923,2.2087,4.5481
0.54444,2.1841,4.6645
0.48723,2.1724,4.7675
0.4532,2.1311,4.8559
0.42852,2.1096,4.9293
0.45096,2.0907,4.9918
0.4962,2.0493,5.0428
0.54444,2.0061,5.0804
0.57211,1.9557,5.1047
0.48648,1.9157,5.1163
0.35074,1.8722,5.116
0.19331,1.8271,5.1054
-0.028059,1.7871,5.0861
-0.20119,1.7348,5.0575
-0.35899,1.6858,5.0198
-0.48239,1.6356,4.9744
-0.52764,1.5833,4.9212
-0.59345,1.5236,4.8596
-0.58037,1.4577,4.7883
-0.58971,1.3928,4.7081
-0.64393,1.3313,4.6214
-0.64917,1.2646,4.5277
-0.67684,1.1856,4.4256
-0.69292,1.1235,4.3161
-0.71498,1.0519,4.2006
-0.72209,0.97962,4.0789
-0.67946,0.90743,3.9515
-0.6301,0.8302,3.8184
-0.60841,0.78005,3.6825
-0.5871,0.69388,3.5427
-0.54522,0.605,3.3941
-0.56242,0.55158,3.2421
-0.57887,0.47277,3.0893
-0.57139,0.37926,2.9286
-0.60841,0.30325,2.7634
-0.5699,0.20397,2.5935
-0.47716,0.097921,2.4139
-0.39938,-0.0033694,2.2281
-0.29019,-0.092378,2.0358
-0.17315,-0.18322,1.8427
-0.056478,-0.30377,1.6419
0.029528,-0.38032,1.4402
0.072157,-0.52701,1.2353
0.10731,-0.59333,1.0248
0.11703,-0.72929,0.81759
0.085245,-0.82743,0.59585
0.080383,-0.8819,0.38938
0.087488,-1.1399,0.1549
0.090854,-0.52183,-0.02053
0.15405,0.039939,-0.018719
0.23482,-0.13845,-0.0082401
0.28455,-0.04766,-0.017118
0.28343,-0.059455,-0.010295
0.26473,-0.062491,-0.015881
0.25426,-0.033414,-0.01233
0.23706,-0.058491,-0.014824
0.21799,-0.021882,-0.014775
0.18135,-0.044395,-0.014392
0.13909,-0.02794,-0.015828
0.11142,-0.036552,-0.015191
0.066922,-0.035551,-0.016473
0.057573,-0.028349,-0.015986
0.07814,-0.031176,-0.016961
0.051216,-0.026745,-0.017272
0.041868,-0.030137,-0.017643
0.027284,-0.02102,-0.017883
-0.022076,-0.023442,-0.018258
-0.027311,-0.028128,-0.019701
0.0048478,-0.027161,-0.020511
0.038502,-0.025789,-0.021478
0.072531,-0.024941,-0.022963
0.11179,-0.018932,-0.023398
0.12563,-0.021961,-0.023672
0.10394,-0.019486,-0.024793
0.09908,-0.016607,-0.024665
0.098332,-0.02189,-0.025689
0.086366,-0.016866,-0.025393
0.067295,-0.02884,-0.026664
0.044859,-0.0027659,-0.02684
0.021301,-0.02782,-0.026304
0.01644,-0.010646,-0.028834
0.063182,-0.013364,-0.025812
0.097584,-0.031105,-0.030154
0.16041,0.01641,-0.026176
0.19256,-0.062746,-0.030296
0.19369,0.051857,-0.028486
0.17686,-0.090376,-0.026716
0.14134,0.078726,-0.035695
0.13647,-0.16469,-0.01428
0.029154,-1.8173,-0.21363
0.15143,-2.1544,-0.61764
0.22697,-1.8285,-0.96196
0.15741,-2.0078,-1.3005
0.47302,-1.9163,-1.6232
0.51752,-1.9933,-1.9192
0.55229,-1.9968,-2.2068
0.81442,-2.0309,-2.4711
0.6211,-2.0865,-2.7301
0.62147,-2.099,-2.9721
0.73926,-2.1468,-3.2046
0.61362,-2.1382,-3.4209
0.72094,-2.1864,-3.6249
0.80545,-2.2083,-3.8222
0.76506,-2.2218,-4.0068
0.76993,-2.2236,-4.1795
0.71196,-2.2159,-4.3365
0.60315,-2.2138,-4.4805
0.54594,-2.1909,-4.6093
0.46704,-2.1752,-4.7228
0.42366,-2.1482,-4.8222
0.41169,-2.1181,-4.9057
0.37916,-2.1013,-4.977
0.436,-2.0744,-5.0373
0.48012,-2.037,-5.0849
0.53173,-1.9947,-5.1194
0.54033,-1.9455,-5.1403
0.43076,-1.9006,-5.1482
0.28979,-1.8588,-5.1454
0.11366,-1.8193,-5.1337
-0.099481,-1.7727,-5.1126
-0.28009,-1.7184,-5.0816
-0.40686,-1.6692,-5.0421
-0.49735,-1.6187,-4.9947
-0.53998,-1.562,-4.9394
-0.56728,-1.4996,-4.875
-0.5684,-1.4331,-4.8015
-0.55157,-1.3685,-4.7192
-0.56391,-1.3134,-4.6297
-0.5856,-1.2468,-4.5345
-0.59607,-1.1731,-4.4315
-0.60093,-1.1027,-4.3206
-0.64244,-1.0302,-4.2028
-0.66263,-0.969,-4.0803
-0.60617,-0.89115,-3.9524
-0.57588,-0.82106,-3.8179
-0.55008,-0.76025,-3.6813
-0.52427,-0.66622,-3.5384
-0.51867,-0.59001,-3.3871
-0.50932,-0.53449,-3.235
-0.52727,-0.44858,-3.0803
-0.54035,-0.3611,-2.9174
-0.53661,-0.27909,-2.7505
-0.46781,-0.17064,-2.576
-0.4005,-0.076573,-2.3929
-0.32945,0.030698,-2.2038
-0.19596,0.11231,-2.0095
-0.10696,0.21733,-1.8136
0.0048478,0.32088,-1.6097
0.088984,0.40839,-1.4083
0.11853,0.55546,-1.1993
0.15854,0.60256,-0.99059
0.129,0.78005,-0.77757
0.080009,0.80852,-0.55732
0.07814,0.97052,-0.34781
0.075896,1.0674,-0.1075
0.080757,0.24459,0.01445
0.13348,-0.029751,-0.010081
0.20939,0.13067,-0.0064855
0.25576,0.0060706,-0.0047196
0.23594,0.060686,-0.0072878
0.22398,0.020692,-0.0033887
0.24492,0.031001,-0.0068042
0.22734,0.031605,-0.002995
0.19967,0.0094222,-0.0049109
0.17424,0.025802,-0.0032987
0.1346,0.0052833,-0.00295
0.095341,0.019068,-0.0031075
0.075148,0.0049159,-0.0020015
0.078514,0.0046647,-0.0021177
0.078514,0.0099845,-0.0012367
0.092723,0.0089948,-0.001053
0.094593,0.0039599,-0.00038561
0.061312,0.0028052,-0.00032187
0.043363,0.0096321,0.00040547
0.03925,0.0040948,0.0016502
0.044111,0.0058794,0.0025875
0.088236,0.0084399,0.0036148
0.13012,0.0059656,0.0049307
0.13573,-0.0028033,0.0052606
0.14134,0.0037874,0.0058942
0.14134,0.0029101,0.0068803
0.13049,0.0029964,0.0065653
0.11179,0.0041511,0.0079188
0.11292,-0.0075159,0.0074202
0.088984,0.0086311,0.0089348
0.047477,-0.013773,0.0085562
0.044859,0.0082637,0.0087436
0.020927,-0.011696,0.010693
0.042616,0.0041061,0.0079375
0.09048,0.0063367,0.012553
0.14283,-0.023142,0.0077613
0.17873,0.038871,0.01346
0.16489,-0.070139,0.009156
0.14956,0.092553,0.011106
0.11628,-0.14071,0.014544
0.097958,0.30348,0.0028499
0.044485,1.9839,0.23854
0.18696,2.1285,0.64301
0.25576,1.8388,0.97974
0.1533,1.9926,1.3195
0.3728,1.8987,1.6371
0.33541,1.9864,1.9329
0.3212,1.9664,2.2178
0.5867,2.016,2.481
0.48274,2.057,2.7384
0.54893,2.0679,2.9785
0.66597,2.1103,3.2089
0.57847,2.1074,3.4223
0.70785,2.1584,3.626
0.79049,2.1748,3.8226
0.75646,2.1855,4.0057
0.74824,2.178,4.176
0.70299,2.1691,4.331
0.60502,2.1569,4.4725
0.51378,2.1219,4.598
0.45657,2.1098,4.7075
0.42216,2.0858,4.8035
0.37654,2.0544,4.885
0.35336,2.0385,4.9535
0.40721,2.0084,5.011
0.47489,1.9645,5.056
0.52013,1.9224,5.0873
0.51041,1.8763,5.1052
0.4173,1.8286,5.1111
0.27184,1.7887,5.1062
0.0744,1.7455,5.0918
-0.1264,1.6925,5.0685
-0.26925,1.6431,5.0353
-0.4263,1.5987,4.9938
-0.49735,1.55,4.9453
-0.52502,1.4901,4.8887
-0.5755,1.4274,4.8225
-0.54858,1.3657,4.7469
-0.55793,1.3015,4.6639
-0.55045,1.2413,4.574
-0.55382,1.1715,4.476
-0.60093,1.0981,4.3699
-0.60766,1.0302,4.2572
-0.65927,0.96665,4.1384
-0.65403,0.89592,4.0141
-0.60804,0.81388,3.8838
-0.59607,0.7614,3.7492
-0.55718,0.69615,3.6122
-0.52614,0.5994,3.467
-0.51044,0.53032,3.3154
-0.52465,0.47381,3.1641
-0.53362,0.38207,3.0077
-0.54185,0.29723,2.8435
-0.53848,0.2175,2.6756
-0.47566,0.10999,2.4989
-0.41471,0.013021,2.3149
-0.31973,-0.084536,2.1245
-0.18698,-0.15807,1.9315
-0.079288,-0.27769,1.7341
0.0089611,-0.3591,1.5306
0.074774,-0.47558,1.3292
0.126,-0.59658,1.1177
0.14395,-0.65947,0.91128
0.085245,-0.83588,0.6929
0.042242,-0.8215,0.47895
0.03065,-1.0803,0.2615
0.022049,-0.90568,0.033481
0.097211,-0.068681,-0.031627
0.14507,-0.05905,-0.004071
0.1978,-0.11443,-0.015409
0.25539,-0.023933,-0.010583
0.23968,-0.088176,-0.012544
0.25015,-0.024848,-0.013039
0.23482,-0.05977,-0.011667
0.22996,-0.036912,-0.014632
0.21089,-0.035049,-0.012394
0.14769,-0.042265,-0.014707
0.11628,-0.02547,-0.013811
0.081505,-0.038202,-0.01473
0.081879,-0.026085,-0.015304
0.077018,-0.02872,-0.01512
0.073652,-0.025219,-0.016027
0.081131,-0.02472,-0.01623
0.045607,-0.026047,-0.016627
0.046355,-0.023142,-0.016683
0.031023,-0.026913,-0.017681
0.030276,-0.024529,-0.01879
0.059817,-0.023438,-0.019773
0.072157,-0.032079,-0.021047
0.13348,-0.021031,-0.021977
0.15255,-0.017008,-0.022003
0.1361,-0.029354,-0.022989
0.14732,-0.014493,-0.023555
0.13161,-0.021102,-0.023792
0.09908,-0.013529,-0.02474
0.086366,-0.016573,-0.024144
0.072531,-0.021627,-0.02594
0.038502,-0.0053189,-0.024815
0.009709,-0.032979,-0.02684
0.038128,0.0066779,-0.026195
0.051964,-0.037617,-0.025989
0.085618,0.00094566,-0.028786
0.17162,-0.022264,-0.024452
0.18022,-0.027131,-0.031819
0.19892,0.026413,-0.022386
0.14694,-0.10722,-0.034076
0.13161,0.17898,-0.02014
0.087488,-0.81289,-0.055618
0.019431,-2.2028,-0.37687
0.21201,-1.9346,-0.76845
0.13012,-1.8943,-1.0979
0.21874,-1.9698,-1.439
0.52911,-1.9039,-1.7445
0.43263,-1.9978,-2.0392
0.64727,-1.9635,-2.3152
0.74263,-2.0428,-2.5767
0.53659,-2.0586,-2.8299
0.67382,-2.0913,-3.0668
0.65625,-2.1045,-3.2928
0.61586,-2.1204,-3.5019
0.75272,-2.1687,-3.705
0.76469,-2.1721,-3.8977
0.75422,-2.1832,-4.0772
0.74076,-2.1718,-4.243
0.63493,-2.167,-4.394
0.53621,-2.1541,-4.5315
0.48685,-2.1329,-4.6536
0.4188,-2.1063,-4.7607
0.39748,-2.0717,-4.8515
0.35074,-2.0524,-4.9288
0.36009,-2.0301,-4.9956
0.4102,-1.9969,-5.0504
0.4431,-1.9568,-5.092
0.51153,-1.9085,-5.1202
0.45208,-1.8621,-5.1346
0.34289,-1.8224,-5.1377
0.1993,-1.7794,-5.1315
-0.0045007,-1.7306,-5.1153
-0.17053,-1.6817,-5.0894
-0.32534,-1.6339,-5.0545
-0.44874,-1.5874,-5.0114
-0.49922,-1.5354,-4.9608
-0.52315,-1.4761,-4.9012
-0.54933,-1.4138,-4.8326
-0.52353,-1.3476,-4.755
-0.51941,-1.2873,-4.6692
-0.55344,-1.2286,-4.5777
-0.56316,-1.1602,-4.4789
-0.58298,-1.085,-4.3717
-0.577,-1.0158,-4.2572
-0.60617,-0.95721,-4.1375
-0.59644,-0.88178,-4.0132
-0.55008,-0.80715,-3.8813
-0.55905,-0.75105,-3.7457
-0.49847,-0.66868,-3.6066
-0.48464,-0.58068,-3.4582
-0.51193,-0.52671,-3.3064
-0.49399,-0.45929,-3.154
-0.49623,-0.36008,-2.9943
-0.51867,-0.28815,-2.8287
-0.48838,-0.19182,-2.6581
-0.39527,-0.084251,-2.4778
-0.33843,0.0079076,-2.2913
-0.23036,0.10479,-2.098
-0.1021,0.1847,-1.9029
-0.0089879,0.30456,-1.7013
0.097958,0.37377,-1.4978
0.13273,0.51141,-1.2933
0.16078,0.59339,-1.081
0.18621,0.70291,-0.87365
0.12376,0.83778,-0.65102
0.091228,0.85296,-0.44192
0.087862,1.1414,-0.21004
0.07814,0.6475,-0.011389
0.12152,-0.045235,0.0047283
0.17424,0.10547,-0.012807
0.23819,0.051156,-0.0015329
0.2494,0.031684,-0.00851
0.22921,0.055213,-0.00313
0.2423,0.0065804,-0.0056944
0.22136,0.042725,-0.004161
0.21687,0.0036075,-0.0035349
0.19182,0.026728,-0.0043185
0.13872,0.014971,-0.0021665
0.10394,0.0093135,-0.0033025
0.083749,0.014618,-0.0015179
0.091975,0.0071353,-0.0018365
0.074774,0.011912,-0.0015291
0.091975,0.005497,-0.00079427
0.10506,0.0085562,-0.00034062
0.050842,0.0025165,-6.3179e-05
0.044859,0.0031613,0.00031924
0.023171,0.0083799,0.0018526
0.01644,0.0051521,0.0028537
0.066922,0.0035962,0.0036185
0.10058,0.0057144,0.0050619
0.15816,-8.1567e-05,0.0057443
0.17275,0.0065917,0.0060892
0.16602,0.0037799,0.0071952
0.17723,-0.00094759,0.0069965
0.14881,0.0043498,0.0082525
0.12862,-0.0035831,0.0078176
0.10506,0.010033,0.0088786
0.083749,-0.010744,0.009216
0.059069,0.014018,0.0089011
0.040746,-0.0071185,0.011184
0.053086,0.00017337,0.0083987
0.072531,0.012924,0.012886
0.13797,-0.02986,0.0084587
0.15031,0.046447,0.013168
0.16602,-0.068688,0.010903
0.16975,0.081752,0.0099433
0.11254,-0.10948,0.017584
0.10506,0.18846,-0.0016716
0.044111,1.8606,0.20704
0.18396,2.1507,0.61132
0.27034,1.8297,0.95418
0.18135,1.9869,1.2944
0.39935,1.8883,1.617
0.34887,1.9698,1.9144
0.28081,1.9644,2.2031
0.54743,1.9991,2.469
0.47489,2.0467,2.7293
0.49359,2.057,2.9722
0.64466,2.1003,3.206
0.59791,2.0838,3.4232
0.69289,2.1356,3.6286
0.7774,2.1526,3.8275
0.74338,2.1561,4.0139
0.7344,2.1659,4.1885
0.69663,2.1536,4.3477
0.60464,2.147,4.4939
0.53808,2.1189,4.6244
0.47751,2.0956,4.7388
0.42889,2.0744,4.8398
0.37318,2.0363,4.9256
0.34401,2.0155,4.9981
0.40384,1.9923,5.0595
0.43899,1.9525,5.1083
0.48199,1.9106,5.1443
0.47526,1.8609,5.1672
0.38514,1.8127,5.1771
0.2681,1.769,5.176
0.083749,1.723,5.1646
-0.1006,1.6784,5.1442
-0.2498,1.6313,5.1143
-0.39302,1.5797,5.075
-0.47716,1.5329,5.0283
-0.51493,1.4828,4.9739
-0.54335,1.4114,4.9103
-0.5239,1.3467,4.8368
-0.53026,1.299,4.756
-0.53886,1.2351,4.6684
-0.53063,1.1604,4.5726
-0.56129,1.0933,4.4681
-0.57289,1.0314,4.3572
-0.61365,0.95905,4.2401
-0.6301,0.89144,4.117
-0.58261,0.82517,3.9884
-0.57064,0.76125,3.8543
-0.54148,0.70149,3.7179
-0.49548,0.61209,3.5756
-0.48576,0.53483,3.4248
-0.49586,0.48543,3.2727
-0.49436,0.40258,3.1183
-0.51007,0.30899,2.9552
-0.51941,0.23745,2.788
-0.45697,0.13091,2.6145
-0.38779,0.03841,2.4313
-0.30702,-0.058356,2.243
-0.20381,-0.14706,2.0488
-0.087515,-0.23117,1.8529
0.032145,-0.34606,1.6488
0.093845,-0.41859,1.4453
0.12413,-0.57045,1.237
0.12974,-0.62694,1.0243
0.10992,-0.76496,0.81399
0.066174,-0.84379,0.5904
0.040746,-0.91706,0.38234
0.047103,-1.1529,0.14296
0.061312,-0.47102,-0.023882
0.13386,0.03649,-0.015528
0.20715,-0.14615,-0.0082851
0.24305,-0.040965,-0.015633
0.25015,-0.067406,-0.0095561
0.22771,-0.055979,-0.015082
0.23258,-0.033155,-0.011352
0.22211,-0.057468,-0.014524
0.17237,-0.021912,-0.013549
0.13947,-0.046817,-0.013729
0.11142,-0.025522,-0.01512
0.086366,-0.034081,-0.014063
0.072905,-0.037485,-0.0156
0.073278,-0.027176,-0.015311
0.080757,-0.032121,-0.016132
0.093845,-0.0329,-0.016526
0.064304,-0.028417,-0.016721
0.022049,-0.019955,-0.017054
0.032519,-0.025807,-0.017647
0.03065,-0.027708,-0.018944
0.038502,-0.023378,-0.020042
0.069539,-0.027719,-0.020991
0.12825,-0.026043,-0.022487
0.15966,-0.017721,-0.022708
0.14919,-0.022853,-0.023274
0.17574,-0.015677,-0.023994
0.1533,-0.023513,-0.024077
0.12339,-0.016352,-0.025198
0.12825,-0.018077,-0.024511
0.096463,-0.024075,-0.026525
0.065052,-0.0022522,-0.025374
0.042616,-0.033613,-0.026772
0.05159,0.0048859,-0.026911
0.067295,-0.033107,-0.025906
0.10805,-0.0020236,-0.029434
0.15592,-0.015704,-0.024444
0.15741,-0.03744,-0.031912
0.19294,0.037731,-0.023488
0.15704,-0.11468,-0.03321
0.14096,0.1762,-0.023615
0.080009,-0.69373,-0.044843
0.00073447,-2.1695,-0.34851
0.18883,-1.9669,-0.74633
0.14507,-1.8764,-1.0778
0.18396,-1.9732,-1.4202
0.50219,-1.8929,-1.7291
0.45657,-1.9878,-2.0258
0.60427,-1.9507,-2.3056
0.72991,-2.0238,-2.5688
0.50779,-2.039,-2.8247
0.60838,-2.0726,-3.0639
0.64279,-2.094,-3.2945
0.58632,-2.0948,-3.5066
0.73029,-2.1432,-3.7107
0.74936,-2.1509,-3.9061
0.71122,-2.1632,-4.0893
0.71346,-2.1516,-4.2591
0.64428,-2.1473,-4.4139
0.53771,-2.1359,-4.556
0.47152,-2.1115,-4.682
0.40945,-2.0908,-4.7929
0.36233,-2.0553,-4.889
0.31671,-2.0302,-4.9699
0.34625,-2.0115,-5.0398
0.40534,-1.9803,-5.0985
0.44909,-1.9405,-5.1442
0.51378,-1.8959,-5.1767
0.46143,-1.8476,-5.1955
0.36233,-1.8038,-5.2023
0.21986,-1.7625,-5.1992
0.022049,-1.7158,-5.186
-0.13014,-1.6702,-5.1634
-0.28682,-1.6202,-5.1312
-0.40424,-1.5713,-5.0901
-0.42892,-1.5263,-5.0415
-0.47791,-1.4671,-4.9845
-0.5052,-1.4018,-4.9184
-0.49997,-1.3363,-4.8431
-0.50969,-1.276,-4.7592
-0.48651,-1.2208,-4.6693
-0.51119,-1.1546,-4.5727
-0.52689,-1.0855,-4.4677
-0.53961,-1.0145,-4.3553
-0.5942,-0.94982,-4.2364
-0.57625,-0.88404,-4.1128
-0.54933,-0.80713,-3.9826
-0.52278,-0.75125,-3.8473
-0.47005,-0.6804,-3.7097
-0.44799,-0.59019,-3.5639
-0.46033,-0.5282,-3.4119
-0.48015,-0.46537,-3.2596
-0.48202,-0.37754,-3.1025
-0.51306,-0.29417,-2.9376
-0.49062,-0.2118,-2.7684
-0.38741,-0.10679,-2.5905
-0.34142,-0.015966,-2.4045
-0.24233,0.082779,-2.2128
-0.097985,0.16109,-2.0164
-0.016467,0.26766,-1.8178
0.086366,0.3576,-1.6115
0.14358,0.45197,-1.4081
0.16639,0.59592,-1.1959
0.17686,0.63856,-0.98539
0.1103,0.81456,-0.76925
0.052712,0.83115,-0.54767
0.046355,1.0092,-0.33453
0.050842,1.0392,-0.093762
0.07814,0.19764,0.015841
0.15741,-0.013387,-0.011108
0.21126,0.12795,-0.0051321
0.23332,0.0061605,-0.005147
0.24978,0.066092,-0.0066655
0.2079,0.019027,-0.0032387
0.19892,0.034882,-0.0061668
0.20977,0.029633,-0.0025376
0.18322,0.011477,-0.0046559
0.17424,0.027177,-0.0026051
0.14881,0.0057744,-0.0026988
0.11179,0.01899,-0.0024177
0.098706,0.0083312,-0.0014279
0.10955,0.011615,-0.0019678
0.10207,0.010757,-0.00079427
0.11516,0.0039674,-0.00054682
0.11853,0.006243,-0.00013816
0.042989,0.0082862,-2.9436e-05
0.020927,0.009947,0.00066041
0.051216,0.0067454,0.0017627
0.054956,0.0070303,0.0028949
0.089732,0.0081962,0.0040796
0.14395,0.0072365,0.0049757
0.16377,0.001508,0.0053394
0.17424,0.0056694,0.0058792
0.17275,0.0014518,0.0071615
0.14956,-0.0005277,0.0067266
0.13573,0.0058531,0.0080313
0.11853,-0.0082357,0.008065
0.071035,0.010318,0.0084362
0.044111,-0.010249,0.0096022
0.047103,0.0060593,0.0083874
0.029528,0.00037581,0.011166
0.06206,-0.011355,0.008335
0.12264,0.020602,0.01223
0.14545,-0.0451,0.0096847
0.16676,0.045015,0.011199
0.17649,-0.054191,0.01283
0.1361,0.048014,0.0074951
0.066548,-0.040098,0.020209
0.065052,0.0048484,-0.0058369
0.034015,1.619,0.15051
0.12226,2.2206,0.54439
0.25277,1.8089,0.89613
0.15143,1.9567,1.2297
0.30849,1.8762,1.5572
0.37318,1.9232,1.8536
0.25913,1.937,2.1436
0.51677,1.9401,2.409
0.46778,2.0155,2.6689
0.40571,2.0019,2.9131
0.60128,2.0345,3.1432
0.52051,2.0432,3.3601
0.58819,2.0809,3.5667
0.7359,2.0907,3.7667
0.70262,2.0963,3.9517
0.68616,2.0948,4.1237
0.64952,2.0797,4.2812
0.5336,2.0619,4.4236
0.44497,2.0322,4.5499
0.37542,2.0137,4.6611
0.31709,1.9785,4.7577
0.29353,1.9526,4.8401
0.2681,1.9256,4.9107
0.31634,1.8914,4.9695
0.36981,1.8585,5.0155
0.44123,1.8075,5.0476
0.46704,1.7631,5.067
0.35859,1.7204,5.0741
0.24043,1.6748,5.0703
0.0744,1.6351,5.0579
-0.12229,1.5852,5.0359
-0.25167,1.5329,5.0037
-0.37283,1.4859,4.964
-0.45285,1.4385,4.9168
-0.45584,1.3817,4.8604
-0.4723,1.3167,4.7944
-0.47342,1.2588,4.7196
-0.46856,1.1994,4.6379
-0.47566,1.1328,4.5486
-0.47155,1.0686,4.4504
-0.48763,1.0017,4.3452
-0.51605,0.93278,4.233
-0.54222,0.87132,4.1143
-0.53774,0.7998,3.9902
-0.51941,0.72734,3.8595
-0.49212,0.67312,3.726
-0.44089,0.59696,3.5882
-0.40536,0.51702,3.4409
-0.39153,0.46436,3.291
-0.41882,0.39415,3.1402
-0.43229,0.30638,2.9814
-0.44463,0.23209,2.8172
-0.48277,0.13387,2.6484
-0.41658,0.039298,2.4695
-0.33805,-0.046745,2.2846
-0.27635,-0.14158,2.093
-0.15856,-0.22231,1.8993
-0.046008,-0.33886,1.6988
0.067669,-0.4033,1.4951
0.1174,-0.54124,1.2911
0.13012,-0.63106,1.0783
0.14881,-0.72178,0.87083
0.097584,-0.85405,0.64836
0.044485,-0.85856,0.43862
0.023919,-1.1478,0.21006
0.038128,-0.71517,0.0033223
0.10432,0.013951,-0.022341
0.12301,-0.10994,-0.0019865
0.18247,-0.078616,-0.013628
0.25352,-0.041069,-0.0066467
0.20042,-0.072471,-0.011536
0.20304,-0.025339,-0.0092899
0.21051,-0.061843,-0.010306
0.18284,-0.024713,-0.011502
0.17985,-0.041917,-0.0101
0.14657,-0.031851,-0.012462
0.14283,-0.029294,-0.011318
0.10357,-0.033272,-0.012533
0.096837,-0.022482,-0.01239
0.12825,-0.030565,-0.012927
0.1002,-0.023442,-0.013549
0.10656,-0.02481,-0.013755
0.080383,-0.022107,-0.0141
0.045981,-0.026602,-0.014374
0.027284,-0.026321,-0.015371
0.036259,-0.026163,-0.016252
0.066174,-0.026081,-0.017534
0.065426,-0.019588,-0.018423
0.14208,-0.02033,-0.019428
0.16452,-0.016525,-0.01975
0.13311,-0.022823,-0.02017
0.1462,-0.018017,-0.020957
0.129,-0.020277,-0.020984
0.11553,-0.017454,-0.022382
0.094967,-0.011377,-0.021632
0.06393,-0.023974,-0.023218
0.050094,-0.0026871,-0.022772
0.049346,-0.032653,-0.023113
0.044859,0.00052202,-0.024579
0.065426,-0.021305,-0.022558
0.13012,-0.012097,-0.026742
0.16863,0.0029176,-0.021786
0.15667,-0.054139,-0.028159
0.18359,0.053593,-0.022367
0.14545,-0.11149,-0.027087
0.10506,0.14568,-0.02648
0.093097,-0.42002,-0.022851
-0.023198,-2.0321,-0.27974
0.13086,-2.0407,-0.68236
0.15779,-1.818,-1.0152
0.11815,-1.9631,-1.3542
0.4704,-1.8604,-1.6678
0.45993,-1.9482,-1.9623
0.51527,-1.9181,-2.244
0.7243,-1.9731,-2.5059
0.49845,-2.0071,-2.763
0.525,-2.0087,-3.0018
0.60427,-2.0371,-3.2286
0.51041,-2.0482,-3.4413
0.64166,-2.0942,-3.6472
0.71383,-2.0907,-3.8428
0.65774,-2.0901,-4.0232
0.64727,-2.0831,-4.1904
0.60539,-2.0706,-4.3429
0.46965,-2.0546,-4.4812
0.3728,-2.0305,-4.604
0.3227,-2.001,-4.7119
0.29315,-1.9688,-4.804
0.26623,-1.9474,-4.8826
0.27408,-1.9231,-4.9503
0.33578,-1.8891,-5.0063
0.37318,-1.8442,-5.0484
0.42889,-1.7964,-5.0764
0.40421,-1.7518,-5.0918
0.30961,-1.7114,-5.0963
0.21014,-1.6686,-5.0912
0.025788,-1.6239,-5.0762
-0.15931,-1.5775,-5.0518
-0.28495,-1.524,-5.0177
-0.38966,-1.4796,-4.9752
-0.43004,-1.4288,-4.9253
-0.46071,-1.3659,-4.866
-0.46594,-1.3054,-4.7974
-0.43341,-1.2417,-4.72
-0.44687,-1.1908,-4.6354
-0.43565,-1.1301,-4.5451
-0.42069,-1.0573,-4.446
-0.42593,-0.99212,-4.3388
-0.46332,-0.92506,-4.2253
-0.51044,-0.86252,-4.1062
-0.49062,-0.78646,-3.9808
-0.45547,-0.72485,-3.8486
-0.4278,-0.66923,-3.7147
-0.39714,-0.57849,-3.5742
-0.35413,-0.50634,-3.4248
-0.356,-0.45895,-3.2745
-0.38928,-0.3799,-3.1216
-0.38704,-0.28832,-2.9602
-0.42443,-0.21775,-2.7939
-0.41396,-0.11218,-2.6213
-0.33618,-0.021057,-2.439
-0.30477,0.069493,-2.2513
-0.20381,0.15976,-2.0576
-0.07854,0.24823,-1.8623
-0.0015092,0.35708,-1.6588
0.10095,0.42557,-1.4559
0.14358,0.57738,-1.248
0.16452,0.63088,-1.0364
0.18509,0.76812,-0.82584
0.11703,0.84264,-0.60165
0.068043,0.92,-0.3931
0.041868,1.1331,-0.15366
0.032893,0.4256,0.0079338
0.09908,-0.05157,-0.003265
0.13124,0.13355,-0.0091324
0.1806,0.020073,-0.0022227
0.20378,0.054815,-0.0081276
0.18995,0.038376,-0.0023727
0.2236,0.016856,-0.0060431
0.19331,0.040498,-0.00295
0.19967,0.0061193,-0.0039248
0.19705,0.028111,-0.0035274
0.13386,0.0082712,-0.0022189
0.13012,0.019406,-0.0028713
0.1088,0.015342,-0.0012217
0.12039,0.0044922,-0.0017353
0.14395,0.0092385,-0.000888
0.13311,0.007154,-0.00045684
0.12675,0.0051783,-0.0001944
0.10469,0.0036562,0.00015052
0.077766,0.0092572,0.00072415
0.04112,0.0089948,0.0019239
0.057573,0.010404,0.0030486
0.073652,0.0089161,0.0041059
0.11853,0.0056694,0.0052906
0.1705,0.0020216,0.0059055
0.15667,0.0072328,0.0061267
0.16527,0.0041698,0.0073114
0.14769,-0.00078638,0.0072664
0.12974,0.0077351,0.0084249
0.12226,-0.0053827,0.0082937
0.11254,0.01136,0.0087361
0.087114,-0.0091354,0.0096472
0.035137,0.0034725,0.0087099
0.024667,0.0017854,0.011518
0.033267,-0.012401,0.0084399
0.057573,0.024321,0.012515
0.12077,-0.035262,0.0097896
0.15293,0.04437,0.011488
0.1376,-0.056883,0.013479
0.12264,0.048371,0.0075214
0.090106,-0.034194,0.020756
0.091975,-0.0091054,-0.0059156
0.034763,1.5985,0.14635
0.10132,2.2263,0.53988
0.24828,1.8091,0.89398
0.1462,1.9528,1.2286
0.29353,1.874,1.5581
0.35747,1.9121,1.8561
0.21949,1.9354,2.1477
0.46554,1.9381,2.4154
0.44946,1.9997,2.6773
0.38477,1.9952,2.9236
0.56613,2.0281,3.1571
0.50331,2.0232,3.3764
0.56276,2.0674,3.5839
0.70149,2.0814,3.7855
0.67943,2.0862,3.9732
0.67831,2.0791,4.1485
0.65587,2.0624,4.3088
0.56052,2.0577,4.4553
0.46554,2.0265,4.5861
0.39748,2.0053,4.7013
0.35822,1.9707,4.8024
0.31185,1.9417,4.8886
0.27334,1.919,4.9622
0.32382,1.8845,5.0238
0.37841,1.8513,5.0732
0.4259,1.8088,5.1095
0.43002,1.7605,5.1324
0.34738,1.7059,5.1428
0.23781,1.6672,5.1418
0.062434,1.6314,5.1318
-0.10659,1.5806,5.1123
-0.23447,1.5357,5.0827
-0.38068,1.4863,5.0449
-0.42481,1.4373,4.9995
-0.42929,1.3814,4.9453
-0.46482,1.3194,4.8819
-0.44089,1.2609,4.8092
-0.4278,1.2012,4.7286
-0.4349,1.1427,4.6409
-0.44949,1.0712,4.5452
-0.47155,1.0074,4.442
-0.48389,0.94574,4.3319
-0.53063,0.87824,4.2149
-0.54148,0.81699,4.0929
-0.49511,0.74357,3.9639
-0.4723,0.68624,3.8301
-0.43004,0.62162,3.6944
-0.37059,0.53146,3.5497
-0.37283,0.46856,3.3988
-0.40125,0.41313,3.2476
-0.39377,0.32814,3.0911
-0.40723,0.2456,2.9269
-0.44276,0.1675,2.7586
-0.38928,0.063438,2.582
-0.32347,-0.021653,2.3971
-0.27299,-0.11497,2.2077
-0.15856,-0.19085,2.0131
-0.058722,-0.29194,1.8158
0.031397,-0.38753,1.6107
0.10058,-0.47119,1.4076
0.11666,-0.61729,1.196
0.13797,-0.66044,0.98472
0.10432,-0.82489,0.76997
0.017562,-0.84711,0.54768
-0.012727,-1.005,0.33587
-0.015345,-1.0913,0.093336
0.034389,-0.26699,-0.030705
0.1088,0.0058681,-0.0065042
0.15629,-0.14897,-0.0098822
0.22435,-0.022707,-0.011434
0.20565,-0.083115,-0.0086413
0.17275,-0.039622,-0.012773
0.19219,-0.044275,-0.0091999
0.18022,-0.046311,-0.012732
0.17424,-0.025571,-0.010737
0.15405,-0.047525,-0.012357
0.1174,-0.025867,-0.012495
0.10469,-0.034891,-0.01239
0.098332,-0.028465,-0.013628
0.10282,-0.027828,-0.01323
0.11853,-0.029583,-0.014171
0.12563,-0.027828,-0.014381
0.10506,-0.023513,-0.014884
0.067295,-0.026115,-0.015049
0.046355,-0.025534,-0.015813
0.041868,-0.021316,-0.016968
0.065052,-0.023925,-0.017947
0.10693,-0.022339,-0.018951
0.1432,-0.02601,-0.020204
0.17649,-0.019033,-0.020474
0.17237,-0.020757,-0.021107
0.16153,-0.015156,-0.02212
0.15368,-0.016375,-0.021906
0.11516,-0.018684,-0.023345
0.1088,-0.012112,-0.022682
0.084123,-0.026336,-0.024245
0.055703,-0.0043929,-0.023915
0.042242,-0.030122,-0.024189
0.017936,-0.00064767,-0.025779
0.056077,-0.022017,-0.023297
0.08674,-0.018774,-0.027698
0.13909,0.0069853,-0.022712
0.15854,-0.054109,-0.028801
0.16115,0.052911,-0.023672
0.12974,-0.11361,-0.027241
0.058695,0.13409,-0.028699
0.058695,-0.36634,-0.020845
-0.034042,-1.9961,-0.26808
0.08861,-2.0577,-0.67251
0.129,-1.8108,-1.0081
0.099454,-1.9616,-1.3483
0.44759,-1.8582,-1.6644
0.43824,-1.9443,-1.9606
0.50106,-1.9157,-2.2449
0.70486,-1.963,-2.5084
0.46255,-1.9995,-2.7673
0.52387,-2.0074,-3.0089
0.61138,-2.0346,-3.2394
0.4977,-2.0338,-3.4543
0.63419,-2.0819,-3.6614
0.6985,-2.0834,-3.8596
0.65961,-2.0864,-4.0433
0.65999,-2.0789,-4.2139
0.6024,-2.0641,-4.3698
0.48573,-2.0492,-4.5116
0.42179,-2.0236,-4.6379
0.36458,-1.9994,-4.7497
0.3025,-1.9659,-4.8457
0.27221,-1.9399,-4.9274
0.28381,-1.9195,-4.9986
0.34625,-1.8869,-5.058
0.39262,-1.8427,-5.1039
0.45245,-1.7961,-5.136
0.43525,-1.7505,-5.1549
0.32606,-1.7061,-5.1622
0.21051,-1.6655,-5.1593
0.053086,-1.6212,-5.1467
-0.13725,-1.5725,-5.1247
-0.28121,-1.5271,-5.0932
-0.38442,-1.48,-5.0532
-0.4278,-1.4292,-5.0054
-0.44126,-1.3694,-4.9482
-0.46669,-1.3081,-4.8819
-0.44276,-1.2481,-4.8064
-0.44388,-1.1887,-4.7226
-0.4435,-1.1327,-4.6332
-0.44126,-1.0654,-4.5363
-0.46557,-0.99593,-4.4309
-0.47267,-0.93345,-4.3187
-0.52278,-0.87492,-4.2008
-0.49997,-0.80292,-4.0778
-0.44014,-0.73347,-3.9474
-0.41621,-0.6819,-3.8133
-0.35039,-0.59984,-3.6757
-0.34628,-0.5206,-3.5284
-0.35899,-0.46759,-3.3772
-0.37133,-0.39787,-3.2254
-0.38966,-0.30779,-3.0663
-0.40648,-0.23169,-2.9001
-0.41546,-0.14422,-2.7297
-0.33282,-0.039056,-2.5488
-0.28608,0.039624,-2.3614
-0.20082,0.13605,-2.1688
-0.077045,0.21262,-1.9727
-0.011979,0.31773,-1.772
0.10992,0.39735,-1.5661
0.14171,0.5096,-1.362
0.12937,0.62284,-1.1475
0.16714,0.69252,-0.9386
0.097211,0.85434,-0.71697
0.039998,0.83985,-0.49999
0.040372,1.1026,-0.27865
0.025788,0.89015,-0.048577
0.07814,0.043066,0.013865
0.11927,0.042413,-0.0138
0.16078,0.097216,-0.0018665
0.19668,0.010911,-0.0070366
0.18135,0.069759,-0.0044122
0.1993,0.0081438,-0.0041235
0.17798,0.042665,-0.0051995
0.15368,0.017951,-0.0022527
0.16377,0.015623,-0.004461
0.14807,0.01944,-0.0018628
0.13012,0.0077126,-0.0027776
0.11927,0.016894,-0.0016978
0.12974,0.0072365,-0.0014054
0.13909,0.01331,-0.0013416
0.13498,0.0066929,-0.00023939
0.14732,0.0074952,-0.00025439
0.12339,0.0053882,0.00019551
0.054208,0.0066029,0.00033048
0.020927,0.0072665,0.0012415
0.037754,0.0031313,0.0016127
0.069165,0.0038474,0.0018826
0.10581,-0.00084262,0.0025987
0.15517,-0.0013,0.0027562
0.17798,0.001703,0.00264
0.15218,-0.0019148,0.0027075
0.16003,-0.0075833,0.0028199
0.14844,-0.0028746,0.0026925
0.10058,0.00055202,0.0026362
0.1088,-0.0042205,0.0026437
0.096463,-0.0035232,0.0026925
0.069539,-0.0017049,0.0027637
0.050094,-0.0036244,0.0026812
0.050842,-0.0057351,0.002655
0.096837,-0.0055514,0.0027075
0.11553,-0.0045204,0.00273
