0.035885,-0.012495,0.0013615
0.045233,-0.010256,0.0011516
0.045981,-0.0094616,0.0012865
0.054956,-0.0022447,0.0018039
0.054956,-0.0070397,0.0021151
0.063182,-0.0081307,0.0024
0.059443,-0.0035719,0.0027899
0.046729,-0.014328,0.0028724
0.04972,-0.0056901,0.0034385
0.036633,-0.0095103,0.0033711
0.03925,-0.0034294,0.0035548
0.041494,-0.0077895,0.0041096
0.044485,-0.011261,0.0035023
0.04112,-0.002316,0.0046945
0.038502,-0.02334,0.0032848
0.053086,0.01274,0.0048032
0.03925,-0.027333,0.0043383
0.042616,0.0050958,0.0035698
0.045981,-0.020806,0.0055943
0.048599,-0.0075383,0.002415
0.058695,0.019166,0.0070677
0.056451,-0.073907,0.0007054
0.043363,0.10002,0.008095
0.047477,-0.22344,-0.0013529
0.029902,0.76031,0.020576
0.088236,2.7118,0.21677
0.16003,2.723,0.43728
0.11292,2.507,0.6115
0.35037,2.5145,0.7913
0.48199,2.3904,0.93969
0.40571,2.4708,1.078
0.4805,2.3623,1.1969
0.33578,2.3553,1.296
0.31409,2.2931,1.3833
0.32569,2.2316,1.4562
0.27296,2.1863,1.5194
0.34401,2.1103,1.567
0.24903,2.0673,1.6054
0.40608,1.9445,1.6345
0.15779,1.8458,1.6562
-0.38554,1.7836,1.6693
-0.18436,1.7242,1.67
-0.059844,1.649,1.6612
-0.063583,1.5474,1.6431
-0.013475,1.4577,1.6184
-0.20418,1.3496,1.5886
-0.24906,1.2381,1.5507
-0.12192,1.1417,1.5048
0.016066,1.0474,1.451
0.1361,0.97411,1.3919
0.071783,0.8614,1.3276
-0.087515,0.77214,1.2564
-0.29355,0.67958,1.1838
-0.47043,0.5284,1.1012
-0.43042,0.44487,1.0118
-0.3833,0.33592,0.92157
-0.34591,0.22453,0.82732
-0.32721,0.087364,0.72704
-0.42032,-0.029335,0.62012
-0.47118,-0.17194,0.50952
-0.47791,-0.33086,0.38208
-0.36535,-0.40072,0.26135
-0.13613,-0.6795,0.12416
-0.060217,-0.43648,0.0053169
0.035885,0.036895,-0.0024289
0.08674,-0.054727,0.0083312
0.05159,-0.030306,0.0018039
0.19892,-0.015595,0.0065354
0.25352,-0.045246,0.0031236
0.27483,-0.0095966,0.0050394
0.32569,-0.034509,0.0042521
0.26287,-0.013001,0.0038809
0.13273,-0.025635,0.0045408
-0.028433,-0.016705,0.0033598
-0.038903,-0.010957,0.0041096
0.035885,-0.017859,0.0031574
0.1189,-0.012086,0.0034835
0.25464,-0.018335,0.0031499
0.34812,-0.015539,0.0027749
0.29802,-0.012176,0.0028049
0.2595,-0.011441,0.002505
0.31335,-0.010271,0.00249
0.29465,-0.009934,0.0020776
0.31073,-0.012405,0.0019501
0.29502,-0.012382,0.0017964
0.19443,-0.010489,0.0013728
0.10731,-0.0094728,0.0015752
0.02504,-0.0098815,0.0013728
0.0014823,-0.0055289,0.0012078
-0.034042,-0.0058475,0.0016952
-0.0052485,-0.0086368,0.0014552
0.023919,-0.0084344,0.001279
-0.053861,-0.010084,0.0014965
-0.13912,-0.0057801,0.001414
-0.22625,-0.0037781,0.0012865
-0.22961,-0.0048803,0.0015377
-0.18362,-0.0065486,0.0014852
-0.079662,-0.0061962,0.001294
0.019431,-0.0062449,0.0016389
0.0063435,-0.0094578,0.0016202
-0.013475,-0.0073734,0.0015902
-0.033294,-0.0073659,0.0016877
-0.04713,-0.0072234,0.0014702
-0.010858,-0.0057051,0.001414
0.056451,-0.0060837,0.0016164
0.045233,-0.004273,0.0015827
0.0059696,-0.0024584,0.001519
-0.022076,-0.0026796,0.0016877
-0.051243,-0.0062862,0.0015415
0.02691,-0.0070622,0.0013203
0.14694,-0.0076096,0.00064916
0.21612,-0.0086143,0.00021051
0.2696,-0.0073397,-2.5687e-05
0.29278,-0.0037256,-0.00061806
0.24118,-0.0056901,-0.00071178
0.19032,-0.0071634,-0.0012479
0.19817,-0.004929,-0.00098922
0.20677,-0.01029,-0.0016828
0.18209,-0.00087636,-0.0015553
0.14358,-0.016015,-0.0014954
0.10955,-0.0024509,-0.0025601
0.085245,-0.008948,-0.0012704
0.080009,-0.012513,-0.0032912
0.071035,0.0064567,-0.0010155
0.047477,-0.030074,-0.002965
0.071409,0.023852,-0.0019977
0.063556,-0.040462,-0.0019303
0.020927,0.025524,-0.0040373
0.00036053,-0.028582,0.0018864
-0.062835,-0.013031,-0.0086638
-0.061339,0.062692,0.011353
-0.058348,-1.158,-0.078814
-0.02058,-1.8169,-0.3474
0.039624,-1.4441,-0.58458
-0.0093619,-1.5034,-0.79652
0.11329,-1.4426,-1.0025
0.24192,-1.4674,-1.1758
0.27969,-1.5003,-1.3401
0.39374,-1.4663,-1.4756
0.4087,-1.517,-1.5951
0.37654,-1.517,-1.698
0.40907,-1.5547,-1.7853
0.43787,-1.5516,-1.8583
0.42852,-1.5584,-1.9144
0.44497,-1.5536,-1.9593
0.4719,-1.5464,-1.9908
0.49845,-1.5328,-2.0127
0.36981,-1.4759,-2.0227
0.10843,-1.4305,-2.0206
0.041494,-1.3783,-2.0086
0.083749,-1.3122,-1.9883
0.050468,-1.2362,-1.9614
-0.042268,-1.1541,-1.9247
-0.11519,-1.0816,-1.8795
-0.15445,-1.0056,-1.8279
-0.089011,-0.92961,-1.7694
-0.014597,-0.84841,-1.7038
-0.056104,-0.76344,-1.6308
-0.072557,-0.68981,-1.5537
-0.13501,-0.59704,-1.4716
-0.25392,-0.48108,-1.3799
-0.34254,-0.3917,-1.2816
-0.38741,-0.3176,-1.1845
-0.45435,-0.18632,-1.0796
-0.49324,-0.098767,-0.96793
-0.44388,0.037825,-0.85373
-0.48688,0.17146,-0.72421
-0.51268,0.27028,-0.59367
-0.46594,0.42827,-0.45245
-0.40499,0.47962,-0.31393
-0.30926,0.74304,-0.16238
-0.20718,0.54716,-0.016638
-0.094246,-0.026894,0.0079113
-0.042268,0.030195,-0.0087275
0.039624,0.038496,-0.00046809
0.12002,-0.0092666,-0.0053045
0.12002,0.033899,-0.0024739
0.1619,-0.0053002,-0.0032537
0.19668,0.01352,-0.003325
0.20939,-0.0068635,-0.0023277
0.20977,0.0094222,-0.0034224
0.18322,0.0032625,-0.0016716
0.17275,-0.0028708,-0.0025676
0.215,0.002599,-0.0019265
0.26361,-0.0073659,-0.0018965
0.30213,0.0043348,-0.0015591
0.3571,-0.0024622,-0.0013304
0.35074,-0.0020386,-0.0012404
0.35635,1.2158e-05,-0.0006293
0.36869,0.00018836,-0.0006593
0.34326,0.0022428,-0.00022064
0.34588,-0.0032082,2.3052e-05
0.31036,-0.0051877,-3.3185e-05
0.26773,-0.0035457,0.00051419
0.22061,-0.0074784,0.00090786
0.13049,-0.0098965,0.00017677
0.053086,-0.0030245,0.00034548
-0.016467,-0.0043179,0.00095659
-0.081906,-0.0085843,0.00057043
-0.12379,-0.0053077,0.00066041
-0.16941,-0.0035869,0.00078413
-0.21952,-0.0067698,0.00045796
-0.25803,-0.0075496,0.00053669
-0.26214,-0.0023197,0.00076914
-0.20119,-0.0047303,0.00075789
-0.16455,-0.0025747,0.0014852
-0.15183,-0.0011313,0.0022838
-0.11893,-0.006185,0.0026737
-0.1264,-0.0068448,0.0035098
-0.13874,-0.0067473,0.0037385
-0.14174,-0.0058138,0.0046045
-0.13014,-0.0085506,0.0045033
-0.11406,-0.00013405,0.0050582
-0.10397,-0.014733,0.0056993
-0.0576,-0.0010001,0.0052231
0.003352,-0.0072684,0.0067453
0.073652,-0.0083444,0.0053394
0.126,0.0077914,0.0076226
0.18995,-0.028158,0.0057143
0.24828,0.024861,0.0074014
0.26548,-0.037358,0.0074914
0.27184,0.021528,0.0052194
0.28306,-0.022939,0.010772
0.31596,-0.01119,0.0019276
0.28829,0.050669,0.015717
0.28306,-0.16098,-0.0065417
0.27521,1.172,0.071066
0.31335,2.294,0.40595
0.37617,1.8989,0.74811
0.27857,1.946,1.0489
0.42777,1.9384,1.3506
0.56762,1.9497,1.6117
0.48386,2.077,1.8693
0.69551,2.087,2.1053
0.72019,2.2055,2.326
0.76357,2.2463,2.5285
0.97634,2.3346,2.7098
0.95727,2.4025,2.8757
1.0724,2.4512,3.0192
1.0657,2.4913,3.1493
1.0982,2.4989,3.2625
0.72019,2.4933,3.3591
0.63568,2.4666,3.4422
0.31335,2.4441,3.5124
-1.0025,2.4035,3.5694
-0.5153,2.3457,3.6139
-0.63459,2.2419,3.6475
-1.0414,2.1704,3.6697
-0.18063,2.1001,3.6825
-1.0796,2.0113,3.6858
-1.0504,1.9925,3.6787
0.1432,1.9275,3.6634
0.50779,1.8444,3.6395
0.72879,1.78,3.6071
0.59156,1.6877,3.5665
0.37841,1.6001,3.5169
-0.20531,1.5162,3.459
-0.32945,1.4579,3.3933
-0.18025,1.3925,3.3222
-0.62748,1.2971,3.2441
-0.62262,1.2075,3.1576
-0.79725,1.1255,3.0648
-1.2153,1.0453,2.9663
-1.2561,0.95946,2.8628
-1.0923,0.87264,2.753
-0.83352,0.80783,2.641
-0.74527,0.70582,2.5252
-0.577,0.59326,2.3971
-0.59158,0.53319,2.2678
-0.56354,0.43005,2.1371
-0.17016,0.32691,1.9982
0.17985,0.2234,1.8557
0.55192,0.10601,1.7046
0.66522,-0.013289,1.5463
0.60913,-0.13432,1.3796
0.40197,-0.2199,1.2136
-0.0078661,-0.37899,1.0404
-0.26027,-0.44593,0.86347
-0.43116,-0.59657,0.6876
-0.52427,-0.68412,0.49902
-0.56055,-0.78133,0.32262
-0.32048,-0.99876,0.1179
-0.16118,-0.37478,-0.017137
-0.032546,0.045443,-0.0055032
0.50892,-0.12536,-0.0014429
0.80096,-0.028184,-0.0067667
0.98307,-0.054596,-0.0017953
1.0728,-0.040005,-0.006448
0.85219,-0.028259,-0.0031487
0.53883,-0.045381,-0.0061443
0.20453,-0.017147,-0.0051246
-0.0059964,-0.037995,-0.0054395
-0.22737,-0.018508,-0.0062306
-0.26102,-0.031757,-0.0055482
-0.16716,-0.025414,-0.0067817
-0.15557,-0.023112,-0.0064143
-0.21615,-0.026857,-0.0073703
-0.28047,-0.018699,-0.007434
-0.16903,-0.022696,-0.007794
-0.12154,-0.017203,-0.0080114
-0.033294,-0.021635,-0.0084388
0.094967,-0.018549,-0.0092224
0.060939,-0.012738,-0.0087462
0.0040999,-0.018969,-0.0092899
0.037754,-0.015269,-0.010205
0.1103,-0.012551,-0.0099385
0.129,-0.014676,-0.0097473
0.2251,-0.011002,-0.0098897
0.14246,-0.01369,-0.0098635
-0.11294,-0.015689,-0.0098035
-0.26065,-0.014684,-0.010032
-0.445,-0.015201,-0.010411
-0.45996,-0.014785,-0.010981
-0.30515,-0.013765,-0.011554
-0.12379,-0.01375,-0.012334
0.093471,-0.017181,-0.012874
0.26735,-0.019112,-0.013185
0.42216,-0.0098365,-0.013984
0.48386,-0.012146,-0.01377
0.55902,-0.018669,-0.015075
0.58034,-0.007872,-0.014824
0.44722,-0.021447,-0.01545
0.27857,-0.0035606,-0.016181
-0.013849,-0.025923,-0.015285
-0.23672,-0.0093304,-0.017594
-0.29468,-0.0050228,-0.014782
-0.32833,-0.032668,-0.01861
-0.20718,0.023541,-0.015217
-0.076297,-0.05992,-0.017744
0.003726,0.045833,-0.017845
0.081879,-0.071511,-0.013999
0.10469,0.047482,-0.024313
0.12488,-0.071039,-0.0012892
0.093471,-1.6705,-0.1643
0.20117,-2.1724,-0.53615
0.21126,-1.7802,-0.86237
0.13161,-1.8724,-1.1723
0.35822,-1.7618,-1.4644
0.39636,-1.8298,-1.7294
0.41356,-1.8421,-1.9905
0.60277,-1.8401,-2.2271
0.43675,-1.877,-2.4551
0.41057,-1.8491,-2.6623
0.47638,-1.8811,-2.8542
0.32382,-1.869,-3.0303
0.29727,-1.8769,-3.1898
0.2868,-1.8657,-3.3338
0.41431,-1.8637,-3.4602
0.42441,-1.8615,-3.5744
0.48648,-1.8399,-3.6724
0.55528,-1.8294,-3.7566
0.40047,-1.8082,-3.8265
0.40272,-1.7862,-3.8813
0.16452,-1.7569,-3.923
0.065052,-1.7237,-3.9516
0.0011084,-1.6963,-3.9689
-0.16305,-1.6677,-3.9758
0.14134,-1.6369,-3.9718
0.172,-1.6008,-3.9575
0.025414,-1.5548,-3.9336
0.1361,-1.5053,-3.8998
0.097584,-1.4545,-3.8557
0.068043,-1.3951,-3.8019
-0.017962,-1.3371,-3.7399
-0.1881,-1.2855,-3.6714
-0.30702,-1.2166,-3.5949
-0.44126,-1.1458,-3.51
-0.49137,-1.0823,-3.4188
-0.57326,-1.0135,-3.3214
-0.58224,-0.94458,-3.2182
-0.4536,-0.86704,-3.1076
-0.42443,-0.80292,-2.9918
-0.42069,-0.72983,-2.8743
-0.39676,-0.62845,-2.7477
-0.46482,-0.55096,-2.6127
-0.46071,-0.48539,-2.4782
-0.34217,-0.38124,-2.3394
-0.24158,-0.2901,-2.1922
-0.16006,-0.1971,-2.0423
-0.080784,-0.058656,-1.8811
-0.019084,0.032182,-1.712
-0.026189,0.14797,-1.5394
-0.073679,0.23943,-1.3615
-0.05947,0.36448,-1.1822
-0.040773,0.46971,-0.99498
-0.052739,0.55967,-0.81298
-0.026189,0.71987,-0.61721
-0.024693,0.72354,-0.42911
0.015318,1.0035,-0.22967
0.16041,0.73702,-0.031751
0.38178,-0.0035906,0.0083799
0.52836,0.054999,-0.014385
0.54294,0.068754,-0.0032575
0.5781,0.0092272,-0.008945
0.48087,0.054628,-0.005537
0.32905,0.0028502,-0.0062156
0.25875,0.040591,-0.0062268
0.15405,0.006333,-0.004221
0.070287,0.013561,-0.0059456
0.00036053,0.018682,-0.0036511
-0.053487,0.0060856,-0.0045997
-0.071436,0.010971,-0.0035462
-0.068818,0.0022466,-0.0036174
-0.045634,0.0098421,-0.0032912
0.023545,0.0079001,-0.0023502
0.031771,0.00061575,-0.0027176
-0.00824,0.00079945,-0.002084
0.00036053,0.0047509,-0.0013716
-0.055356,-0.0029346,-0.0011317
-0.027685,0.0018417,-0.00098172
0.020179,0.0042823,-0.00028063
0.0059696,-0.0012962,0.00021051
0.071783,0.005227,0.00080663
0.034763,0.0037199,0.0018451
-0.046756,0.00054077,0.0022838
-0.10733,0.0041211,0.0028949
-0.18324,-0.0028971,0.0033936
-0.22064,-0.00077513,0.0041246
-0.22849,-0.0064286,0.004582
-0.19184,-0.0017236,0.0044171
-0.15183,0.00081445,0.0061042
-0.044138,-0.0073959,0.0053994
0.054582,0.0073902,0.006869
0.14021,-0.020341,0.0066253
0.23258,0.0050433,0.0068953
0.29128,-0.017275,0.00829
0.33279,0.0076339,0.0062729
0.25314,-0.00019404,0.010761
0.15928,-0.022204,0.0054818
0.047851,0.043801,0.01175
-0.03479,-0.075864,0.0064754
-0.033668,0.09767,0.0099621
-0.03105,-0.15603,0.010941
0.010831,0.38269,0.0044696
0.050094,2.0969,0.25091
0.21837,2.1378,0.64527
0.25239,1.8585,0.97234
0.24305,2.0058,1.3104
0.49022,1.8873,1.6225
0.44647,1.9826,1.9143
0.42216,1.9515,2.1947
0.51079,2.0093,2.4545
0.36121,2.0472,2.7108
0.40384,2.0379,2.9453
0.45283,2.0877,3.167
0.49845,2.1096,3.3758
0.611,2.1639,3.5761
0.55678,2.1724,3.7645
0.59642,2.1817,3.9347
0.52238,2.1877,4.0913
0.3814,2.1909,4.231
0.40496,2.1914,4.354
0.43488,2.2,4.4622
0.48237,2.2264,4.5556
0.49396,2.2183,4.634
0.48311,2.2143,4.6976
0.43936,2.2089,4.7485
0.43637,2.1789,4.7879
0.4016,2.155,4.8137
0.27296,2.1149,4.826
0.15854,2.068,4.8269
-0.02245,2.0246,4.8163
-0.21353,1.9797,4.796
-0.41733,1.9384,4.7669
-0.52876,1.8807,4.7285
-0.54634,1.8132,4.6821
-0.54148,1.7501,4.6278
-0.3848,1.6934,4.5645
-0.30814,1.6345,4.4919
-0.32123,1.5666,4.4107
-0.33132,1.5019,4.3218
-0.35226,1.4408,4.2279
-0.34329,1.3648,4.1285
-0.35712,1.2861,4.0212
-0.32422,1.2044,3.9069
-0.38367,1.1274,3.7872
-0.52278,1.0539,3.6636
-0.5669,0.95841,3.5337
-0.61215,0.90435,3.4005
-0.65179,0.82835,3.2671
-0.58597,0.70174,3.1227
-0.51193,0.63859,2.9721
-0.50595,0.56283,2.823
-0.48314,0.4553,2.6677
-0.40798,0.3547,2.5063
-0.28383,0.25047,2.3385
-0.14361,0.12672,2.1639
0.00073447,0.010779,1.9799
0.12114,-0.069198,1.7949
0.1877,-0.20857,1.6057
0.20341,-0.2937,1.4115
0.16564,-0.4294,1.2175
0.1361,-0.53292,1.0155
0.10992,-0.6284,0.81883
0.077018,-0.78038,0.60925
0.0744,-0.80428,0.40993
0.075522,-1.1053,0.19382
0.070287,-0.72444,-0.0048734
0.11927,0.0051745,-0.032981
0.18658,-0.10704,-0.012465
0.24753,-0.087493,-0.023717
0.34102,-0.039892,-0.017047
0.35672,-0.075748,-0.021328
0.32718,-0.029283,-0.019746
0.29802,-0.067616,-0.020387
0.19331,-0.028979,-0.021388
0.13947,-0.046322,-0.019979
0.11404,-0.041287,-0.022472
0.0658,-0.039322,-0.021392
0.04972,-0.047173,-0.022329
-0.016093,-0.030767,-0.022232
-0.078914,-0.038153,-0.023004
-0.099855,-0.031517,-0.023256
-0.097611,-0.038366,-0.023327
-0.084897,-0.032593,-0.024403
-0.084897,-0.021938,-0.024249
-0.013101,-0.029635,-0.024628
0.059817,-0.030614,-0.02534
0.059069,-0.030145,-0.02585
0.078514,-0.035026,-0.026828
0.11703,-0.028923,-0.027908
0.13872,-0.023625,-0.028208
0.12451,-0.026977,-0.028969
0.07814,-0.026212,-0.029494
0.019805,-0.025417,-0.030176
-0.074427,-0.018051,-0.0303
-0.13164,-0.030152,-0.03078
-0.1178,-0.019738,-0.031729
-0.1006,-0.023749,-0.031103
-0.064705,-0.023633,-0.033123
0.016814,-0.009619,-0.031631
0.075148,-0.039049,-0.033667
0.14171,-0.0023085,-0.032925
0.1806,-0.045879,-0.033213
0.16115,0.0045072,-0.035497
0.17499,-0.03085,-0.031335
0.14171,-0.025504,-0.038492
0.085245,0.015237,-0.028984
-0.0056225,-0.1044,-0.041544
-0.029555,0.17507,-0.024815
-0.090506,-0.91483,-0.07135
-0.12154,-2.2484,-0.40156
0.021675,-1.9355,-0.78253
-0.087889,-1.9352,-1.1054
0.10095,-1.9929,-1.4407
0.37505,-1.9369,-1.7387
0.29577,-2.0287,-2.0275
0.52687,-1.9964,-2.2964
0.53098,-2.09,-2.5539
0.42104,-2.0865,-2.802
0.57286,-2.1132,-3.0283
0.53958,-2.1544,-3.2446
0.5781,-2.1886,-3.4487
0.64802,-2.2293,-3.645
0.66821,-2.2285,-3.8254
0.68467,-2.2485,-3.9908
0.6282,-2.2401,-4.1402
0.58857,-2.2429,-4.2721
0.53247,-2.2482,-4.391
0.48199,-2.2333,-4.4937
0.40683,-2.2293,-4.5816
0.38552,-2.2235,-4.6566
0.39823,-2.2083,-4.7181
0.46666,-2.1874,-4.7666
0.49882,-2.1631,-4.8027
0.44385,-2.1323,-4.8259
0.43787,-2.0922,-4.8358
0.31596,-2.056,-4.8338
0.15966,-2.0192,-4.8217
-0.046008,-1.9743,-4.7998
-0.23111,-1.9276,-4.7679
-0.36909,-1.88,-4.7273
-0.52128,-1.8278,-4.6784
-0.51567,-1.7651,-4.62
-0.52128,-1.6998,-4.5531
-0.49099,-1.6317,-4.4778
-0.40985,-1.5636,-4.3945
-0.3833,-1.5018,-4.3053
-0.35114,-1.4275,-4.2099
-0.34553,-1.3497,-4.1066
-0.36049,-1.2767,-3.9975
-0.40761,-1.1994,-3.8824
-0.46706,-1.1278,-3.7623
-0.52016,-1.0393,-3.6371
-0.52502,-0.95787,-3.5046
-0.53175,-0.90212,-3.3715
-0.53362,-0.79226,-3.2336
-0.50072,-0.69571,-3.0848
-0.49286,-0.63952,-2.9358
-0.45921,-0.54014,-2.7847
-0.4349,-0.4405,-2.627
-0.37208,-0.33805,-2.4635
-0.29842,-0.22712,-2.2929
-0.25766,-0.095231,-2.1131
-0.14211,-0.010264,-1.9267
-0.040773,0.10296,-1.7404
0.057573,0.23223,-1.5454
0.15779,0.30725,-1.3523
0.20079,0.46292,-1.1532
0.24305,0.52701,-0.95342
0.22958,0.69772,-0.75218
0.1806,0.74792,-0.5427
0.12675,0.90017,-0.34447
0.098706,1.0542,-0.11521
0.09908,0.27348,0.010476
0.091975,-0.052395,-0.010951
0.12862,0.12309,-0.0092711
0.15405,0.00055951,-0.0064967
0.20304,0.053874,-0.009931
0.25314,0.018499,-0.0053608
0.25501,0.016219,-0.0088362
0.28194,0.025802,-0.0052295
0.27446,0.0030189,-0.0068604
0.22846,0.024175,-0.0056382
0.16452,0.0041998,-0.0050046
0.094967,0.016677,-0.0052858
0.045233,0.0014105,-0.0042023
0.020927,0.0038062,-0.0043185
0.020179,0.0090735,-0.0033212
-0.013475,0.00065699,-0.0036361
-0.046756,0.0034088,-0.0027176
-0.059096,-0.0034444,-0.0020352
-0.058722,0.002674,-0.0022489
-0.026189,0.0075814,-0.0013004
0.01457,0.0046459,8.3039e-05
0.048225,0.0038586,0.0010128
0.096463,0.0043385,0.0019314
0.11067,0.0020741,0.0028424
0.098706,-0.0012588,0.0028274
0.1002,0.0028652,0.0038472
0.06393,-0.0035419,0.0042259
0.045981,0.006213,0.0046495
0.02878,-0.0032007,0.0058193
0.0059696,-0.00034775,0.0051482
-0.0067443,0.0015717,0.007094
-0.0576,-0.011711,0.0057293
-0.05573,0.014772,0.0077463
-0.011979,-0.025357,0.007019
0.013448,0.023908,0.007019
0.057947,-0.021605,0.0096284
0.072157,0.010618,0.0053769
0.048225,0.0066667,0.012646
0.067669,-0.042498,0.0030786
0.046729,0.091694,0.015721
0.059817,-0.20754,0.00022926
0.038876,0.8904,0.041024
0.034763,2.3314,0.36668
0.18883,2.023,0.75116
0.074774,1.9791,1.0782
0.15779,2.0435,1.419
0.37579,1.9892,1.7225
0.24043,2.0885,2.0166
0.37131,2.0553,2.2909
0.41955,2.1407,2.5508
0.36682,2.154,2.8014
0.55229,2.2164,3.037
0.57735,2.2413,3.2642
0.66597,2.2406,3.4703
0.79161,2.2971,3.6669
0.84434,2.3281,3.8543
0.90006,2.36,4.0302
0.8765,2.3608,4.1923
0.84247,2.3747,4.3382
0.79498,2.3646,4.4698
0.76656,2.3446,4.5832
0.68392,2.3525,4.6824
0.60838,2.341,4.7693
0.5594,2.322,4.8409
0.5766,2.297,4.8991
0.61624,2.2714,4.9455
0.5407,2.2527,4.9805
0.51378,2.2193,5.0028
0.3986,2.1792,5.0118
0.21425,2.1314,5.0093
0.017562,2.0817,4.9952
-0.21578,2.0387,4.9712
-0.35413,1.9894,4.9388
-0.5138,1.9337,4.8969
-0.59308,1.8765,4.8467
-0.59757,1.8196,4.7888
-0.63907,1.7539,4.7225
-0.60804,1.6825,4.6475
-0.56803,1.6116,4.5643
-0.5411,1.538,4.4731
-0.53138,1.4731,4.3764
-0.53661,1.4023,4.2748
-0.53923,1.3221,4.1656
-0.60131,1.2411,4.0492
-0.66413,1.1643,3.9271
-0.64992,1.0914,3.801
-0.64842,0.99913,3.6698
-0.67385,0.93323,3.5335
-0.63945,0.86836,3.3974
-0.63496,0.74665,3.2532
-0.64132,0.66214,3.0998
-0.63833,0.60701,2.9482
-0.6387,0.49048,2.7922
-0.56129,0.3778,2.6296
-0.47417,0.29488,2.4618
-0.39601,0.18351,2.2862
-0.27448,0.052307,2.1023
-0.12229,-0.026025,1.9136
-0.03292,-0.14495,1.7246
0.022797,-0.26571,1.5267
0.12189,-0.35043,1.3306
0.15405,-0.50002,1.1278
0.15368,-0.56045,0.92521
0.13161,-0.73663,0.72079
0.042616,-0.77935,0.50921
-0.0011352,-0.94734,0.30837
-0.0011352,-1.0763,0.077436
0.055703,-0.28566,-0.044577
0.13872,0.010509,-0.021958
0.1806,-0.15081,-0.024264
0.25464,-0.028552,-0.026382
0.261,-0.083846,-0.023166
0.24155,-0.046131,-0.027222
0.27782,-0.050817,-0.02387
0.24342,-0.056313,-0.027331
0.23033,-0.036758,-0.02534
0.2049,-0.056485,-0.026547
0.12301,-0.03575,-0.026907
0.093845,-0.048822,-0.026907
0.034389,-0.039131,-0.027848
0.011953,-0.037032,-0.027548
0.025414,-0.034205,-0.028343
-0.026937,-0.036904,-0.028137
-0.041894,-0.037414,-0.029385
-0.059844,-0.030362,-0.029449
-0.097237,-0.03563,-0.029303
-0.059096,-0.034576,-0.030709
0.023545,-0.035416,-0.031725
0.06393,-0.032855,-0.032658
0.10469,-0.031828,-0.033847
0.14844,-0.02535,-0.034443
0.13311,-0.030194,-0.034537
0.1174,-0.032447,-0.035579
0.091975,-0.022159,-0.03562
0.059443,-0.033388,-0.036561
0.019431,-0.0218,-0.036756
-0.037407,-0.03572,-0.036932
-0.071436,-0.020098,-0.038211
-0.093124,-0.024923,-0.036891
-0.10098,-0.030778,-0.039786
-0.056478,-0.0060837,-0.037206
-0.012727,-0.049583,-0.04022
0.041868,0.013602,-0.038687
0.080009,-0.064182,-0.038665
0.088236,0.017644,-0.042492
0.090854,-0.048298,-0.034346
0.025788,-0.028889,-0.049578
0.020927,0.070111,-0.022161
-0.0662,-1.4359,-0.1435
0.014944,-2.2701,-0.52745
0.091975,-1.8843,-0.88844
-0.043016,-2.0531,-1.2199
0.31896,-2.0177,-1.5518
0.45245,-2.0497,-1.8468
0.42628,-2.0998,-2.136
0.72057,-2.0994,-2.4007
0.60016,-2.1861,-2.6582
0.60091,-2.1971,-2.9015
0.74525,-2.2671,-3.1337
0.70336,-2.2646,-3.3527
0.82265,-2.2988,-3.5533
0.92661,-2.3465,-3.7472
0.97671,-2.3687,-3.9296
0.97671,-2.3884,-4.1007
0.99017,-2.3862,-4.2563
0.95689,-2.389,-4.397
0.86154,-2.3738,-4.5222
0.82153,-2.3665,-4.6313
0.75347,-2.3569,-4.7278
0.7071,-2.3363,-4.8094
0.68542,-2.3168,-4.8771
0.75946,-2.298,-4.9331
0.75983,-2.2737,-4.9768
0.71421,-2.2378,-5.0084
0.67233,-2.1976,-5.0273
0.52724,-2.1551,-5.0337
0.34738,-2.1114,-5.0286
0.077018,-2.0672,-5.0128
-0.1006,-2.0215,-4.9876
-0.3201,-1.9736,-4.953
-0.52727,-1.9238,-4.9091
-0.58934,-1.8681,-4.8572
-0.69442,-1.8076,-4.7968
-0.68245,-1.7444,-4.7276
-0.6645,-1.675,-4.65
-0.6473,-1.6035,-4.5646
-0.59944,-1.5387,-4.4722
-0.62112,-1.4713,-4.3743
-0.62711,-1.3916,-4.2695
-0.6574,-1.3157,-4.1575
-0.69105,-1.2389,-4.0401
-0.73368,-1.164,-3.9174
-0.76322,-1.0886,-3.7904
-0.77706,-1.0014,-3.6561
-0.78603,-0.93757,-3.5191
-0.76472,-0.84626,-3.3812
-0.77818,-0.72957,-3.2316
-0.78715,-0.66931,-3.0777
-0.77594,-0.58684,-2.9253
-0.74265,-0.48178,-2.7657
-0.67086,-0.3881,-2.601
-0.57663,-0.27577,-2.4294
-0.46257,-0.1544,-2.2497
-0.33469,-0.038618,-2.0616
-0.21166,0.048588,-1.8728
-0.10958,0.18391,-1.6789
0.022423,0.2682,-1.479
0.12413,0.39548,-1.2816
0.13722,0.5084,-1.0755
0.1462,0.59856,-0.87504
0.11591,0.75954,-0.66272
0.047103,0.77067,-0.45889
0.053086,1.0781,-0.2429
0.066922,0.77454,-0.033116
0.11292,-0.014185,0.0070565
0.20453,0.061481,-0.016353
0.27707,0.070793,-0.0043372
0.36944,0.0099283,-0.010392
0.36345,0.05949,-0.006493
0.39038,-0.0032645,-0.0074415
0.41506,0.038762,-0.0071941
0.33279,0.011203,-0.0053308
0.32419,0.021404,-0.0071229
0.2337,0.017378,-0.0047421
0.12152,0.003405,-0.0055932
0.071409,0.012384,-0.004386
-1.3407e-05,0.0039224,-0.0044947
-0.012727,0.0098458,-0.0037111
-0.027685,0.00048828,-0.0033999
-0.049373,0.0078926,-0.0032612
-0.043764,0.0052495,-0.002144
-0.060591,0.0018829,-0.0025339
-0.070314,0.010944,-0.0012742
-0.030676,0.0075964,0.00034173
0.032145,0.003585,0.0010991
0.072905,0.0048034,0.002325
0.13161,0.0020066,0.0031161
0.15629,0.0050696,0.0033036
0.12002,7.2142e-05,0.0043908
0.10207,-0.0015999,0.0044396
0.061312,0.0069516,0.0055643
-0.0052485,-0.006916,0.0053469
-0.077419,0.0088748,0.006093
-0.13276,-0.012232,0.0068653
-0.17576,0.007064,0.0059955
-0.19633,-0.0047116,0.0087099
-0.13538,-0.014005,0.0059392
-0.1021,0.01866,0.0099096
-0.043016,-0.036878,0.0065316
0.040746,0.046522,0.0096209
0.091601,-0.064617,0.0095272
0.12451,0.065076,0.0057218
0.087862,-0.069794,0.016962
0.080757,0.065365,-0.0080452
0.024667,1.7958,0.16904
0.13423,2.3125,0.56792
0.20266,1.919,0.91472
0.11965,2.0956,1.2528
0.39636,2.0111,1.5794
0.45881,2.0945,1.8753
0.41543,2.1187,2.1646
0.61212,2.1432,2.4292
0.57735,2.2148,2.6886
0.67831,2.2243,2.9302
0.85705,2.3021,3.163
0.84434,2.3047,3.3845
0.91726,2.3342,3.5875
0.97634,2.3623,3.7795
1.0268,2.3983,3.9614
1.0646,2.4248,4.1349
1.0309,2.4213,4.294
1.0235,2.4301,4.4385
1.0227,2.4213,4.5683
0.94867,2.3978,4.6804
0.88173,2.3871,4.778
0.82863,2.3806,4.8644
0.77591,2.3482,4.9364
0.82377,2.3207,4.9945
0.7774,2.3032,5.0407
0.74674,2.2737,5.0749
0.70972,2.2316,5.0973
0.54556,2.1854,5.1071
0.36607,2.1404,5.1046
0.098706,2.091,5.0908
-0.12379,2.047,5.0673
-0.38966,1.997,5.0351
-0.61514,1.9364,4.9937
-0.71199,1.8791,4.9435
-0.8425,1.8246,4.8852
-0.8496,1.7621,4.8193
-0.83053,1.6878,4.7446
-0.80024,1.6171,4.6612
-0.71797,1.5497,4.5702
-0.73443,1.4855,4.4729
-0.70676,1.4145,4.371
-0.67198,1.3364,4.2623
-0.75312,1.2617,4.1464
-0.79463,1.1736,4.0239
-0.81969,1.1006,3.8969
-0.88774,1.0286,3.766
-0.89447,0.94564,3.6288
-0.90382,0.87737,3.4909
-0.93187,0.77247,3.3477
-0.92401,0.68298,3.1934
-0.90644,0.6246,3.0401
-0.84324,0.51917,2.8846
-0.76472,0.42603,2.7213
-0.66488,0.32547,2.5539
-0.53923,0.21067,2.3783
-0.41359,0.097127,2.1952
-0.24906,-0.0080257,2.0056
-0.12005,-0.095119,1.816
-0.015719,-0.23621,1.6198
0.059069,-0.31396,1.4203
0.094593,-0.45376,1.2205
0.12526,-0.54822,1.0132
0.084871,-0.65945,0.81167
0.04112,-0.8001,0.59667
0.0055957,-0.83098,0.39461
-0.0059964,-1.1306,0.17123
0.030276,-0.66233,-0.021055
0.12339,0.022604,-0.037435
0.2408,-0.12354,-0.020072
0.29315,-0.077334,-0.031144
0.38888,-0.054476,-0.024125
0.3986,-0.078871,-0.029078
0.37505,-0.035199,-0.026604
0.40945,-0.070177,-0.027863
0.32232,-0.032615,-0.028602
0.2767,-0.054296,-0.027616
0.20079,-0.042329,-0.029498
0.084871,-0.039544,-0.028328
0.035885,-0.042948,-0.029708
-0.03292,-0.035397,-0.029532
-0.067696,-0.039495,-0.030131
-0.085271,-0.032499,-0.030338
-0.081532,-0.039885,-0.030926
-0.099481,-0.034696,-0.031549
-0.086393,-0.037534,-0.031305
-0.044886,-0.041512,-0.032906
0.0026042,-0.033474,-0.034248
0.093471,-0.032645,-0.03478
0.1447,-0.033924,-0.036055
0.21986,-0.027611,-0.036629
0.21126,-0.031528,-0.037086
0.17686,-0.030625,-0.037787
0.1361,-0.031637,-0.0379
0.035885,-0.025961,-0.038908
-0.0052485,-0.02872,-0.038132
-0.10359,-0.03608,-0.040123
-0.14099,-0.012255,-0.039373
-0.16642,-0.043563,-0.040157
-0.1982,-0.011445,-0.04118
-0.14061,-0.041966,-0.039351
-0.093498,-0.017938,-0.043254
-0.002631,-0.011096,-0.038177
0.046355,-0.056789,-0.045376
0.10282,0.042481,-0.038106
0.072905,-0.12707,-0.044776
0.055703,0.1523,-0.040959
0.025788,-0.53079,-0.045586
-0.029928,-2.1182,-0.32298
0.16788,-2.0638,-0.72504
0.039998,-1.9468,-1.0576
0.15854,-2.1046,-1.401
0.52836,-2.0204,-1.7122
0.44609,-2.1377,-2.0064
0.71122,-2.1118,-2.2859
0.81891,-2.1892,-2.5463
0.69476,-2.2226,-2.8005
0.86902,-2.2634,-3.0363
0.87799,-2.3291,-3.267
0.90267,-2.3225,-3.4812
0.99055,-2.3581,-3.6797
1.047,-2.3861,-3.8675
1.0612,-2.4281,-4.0468
1.0564,-2.439,-4.2157
1.0698,-2.4412,-4.3688
1.0216,-2.4402,-4.5083
1.0029,-2.422,-4.6316
0.91464,-2.4161,-4.7397
0.88959,-2.3993,-4.8343
0.84583,-2.3782,-4.9147
0.81068,-2.3589,-4.9822
0.86378,-2.3353,-5.0372
0.78152,-2.3111,-5.0806
0.75572,-2.2755,-5.1121
0.64914,-2.2321,-5.1306
0.48349,-2.1875,-5.1367
0.30026,-2.142,-5.1316
0.042616,-2.0929,-5.1154
-0.16716,-2.0419,-5.0895
-0.46893,-1.9943,-5.0548
-0.68133,-1.9388,-5.011
-0.78977,-1.8797,-4.9591
-0.89111,-1.818,-4.8988
-0.92439,-1.7472,-4.83
-0.92701,-1.6775,-4.7526
-0.86905,-1.6089,-4.6671
-0.82006,-1.5423,-4.5747
-0.76733,-1.4771,-4.4769
-0.71386,-1.3975,-4.3728
-0.72471,-1.3172,-4.2612
-0.7621,-1.2437,-4.1437
-0.79725,-1.1686,-4.0212
-0.8395,-1.0908,-3.8942
-0.884,-1.0024,-3.7606
-0.89148,-0.94099,-3.6226
-0.89335,-0.86616,-3.4848
-0.89073,-0.74529,-3.3375
-0.86531,-0.67607,-3.1817
-0.83427,-0.60377,-3.0286
-0.78641,-0.49753,-2.87
-0.68881,-0.41203,-2.7046
-0.55082,-0.29738,-2.534
-0.43341,-0.18247,-2.3546
-0.28383,-0.059878,-2.1672
-0.13874,0.025997,-1.9757
-0.042268,0.14039,-1.7834
0.063182,0.2588,-1.5821
0.13498,0.33868,-1.3837
0.18733,0.49898,-1.1786
0.19032,0.55531,-0.97297
0.17611,0.72555,-0.76567
0.11404,0.77683,-0.55128
0.035885,0.94154,-0.34795
0.056451,1.0695,-0.11345
0.030276,0.26177,0.011398
0.10432,-0.044312,-0.011359
0.23407,0.12671,-0.0090874
0.27408,0.0033825,-0.0065042
0.3384,0.058283,-0.0094698
0.32083,0.019649,-0.0053832
0.34027,0.023091,-0.0087462
0.36345,0.028025,-0.0049109
0.31821,0.0075964,-0.0067479
0.30026,0.025674,-0.0052558
0.19107,0.00033457,-0.0048809
0.079635,0.01442,-0.0051021
-0.012353,0.005302,-0.0039961
-0.076297,0.0088073,-0.004206
-0.092376,0.0060593,-0.0032275
-0.11593,0.00017337,-0.0031675
-0.10247,0.0056394,-0.0019715
-0.12154,-0.00047896,-0.0021627
-0.10397,0.0091597,-0.001784
-0.035911,0.011049,0.00030424
0.022797,0.0020929,0.0010616
0.13124,0.0096096,0.0022426
0.20939,0.0043235,0.0032886
0.23669,-0.0053264,0.003461
0.2423,0.00067948,0.0045708
0.23033,-0.00045272,0.0044621
0.16938,0.0054107,0.0057068
0.097211,-0.0094166,0.0059842
0.048599,0.0078513,0.0060555
-0.051243,-0.0053002,0.0076151
-0.096116,-0.0049253,0.0061304
-0.12341,0.0045822,0.0091935
-0.14921,-0.017931,0.0063929
-0.11743,0.026165,0.0091598
-0.075175,-0.04231,0.0082187
-0.013475,0.04034,0.0078101
0.044485,-0.038786,0.012024
0.061312,0.015833,0.0035735
0.024667,0.01334,0.019043
0.05159,-0.11132,-0.007764
-0.026937,1.4372,0.10769
0.059069,2.3641,0.4881
0.22734,1.9276,0.85062
0.085992,2.0615,1.1838
0.30026,2.0348,1.5193
0.44273,2.0676,1.8172
0.38365,2.1286,2.1104
0.60502,2.1195,2.379
0.60016,2.2106,2.6398
0.64615,2.2105,2.8855
0.82714,2.289,3.1187
0.85855,2.3068,3.3436
0.91501,2.3182,3.55
0.99429,2.3511,3.7445
1.0911,2.3724,3.9285
1.0867,2.4078,4.1043
1.0661,2.4115,4.2671
1.0646,2.4116,4.4151
1.0111,2.4065,4.549
0.9554,2.374,4.666
0.88098,2.3632,4.7669
0.8406,2.357,4.8566
0.76544,2.3211,4.9333
0.76993,2.2988,4.9954
0.77254,2.2742,5.0463
0.7273,2.2446,5.0846
0.68616,2.2069,5.1111
0.54781,2.1603,5.1255
0.40347,2.1116,5.1271
0.16863,2.0576,5.1173
-0.045634,2.0127,5.097
-0.28047,1.9597,5.0677
-0.5512,1.9093,5.0298
-0.69928,1.859,4.9828
-0.86867,1.7987,4.9277
-0.95468,1.7392,4.8649
-0.98085,1.6641,4.7934
-0.98945,1.5915,4.7127
-0.91654,1.5291,4.6244
-0.85932,1.4598,4.5294
-0.77556,1.3886,4.4292
-0.72658,1.3168,4.323
-0.75088,1.2372,4.2098
-0.75462,1.1532,4.0897
-0.76397,1.0891,3.9637
-0.79426,1.0115,3.8347
-0.82567,0.92151,3.6992
-0.84362,0.86542,3.5615
-0.87316,0.77066,3.4217
-0.87129,0.66622,3.2697
-0.80435,0.61749,3.1153
-0.74041,0.52438,2.9619
-0.66338,0.4217,2.7997
-0.55868,0.33613,2.6334
-0.4551,0.21546,2.4598
-0.37283,0.11046,2.2779
-0.27149,0.00061575,2.0896
-0.16529,-0.084033,1.899
-0.052365,-0.20931,1.7052
0.073652,-0.30477,1.5039
0.11927,-0.40861,1.3057
0.16527,-0.54804,1.0979
0.19817,-0.61188,0.89448
0.15741,-0.79231,0.68328
0.13236,-0.79919,0.47264
0.087862,-1.0437,0.26318
0.064678,-0.97277,0.034729
0.080009,-0.12777,-0.046407
0.089358,-0.034734,-0.019019
0.14657,-0.13455,-0.028242
0.19032,-0.032705,-0.025021
0.21238,-0.091254,-0.025531
0.261,-0.034546,-0.027252
0.32681,-0.062922,-0.025291
0.32456,-0.046446,-0.028253
0.29016,-0.04204,-0.025861
0.23781,-0.05313,-0.028122
0.097584,-0.034168,-0.027492
0.025414,-0.045617,-0.028081
-0.04526,-0.037066,-0.028834
-0.10733,-0.0402,-0.028763
-0.098359,-0.037669,-0.029419
-0.13463,-0.041876,-0.029569
-0.12192,-0.036923,-0.030664
-0.089385,-0.032897,-0.030405
-0.050495,-0.037759,-0.031275
0.042616,-0.034051,-0.033168
0.14507,-0.033778,-0.033659
0.19855,-0.036278,-0.03481
0.20677,-0.032657,-0.035688
0.25987,-0.032585,-0.035864
0.2408,-0.028919,-0.036891
0.20565,-0.0292,-0.03688
0.20042,-0.03124,-0.037896
0.12488,-0.023865,-0.037405
0.059817,-0.03732,-0.038893
-0.008614,-0.015363,-0.038987
-0.06994,-0.03954,-0.038608
-0.086393,-0.017368,-0.040929
-0.094994,-0.026587,-0.038008
-0.11182,-0.038348,-0.042545
-0.05947,0.0036487,-0.038008
-0.039277,-0.071215,-0.042781
-0.029555,0.043459,-0.039981
-0.0093619,-0.10925,-0.039598
-0.022824,0.088957,-0.046564
-0.026189,-0.23486,-0.028384
-0.065079,-1.9002,-0.24402
0.10581,-2.1606,-0.64961
0.067669,-1.9022,-0.99088
0.054208,-2.1042,-1.3321
0.44722,-2.0099,-1.6528
0.47489,-2.1099,-1.9474
0.60726,-2.1061,-2.2328
0.80321,-2.153,-2.4949
0.65887,-2.2106,-2.7525
0.74786,-2.2326,-2.9917
0.83013,-2.3091,-3.2245
0.86678,-2.3018,-3.4441
0.99317,-2.3307,-3.6457
1.0586,-2.3567,-3.8367
1.1016,-2.3945,-4.018
1.0788,-2.4139,-4.1905
1.0571,-2.4093,-4.3481
1.0227,-2.4134,-4.4916
0.98382,-2.3978,-4.6204
0.89856,-2.3803,-4.7329
0.875,-2.367,-4.8314
0.83424,-2.3483,-4.917
0.73403,-2.3213,-4.9888
0.79722,-2.2953,-5.0478
0.75497,-2.2691,-5.0952
0.68878,-2.2346,-5.1308
0.60951,-2.1927,-5.154
0.46217,-2.1463,-5.1646
0.28418,-2.0993,-5.1631
0.027658,-2.0516,-5.1507
-0.15744,-2.0021,-5.1287
-0.4106,-1.9502,-5.0974
-0.63421,-1.8953,-5.0572
-0.74228,-1.8391,-5.0084
-0.85147,-1.7805,-4.9511
-0.93149,-1.7145,-4.8855
-0.96066,-1.6487,-4.8111
-0.91616,-1.5799,-4.7284
-0.87129,-1.5086,-4.6381
-0.85484,-1.449,-4.5422
-0.78267,-1.3721,-4.4408
-0.80996,-1.2909,-4.3314
-0.78454,-1.2227,-4.2155
-0.71087,-1.1433,-4.0944
-1.1226,-1.0713,-3.9688
-1.4722,-0.98681,-3.8374
-1.6068,-0.91413,-3.7001
-3.7345,-0.85385,-3.5629
-10.584,-0.73457,-3.4187
-19.059,-0.64593,-3.2641
-22.245,-0.5918,-3.111
-19.838,-0.48216,-2.9545
-16.117,-0.38731,-2.7907
-13.608,-0.27458,-2.623
-11.62,-0.142,-2.4462
-9.0471,-0.025901,-2.2626
-5.1843,0.087454,-2.0731
1.8035,0.17424,-1.8826
10.531,0.30875,-1.6857
19.475,0.37931,-1.4857
26.962,0.51084,-1.2859
27.769,0.60615,-1.0772
21.588,0.68576,-0.87494
14.158,0.83272,-0.65821
10.506,0.83832,-0.4522
9.2684,1.1266,-0.22899
5.3193,0.71871,-0.023282
-1.5728,-0.02977,0.0051669
-9.1993,0.091953,-0.015862
-14.307,0.065695,-0.0036174
-12.723,0.022619,-0.010467
-5.5971,0.058347,-0.0057207
2.4583,0.0075064,-0.0072578
7.9563,0.045259,-0.0066017
9.2815,0.0034725,-0.0051508
7.3636,0.023698,-0.0064855
6.7892,0.014382,-0.0041873
8.9248,0.0081738,-0.0052108
11.271,0.016879,-0.0040111
14.72,0.0028239,-0.0040635
15.226,0.011087,-0.0033962
10.572,0.0080163,-0.0029538
4.0957,0.011203,-0.0024964
-4.0296,0.0044997,-0.001769
-9.8806,0.0014968,-0.0019265
-12.53,0.0076976,-0.00051308
-14.028,0.010116,0.00090411
-15.214,0.0051933,0.0015902
-17.498,0.0029064,0.0027749
-16.832,0.00054827,0.003671
-11.841,0.0052495,0.0038659
-3.7121,0.0039824,0.004807
6.1475,0.0004133,0.0050169
12.463,0.008005,0.0063179
13.203,-0.010508,0.006018
8.9132,0.006168,0.0068503
2.1748,-0.012873,0.0078251
-3.4997,0.0059656,0.0066816
-7.3801,-0.00112,0.0095534
-9.1738,-0.018815,0.0064754
-9.5265,0.022502,0.010476
-9.5474,-0.040485,0.0076639
-9.126,0.042072,0.0099021
-6.8771,-0.061584,0.011038
-2.2463,0.053331,0.005823
3.0827,-0.048538,0.018319
8.1758,0.015945,-0.0075803
11.643,1.6933,0.15573
11.809,2.2827,0.55116
10.426,1.8681,0.90024
9.0904,2.0216,1.2369
8.5419,1.9311,1.5665
9.2209,1.9777,1.864
9.0886,1.9907,2.1557
7.1093,2.0069,2.4236
3.3864,2.0617,2.6858
-1.532,2.0588,2.9313
-5.679,2.1217,3.1684
-7.8647,2.1017,3.3921
-7.7009,2.1245,3.5978
-6.0559,2.1482,3.7967
-4.2693,2.1679,3.9848
-2.4459,2.1753,4.1622
-0.72396,2.1624,4.3247
1.5406,2.1565,4.4726
4.617,2.1243,4.6057
6.6557,2.1024,4.722
6.2104,2.0852,4.825
3.401,2.0523,4.914
-0.78678,2.0273,4.9895
-5.0624,2.0046,5.0536
-8.0905,1.9677,5.1052
-9.1417,1.9294,5.1443
-8.4379,1.8866,5.1708
-6.8794,1.8409,5.1847
-5.2079,1.7853,5.1871
-3.3636,1.7378,5.1785
-1.3537,1.6993,5.16
0.96624,1.6507,5.132
3.8702,1.595,5.095
6.2773,1.5462,5.0491
7.2166,1.4922,4.995
7.0872,1.404,4.9323
5.7553,1.3495,4.8598
3.9933,1.3086,4.7793
3.202,1.2403,4.6913
2.8748,1.1866,4.5967
2.6426,1.1213,4.4964
2.1569,1.0469,4.3887
0.6039,0.97462,4.273
-1.4027,0.91392,4.1511
-2.6224,0.85198,4.0258
-2.9362,0.77493,3.8939
-2.6725,0.72461,3.7582
-1.915,0.64819,3.6212
-1.3017,0.54791,3.4735
-0.93897,0.49308,3.3195
-0.33992,0.42685,3.167
0.13797,0.32671,3.0074
0.37131,0.24811,2.841
0.44497,0.14952,2.6702
-0.11294,0.041544,2.4878
-1.2624,-0.039086,2.3005
-2.6595,-0.13791,2.1088
-4.0371,-0.22085,1.9135
-4.7004,-0.33924,1.7127
-4.2263,-0.41387,1.5073
-2.9358,-0.53448,1.3029
-1.3813,-0.64093,1.089
-0.088263,-0.71933,0.88201
0.61998,-0.87231,0.66189
0.98457,-0.85987,0.44981
1.185,-1.1387,0.22741
1.0728,-0.83717,0.0081325
0.84995,-0.030036,-0.037832
0.37654,-0.089769,-0.012927
-0.3216,-0.10719,-0.02507
-0.66188,-0.036724,-0.018918
-0.67086,-0.085803,-0.022461
-0.20231,-0.031637,-0.021587
0.78413,-0.066983,-0.021133
1.682,-0.035251,-0.023319
2.2339,-0.045362,-0.02149
2.3008,-0.042243,-0.023739
2.0282,-0.030647,-0.022708
1.6319,-0.041268,-0.023769
1.2048,-0.029459,-0.023915
1.136,-0.033489,-0.024107
1.2415,-0.031952,-0.024868
1.44,-0.032211,-0.025336
1.5369,-0.030025,-0.025617
1.1311,-0.035319,-0.02576
0.80732,-0.038134,-0.027327
0.48648,-0.032792,-0.028463
-0.11406,-0.031678,-0.02925
-0.72845,-0.031869,-0.030671
-1.3697,-0.026591,-0.03108
-1.8652,-0.030861,-0.031601
-2.0832,-0.023588,-0.032576
-1.9823,-0.028593,-0.032478
-1.6281,-0.024938,-0.033794
-1.0463,-0.019243,-0.033288
-0.36872,-0.03362,-0.034765
0.0059696,-0.007051,-0.034072
0.01831,-0.038588,-0.034799
-0.34628,-0.005034,-0.036081
-0.93149,-0.03335,-0.033847
-1.2987,-0.02418,-0.03817
-1.4647,-0.0018961,-0.03318
-1.4935,-0.061025,-0.039834
-1.0755,0.044434,-0.033592
-0.45472,-0.12099,-0.03883
0.15704,0.14348,-0.037431
0.71533,-0.45762,-0.035751
1.0549,-2.0755,-0.29894
1.5619,-2.0643,-0.70108
1.7549,-1.8805,-1.0341
1.6191,-2.028,-1.3769
1.5989,-1.9234,-1.6911
1.1457,-2.0203,-1.987
0.88547,-1.9832,-2.2698
1.0036,-2.0401,-2.533
1.0496,-2.0688,-2.791
1.216,-2.0987,-3.0322
1.3978,-2.137,-3.2671
1.4726,-2.1117,-3.4831
1.2127,-2.153,-3.6857
0.99055,-2.1731,-3.8809
0.83013,-2.1929,-4.0656
0.48199,-2.1882,-4.2385
0.39262,-2.1788,-4.3955
0.33504,-2.1639,-4.5387
0.22659,-2.1362,-4.6651
0.085245,-2.1243,-4.777
0.081131,-2.0985,-4.8766
0.26773,-2.0694,-4.9614
0.32643,-2.045,-5.0331
0.36383,-2.0161,-5.0935
0.17686,-1.9819,-5.1414
-0.028433,-1.9384,-5.1768
-0.23859,-1.894,-5.1995
-0.45098,-1.8465,-5.2096
-0.44724,-1.7983,-5.208
-0.35937,-1.7565,-5.196
-0.067322,-1.7103,-5.1746
0.14956,-1.6618,-5.1441
0.27259,-1.611,-5.1044
0.22884,-1.5581,-5.056
0.10095,-1.4985,-4.9989
0.064678,-1.433,-4.9328
-0.22961,-1.3724,-4.8578
-0.58971,-1.3077,-4.7743
-0.93075,-1.2516,-4.6844
-1.1465,-1.1902,-4.589
-1.2119,-1.1149,-4.4854
-1.1981,-1.0497,-4.3743
-0.96216,-0.98201,-4.2577
-0.57737,-0.91975,-4.1357
-0.29056,-0.84771,-4.0083
-0.30328,-0.77661,-3.8741
-0.26327,-0.72516,-3.7383
-0.30103,-0.62933,-3.598
-0.445,-0.53959,-3.4459
-0.35114,-0.49574,-3.292
-0.30328,-0.41329,-3.1379
-0.18736,-0.31729,-2.9745
0.038128,-0.24112,-2.8066
0.16975,-0.12204,-2.6313
0.1907,-0.025174,-2.4454
0.13909,0.063228,-2.2553
0.13348,0.1563,-2.06
0.058321,0.25458,-1.8627
-0.094994,0.36033,-1.6578
-0.25392,0.42921,-1.4542
-0.32347,0.58368,-1.2448
-0.24494,0.63516,-1.0328
-0.10285,0.77827,-0.82275
0.05346,0.8483,-0.5994
0.24866,0.93898,-0.39138
0.3571,1.1502,-0.15208
0.29353,0.41386,0.005778
0.25913,-0.055222,-0.0069167
0.070287,0.13747,-0.011547
-0.20792,0.021745,-0.0048846
-0.29991,0.054002,-0.010396
-0.37844,0.037334,-0.0049671
-0.32497,0.020827,-0.00863
-0.21017,0.040456,-0.0053083
-0.14286,0.00805,-0.0063318
0.096463,0.029708,-0.0055969
0.25314,0.0086349,-0.0044047
0.25053,0.018067,-0.0050346
0.28156,0.014746,-0.0036399
0.17985,0.010888,-0.0041198
0.020927,0.0085899,-0.0031637
-0.10546,0.0081588,-0.0028151
-0.27561,0.010611,-0.0022189
-0.35002,0.0021229,-0.0019603
-0.33618,0.010727,-0.0013416
-0.20493,0.010521,1.5554e-05
-0.061339,0.0069103,0.00097159
-0.062835,0.0073902,0.0020326
-0.038155,0.0066667,0.0031386
-0.02058,0.001643,0.0034685
-0.014223,0.0057744,0.0041321
0.011953,-0.00062517,0.0051182
0.050094,0.0010919,0.0052194
0.16863,0.0023066,0.0064154
0.32569,-0.0033545,0.0058005
0.52051,0.0093959,0.0074614
0.69776,-0.016836,0.006899
0.81031,0.013209,0.0073414
0.90118,-0.015884,0.0088223
0.86191,0.0074577,0.0065166
0.6282,0.0018979,0.011124
0.3298,-0.027258,0.005928
0.010457,0.041038,0.012054
-0.22438,-0.070274,0.007034
-0.32833,0.099428,0.010862
-0.35563,-0.1563,0.011488
-0.34179,0.37861,0.004702
-0.19371,2.0736,0.25328
0.17686,2.131,0.65319
0.28792,1.8794,0.9858
0.36271,2.0238,1.3268
0.58632,1.9113,1.6424
0.46255,2.0047,1.9376
0.35448,1.973,2.221
0.28755,2.022,2.4845
0.077766,2.0507,2.7424
0.017562,2.0621,2.9836
0.038128,2.0978,3.2159
-0.0015092,2.0881,3.4294
-0.025815,2.1338,3.6321
0.039624,2.146,3.8276
0.085618,2.1563,4.0112
0.067669,2.1484,4.1821
0.084497,2.1394,4.3368
0.15181,2.1198,4.4774
0.31372,2.0839,4.6012
0.5493,2.0684,4.7103
0.82938,2.0462,4.8062
1.1065,2.0156,4.8881
1.332,1.9889,4.958
1.523,1.9625,5.016
1.6161,1.9211,5.0614
1.535,1.8755,5.0938
1.2725,1.8341,5.1133
0.9539,1.7851,5.1209
0.56987,1.7378,5.1172
0.20117,1.6946,5.1034
-0.074053,1.6447,5.0801
-0.27299,1.5877,5.0472
-0.27112,1.5359,5.0057
-0.20082,1.4905,4.9561
-0.1208,1.4319,4.8972
-0.057974,1.3713,4.8291
-0.091628,1.3114,4.7535
-0.16529,1.2466,4.67
-0.35301,1.1952,4.579
-0.59906,1.1344,4.4829
-0.8395,1.0585,4.3798
-1.0534,0.98132,4.2678
-1.2213,0.91729,4.1486
-1.4157,0.86101,4.0254
-1.5406,0.78144,3.8966
-1.5803,0.72668,3.7628
-1.5866,0.66944,3.6282
-1.5406,0.5604,3.4849
-1.4834,0.48728,3.3319
-1.4109,0.43977,3.1797
-1.2303,0.3431,3.0232
-0.95692,0.26087,2.8584
-0.64992,0.17494,2.6901
-0.31113,0.054958,2.5114
0.050094,-0.028702,2.3252
0.37654,-0.1248,2.1347
0.59343,-0.20778,1.9408
0.65176,-0.32287,1.7426
0.56314,-0.40259,1.5383
0.50181,-0.50725,1.3362
0.40384,-0.63406,1.1239
0.31821,-0.68189,0.91707
0.29241,-0.85466,0.70067
0.23108,-0.84986,0.4854
0.36719,-1.09,0.27015
0.56389,-0.9683,0.038103
0.72954,-0.11022,-0.039317
0.90006,-0.04871,-0.011112
0.97522,-0.12827,-0.021392
0.96624,-0.024353,-0.017815
0.82452,-0.088007,-0.018685
0.60502,-0.029099,-0.019979
0.34887,-0.061209,-0.018303
0.15405,-0.041827,-0.021347
-0.010858,-0.036447,-0.01897
-0.21952,-0.043964,-0.021441
-0.37956,-0.032334,-0.020826
-0.53661,-0.04504,-0.021418
-0.64954,-0.030179,-0.021973
-0.72321,-0.035521,-0.021891
-0.82043,-0.031086,-0.022674
-0.92028,-0.031326,-0.022851
-0.9371,-0.028053,-0.023465
-0.87391,-0.026066,-0.023409
-0.81482,-0.033287,-0.024425
-0.62486,-0.029875,-0.025812
-0.40574,-0.02682,-0.026731
-0.19259,-0.032837,-0.027946
0.026162,-0.027914,-0.028962
0.10768,-0.021488,-0.028816
0.17237,-0.027536,-0.029835
0.20079,-0.018853,-0.030128
0.18509,-0.027772,-0.030458
0.15554,-0.016765,-0.031496
0.16228,-0.021803,-0.030814
0.23445,-0.022249,-0.032835
0.3642,-0.012779,-0.031417
0.56725,-0.038044,-0.033506
0.69925,0.0043723,-0.032685
0.81704,-0.045148,-0.03306
0.94979,0.0056657,-0.035084
0.94343,-0.033272,-0.031279
0.86491,-0.022058,-0.038492
0.75198,0.017464,-0.028632
0.54968,-0.10402,-0.042065
0.43749,0.17077,-0.02456
0.22846,-0.94276,-0.073506
0.10095,-2.2491,-0.40883
0.19107,-1.9263,-0.7929
0.020553,-1.9384,-1.1206
0.13573,-1.987,-1.4605
0.30699,-1.9353,-1.7633
0.12264,-2.0144,-2.0571
0.17237,-1.971,-2.3304
0.088236,-2.0513,-2.5914
-0.11855,-2.0586,-2.8441
-0.090506,-2.1027,-3.0822
-0.099855,-2.1031,-3.3098
-0.075549,-2.1067,-3.5178
0.072905,-2.1526,-3.7186
0.2049,-2.1577,-3.9097
0.24118,-2.1705,-4.0888
0.27745,-2.159,-4.2542
0.29802,-2.145,-4.404
0.25277,-2.1186,-4.538
0.23183,-2.1034,-4.6565
0.19107,-2.0884,-4.7631
0.26287,-2.0534,-4.8549
0.4259,-2.0276,-4.9326
0.64391,-2.0001,-4.9985
0.88211,-1.9681,-5.0522
1.0313,-1.9314,-5.094
1.1562,-1.8842,-5.1228
1.1674,-1.8391,-5.1387
1.0799,-1.7932,-5.1431
0.88435,-1.7443,-5.1368
0.66111,-1.6997,-5.1202
0.45694,-1.6517,-5.094
0.21687,-1.6,-5.0588
0.074026,-1.548,-5.0147
-0.04526,-1.4926,-4.9618
-0.13351,-1.4315,-4.9
-0.16941,-1.3699,-4.8293
-0.25616,-1.3088,-4.7502
-0.3848,-1.2518,-4.6642
-0.55718,-1.193,-4.5726
-0.71199,-1.1203,-4.4733
-0.82604,-1.0532,-4.3661
-0.94271,-0.98673,-4.2527
-1.0302,-0.92181,-4.1333
-1.0291,-0.85229,-4.0091
-1.0149,-0.77714,-3.8778
-0.98534,-0.72863,-3.7434
-0.93,-0.64757,-3.6069
-0.9285,-0.54376,-3.4588
-0.92551,-0.49484,-3.3058
-0.92925,-0.43045,-3.1539
-0.93561,-0.32664,-2.994
-0.94608,-0.252,-2.8282
-0.89447,-0.1474,-2.657
-0.74041,-0.040406,-2.4742
-0.55606,0.04903,-2.2861
-0.313,0.14186,-2.0928
-0.13052,0.2235,-1.8972
0.098332,0.34502,-1.6947
0.32756,0.40935,-1.4914
0.37879,0.55072,-1.2859
0.44423,0.62423,-1.0734
0.4259,0.7266,-0.86675
0.39487,0.85264,-0.64451
0.46143,0.87602,-0.43669
0.46404,1.1642,-0.20494
0.49097,0.62784,-0.010486
0.59118,-0.053782,0.0016015
0.66148,0.11166,-0.014546
0.70037,0.048423,-0.0034224
0.69738,0.03553,-0.010392
0.58333,0.054433,-0.0048771
0.46891,0.0056619,-0.007674
0.37168,0.044382,-0.0057694
0.21612,0.0066592,-0.0051508
0.1174,0.024028,-0.0059269
0.032519,0.010348,-0.0039248
-0.068444,0.011724,-0.0047721
-0.10172,0.014022,-0.0033212
-0.14398,0.0042898,-0.0036286
-0.22101,0.014536,-0.0028938
-0.27635,0.0068466,-0.0024964
-0.34553,0.0062843,-0.0018365
-0.44201,-0.0005202,-0.0014504
-0.47641,0.0035437,-0.0012217
-0.50483,0.0131,0.00033798
-0.49249,0.0078626,0.0011965
-0.38966,0.0091672,0.0020888
-0.26701,0.0086536,0.003641
-0.11818,-0.0028371,0.0041809
-0.0018831,0.0023478,0.0044846
0.080383,-0.00049021,0.0055381
0.11703,0.00060075,0.0055231
0.12563,0.0029626,0.0066628
0.11815,-0.0038906,0.0063329
0.099828,0.013175,0.0077688
0.13909,-0.012806,0.0075964
0.15854,0.012748,0.0076639
0.20827,-0.011089,0.0097409
0.29128,0.00087818,0.0067828
0.36158,0.011327,0.011623
0.48311,-0.029732,0.006869
0.50966,0.047838,0.011829
0.53098,-0.071875,0.0087474
0.50331,0.089111,0.009201
0.37168,-0.12353,0.015113
0.29689,0.23603,-0.0014991
0.16751,1.9619,0.21794
0.25053,2.1886,0.61887
0.26473,1.8692,0.95613
0.17125,2.0204,1.2966
0.39898,1.9065,1.6167
0.32643,2.0022,1.9128
0.2408,1.9768,2.1999
0.39487,2.0098,2.4649
0.29951,2.0561,2.7245
0.30138,2.0653,2.9673
0.34139,2.1101,3.2025
0.29802,2.0838,3.4196
0.33915,2.1284,3.6228
0.36832,2.1477,3.8197
0.40945,2.1577,4.0054
0.43675,2.1581,4.1793
0.45694,2.1399,4.3372
0.43787,2.128,4.4807
0.39187,2.1,4.6078
0.33317,2.0772,4.7199
0.30624,2.049,4.8184
0.31634,2.0123,4.9024
0.33429,1.991,4.9744
0.47751,1.9678,5.0349
0.60427,1.9265,5.0832
0.72692,1.8893,5.1189
0.79236,1.8419,5.1417
0.75759,1.7914,5.1516
0.68018,1.7474,5.1504
0.48461,1.699,5.1392
0.31185,1.6546,5.1175
0.053834,1.6011,5.0868
-0.18848,1.5549,5.0475
-0.31188,1.5023,4.9993
-0.4465,1.4328,4.9426
-0.46669,1.3789,4.8769
-0.47791,1.3206,4.8018
-0.47716,1.2552,4.7192
-0.45061,1.1921,4.6301
-0.48314,1.1272,4.5335
-0.49511,1.0624,4.4288
-0.54522,0.99583,4.3178
-0.61926,0.93311,4.2009
-0.67011,0.87124,4.0789
-0.71199,0.79287,3.9512
-0.76173,0.7309,3.8171
-0.79201,0.67811,3.6825
-0.77594,0.57787,3.5423
-0.78192,0.49432,3.3909
-0.77967,0.45046,3.2386
-0.80024,0.36782,3.0846
-0.79426,0.27568,2.9218
-0.74153,0.19867,2.7549
-0.68208,0.082805,2.5794
-0.55082,-0.0076621,2.394
-0.42518,-0.10084,2.2052
-0.22662,-0.18755,2.0109
-0.075549,-0.2828,1.814
0.071409,-0.39132,1.6095
0.26473,-0.4653,1.4069
0.24753,-0.61187,1.1975
0.30961,-0.65332,0.9872
0.30886,-0.80615,0.77708
0.14395,-0.86071,0.55547
0.1619,-0.97197,0.34826
0.14021,-1.1417,0.10909
0.11217,-0.36928,-0.03589
0.21238,0.02597,-0.018119
0.21687,-0.15607,-0.016537
0.25576,-0.036871,-0.02119
0.36757,-0.080374,-0.016428
0.36757,-0.049291,-0.021497
0.38253,-0.044162,-0.017654
0.39524,-0.055916,-0.021107
0.3212,-0.027903,-0.019521
0.27558,-0.051994,-0.02044
0.18845,-0.027071,-0.021385
0.059069,-0.039023,-0.0208
-0.025067,-0.035202,-0.022251
-0.06807,-0.03323,-0.021831
-0.12341,-0.034486,-0.022554
-0.19596,-0.030134,-0.022914
-0.18885,-0.029466,-0.023544
-0.22438,-0.025916,-0.023529
-0.21652,-0.031472,-0.024047
-0.12416,-0.031738,-0.025749
-0.10546,-0.026565,-0.026615
-0.046382,-0.030842,-0.027473
0.040746,-0.03139,-0.028864
0.12264,-0.02192,-0.028887
0.18696,-0.030512,-0.029847
0.22958,-0.021623,-0.030371
0.23071,-0.029463,-0.030353
0.19705,-0.022354,-0.031789
0.16901,-0.019235,-0.031133
0.086366,-0.027566,-0.032906
0.050842,-0.0091054,-0.03162
0.013074,-0.038486,-0.033393
-0.0018831,0.0015305,-0.033217
0.0026042,-0.0396,-0.03252
0.015692,-0.0029721,-0.035785
0.10805,-0.022752,-0.030911
0.10506,-0.037868,-0.038466
0.17985,0.029536,-0.029644
0.20191,-0.11767,-0.040457
0.19443,0.178,-0.028471
0.16639,-0.76832,-0.056702
0.12937,-2.2116,-0.36963
0.31821,-1.9661,-0.76186
0.1447,-1.9147,-1.09
0.21388,-2.0011,-1.4318
0.49732,-1.9251,-1.7384
0.35747,-2.0132,-2.0333
0.52051,-1.9681,-2.3102
0.52574,-2.0442,-2.5719
0.37131,-2.0539,-2.8264
0.4805,-2.0945,-3.0661
0.45843,-2.1088,-3.2966
0.47975,-2.0991,-3.5072
0.568,-2.1459,-3.709
0.63755,-2.1539,-3.902
0.65587,-2.1666,-4.0838
0.66373,-2.158,-4.252
0.67943,-2.149,-4.4048
0.62185,-2.1268,-4.543
0.59044,-2.0998,-4.6646
0.52687,-2.0849,-4.7731
0.5306,-2.0541,-4.8679
0.48386,-2.0226,-4.9484
0.47115,-1.9961,-5.0163
0.56463,-1.9651,-5.0721
0.53509,-1.929,-5.1163
0.53434,-1.8859,-5.1479
0.48237,-1.8394,-5.1669
0.39524,-1.7911,-5.1739
0.25314,-1.7446,-5.1691
0.089732,-1.7018,-5.1548
-0.040399,-1.6537,-5.1311
-0.22625,-1.6016,-5.0977
-0.30776,-1.5485,-5.0555
-0.40461,-1.4958,-5.005
-0.48202,-1.4375,-4.9455
-0.48688,-1.3725,-4.8765
-0.54185,-1.3106,-4.7991
-0.57962,-1.2515,-4.7142
-0.62636,-1.1956,-4.623
-0.6731,-1.1275,-4.5255
-0.69442,-1.0586,-4.4197
-0.71723,-0.99367,-4.3074
-0.74415,-0.92477,-4.1889
-0.73181,-0.85803,-4.0656
-0.71461,-0.78029,-3.9358
-0.70227,-0.72573,-3.8009
-0.6129,-0.66114,-3.665
-0.56653,-0.55566,-3.5194
-0.5598,-0.49326,-3.3661
-0.49137,-0.43985,-3.2142
-0.4435,-0.33937,-3.0563
-0.39938,-0.26215,-2.891
-0.32235,-0.16795,-2.7214
-0.24008,-0.052478,-2.5405
-0.1724,0.029836,-2.3528
-0.050121,0.13058,-2.1603
0.067295,0.20952,-1.9644
0.090106,0.32589,-1.7635
0.1963,0.39897,-1.5575
0.25426,0.51138,-1.3532
0.24118,0.62227,-1.1394
0.28493,0.68183,-0.93224
0.23931,0.85849,-0.71255
0.20266,0.8423,-0.49822
0.22248,1.1106,-0.27897
0.20416,0.89816,-0.050576
0.21089,0.040764,0.011248
0.27521,0.050571,-0.016005
0.26997,0.098045,-0.004071
0.25763,0.0075777,-0.0092111
0.25426,0.070737,-0.0065905
0.17574,0.010131,-0.0060881
0.16564,0.046159,-0.0071116
0.13236,0.017074,-0.004386
0.065426,0.019646,-0.0064892
0.022049,0.023638,-0.0039886
-0.071436,0.007184,-0.0049034
-0.12341,0.019031,-0.0036999
-0.14959,0.0075552,-0.0033137
-0.14735,0.011833,-0.0032987
-0.16006,0.0091447,-0.0023389
-0.15969,0.010757,-0.0020465
-0.10098,-0.00087261,-0.0014204
-0.11593,0.0018379,-0.0014391
-0.069192,0.013186,-5.568e-05
0.009709,0.0061493,0.0013015
0.040372,0.0093547,0.0018864
0.15068,0.007274,0.0033448
0.22248,-0.0043742,0.0041359
0.23931,0.003585,0.0043571
0.2696,0.0037574,0.005658
0.26586,0.0029739,0.0054481
0.23856,0.0057706,0.0065204
0.1907,-0.0090155,0.0064004
0.129,0.013906,0.0072065
0.12675,-0.0083856,0.0079975
0.10918,0.010011,0.0071352
0.054582,0.0015155,0.0099433
0.092349,-0.0082619,0.0068353
0.094967,0.02356,0.011038
0.093471,-0.035885,0.0077276
0.11105,0.049379,0.010367
0.090106,-0.0632,0.010978
0.081131,0.060173,0.0066591
0.010831,-0.057685,0.018439
-0.01011,0.052311,-0.0069054
-0.050869,1.7425,0.16469
0.041868,2.2597,0.56124
0.10693,1.8497,0.90818
-0.0089879,2.0137,1.2452
0.20528,1.9171,1.5724
0.23557,1.978,1.8694
0.11927,1.9825,2.1604
0.27633,1.9838,2.4274
0.26399,2.0441,2.6889
0.31634,2.0473,2.9343
0.49172,2.0988,3.1713
0.53322,2.0734,3.3926
0.59829,2.1083,3.5975
0.70673,2.131,3.7963
0.75871,2.143,3.984
0.75534,2.152,4.1609
0.76095,2.1236,4.3218
0.70336,2.1065,4.4684
0.66261,2.0818,4.5993
0.60838,2.0714,4.714
0.52612,2.0505,4.8165
0.52387,2.0044,4.9045
0.50106,1.9843,4.9789
0.57436,1.9623,5.0421
0.61212,1.9237,5.0933
0.60016,1.8846,5.1319
0.62745,1.831,5.1576
0.54444,1.7851,5.171
0.41057,1.742,5.1728
0.2165,1.6935,5.1635
0.029528,1.6489,5.1444
-0.15146,1.601,5.1163
-0.33768,1.5479,5.0789
-0.46257,1.4928,5.0328
-0.56803,1.4387,4.9779
-0.60617,1.375,4.9142
-0.62898,1.3145,4.8414
-0.65927,1.2579,4.7606
-0.68469,1.1973,4.6738
-0.73218,1.1343,4.5798
-0.73518,1.0598,4.4773
-0.74078,0.99378,4.3679
-0.75238,0.93236,4.2525
-0.71685,0.86837,4.1314
-0.66637,0.79311,4.005
-0.62486,0.72735,3.8719
-0.55905,0.68336,3.7374
-0.48127,0.59107,3.5991
-0.48052,0.49567,3.4491
-0.48127,0.44902,3.2957
-0.44724,0.37751,3.1425
-0.43976,0.28246,2.9812
-0.41322,0.20999,2.8144
-0.35002,0.10132,2.641
-0.28832,0.0016242,2.4565
-0.13837,-0.083055,2.2686
-0.020206,-0.18063,2.0751
0.039624,-0.26031,1.8789
0.20752,-0.37755,1.676
0.25688,-0.44573,1.4712
0.27894,-0.58549,1.2642
0.31783,-0.65423,1.0506
0.25426,-0.75888,0.84315
0.19556,-0.88107,0.62024
0.14208,-0.89563,0.41145
0.11553,-1.1786,0.17916
0.10768,-0.64758,-0.015592
0.15517,0.029281,-0.028287
0.1376,-0.13144,-0.012068
0.1088,-0.068808,-0.022963
0.14732,-0.053374,-0.015622
0.099828,-0.072797,-0.020736
0.066922,-0.027888,-0.018059
0.041868,-0.066938,-0.019926
0.019805,-0.031513,-0.020267
0.043737,-0.046813,-0.01933
0.020179,-0.035963,-0.021407
-0.024319,-0.035199,-0.020387
-0.035911,-0.038269,-0.021835
-0.037781,-0.033103,-0.021475
-0.08041,-0.033924,-0.021861
-0.081158,-0.029673,-0.022539
-0.080036,-0.033755,-0.023072
-0.14884,-0.025181,-0.023177
-0.10995,-0.030467,-0.023705
-0.050495,-0.034074,-0.025378
-0.014597,-0.029616,-0.026217
0.079261,-0.03124,-0.027218
0.1462,-0.026418,-0.028523
0.21799,-0.022872,-0.028763
0.30138,-0.029275,-0.029423
0.32083,-0.022939,-0.030124
0.29577,-0.020469,-0.030263
0.24753,-0.022028,-0.031399
0.19182,-0.041272,-0.030788
0.15106,-0.038618,-0.032767
0.098332,-0.0039543,-0.031804
0.041868,-0.038801,-0.032688
0.038128,0.00036831,-0.033592
0.014196,-0.033024,-0.031545
-0.0063704,-0.016097,-0.036044
0.020179,-0.0025822,-0.030904
-0.020206,-0.052227,-0.03775
0.035885,0.043613,-0.030893
0.017936,-0.12435,-0.03715
-0.037033,0.15514,-0.034244
-0.046756,-0.50788,-0.036378
-0.11668,-2.1001,-0.30783
0.073652,-2.0394,-0.70876
0.02504,-1.8751,-1.0402
0.085992,-2.0124,-1.3825
0.43002,-1.9122,-1.6957
0.35523,-2.0045,-1.9912
0.49433,-1.9627,-2.2727
0.59866,-2.0228,-2.5359
0.4431,-2.0477,-2.7935
0.51826,-2.0743,-3.0348
0.53547,-2.1013,-3.2682
0.55678,-2.083,-3.4823
0.63269,-2.1272,-3.6855
0.7101,-2.1389,-3.8809
0.77254,-2.1546,-4.065
0.76806,-2.1438,-4.2366
0.79087,-2.1305,-4.3925
0.73515,-2.1105,-4.5337
0.66074,-2.0814,-4.658
0.56762,-2.0731,-4.7694
0.52612,-2.0445,-4.8683
0.50518,-2.0106,-4.9519
0.48311,-1.9856,-5.0227
0.56688,-1.9557,-5.0822
0.58071,-1.9166,-5.1295
0.59268,-1.8738,-5.1637
0.54294,-1.8306,-5.1857
0.42964,-1.7804,-5.1953
0.28081,-1.7328,-5.1934
0.081879,-1.6896,-5.1815
-0.091628,-1.6415,-5.16
-0.31674,-1.5891,-5.1289
-0.45098,-1.5401,-5.0887
-0.52465,-1.4872,-5.0399
-0.58747,-1.4233,-4.982
-0.60692,-1.3654,-4.9151
-0.6215,-1.3049,-4.8397
-0.62748,-1.2405,-4.7562
-0.65927,-1.187,-4.6662
-0.64506,-1.1236,-4.5707
-0.66749,-1.0537,-4.4672
-0.68956,-0.98648,-4.3567
-0.67422,-0.9229,-4.2396
-0.66861,-0.86106,-4.1176
-0.6028,-0.78164,-3.9897
-0.56391,-0.723,-3.8555
-0.48464,-0.66775,-3.7206
-0.42817,-0.56489,-3.5778
-0.42742,-0.48778,-3.4246
-0.38741,-0.44288,-3.2723
-0.39975,-0.35278,-3.1161
-0.38218,-0.26478,-2.9513
-0.35039,-0.18505,-2.7831
-0.27822,-0.063882,-2.6044
-0.17801,0.022945,-2.4166
-0.096489,0.1153,-2.2254
0.028032,0.19794,-2.0292
0.080383,0.29795,-1.8306
0.22323,0.39284,-1.6247
0.30101,0.47416,-1.421
0.24529,0.61914,-1.2091
0.28381,0.65956,-0.99858
0.19817,0.82841,-0.78448
0.11666,0.84751,-0.56268
0.10506,1.0024,-0.35265
0.061686,1.0994,-0.11106
0.070287,0.25241,0.012969
0.12152,-0.030838,-0.011614
0.13386,0.13619,-0.0078764
0.11516,0.0069591,-0.0061218
0.16228,0.068608,-0.0091886
0.11553,0.022165,-0.0049558
0.085992,0.028122,-0.0083601
0.10731,0.033551,-0.0045097
0.038502,0.0098721,-0.0062943
0.034763,0.027871,-0.0045922
-0.0078661,0.0059356,-0.004371
-0.029928,0.020812,-0.004401
-0.0063704,0.011912,-0.003205
-0.01011,0.0097783,-0.0035686
-0.014223,0.010281,-0.0025451
-0.047877,0.0067754,-0.0022977
-0.040773,0.0060968,-0.0015928
-0.07854,0.0063967,-0.0018215
-0.0576,0.0070603,-0.0010867
0.0059696,0.0065017,0.00031924
0.011579,0.0048296,0.0010953
0.091228,0.0024715,0.0023175
0.16901,0.010341,0.0033261
0.23145,-0.001405,0.0039559
0.27932,0.0032326,0.0043608
0.28007,0.007109,0.0055118
0.2696,-0.0074821,0.0054031
0.22211,0.0087286,0.0063142
0.16452,-0.0042955,0.0067753
0.11591,0.010738,0.0068203
0.081505,-0.0023347,0.0081175
0.053834,-0.0020948,0.0067453
0.024667,0.0077914,0.0095647
0.031771,-0.016004,0.0072289
0.041868,0.028205,0.010187
0.07627,-0.037433,0.0091223
0.097584,0.039935,0.0089348
0.087862,-0.041403,0.012781
0.0658,0.020744,0.004642
-0.026189,0.0093997,0.019571
-0.02058,-0.10228,-0.0069167
-0.040773,1.4261,0.1098
0.011953,2.3013,0.48755
0.15966,1.8505,0.84615
0.089732,1.9606,1.175
0.23594,1.9226,1.507
0.35186,1.9242,1.8033
0.24978,1.9603,2.0941
0.38178,1.9478,2.3614
0.4102,2.0182,2.6216
0.39038,2.0143,2.8696
0.50293,2.0389,3.1021
0.52574,2.0304,3.3205
0.56949,2.0723,3.5262
0.65438,2.0874,3.7265
0.73889,2.0823,3.9124
0.73926,2.0819,4.085
0.69327,2.0562,4.2422
0.68018,2.0399,4.3833
0.59604,2.0142,4.5093
0.51079,1.9888,4.6206
0.44909,1.9556,4.7182
0.41581,1.9289,4.8022
0.38402,1.9055,4.8733
0.39487,1.8746,4.9331
0.44834,1.8347,4.9811
0.46068,1.7876,5.0152
0.47115,1.7473,5.0366
0.41169,1.6945,5.0462
0.29016,1.6466,5.0445
0.12264,1.6053,5.0326
-0.06994,1.5553,5.0114
-0.26476,1.5069,4.9806
-0.43752,1.4534,4.9408
-0.51007,1.4024,4.8927
-0.57326,1.3418,4.8352
-0.61065,1.2785,4.7685
-0.59121,1.2211,4.6931
-0.55905,1.1664,4.6109
-0.55456,1.1038,4.5225
-0.58373,1.0309,4.4257
-0.56728,0.97211,4.3212
-0.57663,0.90351,4.2106
-0.59757,0.83876,4.0939
-0.59158,0.77345,3.9721
-0.57663,0.70221,3.8434
-0.52764,0.65343,3.7114
-0.45846,0.57918,3.5772
-0.3919,0.48696,3.4322
-0.37021,0.42831,3.2816
-0.35825,0.36524,3.1315
-0.33581,0.26916,2.9741
-0.32459,0.19858,2.8102
-0.31674,0.10125,2.6411
-0.28421,-0.0061175,2.4607
-0.24195,-0.08605,2.2751
-0.15295,-0.18381,2.084
-0.062461,-0.25746,1.8901
0.0029781,-0.37209,1.6902
0.14956,-0.4407,1.487
0.17723,-0.56784,1.2833
0.18733,-0.65296,1.0709
0.23445,-0.73525,0.86549
0.10805,-0.8784,0.64483
0.077018,-0.8719,0.43558
0.083375,-1.159,0.20999
0.0085872,-0.75114,0.0011965
0.068043,0.0066592,-0.028471
0.10656,-0.10904,-0.0069317
0.07627,-0.084022,-0.019015
0.16003,-0.043184,-0.012001
0.16265,-0.080929,-0.016488
0.10805,-0.024394,-0.014752
0.17798,-0.066244,-0.01527
0.15405,-0.029129,-0.016601
0.12189,-0.044957,-0.015382
0.11965,-0.039135,-0.017617
0.044859,-0.031555,-0.016395
0.044111,-0.042918,-0.017853
0.039624,-0.029054,-0.017669
0.040372,-0.03091,-0.018007
0.027658,-0.028604,-0.018779
-0.013849,-0.027978,-0.019071
-0.0071182,-0.022017,-0.019491
-0.034042,-0.026415,-0.01975
-0.016093,-0.028968,-0.020721
0.022049,-0.026857,-0.021336
0.070661,-0.029058,-0.022528
0.12376,-0.026407,-0.023555
0.13348,-0.02493,-0.024332
0.19855,-0.024266,-0.024789
0.23519,-0.025635,-0.025359
0.22846,-0.017451,-0.026161
0.22958,-0.024341,-0.026037
0.18509,-0.025072,-0.027443
0.12413,-0.015404,-0.026825
0.071783,-0.031682,-0.028242
0.02504,-0.0062787,-0.028467
-0.037781,-0.033347,-0.028197
-0.056104,-0.010796,-0.030135
-0.038903,-0.022647,-0.027357
-0.043016,-0.028143,-0.031961
0.0048478,0.011518,-0.027372
-0.012353,-0.06813,-0.032358
0.022797,0.051467,-0.02943
0.032893,-0.10361,-0.029644
-0.019458,0.097839,-0.035662
0.034763,-0.24593,-0.018847
-0.056852,-1.9087,-0.23547
0.066548,-2.1243,-0.63601
0.12974,-1.8236,-0.9719
0.084123,-1.9966,-1.3084
0.41281,-1.8863,-1.6264
0.43263,-1.9625,-1.919
0.46666,-1.9395,-2.2024
0.64578,-1.972,-2.4642
0.50705,-2.0231,-2.7229
0.52013,-2.0149,-2.9646
0.57735,-2.0398,-3.1928
0.56987,-2.0387,-3.4059
0.65924,-2.0862,-3.6106
0.73104,-2.0869,-3.8071
0.78974,-2.0871,-3.9884
0.74338,-2.0804,-4.1564
0.68392,-2.0532,-4.3084
0.65887,-2.0313,-4.4439
0.57361,-2.0132,-4.5652
0.46853,-1.9939,-4.6741
0.41543,-1.9553,-4.768
0.38776,-1.9267,-4.8474
0.34513,-1.9016,-4.9151
0.37019,-1.864,-4.9708
0.37879,-1.8251,-5.0141
0.39187,-1.7823,-5.045
0.37467,-1.7339,-5.0633
0.28007,-1.6897,-5.0694
0.13909,-1.6439,-5.0651
-0.033668,-1.5958,-5.0512
-0.16193,-1.5516,-5.0272
-0.36086,-1.5,-4.9938
-0.47267,-1.4458,-4.9516
-0.50408,-1.3869,-4.9003
-0.57625,-1.3269,-4.8396
-0.57775,-1.2705,-4.7702
-0.58336,-1.206,-4.6926
-0.55008,-1.151,-4.6074
-0.55269,-1.0945,-4.517
-0.59458,-1.0261,-4.4192
-0.56952,-0.95871,-4.313
-0.56316,-0.89421,-4.2003
-0.55681,-0.83555,-4.0824
-0.51044,-0.75786,-3.9589
-0.46295,-0.69953,-3.8284
-0.42892,-0.65369,-3.6965
-0.33357,-0.5518,-3.5596
-0.27374,-0.47055,-3.4106
-0.27037,-0.43109,-3.2601
-0.22363,-0.34579,-3.1084
-0.21802,-0.2554,-2.9474
-0.22587,-0.18108,-2.7821
-0.2154,-0.064418,-2.6083
-0.18885,0.020939,-2.4243
-0.14735,0.11292,-2.236
-0.10135,0.19785,-2.042
0.020179,0.28511,-1.8461
0.087488,0.39236,-1.6421
0.12376,0.46023,-1.4396
0.21687,0.60809,-1.2309
0.2079,0.65033,-1.0203
0.1907,0.80034,-0.81056
0.1346,0.8604,-0.58848
0.055703,0.95177,-0.38115
0.064678,1.139,-0.14139
0.054582,0.37551,0.009141
0.089358,-0.056654,-0.0071191
0.098706,0.13393,-0.0098523
0.12787,0.013764,-0.0043522
0.14732,0.057428,-0.0094024
0.095715,0.032988,-0.0039061
0.12077,0.019515,-0.0076252
0.093471,0.038533,-0.0040298
0.087488,0.0060631,-0.0054282
0.073278,0.029952,-0.0045959
0.03065,0.010296,-0.00328
0.07627,0.017501,-0.0039248
0.048599,0.0089348,-0.0024102
0.052712,0.0072927,-0.0028301
0.083375,0.010224,-0.0021627
0.065426,0.007229,-0.0016228
0.056077,0.0067941,-0.00098547
0.042242,-0.0015062,-0.00090674
0.047851,0.00811,-0.0004156
0.023919,0.0061305,0.00079163
0.074026,0.0031688,0.0017027
0.12002,0.0082825,0.0027524
0.12077,0.0040011,0.0038734
0.17349,-0.00089885,0.0046608
0.18621,0.0035062,0.0049832
0.20977,0.0056057,0.0060517
0.20229,-0.0013637,0.005898
0.15779,0.0094334,0.0066778
0.12413,-0.0049028,0.0075926
0.063556,0.0057481,0.0069965
0.022423,-0.002106,0.0088786
0.019057,-0.013413,0.0074576
-0.017589,0.013659,0.0097334
-0.020206,-0.024109,0.0082037
0.0089611,0.021561,0.0097596
0.0022302,-0.0335,0.010761
0.028032,0.020246,0.0076676
0.0067175,-0.010346,0.014322
-0.0041267,-0.020724,0.0047358
-0.032172,0.060195,0.01902
-0.034416,-0.18156,-0.0023089
-0.048999,1.0954,0.066976
-0.048999,2.3043,0.41714
0.15181,1.9032,0.79146
0.10731,1.9256,1.1175
0.17686,1.9332,1.4549
0.39561,1.8906,1.7552
0.27446,1.9621,2.0483
0.38028,1.92,2.3199
0.46666,1.9984,2.581
0.37019,1.9911,2.8327
0.49359,2.0151,3.0682
0.57211,2.0198,3.2906
0.61474,2.0392,3.4981
0.6914,2.0736,3.7007
0.7602,2.0661,3.8906
0.77441,2.0709,4.0672
0.70374,2.0445,4.229
0.65961,2.0162,4.3742
0.59156,1.997,4.5039
0.4891,1.969,4.6191
0.40907,1.9428,4.7209
0.36084,1.9138,4.8081
0.29989,1.8874,4.8827
0.33017,1.8539,4.9454
0.39711,1.8133,4.996
0.40496,1.7715,5.0341
0.43936,1.722,5.0592
0.36308,1.6822,5.0723
0.22734,1.623,5.0733
0.091228,1.5791,5.0639
-0.072557,1.5461,5.0459
-0.25167,1.4884,5.0179
-0.41322,1.4459,4.9808
-0.47417,1.3899,4.9355
-0.5497,1.3271,4.8808
-0.58448,1.2681,4.8166
-0.57887,1.2073,4.7434
-0.5785,1.1549,4.6628
-0.53101,1.0943,4.5764
-0.55531,1.0277,4.4822
-0.56765,0.96204,4.3792
-0.55606,0.90377,4.2701
-0.55718,0.84182,4.1551
-0.51418,0.7721,4.0347
-0.4708,0.70479,3.9077
-0.39639,0.64661,3.7757
-0.34404,0.58315,3.6428
-0.30253,0.49369,3.501
-0.25691,0.42398,3.3503
-0.26476,0.37618,3.2006
-0.27,0.28405,3.046
-0.28645,0.19953,2.8829
-0.28757,0.12057,2.7158
-0.28047,0.0074914,2.5378
-0.26775,-0.071309,2.3521
-0.19259,-0.16879,2.1624
-0.12453,-0.24398,1.9683
0.0014823,-0.34269,1.7706
0.10656,-0.43358,1.5659
0.14956,-0.5244,1.3633
0.23744,-0.65118,1.1512
0.22098,-0.69424,0.94337
0.15554,-0.86305,0.72782
0.084497,-0.86032,0.50986
0.032893,-1.0702,0.29712
0.031771,-1.0344,0.05968
0.046729,-0.16537,-0.035916
0.091601,-0.025035,-0.0079964
0.057573,-0.1413,-0.016308
0.095341,-0.025106,-0.014333
0.089732,-0.092495,-0.013864
0.033641,-0.032424,-0.016503
0.11366,-0.055319,-0.013733
0.080009,-0.045006,-0.017186
0.073278,-0.033433,-0.014906
0.079635,-0.048358,-0.017009
0.021675,-0.02836,-0.016619
0.075896,-0.041651,-0.016949
0.084497,-0.030137,-0.017883
0.095715,-0.030812,-0.017598
0.1376,-0.029369,-0.018475
0.11254,-0.03145,-0.018861
0.051964,-0.027348,-0.019334
0.013822,-0.027978,-0.019278
-0.0071182,-0.034183,-0.020346
-0.05573,-0.025672,-0.021178
0.0127,-0.028619,-0.021891
0.050842,-0.026167,-0.023162
0.040372,-0.022988,-0.024182
0.12114,-0.021488,-0.024583
0.14059,-0.024,-0.025081
0.1705,-0.021717,-0.026251
0.18995,-0.017203,-0.025816
0.14694,-0.025759,-0.027083
0.12376,-0.014564,-0.026982
0.057199,-0.029028,-0.02756
-0.0037528,-0.0092104,-0.028718
-0.020206,-0.024758,-0.02756
-0.054608,-0.018635,-0.030203
-0.028059,-0.0084644,-0.027432
-0.026189,-0.037613,-0.031305
-0.042268,0.018551,-0.028302
-0.035538,-0.068246,-0.030491
-0.041521,0.041952,-0.031556
-0.022076,-0.073124,-0.026656
-0.032172,0.024647,-0.039051
-0.0037528,-0.041763,-0.012765
-0.08228,-1.6604,-0.17471
0.047103,-2.2066,-0.56888
0.18434,-1.811,-0.91702
0.081505,-1.983,-1.2504
0.43039,-1.8953,-1.5764
0.54257,-1.9378,-1.8705
0.51153,-1.9424,-2.1588
0.74562,-1.9451,-2.4231
0.59081,-2.014,-2.6832
0.5407,-2.0029,-2.9291
0.60053,-2.0319,-3.1607
0.54594,-2.0228,-3.3775
0.5938,-2.0651,-3.5835
0.63157,-2.0769,-3.7826
0.70187,-2.0711,-3.9679
0.68878,-2.0661,-4.1398
0.65662,-2.0411,-4.2955
0.60614,-2.0207,-4.4358
0.52013,-1.9974,-4.5605
0.45694,-1.9832,-4.6725
0.39038,-1.9517,-4.771
0.36981,-1.9158,-4.8544
0.30662,-1.8895,-4.9254
0.36495,-1.8549,-4.9843
0.40384,-1.8167,-5.0311
0.37692,-1.7773,-5.0653
0.38402,-1.7265,-5.0867
0.27745,-1.679,-5.0958
0.15442,-1.6371,-5.094
-0.0071182,-1.5868,-5.0823
-0.16754,-1.5409,-5.0609
-0.31637,-1.4947,-5.0301
-0.43565,-1.441,-4.9902
-0.48987,-1.3858,-4.9414
-0.51007,-1.3249,-4.883
-0.49099,-1.2642,-4.8157
-0.50034,-1.2011,-4.74
-0.46444,-1.1492,-4.6562
-0.46557,-1.1016,-4.5672
-0.49586,-1.0279,-4.4718
-0.47828,-0.9566,-4.3675
-0.49324,-0.89679,-4.2563
-0.49959,-0.83815,-4.1399
-0.47417,-0.76969,-4.0185
-0.43266,-0.69757,-3.8892
-0.41471,-0.65073,-3.7569
-0.35675,-0.57371,-3.6221
-0.2857,-0.47695,-3.4754
-0.2857,-0.43163,-3.3241
-0.26027,-0.36679,-3.1737
-0.23522,-0.26618,-3.0148
-0.23522,-0.19675,-2.8498
-0.2255,-0.089803,-2.679
-0.18997,0.010873,-2.4958
-0.13314,0.090959,-2.3081
-0.065079,0.18739,-2.1149
0.027284,0.26046,-1.9187
0.089732,0.37978,-1.7168
0.15368,0.43766,-1.5123
0.16564,0.56903,-1.3066
0.14732,0.65313,-1.0928
0.16602,0.73979,-0.88547
0.088984,0.87455,-0.66301
0.044859,0.87288,-0.45284
0.038128,1.1656,-0.22307
-0.0030049,0.6993,-0.017778
0.054956,-0.045505,0.0054256
0.10132,0.096939,-0.014422
0.11516,0.059944,-0.0021627
0.15218,0.025753,-0.0093761
0.13236,0.057901,-0.004401
0.10656,0.0060481,-0.0063093
0.10656,0.042305,-0.0054132
0.08861,0.0075252,-0.0041123
0.078888,0.023264,-0.0050571
0.075522,0.013801,-0.0029125
0.038128,0.012294,-0.0040111
0.047851,0.01608,-0.0025414
0.071035,0.0066779,-0.0026988
0.043363,0.0059431,-0.0021665
0.047477,0.00096816,-0.0014766
0.05159,0.007364,-0.0010792
0.015692,0.00012838,-0.00074553
-0.016841,0.0025015,-0.00060681
0.011579,0.0063667,0.0004767
0.045607,0.007409,0.0015452
0.078514,0.0052645,0.0028612
0.13722,0.0048071,0.0038922
0.15068,0.0017554,0.004717
0.20079,-0.00024277,0.0048782
0.22884,0.0077051,0.005898
0.17574,-0.0083294,0.0061867
0.16714,0.0052833,0.0064004
0.12526,0.0015305,0.0078288
0.047851,-0.0037069,0.007004
0.00036053,0.0082262,0.0091673
-0.033294,-0.010819,0.0079488
-0.037407,0.018229,0.0092647
-0.016841,-0.021278,0.0096059
-0.0018831,0.018367,0.0087774
0.017562,-0.014118,0.0122
0.039624,-0.0032157,0.0072702
-0.0093619,0.015436,0.014604
-0.0037528,-0.062461,0.0061567
-0.012727,0.095638,0.015908
-0.026189,-0.19996,0.0061192
-0.0052485,0.69664,0.027763
-0.041521,2.2189,0.32869
0.13573,1.9978,0.72007
0.17237,1.8727,1.0465
0.19481,1.9623,1.3871
0.40833,1.8666,1.695
0.29802,1.9559,1.9895
0.34139,1.9158,2.2674
0.45731,1.9704,2.5297
0.36458,1.9808,2.786
0.46292,1.9973,3.0245
0.53883,2.0053,3.251
0.56164,2.0154,3.4611
0.62633,2.0567,3.6656
0.68803,2.0551,3.8596
0.74188,2.0523,4.0395
0.69514,2.0267,4.2057
0.64989,2.0107,4.3553
0.57847,1.9843,4.4895
0.4603,1.9642,4.6081
0.37916,1.94,4.7132
0.34214,1.9011,4.8048
0.29802,1.8735,4.8824
0.30026,1.8397,4.9486
0.36532,1.816,5.0034
0.37392,1.7695,5.0449
0.39038,1.7129,5.073
0.35859,1.6777,5.0889
0.25501,1.6231,5.0935
0.11815,1.5793,5.0871
-0.053113,1.5374,5.0709
-0.20979,1.478,5.0458
-0.36872,1.433,5.0112
-0.44837,1.3807,4.9678
-0.51493,1.3247,4.9156
-0.54447,1.2697,4.854
-0.51156,1.2049,4.7828
-0.52315,1.1488,4.7037
-0.49324,1.095,4.6191
-0.50558,1.0308,4.5267
-0.53175,0.96408,4.4257
-0.51717,0.89963,4.3185
-0.54596,0.83533,4.2048
-0.52951,0.7705,4.0854
-0.46631,0.69795,3.96
-0.39901,0.64549,3.8283
-0.34291,0.59861,3.6959
-0.29617,0.50217,3.557
-0.26626,0.42592,3.4071
-0.26401,0.38569,3.2566
-0.27224,0.29955,3.1039
-0.27411,0.21264,2.9418
-0.28458,0.14161,2.7758
-0.31599,0.023252,2.6011
-0.26663,-0.06356,2.4157
-0.20344,-0.14543,2.2272
-0.12865,-0.23364,2.0333
-0.010858,-0.32753,1.8366
0.047477,-0.4265,1.6322
0.10581,-0.48854,1.429
0.11217,-0.63524,1.2198
0.14919,-0.67917,1.0084
0.13348,-0.8214,0.79807
0.013448,-0.88253,0.57498
0.039624,-0.96657,0.36759
0.003726,-1.1662,0.12776
-0.012353,-0.42546,-0.028606
0.07814,0.03183,-0.01503
0.07814,-0.15486,-0.010831
0.10619,-0.040616,-0.016934
0.13236,-0.078098,-0.011513
0.10469,-0.054191,-0.016852
0.08861,-0.041354,-0.01308
0.07627,-0.060069,-0.016301
0.060565,-0.027922,-0.015131
0.086366,-0.052815,-0.015772
0.093471,-0.027764,-0.016616
0.080757,-0.042438,-0.016072
0.12114,-0.035746,-0.017613
0.12226,-0.03254,-0.017021
0.10918,-0.038516,-0.017755
0.10319,-0.028353,-0.018175
0.0744,-0.029583,-0.018599
0.026536,-0.027397,-0.018682
-0.0045007,-0.030718,-0.019458
0.003726,-0.026085,-0.020432
0.0026042,-0.027067,-0.021433
0.044111,-0.026943,-0.022704
0.094967,-0.029444,-0.023582
0.12002,-0.028255,-0.024298
0.1548,-0.02093,-0.024437
0.1619,-0.023989,-0.025588
0.14134,-0.018759,-0.025531
0.12264,-0.024986,-0.026349
0.087114,-0.01459,-0.026813
0.031023,-0.028687,-0.026604
0.0055957,-0.020184,-0.028489
-0.02058,-0.016701,-0.027031
-0.043016,-0.028248,-0.029802
-0.019832,-0.003167,-0.027556
-0.014597,-0.049658,-0.029622
0.01831,0.017621,-0.029423
0.009709,-0.050839,-0.027815
-0.0045007,0.0075439,-0.033401
0.01457,-0.021455,-0.024125
-0.08041,-0.056583,-0.039354
-0.026189,0.12491,-0.014445
-0.070314,-1.2646,-0.10764
-0.072931,-2.2616,-0.47529
0.13685,-1.8413,-0.84315
0.074774,-1.9412,-1.1711
0.32793,-1.9211,-1.5058
0.51116,-1.9048,-1.8035
0.43675,-1.9524,-2.0952
0.68355,-1.919,-2.3643
0.59268,-1.9985,-2.6254
0.49359,-1.9891,-2.876
0.60726,-2.014,-3.111
0.55566,-2.0095,-3.3321
0.60726,-2.0389,-3.5393
0.65812,-2.0639,-3.7414
0.69626,-2.0546,-3.9302
0.69289,-2.056,-4.1057
0.63157,-2.0343,-4.2665
0.59829,-2.0084,-4.4109
0.51565,-1.9843,-4.5394
0.42815,-1.9693,-4.6545
0.34438,-1.9375,-4.7569
0.29727,-1.9036,-4.8439
0.2681,-1.8752,-4.9177
0.34102,-1.8457,-4.9796
0.41281,-1.8093,-5.03
0.4016,-1.7638,-5.0678
0.38365,-1.7203,-5.0925
0.30624,-1.6738,-5.1049
0.20677,-1.6309,-5.1065
0.027658,-1.5847,-5.0979
-0.12827,-1.5361,-5.0795
-0.25392,-1.4889,-5.0515
-0.38255,-1.4365,-5.014
-0.46257,-1.3804,-4.9677
-0.53325,-1.3225,-4.9123
-0.50857,-1.2672,-4.8479
-0.48613,-1.2019,-4.7747
-0.47903,-1.1406,-4.6929
-0.44874,-1.0936,-4.6053
-0.48127,-1.0288,-4.5116
-0.49099,-0.95923,-4.4096
-0.48314,-0.89549,-4.2999
-0.48651,-0.83476,-4.1842
-0.44911,-0.77245,-4.064
-0.40648,-0.69622,-3.9366
-0.36946,-0.64542,-3.8048
-0.30477,-0.5819,-3.6718
-0.25953,-0.48217,-3.5279
-0.27411,-0.42372,-3.3764
-0.28196,-0.37499,-3.2262
-0.27935,-0.27994,-3.0699
-0.2771,-0.20215,-2.9056
-0.24793,-0.11464,-2.737
-0.2513,-0.00086136,-2.5569
-0.22512,0.073272,-2.3698
-0.12902,0.17075,-2.178
-0.033294,0.24887,-1.9817
0.045607,0.35612,-1.7814
0.11441,0.42838,-1.5751
0.17761,0.52865,-1.3712
0.14545,0.65096,-1.1572
0.15143,0.69098,-0.94907
0.1275,0.86657,-0.73089
0.01644,0.85055,-0.51379
0.055703,1.0875,-0.29671
0.013074,0.95809,-0.062835
-0.0071182,0.079952,0.013947
0.089732,0.025813,-0.014396
0.087114,0.10576,-0.0034787
0.12039,-0.00021653,-0.007389
0.13311,0.069886,-0.0062718
0.10394,0.011237,-0.0048509
0.088236,0.040831,-0.006448
0.11479,0.020549,-0.0031637
0.11142,0.018296,-0.005582
0.080383,0.020441,-0.0031937
0.096463,0.0045747,-0.0038086
0.076644,0.020819,-0.0028713
0.11254,0.0045372,-0.0020765
0.10058,0.010011,-0.0023052
0.085245,0.0092647,-0.0013341
0.094219,0.0085487,-0.0010155
0.02691,0.00040206,-0.00061806
0.011205,0.0011069,-0.00036686
-0.033294,0.010487,0.00054794
-0.023572,0.0018829,0.00085537
0.038128,0.0032513,0.0011665
0.058321,0.0035662,0.0018002
0.11815,-0.0039468,0.0019464
0.15854,-0.00028776,0.0019314
0.18583,0.002584,0.0021263
0.17985,-0.0041305,0.0021751
0.13535,-0.0068635,0.0019951
0.10058,-0.0028146,0.0020214
0.058321,-0.0017124,0.0021676
0.0127,-0.0065261,0.0021713
-0.020954,-0.0098365,0.0021413
-0.043764,-0.0082919,0.0022088
-0.046756,-0.0085318,0.0021526
-0.015345,-0.0076546,0.0021563
-0.0030049,-0.0037968,0.0021188
0.0022302,-0.0057388,0.0021226
