0,0.025788,-0.0057351,1.1805e-05
7.8125e-05,0.037754,-0.0074296,2.6801e-05
0.00015625,0.025788,-0.0069235,0.00020301
0.00023437,0.02691,0.0034912,0.0006904
0.0003125,0.033641,-0.0013112,0.0010316
0.00039063,0.031023,-0.00062892,0.001234
0.00046875,0.024293,6.4644e-05,0.0016239
0.00054688,0.035885,-0.0042055,0.0018264
0.000625,0.038128,0.008035,0.0024075
0.00070312,0.029154,-0.0095141,0.0020064
0.00078125,0.026536,0.0013431,0.0021826
0.00085938,0.028032,-0.005034,0.0027937
0.0009375,0.020179,-0.00045647,0.0023775
0.0010156,0.016814,0.0061943,0.0032811
0.0010938,0.025414,-0.015486,0.0019876
0.0011719,0.014196,0.023698,0.0034198
0.00125,0.034015,-0.035221,0.0024375
0.0013281,0.042989,0.03171,0.0030036
0.0014062,0.031771,-0.030186,0.0034835
0.0014844,0.041494,0.0099545,0.0015602
0.0015625,0.023919,0.011135,0.0054406
0.0016406,0.037006,-0.063384,-0.00095923
0.0017188,0.042989,0.12789,0.0078851
0.0017969,0.023919,-0.29314,-0.0058107
0.001875,0.017562,1.2918,0.034917
0.0019531,0.064678,3.3574,0.24389
0.0020313,0.16788,2.8791,0.46156
0.0021094,0.18209,2.8129,0.64493
0.0021875,0.28044,2.934,0.82467
0.0022656,0.33466,2.8892,0.96878
0.0023437,0.27109,2.9472,1.0998
0.0024219,0.36869,2.7376,1.2115
0.0025,0.30362,2.7619,1.3084
0.0025781,0.215,2.6791,1.3915
0.0026563,0.25239,2.656,1.4616
0.0027344,0.12152,2.5818,1.5207
0.0028125,0.051964,2.4847,1.5646
0.0028906,0.042242,2.4184,1.5997
0.0029688,-0.0067443,2.2851,1.6249
0.0030469,-0.037407,2.2124,1.6393
0.003125,-0.074053,2.0995,1.6435
0.0032031,-0.11706,2.0162,1.6424
0.0032812,-0.1466,1.9177,1.6315
0.0033594,-0.13314,1.8093,1.6071
0.0034375,-0.12753,1.735,1.5795
0.0035156,-0.12491,1.619,1.5462
0.0035938,-0.138,1.4947,1.5015
0.0036719,-0.10397,1.365,1.4496
0.00375,-0.042642,1.247,1.3927
0.0038281,-0.058722,1.1207,1.3298
0.0039063,-0.07181,0.99564,1.2596
0.0039844,-0.088263,0.8648,1.1841
0.0040625,-0.13613,0.70533,1.1003
0.0041406,-0.20007,0.59108,1.0122
0.0042188,-0.224,0.44661,0.9204
0.0042969,-0.26925,0.32656,0.82537
0.004375,-0.3474,0.14688,0.72561
0.0044531,-0.29318,-0.01696,0.61567
0.0045312,-0.26626,-0.18155,0.50254
0.0046094,-0.25354,-0.38121,0.37617
0.0046875,-0.13351,-0.46539,0.25539
0.0047656,-0.063209,-0.80194,0.12028
0.0048437,0.021301,-0.53617,0.0033073
0.0049219,0.1174,0.049188,-0.0061218
0.005,0.13984,-0.061104,0.0050957
0.0050781,0.16265,-0.044331,-0.0012029
0.0051563,0.18247,-0.017927,0.0033748
0.0052344,0.15891,-0.050787,0.00040922
0.0053125,0.12974,-0.0021848,0.0021001
0.0053906,0.10955,-0.039844,0.001459
0.0054688,0.060939,-0.014691,0.0010616
0.0055469,0.069913,-0.023929,0.0016727
0.005625,0.099828,-0.017372,0.00061917
0.0057031,0.084871,-0.014564,0.0015527
0.0057812,0.11179,-0.020937,0.00059293
0.0058594,0.1088,-0.01245,0.0007054
0.0059375,0.11292,-0.01868,0.0004842
0.0060156,0.14881,-0.011936,0.00033048
0.0060938,0.12563,-0.019018,0.00011303
0.0061719,0.14395,-0.019674,-0.00029938
0.00625,0.16489,-0.014695,-0.00023189
0.0063281,0.11105,-0.01594,-0.00053557
0.0064063,0.090854,-0.014335,-0.00051308
0.0064844,0.072905,-0.016217,-0.00072678
0.0065625,0.023919,-0.012742,-0.0011167
0.0066406,0.016066,-0.011692,-0.0012067
0.0067187,0.003726,-0.011385,-0.0010942
0.0067969,-0.068818,-0.012596,-0.00098547
0.006875,-0.12827,-0.018111,-0.0010979
0.0069531,-0.13575,-0.011902,-0.0011804
0.0070313,-0.17128,-0.016975,-0.0012029
0.0071094,-0.19558,-0.015096,-0.0011167
0.0071875,-0.14548,-0.0063274,-0.0010755
0.0072656,-0.10733,-0.015378,-0.0010642
0.0073438,-0.08415,-0.011715,-0.0010117
0.0074219,-0.054608,-0.014939,-0.0011167
0.0075,-0.028433,-0.019603,-0.0010792
0.0075781,0.013822,-0.012277,-0.00097048
0.0076562,0.021301,-0.009649,-0.00084675
0.0077344,0.023919,-0.0056638,-0.00076427
0.0078125,0.040746,-0.0095328,-0.00077927
0.0078906,0.024667,-0.0086743,-0.00078677
0.0079688,0.0067175,-0.0077895,-0.00089924
0.0080469,0.011205,-0.012363,-0.00089549
0.008125,0.026162,-0.015666,-0.00094048
0.0082031,0.034389,-0.015876,-0.00092924
0.0082813,0.07814,-0.01017,-0.00079802
0.0083594,0.12451,-0.016075,-0.00070054
0.0084375,0.1447,-0.01405,-0.00060306
0.0085156,0.18957,-0.011254,-0.0010455
0.0085938,0.18696,-0.017571,-0.0016716
0.0086719,0.15891,-0.010178,-0.001964
0.00875,0.15966,-0.013293,-0.0025676
0.0088281,0.11516,-0.0148,-0.0028338
0.0089063,0.083001,-0.012491,-0.0029388
0.0089844,0.087862,-0.011681,-0.0035911
0.0090625,0.054582,-0.013094,-0.0032537
0.0091406,0.024667,-0.018223,-0.0039923
0.0092187,0.016814,-0.004108,-0.0035049
0.0092969,0.0022302,-0.023667,-0.0039323
0.009375,-0.014597,8.4092e-06,-0.0045097
0.0094531,-0.015345,-0.021099,-0.0034749
0.0095312,-0.02245,-0.023247,-0.0054207
0.0096094,-0.057226,-0.0037518,-0.0028638
0.0096875,-0.064331,-0.034134,-0.0055857
0.0097656,-0.068444,0.021202,-0.0030888
0.0098438,-0.085645,-0.065629,-0.0045997
0.0099219,-0.051243,0.043628,-0.0051995
0.01,-0.038903,-0.070844,-0.0012104
0.010078,-0.029555,0.032666,-0.010021
0.010156,-0.019832,-0.036402,0.0089986
0.010234,-0.062461,-1.7039,-0.10921
0.010313,-0.0041267,-2.3306,-0.38502
0.010391,0.036633,-2.0271,-0.6111
0.010469,0.04112,-2.242,-0.81687
0.010547,0.1376,-2.1726,-1.0084
0.010625,0.16714,-2.2469,-1.1695
0.010703,0.22248,-2.2529,-1.3165
0.010781,0.29689,-2.2426,-1.4349
0.010859,0.28755,-2.2821,-1.5411
0.010938,0.3298,-2.2504,-1.6288
0.011016,0.35149,-2.2745,-1.7032
0.011094,0.31484,-2.2321,-1.7637
0.011172,0.30026,-2.2099,-1.8089
0.01125,0.29802,-2.1619,-1.8425
0.011328,0.25426,-2.1146,-1.8646
0.011406,0.17985,-2.0524,-1.8761
0.011484,0.16003,-1.989,-1.8749
0.011562,0.11179,-1.9263,-1.8678
0.011641,0.02504,-1.818,-1.8492
0.011719,-0.044138,-1.7535,-1.8195
0.011797,-0.083028,-1.686,-1.7868
0.011875,-0.072183,-1.5741,-1.7442
0.011953,-0.094994,-1.4712,-1.6915
0.012031,-0.1092,-1.3687,-1.6325
0.012109,-0.089011,-1.2536,-1.5653
0.012188,-0.063957,-1.1371,-1.4925
0.012266,-0.073679,-1.014,-1.4137
0.012344,-0.11668,-0.88774,-1.3293
0.012422,-0.15146,-0.7395,-1.2378
0.0125,-0.21204,-0.62861,-1.1411
0.012578,-0.24719,-0.48829,-1.0435
0.012656,-0.30515,-0.33549,-0.9389
0.012734,-0.32721,-0.17917,-0.83055
0.012813,-0.32497,0.014645,-0.71076
0.012891,-0.3489,0.13181,-0.5881
0.012969,-0.28682,0.36249,-0.45725
0.013047,-0.22924,0.43908,-0.32356
0.013125,-0.17614,0.68471,-0.19268
0.013203,-0.11743,0.79606,-0.045462
0.013281,-0.061713,0.11467,0.012665
0.013359,-0.026937,-0.041512,-0.006313
0.013437,0.0055957,0.079746,-0.0014954
0.013516,0.085618,-0.012727,-0.003055
0.013594,0.084123,0.039384,-0.0032912
0.013672,0.10282,-0.0059075,-0.0018703
0.01375,0.15816,0.01848,-0.0036211
0.013828,0.14507,0.013085,-0.0012479
0.013906,0.16452,-0.00048646,-0.0030138
0.013984,0.1907,0.01163,-0.001829
0.014063,0.17723,-0.0011425,-0.0020502
0.014141,0.18658,0.011638,-0.0018553
0.014219,0.18022,-0.0013225,-0.0014129
0.014297,0.14358,-0.00073389,-0.0016378
0.014375,0.15928,-0.0014537,-0.0011092
0.014453,0.17349,0.0040723,-0.0012629
0.014531,0.18135,-0.0015812,-0.00084301
0.014609,0.21051,-0.0026159,-0.00055057
0.014688,0.1907,0.0017892,-0.00041185
0.014766,0.17686,-0.0043667,-0.00015691
0.014844,0.18957,0.0048259,0.00010553
0.014922,0.15218,-0.00072265,0.00028174
0.015,0.10656,-0.0057201,0.00050669
0.015078,0.075522,0.001403,0.00052544
0.015156,0.0040999,0.00053327,0.00045796
0.015234,-0.054608,0.002674,0.00054794
0.015312,-0.10098,0.00090442,0.00047295
0.015391,-0.15707,-0.00055769,0.00055168
0.015469,-0.17389,0.0020366,0.00045046
0.015547,-0.17427,-0.005064,0.00018427
0.015625,-0.17277,-0.0038493,0.00039797
0.015703,-0.16193,-0.0035494,0.00030424
0.015781,-0.13762,-0.0080445,0.00013553
0.015859,-0.13912,-0.00061393,0.00042421
0.015938,-0.12491,0.002344,0.0010316
0.016016,-0.088263,-0.0014425,0.0017814
0.016094,-0.084897,0.00079195,0.0021676
0.016172,-0.049747,0.0056619,0.0029512
0.01625,-0.044138,0.00089318,0.0031799
0.016328,-0.058722,0.0048709,0.0037235
0.016406,-0.029928,-0.0022747,0.0042446
0.016484,-0.0071182,0.0078326,0.0041471
0.016563,0.015692,0.0076039,0.0053244
0.016641,0.043363,-0.0014312,0.0044771
0.016719,0.070661,0.014457,0.006003
0.016797,0.093097,-0.013837,0.0052344
0.016875,0.13647,0.021475,0.0059542
0.016953,0.1376,-0.017526,0.0067528
0.017031,0.12488,0.017539,0.0046383
0.017109,0.16228,-0.0026646,0.0083762
0.017188,0.14919,-0.012378,0.0033823
0.017266,0.16901,0.046575,0.0097221
0.017344,0.19705,-0.091944,0.0032923
0.017422,0.16751,0.13358,0.0088036
0.0175,0.1791,-0.21283,0.0059092
0.017578,0.15517,0.61963,0.0074801
0.017656,0.14395,2.7429,0.26001
0.017734,0.21687,2.7802,0.6288
0.017813,0.22958,2.639,0.92074
0.017891,0.25576,2.9364,1.2163
0.017969,0.34625,2.9334,1.4831
0.018047,0.347,3.1406,1.7259
0.018125,0.38664,3.1675,1.9483
0.018203,0.44609,3.2866,2.148
0.018281,0.43114,3.3335,2.3323
0.018359,0.48311,3.4232,2.4942
0.018437,0.52313,3.5274,2.6464
0.018516,0.48424,3.4987,2.777
0.018594,0.39113,3.5341,2.8932
0.018672,0.3126,3.5522,2.998
0.01875,0.2251,3.5391,3.0892
0.018828,0.13012,3.4862,3.1671
0.018906,0.00036053,3.4271,3.2293
0.018984,-0.16866,3.3692,3.2803
0.019062,-0.20867,3.3082,3.3192
0.019141,-0.28159,3.2486,3.3469
0.019219,-0.26626,3.1813,3.3638
0.019297,-0.19783,3.095,3.3692
0.019375,-0.17913,3.0195,3.3641
0.019453,-0.024693,2.965,3.3498
0.019531,-0.014971,2.8564,3.3287
0.019609,-0.045634,2.7497,3.2986
0.019688,-0.047504,2.6685,3.2595
0.019766,-0.053113,2.5419,3.2109
0.019844,-0.013475,2.4533,3.1529
0.019922,-0.15595,2.366,3.0918
0.02,-0.24943,2.2323,3.0225
0.020078,-0.29542,2.1321,2.9434
0.020156,-0.402,2.0258,2.8635
0.020234,-0.44874,1.9091,2.7772
0.020313,-0.50446,1.7205,2.683
0.020391,-0.46183,1.4745,2.5893
0.020469,-0.42107,1.297,2.4949
0.020547,-0.37956,1.1386,2.3951
0.020625,-0.2513,0.97137,2.2916
0.020703,-0.27149,0.82308,2.1829
0.020781,-0.26364,0.70575,2.0681
0.020859,-0.070314,0.58212,1.9495
0.020938,0.065052,0.46096,1.8279
0.021016,0.098332,0.31303,1.7027
0.021094,0.095715,0.15503,1.5684
0.021172,0.0029781,0.0096359,1.4275
0.02125,-0.038903,-0.15422,1.2769
0.021328,-0.037781,-0.24985,1.1232
0.021406,-0.094994,-0.41316,0.96473
0.021484,-0.09088,-0.49975,0.80188
0.021563,-0.138,-0.66315,0.64036
0.021641,-0.16604,-0.77919,0.46683
0.021719,-0.13388,-0.87256,0.30495
0.021797,-0.13388,-1.1776,0.11879
0.021875,0.0011084,-0.51076,-0.016694
0.021953,0.14769,0.076271,-0.01236
0.022031,0.20565,-0.12353,-0.0046409
0.022109,0.23706,-0.03344,-0.010707
0.022187,0.20191,-0.061479,-0.0055145
0.022266,0.16115,-0.060013,-0.010058
0.022344,0.13086,-0.027483,-0.0070591
0.022422,0.083001,-0.06242,-0.0093124
0.0225,0.044485,-0.02412,-0.0089
0.022578,-0.013475,-0.046577,-0.008675
0.022656,-0.083028,-0.030134,-0.0096011
0.022734,-0.11668,-0.033032,-0.008915
0.022812,-0.15482,-0.029687,-0.009961
0.022891,-0.16006,-0.025627,-0.0094248
0.022969,-0.13912,-0.032589,-0.010152
0.023047,-0.12416,-0.028015,-0.010193
0.023125,-0.075923,-0.031022,-0.010291
0.023203,-0.061339,-0.025639,-0.010745
0.023281,-0.052365,-0.023742,-0.011123
0.023359,-0.021702,-0.027599,-0.011464
0.023438,0.011579,-0.025309,-0.011543
0.023516,0.085992,-0.020596,-0.012027
0.023594,0.13834,-0.025485,-0.01224
0.023672,0.16302,-0.023528,-0.012327
0.02375,0.15218,-0.018069,-0.012357
0.023828,0.095341,-0.01928,-0.012334
0.023906,0.046355,-0.020941,-0.012413
0.023984,0.019805,-0.019595,-0.012323
0.024063,0.009335,-0.017391,-0.012282
0.024141,0.00073447,-0.018673,-0.01245
0.024219,0.027284,-0.022339,-0.012555
0.024297,0.034763,-0.025215,-0.013245
0.024375,0.044111,-0.017788,-0.01392
0.024453,0.11217,-0.019168,-0.014201
0.024531,0.16975,-0.019674,-0.015034
0.024609,0.22323,-0.015156,-0.015101
0.024688,0.23519,-0.020982,-0.015907
0.024766,0.20677,-0.011096,-0.016188
0.024844,0.13872,-0.023592,-0.016694
0.024922,0.033641,-0.016573,-0.017557
0.025,-0.023198,-0.026032,-0.016927
0.025078,-0.083028,-0.016975,-0.018505
0.025156,-0.13426,-0.0075871,-0.017212
0.025234,-0.14361,-0.034081,-0.019379
0.025313,-0.16941,0.011893,-0.017845
0.025391,-0.15856,-0.051777,-0.018783
0.025469,-0.13052,0.015762,-0.019829
0.025547,-0.15221,-0.04471,-0.016818
0.025625,-0.12902,-0.010924,-0.023297
0.025703,-0.07181,0.005167,-0.013609
0.025781,-0.062835,-0.10234,-0.027275
0.025859,-0.040025,0.2018,-0.0076552
0.025938,-0.043764,-1.3181,-0.068733
0.026016,-0.0067443,-2.8126,-0.40287
0.026094,0.066922,-2.3398,-0.76311
0.026172,0.059817,-2.3627,-1.0653
0.02625,0.27932,-2.4118,-1.3759
0.026328,0.46629,-2.3752,-1.6536
0.026406,0.43301,-2.4445,-1.9199
0.026484,0.56314,-2.3872,-2.1612
0.026562,0.53883,-2.4386,-2.3873
0.026641,0.4274,-2.3894,-2.5974
0.026719,0.50144,-2.4171,-2.7932
0.026797,0.49545,-2.3673,-2.979
0.026875,0.4876,-2.3181,-3.1431
0.026953,0.43637,-2.3158,-3.2969
0.027031,0.21238,-2.2792,-3.4379
0.027109,0.19743,-2.2537,-3.5662
0.027187,0.23968,-2.1948,-3.6792
0.027266,0.25501,-2.1563,-3.7758
0.027344,0.59156,-2.1127,-3.8591
0.027422,0.60277,-2.0653,-3.9281
0.0275,0.37505,-2.015,-3.9855
0.027578,0.26623,-1.9532,-4.0299
0.027656,0.020553,-1.8956,-4.0617
0.027734,-0.0030049,-1.8383,-4.083
0.027813,0.21537,-1.7818,-4.094
0.027891,0.29989,-1.72,-4.0946
0.027969,-0.047877,-1.6604,-4.0857
0.028047,-0.27374,-1.5754,-4.0654
0.028125,-0.2685,-1.502,-4.0322
0.028203,-0.38293,-1.4568,-3.9933
0.028281,-0.1107,-1.3571,-3.947
0.028359,-0.0089879,-1.2653,-3.8878
0.028438,-0.27299,-1.2156,-3.8236
0.028516,-0.4435,-1.1388,-3.7533
0.028594,-0.68806,-1.0477,-3.6721
0.028672,-0.71311,-0.96119,-3.5825
0.02875,-0.54409,-0.87501,-3.4857
0.028828,-0.32347,-0.78598,-3.3823
0.028906,-0.12491,-0.70063,-3.2722
0.028984,-0.20306,-0.60739,-3.1556
0.029063,-0.33469,-0.50245,-3.0316
0.029141,-0.27598,-0.42162,-2.9013
0.029219,-0.12902,-0.33605,-2.7676
0.029297,-0.16604,-0.23988,-2.6285
0.029375,-0.13613,-0.1288,-2.4833
0.029453,-0.13201,0.0049796,-2.3282
0.029531,-0.35787,0.10672,-2.165
0.029609,-0.34404,0.22763,-1.9937
0.029688,-0.30739,0.31819,-1.8173
0.029766,-0.22774,0.44042,-1.6397
0.029844,0.011579,0.5373,-1.4546
0.029922,0.18957,0.64089,-1.2702
0.03,0.23482,0.78688,-1.076
0.030078,0.17985,0.83197,-0.88478
0.030156,0.24005,1.0315,-0.68705
0.030234,0.14171,1.0105,-0.48694
0.030312,0.11778,1.2566,-0.29168
0.030391,0.20677,1.2087,-0.072733
0.030469,0.13722,0.14836,0.015901
0.030547,0.16078,-0.018444,-0.010467
0.030625,0.12077,0.13045,-0.0034487
0.030703,0.13161,-0.011569,-0.005387
0.030781,0.16863,0.07272,-0.0054057
0.030859,0.14657,0.0056357,-0.0031487
0.030937,0.20603,0.030244,-0.0057357
0.031016,0.16564,0.019612,-0.0023239
0.031094,0.077766,0.01403,-0.0046259
0.031172,-0.0074922,0.03363,-0.0025714
0.03125,-0.10098,0.0022278,-0.0030775
0.031328,-0.17913,0.023129,-0.0026688
0.031406,-0.13538,0.012545,-0.0017316
0.031484,-0.029555,0.016163,-0.002099
0.031563,-0.038155,0.017453,-0.0011579
0.031641,0.019431,0.010918,-0.0011654
0.031719,0.0082132,0.016534,-0.00046809
0.031797,-0.077045,0.010494,-0.0004381
0.031875,-0.034416,0.009321,4.5547e-05
0.031953,-0.021328,0.017528,0.0013015
0.032031,-0.022076,0.017033,0.0023475
0.032109,-0.032172,0.015263,0.0034123
0.032188,-0.049747,0.014678,0.0044883
0.032266,-0.095742,0.005512,0.0050657
0.032344,-0.1264,0.0066592,0.0053319
0.032422,-0.053487,0.00351,0.0064304
0.0325,0.003726,0.0044472,0.0062654
0.032578,0.086366,0.016047,0.0073077
0.032656,0.12526,0.00051827,0.0071765
0.032734,0.078514,0.018813,0.0078326
0.032813,0.044859,-0.0074896,0.0089086
0.032891,0.0029781,0.016901,0.0078251
0.032969,-0.0037528,0.0053695,0.010656
0.033047,0.023545,-0.010571,0.0075814
0.033125,0.034389,0.038136,0.011743
0.033203,0.036633,-0.042033,0.0088673
0.033281,0.031023,0.065661,0.010633
0.033359,0.029154,-0.068032,0.012043
0.033438,0.045981,0.080856,0.0065691
0.033516,0.057573,-0.057048,0.019987
0.033594,0.095715,0.027335,-0.0075315
0.033672,0.088984,2.1985,0.15703
0.03375,0.12189,2.93,0.56407
0.033828,0.14881,2.3644,0.92183
0.033906,0.058695,2.5824,1.2687
0.033984,0.22734,2.4487,1.615
0.034063,0.32718,2.4672,1.9265
0.034141,0.29764,2.4485,2.2292
0.034219,0.42777,2.4385,2.5056
0.034297,0.34513,2.5064,2.7773
0.034375,0.34289,2.4671,3.0336
0.034453,0.47152,2.5225,3.2787
0.034531,0.47302,2.5024,3.511
0.034609,0.51153,2.5271,3.7271
0.034688,0.54668,2.5289,3.9333
0.034766,0.4891,2.5317,4.1258
0.034844,0.44497,2.5587,4.3085
0.034922,0.57286,2.5043,4.4752
0.035,0.56987,2.4766,4.6231
0.035078,0.525,2.4971,4.7594
0.035156,0.46292,2.4664,4.8849
0.035234,0.2782,2.4184,4.9953
0.035313,0.46143,2.4025,5.0929
0.035391,0.31447,2.3779,5.1803
0.035469,-0.00824,2.3439,5.2547
0.035547,0.25202,2.3032,5.3147
0.035625,0.29166,2.2524,5.3617
0.035703,0.2494,2.1953,5.3966
0.035781,0.27259,2.1419,5.4191
0.035859,-0.021328,2.0825,5.4307
0.035938,-0.22325,2.0162,5.4312
0.036016,-0.12827,1.9548,5.4201
0.036094,-0.13201,1.896,5.399
0.036172,-0.27261,1.832,5.3691
0.03625,-0.2584,1.7421,5.3297
0.036328,-0.39826,1.6741,5.2811
0.036406,-0.53774,1.604,5.2232
0.036484,-0.41434,1.5114,5.1542
0.036562,-0.33132,1.4637,5.0789
0.036641,-0.25803,1.3778,4.9985
0.036719,-0.18773,1.2789,4.9067
0.036797,-0.28682,1.2291,4.8093
0.036875,-0.41471,1.1357,4.7078
0.036953,-0.39714,1.0381,4.5963
0.037031,-0.4379,0.96077,4.4778
0.037109,-0.36049,0.87783,4.354
0.037187,-0.2599,0.79324,4.2236
0.037266,-0.37246,0.69949,4.0873
0.037344,-0.3575,0.61602,3.9449
0.037422,-0.3833,0.52765,3.7953
0.0375,-0.37208,0.44084,3.6407
0.037578,-0.20643,0.35908,3.4826
0.037656,-0.15557,0.27207,3.3205
0.037734,-0.15258,0.15312,3.1514
0.037812,-0.12528,0.030634,2.9728
0.037891,-0.11444,-0.075219,2.7875
0.037969,-0.21727,-0.19281,2.5945
0.038047,-0.17726,-0.28339,2.3982
0.038125,-0.0662,-0.39882,2.198
0.038203,-0.069192,-0.48256,1.9936
0.038281,0.025414,-0.60746,1.7872
0.038359,-0.014223,-0.70285,1.5746
0.038437,-0.092002,-0.80083,1.3644
0.038516,-0.09275,-0.9403,1.1457
0.038594,-0.10472,-0.98561,0.93238
0.038672,-0.074053,-1.1897,0.71158
0.03875,-0.074053,-1.1542,0.49076
0.038828,-0.077045,-1.4122,0.27468
0.038906,-0.12453,-1.2982,0.037608
0.038984,-0.064331,-0.16815,-0.052552
0.039063,-0.027685,-0.031828,-0.024395
0.039141,-0.023198,-0.17076,-0.032733
0.039219,0.094593,-0.032612,-0.030027
0.039297,0.043737,-0.11906,-0.030057
0.039375,0.056451,-0.042783,-0.031834
0.039453,0.041494,-0.083591,-0.029397
0.039531,-0.10472,-0.067541,-0.032726
0.039609,-0.073679,-0.055023,-0.030281
0.039688,-0.043764,-0.06579,-0.032445
0.039766,-0.02245,-0.04074,-0.031852
0.039844,0.059443,-0.065993,-0.0324
0.039922,0.070661,-0.047911,-0.032958
0.04,0.042242,-0.04817,-0.03267
0.040078,0.086366,-0.04411,-0.033622
0.040156,0.12189,-0.042772,-0.033326
0.040234,0.12002,-0.045782,-0.034211
0.040313,0.1806,-0.044526,-0.035204
0.040391,0.19817,-0.046614,-0.03649
0.040469,0.15816,-0.041936,-0.037525
0.040547,0.16377,-0.045786,-0.038492
0.040625,0.1361,-0.043236,-0.039482
0.040703,0.07814,-0.047851,-0.040509
0.040781,0.11366,-0.037463,-0.041004
0.040859,0.11815,-0.038869,-0.041049
0.040938,0.046729,-0.038055,-0.042481
0.041016,0.015692,-0.028439,-0.041533
0.041094,-0.062835,-0.043919,-0.043179
0.041172,-0.14061,-0.017237,-0.042605
0.04125,-0.14136,-0.053258,-0.04322
0.041328,-0.13314,-0.012989,-0.044656
0.041406,-0.099481,-0.045692,-0.042414
0.041484,-0.068444,-0.03121,-0.047078
0.041563,-0.069192,-0.0093304,-0.041379
0.041641,-0.074801,-0.082841,-0.048304
0.041719,-0.046008,0.053784,-0.042234
0.041797,-0.061713,-0.15939,-0.046733
0.041875,-0.072557,0.17998,-0.046759
0.041953,-0.093124,-0.58128,-0.04217
0.042031,-0.17838,-2.6397,-0.31141
0.042109,-0.1006,-2.5932,-0.72909
0.042188,-0.12678,-2.3497,-1.0705
0.042266,-0.075923,-2.5526,-1.4269
0.042344,0.1907,-2.3882,-1.7594
0.042422,0.22659,-2.4589,-2.0702
0.0425,0.34738,-2.3716,-2.3646
0.042578,0.44086,-2.426,-2.6387
0.042656,0.36794,-2.4296,-2.9108
0.042734,0.35523,-2.4255,-3.1634
0.042813,0.35598,-2.461,-3.4074
0.042891,0.40459,-2.426,-3.6351
0.042969,0.44684,-2.4566,-3.8505
0.043047,0.53584,-2.4427,-4.0549
0.043125,0.56688,-2.4589,-4.2472
0.043203,0.54893,-2.4409,-4.4293
0.043281,0.55977,-2.3967,-4.5926
0.043359,0.49284,-2.3896,-4.7415
0.043438,0.45694,-2.3637,-4.8785
0.043516,0.42702,-2.3359,-5.0016
0.043594,0.37916,-2.3137,-5.1112
0.043672,0.34401,-2.2927,-5.209
0.04375,0.31185,-2.2616,-5.2959
0.043828,0.3212,-2.2137,-5.3692
0.043906,0.40571,-2.1686,-5.4285
0.043984,0.49732,-2.1174,-5.475
0.044062,0.47227,-2.0689,-5.5087
0.044141,0.39337,-2.0276,-5.5313
0.044219,0.27707,-1.9676,-5.5415
0.044297,0.10432,-1.9122,-5.5397
0.044375,-0.054234,-1.8602,-5.5278
0.044453,-0.14809,-1.7985,-5.5057
0.044531,-0.24382,-1.7396,-5.4741
0.044609,-0.33656,-1.677,-5.4335
0.044687,-0.32871,-1.6083,-5.3838
0.044766,-0.35638,-1.5217,-5.3227
0.044844,-0.37096,-1.4654,-5.252
0.044922,-0.32422,-1.4146,-5.1777
0.045,-0.32272,-1.313,-5.0929
0.045078,-0.27112,-1.253,-4.998
0.045156,-0.26962,-1.2002,-4.9006
0.045234,-0.32235,-1.0997,-4.7954
0.045312,-0.33768,-1.0097,-4.6798
0.045391,-0.36273,-0.93472,-4.5577
0.045469,-0.36386,-0.8576,-4.4297
0.045547,-0.33244,-0.76875,-4.2952
0.045625,-0.29842,-0.68484,-4.1548
0.045703,-0.29056,-0.5932,-4.0081
0.045781,-0.25803,-0.50236,-3.8545
0.045859,-0.26102,-0.42626,-3.6969
0.045937,-0.31375,-0.33507,-3.5353
0.046016,-0.29842,-0.23846,-3.3679
0.046094,-0.26925,-0.1159,-3.1929
0.046172,-0.2154,-0.0022972,-3.0087
0.04625,-0.17016,0.11357,-2.8174
0.046328,-0.14248,0.21559,-2.6195
0.046406,-0.070688,0.29754,-2.4207
0.046484,-0.016467,0.42323,-2.2168
0.046562,0.069913,0.50565,-2.0099
0.046641,0.1275,0.63912,-1.7989
0.046719,0.1189,0.71326,-1.5836
0.046797,0.1275,0.83851,-1.3692
0.046875,0.085618,0.94847,-1.1457
0.046953,0.023919,1.021,-0.93045
0.047031,-0.013849,1.2004,-0.70321
0.047109,-0.046008,1.1614,-0.4844
0.047188,-0.065453,1.4966,-0.25749
0.047266,-0.050121,1.0499,-0.03562
0.047344,-0.00038735,-0.017102,0.010682
0.047422,0.013822,0.086457,-0.014872
0.0475,0.048225,0.10374,-0.0025826
0.047578,0.098332,0.020819,-0.0089487
0.047656,0.097958,0.086003,-0.005327
0.047734,0.10731,0.0085112,-0.0059756
0.047813,0.092349,0.065661,-0.006418
0.047891,0.064678,0.021846,-0.004086
0.047969,0.054956,0.0367,-0.0058744
0.048047,0.034015,0.034807,-0.0034562
0.048125,0.055703,0.02185,-0.0042922
0.048203,0.078514,0.03228,-0.0030325
0.048281,0.094967,0.013325,-0.00301
0.048359,0.12077,0.027043,-0.0028863
0.048438,0.10469,0.017348,-0.0021552
0.048516,0.10506,0.020879,-0.001874
0.048594,0.087114,0.015638,-0.0012029
0.048672,0.060191,0.0074802,-0.0010417
0.04875,0.067669,0.014228,-9.3172e-05
0.048828,0.073278,0.012894,0.0012828
0.048906,0.098332,0.015301,0.0022238
0.048984,0.1174,0.022248,0.0032436
0.049063,0.13498,0.015923,0.0046345
0.049141,0.13386,0.014693,0.004702
0.049219,0.11142,0.017854,0.0056243
0.049297,0.098332,0.0062355,0.0056843
0.049375,0.054582,0.015672,0.0065991
0.049453,0.0059696,0.00078071,0.0071352
0.049531,-0.04339,0.019203,0.0067603
0.049609,-0.087141,0.001553,0.0086086
0.049688,-0.11294,0.007319,0.0071427
0.049766,-0.12566,0.023361,0.0098909
0.049844,-0.088637,-0.024349,0.0075101
0.049922,-0.077793,0.040284,0.0099808
0.05,-0.029555,-0.034123,0.0096284
0.050078,0.031397,0.054721,0.0082225
0.050156,0.00073447,-0.037463,0.013531
0.050234,0.018684,0.020894,0.0044471
0.050313,0.0059696,0.041056,0.019984
0.050391,-0.002631,-0.15979,-0.006388
0.050469,-0.023198,1.7294,0.098109
0.050547,0.00073447,2.9489,0.48089
0.050625,0.12226,2.3427,0.85288
0.050703,0.046355,2.4573,1.187
0.050781,0.13984,2.4201,1.5326
0.050859,0.25763,2.3702,1.842
0.050938,0.15517,2.3735,2.1416
0.051016,0.21201,2.3143,2.415
0.051094,0.17985,2.3919,2.6826
0.051172,0.12825,2.3551,2.9386
0.05125,0.22248,2.3703,3.1778
0.051328,0.27633,2.3429,3.4055
0.051406,0.31559,2.3542,3.6193
0.051484,0.42777,2.3615,3.8249
0.051563,0.52799,2.3455,4.0159
0.051641,0.52013,2.3074,4.191
0.051719,0.56127,2.2523,4.3469
0.051797,0.53696,2.2605,4.4909
0.051875,0.4547,2.2337,4.6248
0.051953,0.42478,2.2037,4.7436
0.052031,0.32456,2.1882,4.8504
0.052109,0.27147,2.1509,4.9442
0.052187,0.25838,2.1088,5.024
0.052266,0.26025,2.06,5.0904
0.052344,0.28044,2.0131,5.1432
0.052422,0.32157,1.9669,5.1831
0.0525,0.36832,1.9179,5.2113
0.052578,0.35485,1.8586,5.2275
0.052656,0.31222,1.7997,5.2317
0.052734,0.19032,1.7543,5.2245
0.052812,0.093845,1.7008,5.208
0.052891,-0.017589,1.6293,5.1812
0.052969,-0.17427,1.5722,5.1441
0.053047,-0.24345,1.5119,5.098
0.053125,-0.29318,1.4191,5.0396
0.053203,-0.31823,1.3722,4.9724
0.053281,-0.3388,1.3234,4.9013
0.053359,-0.32347,1.2212,4.8203
0.053437,-0.31711,1.1523,4.7285
0.053516,-0.3575,1.0988,4.6317
0.053594,-0.34366,1.0221,4.5294
0.053672,-0.37096,0.93522,4.4183
0.05375,-0.40237,0.85579,4.2992
0.053828,-0.41583,0.78263,4.1746
0.053906,-0.43976,0.70107,4.0446
0.053984,-0.42331,0.60312,3.9077
0.054062,-0.38031,0.50836,3.7634
0.054141,-0.32085,0.42612,3.6132
0.054219,-0.30702,0.34262,3.4591
0.054297,-0.30552,0.26479,3.3013
0.054375,-0.28944,0.15454,3.1371
0.054453,-0.30627,0.0407,2.9636
0.054531,-0.3231,-0.071418,2.7827
0.054609,-0.30926,-0.19198,2.5935
0.054688,-0.26401,-0.26872,2.4001
0.054766,-0.23298,-0.38679,2.2031
0.054844,-0.18997,-0.47059,2.0017
0.054922,-0.10995,-0.58465,1.7986
0.055,-0.043764,-0.68707,1.5885
0.055078,0.042616,-0.77118,1.3805
0.055156,0.10095,-0.91822,1.1644
0.055234,0.13273,-0.95997,0.952
0.055313,0.15031,-1.1643,0.73492
0.055391,0.12301,-1.1439,0.51413
0.055469,0.11366,-1.3645,0.30178
0.055547,0.081879,-1.3573,0.063358
0.055625,0.10544,-0.23622,-0.043272
0.055703,0.12039,0.0032063,-0.01653
0.055781,0.10731,-0.17579,-0.022359
0.055859,0.17836,-0.024435,-0.021606
0.055938,0.12526,-0.11042,-0.020174
0.056016,0.093097,-0.039307,-0.023331
0.056094,0.11292,-0.067215,-0.020061
0.056172,0.051964,-0.06326,-0.023705
0.05625,0.082627,-0.042685,-0.021565
0.056328,0.075896,-0.065074,-0.023151
0.056406,0.032145,-0.038854,-0.023001
0.056484,0.035511,-0.053359,-0.023203
0.056563,0.031397,-0.039829,-0.023934
0.056641,0.039998,-0.04498,-0.023769
0.056719,0.034015,-0.040905,-0.024864
0.056797,0.054956,-0.039502,-0.024541
0.056875,0.044859,-0.041309,-0.025093
0.056953,0.02691,-0.038918,-0.025632
0.057031,0.02878,-0.044102,-0.026056
0.057109,0.0089611,-0.043221,-0.026851
0.057188,0.045607,-0.039319,-0.028171
0.057266,0.04112,-0.034824,-0.029018
0.057344,0.048972,-0.038708,-0.030045
0.057422,0.088236,-0.02887,-0.030896
0.0575,0.042242,-0.033999,-0.031054
0.057578,0.029902,-0.029448,-0.031931
0.057656,0.0022302,-0.026392,-0.031774
0.057734,-0.049373,-0.03867,-0.032977
0.057813,-0.051991,-0.024026,-0.032561
0.057891,-0.072931,-0.040361,-0.033716
0.057969,-0.092002,-0.015216,-0.034147
0.058047,-0.096863,-0.046547,-0.033562
0.058125,-0.094246,-0.018553,-0.035991
0.058203,-0.088637,-0.021417,-0.033067
0.058281,-0.068818,-0.044616,-0.037607
0.058359,-0.045634,0.010656,-0.033228
0.058438,-0.036285,-0.095411,-0.037416
0.058516,0.021301,0.052172,-0.035823
0.058594,0.01831,-0.1306,-0.033971
0.058672,0.0029781,0.10036,-0.042654
0.05875,0.02504,-0.23494,-0.021163
0.058828,-0.036285,-2.3541,-0.22743
0.058906,0.070287,-2.7204,-0.64101
0.058984,0.09048,-2.2801,-0.98805
0.059063,0.060939,-2.5082,-1.3307
0.059141,0.29278,-2.3652,-1.6629
0.059219,0.27707,-2.4192,-1.9672
0.059297,0.30998,-2.3539,-2.2598
0.059375,0.44497,-2.3592,-2.527
0.059453,0.33504,-2.4133,-2.7918
0.059531,0.34364,-2.3718,-3.0393
0.059609,0.40085,-2.3961,-3.2742
0.059688,0.39711,-2.3725,-3.4952
0.059766,0.41955,-2.4082,-3.7048
0.059844,0.50518,-2.3975,-3.9059
0.059922,0.5407,-2.3602,-4.0893
0.06,0.53472,-2.3394,-4.2571
0.060078,0.57623,-2.3155,-4.4107
0.060156,0.47451,-2.294,-4.5507
0.060234,0.38739,-2.2642,-4.6766
0.060312,0.32083,-2.2465,-4.7896
0.060391,0.22958,-2.2201,-4.8914
0.060469,0.22585,-2.1797,-4.9795
0.060547,0.22173,-2.1413,-5.0537
0.060625,0.27184,-2.0996,-5.1145
0.060703,0.32643,-2.0494,-5.162
0.060781,0.35037,-1.9999,-5.1978
0.060859,0.32531,-1.9515,-5.2208
0.060937,0.27446,-1.9,-5.2314
0.061016,0.21911,-1.848,-5.2313
0.061094,0.1189,-1.7949,-5.2202
0.061172,0.036259,-1.7444,-5.2
0.06125,-0.074427,-1.6835,-5.1703
0.061328,-0.16155,-1.6229,-5.1305
0.061406,-0.21316,-1.5461,-5.0807
0.061484,-0.24233,-1.4712,-5.019
0.061562,-0.2341,-1.4334,-4.9518
0.061641,-0.23971,-1.3435,-4.8777
0.061719,-0.23971,-1.2578,-4.7906
0.061797,-0.28159,-1.2173,-4.6991
0.061875,-0.34291,-1.1294,-4.6026
0.061953,-0.39639,-1.0342,-4.495
0.062031,-0.42593,-0.95465,-4.3798
0.062109,-0.42817,-0.87834,-4.259
0.062187,-0.4278,-0.79797,-4.1318
0.062266,-0.4091,-0.70597,-3.9983
0.062344,-0.39639,-0.61388,-3.858
0.062422,-0.3489,-0.52641,-3.711
0.0625,-0.31786,-0.44547,-3.5595
0.062578,-0.30515,-0.36191,-3.4042
0.062656,-0.27037,-0.26967,-3.244
0.062734,-0.29206,-0.14815,-3.076
0.062813,-0.3201,-0.033009,-2.8998
0.062891,-0.30216,0.08997,-2.7143
0.062969,-0.2685,0.1912,-2.522
0.063047,-0.24831,0.28567,-2.3284
0.063125,-0.19147,0.39167,-2.1284
0.063203,-0.10397,0.47529,-1.9272
0.063281,-0.03292,0.61864,-1.7204
0.063359,0.074026,0.68579,-1.5113
0.063438,0.11591,0.82992,-1.3008
0.063516,0.10058,0.90803,-1.083
0.063594,0.1361,1.0317,-0.87212
0.063672,0.14059,1.1698,-0.64782
0.06375,0.1189,1.1579,-0.4373
0.063828,0.10132,1.4982,-0.20638
0.063906,0.099828,0.80655,-0.010538
0.063984,0.11441,-0.086114,0.0049682
0.064062,0.1174,0.12981,-0.012657
0.064141,0.18546,0.057533,-0.0017278
0.064219,0.20453,0.038072,-0.0086038
0.064297,0.15517,0.074824,-0.0034599
0.064375,0.18284,0.01436,-0.0062268
0.064453,0.14096,0.057203,-0.0046409
0.064531,0.089358,0.0077951,-0.0036699
0.064609,0.10357,0.033543,-0.0046034
0.064687,0.069913,0.01821,-0.0028226
0.064766,0.054956,0.0214,-0.0036699
0.064844,0.039998,0.027837,-0.0021027
0.064922,0.019431,0.017625,-0.0025114
0.065,0.015318,0.026218,-0.0016341
0.065078,-1.3407e-05,0.015608,-0.0012142
0.065156,-0.013849,0.018945,-0.0010042
0.065234,-0.040773,0.010326,-0.00033687
0.065312,-0.067322,0.011424,-0.00031062
0.065391,-0.075175,0.016054,0.00035673
0.065469,-0.031424,0.0088148,0.00098284
0.065547,0.0026042,0.013531,0.0022163
0.065625,0.024293,0.015589,0.0034198
0.065703,0.091228,0.012335,0.0041096
0.065781,0.11329,0.0092347,0.0047657
0.065859,0.12638,0.0075664,0.0049007
0.065937,0.1189,0.01412,0.0059017
0.066016,0.06206,0.0036637,0.0061829
0.066094,0.023171,0.016279,0.0066328
0.066172,-0.032172,0.0054257,0.0077838
0.06625,-0.074427,0.007139,0.0069965
0.066328,-0.12453,0.010168,0.0088823
0.066406,-0.15071,-0.0080595,0.0074352
0.066484,-0.13089,0.03036,0.0095797
0.066562,-0.12753,-0.025102,0.0091148
0.066641,-0.091254,0.0272,0.0085637
0.066719,-0.056478,-0.021368,0.01172
0.066797,-0.039651,0.018712,0.0071577
0.066875,-0.028433,0.023755,0.014566
0.066953,0.011953,-0.051402,0.0052156
0.067031,0.027658,0.12706,0.016872
0.067109,0.031023,-0.24667,0.0032136
0.067187,0.050468,1.055,0.037548
0.067266,0.064678,2.8747,0.36157
0.067344,0.20864,2.4872,0.75618
0.067422,0.19518,2.3915,1.0838
0.0675,0.19481,2.4649,1.4273
0.067578,0.35261,2.3389,1.7384
0.067656,0.24753,2.4167,2.0357
0.067734,0.21388,2.3331,2.3114
0.067812,0.24679,2.4046,2.5729
0.067891,0.14395,2.3762,2.8263
0.067969,0.20565,2.3842,3.0612
0.068047,0.32232,2.3954,3.2882
0.068125,0.36832,2.3814,3.4999
0.068203,0.4618,2.3943,3.702
0.068281,0.56613,2.3394,3.8867
0.068359,0.6039,2.3285,4.054
0.068437,0.62858,2.312,4.2097
0.068516,0.60016,2.2612,4.3503
0.068594,0.51266,2.2359,4.4778
0.068672,0.46292,2.2293,4.5934
0.06875,0.37206,2.191,4.6959
0.068828,0.29203,2.1466,4.7839
0.068906,0.27857,2.1107,4.8582
0.068984,0.27932,2.0622,4.9191
0.069062,0.31335,2.0074,4.967
0.069141,0.35785,1.9682,5.0032
0.069219,0.36383,1.9204,5.0272
0.069297,0.30923,1.8461,5.0386
0.069375,0.27147,1.7967,5.039
0.069453,0.17649,1.7495,5.0292
0.069531,0.056825,1.679,5.0092
0.069609,-0.032546,1.6179,4.9789
0.069687,-0.17576,1.5685,4.9395
0.069766,-0.25467,1.4855,4.8894
0.069844,-0.29542,1.4012,4.8278
0.069922,-0.3201,1.3656,4.7615
0.07,-0.32646,1.2842,4.6873
0.070078,-0.33805,1.1945,4.6012
0.070156,-0.34254,1.1472,4.5103
0.070234,-0.39938,1.0637,4.4135
0.070313,-0.42855,0.97739,4.3072
0.070391,-0.46183,0.89916,4.1935
0.070469,-0.49885,0.81577,4.0739
0.070547,-0.48838,0.74118,3.9485
0.070625,-0.48613,0.64831,3.8167
0.070703,-0.44837,0.54651,3.6776
0.070781,-0.41471,0.46571,3.5321
0.070859,-0.37433,0.38866,3.3823
0.070938,-0.33469,0.30204,3.2288
0.071016,-0.33207,0.19863,3.0695
0.071094,-0.31711,0.089051,2.9017
0.071172,-0.33057,-0.027776,2.7262
0.07125,-0.34105,-0.14908,2.5415
0.071328,-0.31786,-0.23762,2.3523
0.071406,-0.29243,-0.35279,2.1588
0.071484,-0.25878,-0.43529,1.9617
0.071563,-0.1825,-0.56019,1.7618
0.071641,-0.085271,-0.65973,1.5546
0.071719,-0.013849,-0.74822,1.3502
0.071797,0.060565,-0.88548,1.1374
0.071875,0.10282,-0.93362,0.92919
0.071953,0.12002,-1.1362,0.71456
0.072031,0.14545,-1.109,0.49901
0.072109,0.1275,-1.3659,0.28863
0.072188,0.090106,-1.2899,0.054405
0.072266,0.10693,-0.17287,-0.039032
0.072344,0.11217,-0.014152,-0.011363
0.072422,0.099828,-0.1624,-0.019191
0.0725,0.14171,-0.019854,-0.016803
0.072578,0.13273,-0.11121,-0.016492
0.072656,0.086366,-0.036931,-0.018861
0.072734,0.099454,-0.074286,-0.015933
0.072813,0.11815,-0.058915,-0.019424
0.072891,0.10469,-0.040218,-0.017219
0.072969,0.091601,-0.058281,-0.01897
0.073047,0.072531,-0.033204,-0.018588
0.073125,0.043363,-0.055413,-0.019064
0.073203,0.032893,-0.037947,-0.019619
0.073281,0.020179,-0.041366,-0.019645
0.073359,0.022797,-0.047259,-0.020672
0.073438,0.029528,-0.038981,-0.020301
0.073516,-0.017589,-0.035461,-0.020845
0.073594,-0.041521,-0.036627,-0.021205
0.073672,-0.048625,-0.035802,-0.02173
0.07375,-0.096116,-0.031112,-0.022165
0.073828,-0.078166,-0.036882,-0.022933
0.073906,-0.027311,-0.039641,-0.024234
0.073984,-0.019832,-0.030617,-0.024841
0.074063,0.0011084,-0.033073,-0.025674
0.074141,0.02504,-0.030479,-0.026551
0.074219,0.034389,-0.031926,-0.026581
0.074297,0.049346,-0.034734,-0.027477
0.074375,0.035885,-0.020862,-0.027458
0.074453,0.014196,-0.036777,-0.028549
0.074531,0.027658,-0.025339,-0.028786
0.074609,-0.0093619,-0.040226,-0.028741
0.074688,-0.048251,-0.020401,-0.0303
0.074766,-0.053113,-0.024668,-0.028591
0.074844,-0.09462,-0.040987,-0.031654
0.074922,-0.098733,-0.0045879,-0.029108
0.075,-0.087141,-0.058236,-0.031736
0.075078,-0.067696,0.024459,-0.030836
0.075156,-0.076671,-0.0721,-0.029985
0.075234,-0.075175,0.015334,-0.034915
0.075313,-0.04339,-0.048253,-0.025985
0.075391,-0.051617,-0.044207,-0.041315
0.075469,0.0052217,0.10394,-0.014509
0.075547,-0.013849,-1.7647,-0.12761
0.075625,0.035511,-2.8605,-0.51425
0.075703,0.11927,-2.3057,-0.8823
0.075781,0.060191,-2.4645,-1.2122
0.075859,0.24604,-2.4163,-1.55
0.075938,0.35635,-2.3969,-1.853
0.076016,0.34625,-2.4031,-2.1457
0.076094,0.51527,-2.3589,-2.4122
0.076172,0.49209,-2.4295,-2.6718
0.07625,0.41842,-2.3815,-2.9174
0.076328,0.48461,-2.4194,-3.1486
0.076406,0.50219,-2.4067,-3.3692
0.076484,0.48311,-2.4247,-3.5767
0.076563,0.55603,-2.4061,-3.773
0.076641,0.61586,-2.37,-3.9497
0.076719,0.56613,-2.3696,-4.1144
0.076797,0.61399,-2.327,-4.2643
0.076875,0.59941,-2.309,-4.399
0.076953,0.51714,-2.2819,-4.5215
0.077031,0.52687,-2.2583,-4.631
0.077109,0.45993,-2.2275,-4.7285
0.077188,0.40122,-2.1735,-4.811
0.077266,0.39487,-2.1343,-4.8795
0.077344,0.38701,-2.0903,-4.9356
0.077422,0.38066,-2.0411,-4.9791
0.0775,0.39374,-1.991,-5.0103
0.077578,0.38963,-1.9374,-5.029
0.077656,0.32494,-1.8818,-5.0365
0.077734,0.24866,-1.8243,-5.0328
0.077813,0.13012,-1.7745,-5.0192
0.077891,0.018684,-1.7141,-4.9966
0.077969,-0.12192,-1.6529,-4.9641
0.078047,-0.26514,-1.5771,-4.9214
0.078125,-0.34553,-1.5027,-4.8672
0.078203,-0.41209,-1.4611,-4.8063
0.078281,-0.42817,-1.3724,-4.7391
0.078359,-0.45884,-1.283,-4.659
0.078438,-0.45921,-1.2405,-4.5728
0.078516,-0.46856,-1.1596,-4.4829
0.078594,-0.4895,-1.0585,-4.382
0.078672,-0.45884,-0.97884,-4.2724
0.07875,-0.49997,-0.89981,-4.1573
0.078828,-0.50109,-0.8173,-4.0353
0.078906,-0.50221,-0.73315,-3.9069
0.078984,-0.50969,-0.63819,-3.7722
0.079063,-0.47417,-0.55132,-3.6304
0.079141,-0.47155,-0.47343,-3.4832
0.079219,-0.41995,-0.38598,-3.332
0.079297,-0.3919,-0.29451,-3.1769
0.079375,-0.36722,-0.18239,-3.0149
0.079453,-0.33618,-0.065854,-2.8446
0.079531,-0.35077,0.062066,-2.6649
0.079609,-0.32908,0.16302,-2.4775
0.079688,-0.28608,0.25802,-2.2881
0.079766,-0.22812,0.36338,-2.0921
0.079844,-0.16791,0.45256,-1.8949
0.079922,-0.085271,0.59355,-1.6923
0.08,0.0026042,0.66007,-1.4869
0.080078,0.060565,0.8063,-1.2796
0.080156,0.13348,0.87922,-1.0653
0.080234,0.18696,0.99983,-0.8575
0.080312,0.22024,1.1436,-0.63648
0.080391,0.22659,1.1506,-0.42919
0.080469,0.18322,1.4824,-0.20066
0.080547,0.16676,0.78535,-0.0085138
0.080625,0.15928,-0.086725,0.0051482
0.080703,0.11516,0.12646,-0.011768
0.080781,0.13199,0.05468,-0.00094798
0.080859,0.14694,0.039024,-0.0079102
0.080937,0.075148,0.067603,-0.0027513
0.081016,0.057947,0.0098308,-0.0054995
0.081094,0.070287,0.060285,-0.0040485
0.081172,0.03738,0.014423,-0.003115
0.08125,0.045981,0.04001,-0.0038798
0.081328,0.055703,0.019769,-0.0021177
0.081406,0.029528,0.0235,-0.0030813
0.081484,0.022049,0.025997,-0.0016978
0.081562,-0.011232,0.0085711,-0.0021177
0.081641,-0.017962,0.024115,-0.0012329
0.081719,0.0085872,0.010967,-0.00083176
0.081797,-0.011232,0.014888,-0.00076052
0.081875,-0.030302,0.017179,0.00010928
0.081953,-0.048251,0.015968,0.00025175
0.082031,-0.054608,0.014585,0.00075789
0.082109,-0.043764,0.016032,0.0016839
0.082187,-0.028433,0.022356,0.0028312
0.082266,-0.0037528,0.008215,0.0036335
0.082344,0.020927,0.011702,0.0047133
0.082422,0.047477,0.0091635,0.0054968
0.0825,0.055329,0.0082037,0.0055156
0.082578,0.067295,0.013317,0.0067903
0.082656,0.078514,-0.0045429,0.0066853
0.082734,0.077392,0.016002,0.0073827
0.082812,0.084123,0.0018379,0.0079938
0.082891,0.088236,0.01686,0.0077351
0.082969,0.053834,0.0059956,0.0095084
0.083047,0.022423,0.0037949,0.0079263
0.083125,0.023545,0.023376,0.010881
0.083203,0.0048478,-0.020236,0.0086986
0.083281,-0.0063704,0.045521,0.010708
0.083359,-0.0059964,-0.039656,0.010967
0.083437,-0.01871,0.047666,0.0089198
0.083516,-0.035164,-0.028746,0.014296
0.083594,-0.028059,-0.00046772,0.0048482
0.083672,-0.025815,0.043474,0.020404
0.08375,-0.0071182,-0.18116,-0.0046222
0.083828,-0.014971,1.6477,0.089621
0.083906,0.050468,2.9517,0.46569
0.083984,0.21089,2.3777,0.84032
0.084062,0.15667,2.4736,1.1709
0.084141,0.23145,2.4537,1.5125
0.084219,0.36271,2.4169,1.8184
0.084297,0.27745,2.4369,2.1144
0.084375,0.36869,2.3895,2.3844
0.084453,0.37804,2.4663,2.6466
0.084531,0.28642,2.4155,2.8965
0.084609,0.38888,2.453,3.1299
0.084687,0.46217,2.4474,3.3536
0.084766,0.47339,2.4554,3.5627
0.084844,0.54594,2.4516,3.7634
0.084922,0.58557,2.4075,3.9472
0.085,0.58744,2.3964,4.114
0.085078,0.63157,2.3789,4.2672
0.085156,0.59118,2.3599,4.4073
0.085234,0.52836,2.3344,4.534
0.085312,0.52425,2.3138,4.648
0.085391,0.48947,2.2807,4.7503
0.085469,0.46143,2.2368,4.8383
0.085547,0.45021,2.191,4.912
0.085625,0.45096,2.1469,4.9727
0.085703,0.48125,2.091,5.0201
0.085781,0.51677,2.0414,5.0558
0.085859,0.46554,1.9953,5.0799
0.085938,0.40197,1.9323,5.0912
0.086016,0.35672,1.8677,5.0916
0.086094,0.22061,1.8034,5.0816
0.086172,0.097958,1.7577,5.0612
0.08625,-0.05573,1.6982,5.0315
0.086328,-0.23223,1.6179,4.9922
0.086406,-0.33095,1.5407,4.9431
0.086484,-0.41284,1.4652,4.8821
0.086563,-0.47604,1.4209,4.8142
0.086641,-0.52128,1.3422,4.742
0.086719,-0.52764,1.2377,4.6571
0.086797,-0.55419,1.1898,4.5645
0.086875,-0.58597,1.1254,4.4692
0.086953,-0.57438,1.0261,4.3643
0.087031,-0.6129,0.94292,4.2505
0.087109,-0.60991,0.86861,4.1309
0.087188,-0.59719,0.78711,4.0058
0.087266,-0.62112,0.6957,3.8747
0.087344,-0.59046,0.6006,3.7361
0.087422,-0.57401,0.51461,3.5912
0.0875,-0.54821,0.43291,3.4414
0.087578,-0.49997,0.34736,3.2877
0.087656,-0.47828,0.25229,3.1297
0.087734,-0.47267,0.13694,2.9638
0.087813,-0.45248,0.021393,2.7901
0.087891,-0.43864,-0.10439,2.6073
0.087969,-0.42331,-0.19334,2.4183
0.088047,-0.35339,-0.29895,2.2267
0.088125,-0.29954,-0.39966,2.0294
0.088203,-0.20231,-0.49621,1.8311
0.088281,-0.08228,-0.6275,1.625
0.088359,-0.0015092,-0.69746,1.4198
0.088438,0.10132,-0.8509,1.2099
0.088516,0.14358,-0.9011,0.99766
0.088594,0.16975,-1.0689,0.78817
0.088672,0.20079,-1.1328,0.56732
0.08875,0.17424,-1.2264,0.36199
0.088828,0.13199,-1.4757,0.12556
0.088906,0.13535,-0.53361,-0.032467
0.088984,0.13872,0.06881,-0.021373
0.089063,0.099828,-0.17617,-0.015588
0.089141,0.1432,-0.042509,-0.021658
0.089219,0.126,-0.089683,-0.016072
0.089297,0.047103,-0.066788,-0.021351
0.089375,0.087488,-0.049404,-0.017381
0.089453,0.055703,-0.075403,-0.020177
0.089531,0.019805,-0.032897,-0.019319
0.089609,0.051964,-0.064876,-0.019863
0.089688,0.013074,-0.03972,-0.020751
0.089766,0.0022302,-0.053336,-0.020275
0.089844,-0.0067443,-0.047053,-0.021595
0.089922,-0.027685,-0.039116,-0.020822
0.09,-0.002631,-0.041831,-0.021898
0.090078,0.009335,-0.03587,-0.021891
0.090156,-0.021702,-0.038112,-0.022341
0.090234,-0.031424,-0.03455,-0.023008
0.090313,-0.023198,-0.034348,-0.023147
0.090391,-0.076671,-0.034194,-0.023818
0.090469,-0.070688,-0.042292,-0.024463
0.090547,-0.019084,-0.039038,-0.025831
0.090625,-0.0093619,-0.036563,-0.026697
0.090703,0.017562,-0.042974,-0.027496
0.090781,0.036633,-0.034655,-0.028159
0.090859,0.044485,-0.035881,-0.028384
0.090938,0.066174,-0.027498,-0.029318
0.091016,0.077018,-0.027472,-0.029164
0.091094,0.066922,-0.036256,-0.030435
0.091172,0.068791,-0.017245,-0.030049
0.09125,0.051964,-0.042625,-0.030885
0.091328,0.023919,-0.017308,-0.031616
0.091406,0.02878,-0.039952,-0.030885
0.091484,0.021675,-0.024101,-0.033382
0.091563,0.016066,-0.023138,-0.030203
0.091641,0.012327,-0.049257,-0.034574
0.091719,-0.0037528,0.016849,-0.030791
0.091797,-0.040025,-0.092611,-0.034177
0.091875,-0.012353,0.053507,-0.033701
0.091953,-0.016093,-0.11501,-0.030255
0.092031,-0.044512,0.075225,-0.040907
0.092109,0.024293,-0.16065,-0.016867
0.092188,-0.031424,-2.2659,-0.20645
0.092266,0.053834,-2.7594,-0.61663
0.092344,0.11067,-2.296,-0.96524
0.092422,0.066922,-2.5316,-1.3034
0.0925,0.32195,-2.4107,-1.6342
0.092578,0.36383,-2.4553,-1.9353
0.092656,0.39524,-2.4108,-2.2239
0.092734,0.55342,-2.4284,-2.4877
0.092813,0.49097,-2.4769,-2.7488
0.092891,0.49583,-2.4338,-2.9912
0.092969,0.53098,-2.4726,-3.2211
0.093047,0.51415,-2.4498,-3.4386
0.093125,0.50892,-2.4872,-3.6444
0.093203,0.57959,-2.4669,-3.84
0.093281,0.59754,-2.433,-4.0164
0.093359,0.55753,-2.4261,-4.1792
0.093438,0.61025,-2.3919,-4.3281
0.093516,0.55678,-2.3731,-4.4628
0.093594,0.49097,-2.3481,-4.5846
0.093672,0.47788,-2.3219,-4.6938
0.09375,0.4517,-2.2871,-4.7906
0.093828,0.4431,-2.2419,-4.8731
0.093906,0.46217,-2.2006,-4.942
0.093984,0.5063,-2.1507,-4.9981
0.094063,0.52724,-2.1041,-5.0416
0.094141,0.56314,-2.0546,-5.0731
0.094219,0.51303,-1.9946,-5.0925
0.094297,0.44609,-1.9372,-5.1003
0.094375,0.36794,-1.8749,-5.0967
0.094453,0.19593,-1.8235,-5.0831
0.094531,0.068791,-1.766,-5.0612
0.094609,-0.1107,-1.6989,-5.0287
0.094688,-0.27785,-1.6309,-4.9866
0.094766,-0.37881,-1.5427,-4.9336
0.094844,-0.47192,-1.4913,-4.8715
0.094922,-0.51493,-1.4287,-4.8045
0.095,-0.54858,-1.3251,-4.7263
0.095078,-0.5512,-1.2728,-4.6399
0.095156,-0.60205,-1.2057,-4.5504
0.095234,-0.61514,-1.1011,-4.4507
0.095313,-0.59084,-1.0217,-4.3419
0.095391,-0.6301,-0.94413,-4.2271
0.095469,-0.61178,-0.86181,-4.1054
0.095547,-0.61552,-0.77557,-3.9776
0.095625,-0.63085,-0.68088,-3.844
0.095703,-0.59719,-0.59582,-3.7033
0.095781,-0.55569,-0.50945,-3.5567
0.095859,-0.53213,-0.41653,-3.4055
0.095938,-0.51941,-0.33463,-3.2502
0.096016,-0.48277,-0.22425,-3.0897
0.096094,-0.47529,-0.1106,-2.9204
0.096172,-0.46183,0.0088298,-2.7423
0.09625,-0.43042,0.1242,-2.556
0.096328,-0.37507,0.20851,-2.3663
0.096406,-0.30103,0.33781,-2.1714
0.096484,-0.22288,0.41127,-1.9735
0.096562,-0.098359,0.53991,-1.7732
0.096641,-0.0059964,0.64112,-1.5659
0.096719,0.091228,0.74562,-1.3602
0.096797,0.18135,0.87998,-1.1453
0.096875,0.20416,0.93352,-0.93614
0.096953,0.25426,1.1393,-0.71818
0.097031,0.26511,1.1002,-0.50328
0.097109,0.2079,1.3933,-0.28926
0.097187,0.1634,1.1984,-0.05981
0.097266,0.16041,0.074164,0.015477
0.097344,0.12413,0.021018,-0.012368
0.097422,0.10581,0.12973,-0.0023877
0.0975,0.16751,-0.0003515,-0.006388
0.097578,0.12488,0.086221,-0.0050571
0.097656,0.089732,0.012845,-0.0038311
0.097734,0.1174,0.055329,-0.0056307
0.097812,0.074026,0.02837,-0.0023764
0.097891,0.06393,0.024118,-0.0044647
0.097969,0.082627,0.031575,-0.0022977
0.098047,0.057947,0.0081063,-0.0033512
0.098125,0.039624,0.025479,-0.0023914
0.098203,0.03925,0.014712,-0.0015741
0.098281,0.01644,0.020819,-0.0016416
0.098359,0.0063435,0.010836,-0.0010005
0.098437,0.01457,0.010367,-0.0011242
0.098516,-0.008614,0.013876,-2.5687e-05
0.098594,-0.032172,0.014757,0.0002405
0.098672,-0.056104,0.013152,0.00071665
0.09875,-0.078914,0.011218,0.0015415
0.098828,-0.035911,0.019571,0.00258
0.098906,0.0026042,0.016095,0.0038285
0.098984,0.0127,0.013557,0.0046983
0.099062,0.06393,0.010479,0.0053806
0.099141,0.082627,0.0090248,0.0055868
0.099219,0.070661,0.010153,0.0066816
0.099297,0.093471,0.0050396,0.0066928
0.099375,0.091975,0.014959,0.0073077
0.099453,0.061312,-0.0083256,0.0079113
0.099531,0.066922,0.011912,0.0077163
0.099609,0.05346,0.0084924,0.0099283
0.099687,0.02878,3.4652e-05,0.0080463
0.099766,0.026536,0.023811,0.010566
0.099844,0.023171,-0.024645,0.0088336
0.099922,0.018684,0.039958,0.010266
0.1,0.017562,-0.033924,0.011372
0.10008,0.017936,0.043133,0.0083087
0.10016,-0.011979,-0.01221,0.014997
0.10023,0.020927,-0.0089105,0.0051219
0.10031,0.00073447,0.086356,0.020171
0.10039,-0.014223,-0.22144,-0.0025451
0.10047,0.019805,1.4605,0.071692
0.10055,0.030276,2.9433,0.43514
0.10063,0.1877,2.4143,0.81681
0.1007,0.15816,2.469,1.1472
0.10078,0.22435,2.4822,1.491
0.10086,0.40534,2.4271,1.7989
0.10094,0.28493,2.4402,2.0964
0.10102,0.35111,2.3838,2.3681
0.10109,0.35972,2.4969,2.6305
0.10117,0.27072,2.4447,2.8829
0.10125,0.40347,2.4729,3.1176
0.10133,0.47451,2.4747,3.3424
0.10141,0.50032,2.4803,3.5527
0.10148,0.56912,2.5024,3.7548
0.10156,0.63755,2.4581,3.9417
0.10164,0.63381,2.4273,4.1113
0.10172,0.64204,2.4089,4.265
0.1018,0.6297,2.3795,4.406
0.10188,0.54033,2.3297,4.5346
0.10195,0.52761,2.3275,4.6503
0.10203,0.49059,2.3151,4.7548
0.10211,0.43562,2.2605,4.8455
0.10219,0.44796,2.2126,4.9219
0.10227,0.4805,2.1725,4.9853
0.10234,0.5336,2.1287,5.0354
0.10242,0.56837,2.07,5.0733
0.1025,0.5508,2.0096,5.0995
0.10258,0.50779,1.9541,5.1131
0.10266,0.42141,1.9028,5.1158
0.10273,0.2595,1.8433,5.1079
0.10281,0.12226,1.7728,5.0894
0.10289,-0.032172,1.7055,5.0622
0.10297,-0.22886,1.6495,5.0249
0.10305,-0.37732,1.5867,4.978
0.10313,-0.47305,1.4803,4.9201
0.1032,-0.51979,1.4224,4.8524
0.10328,-0.56952,1.3807,4.7811
0.10336,-0.57176,1.2757,4.7
0.10344,-0.5871,1.2125,4.6085
0.10352,-0.64207,1.1554,4.5145
0.10359,-0.62973,1.0566,4.4129
0.10367,-0.65441,0.964,4.3008
0.10375,-0.68058,0.89048,4.1828
0.10383,-0.6746,0.81341,4.0594
0.10391,-0.65478,0.71696,3.9296
0.10398,-0.61252,0.62544,3.7931
0.10406,-0.61851,0.53643,3.6499
0.10414,-0.58373,0.45558,3.5015
0.10422,-0.53848,0.37639,3.3493
0.1043,-0.53175,0.28103,3.1928
0.10437,-0.51418,0.17016,3.029
0.10445,-0.51754,0.055775,2.857
0.10453,-0.50446,-0.075575,2.6765
0.10461,-0.45921,-0.17395,2.4875
0.10469,-0.39639,-0.26138,2.2966
0.10477,-0.33469,-0.37637,2.1002
0.10484,-0.23298,-0.45656,1.9023
0.10492,-0.10696,-0.59715,1.6989
0.105,0.0026042,-0.6681,1.4914
0.10508,0.11441,-0.80007,1.2851
0.10516,0.15218,-0.90203,1.0702
0.10523,0.18396,-0.99534,0.86216
0.10531,0.21201,-1.1558,0.64178
0.10539,0.17836,-1.1347,0.43238
0.10547,0.1361,-1.4823,0.20814
0.10555,0.099454,-0.95782,-0.0011654
0.10562,0.11366,0.027751,-0.034064
0.1057,0.097211,-0.11797,-0.011836
0.10578,0.12264,-0.10062,-0.023312
0.10586,0.16489,-0.044886,-0.016462
0.10594,0.088236,-0.1045,-0.020811
0.10602,0.10357,-0.034794,-0.018876
0.10609,0.12114,-0.083332,-0.019139
0.10617,0.071035,-0.041508,-0.020999
0.10625,0.08674,-0.061715,-0.019461
0.10633,0.081879,-0.048706,-0.021531
0.10641,0.060191,-0.041643,-0.020436
0.10648,0.042989,-0.055563,-0.021666
0.10656,0.01644,-0.038385,-0.021283
0.10664,0.0059696,-0.050285,-0.021801
0.10672,0.00073447,-0.041523,-0.022566
0.1068,-0.023572,-0.039487,-0.022468
0.10687,-0.05947,-0.037823,-0.023162
0.10695,-0.077045,-0.032645,-0.023323
0.10703,-0.10846,-0.037418,-0.023972
0.10711,-0.10172,-0.043765,-0.024815
0.10719,-0.039277,-0.041268,-0.02603
0.10727,-0.019084,-0.039911,-0.026941
0.10734,0.012327,-0.037425,-0.027758
0.10742,0.044485,-0.029095,-0.028328
0.1075,0.043737,-0.038494,-0.028591
0.10758,0.054208,-0.032391,-0.029625
0.10766,0.063556,-0.029478,-0.029288
0.10773,0.060565,-0.038734,-0.030604
0.10781,0.035885,-0.020776,-0.030446
0.10789,0.020179,-0.048433,-0.03102
0.10797,-0.0078661,-0.019708,-0.031995
0.10805,-0.021328,-0.035214,-0.030536
0.10812,-0.0074922,-0.028642,-0.033599
0.1082,-0.032546,-0.014403,-0.030803
0.10828,-0.019832,-0.057828,-0.034698
0.10836,0.015692,0.017224,-0.031725
0.10844,-0.014971,-0.086594,-0.033584
0.10852,-0.010484,0.04422,-0.03481
0.10859,-0.0071182,-0.099378,-0.029483
0.10867,-0.011979,0.035853,-0.042418
0.10875,0.037754,-0.061382,-0.01563
0.10883,-0.021702,-2.125,-0.18119
0.10891,0.067295,-2.7973,-0.58754
0.10898,0.13947,-2.2913,-0.94275
0.10906,0.069913,-2.5326,-1.2795
0.10914,0.31596,-2.4291,-1.6139
0.10922,0.38215,-2.4568,-1.9161
0.1093,0.37841,-2.431,-2.2072
0.10938,0.57436,-2.4287,-2.4724
0.10945,0.51602,-2.497,-2.7348
0.10953,0.50032,-2.447,-2.9803
0.10961,0.58408,-2.4815,-3.2116
0.10969,0.56762,-2.4651,-3.4306
0.10977,0.5781,-2.4977,-3.637
0.10984,0.654,-2.4918,-3.8355
0.10992,0.68093,-2.4535,-4.0155
0.11,0.65363,-2.4415,-4.1802
0.11008,0.67868,-2.4135,-4.3314
0.11016,0.61437,-2.3913,-4.4682
0.11023,0.54369,-2.3655,-4.5919
0.11031,0.51079,-2.3406,-4.7031
0.11039,0.45021,-2.3132,-4.8023
0.11047,0.45694,-2.2649,-4.8884
0.11055,0.45956,-2.2159,-4.9601
0.11063,0.49807,-2.1748,-5.0191
0.1107,0.55155,-2.1195,-5.0654
0.11078,0.54743,-2.0682,-5.0992
0.11086,0.52051,-2.016,-5.1221
0.11094,0.45245,-1.953,-5.1326
0.11102,0.33541,-1.8937,-5.1314
0.11109,0.2064,-1.8381,-5.1201
0.11117,0.061312,-1.7796,-5.1001
0.11125,-0.14996,-1.7112,-5.0698
0.11133,-0.30216,-1.649,-5.0302
0.11141,-0.39788,-1.5681,-4.9808
0.11148,-0.49548,-1.4927,-4.9197
0.11156,-0.54335,-1.4474,-4.8536
0.11164,-0.59719,-1.3529,-4.7795
0.11172,-0.62561,-1.2718,-4.6939
0.1118,-0.64244,-1.2217,-4.6042
0.11188,-0.66039,-1.1241,-4.5078
0.11195,-0.65777,-1.0332,-4.4016
0.11203,-0.66637,-0.95818,-4.2882
0.11211,-0.6645,-0.87096,-4.1685
0.11219,-0.63982,-0.7919,-4.0424
0.11227,-0.6129,-0.7086,-3.9103
0.11234,-0.59158,-0.60835,-3.7716
0.11242,-0.54297,-0.5184,-3.6259
0.1125,-0.5325,-0.4351,-3.4758
0.11258,-0.53699,-0.35628,-3.3216
0.11266,-0.49473,-0.25901,-3.1631
0.11273,-0.47978,-0.13434,-2.9959
0.11281,-0.47791,-0.023588,-2.82
0.11289,-0.45061,0.097591,-2.6357
0.11297,-0.39826,0.18706,-2.4453
0.11305,-0.32347,0.2996,-2.2521
0.11313,-0.22512,0.3907,-2.0536
0.1132,-0.10285,0.48987,-1.8549
0.11328,-0.002257,0.62498,-1.6481
0.11336,0.092723,0.69606,-1.4415
0.11344,0.18471,0.85762,-1.2298
0.11352,0.20752,0.90007,-1.0164
0.11359,0.23183,1.0814,-0.80426
0.11367,0.23819,1.1222,-0.58233
0.11375,0.19743,1.219,-0.3765
0.11383,0.16302,1.4534,-0.13873
0.11391,0.14134,0.46196,0.011102
0.11398,0.12301,-0.085578,-0.0043972
0.11406,0.10095,0.1666,-0.0075615
0.11414,0.15928,0.011143,-0.0024964
0.11422,0.12713,0.067419,-0.0074115
0.1143,0.063556,0.041945,-0.0021365
0.11438,0.11703,0.027324,-0.0061368
0.11445,0.07627,0.04737,-0.0028713
0.11453,0.050842,0.010652,-0.0039811
0.11461,0.074774,0.040569,-0.0032612
0.11469,0.052338,0.0089685,-0.0024364
0.11477,0.053086,0.020261,-0.0027551
0.11484,0.041868,0.017066,-0.0014541
0.11492,0.029154,0.02236,-0.0018103
0.115,0.042616,0.019455,-0.00076427
0.11508,0.031771,0.0046122,-0.00092924
0.11516,-0.0045007,0.014948,-0.00026938
0.11523,-0.04526,0.011259,0.00036048
0.11531,-0.081532,0.01448,0.00056668
0.11539,-0.098733,0.014911,0.0014027
0.11547,-0.06807,0.01328,0.0022538
0.11555,-0.024319,0.017992,0.0035923
0.11563,-0.0015092,0.015364,0.0043871
0.1157,0.048972,0.011863,0.0050319
0.11578,0.080009,0.0052908,0.005778
0.11586,0.069165,0.0097221,0.0062354
0.11594,0.092723,0.0038174,0.006944
0.11602,0.087862,0.0027789,0.0067528
0.11609,0.052338,0.0051521,0.0082975
0.11617,0.051964,-0.0067323,0.0079263
0.11625,0.017188,0.022922,0.0088673
0.11633,-0.011232,-0.0070172,0.0095309
0.11641,-0.011232,0.016729,0.0086499
0.11648,-0.02245,-0.0033882,0.011237
0.11656,-0.0030049,0.0017817,0.0083162
0.11664,0.003352,0.029674,0.012669
0.11672,0.0059696,-0.034869,0.0088298
0.1168,-0.008614,0.06319,0.012275
0.11688,-0.015719,-0.086076,0.011207
0.11695,-0.00076128,0.10275,0.0088261
0.11703,-0.011605,-0.10982,0.018574
0.11711,0.03738,0.17612,-0.0041423
0.11719,0.023919,2.3449,0.19164
0.11727,0.12039,2.8089,0.60046
0.11734,0.22585,2.3209,0.94621
0.11742,0.15629,2.5331,1.2844
0.1175,0.34438,2.411,1.6138
0.11758,0.38776,2.463,1.9144
0.11766,0.31709,2.4102,2.2026
0.11773,0.44385,2.4153,2.4655
0.11781,0.34588,2.4716,2.7257
0.11789,0.34887,2.4334,2.9676
0.11797,0.52238,2.4597,3.1977
0.11805,0.54631,2.4496,3.4156
0.11813,0.58408,2.4737,3.6209
0.1182,0.68392,2.4571,3.8166
0.11828,0.72131,2.4157,3.9935
0.11836,0.70598,2.3753,4.1545
0.11844,0.72169,2.3701,4.302
0.11852,0.64877,2.359,4.4363
0.11859,0.56015,2.3167,4.5575
0.11867,0.5306,2.2942,4.667
0.11875,0.45843,2.2531,4.7643
0.11883,0.43114,2.207,4.8478
0.11891,0.43226,2.1658,4.9173
0.11898,0.44123,2.1119,4.9737
0.11906,0.47115,2.0658,5.0176
0.11914,0.47713,2.0076,5.0493
0.11922,0.44273,1.952,5.069
0.1193,0.39187,1.893,5.077
0.11937,0.2954,1.8266,5.0746
0.11945,0.14732,1.7788,5.0618
0.11953,-0.01011,1.7008,5.0394
0.11961,-0.19633,1.6353,5.0076
0.11969,-0.32908,1.5777,4.9658
0.11977,-0.43303,1.484,4.913
0.11984,-0.54522,1.4283,4.8499
0.11992,-0.60878,1.3703,4.7823
0.12,-0.61103,1.2729,4.7059
0.12008,-0.61813,1.2041,4.6184
0.12016,-0.66974,1.1471,4.5278
0.12023,-0.65441,1.0556,4.4302
0.12031,-0.6458,0.9534,4.3217
0.12039,-0.68507,0.88639,4.2071
0.12047,-0.66899,0.81131,4.0868
0.12055,-0.64281,0.71306,3.96
0.12062,-0.62748,0.63,3.827
0.1207,-0.58261,0.54147,3.6865
0.12078,-0.53661,0.46073,3.5405
0.12086,-0.49249,0.37239,3.39
0.12094,-0.46257,0.28194,3.2356
0.12102,-0.45846,0.18843,3.0761
0.12109,-0.43902,0.073463,2.9076
0.12117,-0.45173,-0.048594,2.7305
0.12125,-0.45173,-0.15912,2.5442
0.12133,-0.38667,-0.24475,2.3545
0.12141,-0.33207,-0.36811,2.1604
0.12148,-0.24943,-0.44475,1.9624
0.12156,-0.1279,-0.56774,1.7623
0.12164,-0.03292,-0.66341,1.555
0.12172,0.068043,-0.75163,1.3504
0.1218,0.1432,-0.89407,1.1368
0.12187,0.17125,-0.94328,0.92738
0.12195,0.20229,-1.1408,0.71184
0.12203,0.19406,-1.122,0.49558
0.12211,0.13834,-1.3865,0.28229
0.12219,0.079635,-1.2669,0.049463
0.12227,0.086366,-0.15455,-0.03886
0.12234,0.078514,-0.020337,-0.010999
0.12242,0.059069,-0.16443,-0.019259
0.1225,0.1088,-0.02926,-0.016829
0.12258,0.07814,-0.10866,-0.016567
0.12266,0.050842,-0.039075,-0.018562
0.12273,0.060939,-0.074057,-0.015993
0.12281,0.023919,-0.054817,-0.019431
0.12289,0.038128,-0.047731,-0.017264
0.12297,0.041494,-0.05929,-0.019083
0.12305,0.020927,-0.037174,-0.018674
0.12312,0.036633,-0.05478,-0.019038
0.1232,0.035137,-0.034764,-0.019701
0.12328,0.034015,-0.041328,-0.019683
0.12336,0.025414,-0.035543,-0.020474
0.12344,-0.0052485,-0.036065,-0.020245
0.12352,-0.03292,-0.037767,-0.020912
0.12359,-0.054608,-0.032548,-0.021313
0.12367,-0.068818,-0.038127,-0.02182
0.12375,-0.089385,-0.035723,-0.022449
0.12383,-0.058722,-0.03575,-0.023469
0.12391,-0.016093,-0.035735,-0.024631
0.12398,0.013822,-0.037647,-0.025351
0.12406,0.072905,-0.033264,-0.026412
0.12414,0.073278,-0.028327,-0.02666
0.12422,0.070287,-0.038112,-0.027233
0.1243,0.08674,-0.024431,-0.027788
0.12437,0.070661,-0.031513,-0.027893
0.12445,0.075522,-0.028473,-0.02925
0.12453,0.054208,-0.024064,-0.028471
0.12461,-0.0011352,-0.036848,-0.03006
0.12469,-0.02058,-0.013147,-0.029232
0.12477,-0.020206,-0.048747,-0.0303
0.12484,-0.026189,-0.00045272,-0.030746
0.12492,-0.037407,-0.048687,-0.029505
0.125,-0.020206,-0.020113,-0.033521
0.12508,-0.0015092,-0.017638,-0.028129
0.12516,-0.028059,-0.059646,-0.03538
0.12523,-0.0071182,0.054084,-0.027593
0.12531,-0.018336,-0.15304,-0.03541
0.12539,0.009335,0.20975,-0.029565
0.12547,0.020553,-0.77027,-0.039692
0.12555,-0.025067,-2.7258,-0.3313
0.12562,0.14358,-2.5278,-0.7379
0.1257,0.12862,-2.3583,-1.0687
0.12578,0.1806,-2.5185,-1.4124
0.12586,0.41581,-2.3814,-1.729
0.12594,0.3814,-2.4641,-2.0272
0.12602,0.5149,-2.3846,-2.3064
0.12609,0.61624,-2.4555,-2.5682
0.12617,0.54332,-2.444,-2.8244
0.12625,0.59417,-2.4342,-3.0603
0.12633,0.61474,-2.4592,-3.2874
0.12641,0.61399,-2.4493,-3.5002
0.12648,0.65961,-2.4804,-3.7037
0.12656,0.71757,-2.4358,-3.8931
0.12664,0.70037,-2.42,-4.0649
0.12672,0.7071,-2.3979,-4.2235
0.1268,0.7,-2.3668,-4.367
0.12688,0.60016,-2.345,-4.4976
0.12695,0.54145,-2.3129,-4.6149
0.12703,0.4517,-2.2925,-4.7202
0.12711,0.40945,-2.2473,-4.8131
0.12719,0.41244,-2.1939,-4.891
0.12727,0.40347,-2.1536,-4.9561
0.12734,0.43862,-2.1035,-5.0088
0.12742,0.46292,-2.0508,-5.0491
0.1275,0.45245,-1.9977,-5.0781
0.12758,0.40646,-1.9358,-5.0946
0.12766,0.36495,-1.8759,-5.0991
0.12773,0.22098,-1.818,-5.0933
0.12781,0.056451,-1.7624,-5.0778
0.12789,-0.077419,-1.6997,-5.0527
0.12797,-0.27112,-1.634,-5.0178
0.12805,-0.39826,-1.5709,-4.9743
0.12812,-0.49212,-1.4786,-4.9199
0.1282,-0.55569,-1.4107,-4.8552
0.12828,-0.57588,-1.3535,-4.7852
0.12836,-0.59009,-1.2633,-4.7065
0.12844,-0.62299,-1.1998,-4.6195
0.12852,-0.63122,-1.1247,-4.5268
0.12859,-0.60953,-1.0353,-4.4249
0.12867,-0.64767,-0.95833,-4.3149
0.12875,-0.62935,-0.86806,-4.1981
0.12883,-0.60131,-0.79172,-4.0748
0.12891,-0.59308,-0.71073,-3.9462
0.12898,-0.54297,-0.61501,-3.8105
0.12906,-0.5138,-0.52916,-3.6684
0.12914,-0.47978,-0.4369,-3.5208
0.12922,-0.44949,-0.35415,-3.3684
0.1293,-0.41845,-0.27335,-3.2125
0.12938,-0.40761,-0.1557,-3.0489
0.12945,-0.40798,-0.041084,-2.8761
0.12953,-0.38629,0.082907,-2.6959
0.12961,-0.37732,0.18043,-2.5073
0.12969,-0.313,0.27385,-2.316
0.12977,-0.23223,0.38668,-2.1194
0.12984,-0.15333,0.46501,-1.9213
0.12992,-0.03479,0.60848,-1.7172
0.13,0.05346,0.67693,-1.5093
0.13008,0.14358,0.81315,-1.3011
0.13016,0.19182,0.9031,-1.0854
0.13023,0.22734,1.007,-0.87657
0.13031,0.25127,1.1521,-0.6546
0.13039,0.20266,1.138,-0.44605
0.13047,0.15741,1.491,-0.21911
0.13055,0.095341,0.87746,-0.015573
0.13062,0.079261,-0.069498,0.0082412
0.1307,0.066548,0.11617,-0.011839
0.13078,0.088236,0.070587,-0.00037061
0.13086,0.12638,0.027684,-0.0073853
0.13094,0.056451,0.074321,-0.0024476
0.13102,0.052712,0.014986,-0.0046297
0.13109,0.042242,0.055591,-0.0035237
0.13117,0.028406,0.010194,-0.0023089
0.13125,0.055329,0.040085,-0.0034712
0.13133,0.036633,0.018071,-0.0014429
0.13141,0.06206,0.019488,-0.0025189
0.13148,0.048972,0.029543,-0.00090674
0.13156,0.032519,0.010997,-0.0011542
0.13164,0.054582,0.024519,-0.00059556
0.13172,0.050468,0.014821,-0.0001869
0.1318,0.049346,0.019346,4.1798e-05
0.13188,0.023919,0.017404,0.00087411
0.13195,-0.0067443,0.016002,0.00097159
0.13203,-0.065453,0.017381,0.0019351
0.13211,-0.061339,0.012841,0.0030861
0.13219,-0.0067443,0.012991,0.0041359
0.13227,0.0052217,0.013055,0.0052007
0.13234,0.071409,0.0075252,0.0061754
0.13242,0.10357,0.0094859,0.0063666
0.1325,0.097958,0.014243,0.0074127
0.13258,0.12563,0.00026709,0.0075101
0.13266,0.13386,0.014352,0.0077201
0.13273,0.10432,0.0030526,0.0089086
0.13281,0.070661,0.012838,0.0085449
0.13289,0.04972,0.011694,0.010408
0.13297,0.025414,-0.0022897,0.0087436
0.13305,0.0059696,0.029224,0.011173
0.13312,-0.0052485,-0.025714,0.010434
0.1332,-0.025067,0.042166,0.010543
0.13328,-0.027311,-0.028986,0.012714
0.13336,-0.00076128,0.023451,0.0085786
0.13344,-0.030302,0.012481,0.016332
0.13352,-0.014223,-0.044384,0.0063029
0.13359,-0.0045007,0.11438,0.019294
0.13367,-0.017962,-0.25384,0.0023025
0.13375,0.003352,1.2009,0.049891
0.13383,0.032145,2.9087,0.39136
0.13391,0.21276,2.4552,0.78445
0.13398,0.21537,2.4523,1.1155
0.13406,0.24379,2.5117,1.4633
0.13414,0.44348,2.4208,1.7766
0.13422,0.36719,2.4826,2.0776
0.1343,0.40608,2.3958,2.3543
0.13438,0.4431,2.4841,2.6181
0.13445,0.3571,2.4454,2.8757
0.13453,0.47676,2.4641,3.1157
0.13461,0.53696,2.4703,3.3446
0.13469,0.58034,2.473,3.5577
0.13477,0.65101,2.5034,3.7626
0.13484,0.68093,2.4798,3.9555
0.13492,0.7187,2.4559,4.1337
0.135,0.7101,2.4028,4.2938
0.13508,0.69476,2.3972,4.4397
0.13516,0.62671,2.3662,4.5745
0.13523,0.55192,2.3318,4.6947
0.13531,0.49321,2.3211,4.803
0.13539,0.44236,2.2781,4.9001
0.13547,0.42927,2.2319,4.9834
0.13555,0.4274,2.1727,5.0521
0.13562,0.47377,2.1244,5.1087
0.1357,0.49695,2.0813,5.1534
0.13578,0.46629,2.021,5.1851
0.13586,0.43974,1.9705,5.2051
0.13594,0.36121,1.9097,5.2142
0.13602,0.20304,1.8411,5.2116
0.13609,0.071409,1.7839,5.1979
0.13617,-0.083402,1.7271,5.1758
0.13625,-0.27935,1.6581,5.1438
0.13633,-0.3934,1.5776,5.1013
0.13641,-0.48239,1.4997,5.0499
0.13648,-0.54447,1.4298,4.9868
0.13656,-0.57102,1.3813,4.9173
0.13664,-0.58448,1.305,4.8426
0.13672,-0.59981,1.2001,4.7557
0.1368,-0.63533,1.1484,4.6626
0.13687,-0.61776,1.0814,4.5659
0.13695,-0.64281,0.97647,4.4586
0.13703,-0.66637,0.90101,4.343
0.13711,-0.63346,0.82314,4.2226
0.13719,-0.63533,0.73836,4.096
0.13727,-0.6043,0.65267,3.9628
0.13734,-0.57027,0.56036,3.8227
0.13742,-0.52914,0.48113,3.6763
0.1375,-0.47978,0.39158,3.5254
0.13758,-0.46893,0.30254,3.3701
0.13766,-0.45136,0.22363,3.2106
0.13773,-0.44612,0.10653,3.0431
0.13781,-0.44163,-0.011745,2.8663
0.13789,-0.43416,-0.12951,2.6815
0.13797,-0.40274,-0.22653,2.4901
0.13805,-0.33431,-0.3252,2.2966
0.13812,-0.23597,-0.42565,2.097
0.1382,-0.11033,-0.50729,1.8964
0.13828,-0.02058,-0.6438,1.6894
0.13836,0.067669,-0.70335,1.4805
0.13844,0.13199,-0.85268,1.2705
0.13852,0.12152,-0.92737,1.0535
0.13859,0.12339,-1.0459,0.84355
0.13867,0.12039,-1.184,0.61945
0.13875,0.0744,-1.1811,0.40936
0.13883,0.031397,-1.5087,0.17867
0.13891,0.020179,-0.81164,-0.01584
0.13898,0.035137,0.054467,-0.029978
0.13906,0.058695,-0.15473,-0.012792
0.13914,0.11217,-0.078627,-0.023432
0.13922,0.10581,-0.06657,-0.016162
0.1393,0.0658,-0.095591,-0.021246
0.13937,0.083001,-0.039319,-0.018434
0.13945,0.053834,-0.086283,-0.019964
0.13953,0.020553,-0.036387,-0.020537
0.13961,0.039998,-0.061427,-0.019705
0.13969,0.048599,-0.044016,-0.021673
0.13977,0.053086,-0.046701,-0.020414
0.13984,0.044485,-0.052571,-0.02176
0.13992,0.033267,-0.037977,-0.021527
0.14,0.050094,-0.048084,-0.022262
0.14008,0.047103,-0.038948,-0.022528
0.14016,0.01831,-0.042843,-0.022682
0.14023,0.00036053,-0.040578,-0.023405
0.14031,-0.027311,-0.034992,-0.023615
0.14039,-0.039277,-0.044031,-0.024594
0.14047,0.0014823,-0.0439,-0.025899
0.14055,0.021301,-0.040016,-0.026776
0.14063,0.050094,-0.04423,-0.027638
0.1407,0.10768,-0.030321,-0.028669
0.14078,0.11142,-0.036394,-0.028973
0.14086,0.11703,-0.037335,-0.029884
0.14094,0.14208,-0.024795,-0.029689
0.14102,0.11479,-0.037264,-0.030705
0.14109,0.073278,-0.018695,-0.030863
0.14117,0.039624,-0.04062,-0.031088
0.14125,-0.0048746,-0.019786,-0.032441
0.14133,-0.031424,-0.032387,-0.031013
0.14141,-0.056852,-0.032072,-0.033862
0.14148,-0.060591,-0.0072497,-0.031151
0.14156,-0.046008,-0.064313,-0.034537
0.14164,-0.01871,0.019421,-0.032647
0.14172,-0.035538,-0.087538,-0.033056
0.1418,-0.039651,0.032156,-0.036303
0.14188,-0.0089879,-0.073922,-0.028913
0.14195,-0.026189,-0.016157,-0.043966
0.14203,0.010083,0.044179,-0.015866
0.14211,-0.04713,-1.9395,-0.1525
0.14219,0.027658,-2.8437,-0.5519
0.14227,0.13124,-2.3081,-0.91652
0.14234,0.070661,-2.5283,-1.2534
0.14242,0.32157,-2.446,-1.5944
0.1425,0.40683,-2.4489,-1.8998
0.14258,0.41132,-2.4426,-2.1956
0.14266,0.59492,-2.4135,-2.4648
0.14273,0.54182,-2.4918,-2.7293
0.14281,0.56949,-2.4516,-2.9804
0.14289,0.62259,-2.4805,-3.2168
0.14297,0.61586,-2.4567,-3.4402
0.14305,0.64914,-2.4824,-3.6496
0.14313,0.67121,-2.494,-3.8516
0.1432,0.72244,-2.4724,-4.0398
0.14328,0.72094,-2.4426,-4.2127
0.14336,0.72954,-2.4065,-4.368
0.14344,0.66148,-2.3951,-4.5108
0.14352,0.57697,-2.3602,-4.6411
0.14359,0.51602,-2.3336,-4.7573
0.14367,0.43899,-2.3075,-4.8624
0.14375,0.4345,-2.2643,-4.9546
0.14383,0.42553,-2.2214,-5.0329
0.14391,0.45881,-2.1735,-5.0985
0.14398,0.50331,-2.1188,-5.1511
0.14406,0.52163,-2.0693,-5.191
0.14414,0.48872,-2.0074,-5.22
0.14422,0.43675,-1.9483,-5.2366
0.1443,0.33877,-1.8979,-5.2413
0.14438,0.17349,-1.8351,-5.2356
0.14445,0.056451,-1.7759,-5.2199
0.14453,-0.13575,-1.7098,-5.1949
0.14461,-0.29655,-1.6499,-5.1602
0.14469,-0.39826,-1.5785,-5.1164
0.14477,-0.50184,-1.4861,-5.061
0.14484,-0.53736,-1.4377,-4.9965
0.14492,-0.57513,-1.3683,-4.9276
0.145,-0.5785,-1.2721,-4.8478
0.14508,-0.62038,-1.2171,-4.7594
0.14516,-0.62038,-1.1443,-4.6673
0.14523,-0.59308,-1.0484,-4.5662
0.14531,-0.64207,-0.96689,-4.456
0.14539,-0.61552,-0.88777,-4.339
0.14547,-0.62038,-0.80093,-4.2153
0.14555,-0.59831,-0.7207,-4.0856
0.14563,-0.52839,-0.63641,-3.9503
0.1457,-0.51567,-0.53944,-3.8078
0.14578,-0.46033,-0.45825,-3.6594
0.14586,-0.4379,-0.3777,-3.5068
0.14594,-0.44089,-0.28879,-3.3498
0.14602,-0.41396,-0.18457,-3.1871
0.14609,-0.41209,-0.066342,-3.0148
0.14617,-0.42929,0.041337,-2.8348
0.14625,-0.37769,0.15557,-2.6466
0.14633,-0.30403,0.24414,-2.4533
0.14641,-0.24719,0.35164,-2.2579
0.14648,-0.11593,0.43628,-2.057
0.14656,-0.013475,0.55559,-1.8544
0.14664,0.067669,0.67063,-1.6437
0.14672,0.15218,0.73739,-1.4348
0.1468,0.17424,0.90009,-1.2193
0.14688,0.20304,0.93716,-1.0042
0.14695,0.19443,1.1206,-0.78855
0.14703,0.16078,1.1298,-0.56615
0.14711,0.14246,1.2936,-0.35586
0.14719,0.087114,1.4226,-0.11495
0.14727,0.079261,0.33671,0.01556
0.14734,0.084123,-0.063489,-0.0067517
0.14742,0.11067,0.16456,-0.0053945
0.1475,0.16863,0.0038436,-0.0027851
0.14758,0.11067,0.083109,-0.0060319
0.14766,0.084497,0.027459,-0.0017878
0.14773,0.08674,0.037735,-0.0055445
0.14781,0.059443,0.04521,-0.0016153
0.14789,0.062808,0.014093,-0.00328
0.14797,0.052712,0.045878,-0.002054
0.14805,0.074026,0.010656,-0.0018178
0.14813,0.066174,0.024478,-0.0019078
0.1482,0.044485,0.013749,-0.00049433
0.14828,0.064678,0.017505,-0.0011167
0.14836,0.0658,0.014603,-3.3185e-05
0.14844,0.044111,0.014153,3.0551e-05
0.14852,0.003726,0.018019,0.00058918
0.14859,-0.027311,0.0077426,0.0013765
0.14867,-0.046008,0.016275,0.0015265
0.14875,-0.050869,0.010476,0.0022426
0.14883,-0.013849,0.014296,0.0038622
0.14891,0.035511,0.016991,0.004867
0.14898,0.07814,0.015998,0.0055943
0.14906,0.10095,0.013396,0.0064491
0.14914,0.10544,0.0096921,0.0065953
0.14922,0.10731,0.010269,0.0076339
0.1493,0.10918,0.0037574,0.0075964
0.14938,0.087114,0.015721,0.0086049
0.14945,0.046729,-0.00038524,0.0088786
0.14953,0.020179,0.017887,0.0090323
0.14961,-0.026937,0.0022728,0.010584
0.14969,-0.037407,0.0096246,0.0089986
0.14977,-0.031798,0.01899,0.011968
0.14984,-0.046008,-0.019025,0.0093547
0.14992,-0.036285,0.031189,0.012129
0.15,-0.014597,-0.040965,0.010911
0.15008,0.0067175,0.058845,0.010693
0.15016,-0.020206,-0.051784,0.01496
0.15023,0.0048478,0.03646,0.0066253
0.15031,0.013448,0.011874,0.021978
0.15039,0.024293,-0.11544,-0.0055257
0.15047,0.040372,1.8495,0.11597
0.15055,0.073652,2.9133,0.50703
0.15063,0.21276,2.3305,0.87377
0.1507,0.16826,2.5054,1.2076
0.15078,0.29727,2.4511,1.5486
0.15086,0.43338,2.4212,1.8543
0.15094,0.32344,2.4199,2.15
0.15102,0.4173,2.3903,2.4188
0.15109,0.38589,2.4747,2.6826
0.15117,0.3844,2.426,2.9331
0.15125,0.52574,2.4499,3.1677
0.15133,0.53547,2.4399,3.391
0.15141,0.60801,2.4472,3.6005
0.15148,0.6813,2.4533,3.8026
0.15156,0.7243,2.4223,3.9889
0.15164,0.72057,2.378,4.1578
0.15172,0.70897,2.3591,4.312
0.1518,0.68168,2.3363,4.4538
0.15187,0.5594,2.3067,4.5818
0.15195,0.50854,2.2957,4.6975
0.15203,0.44497,2.2414,4.8015
0.15211,0.37879,2.1968,4.8922
0.15219,0.38589,2.1514,4.9689
0.15227,0.39524,2.0973,5.0323
0.15234,0.43039,2.0553,5.0835
0.15242,0.43749,1.9994,5.1219
0.1525,0.4173,1.9444,5.1484
0.15258,0.38327,1.8866,5.1635
0.15266,0.3025,1.8155,5.1673
0.15273,0.16714,1.7611,5.1602
0.15281,0.0085872,1.7076,5.1432
0.15289,-0.15931,1.6365,5.1166
0.15297,-0.31375,1.5723,5.0799
0.15305,-0.4263,1.4813,5.0337
0.15313,-0.5138,1.401,4.9761
0.1532,-0.55531,1.3616,4.9106
0.15328,-0.56466,1.2837,4.8405
0.15336,-0.57887,1.1914,4.759
0.15344,-0.61065,1.1337,4.669
0.15352,-0.62486,1.0676,4.5761
0.15359,-0.62412,0.97341,4.4735
0.15367,-0.62262,0.8919,4.3618
0.15375,-0.61589,0.81807,4.2451
0.15383,-0.61739,0.73433,4.1217
0.15391,-0.57176,0.65195,3.9919
0.15398,-0.52128,0.55829,3.8556
0.15406,-0.50072,0.46842,3.712
0.15414,-0.46519,0.39358,3.5634
0.15422,-0.41845,0.31123,3.4103
0.1543,-0.38143,0.22637,3.2536
0.15438,-0.37881,0.11457,3.0904
0.15445,-0.38554,0.0023853,2.917
0.15453,-0.3919,-0.10984,2.7358
0.15461,-0.3747,-0.22059,2.5466
0.15469,-0.31524,-0.30115,2.3541
0.15477,-0.24719,-0.41398,2.1568
0.15484,-0.14061,-0.49103,1.9565
0.15492,-0.058722,-0.62034,1.7531
0.155,0.011579,-0.69968,1.544
0.15508,0.10768,-0.80664,1.3364
0.15516,0.14171,-0.92922,1.1198
0.15523,0.17312,-0.98592,0.90964
0.15531,0.16863,-1.1839,0.68937
0.15539,0.12077,-1.142,0.4737
0.15547,0.074774,-1.4447,0.25511
0.15555,0.032893,-1.1599,0.027962
0.15563,0.045607,-0.063432,-0.036981
0.1557,0.028406,-0.06867,-0.0095223
0.15578,0.088236,-0.14044,-0.020226
0.15586,0.14433,-0.032919,-0.015364
0.15594,0.057573,-0.10814,-0.017388
0.15602,0.068417,-0.02797,-0.017879
0.15609,0.061686,-0.077645,-0.016263
0.15617,0.011953,-0.045306,-0.019079
0.15625,0.040746,-0.04877,-0.016968
0.15633,0.048599,-0.052294,-0.019041
0.15641,0.0658,-0.039851,-0.018329
0.15648,0.044111,-0.052658,-0.019184
0.15656,0.014196,-0.035738,-0.019416
0.15664,0.042616,-0.049377,-0.019581
0.15672,0.031023,-0.035465,-0.02035
0.1568,0.013074,-0.038989,-0.020207
0.15687,-0.0078661,-0.039101,-0.020905
0.15695,-0.047877,-0.03103,-0.021231
0.15703,-0.076671,-0.04005,-0.021801
0.15711,-0.086767,-0.037039,-0.022753
0.15719,-0.03105,-0.042794,-0.024129
0.15727,0.019431,-0.047589,-0.024965
0.15734,0.06393,-0.035356,-0.025861
0.15742,0.11142,-0.026467,-0.02645
0.1575,0.087488,-0.03476,-0.026828
0.15758,0.089732,-0.026531,-0.027605
0.15766,0.10095,-0.029331,-0.027402
0.15773,0.055703,-0.036023,-0.028756
0.15781,0.032893,-0.020667,-0.028351
0.15789,0.0011084,-0.041516,-0.02958
0.15797,-0.039277,-0.015415,-0.029637
0.15805,-0.047504,-0.044219,-0.029457
0.15813,-0.05947,-0.012547,-0.03171
0.1582,-0.062087,-0.027281,-0.028872
0.15828,-0.053487,-0.046502,-0.033435
0.15836,-0.028059,0.0091485,-0.028759
0.15844,-0.022076,-0.08205,-0.033618
0.15852,-0.0052485,0.06114,-0.030683
0.15859,-0.0048746,-0.14058,-0.030379
0.15867,-0.013101,0.12377,-0.037529
0.15875,0.024667,-0.30608,-0.018817
0.15883,-0.020206,-2.4312,-0.23827
0.15891,0.08674,-2.6892,-0.6515
0.15898,0.12451,-2.2966,-0.99465
0.15906,0.10731,-2.536,-1.3373
0.15914,0.38253,-2.3894,-1.6655
0.15922,0.39262,-2.4532,-1.967
0.1593,0.44909,-2.3887,-2.2557
0.15937,0.63979,-2.4163,-2.5202
0.15945,0.54893,-2.4536,-2.7825
0.15953,0.58296,-2.4133,-3.0262
0.15961,0.62072,-2.4437,-3.2578
0.15969,0.59567,-2.4221,-3.4759
0.15977,0.64129,-2.4588,-3.6832
0.15984,0.68242,-2.4396,-3.8812
0.15992,0.71047,-2.4091,-4.0617
0.16,0.68542,-2.385,-4.227
0.16008,0.68168,-2.3543,-4.3778
0.16016,0.6039,-2.3328,-4.5156
0.16023,0.51116,-2.2982,-4.6398
0.16031,0.44609,-2.2748,-4.7519
0.16039,0.36607,-2.2364,-4.8522
0.16047,0.35972,-2.1862,-4.9385
0.16055,0.35111,-2.1427,-5.0111
0.16063,0.36757,-2.0893,-5.0711
0.1607,0.40122,-2.0365,-5.118
0.16078,0.39262,-1.9872,-5.153
0.16086,0.36981,-1.9264,-5.1767
0.16094,0.33765,-1.8649,-5.1878
0.16102,0.22771,-1.8091,-5.1885
0.16109,0.070661,-1.7522,-5.1789
0.16117,-0.050869,-1.6901,-5.1594
0.16125,-0.20718,-1.6251,-5.1307
0.16133,-0.35189,-1.5619,-5.0928
0.16141,-0.45248,-1.4747,-5.044
0.16148,-0.50483,-1.4073,-4.9837
0.16156,-0.51717,-1.3641,-4.9194
0.16164,-0.55494,-1.2646,-4.8469
0.16172,-0.57289,-1.1862,-4.7619
0.1618,-0.58261,-1.1359,-4.6729
0.16187,-0.56541,-1.0469,-4.5782
0.16195,-0.54522,-0.96043,-4.4728
0.16203,-0.54933,-0.8769,-4.3589
0.16211,-0.54783,-0.79672,-4.239
0.16219,-0.53101,-0.71798,-4.1133
0.16227,-0.49286,-0.63111,-3.981
0.16234,-0.48389,-0.54611,-3.842
0.16242,-0.43416,-0.46434,-3.6966
0.1625,-0.38667,-0.3816,-3.5464
0.16258,-0.37433,-0.29339,-3.3921
0.16266,-0.34404,-0.19626,-3.233
0.16273,-0.34105,-0.086346,-3.0648
0.16281,-0.34478,0.022176,-2.8881
0.16289,-0.35264,0.14763,-2.7035
0.16297,-0.29954,0.23113,-2.5115
0.16305,-0.24195,0.3267,-2.3179
0.16312,-0.19147,0.43568,-2.1184
0.1632,-0.065453,0.52194,-1.9172
0.16328,0.010457,0.65337,-1.7095
0.16336,0.086366,0.71007,-1.5001
0.16344,0.16527,0.86803,-1.2886
0.16352,0.1705,0.93142,-1.0705
0.16359,0.1963,1.0518,-0.85856
0.16367,0.17948,1.1723,-0.63384
0.16375,0.12152,1.1953,-0.42369
0.16383,0.096089,1.5058,-0.18938
0.16391,0.055329,0.72068,-0.0022827
0.16398,0.05346,-0.093027,0.0043571
0.16406,0.06393,0.14051,-0.010073
0.16414,0.093471,0.047988,-2.1938e-05
0.16422,0.096089,0.048123,-0.0068867
0.1643,0.045607,0.062879,-0.0013004
0.16437,0.070661,0.015631,-0.0045134
0.16445,0.054956,0.058722,-0.0024102
0.16453,0.046355,0.008991,-0.0021815
0.16461,0.063182,0.040288,-0.0026913
0.16469,0.057947,0.014971,-0.0010492
0.16477,0.075148,0.014243,-0.0021365
0.16484,0.051216,0.026469,-0.00036686
0.16492,0.055329,0.017051,-0.00094423
0.165,0.058321,0.024021,0.00022926
0.16508,0.048599,0.016969,0.00070915
0.16516,0.039998,0.018431,0.00066416
0.16523,-0.002257,0.017063,0.0014665
0.16531,-0.016841,0.010648,0.0014552
0.16539,-0.042642,0.0086424,0.0025125
0.16547,-0.041521,0.018712,0.0035435
0.16555,0.020179,0.012853,0.0044396
0.16562,0.052712,0.01268,0.0056543
0.1657,0.09048,0.015619,0.0067228
0.16578,0.11965,0.0075027,0.0070003
0.16586,0.10095,0.013494,0.0078438
0.16594,0.099454,-0.0036056,0.0082112
0.16602,0.081131,0.0080088,0.0085449
0.16609,0.053086,0.00094941,0.0095384
0.16617,0.048225,0.0049796,0.0089723
0.16625,0.0074654,0.016332,0.011027
0.16633,-0.023572,-0.0044717,0.0097484
0.16641,-0.047504,0.027815,0.011653
0.16648,-0.051617,-0.022546,0.011196
0.16656,-0.027311,0.034083,0.011061
0.16664,-0.037033,-0.022167,0.013546
0.16672,-0.023945,0.017239,0.0091223
0.1668,-0.015345,0.016718,0.016759
0.16687,0.0044739,-0.047776,0.0071465
0.16695,-0.016841,0.12185,0.019346
0.16703,-0.025815,-0.25618,0.0044921
0.16711,0.00073447,1.1053,0.042775
0.16719,0.010457,2.8959,0.37389
0.16727,0.20304,2.48,0.76996
0.16734,0.20453,2.4139,1.0996
0.16742,0.21687,2.4978,1.4464
0.1675,0.41992,2.3894,1.7608
0.16758,0.32531,2.4455,2.061
0.16766,0.36345,2.3621,2.338
0.16773,0.42067,2.4515,2.6022
0.16781,0.34214,2.4229,2.8599
0.16789,0.45357,2.4194,3.0982
0.16797,0.52088,2.4187,3.3266
0.16805,0.56576,2.4204,3.54
0.16812,0.62633,2.4493,3.7456
0.1682,0.69028,2.4071,3.9383
0.16828,0.72842,2.3816,4.1134
0.16836,0.69065,2.3447,4.2729
0.16844,0.67906,2.3153,4.419
0.16852,0.58894,2.2968,4.5523
0.16859,0.48424,2.2725,4.6726
0.16867,0.4188,2.2393,4.7816
0.16875,0.35111,2.1804,4.8777
0.16883,0.33391,2.1286,4.959
0.16891,0.34962,2.079,5.0271
0.16898,0.38664,2.0207,5.0833
0.16906,0.39374,1.9874,5.1269
0.16914,0.36121,1.9314,5.1581
0.16922,0.32868,1.875,5.1778
0.1693,0.27446,1.8156,5.1852
0.16937,0.15592,1.7424,5.1813
0.16945,0.033267,1.693,5.1682
0.16953,-0.11257,1.6061,5.1458
0.16961,-0.29056,1.545,5.1128
0.16969,-0.4005,1.4976,5.0705
0.16977,-0.48015,1.3941,5.0179
0.16984,-0.52128,1.3383,4.9548
0.16992,-0.53325,1.2923,4.8871
0.17,-0.54372,1.1845,4.8106
0.17008,-0.56503,1.1085,4.7225
0.17016,-0.58373,1.0685,4.6305
0.17023,-0.56204,0.98444,4.5318
0.17031,-0.577,0.89025,4.4234
0.17039,-0.57438,0.81956,4.3085
0.17047,-0.55419,0.73754,4.1874
0.17055,-0.53961,0.65283,4.0601
0.17062,-0.51007,0.57004,3.9261
0.1707,-0.49361,0.48071,3.7846
0.17078,-0.43677,0.40013,3.6372
0.17086,-0.39452,0.31526,3.4853
0.17094,-0.38667,0.23685,3.3295
0.17102,-0.37283,0.13396,3.1685
0.17109,-0.38293,0.014228,2.998
0.17117,-0.40835,-0.080093,2.8194
0.17125,-0.38367,-0.19986,2.6325
0.17133,-0.32272,-0.28401,2.4403
0.17141,-0.27336,-0.38676,2.2449
0.17148,-0.18025,-0.47781,2.0442
0.17156,-0.081158,-0.57716,1.8423
0.17164,-0.002631,-0.69448,1.6326
0.17172,0.070287,-0.76238,1.4247
0.1718,0.090854,-0.91514,1.2105
0.17188,0.12675,-0.94922,0.99608
0.17195,0.15068,-1.1375,0.78239
0.17203,0.10095,-1.1683,0.55833
0.17211,0.071035,-1.2875,0.34922
0.17219,0.038128,-1.4651,0.10882
0.17227,0.029528,-0.43094,-0.034556
0.17234,0.045981,0.053675,-0.015888
0.17242,0.045981,-0.18545,-0.014441
0.1725,0.11404,-0.031828,-0.018528
0.17258,0.08674,-0.1009,-0.013916
0.17266,0.026536,-0.058847,-0.018951
0.17273,0.048225,-0.056954,-0.014842
0.17281,0.022797,-0.071598,-0.018142
0.17289,0.041868,-0.033369,-0.016833
0.17297,0.061312,-0.068992,-0.017643
0.17305,0.05346,-0.036065,-0.01822
0.17313,0.03925,-0.048238,-0.017969
0.1732,0.022049,-0.039472,-0.019165
0.17328,0.046355,-0.038524,-0.018543
0.17336,0.046355,-0.040875,-0.019578
0.17344,0.029154,-0.031476,-0.019581
0.17352,-0.0041267,-0.038835,-0.020027
0.17359,-0.014223,-0.037219,-0.020594
0.17367,-0.036285,-0.039724,-0.021103
0.17375,-0.060217,-0.037879,-0.021951
0.17383,-0.00076128,-0.035543,-0.022974
0.17391,0.023919,-0.036559,-0.023998
0.17398,0.045233,-0.035555,-0.024928
0.17406,0.080757,-0.030239,-0.025812
0.17414,0.080009,-0.038363,-0.026045
0.17422,0.093471,-0.033988,-0.026978
0.1743,0.06393,-0.025301,-0.026787
0.17438,0.039624,-0.042877,-0.027991
0.17445,0.042989,-0.022257,-0.028257
0.17453,-0.014223,-0.038966,-0.028122
0.17461,-0.045634,-0.022085,-0.029618
0.17469,-0.050869,-0.030936,-0.028103
0.17477,-0.083776,-0.038486,-0.031121
0.17484,-0.0662,-0.0093866,-0.028504
0.17492,-0.044886,-0.06236,-0.031489
0.175,-0.028059,0.021621,-0.030218
0.17508,-0.012727,-0.079126,-0.029892
0.17516,-0.026563,0.025832,-0.034076
0.17523,-0.030676,-0.062799,-0.025786
0.17531,-0.029928,-0.030269,-0.040933
0.17539,0.0029781,0.085388,-0.013399
0.17547,-0.044512,-1.8445,-0.13665
0.17555,0.020927,-2.8554,-0.52958
0.17563,0.15181,-2.3051,-0.89804
0.1757,0.092349,-2.4871,-1.2324
0.17578,0.27745,-2.4191,-1.5724
0.17586,0.40459,-2.4177,-1.8781
0.17594,0.39524,-2.4163,-2.1743
0.17602,0.58296,-2.3722,-2.4437
0.17609,0.56276,-2.4525,-2.7078
0.17617,0.55641,-2.4006,-2.9584
0.17625,0.63979,-2.4273,-3.1933
0.17633,0.60128,-2.4069,-3.4169
0.17641,0.61025,-2.4274,-3.6265
0.17648,0.64765,-2.435,-3.829
0.17656,0.6914,-2.3936,-4.0155
0.17664,0.68355,-2.3735,-4.186
0.17672,0.66223,-2.344,-4.3421
0.1768,0.61212,-2.3165,-4.4845
0.17688,0.50219,-2.2842,-4.6136
0.17695,0.42291,-2.2602,-4.7298
0.17703,0.34438,-2.2214,-4.8345
0.17711,0.32868,-2.1772,-4.9259
0.17719,0.3369,-2.1349,-5.0037
0.17727,0.35261,-2.0803,-5.0684
0.17734,0.39973,-2.0301,-5.1198
0.17742,0.393,-1.982,-5.1598
0.1775,0.38028,-1.9191,-5.1877
0.17758,0.3485,-1.8568,-5.2028
0.17766,0.24866,-1.8008,-5.2075
0.17773,0.12301,-1.7334,-5.2013
0.17781,-0.015719,-1.6785,-5.1849
0.17789,-0.16642,-1.6188,-5.1598
0.17797,-0.29804,-1.5532,-5.1251
0.17805,-0.39639,-1.4871,-5.0809
0.17813,-0.46818,-1.3972,-5.025
0.1782,-0.50296,-1.3421,-4.9609
0.17828,-0.50707,-1.2726,-4.8915
0.17836,-0.50109,-1.1806,-4.8108
0.17844,-0.53026,-1.1326,-4.7234
0.17852,-0.54559,-1.0582,-4.6313
0.17859,-0.5325,-0.9619,-4.529
0.17867,-0.52988,-0.88262,-4.4181
0.17875,-0.50259,-0.80259,-4.3005
0.17883,-0.50446,-0.71892,-4.1768
0.17891,-0.49473,-0.63749,-4.0465
0.17898,-0.46332,-0.55268,-3.9095
0.17906,-0.43191,-0.46605,-3.7659
0.17914,-0.40013,-0.38878,-3.6167
0.17922,-0.40461,-0.30429,-3.4637
0.1793,-0.36909,-0.21473,-3.3058
0.17938,-0.35825,-0.10625,-3.1406
0.17945,-0.38554,0.0056657,-2.9669
0.17953,-0.37657,0.12355,-2.7847
0.17961,-0.33095,0.22574,-2.5941
0.17969,-0.27486,0.30272,-2.4013
0.17977,-0.21615,0.42356,-2.2034
0.17984,-0.086767,0.48826,-2.0019
0.17992,0.011205,0.61235,-1.7972
0.18,0.063182,0.70802,-1.5856
0.18008,0.12264,0.80739,-1.3763
0.18016,0.1447,0.93762,-1.1574
0.18023,0.17387,0.99015,-0.94484
0.18031,0.17125,1.1707,-0.72381
0.18039,0.1447,1.128,-0.5053
0.18047,0.11366,1.4331,-0.28631
0.18055,0.057947,1.1947,-0.055191
0.18063,0.060565,0.06319,0.016842
0.1807,0.067669,0.025659,-0.011498
0.18078,0.10095,0.12153,-0.00081301
0.18086,0.14246,0.0013131,-0.0050458
0.18094,0.077392,0.088436,-0.0035237
0.18102,0.071409,0.013913,-0.0023089
0.18109,0.075522,0.0551,-0.0041385
0.18117,0.050468,0.025258,-0.001023
0.18125,0.084871,0.031204,-0.002965
0.18133,0.075896,0.032092,-0.00086925
0.18141,0.072905,0.0113,-0.0014354
0.18148,0.070661,0.027732,-0.00041935
0.18156,0.058695,0.0091747,-9.6921e-05
0.18164,0.075522,0.026289,4.1798e-05
0.18172,0.065426,0.016324,0.0006904
0.1818,0.048599,0.012583,0.00071665
0.18188,0.018684,0.01106,0.001534
0.18195,-0.002631,0.011488,0.0015302
0.18203,-0.041521,0.019968,0.0024413
0.18211,-0.043016,0.01121,0.003641
0.18219,0.026536,0.0073565,0.0045633
0.18227,0.043363,0.014097,0.0055943
0.18234,0.075148,0.015972,0.0070152
0.18242,0.11142,0.0039336,0.007124
0.1825,0.096837,0.013299,0.0077238
0.18258,0.07814,0.0071578,0.0085861
0.18266,0.054208,0.012061,0.0083612
0.18273,0.047477,0.0092347,0.0098796
0.18281,0.025414,-0.0024922,0.0090098
0.18289,-0.019084,0.016463,0.010757
0.18297,-0.044886,-0.011872,0.010296
0.18305,-0.063209,0.026825,0.010851
0.18313,-0.05573,-0.010099,0.012257
0.1832,-0.04713,0.019889,0.01003
0.18328,-0.040399,0.0028014,0.014607
0.18336,-0.016093,-0.015374,0.0093547
0.18344,-0.025441,0.047913,0.015923
0.18352,-0.011232,-0.082245,0.0098234
0.18359,-0.017589,0.1348,0.014735
0.18367,-0.02058,-0.21435,0.013618
0.18375,0.025788,0.58876,0.01151
0.18383,-1.3407e-05,2.6856,0.27914
0.18391,0.13086,2.6378,0.68965
0.18398,0.20715,2.3403,1.0247
0.18406,0.1892,2.5132,1.3709
0.18414,0.37804,2.3829,1.6941
0.18422,0.34139,2.4511,1.9961
0.1843,0.32868,2.3503,2.281
0.18438,0.42067,2.4157,2.5461
0.18445,0.33391,2.4303,2.8084
0.18453,0.41094,2.3963,3.0513
0.18461,0.49508,2.4025,3.283
0.18469,0.5235,2.3918,3.5006
0.18477,0.58034,2.4302,3.709
0.18484,0.6454,2.3982,3.9055
0.18492,0.69776,2.3808,4.087
0.185,0.66597,2.331,4.2517
0.18508,0.68317,2.3117,4.3996
0.18516,0.5953,2.3014,4.5381
0.18523,0.48199,2.2456,4.6628
0.18531,0.42964,2.2251,4.7749
0.18539,0.32756,2.1768,4.8753
0.18547,0.31073,2.127,4.9614
0.18555,0.32681,2.0954,5.0342
0.18563,0.35448,2.0382,5.0939
0.1857,0.39374,1.982,5.1416
0.18578,0.3844,1.9237,5.1768
0.18586,0.33541,1.8692,5.2001
0.18594,0.2853,1.8091,5.2115
0.18602,0.19294,1.7353,5.211
0.18609,0.069913,1.6832,5.2009
0.18617,-0.051617,1.6172,5.181
0.18625,-0.23896,1.5443,5.1508
0.18633,-0.35974,1.4984,5.1113
0.18641,-0.43864,1.4078,5.0623
0.18648,-0.50483,1.3262,5.0016
0.18656,-0.50034,1.289,4.9347
0.18664,-0.51119,1.1945,4.8621
0.18672,-0.51642,1.11,4.7775
0.1868,-0.54634,1.064,4.6864
0.18688,-0.55344,0.98344,4.5906
0.18695,-0.55157,0.89595,4.4853
0.18703,-0.56952,0.81573,4.3721
0.18711,-0.54073,0.7422,4.2527
0.18719,-0.52241,0.66616,4.1273
0.18727,-0.50446,0.57719,3.9956
0.18734,-0.49249,0.48506,3.8563
0.18742,-0.46482,0.40146,3.7103
0.1875,-0.42369,0.33087,3.5599
0.18758,-0.39377,0.2479,3.405
0.18766,-0.37433,0.15254,3.2452
0.18773,-0.38891,0.042335,3.0777
0.18781,-0.40424,-0.06395,2.9011
0.18789,-0.39601,-0.18072,2.7168
0.18797,-0.35413,-0.27463,2.525
0.18805,-0.29655,-0.35966,2.3311
0.18813,-0.20418,-0.47011,2.1312
0.1882,-0.10472,-0.54962,1.9293
0.18828,-0.025815,-0.6782,1.7219
0.18836,0.059443,-0.74141,1.511
0.18844,0.098706,-0.8725,1.3005
0.18852,0.11105,-0.95117,1.0826
0.18859,0.14844,-1.0541,0.87158
0.18867,0.12713,-1.2055,0.64644
0.18875,0.07814,-1.1785,0.43464
0.18883,0.052338,-1.5203,0.20527
0.18891,0.029528,-0.92151,-0.0028038
0.18898,0.048599,0.037776,-0.029532
0.18906,0.057573,-0.13509,-0.008825
0.18914,0.10469,-0.09916,-0.020215
0.18922,0.10768,-0.060714,-0.013069
0.1893,0.058695,-0.09997,-0.017928
0.18938,0.078888,-0.02914,-0.015506
0.18945,0.032893,-0.082991,-0.016256
0.18953,0.0127,-0.037118,-0.017478
0.18961,0.056077,-0.058994,-0.016241
0.18969,0.054582,-0.050599,-0.018295
0.18977,0.03738,-0.042892,-0.016946
0.18984,0.037754,-0.046033,-0.018539
0.18992,0.053834,-0.038546,-0.01819
0.19,0.05159,-0.048815,-0.01879
0.19008,0.036259,-0.034276,-0.019311
0.19016,-0.0015092,-0.040331,-0.019319
0.19023,-0.02058,-0.037459,-0.020155
0.19031,-0.038155,-0.035229,-0.020222
0.19039,-0.061339,-0.042205,-0.021036
0.19047,-0.026937,-0.039319,-0.022112
0.19055,0.0011084,-0.035086,-0.023308
0.19062,0.023545,-0.035221,-0.024238
0.1907,0.065052,-0.033204,-0.025348
0.19078,0.087862,-0.036661,-0.025595
0.19086,0.089358,-0.034977,-0.026262
0.19094,0.062808,-0.021009,-0.026649
0.19102,0.025414,-0.036376,-0.02708
0.19109,0.020179,-0.020154,-0.027897
0.19117,0.0011084,-0.030126,-0.027466
0.19125,-0.041521,-0.028064,-0.029269
0.19133,-0.051617,-0.017469,-0.027578
0.19141,-0.064705,-0.045441,-0.030109
0.19148,-0.053487,0.0026027,-0.028958
0.19156,-0.041521,-0.060467,-0.029558
0.19164,-0.024693,0.0098533,-0.031365
0.19172,-0.0067443,-0.050558,-0.027713
0.1918,-0.022824,-0.017811,-0.034799
0.19188,0.009709,0.0054032,-0.02474
0.19195,-0.016093,-0.1168,-0.038965
0.19203,-0.010858,0.21221,-0.019139
0.19211,-0.017589,-1.3215,-0.078537
0.19219,-0.015719,-2.8661,-0.4324
0.19227,0.1174,-2.372,-0.8225
0.19234,0.081131,-2.4157,-1.1536
0.19242,0.22098,-2.4612,-1.5002
0.1925,0.40571,-2.3842,-1.8114
0.19258,0.37467,-2.4335,-2.1117
0.19266,0.54145,-2.3505,-2.3873
0.19273,0.57772,-2.432,-2.6519
0.19281,0.52799,-2.3969,-2.9087
0.19289,0.60988,-2.4094,-3.1468
0.19297,0.58782,-2.3994,-3.3745
0.19305,0.58071,-2.404,-3.5873
0.19312,0.61773,-2.425,-3.7931
0.1932,0.64204,-2.3835,-3.9842
0.19328,0.66522,-2.3635,-4.1588
0.19336,0.66934,-2.3321,-4.3196
0.19344,0.61885,-2.307,-4.4661
0.19352,0.51453,-2.2739,-4.5999
0.19359,0.42478,-2.2456,-4.7202
0.19367,0.35411,-2.2177,-4.8288
0.19375,0.32494,-2.1729,-4.9247
0.19383,0.31297,-2.1249,-5.0069
0.19391,0.32494,-2.074,-5.0759
0.19398,0.34962,-2.0225,-5.1317
0.19406,0.36271,-1.9696,-5.1755
0.19414,0.35859,-1.912,-5.2072
0.19422,0.31185,-1.8532,-5.2265
0.1943,0.25352,-1.793,-5.2351
0.19437,0.13909,-1.7312,-5.2321
0.19445,0.01457,-1.6769,-5.2192
0.19453,-0.11182,-1.6147,-5.1973
0.19461,-0.26588,-1.5493,-5.1656
0.19469,-0.36236,-1.4761,-5.1243
0.19477,-0.42331,-1.3947,-5.0711
0.19484,-0.48314,-1.3461,-5.0104
0.19492,-0.51231,-1.2698,-4.9442
0.195,-0.49885,-1.1802,-4.8658
0.19508,-0.51754,-1.1364,-4.7802
0.19516,-0.53175,-1.0604,-4.6909
0.19523,-0.51567,-0.95957,-4.5914
0.19531,-0.52166,-0.88432,-4.4823
0.19539,-0.49062,-0.80965,-4.3672
0.19547,-0.49174,-0.72552,-4.2457
0.19555,-0.48501,-0.64677,-4.1169
0.19562,-0.44126,-0.56052,-3.9822
0.1957,-0.43154,-0.46299,-3.8402
0.19578,-0.39265,-0.39003,-3.6921
0.19586,-0.3762,-0.31835,-3.5404
0.19594,-0.34142,-0.23337,-3.3837
0.19602,-0.32384,-0.12925,-3.2212
0.19609,-0.36049,-0.0096153,-3.0497
0.19617,-0.35376,0.094832,-2.8692
0.19625,-0.33618,0.20852,-2.6808
0.19633,-0.27336,0.27696,-2.488
0.19641,-0.21465,0.38815,-2.2922
0.19648,-0.13388,0.48389,-2.0901
0.19656,-0.021702,0.57015,-1.8875
0.19664,0.04112,0.70158,-1.6769
0.19672,0.11067,0.75744,-1.4665
0.1968,0.12563,0.9148,-1.2503
0.19687,0.15704,0.96251,-1.0326
0.19695,0.18733,1.1306,-0.81725
0.19703,0.13797,1.1789,-0.59046
0.19711,0.10992,1.2777,-0.37962
0.19719,0.067669,1.4734,-0.13904
0.19727,0.060939,0.45151,0.012725
0.19734,0.055703,-0.084708,-0.0027701
0.19742,0.061686,0.16995,-0.0061668
0.1975,0.1447,0.0054745,-0.001083
0.19758,0.096463,0.069852,-0.0062868
0.19766,0.055703,0.038893,-0.00051683
0.19773,0.080009,0.025963,-0.0044947
0.19781,0.048972,0.058201,-0.0010717
0.19789,0.060565,0.0134,-0.002189
0.19797,0.061686,0.041165,-0.0014241
0.19805,0.088236,0.013209,-0.00039685
0.19812,0.092349,0.019616,-0.0010867
0.1982,0.051216,0.018334,0.00022926
0.19828,0.065052,0.021974,-0.00015691
0.19836,0.065426,0.022499,0.0009491
0.19844,0.053834,0.016369,0.0009491
0.19852,0.033267,0.015023,0.0015265
0.19859,0.0067175,0.0074727,0.0021563
0.19867,-0.031798,0.010779,0.00237
0.19875,-0.044512,0.010408,0.0029399
0.19883,0.0029781,0.013868,0.0035585
0.19891,0.038128,0.014142,0.0051632
0.19898,0.068043,0.0072065,0.0062317
0.19906,0.099828,0.0045597,0.0070415
0.19914,0.097584,0.0053882,0.0076601
0.19922,0.080757,0.011724,0.0079825
0.1993,0.091975,0.00823,0.0088823
0.19937,0.063182,0.01304,0.0087624
0.19945,0.015692,0.010956,0.010071
0.19953,0.009335,-0.0018324,0.0097184
0.19961,-0.021328,0.020605,0.010648
0.19969,-0.038155,-0.010084,0.010828
0.19977,-0.045634,0.02335,0.010693
0.19984,-0.050121,-0.0027584,0.013059
0.19992,-0.023572,0.0038661,0.0097371
0.2,-0.028807,0.018746,0.014386
0.20008,-0.014597,-0.044252,0.010202
0.20016,-0.0059964,0.061597,0.014326
0.20023,-0.011232,-0.080689,0.012564
0.20031,-0.002257,0.10517,0.011301
0.20039,-0.010484,-0.13421,0.019485
0.20047,0.021301,0.24084,-0.00089549
0.20055,0.015692,2.404,0.20639
0.20062,0.14171,2.7668,0.61561
0.2007,0.22996,2.2809,0.95883
0.20078,0.17162,2.4733,1.2972
0.20086,0.35373,2.351,1.6241
0.20094,0.35149,2.403,1.9241
0.20102,0.27371,2.3515,2.2114
0.20109,0.38589,2.355,2.4752
0.20117,0.32868,2.3634,2.735
0.20125,0.36009,2.3344,2.9764
0.20133,0.47227,2.3785,3.2081
0.20141,0.49957,2.3585,3.427
0.20148,0.56239,2.3727,3.6334
0.20156,0.64279,2.3196,3.8279
0.20164,0.67083,2.2829,4.003
0.20172,0.63007,2.2701,4.1646
0.2018,0.61025,2.2439,4.3132
0.20187,0.53023,2.2216,4.4485
0.20195,0.4259,2.18,4.5711
0.20203,0.35672,2.1542,4.6819
0.20211,0.28568,2.1026,4.7793
0.20219,0.27782,2.0402,4.8618
0.20227,0.27371,2.0039,4.9309
0.20234,0.28979,1.9452,4.9874
0.20242,0.3111,1.8983,5.0315
0.2025,0.31148,1.8391,5.0641
0.20258,0.27969,1.7635,5.0845
0.20266,0.21425,1.7149,5.093
0.20273,0.14994,1.6476,5.0913
0.20281,0.017562,1.5974,5.0796
0.20289,-0.092002,1.5235,5.0576
0.20297,-0.21353,1.4453,5.0257
0.20305,-0.35226,1.3984,4.9844
0.20313,-0.39863,1.3084,4.9312
0.2032,-0.46183,1.2613,4.8692
0.20328,-0.48277,1.1981,4.803
0.20336,-0.46594,1.0836,4.7257
0.20344,-0.49548,1.0405,4.6396
0.20352,-0.52278,0.98509,4.5495
0.20359,-0.54522,0.88366,4.4508
0.20367,-0.54447,0.80488,4.3427
0.20375,-0.52801,0.72783,4.228
0.20383,-0.50146,0.65054,4.1072
0.20391,-0.48277,0.56979,3.9799
0.20398,-0.4551,0.47539,3.8453
0.20406,-0.41209,0.39505,3.7034
0.20414,-0.38442,0.31558,3.5567
0.20422,-0.33731,0.23695,3.4059
0.2043,-0.31898,0.16397,3.2501
0.20438,-0.32833,0.053177,3.087
0.20445,-0.31001,-0.057914,2.9147
0.20453,-0.3201,-0.16688,2.7346
0.20461,-0.34441,-0.26621,2.5459
0.20469,-0.28383,-0.34951,2.3548
0.20477,-0.21316,-0.46086,2.1588
0.20484,-0.15632,-0.53039,1.9592
0.20492,-0.060217,-0.65776,1.7559
0.205,-0.002631,-0.73048,1.5464
0.20508,0.052338,-0.83682,1.3387
0.20516,0.10581,-0.94968,1.1221
0.20523,0.11516,-1.0149,0.91159
0.20531,0.11815,-1.197,0.69015
0.20539,0.1189,-1.1534,0.47514
0.20547,0.075522,-1.4709,0.25461
0.20555,0.032519,-1.1282,0.028037
0.20563,0.070661,-0.040923,-0.031552
0.2057,0.0658,-0.078488,-0.0046297
0.20578,0.082253,-0.13503,-0.01575
0.20586,0.12152,-0.033703,-0.0104
0.20594,0.057573,-0.11131,-0.01299
0.20602,0.036633,-0.032038,-0.01281
0.20609,0.023545,-0.081585,-0.011783
0.20617,0.0059696,-0.047477,-0.014434
0.20625,0.046355,-0.046281,-0.01227
0.20633,0.068043,-0.053835,-0.014659
0.20641,0.066174,-0.041032,-0.013785
0.20648,0.056077,-0.050116,-0.01464
0.20656,0.045981,-0.036721,-0.014719
0.20664,0.043737,-0.04417,-0.015101
0.20672,0.051964,-0.036065,-0.015941
0.2068,0.030276,-0.042018,-0.015573
0.20688,-0.0063704,-0.039956,-0.016357
0.20695,-0.022824,-0.031824,-0.016694
0.20703,-0.053113,-0.028791,-0.017163
0.20711,-0.067696,-0.035791,-0.017763
0.20719,-0.031798,-0.044522,-0.018798
0.20727,0.01831,-0.033481,-0.020099
0.20734,0.033267,-0.035221,-0.020687
0.20742,0.053086,-0.031701,-0.021535
0.2075,0.056451,-0.022077,-0.02188
0.20758,0.035885,-0.033571,-0.022401
0.20766,0.043363,-0.021488,-0.022937
0.20773,0.01831,-0.03043,-0.023282
0.20781,0.011205,-0.02995,-0.024571
0.20789,0.0022302,-0.030921,-0.023724
0.20797,-0.033668,-0.038798,-0.02567
0.20805,-0.016093,-0.012686,-0.0248
0.20813,-0.028433,-0.049216,-0.025805
0.2082,-0.040025,0.00024085,-0.02612
0.20828,-0.025067,-0.045958,-0.025014
0.20836,-0.019458,-0.0092366,-0.028711
0.20844,-0.0033789,-0.025849,-0.023604
0.20852,-0.023198,-0.056354,-0.030795
0.20859,-0.00038735,0.048348,-0.022881
0.20867,-0.028059,-0.1533,-0.031699
0.20875,-0.023572,0.22254,-0.023327
0.20883,0.022423,-0.84745,-0.040082
0.20891,-0.014597,-2.7577,-0.34121
0.20898,0.11853,-2.4894,-0.74484
0.20906,0.1002,-2.3327,-1.0741
0.20914,0.15854,-2.4734,-1.4173
0.20922,0.39561,-2.342,-1.7324
0.2093,0.34214,-2.4077,-2.0306
0.20938,0.46629,-2.3171,-2.3093
0.20945,0.57884,-2.3756,-2.5713
0.20953,0.49882,-2.3569,-2.8272
0.20961,0.54444,-2.3544,-3.0636
0.20969,0.57436,-2.3669,-3.2916
0.20977,0.56426,-2.3535,-3.5057
0.20984,0.57323,-2.3674,-3.7101
0.20992,0.63157,-2.3093,-3.8982
0.21,0.62259,-2.2949,-4.0689
0.21008,0.59642,-2.2692,-4.2282
0.21016,0.56426,-2.2288,-4.3721
0.21023,0.44497,-2.2059,-4.5027
0.21031,0.38402,-2.1671,-4.6217
0.21039,0.30961,-2.1378,-4.7284
0.21047,0.25165,-2.0946,-4.8217
0.21055,0.25015,-2.0306,-4.9004
0.21063,0.27296,-1.9901,-4.9659
0.2107,0.30811,-1.9391,-5.0193
0.21078,0.30063,-1.8786,-5.0599
0.21086,0.29315,-1.8273,-5.0882
0.21094,0.24417,-1.7652,-5.1053
0.21102,0.21051,-1.6999,-5.1107
0.21109,0.11591,-1.6467,-5.1054
0.21117,-0.013475,-1.5933,-5.0919
0.21125,-0.10285,-1.5248,-5.0679
0.21133,-0.26738,-1.4589,-5.034
0.21141,-0.35825,-1.3732,-4.9891
0.21148,-0.40574,-1.3119,-4.9333
0.21156,-0.43603,-1.2625,-4.8728
0.21164,-0.43229,-1.1616,-4.8026
0.21172,-0.44388,-1.1019,-4.7215
0.2118,-0.43303,-1.0532,-4.6372
0.21188,-0.46594,-0.95307,-4.545
0.21195,-0.46818,-0.86779,-4.4422
0.21203,-0.46669,-0.80041,-4.3325
0.21211,-0.46968,-0.71384,-4.2159
0.21219,-0.43827,-0.63696,-4.0925
0.21227,-0.44014,-0.56102,-3.9624
0.21234,-0.41995,-0.45979,-3.8251
0.21242,-0.3919,-0.38824,-3.6813
0.2125,-0.35339,-0.3118,-3.533
0.21258,-0.32197,-0.22617,-3.3803
0.21266,-0.31524,-0.1426,-3.2225
0.21273,-0.30066,-0.019993,-3.0557
0.21281,-0.30178,0.087008,-2.8796
0.21289,-0.29505,0.19994,-2.6948
0.21297,-0.27486,0.28033,-2.5042
0.21305,-0.21914,0.37194,-2.3114
0.21313,-0.16679,0.47353,-2.1117
0.2132,-0.097985,0.55542,-1.9118
0.21328,0.013448,0.68701,-1.7049
0.21336,0.06393,0.73534,-1.4963
0.21344,0.12077,0.88493,-1.2849
0.21352,0.15667,0.95268,-1.0671
0.21359,0.16826,1.0902,-0.85515
0.21367,0.1877,1.196,-0.62894
0.21375,0.13573,1.202,-0.41902
0.21383,0.093471,1.5056,-0.18406
0.21391,0.079261,0.69652,0.00066041
0.21398,0.081505,-0.093233,0.0043796
0.21406,0.08674,0.14591,-0.0089525
0.21414,0.11778,0.033768,0.00063792
0.21422,0.13273,0.046312,-0.006298
0.2143,0.085245,0.056982,-0.00077177
0.21438,0.081131,0.010056,-0.0042323
0.21445,0.065426,0.061473,-0.001769
0.21453,0.0658,0.012448,-0.0013979
0.21461,0.090854,0.040217,-0.0018403
0.21469,0.074774,0.018746,-0.00035561
0.21477,0.07627,0.02203,-0.0012179
0.21484,0.069539,0.020058,0.00028549
0.21492,0.063182,0.011435,-0.0001794
0.215,0.080757,0.022397,0.0009266
0.21508,0.097211,0.013917,0.0011928
0.21516,0.057947,0.018783,0.0013203
0.21523,0.01644,0.013325,0.0020176
0.21531,0.02504,0.016639,0.0023775
0.21539,-0.015719,0.015672,0.0030186
0.21547,-0.018336,0.011383,0.0032098
0.21555,0.013448,0.015319,0.0036635
0.21563,0.028406,0.010558,0.0041621
0.2157,0.077392,0.0084399,0.0042709
0.21578,0.083001,0.0086724,0.0041509
0.21586,0.062434,0.0063292,0.0043046
0.21594,0.04972,0.0068841,0.0042709
0.21602,0.042616,0.006183,0.0040871
0.21609,0.023545,0.0025465,0.0041434
0.21617,0.009709,-0.0017536,0.0040909
0.21625,0.011953,-0.0012962,0.0041209
0.21633,-0.03479,0.0028502,0.0041921
0.21641,-0.048625,0.0048446,0.0043796
0.21648,-0.034042,0.0019504,0.0043796
0.21656,-0.048999,-0.0017049,0.0042784
0.21664,-0.032172,-0.00072265,0.0043121
