0,0.022423,-0.01242,0.0023663
7.8125e-05,0.03925,-0.021691,0.0021901
0.00015625,0.026162,-0.018328,0.0023213
0.00023437,0.020553,-0.010583,0.0025312
0.0003125,0.031771,-0.0035756,0.0028724
0.00039063,0.016066,-0.007141,0.0031724
0.00046875,0.028406,-0.0089105,0.0035248
0.00054688,0.026536,-0.005154,0.003761
0.000625,0.021301,-0.015565,0.0034873
0.00070312,0.031397,-0.0035494,0.0043158
0.00078125,0.026536,-0.0099602,0.0044358
0.00085938,0.015692,-0.0031108,0.0044808
0.0009375,0.026162,-0.014347,0.0049607
0.0010156,0.031771,-0.0094541,0.0043833
0.0010938,0.0127,-0.0070697,0.0052981
0.0011719,0.021301,-0.021327,0.0044133
0.00125,0.030276,0.013988,0.0056618
0.0013281,0.029154,-0.044425,0.0047807
0.0014062,0.024293,0.026109,0.0051782
0.0014844,0.033267,-0.046539,0.005823
0.0015625,0.019431,0.0078476,0.0037047
0.0016406,0.023545,-0.013777,0.0075889
0.0017188,0.028406,-0.070357,0.0015227
0.0017969,0.0059696,0.11043,0.0096097
0.001875,0.012327,-0.32508,-0.0021927
0.0019531,0.017188,1.4395,0.032645
0.0020313,0.10768,3.9596,0.21503
0.0021094,0.25875,3.5821,0.39438
0.0021875,0.47077,3.2737,0.5516
0.0022656,0.5048,3.9868,0.69463
0.0023437,0.4102,3.9232,0.78396
0.0024219,0.47751,3.2295,0.89363
0.0025,0.49471,3.0206,0.99829
0.0025781,0.48573,2.9035,1.0847
0.0026563,0.37168,2.6157,1.1697
0.0027344,0.038502,2.4994,1.2449
0.0028125,-0.032172,2.3396,1.3127
0.0028906,0.075896,2.2933,1.3654
0.0029688,0.083749,2.2032,1.4076
0.0030469,0.32008,2.0725,1.4396
0.003125,0.16826,1.9988,1.4631
0.0032031,-0.19259,1.8941,1.475
0.0032812,-0.12678,1.7941,1.4794
0.0033594,-0.18586,1.6628,1.4785
0.0034375,-0.14099,1.5451,1.4648
0.0035156,-0.1006,1.4669,1.4463
0.0035938,-0.29468,1.3562,1.4215
0.0036719,-0.33544,1.2339,1.3861
0.00375,-0.29842,1.1277,1.3429
0.0038281,-0.18324,1.0263,1.2937
0.0039063,-0.060965,0.90104,1.2381
0.0039844,-0.022824,0.78697,1.1753
0.0040625,-0.077419,0.66993,1.1072
0.0041406,-0.28832,0.53483,1.0305
0.0042188,-0.44463,0.42844,0.95056
0.0042969,-0.57251,0.29576,0.86666
0.004375,-0.61215,0.18281,0.77946
0.0044531,-0.53063,-0.0020198,0.68545
0.0045312,-0.53512,-0.13462,0.58136
0.0046094,-0.49099,-0.30094,0.47297
0.0046875,-0.38442,-0.45203,0.3514
0.0047656,-0.27972,-0.5296,0.23613
0.0048437,-0.17576,-0.81086,0.1029
0.0049219,-0.032172,-0.41251,-0.0012404
0.005,0.066174,0.06628,-0.0014879
0.0050781,0.068791,-0.070495,0.0062204
0.0051563,0.10058,-0.017061,0.0012415
0.0052344,0.023919,-0.028983,0.0054219
0.0053125,-0.037407,-0.038775,0.0021413
0.0053906,0.029902,-0.0053864,0.0043271
0.0054688,0.091601,-0.034044,0.0032398
0.0055469,0.1963,-0.0051577,0.0034348
0.005625,0.28493,-0.024664,0.0035323
0.0057031,0.26062,-0.014242,0.0027899
0.0057812,0.20079,-0.015876,0.0036073
0.0058594,0.22771,-0.017507,0.0026737
0.0059375,0.20603,-0.014714,0.0030374
0.0060156,0.14807,-0.017143,0.0027674
0.0060938,0.21276,-0.0084793,0.0026962
0.0061719,0.21911,-0.015621,0.0024525
0.00625,0.19443,-0.016416,0.0021601
0.0063281,0.24305,-0.014358,0.0023738
0.0064063,0.24716,-0.012262,0.0021001
0.0064844,0.26885,-0.013301,0.0018189
0.0065625,0.34326,-0.013859,0.001519
0.0066406,0.35261,-0.014047,0.0011478
0.0067187,0.30101,-0.011449,0.0011928
0.0067969,0.17312,-0.010601,0.001204
0.006875,0.034015,-0.014564,0.0011665
0.0069531,-0.068818,-0.010223,0.0012865
0.0070313,-0.18137,-0.0073322,0.001249
0.0071094,-0.18923,-0.0078008,0.0014627
0.0071875,-0.18773,-0.0090529,0.0013877
0.0072656,-0.19184,-0.011359,0.0010878
0.0073438,-0.16081,-0.014155,0.0011815
0.0074219,-0.18362,-0.012176,0.0013203
0.0075,-0.14921,-0.0087605,0.0012378
0.0075781,-0.10995,-0.011374,0.001309
0.0076562,-0.085271,-0.008918,0.0014177
0.0077344,-0.083028,-0.0045391,0.0013053
0.0078125,-0.13164,-0.010609,0.0014402
0.0078906,-0.16043,-0.013424,0.0014365
0.0079688,-0.22512,-0.0066986,0.0014215
0.0080469,-0.21391,-0.0091542,0.0015377
0.008125,-0.14996,-0.0083031,0.0014252
0.0082031,-0.097985,-0.0054389,0.0014515
0.0082813,0.022797,-0.0069385,0.001579
0.0083594,0.057199,-0.0065561,0.0016127
0.0084375,0.056077,-0.01215,0.0014327
0.0085156,0.0744,-0.0095666,0.0015527
0.0085938,0.072157,-0.0094653,0.0012378
0.0086719,0.11703,-0.012033,0.00045421
0.00875,0.12787,-0.0076958,0.00036048
0.0088281,0.15667,-0.011381,-0.00036686
0.0089063,0.20117,-0.0056788,-0.00060306
0.0089844,0.1892,-0.011876,-0.00080551
0.0090625,0.21164,-0.01444,-0.0016341
0.0091406,0.25987,-0.0076096,-0.00091424
0.0092187,0.27259,-0.017128,-0.0019977
0.0092969,0.26735,-0.0047716,-0.0017016
0.009375,0.24903,-0.018009,-0.001814
0.0094531,0.19817,0.00069823,-0.0025039
0.0095312,0.12563,-0.017623,-0.0015366
0.0096094,0.038502,-0.012198,-0.0034899
0.0096875,0.010083,0.0014443,-0.00091424
0.0097656,0.021675,-0.034351,-0.0035949
0.0098438,0.016066,0.025569,-0.0013042
0.0099219,0.029154,-0.054112,-0.0025189
0.01,0.015318,0.045289,-0.00301
0.010078,-0.010858,-0.059398,0.00087411
0.010156,-0.012727,0.031046,-0.0079289
0.010234,-0.03105,-0.023633,0.011158
0.010313,-0.073679,-1.587,-0.10537
0.010391,-0.089011,-2.105,-0.3806
0.010469,-0.069566,-1.6433,-0.61159
0.010547,-0.080784,-1.7477,-0.82869
0.010625,0.010457,-1.6364,-1.0344
0.010703,0.14134,-1.6578,-1.2103
0.010781,0.19556,-1.639,-1.3747
0.010859,0.34887,-1.5992,-1.5104
0.010938,0.41207,-1.6294,-1.6319
0.011016,0.39487,-1.6143,-1.734
0.011094,0.47115,-1.6622,-1.8224
0.011172,0.46554,-1.6469,-1.8953
0.01125,0.47451,-1.66,-1.9516
0.011328,0.50368,-1.6586,-1.9957
0.011406,0.50181,-1.6529,-2.0266
0.011484,0.51527,-1.6168,-2.0457
0.011562,0.41169,-1.5678,-2.0513
0.011641,0.34513,-1.542,-2.0492
0.011719,0.29764,-1.4628,-2.0354
0.011797,0.18471,-1.4026,-2.0101
0.011875,0.045981,-1.3414,-1.9802
0.011953,-0.24195,-1.252,-1.9412
0.012031,-0.43229,-1.1627,-1.8915
0.012109,-0.42556,-1.0752,-1.8346
0.012188,-0.3145,-0.98741,-1.7714
0.012266,-0.23073,-0.88488,-1.7005
0.012344,-0.23223,-0.78667,-1.624
0.012422,-0.17128,-0.65931,-1.5398
0.0125,-0.14697,-0.55401,-1.4478
0.012578,-0.12528,-0.45483,-1.353
0.012656,-0.11668,-0.35235,-1.2538
0.012734,-0.1825,-0.23194,-1.1513
0.012813,-0.30515,-0.077112,-1.0388
0.012891,-0.48912,0.048359,-0.92015
0.012969,-0.61664,0.22653,-0.79165
0.013047,-0.67609,0.31614,-0.65806
0.013125,-0.62786,0.48809,-0.52229
0.013203,-0.51193,0.57427,-0.37923
0.013281,-0.42107,0.72295,-0.24293
0.013359,-0.38106,0.92854,-0.081829
0.013437,-0.3833,0.27383,0.013419
0.013516,-0.36273,-0.078612,-0.00056932
0.013594,-0.34067,0.088294,-0.0019078
0.013672,-0.24233,-0.013132,0.00051794
0.01375,-0.12827,0.031864,-0.0024626
0.013828,-0.067322,0.0089011,0.00071665
0.013906,0.051216,0.0029326,-0.0019678
0.013984,0.13423,0.019042,0.00037172
0.014063,0.22136,-0.0048128,-0.00096673
0.014141,0.34775,0.014483,-0.0002019
0.014219,0.40085,-0.0024884,0.00016177
0.014297,0.42328,0.011263,-0.0001869
0.014375,0.38215,0.0039336,0.00064541
0.014453,0.28306,0.0059768,0.00021051
0.014531,0.18022,0.004271,0.0010953
0.014609,0.097211,-0.0042955,0.00096784
0.014688,0.12638,0.004286,0.001189
0.014766,0.22585,0.0010581,0.0015527
0.014844,0.32195,0.0051483,0.0016127
0.014922,0.43338,0.0046047,0.0020514
0.015,0.5306,0.0015155,0.0022501
0.015078,0.57473,0.002449,0.0024713
0.015156,0.56389,-0.0010826,0.0027412
0.015234,0.50518,0.0017629,0.0028349
0.015312,0.39823,0.00035707,0.0028124
0.015391,0.25651,-0.0036244,0.0026325
0.015469,0.11217,0.000627,0.0026137
0.015547,-0.050121,0.0010694,0.0028987
0.015625,-0.17539,0.00016962,0.0029099
0.015703,-0.25242,0.0010394,0.0028537
0.015781,-0.29131,-0.00065517,0.0028049
0.015859,-0.24793,-0.0032232,0.0027562
0.015938,-0.21802,0.00082944,0.0030786
0.016016,-0.22886,0.0040836,0.0034535
0.016094,-0.25728,0.001583,0.0040309
0.016172,-0.29056,0.0035437,0.0048107
0.01625,-0.30851,0.0051483,0.0055568
0.016328,-0.32497,-0.00063267,0.0056805
0.016406,-0.31562,0.0023965,0.0063629
0.016484,-0.28608,-0.0011275,0.0067228
0.016563,-0.2412,0.0077314,0.0067753
0.016641,-0.20867,0.0019579,0.0078888
0.016719,-0.17801,-0.00072265,0.007124
0.016797,-0.12753,0.010697,0.0088111
0.016875,-0.093498,-0.0094991,0.0077801
0.016953,-0.048625,0.01881,0.0089273
0.017031,-0.002631,-0.023127,0.0092123
0.017109,0.019805,0.025247,0.0077238
0.017188,0.032893,-0.012585,0.011252
0.017266,0.0744,-0.0048728,0.0065054
0.017344,0.14059,0.038514,0.012946
0.017422,0.22659,-0.070743,0.0056318
0.0175,0.34775,0.1301,0.013471
0.017578,0.4102,-0.2282,0.0062879
0.017656,0.479,0.75653,0.019837
0.017734,0.53322,2.6667,0.29189
0.017813,0.56762,2.4065,0.65993
0.017891,0.60726,2.1886,0.96
0.017969,0.59754,2.3646,1.2696
0.018047,0.6742,2.2744,1.5506
0.018125,0.64279,2.3983,1.8153
0.018203,0.72767,2.3715,2.06
0.018281,0.90492,2.4863,2.2838
0.018359,0.94568,2.5406,2.4958
0.018437,1.1528,2.5961,2.6843
0.018516,1.2987,2.6605,2.857
0.018594,1.3843,2.683,3.0081
0.018672,1.1596,2.7385,3.1459
0.01875,0.91576,2.7236,3.2705
0.018828,0.74225,2.7094,3.3813
0.018906,0.16228,2.6819,3.4784
0.018984,-0.0011352,2.643,3.5591
0.019062,-0.052739,2.6039,3.6269
0.019141,-0.28308,2.5596,3.6813
0.019219,-0.29692,2.4879,3.7237
0.019297,-0.38667,2.4074,3.7546
0.019375,-0.49698,2.3402,3.7734
0.019453,-0.53923,2.2673,3.7813
0.019531,-0.46818,2.1996,3.7798
0.019609,-0.36647,2.1413,3.7696
0.019688,-0.3575,2.0567,3.7499
0.019766,-0.43939,1.9644,3.7214
0.019844,-0.59532,1.8706,3.6843
0.019922,-0.65665,1.7632,3.6371
0.02,-0.53998,1.7073,3.5836
0.020078,-0.40461,1.6212,3.5252
0.020156,-0.39003,1.5007,3.456
0.020234,-0.47043,1.4347,3.3784
0.020313,-0.7019,1.3471,3.2974
0.020391,-0.92439,1.2382,3.2085
0.020469,-1.013,1.1468,3.1109
0.020547,-1.0523,1.0579,3.0081
0.020625,-0.96851,0.96264,2.9003
0.020703,-0.86231,0.85717,2.7857
0.020781,-0.73181,0.76002,2.6651
0.020859,-0.59644,0.65462,2.5398
0.020938,-0.47791,0.56331,2.4102
0.021016,-0.21465,0.47181,2.2786
0.021094,0.016814,0.34158,2.1399
0.021172,0.15068,0.22241,1.9934
0.02125,0.14657,0.072121,1.8377
0.021328,0.037006,-0.034321,1.6748
0.021406,-0.10434,-0.1618,1.5096
0.021484,-0.30814,-0.27948,1.3379
0.021563,-0.29355,-0.37704,1.1683
0.021641,-0.21316,-0.53476,0.98999
0.021719,-0.15931,-0.59921,0.81281
0.021797,0.003352,-0.80334,0.62992
0.021875,0.11404,-0.83345,0.44472
0.021953,0.15667,-1.0761,0.26379
0.022031,0.21351,-1.1095,0.060538
0.022109,0.3915,-0.17335,-0.02456
0.022187,0.45208,0.022971,-0.00049433
0.022266,0.45058,-0.12809,-0.0063805
0.022344,0.51004,-0.0039693,-0.0050721
0.022422,0.3728,-0.084989,-0.0043635
0.0225,0.29128,-0.025245,-0.0064705
0.022578,0.27334,-0.046753,-0.0039736
0.022656,0.22248,-0.041448,-0.0072166
0.022734,0.25726,-0.02634,-0.0049671
0.022812,0.25277,-0.043491,-0.0063693
0.022891,0.17162,-0.021537,-0.0061293
0.022969,0.036633,-0.040335,-0.0064855
0.023047,-0.090506,-0.025087,-0.0070666
0.023125,-0.19446,-0.030152,-0.0067892
0.023203,-0.22512,-0.028709,-0.0078464
0.023281,-0.17614,-0.023892,-0.0077002
0.023359,-0.13239,-0.02791,-0.0081426
0.023438,-0.075923,-0.026047,-0.0084838
0.023516,-0.064331,-0.026385,-0.0087537
0.023594,-0.037033,-0.020585,-0.008855
0.023672,0.015692,-0.022527,-0.0093424
0.02375,-0.00038735,-0.022482,-0.0099047
0.023828,-0.0018831,-0.020397,-0.0099235
0.023906,-0.056104,-0.018425,-0.009961
0.023984,-0.20531,-0.015962,-0.0098523
0.024063,-0.32197,-0.015857,-0.0099835
0.024141,-0.38928,-0.015846,-0.009901
0.024219,-0.40461,-0.017934,-0.010006
0.024297,-0.32384,-0.020053,-0.010422
0.024375,-0.181,-0.02117,-0.010838
0.024453,-0.048251,-0.017016,-0.011618
0.024531,0.070287,-0.021668,-0.012237
0.024609,0.16788,-0.019996,-0.012814
0.024688,0.21051,-0.015216,-0.012919
0.024766,0.23781,-0.019254,-0.013826
0.024844,0.29091,-0.01023,-0.013991
0.024922,0.29353,-0.024435,-0.014655
0.025,0.2494,-0.0097765,-0.015124
0.025078,0.21014,-0.02012,-0.014707
0.025156,0.12264,-0.015955,-0.016391
0.025234,0.072905,-0.011936,-0.014966
0.025313,0.094219,-0.029665,-0.017377
0.025391,0.12226,0.010554,-0.015442
0.025469,0.14134,-0.049464,-0.017129
0.025547,0.12077,0.025464,-0.017512
0.025625,0.089732,-0.051421,-0.014932
0.025703,0.047851,0.0020291,-0.020594
0.025781,0.010831,-0.0065861,-0.011656
0.025859,0.018684,-0.082256,-0.025576
0.025938,0.053834,0.17485,-0.0034337
0.026016,0.06206,-1.4084,-0.081004
0.026094,0.093471,-2.6855,-0.42411
0.026172,0.16751,-2.1306,-0.77621
0.02625,0.19256,-2.1763,-1.0796
0.026328,0.28044,-2.1681,-1.3909
0.026406,0.41581,-2.1156,-1.6694
0.026484,0.4446,-2.1561,-1.9395
0.026562,0.47302,-2.0931,-2.1852
0.026641,0.43675,-2.1657,-2.4189
0.026719,0.30288,-2.1292,-2.6374
0.026797,0.27446,-2.1528,-2.8366
0.026875,0.26212,-2.1349,-3.022
0.026953,0.25613,-2.1333,-3.1874
0.027031,0.33391,-2.1468,-3.3411
0.027109,0.40571,-2.1286,-3.4799
0.027187,0.46928,-2.1309,-3.6047
0.027266,0.50854,-2.1009,-3.714
0.027344,0.52799,-2.0908,-3.8066
0.027422,0.53547,-2.0754,-3.8853
0.0275,0.49807,-2.047,-3.9494
0.027578,0.42665,-2.023,-3.9992
0.027656,0.36046,-1.9882,-4.0346
0.027734,0.28867,-1.9553,-4.0562
0.027813,0.20191,-1.9311,-4.0661
0.027891,0.15816,-1.8989,-4.0659
0.027969,0.10843,-1.8517,-4.0554
0.028047,0.06393,-1.8067,-4.0349
0.028125,0.029902,-1.7429,-4.0052
0.028203,-0.024319,-1.6682,-3.9628
0.028281,-0.075923,-1.6275,-3.9116
0.028359,-0.19035,-1.561,-3.8559
0.028438,-0.28009,-1.4694,-3.7881
0.028516,-0.35525,-1.416,-3.7122
0.028594,-0.44911,-1.3504,-3.6327
0.028672,-0.42144,-1.2534,-3.5436
0.02875,-0.38704,-1.1708,-3.4461
0.028828,-0.38741,-1.0954,-3.3429
0.028906,-0.34329,-1.0044,-3.2342
0.028984,-0.31898,-0.91056,-3.1191
0.029063,-0.33357,-0.81041,-2.9969
0.029141,-0.3489,-0.71319,-2.8677
0.029219,-0.3904,-0.62613,-2.7343
0.029297,-0.47865,-0.53747,-2.5972
0.029375,-0.55045,-0.44841,-2.4571
0.029453,-0.61402,-0.31904,-2.3103
0.029531,-0.67647,-0.19996,-2.1541
0.029609,-0.66861,-0.070207,-1.9913
0.029688,-0.62449,0.046387,-1.8199
0.029766,-0.55045,0.14973,-1.6468
0.029844,-0.42331,0.28856,-1.4682
0.029922,-0.31599,0.36851,-1.2895
0.03,-0.21652,0.5353,-1.1056
0.030078,-0.095368,0.59754,-0.91795
0.030156,-0.037407,0.75682,-0.73302
0.030234,0.003352,0.87493,-0.53598
0.030312,0.12563,0.9678,-0.35265
0.030391,0.16302,1.266,-0.14171
0.030469,0.17536,0.50436,0.0068465
0.030547,0.26399,-0.10223,-0.0004231
0.030625,0.26586,0.11859,-0.0077452
0.030703,0.32419,0.006243,-0.0012029
0.030781,0.35972,0.041203,-0.0067742
0.030859,0.29689,0.035249,-0.0017953
0.030937,0.33055,0.0086986,-0.0049596
0.031016,0.29428,0.039366,-0.0024102
0.031094,0.2322,-0.0012288,-0.0031825
0.031172,0.23445,0.031549,-0.0029425
0.03125,0.1806,0.0090323,-0.0018365
0.031328,0.16078,0.014131,-0.0025526
0.031406,0.18022,0.013287,-0.0012067
0.031484,0.19743,0.01133,-0.0018028
0.031563,0.20752,0.0090398,-0.0010267
0.031641,0.1963,0.00093816,-0.00082426
0.031719,0.16714,0.01403,-0.00039685
0.031797,0.12114,0.0087998,0.00014677
0.031875,0.079635,0.0083012,0.00041671
0.031953,0.017188,0.010337,0.00087036
0.032031,-0.043764,0.0069591,0.0010391
0.032109,-0.095742,0.0081663,0.0017814
0.032188,-0.14136,0.0098608,0.0026437
0.032266,-0.16043,0.0050021,0.0035473
0.032344,-0.17838,0.0065167,0.0039934
0.032422,-0.19857,0.011394,0.0048107
0.0325,-0.18885,0.0062468,0.0053581
0.032578,-0.16567,0.0098233,0.0056993
0.032656,-0.1795,0.0023815,0.0064829
0.032734,-0.19297,0.0073002,0.0064604
0.032813,-0.181,0.0095346,0.0075964
0.032891,-0.17128,-0.00082387,0.0069515
0.032969,-0.15669,0.014959,0.0087099
0.033047,-0.12192,-0.01414,0.0084549
0.033125,-0.098733,0.021217,0.0083462
0.033203,-0.049373,-0.014811,0.010303
0.033281,0.027658,0.011593,0.0079488
0.033359,0.045233,0.016088,0.012373
0.033438,0.076644,-0.03067,0.0074914
0.033516,0.1174,0.056926,0.01292
0.033594,0.14732,-0.0874,0.0085262
0.033672,0.20902,0.12725,0.010997
0.03375,0.20378,-0.17179,0.014184
0.033828,0.21425,0.3987,0.0024375
0.033906,0.26249,2.5516,0.23837
0.033984,0.34775,2.6303,0.64119
0.034063,0.47302,2.1893,0.97211
0.034141,0.4876,2.4317,1.3096
0.034219,0.56875,2.2994,1.6339
0.034297,0.6383,2.3657,1.9343
0.034375,0.60577,2.3198,2.2187
0.034453,0.65101,2.3721,2.4814
0.034531,0.59268,2.4269,2.7404
0.034609,0.52574,2.4267,2.9798
0.034688,0.54369,2.4765,3.2058
0.034766,0.53509,2.4829,3.4166
0.034844,0.60165,2.5454,3.6169
0.034922,0.66709,2.565,3.8062
0.035,0.6899,2.5803,3.9789
0.035078,0.68691,2.5819,4.1359
0.035156,0.67831,2.5817,4.2753
0.035234,0.65737,2.5911,4.3992
0.035313,0.56351,2.5992,4.5094
0.035391,0.48947,2.6179,4.6084
0.035469,0.4087,2.6094,4.6936
0.035547,0.32868,2.5966,4.7628
0.035625,0.24192,2.5828,4.8186
0.035703,0.1275,2.558,4.8613
0.035781,0.078514,2.5268,4.8912
0.035859,0.017188,2.4747,4.9089
0.035938,-0.082654,2.4154,4.9148
0.036016,-0.20418,2.3559,4.9082
0.036094,-0.35563,2.2962,4.8906
0.036172,-0.47566,2.2346,4.8639
0.03625,-0.5583,2.167,4.8287
0.036328,-0.60579,2.0924,4.7851
0.036406,-0.5669,2.021,4.732
0.036484,-0.47828,1.9457,4.6715
0.036562,-0.4005,1.8469,4.601
0.036641,-0.32684,1.7853,4.5222
0.036719,-0.30029,1.7198,4.4405
0.036797,-0.28234,1.6052,4.3487
0.036875,-0.28795,1.5319,4.249
0.036953,-0.34142,1.4559,4.147
0.037031,-0.37993,1.3445,4.0372
0.037109,-0.46033,1.2475,3.9193
0.037187,-0.54746,1.1583,3.7964
0.037266,-0.59906,1.0682,3.6696
0.037344,-0.63309,0.96347,3.5368
0.037422,-0.64693,0.86471,3.3978
0.0375,-0.61701,0.76983,3.254
0.037578,-0.54409,0.67634,3.1058
0.037656,-0.51007,0.59038,2.9557
0.037734,-0.47155,0.47664,2.8008
0.037812,-0.41247,0.35376,2.6392
0.037891,-0.3661,0.21268,2.4684
0.037969,-0.31038,0.10037,2.2897
0.038047,-0.24681,-0.017728,2.1078
0.038125,-0.19708,-0.12646,1.9202
0.038203,-0.17352,-0.22591,1.7332
0.038281,-0.14697,-0.36786,1.5402
0.038359,-0.14398,-0.45304,1.3462
0.038437,-0.1638,-0.61979,1.1479
0.038516,-0.17464,-0.68108,0.94647
0.038594,-0.1825,-0.84523,0.74765
0.038672,-0.1795,-0.95639,0.53765
0.03875,-0.15221,-1.0558,0.34226
0.038828,-0.15258,-1.3502,0.11831
0.038906,-0.09462,-0.54751,-0.035995
0.038984,0.041868,0.06454,-0.027447
0.039063,0.12526,-0.16671,-0.020399
0.039141,0.2494,-0.0546,-0.026791
0.039219,0.3197,-0.087557,-0.021231
0.039297,0.30736,-0.07571,-0.026281
0.039375,0.34401,-0.051117,-0.022524
0.039453,0.30063,-0.082249,-0.025224
0.039531,0.23258,-0.040061,-0.024373
0.039609,0.21089,-0.068107,-0.024571
0.039688,0.14807,-0.045737,-0.025561
0.039766,0.080757,-0.053797,-0.024849
0.039844,0.056825,-0.047979,-0.02621
0.039922,0.020553,-0.043769,-0.025543
0.04,-0.0074922,-0.048747,-0.026585
0.040078,0.037006,-0.040016,-0.026559
0.040156,0.047477,-0.041864,-0.026723
0.040234,0.056825,-0.039765,-0.027282
0.040313,0.1088,-0.040695,-0.027196
0.040391,0.097958,-0.036589,-0.027964
0.040469,0.087862,-0.041336,-0.028549
0.040547,0.099828,-0.041238,-0.029599
0.040625,0.0744,-0.035922,-0.030818
0.040703,0.04972,-0.039307,-0.031151
0.040781,0.02878,-0.037504,-0.031972
0.040859,-0.024693,-0.036503,-0.032284
0.040938,-0.062087,-0.038381,-0.033101
0.041016,-0.091628,-0.024964,-0.033453
0.041094,-0.12902,-0.037362,-0.033749
0.041172,-0.14024,-0.027832,-0.034705
0.04125,-0.13501,-0.033504,-0.033903
0.041328,-0.10546,-0.03548,-0.035931
0.041406,-0.078166,-0.016742,-0.034492
0.041484,-0.039651,-0.050517,-0.036543
0.041563,0.015692,-0.00011906,-0.035935
0.041641,0.057947,-0.058015,-0.035433
0.041719,0.11479,-0.0062562,-0.03847
0.041797,0.13423,-0.037898,-0.033851
0.041875,0.14059,-0.042213,-0.041413
0.041953,0.11853,0.024951,-0.031871
0.042031,0.074774,-0.1396,-0.043692
0.042109,0.087114,0.20753,-0.029682
0.042188,0.010831,-1.0149,-0.066034
0.042266,0.024293,-2.6519,-0.39537
0.042344,0.064304,-2.2791,-0.78994
0.042422,0.084123,-2.2913,-1.1124
0.0425,0.30998,-2.4275,-1.4541
0.042578,0.43375,-2.3256,-1.7653
0.042656,0.60091,-2.3973,-2.061
0.042734,0.75422,-2.3364,-2.3346
0.042813,0.70785,-2.4413,-2.5941
0.042891,0.73328,-2.4462,-2.8465
0.042969,0.7273,-2.4702,-3.0795
0.043047,0.7273,-2.4951,-3.3006
0.043125,0.75198,-2.5164,-3.506
0.043203,0.76731,-2.5707,-3.7037
0.043281,0.79423,-2.5673,-3.888
0.043359,0.78675,-2.5779,-4.0565
0.043438,0.77853,-2.5618,-4.2096
0.043516,0.7172,-2.5553,-4.3455
0.043594,0.69402,-2.5552,-4.4675
0.043672,0.68878,-2.5481,-4.5757
0.04375,0.66036,-2.5477,-4.6719
0.043828,0.65288,-2.5276,-4.7558
0.043906,0.63793,-2.4989,-4.8248
0.043984,0.64391,-2.4754,-4.8799
0.044062,0.60764,-2.4464,-4.9227
0.044141,0.57286,-2.4094,-4.9526
0.044219,0.52874,-2.3661,-4.9696
0.044297,0.41805,-2.316,-4.9746
0.044375,0.27296,-2.2663,-4.967
0.044453,0.097584,-2.2156,-4.9483
0.044531,-0.078914,-2.1662,-4.9204
0.044609,-0.26476,-2.1154,-4.8837
0.044687,-0.3732,-2.056,-4.838
0.044766,-0.42817,-1.9983,-4.7839
0.044844,-0.47903,-1.9146,-4.7205
0.044922,-0.4637,-1.8405,-4.6463
0.045,-0.44238,-1.7888,-4.5671
0.045078,-0.39153,-1.6923,-4.4812
0.045156,-0.31337,-1.6131,-4.3845
0.045234,-0.2786,-1.5505,-4.2838
0.045312,-0.27635,-1.4507,-4.1777
0.045391,-0.34703,-1.3549,-4.0627
0.045469,-0.48015,-1.2686,-3.9419
0.045547,-0.61888,-1.1781,-3.8164
0.045625,-0.75499,-1.0753,-3.6859
0.045703,-0.86493,-0.97275,-3.549
0.045781,-0.95692,-0.87871,-3.4063
0.045859,-1.0265,-0.77685,-3.2585
0.045937,-1.0426,-0.68609,-3.1073
0.046016,-1.0246,-0.58487,-2.9536
0.046094,-0.97076,-0.47326,-2.7945
0.046172,-0.8956,-0.3481,-2.6284
0.04625,-0.82118,-0.20532,-2.4526
0.046328,-0.72845,-0.094197,-2.2714
0.046406,-0.64356,0.035733,-2.085
0.046484,-0.54895,0.12293,-1.8956
0.046562,-0.42107,0.25536,-1.7056
0.046641,-0.30066,0.37137,-1.5085
0.046719,-0.19035,0.47452,-1.3137
0.046797,-0.12341,0.63189,-1.1108
0.046875,-0.10584,0.68924,-0.91131
0.046953,-0.10808,0.90109,-0.70579
0.047031,-0.097985,0.92253,-0.49943
0.047109,-0.10322,1.1923,-0.29813
0.047188,-0.15295,1.1687,-0.074162
0.047266,-0.10247,0.14381,0.015286
0.047344,-0.044886,-0.026002,-0.011629
0.047422,0.020553,0.12128,-0.0040898
0.0475,0.2064,-0.011441,-0.0059194
0.047578,0.304,0.071978,-0.0061293
0.047656,0.40234,0.0053058,-0.0036699
0.047734,0.522,0.034094,-0.0063843
0.047813,0.54556,0.025464,-0.0030213
0.047891,0.56314,0.014487,-0.0050158
0.047969,0.49882,0.031451,-0.0030963
0.048047,0.40758,0.0045035,-0.0034487
0.048125,0.30549,0.018881,-0.0030888
0.048203,0.20565,0.0062843,-0.0024589
0.048281,0.14545,0.017449,-0.0025114
0.048359,0.061312,0.015541,-0.0015066
0.048438,0.061312,0.010498,-0.0016528
0.048516,0.05159,0.0083725,-0.00091799
0.048594,0.060565,0.0022653,-0.00077177
0.048672,0.097584,0.0093734,-0.00031437
0.04875,0.062434,0.0094297,0.00067166
0.048828,0.098706,0.01211,0.0019764
0.048906,0.12488,0.013467,0.0032173
0.048984,0.096089,0.012125,0.0039597
0.049063,0.069913,0.0046572,0.0044696
0.049141,0.033267,0.012718,0.0049345
0.049219,0.0029781,0.0076376,0.0060367
0.049297,-0.041521,0.0052233,0.0059017
0.049375,-0.10359,0.013527,0.0069403
0.049453,-0.14174,-0.0057538,0.0065616
0.049531,-0.18511,0.020894,0.0074239
0.049609,-0.24345,-0.0067923,0.0079075
0.049688,-0.24943,0.018127,0.0074576
0.049766,-0.24046,0.0017704,0.010086
0.049844,-0.224,-3.283e-05,0.007019
0.049922,-0.17128,0.030038,0.011507
0.05,-0.077793,-0.037163,0.0075139
0.050078,-0.0041267,0.071435,0.011072
0.050156,0.057947,-0.077435,0.010176
0.050234,0.13797,0.098637,0.0076788
0.050313,0.16564,-0.10027,0.017457
0.050391,0.22547,0.15874,-0.0058032
0.050469,0.25165,2.3105,0.18801
0.050547,0.32868,2.7673,0.59236
0.050625,0.44946,2.2734,0.93643
0.050703,0.43824,2.5085,1.2763
0.050781,0.52313,2.3815,1.6036
0.050859,0.57211,2.4549,1.9036
0.050938,0.58744,2.4433,2.1944
0.051016,0.73552,2.4789,2.4585
0.051094,0.7961,2.5576,2.719
0.051172,0.89146,2.5595,2.9626
0.05125,1.01,2.6231,3.1948
0.051328,1.0051,2.6083,3.4112
0.051406,1.0833,2.6588,3.6128
0.051484,1.1555,2.6791,3.8058
0.051563,1.1285,2.6952,3.9853
0.051641,1.1132,2.7124,4.1536
0.051719,1.0702,2.6988,4.3054
0.051797,1.0085,2.6932,4.4417
0.051875,0.95129,2.6716,4.563
0.051953,0.90828,2.659,4.6693
0.052031,0.86865,2.6547,4.7639
0.052109,0.83873,2.632,4.8472
0.052187,0.83574,2.6099,4.9176
0.052266,0.79909,2.5865,4.9748
0.052344,0.72991,2.5427,5.0192
0.052422,0.64727,2.4987,5.051
0.0525,0.51415,2.4459,5.0702
0.052578,0.33429,2.3889,5.0775
0.052656,0.096463,2.3341,5.0729
0.052734,-0.18848,2.2639,5.0568
0.052812,-0.42593,2.1981,5.0309
0.052891,-0.67086,2.1443,4.9962
0.052969,-0.95281,2.0815,4.9532
0.053047,-1.1424,2.0042,4.9013
0.053125,-1.2022,1.9267,4.8415
0.053203,-1.2561,1.8389,4.7725
0.053281,-1.2983,1.7604,4.6933
0.053359,-1.1102,1.6991,4.6109
0.053437,-0.73368,1.5997,4.5217
0.053516,-0.43416,1.5085,4.4214
0.053594,-0.30216,1.4473,4.3177
0.053672,-0.26214,1.3528,4.2091
0.05375,-0.28757,1.2485,4.0912
0.053828,-0.33469,1.161,3.9673
0.053906,-0.48464,1.077,3.8391
0.053984,-0.73106,0.9835,3.706
0.054062,-0.90046,0.88199,3.5666
0.054141,-1.1087,0.78735,3.4214
0.054219,-1.2789,0.69596,3.2721
0.054297,-1.308,0.61498,3.12
0.054375,-1.2609,0.51381,2.9649
0.054453,-1.1129,0.39338,2.803
0.054531,-0.97711,0.27018,2.6333
0.054609,-0.90195,0.13557,2.4542
0.054688,-0.83315,0.029614,2.2699
0.054766,-0.73592,-0.094549,2.0815
0.054844,-0.54858,-0.17973,1.8902
0.054922,-0.30515,-0.30551,1.6988
0.055,-0.065079,-0.42367,1.4995
0.055078,0.14059,-0.51801,1.3023
0.055156,0.26174,-0.67105,1.0978
0.055234,0.28717,-0.72679,0.89579
0.055313,0.20864,-0.93718,0.68874
0.055391,0.13386,-0.96162,0.47925
0.055469,0.048225,-1.206,0.27628
0.055547,-0.11855,-1.2295,0.049115
0.055625,-0.19334,-0.21797,-0.049057
0.055703,-0.24532,0.0018717,-0.022791
0.055781,-0.25541,-0.16588,-0.028669
0.055859,-0.092002,-0.033298,-0.027717
0.055938,0.085245,-0.11388,-0.026532
0.056016,0.33765,-0.052549,-0.029228
0.056094,0.59417,-0.07694,-0.026274
0.056172,0.68729,-0.072527,-0.029378
0.05625,0.72244,-0.051795,-0.027432
0.056328,0.62671,-0.069772,-0.029007
0.056406,0.43525,-0.047064,-0.028501
0.056484,0.261,-0.061472,-0.029025
0.056563,0.090106,-0.049329,-0.029562
0.056641,-0.041894,-0.052328,-0.029329
0.056719,-0.18175,-0.046412,-0.030401
0.056797,-0.25467,-0.041703,-0.029985
0.056875,-0.25766,-0.044039,-0.030698
0.056953,-0.25354,-0.0445,-0.030953
0.057031,-0.16829,-0.048594,-0.031519
0.057109,-0.07854,-0.043581,-0.032662
0.057188,0.010457,-0.041782,-0.033689
0.057266,0.063556,-0.04549,-0.034792
0.057344,0.044485,-0.040826,-0.035635
0.057422,0.059069,-0.033875,-0.0361
0.0575,0.06206,-0.042112,-0.036842
0.057578,0.068417,-0.030227,-0.037052
0.057656,0.08861,-0.03813,-0.03733
0.057734,0.075896,-0.032083,-0.03841
0.057813,0.032893,-0.031933,-0.037611
0.057891,-0.062835,-0.047072,-0.039782
0.057969,-0.14847,-0.016116,-0.038481
0.058047,-0.20044,-0.053381,-0.039594
0.058125,-0.24233,-0.0083969,-0.040348
0.058203,-0.23634,-0.049797,-0.038586
0.058281,-0.1795,-0.022501,-0.042751
0.058359,-0.13501,-0.022077,-0.037409
0.058438,-0.018336,-0.069948,-0.044693
0.058516,0.12039,0.044011,-0.03691
0.058594,0.22622,-0.15386,-0.044828
0.058672,0.36532,0.19238,-0.03889
0.05875,0.38552,-0.70782,-0.048101
0.058828,0.48424,-2.5412,-0.3412
0.058906,0.5164,-2.3913,-0.74948
0.058984,0.41768,-2.3018,-1.0816
0.059063,0.51415,-2.4763,-1.4256
0.059141,0.5063,-2.3707,-1.7404
0.059219,0.59754,-2.4758,-2.0401
0.059297,0.77067,-2.4086,-2.3207
0.059375,0.74375,-2.5041,-2.5819
0.059453,0.82452,-2.5327,-2.8384
0.059531,0.90828,-2.5625,-3.0764
0.059609,0.95802,-2.5998,-3.3053
0.059688,1.0605,-2.5933,-3.5159
0.059766,1.1566,-2.6462,-3.7154
0.059844,1.2235,-2.6602,-3.9048
0.059922,1.2205,-2.6856,-4.0821
0.06,1.1846,-2.6767,-4.2466
0.060078,1.0859,-2.6637,-4.394
0.060156,1.0212,-2.6517,-4.5271
0.060234,0.99167,-2.6325,-4.6448
0.060312,0.95129,-2.6242,-4.7491
0.060391,0.93595,-2.6107,-4.8418
0.060469,0.88173,-2.5946,-4.923
0.060547,0.82976,-2.5598,-4.9913
0.060625,0.74861,-2.5206,-5.0453
0.060703,0.67532,-2.4869,-5.087
0.060781,0.58183,-2.4424,-5.1165
0.060859,0.46891,-2.3964,-5.1337
0.060937,0.34999,-2.3442,-5.1391
0.061016,0.14545,-2.2822,-5.1323
0.061094,-0.044512,-2.2251,-5.1142
0.061172,-0.32871,-2.1663,-5.0861
0.06125,-0.64057,-2.1072,-5.0496
0.061328,-0.89747,-2.0391,-5.0049
0.061406,-1.1091,-1.9684,-4.9517
0.061484,-1.2422,-1.8904,-4.8907
0.061562,-1.3417,-1.7994,-4.8194
0.061641,-1.4064,-1.7415,-4.7412
0.061719,-1.4688,-1.657,-4.6589
0.061797,-1.4109,-1.5491,-4.5656
0.061875,-1.1024,-1.4888,-4.4661
0.061953,-0.6387,-1.4046,-4.3632
0.062031,-0.44687,-1.2979,-4.2511
0.062109,-0.19072,-1.2114,-4.1317
0.062187,-0.36909,-1.1257,-4.0073
0.062266,-1.1794,-1.0361,-3.8781
0.062344,-0.98198,-0.94028,-3.7428
0.062422,-0.55008,-0.84418,-3.6012
0.0625,-0.55307,-0.74965,-3.4549
0.062578,-0.57625,-0.65804,-3.3036
0.062656,-0.90307,-0.5742,-3.1495
0.062734,-1.0736,-0.4644,-2.9917
0.062813,-1.0111,-0.34737,-2.8261
0.062891,-0.81856,-0.22046,-2.6527
0.062969,-0.5856,-0.09579,-2.4701
0.063047,-0.53026,0.0022541,-2.2839
0.063125,-0.59757,0.12582,-2.0929
0.063203,-0.75499,0.21355,-1.9
0.063281,-0.68881,0.34924,-1.7041
0.063359,-0.31562,0.43988,-1.5029
0.063438,0.15928,0.56432,-1.3034
0.063516,0.60876,0.69307,-1.0945
0.063594,0.72617,0.76451,-0.89209
0.063672,0.56127,0.96164,-0.67905
0.06375,0.36682,0.96459,-0.47223
0.063828,0.2064,1.3005,-0.25945
0.063906,0.12339,1.0199,-0.042279
0.063984,0.18995,0.0088936,0.01295
0.064062,0.23108,0.03778,-0.013125
0.064141,0.19144,0.095308,-0.0021327
0.064219,0.21014,0.0034762,-0.0072128
0.064297,0.11628,0.076829,-0.004416
0.064375,0.17536,-8.9065e-05,-0.0044535
0.064453,0.43151,0.047718,-0.0055969
0.064531,0.54556,0.017363,-0.00292
0.064609,0.59268,0.020677,-0.0049221
0.064687,0.47638,0.025809,-0.0029238
0.064766,0.15143,0.011555,-0.0035462
0.064844,-0.15856,0.024741,-0.0024514
0.064922,-0.22064,0.011867,-0.0023352
0.065,-0.14884,0.021022,-0.0020465
0.065078,-0.13089,0.012924,-0.0012217
0.065156,-0.077793,0.014798,-0.0012142
0.065234,-0.14099,0.013025,-0.00049433
0.065312,-0.28271,0.0091897,-0.00029563
0.065391,-0.32347,0.016504,0.0011103
0.065469,-0.31001,0.010847,0.0024638
0.065547,-0.23073,0.0061718,0.0031311
0.065625,-0.14548,0.011582,0.0046945
0.065703,-0.098359,0.0095796,0.0050319
0.065781,-0.11593,0.011694,0.0056431
0.065859,-0.16417,0.004541,0.0063067
0.065937,-0.14435,0.01331,0.0064679
0.066016,-0.046008,0.005452,0.0077651
0.066094,0.11778,0.0067341,0.0068428
0.066172,0.21837,0.018,0.0087774
0.06625,0.22809,-0.0070885,0.0078401
0.066328,0.1447,0.029779,0.0093172
0.066406,-0.01871,-0.02126,0.0097221
0.066484,-0.086393,0.02786,0.0083312
0.066562,-0.051243,-0.0074184,0.011938
0.066641,0.050468,3.8401e-05,0.007064
0.066719,0.16714,0.034777,0.014457
0.066797,0.25239,-0.070106,0.0060105
0.066875,0.28119,0.13557,0.0155
0.066953,0.28717,-0.2392,0.0065091
0.067031,0.3313,0.84436,0.024966
0.067109,0.42478,2.7888,0.32882
0.067187,0.67046,2.5003,0.72952
0.067266,0.75609,2.3523,1.0613
0.067344,0.64428,2.5049,1.4109
0.067422,0.66036,2.3646,1.7272
0.0675,0.55641,2.4784,2.0277
0.067578,0.50032,2.418,2.3111
0.067656,0.6484,2.5085,2.5767
0.067734,0.73889,2.5276,2.8365
0.067812,0.86528,2.5574,3.078
0.067891,0.9124,2.6027,3.3102
0.067969,0.85817,2.5919,3.5253
0.068047,0.86266,2.6384,3.7286
0.068125,0.88921,2.6464,3.9206
0.068203,0.95316,2.6745,4.101
0.068281,0.95465,2.6776,4.2703
0.068359,0.90006,2.6649,4.4245
0.068437,0.86378,2.6495,4.5644
0.068516,0.82228,2.6264,4.6888
0.068594,0.79647,2.6085,4.7985
0.068672,0.78413,2.5856,4.8951
0.06875,0.82976,2.57,4.9807
0.068828,0.84696,2.5443,5.0553
0.068906,0.79199,2.5092,5.1169
0.068984,0.71458,2.4687,5.1653
0.069062,0.56314,2.4241,5.2014
0.069141,0.41281,2.3778,5.2254
0.069219,0.29577,2.3186,5.2368
0.069297,0.17349,2.2598,5.2359
0.069375,0.025788,2.1967,5.2234
0.069453,-0.20194,2.1303,5.2006
0.069531,-0.46968,2.0768,5.1683
0.069609,-0.6989,2.0203,5.1274
0.069687,-0.86643,1.9492,5.0779
0.069766,-1.034,1.875,5.02
0.069844,-1.1087,1.7936,4.9538
0.069922,-1.1734,1.7067,4.8766
0.07,-1.1824,1.6513,4.7936
0.070078,-1.182,1.5721,4.707
0.070156,-1.2224,1.462,4.6089
0.070234,-1.0231,1.4008,4.5041
0.070313,-1.102,1.3119,4.3968
0.070391,-0.86381,1.1995,4.2811
0.070469,-0.93224,1.1292,4.1579
0.070547,-0.84811,1.0489,4.0298
0.070625,-0.73854,0.95532,3.8972
0.070703,-1.0328,0.85892,3.7587
0.070781,-1.0089,0.76286,3.6136
0.070859,-1.9172,0.67545,3.4645
0.070938,-0.57775,0.58794,3.3116
0.071016,-1.2669,0.50226,3.156
0.071094,-0.73705,0.39019,2.9959
0.071172,-7.7177,0.26949,2.8269
0.07125,-30.09,0.14845,2.6503
0.071328,-33.232,0.029734,2.4647
0.071406,-22.079,-0.070139,2.2759
0.071484,-16.076,-0.19644,2.0834
0.071563,-10.78,-0.28934,1.8892
0.071641,-12.185,-0.43342,1.6929
0.071719,-9.8159,-0.53175,1.4907
0.071797,-2.5783,-0.64524,1.2917
0.071875,4.4824,-0.78102,1.0833
0.071953,14.656,-0.83896,0.8793
0.072031,16.832,-1.0382,0.66625
0.072109,14.384,-1.0306,0.45629
0.072188,13.002,-1.3199,0.24446
0.072266,11.891,-1.1199,0.020374
0.072344,17.87,-0.088322,-0.048892
0.072422,22.99,-0.045418,-0.021643
0.0725,22.714,-0.13915,-0.03156
0.072578,17.878,-0.030576,-0.026941
0.072656,7.1115,-0.11289,-0.028486
0.072734,-2.916,-0.041167,-0.029363
0.072813,-11.01,-0.079572,-0.027511
0.072891,-13.492,-0.054776,-0.030416
0.072969,-8.7098,-0.053655,-0.028283
0.073047,-4.0236,-0.064385,-0.030236
0.073125,1.3903,-0.043596,-0.029359
0.073203,6.0238,-0.056894,-0.030285
0.073281,9.1439,-0.041906,-0.030529
0.073359,14.77,-0.047379,-0.030551
0.073438,18.311,-0.041227,-0.031342
0.073516,18.337,-0.041017,-0.030938
0.073594,14.608,-0.040773,-0.03168
0.073672,7.1968,-0.040016,-0.032332
0.07375,0.29315,-0.045021,-0.033738
0.073828,-5.0171,-0.037137,-0.034795
0.073906,-6.2265,-0.039979,-0.035755
0.073984,-4.8687,-0.036972,-0.036861
0.074063,-4.9622,-0.034422,-0.03718
0.074141,-5.5661,-0.039277,-0.038477
0.074219,-7.3027,-0.030231,-0.038263
0.074297,-9.3915,-0.038884,-0.039122
0.074375,-11.147,-0.023382,-0.039707
0.074453,-11.736,-0.040545,-0.039287
0.074531,-9.0867,-0.032529,-0.041267
0.074609,-6.3435,-0.029245,-0.039459
0.074688,-2.6322,-0.043199,-0.042414
0.074766,1.1629,-0.0057426,-0.04025
0.074844,2.1494,-0.062967,-0.042144
0.074922,3.5565,0.010423,-0.042507
0.075,2.8965,-0.07048,-0.040442
0.075078,0.61025,0.0014668,-0.046279
0.075156,-2.0847,-0.031236,-0.036393
0.075234,-7.0891,-0.079831,-0.052424
0.075313,-10.535,0.14283,-0.026746
0.075391,-11.584,-1.4876,-0.12122
0.075469,-9.9146,-2.6574,-0.50368
0.075547,-5.4786,-2.1845,-0.88344
0.075625,0.27745,-2.3379,-1.221
0.075703,6.7413,-2.2911,-1.5704
0.075781,11.128,-2.2466,-1.8807
0.075859,13.662,-2.2769,-2.186
0.075938,14.209,-2.2196,-2.4668
0.076016,11.904,-2.3115,-2.7393
0.076094,9.455,-2.2832,-3.0009
0.076172,6.9167,-2.3246,-3.2477
0.07625,4.663,-2.3127,-3.4849
0.076328,3.2428,-2.3088,-3.705
0.076406,1.7844,-2.3235,-3.9159
0.076484,1.4587,-2.319,-4.1146
0.076563,0.83948,-2.329,-4.3039
0.076641,-0.22625,-2.3026,-4.4808
0.076719,-0.18474,-2.2787,-4.6424
0.076797,-0.37433,-2.2494,-4.7895
0.076875,-0.75051,-2.218,-4.9217
0.076953,-1.3084,-2.187,-5.0401
0.077031,-2.0324,-2.1665,-5.1463
0.077109,-1.7792,-2.1365,-5.2418
0.077188,-0.53325,-2.0934,-5.3245
0.077266,1.495,-2.0511,-5.394
0.077344,2.3468,-2.0033,-5.4501
0.077422,1.507,-1.9613,-5.4938
0.0775,-0.16529,-1.9114,-5.5258
0.077578,-3.0248,-1.8546,-5.5451
0.077656,-5.5844,-1.7996,-5.5518
0.077734,-7.5509,-1.7451,-5.5468
0.077813,-9.0957,-1.6952,-5.5311
0.077891,-8.9513,-1.6491,-5.5061
0.077969,-8.0819,-1.5905,-5.4723
0.078047,-7.2324,-1.5261,-5.4288
0.078125,-5.1054,-1.4714,-5.3767
0.078203,-1.9501,-1.3931,-5.3147
0.078281,1.4187,-1.3331,-5.2424
0.078359,4.4154,-1.2825,-5.1658
0.078438,6.213,-1.1905,-5.0799
0.078516,6.68,-1.1288,-4.9846
0.078594,5.7254,-1.0704,-4.8852
0.078672,4.1686,-0.98041,-4.7772
0.07875,3.0364,-0.90629,-4.6604
0.078828,2.3599,-0.83601,-4.5377
0.078906,2.2029,-0.75956,-4.409
0.078984,2.3364,-0.68104,-4.2741
0.079063,1.8906,-0.60177,-4.1331
0.079141,1.1622,-0.51805,-3.9857
0.079219,1.0362,-0.43906,-3.8324
0.079297,1.2871,-0.36984,-3.6756
0.079375,1.6928,-0.28883,-3.5151
0.079453,1.6853,-0.19143,-3.3485
0.079531,0.921,-0.073866,-3.1723
0.079609,0.02504,0.021145,-2.9874
0.079688,-0.41882,0.12046,-2.7967
0.079766,-0.14323,0.2098,-2.6002
0.079844,0.55865,0.29283,-2.4023
0.079922,1.0822,0.40432,-2.1984
0.08,1.0029,0.47506,-1.9925
0.080078,0.42553,0.59992,-1.7816
0.080156,-0.69516,0.66331,-1.5668
0.080234,-2.1928,0.78621,-1.3531
0.080312,-3.4088,0.86511,-1.1307
0.080391,-4.0318,0.95065,-0.91435
0.080469,-4.1156,1.1198,-0.68407
0.080547,-4.1216,1.0974,-0.4666
0.080625,-4.1223,1.4365,-0.23543
0.080703,-3.6702,0.90505,-0.021403
0.080781,-2.7795,-0.064778,0.010659
0.080859,-1.8862,0.089299,-0.011974
0.080937,-1.0957,0.068225,0.00034923
0.081016,-0.6129,0.017565,-0.0067629
0.081094,-0.95954,0.071993,-0.0021965
0.081172,-1.6001,0.0024678,-0.0038461
0.08125,-2.0739,0.054676,-0.0033474
0.081328,-2.5357,0.011214,-0.0016378
0.081406,-2.2545,0.030357,-0.0030138
0.081484,-1.2007,0.02104,-0.00073803
0.081562,-0.019458,0.014165,-0.002129
0.081641,1.1532,0.02401,-0.00052433
0.081719,2.2747,0.012684,-0.00052808
0.081797,3.4167,0.02149,-0.00010442
0.081875,4.1316,0.010566,0.00055918
0.081953,4.3025,0.01797,0.00061542
0.082031,4.1959,0.020842,0.0020776
0.082109,3.8504,0.017989,0.0032623
0.082187,3.7023,0.015151,0.0041621
0.082266,3.5094,0.0168,0.0052306
0.082344,3.1893,0.011795,0.0064041
0.082422,3.1568,0.016125,0.0071427
0.0825,3.1676,0.014929,0.0082637
0.082578,3.0094,0.010198,0.0081025
0.082656,2.3958,0.019589,0.0093622
0.082734,1.3484,0.0013093,0.0090248
0.082812,0.19518,0.023841,0.0098159
0.082891,-0.85633,0.00013962,0.011023
0.082969,-1.7373,0.020111,0.0098159
0.083047,-2.5267,0.010386,0.012744
0.083125,-2.8816,-0.0026047,0.0097221
0.083203,-2.7025,0.03664,0.013865
0.083281,-2.4119,-0.034625,0.010821
0.083359,-2.1988,0.065114,0.013209
0.083437,-2.1404,-0.065498,0.014064
0.083516,-2.2306,0.080383,0.0093247
0.083594,-2.4171,-0.061044,0.021783
0.083672,-2.7384,0.060349,-0.0049183
0.08375,-2.9953,2.0794,0.16869
0.083828,-3.1235,2.7241,0.57583
0.083906,-2.8876,2.2342,0.92789
0.083984,-2.222,2.4049,1.2717
0.084062,-1.5145,2.2521,1.6115
0.084141,-0.6903,2.2838,1.9186
0.084219,0.08674,2.265,2.2199
0.084297,0.82078,2.2551,2.4959
0.084375,1.4325,2.3187,2.7681
0.084453,1.5578,2.2883,3.0247
0.084531,1.566,2.3344,3.2696
0.084609,1.5653,2.3051,3.5018
0.084687,1.7672,2.3156,3.7187
0.084766,2.2892,2.321,3.9258
0.084844,2.6882,2.3206,4.1205
0.084922,2.9889,2.3244,4.3065
0.085,3.1983,2.2976,4.4782
0.085078,3.2734,2.2794,4.635
0.085156,3.0962,2.246,4.7772
0.085234,2.6508,2.2106,4.9046
0.085312,2.2021,2.1806,5.0192
0.085391,1.6932,2.152,5.1215
0.085469,1.2508,2.1261,5.2129
0.085547,0.82863,2.0871,5.2912
0.085625,0.43488,2.037,5.3562
0.085703,0.40459,1.9916,5.4085
0.085781,0.53509,1.9413,5.4485
0.085859,0.7086,1.8863,5.4761
0.085938,0.70449,1.8341,5.4913
0.086016,0.37206,1.7693,5.4944
0.086094,-0.081158,1.7098,5.4855
0.086172,-0.55569,1.6588,5.4665
0.08625,-0.88213,1.6008,5.4381
0.086328,-1.3432,1.5413,5.4004
0.086406,-1.5122,1.4824,5.3538
0.086484,-1.4255,1.4159,5.2981
0.086563,-1.7433,1.333,5.2315
0.086641,-1.7257,1.2793,5.1562
0.086719,-1.857,1.2244,5.0768
0.086797,-1.974,1.1317,4.9873
0.086875,-1.6023,1.0747,4.8882
0.086953,-1.8364,1.0206,4.7859
0.087031,-2.0671,0.92865,4.6763
0.087109,-2.2152,0.84863,4.5576
0.087188,-2.4325,0.7818,4.4328
0.087266,-2.1935,0.70981,4.3033
0.087344,-1.8174,0.62828,4.1678
0.087422,-1.2482,0.54627,4.0248
0.0875,-0.66488,0.47112,3.8765
0.087578,-0.049747,0.40061,3.7242
0.087656,0.41207,0.32759,3.5682
0.087734,0.60838,0.24226,3.4078
0.087813,0.93521,0.1356,3.2401
0.087891,1.1102,0.021254,3.0623
0.087969,1.32,-0.070338,2.8768
0.088047,1.397,-0.17172,2.6848
0.088125,1.2508,-0.24348,2.4892
0.088203,1.3708,-0.34104,2.2913
0.088281,1.449,-0.4366,2.0873
0.088359,1.4767,-0.51833,1.8826
0.088438,1.5488,-0.63649,1.6708
0.088516,1.5335,-0.69577,1.4595
0.088594,1.4082,-0.84057,1.2427
0.088672,1.1895,-0.87944,1.023
0.08875,0.84284,-1.0323,0.80552
0.088828,0.32569,-1.1077,0.57589
0.088906,-0.0093619,-1.1912,0.36354
0.088984,-0.21428,-1.4352,0.12195
0.089063,-0.40162,-0.53107,-0.039977
0.089141,-0.54522,0.071738,-0.029093
0.089219,-0.7879,-0.17288,-0.022832
0.089297,-0.90868,-0.043949,-0.029059
0.089375,-1.047,-0.088307,-0.023256
0.089453,-1.3918,-0.075036,-0.028437
0.089531,-1.7119,-0.053288,-0.024313
0.089609,-1.9695,-0.080539,-0.02747
0.089688,-2.1382,-0.038396,-0.02645
0.089766,-2.0997,-0.068516,-0.026761
0.089844,-2.0133,-0.042322,-0.027672
0.089922,-1.8768,-0.055496,-0.027173
0.09,-1.4838,-0.050071,-0.028613
0.090078,-1.0313,-0.042839,-0.027792
0.090156,-0.64767,-0.048609,-0.028958
0.090234,-0.4177,-0.038981,-0.028767
0.090313,-0.28682,-0.045302,-0.029475
0.090391,-0.12042,-0.04703,-0.030829
0.090469,0.014196,-0.047154,-0.031515
0.090547,0.17611,-0.045917,-0.032955
0.090625,0.23931,-0.044672,-0.033914
0.090703,0.42328,-0.037988,-0.034533
0.090781,0.81368,-0.043259,-0.0358
0.090859,1.0601,-0.035465,-0.036513
0.090938,1.2676,-0.04056,-0.036561
0.091016,1.3948,-0.035386,-0.037697
0.091094,1.4894,-0.027712,-0.036876
0.091172,1.6412,-0.043469,-0.038766
0.09125,1.6367,-0.016337,-0.03793
0.091328,1.5376,-0.051241,-0.038803
0.091406,1.4883,-0.011422,-0.039951
0.091484,1.4542,-0.044819,-0.03763
0.091563,1.3903,-0.02848,-0.042279
0.091641,1.3162,-0.010886,-0.036813
0.091719,1.2123,-0.072246,-0.043707
0.091797,1.1009,0.0508,-0.037274
0.091875,0.9539,-0.14743,-0.043107
0.091953,0.64316,0.17228,-0.040858
0.092031,0.17761,-0.56723,-0.040978
0.092109,-0.22363,-2.443,-0.31838
0.092188,-0.53886,-2.3937,-0.73125
0.092266,-0.80922,-2.2168,-1.0686
0.092344,-0.9573,-2.3833,-1.4206
0.092422,-1.0807,-2.2255,-1.7444
0.0925,-1.0418,-2.3107,-2.0509
0.092578,-0.90868,-2.2337,-2.3436
0.092656,-0.91953,-2.2918,-2.6149
0.092734,-0.90345,-2.3111,-2.8833
0.092813,-0.83352,-2.3106,-3.1335
0.092891,-0.76621,-2.3412,-3.3752
0.092969,-0.70227,-2.3132,-3.6006
0.093047,-0.6731,-2.3407,-3.8138
0.093125,-0.59644,-2.3391,-4.0167
0.093203,-0.42929,-2.3542,-4.2086
0.093281,-0.20755,-2.3424,-4.3899
0.093359,0.0089611,-2.3173,-4.5559
0.093438,0.24192,-2.2931,-4.708
0.093516,0.522,-2.2612,-4.8445
0.093594,0.79834,-2.2345,-4.9671
0.093672,1.0766,-2.2034,-5.0769
0.09375,1.2871,-2.1837,-5.1751
0.093828,1.48,-2.1488,-5.2625
0.093906,1.7051,-2.1019,-5.3358
0.093984,1.8925,-2.0583,-5.3961
0.094063,2.0466,-2.0104,-5.4438
0.094141,2.1004,-1.9603,-5.4791
0.094219,2.0712,-1.9052,-5.5025
0.094297,2.017,-1.8445,-5.5128
0.094375,1.8962,-1.7853,-5.5113
0.094453,1.6289,-1.7312,-5.4992
0.094531,1.2332,-1.676,-5.4773
0.094609,0.80919,-1.6262,-5.4467
0.094688,0.38477,-1.5628,-5.4072
0.094766,-0.026563,-1.5002,-5.3579
0.094844,-0.41621,-1.4383,-5.3003
0.094922,-0.74153,-1.3563,-5.2318
0.095,-0.96216,-1.3078,-5.1555
0.095078,-1.0609,-1.241,-5.0744
0.095156,-1.1173,-1.1551,-4.9828
0.095234,-1.246,-1.1044,-4.8845
0.095313,-1.3189,-1.0266,-4.781
0.095391,-1.3309,-0.94199,-4.6678
0.095469,-1.3873,-0.8729,-4.5475
0.095547,-1.4928,-0.79933,-4.4217
0.095625,-1.6438,-0.72235,-4.2898
0.095703,-1.6887,-0.64507,-4.1519
0.095781,-1.6547,-0.56582,-4.0075
0.095859,-1.6222,-0.47582,-3.8568
0.095938,-1.5605,-0.40674,-3.7017
0.096016,-1.4782,-0.33266,-3.5432
0.096094,-1.3073,-0.23891,-3.3799
0.096172,-1.1069,-0.12853,-3.2081
0.09625,-0.93262,-0.016,-3.0261
0.096328,-0.75649,0.083218,-2.8377
0.096406,-0.55344,0.1806,-2.6429
0.096484,-0.27448,0.25638,-2.4459
0.096562,-0.0011352,0.36203,-2.2447
0.096641,0.23145,0.43478,-2.0402
0.096719,0.479,0.55315,-1.8329
0.096797,0.71683,0.635,-1.6186
0.096875,0.90866,0.72807,-1.4073
0.096953,1.0059,0.8571,-1.1865
0.097031,0.9797,0.89496,-0.97016
0.097109,0.88585,1.0943,-0.74464
0.097187,0.83499,1.0749,-0.52127
0.097266,0.77105,1.3526,-0.3012
0.097344,0.61773,1.1875,-0.063896
0.097422,0.57996,0.084065,0.01791
0.0975,0.60277,0.0032138,-0.011056
0.097578,0.60464,0.12567,-0.00093299
0.097656,0.65363,-0.0043217,-0.004416
0.097734,0.58408,0.079825,-0.0035499
0.097812,0.48274,0.0059506,-0.001859
0.097891,0.46816,0.049248,-0.0041085
0.097969,0.35672,0.027237,-0.00067054
0.098047,0.17985,0.021869,-0.0028413
0.098125,-0.017962,0.034383,-0.00061806
0.098203,-0.24457,0.009201,-0.0011654
0.098281,-0.36909,0.024662,-0.00037811
0.098359,-0.50333,0.010359,0.00013178
0.098437,-0.66712,0.020249,-2.1938e-05
0.098516,-0.75873,0.014007,0.0010166
0.098594,-0.81482,0.012523,0.0010916
0.098672,-0.85409,0.014836,0.0017364
0.09875,-0.91242,0.010299,0.0018639
0.098828,-0.97524,0.010862,0.0025912
0.098906,-0.97225,0.01106,0.0033373
0.098984,-0.86605,0.019323,0.0044658
0.099062,-0.76023,0.015619,0.0057593
0.099141,-0.69591,0.014562,0.0061942
0.099219,-0.62299,0.012613,0.007169
0.099297,-0.51044,0.0064455,0.0074876
0.099375,-0.33955,0.013726,0.0083312
0.099453,-0.21839,0.00089318,0.0087174
0.099531,-0.12304,0.012039,0.0089873
0.099609,0.043363,0.005302,0.010082
0.099687,0.21313,0.0088861,0.0093772
0.099766,0.36009,0.013396,0.011357
0.099844,0.49508,-0.0058775,0.010007
0.099922,0.60016,0.027642,0.012122
0.1,0.72393,-0.020574,0.01157
0.10008,0.87912,0.031676,0.011368
0.10016,0.96923,-0.017964,0.014217
0.10023,0.97522,0.015998,0.0094972
0.10031,0.96662,0.014311,0.017108
0.10039,0.96138,-0.048114,0.0075289
0.10047,0.94119,0.11539,0.019635
0.10055,0.84322,-0.23116,0.0050732
0.10063,0.72393,1.0163,0.042404
0.1007,0.65587,2.7051,0.36809
0.10078,0.66074,2.3347,0.7533
0.10086,0.68579,2.24,1.0729
0.10094,0.52163,2.3052,1.4136
0.10102,0.45245,2.1908,1.7226
0.10109,0.47788,2.2355,2.0188
0.10117,0.34775,2.1523,2.2934
0.10125,0.37019,2.222,2.5538
0.10133,0.30774,2.2028,2.8059
0.10141,0.16602,2.216,3.0392
0.10148,0.16302,2.225,3.2642
0.10156,0.031023,2.2184,3.475
0.10164,-0.10397,2.2331,3.6758
0.10172,-0.21166,2.1979,3.8609
0.1018,-0.29729,2.1796,4.0299
0.10188,-0.34815,2.1424,4.1841
0.10195,-0.43004,2.1126,4.3224
0.10203,-0.49698,2.0918,4.4487
0.10211,-0.55195,2.0665,4.563
0.10219,-0.45098,2.0302,4.6647
0.10227,-0.33057,1.9793,4.7521
0.10234,-0.26177,1.9351,4.8251
0.10242,-0.097237,1.8879,4.8859
0.1025,0.079261,1.8393,4.9343
0.10258,0.261,1.7918,4.9699
0.10266,0.41244,1.7266,4.9929
0.10273,0.51901,1.6703,5.0032
0.10281,0.60128,1.6163,5.0025
0.10289,0.63194,1.5526,4.9915
0.10297,0.61138,1.5067,4.9714
0.10305,0.52425,1.4511,4.942
0.10313,0.43226,1.3852,4.9028
0.1032,0.36046,1.3133,4.8542
0.10328,0.33541,1.2425,4.7941
0.10336,0.347,1.1993,4.7276
0.10344,0.3369,1.1231,4.6551
0.10352,0.34064,1.0397,4.5705
0.10359,0.34027,0.99193,4.4798
0.10367,0.32419,0.91561,4.384
0.10375,0.26997,0.82883,4.2784
0.10383,0.172,0.75768,4.165
0.10391,0.044859,0.69309,4.0465
0.10398,-0.10135,0.61761,3.9225
0.10406,-0.25953,0.53028,3.7909
0.10414,-0.47529,0.45735,3.6529
0.10422,-0.6559,0.38505,3.5105
0.1043,-0.7636,0.31229,3.3637
0.10437,-0.86755,0.23772,3.2128
0.10445,-0.9715,0.13544,3.0553
0.10453,-1.0695,0.032685,2.8883
0.10461,-1.1626,-0.074901,2.7126
0.10469,-1.2303,-0.17851,2.5281
0.10477,-1.2587,-0.2498,2.3411
0.10484,-1.249,-0.35385,2.1497
0.10492,-1.1716,-0.42466,1.9543
0.105,-1.0762,-0.53814,1.7562
0.10508,-0.94383,-0.62094,1.5513
0.10516,-0.78229,-0.71126,1.3482
0.10523,-0.68656,-0.83418,1.1351
0.10531,-0.59196,-0.8685,0.92658
0.10539,-0.48576,-1.0623,0.70994
0.10547,-0.36161,-1.0497,0.49387
0.10555,-0.25654,-1.3161,0.28029
0.10562,-0.20792,-1.1843,0.04871
0.1057,-0.053487,-0.12318,-0.034177
0.10578,0.13797,-0.017245,-0.0062755
0.10586,0.29727,-0.13983,-0.015071
0.10594,0.49957,-0.013814,-0.011971
0.10602,0.65737,-0.097653,-0.012345
0.10609,0.79012,-0.028638,-0.013856
0.10617,0.90791,-0.064227,-0.011562
0.10625,0.94044,-0.045913,-0.014835
0.10633,0.94007,-0.040241,-0.012728
0.10641,0.89819,-0.053479,-0.014591
0.10648,0.81891,-0.032139,-0.01401
0.10656,0.75459,-0.048613,-0.014719
0.10664,0.62858,-0.032784,-0.015112
0.10672,0.48723,-0.038914,-0.015026
0.1068,0.42216,-0.033631,-0.015941
0.10687,0.32531,-0.03332,-0.015776
0.10695,0.18359,-0.034711,-0.016432
0.10703,0.061312,-0.028057,-0.016706
0.10711,-0.041147,-0.031652,-0.017223
0.10719,-0.10322,-0.030584,-0.017621
0.10727,-0.15931,-0.032424,-0.018363
0.10734,-0.22138,-0.034917,-0.019581
0.10742,-0.26027,-0.028608,-0.020402
0.1075,-0.29916,-0.031562,-0.021178
0.10758,-0.35002,-0.02905,-0.021696
0.10766,-0.39751,-0.027059,-0.022082
0.10773,-0.4536,-0.028027,-0.022967
0.10781,-0.5239,-0.022591,-0.022828
0.10789,-0.57924,-0.032518,-0.024065
0.10797,-0.63608,-0.014215,-0.024155
0.10805,-0.69105,-0.034081,-0.024242
0.10812,-0.69292,-0.017365,-0.025719
0.1082,-0.63533,-0.022954,-0.024234
0.10828,-0.54335,-0.032574,-0.0272
0.10836,-0.42742,-0.0013675,-0.024526
0.10844,-0.30851,-0.053539,-0.027398
0.10852,-0.17128,0.022086,-0.026015
0.10859,-0.022076,-0.068314,-0.025606
0.10867,0.12226,0.021944,-0.029997
0.10875,0.24492,-0.050352,-0.021711
0.10883,0.32195,-0.032822,-0.03691
0.10891,0.4102,0.089265,-0.0096648
0.10898,0.45956,-1.6607,-0.12804
0.10906,0.53285,-2.6488,-0.51137
0.10914,0.64578,-2.1556,-0.87082
0.10922,0.7,-2.2982,-1.1982
0.1093,0.83985,-2.2325,-1.5325
0.10938,1.0336,-2.2064,-1.8329
0.10945,1.1154,-2.2028,-2.1248
0.10953,1.1562,-2.1642,-2.3908
0.10961,1.1618,-2.2283,-2.6501
0.10969,1.139,-2.1912,-2.8945
0.10977,1.1708,-2.2323,-3.1255
0.10984,1.1181,-2.2236,-3.347
0.10992,1.053,-2.234,-3.554
0.11,1.0339,-2.2248,-3.751
0.11008,0.97335,-2.1924,-3.9306
0.11016,0.86341,-2.173,-4.0958
0.11023,0.62745,-2.1301,-4.2452
0.11031,0.41281,-2.1094,-4.3794
0.11039,0.20229,-2.0883,-4.5021
0.11047,-0.02058,-2.0601,-4.6125
0.11055,-0.18212,-2.0187,-4.7098
0.11063,-0.34291,-1.9715,-4.7928
0.1107,-0.41508,-1.9302,-4.862
0.11078,-0.44874,-1.8846,-4.9192
0.11086,-0.45248,-1.833,-4.9634
0.11094,-0.44537,-1.7783,-4.9946
0.11102,-0.4536,-1.7197,-5.0135
0.11109,-0.40088,-1.6646,-5.0201
0.11117,-0.3848,-1.6125,-5.0166
0.11125,-0.41471,-1.5617,-5.0036
0.11133,-0.46818,-1.5063,-4.9814
0.11141,-0.50857,-1.444,-4.9492
0.11148,-0.49436,-1.3857,-4.9082
0.11156,-0.4895,-1.3074,-4.8575
0.11164,-0.4536,-1.2447,-4.7953
0.11172,-0.38031,-1.1954,-4.7276
0.1118,-0.3231,-1.1088,-4.6517
0.11188,-0.24382,-1.0453,-4.566
0.11195,-0.15146,-0.98753,-4.4753
0.11203,-0.061339,-0.90518,-4.3765
0.11211,0.056451,-0.82905,-4.2688
0.11219,0.15106,-0.75568,-4.1546
0.11227,0.22809,-0.6869,-4.0346
0.11234,0.2868,-0.60705,-3.9083
0.11242,0.28455,-0.52106,-3.7745
0.1125,0.28455,-0.43963,-3.6336
0.11258,0.26473,-0.36685,-3.488
0.11266,0.20902,-0.30328,-3.3392
0.11273,0.13909,-0.21891,-3.1861
0.11281,0.023545,-0.10614,-3.0249
0.11289,-0.089011,-0.0059938,-2.8548
0.11297,-0.21017,0.099991,-2.6761
0.11305,-0.33357,0.19257,-2.4897
0.11313,-0.40835,0.27835,-2.3006
0.1132,-0.43229,0.37265,-2.1056
0.11328,-0.41882,0.44638,-1.9101
0.11336,-0.41434,0.57347,-1.7084
0.11344,-0.40873,0.63029,-1.5032
0.11352,-0.41695,0.75294,-1.298
0.11359,-0.41097,0.82614,-1.0841
0.11367,-0.40611,0.92824,-0.87554
0.11375,-0.45435,1.0772,-0.6528
0.11383,-0.48352,1.0709,-0.44299
0.11391,-0.54559,1.4089,-0.2151
0.11398,-0.58111,0.82609,-0.012585
0.11406,-0.53699,-0.074994,0.010322
0.11414,-0.54522,0.10256,-0.0095786
0.11422,-0.47903,0.058733,0.0019276
0.1143,-0.35899,0.020114,-0.0049746
0.11438,-0.29916,0.064863,-3.1919e-06
0.11445,-0.16829,0.0032438,-0.0022339
0.11453,-0.042642,0.050369,-0.0015478
0.11461,0.051964,0.0081962,-0.00031812
0.11469,0.20715,0.032224,-0.0014354
0.11477,0.30662,0.020999,0.0004992
0.11484,0.36981,0.018285,-0.00049808
0.11492,0.42852,0.023402,0.0009266
0.115,0.46442,0.012763,0.0007054
0.11508,0.5164,0.022607,0.0013578
0.11516,0.49246,0.010194,0.0017852
0.11523,0.46105,0.014558,0.0018039
0.11531,0.45731,0.013524,0.0027787
0.11539,0.41655,0.01283,0.0030186
0.11547,0.39374,0.014093,0.0035998
0.11555,0.33803,0.016856,0.0046495
0.11563,0.29951,0.011765,0.0057855
0.1157,0.32232,0.0077876,0.0066816
0.11578,0.31896,0.01409,0.0076938
0.11586,0.30288,0.0059656,0.00805
0.11594,0.24641,0.014123,0.0086199
0.11602,0.18957,0.0034837,0.0096209
0.11609,0.15068,0.0038924,0.0091748
0.11617,0.038876,0.010727,0.010449
0.11625,-0.063209,8.3389e-05,0.010539
0.11633,-0.16342,0.020905,0.011698
0.11641,-0.26439,-0.0067698,0.011447
0.11648,-0.30814,0.024782,0.011829
0.11656,-0.36386,-0.0065074,0.013261
0.11664,-0.40648,0.01382,0.010978
0.11672,-0.41995,0.016009,0.015563
0.1168,-0.40237,-0.022478,0.010536
0.11688,-0.34965,0.053526,0.016298
0.11695,-0.29094,-0.074751,0.011945
0.11703,-0.22849,0.11906,0.014506
0.11711,-0.19895,-0.16787,0.017367
0.11719,-0.11967,0.40513,0.0064529
0.11727,-0.042642,2.4379,0.24837
0.11734,0.04972,2.571,0.65589
0.11742,0.2337,2.1821,0.98716
0.1175,0.24679,2.3467,1.325
0.11758,0.31409,2.2153,1.6497
0.11766,0.43114,2.2588,1.9517
0.11773,0.37654,2.1876,2.2385
0.11781,0.49882,2.2321,2.5042
0.11789,0.61736,2.2563,2.7669
0.11797,0.67756,2.2304,3.0103
0.11805,0.79722,2.2565,3.2419
0.11813,0.82415,2.2415,3.46
0.1182,0.92623,2.2785,3.6684
0.11828,1.016,2.2622,3.8661
0.11836,1.0227,2.2412,4.0483
0.11844,1.0044,2.2131,4.2159
0.11852,0.94568,2.1777,4.3669
0.11859,0.87538,2.1484,4.5044
0.11867,0.71196,2.1177,4.6279
0.11875,0.59717,2.1027,4.7399
0.11883,0.49919,2.0591,4.8401
0.11891,0.39374,2.0154,4.9254
0.11898,0.38776,1.9778,4.9979
0.11906,0.34251,1.9251,5.0581
0.11914,0.30998,1.883,5.1056
0.11922,0.30325,1.826,5.1403
0.1193,0.28717,1.7674,5.1621
0.11937,0.21687,1.714,5.1719
0.11945,0.084871,1.6444,5.1697
0.11953,-0.021702,1.5893,5.1571
0.11961,-0.17389,1.5428,5.1355
0.11969,-0.32684,1.4858,5.1047
0.11977,-0.45996,1.4245,5.0643
0.11984,-0.58859,1.356,5.0145
0.11992,-0.66824,1.279,4.954
0.12,-0.72994,1.2315,4.8858
0.12008,-0.78977,1.172,4.8131
0.12016,-0.83876,1.0734,4.729
0.12023,-0.86194,1.0202,4.6358
0.12031,-0.86082,0.96235,4.5392
0.12039,-0.80884,0.86949,4.434
0.12047,-0.75574,0.79565,4.3193
0.12055,-0.69965,0.72184,4.1992
0.12062,-0.59532,0.6495,4.0742
0.1207,-0.47791,0.57213,3.942
0.12078,-0.36984,0.48941,3.803
0.12086,-0.29804,0.41784,3.6594
0.12094,-0.22138,0.34516,3.5115
0.12102,-0.17202,0.27471,3.3592
0.12109,-0.17502,0.18801,3.2024
0.12117,-0.19558,0.073515,3.0364
0.12125,-0.22587,-0.025072,2.8607
0.12133,-0.24195,-0.1345,2.6776
0.12141,-0.23186,-0.21723,2.4883
0.12148,-0.17838,-0.29907,2.2975
0.12156,-0.12154,-0.40112,2.1002
0.12164,-0.051243,-0.47685,1.9014
0.12172,0.036259,-0.60079,1.6969
0.1218,0.090106,-0.65435,1.489
0.12187,0.12413,-0.78712,1.2798
0.12195,0.13386,-0.85297,1.0634
0.12203,0.096463,-0.95883,0.85262
0.12211,0.053834,-1.102,0.62723
0.12219,0.046729,-1.1087,0.41621
0.12227,-0.044138,-1.4327,0.18497
0.12234,-0.11182,-0.78598,-0.011476
0.12242,-0.071436,0.064799,-0.026948
0.1225,-0.13351,-0.13027,-0.0092824
0.12258,-0.1552,-0.071406,-0.020065
0.12266,-0.14024,-0.055237,-0.01293
0.12273,-0.23223,-0.084138,-0.017879
0.12281,-0.25317,-0.030445,-0.014989
0.12289,-0.24868,-0.078038,-0.016571
0.12297,-0.26588,-0.031884,-0.017144
0.12305,-0.23784,-0.057123,-0.016125
0.12312,-0.19371,-0.042262,-0.018074
0.1232,-0.13351,-0.042243,-0.016844
0.12328,-0.062087,-0.044856,-0.018307
0.12336,-0.024319,-0.034014,-0.017883
0.12344,-0.037033,-0.044012,-0.018584
0.12352,-0.0067443,-0.036649,-0.019143
0.12359,0.014944,-0.040054,-0.019158
0.12367,-0.0089879,-0.032814,-0.019818
0.12375,0.0014823,-0.033178,-0.020132
0.12383,-0.014971,-0.034947,-0.020826
0.12391,-0.011979,-0.03753,-0.021876
0.12398,0.043737,-0.037422,-0.023046
0.12406,0.093845,-0.033039,-0.023863
0.12414,0.18022,-0.030632,-0.02486
0.12422,0.25015,-0.026853,-0.025089
0.1243,0.27221,-0.033073,-0.02597
0.12437,0.29764,-0.025372,-0.026255
0.12445,0.29876,-0.035693,-0.026424
0.12453,0.2868,-0.022508,-0.027541
0.12461,0.27408,-0.027494,-0.026986
0.12469,0.25389,-0.032994,-0.028879
0.12477,0.23258,-0.01176,-0.027458
0.12484,0.21238,-0.044751,-0.029468
0.12492,0.18733,0.0015418,-0.028988
0.125,0.14956,-0.051897,-0.028703
0.12508,0.14246,-0.0044079,-0.03138
0.12516,0.11292,-0.033335,-0.027095
0.12523,0.073278,-0.034632,-0.034556
0.12531,0.048972,0.027654,-0.024928
0.12539,0.011205,-0.12817,-0.037094
0.12547,0.010831,0.20416,-0.022326
0.12555,-0.032546,-1.0008,-0.060372
0.12562,-0.019832,-2.6356,-0.39116
0.1257,0.06393,-2.2808,-0.78549
0.12578,0.11105,-2.2192,-1.1095
0.12586,0.22323,-2.3182,-1.4517
0.12594,0.33728,-2.2103,-1.7646
0.12602,0.42478,-2.2511,-2.0637
0.12609,0.4633,-2.1795,-2.3409
0.12617,0.436,-2.2591,-2.6052
0.12625,0.39823,-2.2396,-2.8622
0.12633,0.3399,-2.246,-3.0997
0.12641,0.3126,-2.2564,-3.3276
0.12648,0.33354,-2.2603,-3.5415
0.12656,0.38776,-2.2839,-3.7472
0.12664,0.44983,-2.2563,-3.9397
0.12672,0.49807,-2.2429,-4.1174
0.1268,0.50966,-2.2061,-4.2797
0.12688,0.49172,-2.1808,-4.4261
0.12695,0.4618,-2.1508,-4.5592
0.12703,0.40047,-2.1233,-4.6785
0.12711,0.37953,-2.106,-4.7867
0.12719,0.40122,-2.062,-4.8825
0.12727,0.41132,-2.0171,-4.9639
0.12734,0.44385,-1.9757,-5.0321
0.12742,0.47526,-1.9267,-5.0879
0.1275,0.49471,-1.8763,-5.1307
0.12758,0.52911,-1.8205,-5.161
0.12766,0.49845,-1.7606,-5.1784
0.12773,0.41543,-1.7056,-5.1837
0.12781,0.33092,-1.6517,-5.1789
0.12789,0.20677,-1.5992,-5.1638
0.12797,0.094593,-1.5431,-5.1399
0.12805,-0.025067,-1.4816,-5.1067
0.12812,-0.14435,-1.4224,-5.0643
0.1282,-0.18661,-1.3437,-5.0117
0.12828,-0.2169,-1.2829,-4.9485
0.12836,-0.26588,-1.2363,-4.8807
0.12844,-0.32534,-1.1489,-4.8042
0.12852,-0.37919,-1.084,-4.7172
0.12859,-0.44724,-1.0318,-4.6264
0.12867,-0.53475,-0.94648,-4.5279
0.12875,-0.5684,-0.86819,-4.4195
0.12883,-0.60878,-0.79523,-4.3045
0.12891,-0.64356,-0.7224,-4.1834
0.12898,-0.6286,-0.6459,-4.0559
0.12906,-0.65179,-0.55922,-3.9217
0.12914,-0.6473,-0.48021,-3.7803
0.12922,-0.62636,-0.40861,-3.6337
0.1293,-0.61776,-0.33527,-3.4835
0.12938,-0.59084,-0.26045,-3.3293
0.12945,-0.61365,-0.16148,-3.1691
0.12953,-0.63421,-0.049898,-2.9987
0.12961,-0.6372,0.046905,-2.8201
0.12969,-0.62038,0.15678,-2.6339
0.12977,-0.56279,0.23449,-2.4429
0.12984,-0.46893,0.32892,-2.2492
0.12992,-0.34927,0.40983,-2.0509
0.13,-0.25018,0.50914,-1.8509
0.13008,-0.14959,0.60965,-1.643
0.13016,-0.08041,0.67074,-1.4371
0.13023,-0.019084,0.82777,-1.2236
0.13031,0.059069,0.85272,-1.0092
0.13039,0.081505,1.0242,-0.79342
0.13047,0.096463,1.0699,-0.56897
0.13055,0.14807,1.221,-0.35873
0.13062,0.15255,1.3609,-0.11781
0.1307,0.18621,0.34541,0.017412
0.13078,0.25314,-0.077251,-0.0039848
0.13086,0.26399,0.14871,-0.0035986
0.13094,0.33915,-0.0001378,-0.00049808
0.13102,0.34289,0.07073,-0.0042323
0.13109,0.27334,0.025224,0.00050669
0.13117,0.28642,0.02669,-0.0034074
0.13125,0.2423,0.041825,0.00024425
0.13133,0.19518,0.0099208,-0.0013004
0.13141,0.1993,0.038207,-0.00011192
0.13148,0.17312,0.011964,0.00044296
0.13156,0.14507,0.028587,0.00022551
0.13164,0.13498,0.016197,0.0013165
0.13172,0.096837,0.018382,0.00099784
0.1318,0.047851,0.020328,0.002385
0.13188,0.033267,0.012324,0.0021938
0.13195,-0.033294,0.019563,0.0027899
0.13203,-0.12715,0.0093172,0.0033561
0.13211,-0.17053,0.011953,0.0034798
0.13219,-0.1982,0.016575,0.0045708
0.13227,-0.20904,0.014506,0.0056805
0.13234,-0.22064,0.014382,0.0066291
0.13242,-0.19932,0.015709,0.0077051
0.1325,-0.15408,0.0078101,0.0082975
0.13258,-0.15183,0.007199,0.0087624
0.13266,-0.1451,0.010952,0.0099321
0.13273,-0.13052,0.0032813,0.0093697
0.13281,-0.13164,0.015113,0.010573
0.13289,-0.1279,0.00051078,0.010933
0.13297,-0.1107,0.01578,0.010869
0.13305,-0.080784,0.0010769,0.012669
0.13312,-0.029181,0.0052683,0.011079
0.1332,0.047103,0.015091,0.013884
0.13328,0.10394,-0.012341,0.011349
0.13336,0.15106,0.039039,0.014195
0.13344,0.21837,-0.035405,0.01328
0.13352,0.2681,0.052236,0.012736
0.13359,0.30362,-0.041433,0.016932
0.13367,0.33578,0.032992,0.0086236
0.13375,0.32681,0.011585,0.023722
0.13383,0.30961,-0.11381,-0.0031975
0.13391,0.31447,1.7158,0.11487
0.13398,0.35672,2.7719,0.5011
0.13406,0.52836,2.2085,0.86288
0.13414,0.58183,2.3116,1.1892
0.13422,0.5164,2.2692,1.5275
0.1343,0.59006,2.2367,1.8336
0.13438,0.53659,2.2258,2.1296
0.13445,0.49246,2.1874,2.4
0.13453,0.54332,2.2637,2.6648
0.13461,0.48237,2.224,2.9158
0.13469,0.48685,2.2486,3.1509
0.13477,0.48723,2.2458,3.3747
0.13484,0.43899,2.2653,3.586
0.13492,0.436,2.2648,3.7895
0.135,0.45021,2.2424,3.9771
0.13508,0.43338,2.2215,4.1501
0.13516,0.34887,2.177,4.3069
0.13523,0.26287,2.1586,4.4486
0.13531,0.13573,2.132,4.5773
0.13539,0.039624,2.1088,4.6939
0.13547,0.017562,2.0767,4.7992
0.13555,-0.0074922,2.0267,4.8901
0.13562,0.026536,1.9847,4.9671
0.1357,0.076644,1.9389,5.0316
0.13578,0.14208,1.8905,5.0835
0.13586,0.21874,1.8445,5.1227
0.13594,0.26922,1.7867,5.1497
0.13602,0.28568,1.7233,5.1639
0.13609,0.25352,1.6667,5.166
0.13617,0.19107,1.6097,5.1577
0.13625,0.069165,1.557,5.1397
0.13633,-0.028433,1.4965,5.1123
0.13641,-0.10883,1.4313,5.0752
0.13648,-0.17389,1.3747,5.0288
0.13656,-0.17427,1.2957,4.9719
0.13664,-0.18736,1.2358,4.9053
0.13672,-0.17876,1.1883,4.8347
0.1368,-0.17614,1.0969,4.7547
0.13687,-0.19484,1.0308,4.6638
0.13695,-0.2169,0.97784,4.5693
0.13703,-0.2599,0.8899,4.4678
0.13711,-0.3029,0.8104,4.3566
0.13719,-0.31861,0.74481,4.2391
0.13727,-0.33057,0.67323,4.1163
0.13734,-0.37881,0.59189,3.9871
0.13742,-0.38367,0.51051,3.8508
0.1375,-0.40723,0.43549,3.7087
0.13758,-0.45996,0.36778,3.562
0.13766,-0.4794,0.29684,3.4114
0.13773,-0.54185,0.21405,3.2565
0.13781,-0.61365,0.10362,3.0936
0.13789,-0.69554,-0.0033732,2.9205
0.13797,-0.76434,-0.099884,2.7402
0.13805,-0.77332,-0.19348,2.5526
0.13812,-0.73443,-0.27031,2.3624
0.1382,-0.63272,-0.37667,2.1673
0.13828,-0.55569,-0.44155,1.9692
0.13836,-0.47267,-0.56016,1.7678
0.13844,-0.34703,-0.6431,1.5591
0.13852,-0.27448,-0.73247,1.3529
0.13859,-0.23933,-0.85116,1.1369
0.13867,-0.20157,-0.89227,0.92583
0.13875,-0.19297,-1.0844,0.70529
0.13883,-0.19072,-1.0671,0.48751
0.13891,-0.16604,-1.3478,0.27033
0.13898,-0.14323,-1.1575,0.038973
0.13906,-0.050121,-0.092776,-0.03595
0.13914,0.02691,-0.033613,-0.007734
0.13922,0.13161,-0.13542,-0.01774
0.1393,0.27521,-0.018572,-0.013658
0.13937,0.25426,-0.10598,-0.014857
0.13945,0.29278,-0.029661,-0.015855
0.13953,0.34775,-0.068857,-0.013601
0.13961,0.30774,-0.048912,-0.016848
0.13969,0.33616,-0.044882,-0.014809
0.13977,0.3313,-0.05217,-0.016702
0.13984,0.32419,-0.032582,-0.015997
0.13992,0.33092,-0.04811,-0.016852
0.14,0.30961,-0.032117,-0.017171
0.14008,0.28941,-0.041804,-0.017137
0.14016,0.2322,-0.033215,-0.018052
0.14023,0.1892,-0.034951,-0.018003
0.14031,0.13535,-0.037812,-0.018622
0.14039,0.061686,-0.030677,-0.018783
0.14047,-0.0078661,-0.036376,-0.019491
0.14055,-0.077793,-0.037905,-0.020455
0.14063,-0.083402,-0.037234,-0.021715
0.1407,-0.086019,-0.03497,-0.022513
0.14078,-0.076671,-0.037497,-0.023398
0.14086,-0.052365,-0.029957,-0.024024
0.14094,-0.081906,-0.031783,-0.024433
0.14102,-0.094246,-0.03016,-0.025359
0.14109,-0.12678,-0.029481,-0.024935
0.14117,-0.18063,-0.03085,-0.026401
0.14125,-0.2068,-0.019254,-0.026075
0.14133,-0.23522,-0.037624,-0.027143
0.14141,-0.24457,-0.0095216,-0.027518
0.14148,-0.23372,-0.039386,-0.026971
0.14156,-0.19297,-0.014343,-0.029235
0.14164,-0.15595,-0.021125,-0.02648
0.14172,-0.09088,-0.042457,-0.030919
0.1418,0.0014823,0.0044547,-0.026356
0.14188,0.041494,-0.08064,-0.030885
0.14195,0.10319,0.056536,-0.028733
0.14203,0.13236,-0.12394,-0.027964
0.14211,0.14994,0.10549,-0.035193
0.14219,0.17275,-0.2626,-0.016316
0.14227,0.15255,-2.2375,-0.23215
0.14234,0.26212,-2.524,-0.64279
0.14242,0.35074,-2.1291,-0.98015
0.1425,0.40945,-2.3489,-1.3172
0.14258,0.59567,-2.2159,-1.6453
0.14266,0.69626,-2.2491,-1.946
0.14273,0.76731,-2.1945,-2.2345
0.14281,0.83574,-2.219,-2.4999
0.14289,0.76357,-2.2573,-2.7625
0.14297,0.72468,-2.2277,-3.0066
0.14305,0.69776,-2.2578,-3.2384
0.14313,0.6368,-2.2452,-3.4574
0.1432,0.65139,-2.2772,-3.6658
0.14328,0.65849,-2.262,-3.8645
0.14336,0.63718,-2.2412,-4.0474
0.14344,0.58408,-2.2133,-4.2156
0.14352,0.4876,-2.1789,-4.3672
0.14359,0.37467,-2.1547,-4.5049
0.14367,0.24305,-2.127,-4.629
0.14375,0.14283,-2.1067,-4.7412
0.14383,0.07627,-2.0683,-4.8418
0.14391,0.04972,-2.0249,-4.9283
0.14398,0.052338,-1.9804,-5.0014
0.14406,0.061686,-1.9374,-5.0616
0.14414,0.11815,-1.8915,-5.1098
0.14422,0.1548,-1.8337,-5.1454
0.1443,0.19331,-1.7747,-5.1677
0.14438,0.21014,-1.716,-5.1778
0.14445,0.10992,-1.6584,-5.1765
0.14453,0.027284,-1.6088,-5.1652
0.14461,-0.078166,-1.5561,-5.1453
0.14469,-0.21129,-1.4934,-5.1155
0.14477,-0.27897,-1.4402,-5.0766
0.14484,-0.32871,-1.3663,-5.0287
0.14492,-0.33469,-1.2901,-4.9686
0.145,-0.32758,-1.2512,-4.9022
0.14508,-0.31749,-1.1726,-4.8303
0.14516,-0.30403,-1.0879,-4.7462
0.14523,-0.32048,-1.043,-4.656
0.14531,-0.31823,-0.9695,-4.561
0.14539,-0.29206,-0.88284,-4.4559
0.14547,-0.28608,-0.80961,-4.3429
0.14555,-0.28682,-0.74033,-4.2242
0.14563,-0.29804,-0.66669,-4.0998
0.1457,-0.30851,-0.58289,-3.9683
0.14578,-0.30328,-0.49893,-3.8295
0.14586,-0.32534,-0.42343,-3.6848
0.14594,-0.32497,-0.35589,-3.5362
0.14602,-0.34179,-0.2802,-3.3838
0.14609,-0.39527,-0.1918,-3.2261
0.14617,-0.44238,-0.08076,-3.0595
0.14625,-0.50558,0.02146,-2.8836
0.14633,-0.52502,0.12569,-2.7003
0.14641,-0.51268,0.21264,-2.5105
0.14648,-0.4536,0.2975,-2.3183
0.14656,-0.38106,0.39585,-2.1207
0.14664,-0.30776,0.4719,-1.9216
0.14672,-0.2083,0.59269,-1.716
0.1468,-0.1623,0.64359,-1.5087
0.14688,-0.11855,0.77958,-1.2997
0.14695,-0.087141,0.84989,-1.0827
0.14703,-0.099855,0.95037,-0.87149
0.14711,-0.11369,1.0932,-0.64575
0.14719,-0.10621,1.1053,-0.43461
0.14727,-0.11145,1.4265,-0.2023
0.14734,-0.13463,0.76696,-0.0057844
0.14742,-0.093124,-0.090598,0.0088861
0.1475,-0.044512,0.11306,-0.0084763
0.14758,0.053086,0.05164,0.002535
0.14766,0.14881,0.027226,-0.0045734
0.14773,0.13012,0.055014,0.00057043
0.14781,0.1705,0.0048634,-0.0020315
0.14789,0.20715,0.057676,-0.00046059
0.14797,0.18359,0.0084362,0.00026675
0.14805,0.22585,0.033944,-0.00048683
0.14813,0.2251,0.020793,0.0012678
0.1482,0.1963,0.020797,0.00028174
0.14828,0.21201,0.025101,0.0018601
0.14836,0.19443,0.010011,0.0013353
0.14844,0.16975,0.019844,0.0023063
0.14852,0.15368,0.012125,0.0027674
0.14859,0.12039,0.014828,0.0027412
0.14867,0.075522,0.01151,0.0035623
0.14875,0.046355,0.012249,0.0038472
0.14883,0.012327,0.016939,0.0047358
0.14891,-0.0037528,0.01716,0.0058568
0.14898,0.031397,0.0131,0.0069553
0.14906,0.059069,0.013284,0.0079525
0.14914,0.10768,0.011072,0.0089986
0.14922,0.13947,0.011758,0.0093247
0.1493,0.12563,0.01229,0.010172
0.14938,0.098706,0.0018979,0.010187
0.14945,0.071035,0.018199,0.010944
0.14953,0.022797,-0.0025672,0.011675
0.14961,-0.038529,0.007334,0.011297
0.14969,-0.057974,0.0066142,0.01295
0.14977,-0.094994,0.0034687,0.011507
0.14984,-0.10472,0.020695,0.014135
0.14992,-0.097611,-0.01838,0.012298
0.15,-0.081158,0.040629,0.014285
0.15008,-0.010484,-0.033901,0.014776
0.15016,0.03738,0.039703,0.012275
0.15023,0.07814,-0.018403,0.018401
0.15031,0.11254,-0.0011013,0.0087661
0.15039,0.11217,0.064997,0.023718
0.15047,0.096837,-0.18459,0.00020676
0.15055,0.11404,1.4475,0.083682
0.15063,0.13722,2.7871,0.45121
0.1507,0.27633,2.261,0.82605
0.15078,0.37579,2.2902,1.1505
0.15086,0.32232,2.2956,1.4917
0.15094,0.41319,2.2326,1.8015
0.15102,0.39748,2.2438,2.1004
0.15109,0.36719,2.1871,2.3741
0.15117,0.47152,2.2678,2.6398
0.15125,0.47003,2.2355,2.895
0.15133,0.53098,2.2508,3.1325
0.15141,0.54182,2.2443,3.3587
0.15148,0.55155,2.2613,3.5713
0.15156,0.65101,2.2717,3.7767
0.15164,0.67121,2.2426,3.9679
0.15172,0.70075,2.2371,4.1448
0.1518,0.65326,2.195,4.3057
0.15187,0.57847,2.1639,4.4509
0.15195,0.48311,2.1399,4.5825
0.15203,0.33877,2.1132,4.7008
0.15211,0.28231,2.089,4.8088
0.15219,0.22173,2.0409,4.9035
0.15227,0.21612,2.0001,4.9838
0.15234,0.22846,1.9623,5.0517
0.15242,0.23071,1.9114,5.1069
0.1525,0.2782,1.8606,5.1496
0.15258,0.30362,1.8022,5.1798
0.15266,0.31559,1.7458,5.1974
0.15273,0.23819,1.6861,5.2028
0.15281,0.14807,1.6266,5.1973
0.15289,0.042989,1.5715,5.1814
0.15297,-0.10808,1.5132,5.1565
0.15305,-0.21428,1.4513,5.122
0.15313,-0.31898,1.3936,5.0778
0.1532,-0.35937,1.3229,5.0246
0.15328,-0.3818,1.251,4.9605
0.15336,-0.4192,1.2089,4.8901
0.15344,-0.43453,1.1318,4.814
0.15352,-0.46818,1.0421,4.726
0.15359,-0.49473,0.99192,4.6314
0.15367,-0.52727,0.9217,4.5325
0.15375,-0.52353,0.83251,4.424
0.15383,-0.49847,0.7635,4.3076
0.15391,-0.50483,0.69942,4.186
0.15398,-0.49586,0.62099,4.0583
0.15406,-0.46594,0.53978,3.9241
0.15414,-0.45472,0.46344,3.7836
0.15422,-0.44014,0.39184,3.638
0.1543,-0.41733,0.32004,3.4885
0.15438,-0.44388,0.24364,3.3348
0.15445,-0.4723,0.14629,3.175
0.15453,-0.52315,0.032775,3.0053
0.15461,-0.5669,-0.064171,2.8269
0.15469,-0.54447,-0.16935,2.6412
0.15477,-0.51642,-0.24463,2.4503
0.15484,-0.44126,-0.33796,2.2571
0.15492,-0.35563,-0.42201,2.0585
0.155,-0.27,-0.50955,1.8589
0.15508,-0.16043,-0.6273,1.6513
0.15516,-0.10397,-0.6811,1.4439
0.15523,-0.051617,-0.8277,1.2316
0.15531,-0.022076,-0.86394,1.016
0.15539,-0.045634,-1.0157,0.80237
0.15547,-0.046756,-1.0899,0.57696
0.15555,-0.047504,-1.1835,0.36738
0.15563,-0.062835,-1.4149,0.12832
0.1557,-0.01011,-0.50331,-0.029517
0.15578,0.046355,0.075817,-0.017238
0.15586,0.054208,-0.16397,-0.011832
0.15594,0.15255,-0.033107,-0.01807
0.15602,0.17649,-0.078511,-0.012252
0.15609,0.10619,-0.060767,-0.017643
0.15617,0.14059,-0.043191,-0.01347
0.15625,0.12376,-0.069622,-0.016402
0.15633,0.10095,-0.031772,-0.015648
0.15641,0.126,-0.060069,-0.016065
0.15648,0.099828,-0.035405,-0.016916
0.15656,0.083749,-0.048751,-0.016301
0.15664,0.094219,-0.038363,-0.017699
0.15672,0.085618,-0.036904,-0.017058
0.1568,0.050094,-0.042108,-0.018048
0.15687,0.038876,-0.031948,-0.018127
0.15695,0.0089611,-0.037755,-0.01864
0.15703,-0.04339,-0.033744,-0.019124
0.15711,-0.064705,-0.03798,-0.019368
0.15719,-0.072931,-0.036796,-0.020526
0.15727,-0.077419,-0.034554,-0.02146
0.15734,-0.057226,-0.035667,-0.022562
0.15742,-0.019084,-0.034254,-0.023773
0.1575,0.019431,-0.027802,-0.024095
0.15758,0.068791,-0.031974,-0.024474
0.15766,0.065052,-0.029028,-0.025617
0.15773,0.044859,-0.028544,-0.025468
0.15781,0.03925,-0.034445,-0.026697
0.15789,0.0048478,-0.020585,-0.02621
0.15797,-0.0078661,-0.045336,-0.027038
0.15805,-0.0052485,-0.016787,-0.027886
0.15813,-0.0067443,-0.035037,-0.026742
0.1582,0.011579,-0.021983,-0.029543
0.15828,0.045233,-0.015839,-0.026772
0.15836,0.085245,-0.049973,-0.03084
0.15844,0.12339,0.015589,-0.027466
0.15852,0.14994,-0.081064,-0.030304
0.15859,0.17536,0.046605,-0.030191
0.15867,0.16489,-0.1004,-0.026364
0.15875,0.15181,0.057728,-0.037832
0.15883,0.12488,-0.11799,-0.012964
0.15891,0.083375,-2.0656,-0.19469
0.15898,0.14433,-2.5878,-0.60255
0.15906,0.20864,-2.1247,-0.94892
0.15914,0.26885,-2.3417,-1.2829
0.15922,0.41169,-2.2327,-1.6155
0.1593,0.52574,-2.2474,-1.9185
0.15937,0.57548,-2.2068,-2.2103
0.15945,0.62409,-2.2108,-2.4775
0.15953,0.59118,-2.2687,-2.7419
0.15961,0.53285,-2.2341,-2.9896
0.15969,0.53322,-2.2619,-3.2237
0.15977,0.49433,-2.2463,-3.4446
0.15984,0.52387,-2.2781,-3.6543
0.15992,0.58894,-2.276,-3.856
0.16,0.57735,-2.2564,-4.0424
0.16008,0.57847,-2.2314,-4.2147
0.16016,0.52986,-2.195,-4.3703
0.16023,0.42029,-2.1706,-4.5116
0.16031,0.33616,-2.1391,-4.6391
0.16039,0.24342,-2.1189,-4.7543
0.16047,0.17798,-2.0875,-4.8579
0.16055,0.17836,-2.0422,-4.9481
0.16063,0.20378,-1.9964,-5.0243
0.1607,0.24267,-1.9563,-5.0874
0.16078,0.28568,-1.9097,-5.1391
0.16086,0.35934,-1.8535,-5.1778
0.16094,0.39748,-1.7996,-5.204
0.16102,0.35485,-1.7395,-5.218
0.16109,0.28156,-1.6804,-5.2196
0.16117,0.17462,-1.6277,-5.2108
0.16125,0.031397,-1.5769,-5.1931
0.16133,-0.10172,-1.515,-5.1659
0.16141,-0.20157,-1.4555,-5.1289
0.16148,-0.28346,-1.3969,-5.0835
0.16156,-0.30328,-1.3138,-5.0267
0.16164,-0.3115,-1.2619,-4.9609
0.16172,-0.3474,-1.2025,-4.8911
0.1618,-0.36124,-1.1104,-4.8103
0.16187,-0.38704,-1.0586,-4.721
0.16195,-0.41471,-0.99372,-4.6276
0.16203,-0.42593,-0.9061,-4.525
0.16211,-0.42705,-0.83234,-4.4135
0.16219,-0.43752,-0.76124,-4.2961
0.16227,-0.44986,-0.69095,-4.1731
0.16234,-0.43715,-0.60956,-4.0435
0.16242,-0.44051,-0.52607,-3.9066
0.1625,-0.42294,-0.4499,-3.7637
0.16258,-0.4091,-0.38002,-3.6159
0.16266,-0.44425,-0.30566,-3.4639
0.16273,-0.46818,-0.22435,-3.3078
0.16281,-0.51567,-0.11893,-3.1442
0.16289,-0.56653,-0.010718,-2.9705
0.16297,-0.58373,0.08847,-2.7895
0.16305,-0.56204,0.188,-2.6004
0.16312,-0.49623,0.25969,-2.4084
0.1632,-0.41658,0.36391,-2.2128
0.16328,-0.30664,0.43499,-2.0125
0.16336,-0.20306,0.54637,-1.8097
0.16344,-0.12304,0.63397,-1.6004
0.16352,-0.054982,0.71931,-1.3931
0.16359,-0.015719,0.84845,-1.176
0.16367,0.0044739,0.88031,-0.96349
0.16375,-0.002631,1.0762,-0.74332
0.16383,-0.021328,1.066,-0.52228
0.16391,-0.015719,1.3201,-0.30645
0.16398,-0.010858,1.2181,-0.069884
0.16406,0.0014823,0.12669,0.020452
0.16414,0.028032,-0.011778,-0.0079627
0.16422,0.091228,0.13087,0.00070165
0.1643,0.18135,-0.0038381,-0.0016941
0.16437,0.16564,0.082719,-0.0017578
0.16445,0.17948,0.0042785,0.00030049
0.16453,0.22472,0.041056,-0.0022189
0.16461,0.18322,0.02849,0.0013952
0.16469,0.20677,0.017329,-0.00081301
0.16477,0.20939,0.037049,0.001219
0.16484,0.1907,0.010168,0.00081413
0.16492,0.19743,0.027961,0.0013615
0.165,0.16564,0.013216,0.0020851
0.16508,0.14171,0.018127,0.0019951
0.16516,0.10207,0.01469,0.0029287
0.16523,0.078514,0.011743,0.0031236
0.16531,0.03738,0.015743,0.003791
0.16539,-0.020206,0.012864,0.0038135
0.16547,-0.053487,0.014326,0.0042559
0.16555,-0.077045,0.011552,0.0049607
0.16562,-0.047877,0.016313,0.0062504
0.1657,-0.024319,0.014926,0.0073264
0.16578,-0.0011352,0.011578,0.00799
0.16586,0.049346,0.011049,0.009081
0.16594,0.059443,0.0084362,0.009276
0.16602,0.047103,0.014491,0.010198
0.16609,0.042616,0.0050133,0.010626
0.16617,0.0018563,0.014806,0.010753
0.16625,-0.03292,0.0038324,0.011912
0.16633,-0.034416,0.0073302,0.011282
0.16641,-0.053861,0.016748,0.013366
0.16648,-0.057974,-0.0086106,0.01205
0.16656,-0.03292,0.027065,0.013486
0.16664,0.0063435,-0.01976,0.013584
0.16672,0.063556,0.028467,0.012909
0.1668,0.11142,-0.010673,0.016242
0.16687,0.14507,0.0085824,0.011451
0.16695,0.16527,0.026773,0.01896
0.16703,0.1806,-0.058649,0.010116
0.16711,0.18322,0.12013,0.020216
0.16719,0.15181,-0.23158,0.0095347
0.16727,0.17574,0.8847,0.034699
0.16734,0.19294,2.6831,0.34532
0.16742,0.28343,2.3708,0.73888
0.1675,0.43974,2.2044,1.0595
0.16758,0.39412,2.3173,1.3996
0.16766,0.44123,2.1906,1.7131
0.16773,0.46965,2.2346,2.0105
0.16781,0.36308,2.1564,2.2883
0.16789,0.44983,2.2242,2.5508
0.16797,0.45993,2.2073,2.8053
0.16805,0.42702,2.2082,3.0408
0.16812,0.48274,2.23,3.2682
0.1682,0.47863,2.2229,3.4816
0.16828,0.51303,2.2331,3.685
0.16836,0.57249,2.1995,3.8743
0.16844,0.57996,2.1846,4.0478
0.16852,0.522,2.1457,4.2061
0.16859,0.44049,2.1103,4.3482
0.16867,0.31746,2.0846,4.4774
0.16875,0.18845,2.0588,4.5943
0.16883,0.14844,2.0289,4.6997
0.16891,0.078514,1.98,4.791
0.16898,0.069913,1.9336,4.8681
0.16906,0.129,1.8939,4.9326
0.16914,0.13722,1.8502,4.9847
0.16922,0.19967,1.7933,5.0244
0.1693,0.24043,1.7324,5.0514
0.16937,0.23445,1.6767,5.0656
0.16945,0.20453,1.62,5.068
0.16953,0.12713,1.5658,5.0603
0.16961,0.011205,1.5116,5.0436
0.16969,-0.1193,1.4483,5.0169
0.16977,-0.20904,1.3914,4.9804
0.16984,-0.29355,1.3232,4.935
0.16992,-0.32272,1.2397,4.878
0.17,-0.32123,1.1973,4.8128
0.17008,-0.33581,1.1368,4.7433
0.17016,-0.31188,1.0396,4.6626
0.17023,-0.30552,0.99006,4.5728
0.17031,-0.34179,0.92944,4.4795
0.17039,-0.37133,0.83895,4.3777
0.17047,-0.37021,0.76703,4.2666
0.17055,-0.3848,0.69779,4.1495
0.17062,-0.39975,0.62715,4.0269
0.1707,-0.40237,0.54703,3.8978
0.17078,-0.40125,0.46325,3.7614
0.17086,-0.37919,0.39217,3.6192
0.17094,-0.38293,0.32528,3.4733
0.17102,-0.38592,0.25455,3.3234
0.17109,-0.41621,0.16667,3.1686
0.17117,-0.48127,0.053964,3.0045
0.17125,-0.51193,-0.046243,2.8309
0.17133,-0.54409,-0.15181,2.6495
0.17141,-0.56616,-0.23418,2.4614
0.17148,-0.53661,-0.31969,2.271
0.17156,-0.44911,-0.40993,2.0752
0.17164,-0.34965,-0.48831,1.8785
0.17172,-0.25504,-0.61154,1.6743
0.1718,-0.15333,-0.66188,1.4685
0.17188,-0.10434,-0.80015,1.2604
0.17195,-0.079662,-0.85501,1.0454
0.17203,-0.083402,-0.97413,0.83492
0.17211,-0.10285,-1.0944,0.61082
0.17219,-0.089385,-1.1254,0.40212
0.17227,-0.1294,-1.4272,0.16908
0.17234,-0.12603,-0.68471,-0.014224
0.17242,-0.042268,0.079169,-0.019071
0.1725,-0.020206,-0.14387,-0.0056757
0.17258,0.063556,-0.055282,-0.015015
0.17266,0.15779,-0.058574,-0.0081614
0.17273,0.1533,-0.071879,-0.013538
0.17281,0.21463,-0.029867,-0.0099385
0.17289,0.23407,-0.072771,-0.012012
0.17297,0.18883,-0.029328,-0.012019
0.17305,0.21351,-0.055826,-0.011543
0.17313,0.20042,-0.036402,-0.013268
0.1732,0.20079,-0.041133,-0.012237
0.17328,0.22024,-0.039322,-0.013669
0.17336,0.18434,-0.031506,-0.012983
0.17344,0.17611,-0.038929,-0.013976
0.17352,0.17125,-0.031382,-0.014291
0.17359,0.12638,-0.038314,-0.014261
0.17367,0.06393,-0.032241,-0.01506
0.17375,0.040372,-0.031877,-0.015191
0.17383,0.015318,-0.03085,-0.015765
0.17391,-0.036285,-0.030951,-0.016533
0.17398,-0.019832,-0.034599,-0.017782
0.17406,0.0067175,-0.027764,-0.018738
0.17414,0.014196,-0.031532,-0.019503
0.17422,0.04112,-0.032559,-0.020275
0.1743,0.052712,-0.030449,-0.020312
0.17438,0.048225,-0.029354,-0.021261
0.17445,0.014196,-0.020405,-0.021313
0.17453,-0.039651,-0.034707,-0.022307
0.17461,-0.066948,-0.020311,-0.022626
0.17469,-0.097237,-0.035217,-0.022472
0.17477,-0.13014,-0.023307,-0.024189
0.17484,-0.13463,-0.024161,-0.022449
0.17492,-0.10696,-0.038378,-0.02552
0.175,-0.070314,-0.00136,-0.023034
0.17508,-0.035538,-0.055368,-0.025333
0.17516,0.024293,0.020692,-0.025288
0.17523,0.062434,-0.065611,-0.023458
0.17531,0.1002,0.011897,-0.028954
0.17539,0.12189,-0.029695,-0.019844
0.17547,0.126,-0.058487,-0.035219
0.17555,0.15554,0.13427,-0.0091474
0.17563,0.11778,-1.5458,-0.10969
0.1757,0.14881,-2.6665,-0.48668
0.17578,0.23407,-2.1552,-0.85251
0.17586,0.2868,-2.2867,-1.1784
0.17594,0.41543,-2.247,-1.5165
0.17602,0.54818,-2.1998,-1.8194
0.17609,0.63793,-2.2086,-2.1136
0.17617,0.69476,-2.158,-2.3822
0.17625,0.68355,-2.2339,-2.6435
0.17633,0.62185,-2.1914,-2.8916
0.17641,0.6196,-2.2248,-3.1241
0.17648,0.59791,-2.2228,-3.3475
0.17656,0.57623,-2.2313,-3.5569
0.17664,0.62559,-2.2291,-3.7572
0.17672,0.60913,-2.1936,-3.9408
0.1768,0.58557,-2.1759,-4.1095
0.17688,0.5235,-2.1372,-4.263
0.17695,0.40833,-2.1093,-4.4011
0.17703,0.29166,-2.0854,-4.5263
0.17711,0.16938,-2.0607,-4.6401
0.17719,0.1103,-2.02,-4.7414
0.17727,0.058695,-1.9722,-4.8278
0.17734,0.058695,-1.929,-4.9005
0.17742,0.093845,-1.8856,-4.9612
0.1775,0.094593,-1.839,-5.0095
0.17758,0.14881,-1.783,-5.0451
0.17766,0.18022,-1.7201,-5.068
0.17773,0.17574,-1.6663,-5.0782
0.17781,0.14732,-1.611,-5.0779
0.17789,0.043363,-1.5545,-5.0674
0.17797,-0.074427,-1.5042,-5.0479
0.17805,-0.19334,-1.4425,-5.019
0.17813,-0.28383,-1.3836,-4.9806
0.1782,-0.33544,-1.3094,-4.9323
0.17828,-0.34254,-1.2451,-4.8729
0.17836,-0.3302,-1.198,-4.8084
0.17844,-0.35413,-1.1083,-4.7356
0.17852,-0.34965,-1.0404,-4.6512
0.17859,-0.34478,-0.99131,-4.5628
0.17867,-0.35039,-0.90678,-4.4672
0.17875,-0.33843,-0.82878,-4.3617
0.17883,-0.34254,-0.76125,-4.2495
0.17891,-0.32796,-0.68969,-4.1314
0.17898,-0.32197,-0.61262,-4.0072
0.17906,-0.31936,-0.53064,-3.8757
0.17914,-0.3044,-0.45072,-3.7372
0.17922,-0.32085,-0.37674,-3.5937
0.1793,-0.32646,-0.30616,-3.4454
0.17938,-0.31973,-0.23477,-3.2932
0.17945,-0.34441,-0.13398,-3.135
0.17953,-0.39452,-0.025912,-2.9662
0.17961,-0.44089,0.07335,-2.7896
0.17969,-0.46108,0.17895,-2.6049
0.17977,-0.45472,0.24434,-2.4159
0.17984,-0.42518,0.34972,-2.2241
0.17992,-0.35152,0.42807,-2.0262
0.18,-0.25429,0.52207,-1.8271
0.18008,-0.17464,0.62646,-1.6205
0.18016,-0.089385,0.69484,-1.4153
0.18023,-0.04339,0.83421,-1.2022
0.18031,-0.038529,0.85928,-0.98967
0.18039,-0.026563,1.0414,-0.77465
0.18047,-0.035538,1.059,-0.55241
0.18055,-0.037407,1.2383,-0.3421
0.18063,-0.058348,1.3258,-0.10288
0.1807,-0.074053,0.27906,0.020209
0.18078,-0.037033,-0.063552,-0.0040373
0.18086,0.012327,0.14734,-0.0011579
0.18094,0.10805,-0.0048878,0.00043921
0.18102,0.1432,0.074318,-0.0024739
0.18109,0.1275,0.021899,0.0016614
0.18117,0.17836,0.029611,-0.0019902
0.18125,0.18471,0.038455,0.0018751
0.18133,0.16826,0.012361,-4.0684e-05
0.18141,0.1892,0.038443,0.001399
0.18148,0.18995,0.011829,0.0016952
0.18156,0.19406,0.023091,0.0016689
0.18164,0.18546,0.011754,0.0027749
0.18172,0.16003,0.018375,0.0022351
0.1818,0.16938,0.015353,0.003521
0.18188,0.14433,0.0079338,0.0034385
0.18195,0.093471,0.015327,0.0039409
0.18203,0.070287,0.011844,0.0044733
0.18211,0.0127,0.010719,0.004762
0.18219,-0.019084,0.011615,0.005748
0.18227,0.00036053,0.017321,0.0068653
0.18234,-0.0071182,0.013764,0.00802
0.18242,0.0059696,0.01286,0.0089836
0.1825,0.049346,0.010116,0.0098046
0.18258,0.068791,0.0094259,0.010048
0.18266,0.092723,0.011732,0.010926
0.18273,0.091228,0.003315,0.010948
0.18281,0.050842,0.014472,0.011705
0.18289,0.011205,-0.0016861,0.012332
0.18297,-0.01871,0.015286,0.012088
0.18305,-0.029181,0.0076901,0.013951
0.18313,-0.043016,0.00088568,0.012407
0.1832,-0.053113,0.02254,0.015155
0.18328,-0.051243,-0.017837,0.013295
0.18336,-0.016841,0.040509,0.014802
0.18344,0.019431,-0.031506,0.01541
0.18352,0.065052,0.041424,0.013006
0.18359,0.095341,-0.015213,0.01917
0.18367,0.091228,-0.0031108,0.0093247
0.18375,0.10955,0.065361,0.024535
0.18383,0.099828,-0.19117,0.0013015
0.18391,0.12376,1.43,0.082478
0.18398,0.13498,2.7718,0.44843
0.18406,0.24753,2.238,0.82193
0.18414,0.35972,2.2751,1.1453
0.18422,0.32456,2.2812,1.4869
0.1843,0.4173,2.2076,1.7955
0.18438,0.39599,2.2225,2.0933
0.18445,0.38178,2.1708,2.3666
0.18453,0.48311,2.2516,2.6315
0.18461,0.45096,2.2121,2.885
0.18469,0.49919,2.2308,3.1208
0.18477,0.52874,2.2305,3.347
0.18484,0.52275,2.2385,3.5594
0.18492,0.57473,2.25,3.7637
0.185,0.60091,2.2235,3.9533
0.18508,0.62745,2.197,4.1283
0.18516,0.58109,2.1566,4.2876
0.18523,0.49545,2.1333,4.4312
0.18531,0.37692,2.1043,4.5614
0.18539,0.28306,2.0781,4.6786
0.18547,0.2423,2.0502,4.7848
0.18555,0.16788,2.0109,4.878
0.18563,0.16078,1.9582,4.9572
0.1857,0.17312,1.9134,5.0229
0.18578,0.1877,1.8726,5.0766
0.18586,0.23893,1.8151,5.1177
0.18594,0.27296,1.7551,5.1456
0.18602,0.25875,1.6935,5.161
0.18609,0.19406,1.634,5.1645
0.18617,0.11778,1.5787,5.158
0.18625,-0.011605,1.5296,5.1424
0.18633,-0.13538,1.4713,5.1166
0.18641,-0.23186,1.4093,5.0813
0.18648,-0.32534,1.3495,5.0371
0.18656,-0.35899,1.2641,4.9822
0.18664,-0.38405,1.2061,4.9169
0.18672,-0.37507,1.1629,4.8471
0.1868,-0.36759,1.0704,4.7693
0.18688,-0.40499,0.99867,4.6794
0.18695,-0.40761,0.94963,4.5856
0.18703,-0.4192,0.87231,4.4856
0.18711,-0.42144,0.79143,4.3752
0.18719,-0.4005,0.72139,4.2583
0.18727,-0.40499,0.65563,4.1363
0.18734,-0.40985,0.57247,4.008
0.18742,-0.40574,0.48773,3.8722
0.1875,-0.39265,0.41405,3.7302
0.18758,-0.37881,0.34538,3.584
0.18766,-0.37844,0.27962,3.4342
0.18773,-0.40611,0.19729,3.2798
0.18781,-0.44126,0.092556,3.1177
0.18789,-0.47865,-0.011366,2.9458
0.18797,-0.52427,-0.11228,2.7657
0.18805,-0.52315,-0.21066,2.578
0.18813,-0.47641,-0.28158,2.3871
0.1882,-0.41209,-0.38156,2.1923
0.18828,-0.33656,-0.45561,1.9941
0.18836,-0.25541,-0.56598,1.7926
0.18844,-0.17614,-0.64556,1.5841
0.18852,-0.10995,-0.73061,1.3781
0.18859,-0.065827,-0.86403,1.162
0.18867,-0.057974,-0.89292,0.94971
0.18875,-0.081906,-1.0845,0.7301
0.18883,-0.078914,-1.0735,0.50946
0.18891,-0.071436,-1.3166,0.29481
0.18898,-0.1006,-1.2359,0.058409
0.18906,-0.061713,-0.16019,-0.034541
0.18914,-0.0011352,-0.00035899,-0.0062568
0.18922,0.045981,-0.1472,-0.01446
0.1893,0.13348,-0.01552,-0.01215
0.18938,0.1432,-0.10334,-0.011731
0.18945,0.1462,-0.03281,-0.014175
0.18953,0.17424,-0.062154,-0.011138
0.18961,0.14545,-0.051784,-0.014689
0.18969,0.15368,-0.041467,-0.012458
0.18977,0.16489,-0.05472,-0.014153
0.18984,0.15592,-0.032004,-0.013916
0.18992,0.15854,-0.048241,-0.014325
0.19,0.15966,-0.030666,-0.014824
0.19008,0.13386,-0.038876,-0.014692
0.19016,0.089732,-0.037024,-0.015682
0.19023,0.074026,-0.037448,-0.015585
0.19031,0.034389,-0.038134,-0.01623
0.19039,-0.019084,-0.031243,-0.016567
0.19047,-0.04713,-0.036709,-0.017047
0.19055,-0.063583,-0.036053,-0.017778
0.19062,-0.055356,-0.034782,-0.019139
0.1907,-0.038529,-0.031978,-0.020185
0.19078,-0.014223,-0.033204,-0.021014
0.19086,0.02691,-0.026831,-0.021707
0.19094,0.048972,-0.028447,-0.022078
0.19102,0.028032,-0.027982,-0.022993
0.19109,0.017562,-0.026437,-0.022637
0.19117,-0.002631,-0.03067,-0.023972
0.19125,-0.050869,-0.014384,-0.02369
0.19133,-0.050869,-0.038115,-0.024414
0.19141,-0.061339,-0.012502,-0.025329
0.19148,-0.082654,-0.0341,-0.024219
0.19156,-0.057226,-0.024401,-0.026986
0.19164,-0.031798,-0.014856,-0.024167
0.19172,0.010831,-0.048631,-0.028223
0.1918,0.061686,0.018517,-0.024856
0.19188,0.072905,-0.07832,-0.02762
0.19195,0.10394,0.048959,-0.027766
0.19203,0.12675,-0.098437,-0.02372
0.19211,0.13161,0.056525,-0.035144
0.19219,0.1462,-0.1088,-0.0098485
0.19227,0.10805,-2.0619,-0.18978
0.19234,0.16153,-2.5828,-0.5955
0.19242,0.25239,-2.1159,-0.94017
0.1925,0.29353,-2.3402,-1.2745
0.19258,0.43712,-2.2203,-1.607
0.19266,0.55267,-2.2341,-1.909
0.19273,0.60876,-2.192,-2.2004
0.19281,0.65213,-2.1944,-2.4668
0.19289,0.58931,-2.2487,-2.7306
0.19297,0.54556,-2.2061,-2.9766
0.19305,0.55267,-2.241,-3.2094
0.19312,0.51041,-2.2286,-3.4305
0.1932,0.52313,-2.2567,-3.6401
0.19328,0.57436,-2.2465,-3.841
0.19336,0.5751,-2.2208,-4.0255
0.19344,0.55454,-2.1953,-4.1955
0.19352,0.48012,-2.1594,-4.3492
0.19359,0.38103,-2.1341,-4.4886
0.19367,0.27633,-2.1045,-4.6146
0.19375,0.17985,-2.0869,-4.7293
0.19383,0.13947,-2.0464,-4.8321
0.19391,0.10544,-1.9989,-4.9198
0.19398,0.11292,-1.9585,-4.9948
0.19406,0.16452,-1.9099,-5.0569
0.19414,0.21575,-1.8635,-5.106
0.19422,0.26025,-1.8117,-5.1432
0.1943,0.28194,-1.7463,-5.1674
0.19437,0.26511,-1.6891,-5.179
0.19445,0.19294,-1.6371,-5.1798
0.19453,0.10656,-1.5816,-5.1701
0.19461,-0.019832,-1.5295,-5.1514
0.19469,-0.14024,-1.4686,-5.1234
0.19477,-0.20381,-1.4071,-5.0858
0.19484,-0.27299,-1.333,-5.0385
0.19492,-0.29131,-1.2681,-4.9801
0.195,-0.28271,-1.2247,-4.9157
0.19508,-0.31038,-1.1384,-4.8438
0.19516,-0.32459,-1.0629,-4.7602
0.19523,-0.33132,-1.0173,-4.6718
0.19531,-0.33918,-0.9385,-4.5775
0.19539,-0.3575,-0.85639,-4.4726
0.19547,-0.37507,-0.78857,-4.3607
0.19555,-0.36311,-0.71892,-4.2433
0.19562,-0.36273,-0.64088,-4.1192
0.1957,-0.36572,-0.5609,-3.9884
0.19578,-0.35937,-0.48028,-3.8512
0.19586,-0.35675,-0.40163,-3.7072
0.19594,-0.35525,-0.33168,-3.5586
0.19602,-0.38854,-0.26348,-3.4065
0.19609,-0.42892,-0.17817,-3.2491
0.19617,-0.46519,-0.060561,-3.0828
0.19625,-0.5254,0.036546,-2.907
0.19633,-0.52502,0.14015,-2.7237
0.19641,-0.4895,0.22653,-2.5338
0.19648,-0.4521,0.30216,-2.342
0.19656,-0.35712,0.40666,-2.1443
0.19664,-0.25766,0.47118,-1.9448
0.19672,-0.17876,0.59396,-1.7403
0.1968,-0.11818,0.65537,-1.5315
0.19687,-0.056852,0.77797,-1.3226
0.19695,-0.020954,0.85966,-1.1052
0.19703,-0.033668,0.94365,-0.89371
0.19711,-0.038529,1.1032,-0.66778
0.19719,-0.032172,1.0849,-0.4541
0.19727,-0.029555,1.421,-0.226
0.19734,-0.029555,0.88419,-0.01614
0.19742,0.003352,-0.066803,0.013764
0.1975,0.029902,0.091286,-0.0082626
0.19758,0.10394,0.070464,0.0037835
0.19766,0.18808,0.020819,-0.0032987
0.19773,0.14844,0.071311,0.0014177
0.19781,0.18247,0.0056919,-0.00034812
0.19789,0.20565,0.056637,7.5541e-05
0.19797,0.16302,0.013494,0.0017327
0.19805,0.21388,0.033427,0.000263
0.19812,0.2049,0.022799,0.0024638
0.1982,0.20117,0.016032,0.0014102
0.19828,0.20827,0.02636,0.0029437
0.19836,0.18396,0.013044,0.0027712
0.19844,0.16265,0.020216,0.0031236
0.19852,0.10095,0.011863,0.0038472
0.19859,0.094967,0.016234,0.0039747
0.19867,0.047477,0.014063,0.0048745
0.19875,-0.0048746,0.013306,0.0049757
0.19883,-0.025815,0.016302,0.0056318
0.19891,-0.056478,0.015837,0.006779
0.19898,-0.030676,0.0098346,0.0078813
0.19906,-0.025815,0.0085224,0.0088936
0.19914,0.017562,0.010078,0.0099433
0.19922,0.038502,0.0092985,0.010251
0.1993,0.030276,0.013115,0.011038
0.19937,0.042989,-0.0017461,0.011398
0.19945,0.0048478,0.014153,0.011608
0.19953,-0.016093,0.0059843,0.012965
0.19961,-0.05573,0.0074839,0.012339
0.19969,-0.066948,0.015664,0.014127
0.19977,-0.064331,-0.014114,0.013051
0.19984,-0.076297,0.028216,0.014731
0.19992,-0.023572,-0.01874,0.014566
0.2,0.0063435,0.027732,0.013891
0.20008,0.039998,-0.008768,0.01731
0.20016,0.092349,0.0050246,0.012339
0.20023,0.1275,0.03081,0.019875
0.20031,0.14507,-0.055065,0.011124
0.20039,0.14507,0.12541,0.021472
0.20047,0.14096,-0.22812,0.010502
0.20055,0.16415,0.87436,0.035651
0.20062,0.18808,2.686,0.34817
0.2007,0.28007,2.3707,0.74372
0.20078,0.41618,2.2064,1.0665
0.20086,0.38552,2.33,1.4093
0.20094,0.44049,2.1926,1.7251
0.20102,0.48461,2.2422,2.0257
0.20109,0.39449,2.1686,2.3063
0.20117,0.46816,2.2386,2.5717
0.20125,0.48274,2.2236,2.8313
0.20133,0.47564,2.2203,3.0711
0.20141,0.51378,2.2323,3.3007
0.20148,0.47564,2.2244,3.5157
0.20156,0.53584,2.2538,3.7227
0.20164,0.59417,2.226,3.9176
0.20172,0.57473,2.2073,4.0969
0.2018,0.53771,2.1719,4.2612
0.20187,0.47451,2.1401,4.4093
0.20195,0.35261,2.117,4.5442
0.20203,0.23033,2.0852,4.6658
0.20211,0.17349,2.0526,4.7757
0.20219,0.08674,2.0179,4.8733
0.20227,0.092349,1.9704,4.9565
0.20234,0.14694,1.925,5.0265
0.20242,0.15442,1.8846,5.0844
0.2025,0.20752,1.8269,5.1301
0.20258,0.23071,1.7741,5.1628
0.20266,0.23819,1.714,5.1826
0.20273,0.21313,1.6456,5.1899
0.20281,0.14021,1.5935,5.1862
0.20289,0.035885,1.5399,5.1728
0.20297,-0.098733,1.4843,5.1498
0.20305,-0.20194,1.4209,5.1176
0.20313,-0.28271,1.3587,5.0756
0.2032,-0.31337,1.2961,5.0248
0.20328,-0.31562,1.2156,4.9632
0.20336,-0.32048,1.1634,4.8924
0.20344,-0.31599,1.1002,4.8173
0.20352,-0.32571,1.0132,4.7318
0.20359,-0.34815,0.96155,4.6384
0.20367,-0.35974,0.89258,4.5404
0.20375,-0.36685,0.80423,4.4331
0.20383,-0.38143,0.73694,4.3182
0.20391,-0.37395,0.67171,4.1976
0.20398,-0.36386,0.59818,4.0718
0.20406,-0.35937,0.51483,3.9387
0.20414,-0.3489,0.43333,3.7982
0.20422,-0.36348,0.3697,3.6533
0.2043,-0.38293,0.29701,3.5043
0.20438,-0.40686,0.21649,3.3513
0.20445,-0.45921,0.12927,3.1923
0.20453,-0.50969,0.017434,3.0231
0.20461,-0.55344,-0.078807,2.8453
0.20469,-0.57176,-0.18522,2.66
0.20477,-0.5426,-0.25886,2.4692
0.20484,-0.46631,-0.34361,2.2765
0.20492,-0.3646,-0.43955,2.0781
0.205,-0.27411,-0.52142,1.8781
0.20508,-0.1967,-0.63466,1.6708
0.20516,-0.14398,-0.68528,1.4639
0.20523,-0.10584,-0.82964,1.2522
0.20531,-0.10098,-0.87048,1.0357
0.20539,-0.11593,-1.009,0.82259
0.20547,-0.10621,-1.1032,0.59603
0.20555,-0.10023,-1.1652,0.38602
0.20563,-0.1193,-1.4329,0.1479
0.2057,-0.087889,-0.58393,-0.022494
0.20578,-0.017589,0.079424,-0.016781
0.20586,0.014944,-0.16041,-0.0078952
0.20594,0.11254,-0.045062,-0.015525
0.20602,0.17536,-0.07312,-0.0090124
0.20609,0.15181,-0.063916,-0.014621
0.20617,0.18284,-0.035075,-0.010688
0.20625,0.18322,-0.072059,-0.013316
0.20633,0.18658,-0.028364,-0.012953
0.20641,0.22435,-0.058776,-0.012994
0.20648,0.21425,-0.038288,-0.014179
0.20656,0.20977,-0.04513,-0.013403
0.20664,0.20416,-0.040845,-0.01473
0.20672,0.18247,-0.036627,-0.014239
0.2068,0.14769,-0.040496,-0.015176
0.20688,0.10207,-0.030696,-0.015165
0.20695,0.076644,-0.038273,-0.015675
0.20703,0.009335,-0.034261,-0.016192
0.20711,-0.040399,-0.033437,-0.016365
0.20719,-0.055356,-0.036042,-0.017399
0.20727,-0.063209,-0.036886,-0.018419
0.20734,-0.030676,-0.03299,-0.019503
0.20742,-0.011232,-0.032503,-0.020384
0.2075,0.032519,-0.027596,-0.021092
0.20758,0.059817,-0.028687,-0.02149
0.20766,0.051216,-0.029436,-0.022641
0.20773,0.035511,-0.021342,-0.022476
0.20781,0.0011084,-0.036027,-0.023428
0.20789,-0.021702,-0.017365,-0.023855
0.20797,-0.071062,-0.033511,-0.023559
0.20805,-0.093872,-0.022733,-0.025265
0.20813,-0.093498,-0.023674,-0.023514
0.2082,-0.08228,-0.036451,-0.026517
0.20828,-0.04339,0.001433,-0.024242
0.20836,-0.013849,-0.060444,-0.02639
0.20844,0.055329,0.018971,-0.026401
0.20852,0.080757,-0.065989,-0.024703
0.20859,0.10058,0.0067604,-0.030116
0.20867,0.14358,-0.028578,-0.020819
0.20875,0.13124,-0.063938,-0.036415
0.20883,0.14807,0.13451,-0.010688
0.20891,0.11404,-1.549,-0.11051
0.20898,0.14657,-2.6825,-0.49047
0.20906,0.25875,-2.1496,-0.85959
0.20914,0.30175,-2.2909,-1.186
0.20922,0.42179,-2.2677,-1.5274
0.2093,0.54594,-2.2118,-1.8339
0.20938,0.61661,-2.2196,-2.1309
0.20945,0.65737,-2.169,-2.4024
0.20953,0.6211,-2.2512,-2.6673
0.20961,0.56725,-2.2086,-2.9197
0.20969,0.54257,-2.2329,-3.1551
0.20977,0.52687,-2.2269,-3.3804
0.20984,0.53098,-2.2442,-3.5924
0.20992,0.56389,-2.2531,-3.7971
0.21,0.57884,-2.2185,-3.9863
0.21008,0.57697,-2.1955,-4.161
0.21016,0.53995,-2.161,-4.3197
0.21023,0.43375,-2.1403,-4.4629
0.21031,0.30288,-2.1065,-4.5935
0.21039,0.2064,-2.0875,-4.7115
0.21047,0.13685,-2.0591,-4.8183
0.21055,0.10245,-2.0059,-4.9112
0.21063,0.12264,-1.9671,-4.99
0.2107,0.14881,-1.9225,-5.0565
0.21078,0.18434,-1.8727,-5.1102
0.21086,0.22734,-1.8255,-5.1516
0.21094,0.25165,-1.7615,-5.1802
0.21102,0.25239,-1.7029,-5.1956
0.21109,0.19331,-1.6492,-5.2
0.21117,0.11105,-1.5904,-5.1938
0.21125,-0.002257,-1.541,-5.178
0.21133,-0.13538,-1.4832,-5.1534
0.21141,-0.2169,-1.42,-5.1187
0.21148,-0.29692,-1.3533,-5.0749
0.21156,-0.3115,-1.2776,-5.0203
0.21164,-0.29505,-1.227,-4.9564
0.21172,-0.31412,-1.172,-4.8883
0.2118,-0.29655,-1.0804,-4.8103
0.21188,-0.3388,-1.0132,-4.7212
0.21195,-0.37395,-0.96343,-4.6282
0.21203,-0.35862,-0.88165,-4.5285
0.21211,-0.35825,-0.79879,-4.4186
0.21219,-0.34478,-0.73068,-4.3019
0.21227,-0.35899,-0.65956,-4.1799
0.21234,-0.35413,-0.58506,-4.0517
0.21242,-0.34179,-0.50366,-3.9161
0.2125,-0.34478,-0.42201,-3.774
0.21258,-0.33095,-0.35326,-3.6267
0.21266,-0.36498,-0.28171,-3.4754
0.21273,-0.40835,-0.20382,-3.3204
0.21281,-0.43004,-0.10115,-3.1576
0.21289,-0.48015,0.0079526,-2.9842
0.21297,-0.51455,0.10649,-2.8036
0.21305,-0.49174,0.20744,-2.6152
0.21313,-0.44986,0.27439,-2.4238
0.2132,-0.39564,0.37618,-2.2284
0.21328,-0.2943,0.45019,-2.0285
0.21336,-0.17913,0.55688,-1.8269
0.21344,-0.11706,0.64584,-1.6172
0.21352,-0.072557,0.7136,-1.4102
0.21359,-0.04339,0.85308,-1.1945
0.21367,-0.062835,0.88061,-0.98082
0.21375,-0.074053,1.0714,-0.76156
0.21383,-0.066574,1.0762,-0.53844
0.21391,-0.065453,1.2934,-0.32448
0.21398,-0.08415,1.2818,-0.084513
0.21406,-0.053113,0.19882,0.021779
0.21414,0.0067175,-0.036623,-0.0055407
0.21422,0.055329,0.14248,0.00082537
0.2143,0.15629,-0.005885,0.00013928
0.21438,0.17275,0.076942,-0.0011317
0.21445,0.17312,0.016159,0.0019726
0.21453,0.22734,0.040254,-0.001083
0.21461,0.1978,0.033914,0.0026962
0.21469,0.20378,0.017434,0.00056668
0.21477,0.23258,0.037723,0.002325
0.21484,0.23744,0.0097333,0.0019464
0.21492,0.24342,0.027159,0.0023888
0.215,0.21351,0.01247,0.0033073
0.21508,0.19182,0.017651,0.0030336
0.21516,0.14021,0.015173,0.0042296
0.21523,0.11927,0.010352,0.0041734
0.21531,0.091228,0.015481,0.0047245
0.21539,0.022049,0.012054,0.0051182
0.21547,0.00073447,0.011668,0.005838
0.21555,-0.041521,0.0083799,0.0061642
0.21563,-0.025067,0.010082,0.0065054
0.2157,0.017562,0.011765,0.0071502
0.21578,0.034763,0.009186,0.0072664
0.21586,0.080009,0.0056769,0.0073227
0.21594,0.093845,0.0068091,0.0073227
0.21602,0.0744,0.00363,0.0073414
0.21609,0.048225,0.00012838,0.0072102
0.21617,0.016814,0.0050508,0.0072252
0.21625,-0.028807,0.0057894,0.0072552
0.21633,-0.04713,0.0021491,0.0071915
0.21641,-0.070314,0.0010394,0.0072589
0.21648,-0.088637,0.0025615,0.0072852
0.21656,-0.067696,0.0036075,0.0073639
0.21664,-0.036659,0.0034537,0.0074539
