0,0.022797,-0.022534,-0.00013816
7.8125e-05,0.00036053,-0.027213,-0.00016441
0.00015625,0.011205,-0.01513,4.5547e-05
0.00023437,0.016066,-0.010399,0.00077663
0.0003125,0.038128,-0.01194,0.00090786
0.00039063,0.028406,-0.016982,0.0013128
0.00046875,0.010083,-0.0086331,0.0017102
0.00054688,0.038502,-0.029268,0.0015865
0.000625,0.040372,-0.042153,0.0021638
0.00070312,0.031771,-0.0045729,0.0019689
0.00078125,0.018684,-0.0056451,0.0025125
0.00085938,0.023919,-0.037399,0.0024563
0.0009375,0.024667,-0.0023197,0.0026437
0.0010156,0.0127,-0.031794,0.0031199
0.0010938,0.024293,-0.015156,0.0020888
0.0011719,0.017562,-0.0025372,0.0038809
0.00125,0.0085872,-0.041347,0.0020476
0.0013281,0.0082132,0.026863,0.0039447
0.0014062,0.020553,-0.069884,0.0023925
0.0014844,0.024667,0.048843,0.0026962
0.0015625,0.038128,-0.086129,0.0041809
0.0016406,0.026536,-0.001435,0.00011303
0.0017188,0.020179,-0.039832,0.0082
0.0017969,0.056077,-0.16409,-0.0080377
0.001875,0.0085872,2.181,0.073147
0.0019531,0.17237,3.44,0.29668
0.0020313,0.29876,2.8038,0.49477
0.0021094,0.26473,3.0005,0.67211
0.0021875,0.48125,2.8691,0.83917
0.0022656,0.43749,2.8356,0.97981
0.0023437,0.37841,2.8299,1.1095
0.0024219,0.40047,2.7135,1.2156
0.0025,0.1978,2.6804,1.3104
0.0025781,0.33204,2.567,1.3901
0.0026563,0.22098,2.5473,1.4573
0.0027344,-0.081906,2.4435,1.5126
0.0028125,-0.0074922,2.386,1.5542
0.0028906,-0.037407,2.3098,1.586
0.0029688,0.072905,2.2425,1.6066
0.0030469,0.1447,2.1439,1.6182
0.003125,0.016814,2.0393,1.618
0.0032031,-0.015345,1.9917,1.611
0.0032812,-0.14735,1.8782,1.5963
0.0033594,-0.16642,1.7879,1.5691
0.0034375,-0.079288,1.7155,1.537
0.0035156,-0.1466,1.6022,1.499
0.0035938,-0.22251,1.4786,1.4511
0.0036719,-0.21091,1.3725,1.396
0.00375,-0.24083,1.2536,1.336
0.0038281,-0.26626,1.1209,1.2687
0.0039063,-0.17988,1.0147,1.1961
0.0039844,-0.10958,0.8712,1.1186
0.0040625,-0.15856,0.73319,1.0337
0.0041406,-0.30253,0.59811,0.94657
0.0042188,-0.41247,0.45395,0.85518
0.0042969,-0.47753,0.33084,0.76299
0.004375,-0.5168,0.14079,0.66216
0.0044531,-0.45136,0.0028727,0.55484
0.0045312,-0.37956,-0.21631,0.44105
0.0046094,-0.30029,-0.33997,0.31798
0.0046875,-0.20007,-0.51691,0.20002
0.0047656,-0.13874,-0.74697,0.063301
0.0048437,0.011953,-0.24332,-0.012372
0.0049219,0.07627,0.042342,0.0011178
0.005,0.057573,-0.092071,0.0012978
0.0050781,0.16863,-0.013672,-2.9436e-05
0.0051563,0.11927,-0.043386,0.0022688
0.0052344,0.0040999,-0.0252,-0.00049808
0.0053125,-0.0074922,-0.02171,0.0017889
0.0053906,-0.05947,-0.03359,-6.6928e-05
0.0054688,0.0026042,-0.017739,0.0010728
0.0055469,0.10918,-0.026681,0.00054044
0.005625,0.16714,-0.013278,0.00034173
0.0057031,0.24791,-0.024608,0.00060792
0.0057812,0.25726,-0.013304,-8.5674e-05
0.0058594,0.22958,-0.016304,0.00015052
0.0059375,0.22697,-0.018433,-0.00027313
0.0060156,0.22921,-0.015123,-0.00015691
0.0060938,0.20565,-0.01901,-0.00030687
0.0061719,0.20378,-0.010421,-0.00050933
0.00625,0.2064,-0.015899,-0.0008805
0.0063281,0.14246,-0.018167,-0.0011992
0.0064063,0.12563,-0.011524,-0.0012367
0.0064844,0.14507,-0.015213,-0.0016566
0.0065625,0.13984,-0.016199,-0.0017953
0.0066406,0.15106,-0.012097,-0.0016303
0.0067187,0.13535,-0.01447,-0.0018215
0.0067969,0.07814,-0.014065,-0.0017353
0.006875,-0.00076128,-0.010193,-0.0016941
0.0069531,-0.12827,-0.010931,-0.0017803
0.0070313,-0.20418,-0.011242,-0.0015553
0.0071094,-0.20231,-0.011887,-0.0016716
0.0071875,-0.21428,-0.014534,-0.0018703
0.0072656,-0.1881,-0.01696,-0.0017391
0.0073438,-0.16604,-0.014781,-0.0014316
0.0074219,-0.15632,-0.0095891,-0.0013379
0.0075,-0.12192,-0.011584,-0.0015066
0.0075781,-0.08415,-0.011838,-0.0015478
0.0076562,-0.060217,-0.013248,-0.0013304
0.0077344,-0.04713,-0.01435,-0.0013042
0.0078125,-0.038529,-0.012363,-0.0016116
0.0078906,-0.097611,-0.013556,-0.0014579
0.0079688,-0.13089,-0.0082094,-0.0011992
0.0080469,-0.14435,-0.0083406,-0.0013566
0.008125,-0.13538,-0.0086818,-0.0014616
0.0082031,-0.03479,-0.0086855,-0.0014429
0.0082813,0.040372,-0.013424,-0.0013229
0.0083594,0.10731,-0.0093904,-0.0014091
0.0084375,0.15255,-0.013293,-0.0016678
0.0085156,0.15816,-0.015884,-0.0019828
0.0085938,0.17873,-0.011017,-0.0024889
0.0086719,0.17723,-0.016266,-0.0028488
0.00875,0.16415,-0.015595,-0.0032987
0.0088281,0.1376,-0.011509,-0.0032537
0.0089063,0.13834,-0.020446,-0.0037711
0.0089844,0.15218,-0.010654,-0.0043597
0.0090625,0.10843,-0.012993,-0.0039436
0.0091406,0.12713,-0.016094,-0.0048246
0.0092187,0.16788,-0.0098215,-0.004236
0.0092969,0.15554,-0.021278,-0.0050533
0.009375,0.18322,-5.9073e-05,-0.0044797
0.0094531,0.15517,-0.028863,-0.0046859
0.0095312,0.10656,0.0014893,-0.0054882
0.0096094,0.064304,-0.01723,-0.0036399
0.0096875,-0.028059,-0.016382,-0.0067179
0.0097656,-0.057974,0.00017337,-0.0026464
0.0098438,-0.058722,-0.051098,-0.0070441
0.0099219,-0.039651,0.05095,-0.0027588
0.01,-0.041521,-0.11291,-0.0054507
0.010078,-0.051243,0.14029,-0.0054057
0.010156,-0.074801,-0.37676,-0.0012067
0.010234,-0.06994,-1.9699,-0.18169
0.010313,-0.00076128,-2.0546,-0.45771
0.010391,-0.051617,-1.8761,-0.67119
0.010469,0.029528,-2.0208,-0.88391
0.010547,0.069165,-1.9277,-1.0701
0.010625,0.046729,-2.0305,-1.2342
0.010703,0.21201,-1.9882,-1.38
0.010781,0.16078,-2.012,-1.4998
0.010859,0.19705,-2.0185,-1.606
0.010938,0.27371,-2.0199,-1.6919
0.011016,0.20939,-2.0403,-1.7663
0.011094,0.29951,-2.0109,-1.8233
0.011172,0.28007,-2.0247,-1.8666
0.01125,0.30325,-2.0054,-1.898
0.011328,0.32569,-1.9991,-1.9176
0.011406,0.26436,-1.9515,-1.9254
0.011484,0.24641,-1.9103,-1.9195
0.011562,0.10619,-1.8734,-1.9067
0.011641,0.071409,-1.7933,-1.8824
0.011719,0.03738,-1.7454,-1.8478
0.011797,-0.041521,-1.6746,-1.8082
0.011875,-0.0074922,-1.5729,-1.7588
0.011953,0.019805,-1.4826,-1.7008
0.012031,0.003726,-1.3772,-1.6365
0.012109,-0.047877,-1.276,-1.5653
0.012188,-0.065453,-1.167,-1.4883
0.012266,-0.10958,-1.0385,-1.4049
0.012344,-0.11257,-0.90732,-1.3161
0.012422,-0.14622,-0.76446,-1.2201
0.0125,-0.25018,-0.66072,-1.1225
0.012578,-0.29468,-0.51137,-1.0229
0.012656,-0.35974,-0.37103,-0.91712
0.012734,-0.35039,-0.20535,-0.80783
0.012813,-0.31786,-0.020975,-0.68669
0.012891,-0.29617,0.11186,-0.56421
0.012969,-0.25579,0.33471,-0.43137
0.013047,-0.25616,0.40215,-0.30095
0.013125,-0.25878,0.70371,-0.16692
0.013203,-0.26514,0.67605,-0.026622
0.013281,-0.23298,0.019567,0.010828
0.013359,-0.18399,-0.00077513,-0.0069616
0.013437,-0.11556,0.057811,-0.00033687
0.013516,-0.047504,-0.012386,-0.0039323
0.013594,-0.028433,0.046796,-0.0024739
0.013672,0.0011084,-0.0088842,-0.0024214
0.01375,0.034389,0.018577,-0.00328
0.013828,0.077392,-0.00121,-0.0017091
0.013906,0.13273,0.0045447,-0.0032837
0.013984,0.17574,0.015113,-0.0019115
0.014063,0.17237,-0.0022897,-0.0025864
0.014141,0.15181,0.010299,-0.0018628
0.014219,0.15554,-0.0032382,-0.0014729
0.014297,0.14732,0.0025615,-0.0016228
0.014375,0.18583,0.0010394,-0.0013566
0.014453,0.24903,0.0032625,-0.0011729
0.014531,0.28044,0.0056507,-0.00077552
0.014609,0.30886,0.0019391,-0.000888
0.014688,0.31148,0.0046422,-0.00069304
0.014766,0.28306,0.00025959,-0.00047934
0.014844,0.27633,-0.00047521,-2.5687e-05
0.014922,0.28979,-0.0013037,0.00021051
0.015,0.26025,-0.0017574,6.4293e-05
0.015078,0.19593,0.00036831,0.00017677
0.015156,0.12862,-1.0336e-05,0.00042046
0.015234,0.06393,-0.0024209,0.00017677
0.015312,-0.0048746,-0.0024884,0.00015802
0.015391,-0.048251,-0.0027471,0.00037922
0.015469,-0.06807,-0.0045916,0.00040172
0.015547,-0.088263,-0.00027652,0.00051794
0.015625,-0.099855,-0.00072265,0.000263
0.015703,-0.13912,0.00010963,0.00021426
0.015781,-0.17576,-0.00025027,0.000263
0.015859,-0.19259,-0.0070847,0.00023675
0.015938,-0.21465,-0.00049771,0.00068291
0.016016,-0.1997,0.0027677,0.0014215
0.016094,-0.18474,-0.00082762,0.0019389
0.016172,-0.18586,0.00065324,0.0025275
0.01625,-0.16754,0.00026709,0.0028162
0.016328,-0.16455,0.0078963,0.0033261
0.016406,-0.16081,-0.0016337,0.0040272
0.016484,-0.12827,0.0029701,0.0038135
0.016563,-0.089385,0.0038736,0.0049832
0.016641,-0.050869,-0.0017836,0.0042146
0.016719,-0.017215,0.01448,0.0053356
0.016797,0.009335,-0.01859,0.0051332
0.016875,0.019057,0.022994,0.0051632
0.016953,0.048599,-0.015231,0.0066441
0.017031,0.10245,0.0048596,0.0041096
0.017109,0.14807,0.010382,0.0084249
0.017188,0.19144,-0.040005,0.0034798
0.017266,0.21351,0.049435,0.0085936
0.017344,0.25352,-0.080753,0.0048857
0.017422,0.23819,0.11333,0.0064454
0.0175,0.23407,-0.15906,0.0094897
0.017578,0.23295,0.3672,-0.0016716
0.017656,0.24342,2.4119,0.21761
0.017734,0.3657,2.6836,0.58764
0.017813,0.25015,2.4436,0.88114
0.017891,0.30587,2.7357,1.173
0.017969,0.40945,2.7186,1.4441
0.018047,0.3298,2.8948,1.689
0.018125,0.55379,2.9761,1.9172
0.018203,0.52537,3.0908,2.1191
0.018281,0.59006,3.1718,2.3095
0.018359,0.79947,3.2292,2.4759
0.018437,0.72393,3.307,2.6267
0.018516,0.72468,3.3353,2.7573
0.018594,0.67981,3.3599,2.8734
0.018672,0.71533,3.2649,2.9809
0.01875,0.51826,3.1291,3.0794
0.018828,0.38776,3.0146,3.1697
0.018906,0.20304,2.8851,3.2481
0.018984,-0.17277,2.7699,3.3175
0.019062,-0.00824,2.6868,3.3746
0.019141,-0.44201,2.547,3.4211
0.019219,-0.84586,2.4287,3.4584
0.019297,-0.72471,2.3515,3.4833
0.019375,-0.60467,2.2574,3.4975
0.019453,-0.11294,2.1637,3.5033
0.019531,-0.20643,2.0586,3.5014
0.019609,-0.19521,1.9688,3.4905
0.019688,0.1533,1.8775,3.4707
0.019766,-0.13388,1.7801,3.4406
0.019844,-0.17726,1.7026,3.4003
0.019922,-0.0093619,1.6331,3.3557
0.02,-0.22812,1.5302,3.3026
0.020078,-0.4521,1.4349,3.237
0.020156,-0.38442,1.3794,3.1665
0.020234,-0.42817,1.279,3.0916
0.020313,-0.59532,1.1611,3.0075
0.020391,-0.38629,1.0708,2.9158
0.020469,-0.39564,0.98193,2.8189
0.020547,-0.48501,0.88251,2.7158
0.020625,-0.46482,0.77968,2.6061
0.020703,-0.65627,0.68002,2.4908
0.020781,-0.71162,0.5772,2.3692
0.020859,-0.69442,0.49236,2.2454
0.020938,-0.52166,0.3839,2.1182
0.021016,-0.30664,0.27289,1.9835
0.021094,-0.1107,0.13794,1.842
0.021172,0.060939,0.00030083,1.6894
0.02125,0.14994,-0.11317,1.5322
0.021328,0.14657,-0.25311,1.3677
0.021406,0.033267,-0.32866,1.202
0.021484,0.064678,-0.48694,1.0341
0.021563,-0.051991,-0.57053,0.86074
0.021641,-0.14286,-0.71426,0.68919
0.021719,-0.12977,-0.82841,0.50541
0.021797,-0.29729,-0.89461,0.33326
0.021875,-0.1997,-1.1941,0.1355
0.021953,0.060565,-0.5528,-0.014775
0.022031,0.20677,0.062178,-0.014126
0.022109,0.38664,-0.13484,-0.0040485
0.022187,0.53621,-0.045223,-0.011164
0.022266,0.4891,-0.05406,-0.0053945
0.022344,0.36645,-0.063245,-0.010216
0.022422,0.3298,-0.035187,-0.0069204
0.0225,0.19256,-0.060073,-0.0089749
0.022578,0.11666,-0.019719,-0.0089899
0.022656,0.13311,-0.045733,-0.00854
0.022734,0.081131,-0.026553,-0.0097023
0.022812,0.093471,-0.038486,-0.0088175
0.022891,0.028406,-0.033879,-0.010032
0.022969,0.021675,-0.023539,-0.0096086
0.023047,0.058321,-0.036927,-0.010351
0.023125,0.0011084,-0.028672,-0.010433
0.023203,-0.02058,-0.027843,-0.010583
0.023281,-0.1178,-0.023764,-0.011131
0.023359,-0.21952,-0.02664,-0.011187
0.023438,-0.27149,-0.024135,-0.011749
0.023516,-0.22026,-0.024086,-0.011821
0.023594,-0.16903,-0.030239,-0.012233
0.023672,-0.11668,-0.022298,-0.012608
0.02375,0.034015,-0.018399,-0.012522
0.023828,0.019805,-0.023108,-0.012657
0.023906,0.0029781,-0.021072,-0.012559
0.023984,-0.016841,-0.020964,-0.012627
0.024063,-0.14548,-0.021852,-0.012784
0.024141,-0.16903,-0.017402,-0.012724
0.024219,-0.16417,-0.018257,-0.012735
0.024297,-0.1896,-0.020577,-0.013253
0.024375,-0.17352,-0.017961,-0.014051
0.024453,-0.097985,-0.019273,-0.014565
0.024531,-0.053113,-0.019505,-0.015349
0.024609,0.051216,-0.016701,-0.015498
0.024688,0.20902,-0.020761,-0.016252
0.024766,0.26847,-0.016131,-0.016425
0.024844,0.32569,-0.024941,-0.016769
0.024922,0.28642,-0.012326,-0.017977
0.025,0.2165,-0.019996,-0.017047
0.025078,0.10805,-0.019419,-0.018659
0.025156,-0.002257,-0.005855,-0.017422
0.025234,0.010083,-0.040998,-0.019266
0.025313,-0.00824,0.0071128,-0.018809
0.025391,0.027658,-0.047926,-0.018614
0.025469,0.071035,0.0092985,-0.02101
0.025547,0.079261,-0.025541,-0.016567
0.025625,0.066922,-0.031468,-0.023503
0.025703,0.089358,0.03276,-0.014576
0.025781,0.096089,-0.12876,-0.025831
0.025859,0.069539,0.20801,-0.01212
0.025938,0.047477,-0.98188,-0.047404
0.026016,-0.016093,-2.5916,-0.35402
0.026094,0.0063435,-2.2178,-0.72023
0.026172,-0.080784,-2.1204,-1.0214
0.02625,0.11067,-2.1832,-1.3336
0.026328,0.41468,-2.1044,-1.6154
0.026406,0.41281,-2.1721,-1.8864
0.026484,0.60091,-2.0915,-2.1351
0.026562,0.55416,-2.1567,-2.3672
0.026641,0.41842,-2.1202,-2.5873
0.026719,0.41468,-2.1294,-2.7862
0.026797,0.28605,-2.1252,-2.9718
0.026875,0.27857,-2.1027,-3.1378
0.026953,0.21687,-2.1256,-3.2919
0.027031,0.35149,-2.1028,-3.4318
0.027109,0.43002,-2.0988,-3.5573
0.027187,0.31858,-2.0637,-3.6678
0.027266,0.45507,-2.0366,-3.7621
0.027344,0.40571,-2.0098,-3.8427
0.027422,0.34999,-1.9704,-3.908
0.0275,0.31522,-1.9369,-3.9602
0.027578,0.15405,-1.8927,-3.9981
0.027656,0.14021,-1.8505,-4.0224
0.027734,0.060191,-1.8117,-4.0353
0.027813,-0.050869,-1.7758,-4.0378
0.027891,0.011953,-1.726,-4.0309
0.027969,0.12974,-1.6781,-4.0135
0.028047,0.15405,-1.6252,-3.9867
0.028125,0.16788,-1.5489,-3.9483
0.028203,0.085992,-1.502,-3.8999
0.028281,-0.093872,-1.4396,-3.8455
0.028359,-0.18324,-1.3591,-3.7804
0.028438,-0.28645,-1.3039,-3.7083
0.028516,-0.39489,-1.2281,-3.6301
0.028594,-0.45173,-1.1461,-3.5417
0.028672,-0.49623,-1.0666,-3.4461
0.02875,-0.52764,-0.98517,-3.344
0.028828,-0.49511,-0.89554,-3.236
0.028906,-0.43378,-0.80705,-3.1211
0.028984,-0.37769,-0.72072,-2.9993
0.029063,-0.313,-0.61897,-2.8713
0.029141,-0.32497,-0.53355,-2.7384
0.029219,-0.37021,-0.44541,-2.6021
0.029297,-0.44014,-0.3518,-2.4621
0.029375,-0.50446,-0.23332,-2.3141
0.029453,-0.5067,-0.11547,-2.1578
0.029531,-0.47604,0.013171,-1.9943
0.029609,-0.41284,0.12609,-1.8222
0.029688,-0.35039,0.23052,-1.6487
0.029766,-0.26551,0.35982,-1.4692
0.029844,-0.19072,0.44392,-1.2899
0.029922,-0.11294,0.60033,-1.1056
0.03,-0.020954,0.6606,-0.91855
0.030078,0.031771,0.8319,-0.73172
0.030156,0.088984,0.90356,-0.53352
0.030234,0.091975,0.99919,-0.34898
0.030312,0.11553,1.2475,-0.13422
0.030391,0.18546,0.43592,0.0077613
0.030469,0.22248,-0.083857,-0.0041948
0.030547,0.31783,0.13871,-0.0091287
0.030625,0.39561,0.0088673,-0.0036586
0.030703,0.42179,0.048772,-0.0085888
0.030781,0.42478,0.032314,-0.0038686
0.030859,0.38701,0.014138,-0.0072841
0.030937,0.30549,0.044655,-0.0043597
0.031016,0.20042,0.0089535,-0.0054582
0.031094,0.14096,0.031339,-0.0047984
0.031172,0.063182,0.0090998,-0.0040635
0.03125,0.019805,0.023908,-0.0047309
0.031328,0.016066,0.014442,-0.0033512
0.031406,0.014944,0.0064829,-0.0039661
0.031484,0.051216,0.015188,-0.0030963
0.031563,0.059443,0.010667,-0.0028113
0.031641,0.070661,0.014592,-0.0022752
0.031719,0.060939,0.0097708,-0.0019415
0.031797,0.023171,0.010933,-0.001769
0.031875,-0.013849,0.009171,-0.0012929
0.031953,-0.05573,0.014071,-0.00083176
0.032031,-0.086393,0.013381,0.00064541
0.032109,-0.12042,0.0027564,0.0016802
0.032188,-0.13014,0.0089835,0.0021788
0.032266,-0.13351,-0.00042648,0.0028687
0.032344,-0.12528,0.0036674,0.0030374
0.032422,-0.14398,0.012016,0.0042446
0.0325,-0.17277,-0.0015887,0.0043158
0.032578,-0.16268,0.017093,0.0049382
0.032656,-0.15408,-0.007827,0.0055981
0.032734,-0.10509,0.0062843,0.0050432
0.032813,-0.077045,0.0020066,0.0071015
0.032891,-0.056852,-0.0096265,0.0054668
0.032969,-0.019084,0.023024,0.0082787
0.033047,0.0063435,-0.024885,0.0066778
0.033125,0.057199,0.036779,0.0079188
0.033203,0.096463,-0.037632,0.0089311
0.033281,0.12787,0.040145,0.0058942
0.033359,0.14283,-0.0088505,0.012455
0.033438,0.16302,-0.017874,0.0024863
0.033516,0.12226,0.08279,0.017989
0.033594,0.10432,-0.21661,-0.005162
0.033672,0.10693,1.4251,0.069848
0.03375,0.15181,2.8549,0.43349
0.033828,0.25277,2.3008,0.81256
0.033906,0.19144,2.3682,1.1456
0.033984,0.37019,2.3596,1.4918
0.034063,0.48947,2.313,1.7998
0.034141,0.3986,2.3843,2.1034
0.034219,0.5336,2.3103,2.3812
0.034297,0.5048,2.4213,2.6481
0.034375,0.43375,2.4038,2.9047
0.034453,0.44647,2.4468,3.1447
0.034531,0.45432,2.4603,3.3743
0.034609,0.48349,2.4698,3.5853
0.034688,0.50592,2.5155,3.7881
0.034766,0.59978,2.5367,3.9786
0.034844,0.57959,2.5625,4.157
0.034922,0.58819,2.5469,4.3208
0.035,0.62633,2.5428,4.4676
0.035078,0.57361,2.546,4.5992
0.035156,0.51453,2.5569,4.7141
0.035234,0.40571,2.5619,4.8153
0.035313,0.32045,2.5539,4.9045
0.035391,0.16602,2.5483,4.9812
0.035469,0.076644,2.536,5.0451
0.035547,0.071409,2.4959,5.0952
0.035625,0.048225,2.4564,5.132
0.035703,0.088984,2.4379,5.1568
0.035781,0.072905,2.3819,5.169
0.035859,0.003726,2.3135,5.1688
0.035938,-0.10434,2.2552,5.1566
0.036016,-0.21241,2.1808,5.133
0.036094,-0.32833,2.1252,5.1003
0.036172,-0.41546,2.0626,5.0599
0.03625,-0.41022,1.9843,5.01
0.036328,-0.38592,1.9278,4.9519
0.036406,-0.32272,1.8407,4.8854
0.036484,-0.28869,1.7507,4.808
0.036562,-0.25803,1.6994,4.7264
0.036641,-0.19857,1.6017,4.639
0.036719,-0.22064,1.4977,4.5395
0.036797,-0.30103,1.4411,4.4361
0.036875,-0.42892,1.358,4.3294
0.036953,-0.60505,1.2542,4.2132
0.037031,-0.75836,1.1663,4.0904
0.037109,-0.85035,1.0854,3.9626
0.037187,-0.89111,0.9962,3.8301
0.037266,-0.83016,0.89102,3.6918
0.037344,-0.69666,0.79395,3.5475
0.037422,-0.58859,0.70308,3.399
0.0375,-0.44126,0.61146,3.2463
0.037578,-0.30889,0.52628,3.0919
0.037656,-0.2412,0.41107,2.9327
0.037734,-0.16754,0.29427,2.7653
0.037812,-0.1466,0.16281,2.5904
0.037891,-0.16081,0.039635,2.4068
0.037969,-0.19558,-0.06461,2.2195
0.038047,-0.21914,-0.1837,2.0269
0.038125,-0.19035,-0.26457,1.8348
0.038203,-0.18474,-0.41004,1.6383
0.038281,-0.13837,-0.50069,1.4377
0.038359,-0.076297,-0.64376,1.2386
0.038437,-0.053113,-0.75271,1.0307
0.038516,-0.052365,-0.84687,0.82888
0.038594,-0.088263,-1.0162,0.61453
0.038672,-0.049747,-1.0138,0.41004
0.03875,-0.015345,-1.3619,0.19086
0.038828,0.020927,-0.91048,-0.014599
0.038906,0.14208,0.0078701,-0.047674
0.038984,0.19593,-0.11717,-0.025441
0.039063,0.27595,-0.10681,-0.036531
0.039141,0.34775,-0.055215,-0.029655
0.039219,0.31709,-0.10653,-0.033663
0.039297,0.33242,-0.042018,-0.032025
0.039375,0.30662,-0.090695,-0.032074
0.039453,0.20378,-0.047638,-0.033596
0.039531,0.12451,-0.066207,-0.032017
0.039609,0.0070914,-0.058964,-0.033937
0.039688,-0.098359,-0.048035,-0.032921
0.039766,-0.11481,-0.057261,-0.034166
0.039844,-0.12117,-0.042149,-0.033952
0.039922,-0.080036,-0.051229,-0.034391
0.04,0.0026042,-0.04513,-0.03472
0.040078,0.056077,-0.045231,-0.034893
0.040156,0.079635,-0.040878,-0.035617
0.040234,0.10805,-0.042517,-0.035572
0.040313,0.13909,-0.045201,-0.036764
0.040391,0.12339,-0.044661,-0.037859
0.040469,0.11815,-0.049486,-0.03874
0.040547,0.087488,-0.046745,-0.040172
0.040625,0.027284,-0.0359,-0.040757
0.040703,-0.0067443,-0.040698,-0.040955
0.040781,-0.055356,-0.035281,-0.04196
0.040859,-0.080036,-0.030464,-0.041634
0.040938,-0.079288,-0.041756,-0.042894
0.041016,-0.073305,-0.023427,-0.042646
0.041094,-0.063583,-0.045163,-0.043201
0.041172,-0.049373,-0.023022,-0.044142
0.04125,-0.034416,-0.03999,-0.043017
0.041328,-0.015345,-0.028345,-0.045897
0.041406,0.02691,-0.019385,-0.042871
0.041484,0.048225,-0.057884,-0.047006
0.041563,0.087862,0.014839,-0.043673
0.041641,0.089732,-0.090227,-0.046047
0.041719,0.079635,0.041116,-0.046939
0.041797,0.062808,-0.10078,-0.04178
0.041875,0.0089611,0.03778,-0.054629
0.041953,0.01457,-0.075519,-0.027638
0.042031,-0.076671,-2.0401,-0.19961
0.042109,0.0127,-2.6359,-0.60795
0.042188,0.0070914,-2.193,-0.96261
0.042266,-0.089385,-2.4298,-1.3033
0.042344,0.27857,-2.3222,-1.6379
0.042422,0.27109,-2.3777,-1.9429
0.0425,0.34177,-2.3573,-2.2388
0.042578,0.59006,-2.3686,-2.5069
0.042656,0.35972,-2.4471,-2.7715
0.042734,0.47302,-2.4316,-3.0193
0.042813,0.52724,-2.487,-3.2556
0.042891,0.46928,-2.468,-3.4771
0.042969,0.63007,-2.5108,-3.6832
0.043047,0.62147,-2.5371,-3.882
0.043125,0.63718,-2.5518,-4.0677
0.043203,0.59754,-2.563,-4.2418
0.043281,0.55566,-2.5436,-4.399
0.043359,0.52799,-2.5433,-4.5408
0.043438,0.46554,-2.5273,-4.6674
0.043516,0.45544,-2.5192,-4.7783
0.043594,0.44049,-2.5246,-4.878
0.043672,0.45881,-2.5116,-4.9656
0.04375,0.47302,-2.4947,-5.0397
0.043828,0.5422,-2.4722,-5.1009
0.043906,0.57286,-2.438,-5.1489
0.043984,0.55678,-2.4034,-5.1839
0.044062,0.51939,-2.3554,-5.2066
0.044141,0.37729,-2.3066,-5.2163
0.044219,0.19593,-2.2521,-5.2136
0.044297,-0.0093619,-2.1908,-5.1994
0.044375,-0.15408,-2.1352,-5.1742
0.044453,-0.32235,-2.0759,-5.1402
0.044531,-0.45584,-2.0158,-5.0978
0.044609,-0.47454,-1.9507,-5.0467
0.044687,-0.50707,-1.8711,-4.9878
0.044766,-0.46519,-1.7871,-4.9181
0.044844,-0.4192,-1.7252,-4.8411
0.044922,-0.39863,-1.6449,-4.7608
0.045,-0.39227,-1.5385,-4.6696
0.045078,-0.37993,-1.4733,-4.5708
0.045156,-0.37844,-1.4059,-4.4693
0.045234,-0.44014,-1.3009,-4.3593
0.045312,-0.45136,-1.2102,-4.2411
0.045391,-0.50745,-1.1303,-4.1177
0.045469,-0.54035,-1.0382,-3.9889
0.045547,-0.56578,-0.9454,-3.8539
0.045625,-0.58934,-0.84972,-3.7131
0.045703,-0.56765,-0.75695,-3.5669
0.045781,-0.6286,-0.6647,-3.4154
0.045859,-0.61813,-0.57569,-3.2602
0.045937,-0.61514,-0.48919,-3.1024
0.046016,-0.60654,-0.37226,-2.9379
0.046094,-0.52166,-0.25078,-2.7661
0.046172,-0.44463,-0.12042,-2.5856
0.04625,-0.34665,-0.012933,-2.3982
0.046328,-0.27,0.099582,-2.2079
0.046406,-0.15146,0.20123,-2.0127
0.046484,-0.0662,0.30576,-1.8179
0.046562,-0.013849,0.43192,-1.6168
0.046641,0.074026,0.52149,-1.4164
0.046719,0.085245,0.69601,-1.211
0.046797,0.077766,0.75043,-1.0036
0.046875,0.032893,0.92351,-0.79785
0.046953,-0.038903,0.99272,-0.58069
0.047031,-0.050495,1.1046,-0.37779
0.047109,-0.063209,1.3485,-0.14453
0.047188,-0.026563,0.45562,0.0070227
0.047266,0.023545,-0.080145,-0.0060019
0.047344,0.069913,0.15071,-0.010782
0.047422,0.14994,0.014142,-0.0051096
0.0475,0.18621,0.0615,-0.010265
0.047578,0.21276,0.032115,-0.0050646
0.047656,0.24716,0.020872,-0.0088475
0.047734,0.24791,0.049507,-0.0056194
0.047813,0.20715,0.010652,-0.006643
0.047891,0.18509,0.03787,-0.0061781
0.047969,0.12413,0.0085187,-0.0052333
0.048047,0.041868,0.021996,-0.0058819
0.048125,0.026536,0.016662,-0.0044347
0.048203,-0.002631,0.013062,-0.0047609
0.048281,-0.0037528,0.016913,-0.0039211
0.048359,-0.012353,0.011372,-0.0038836
0.048438,-0.025067,0.014573,-0.0033399
0.048516,-0.00076128,0.009902,-0.0027288
0.048594,-0.0011352,0.012935,-0.0025714
0.048672,0.046355,0.0098721,-0.0015628
0.04875,0.097584,0.0080988,-4.8182e-05
0.048828,0.13423,0.0086574,0.0007279
0.048906,0.17985,0.015454,0.0016764
0.048984,0.17948,0.0079975,0.0024638
0.049063,0.16602,0.0068541,0.0025725
0.049141,0.15517,0.0093247,0.0039784
0.049219,0.1361,0.0021828,0.003731
0.049297,0.093471,0.010116,0.004867
0.049375,0.064304,-0.0052777,0.0048632
0.049453,0.038128,0.018633,0.0050207
0.049531,-0.017215,-0.0034782,0.0066028
0.049609,-0.029555,0.010104,0.0051819
0.049688,-0.021702,0.0076226,0.0078701
0.049766,-0.0011352,-0.011748,0.0051407
0.049844,0.043737,0.036471,0.0088711
0.049922,0.080009,-0.042745,0.0065429
0.05,0.082253,0.06529,0.0077501
0.050078,0.099828,-0.060039,0.010056
0.050156,0.11778,0.062107,0.003461
0.050234,0.071409,-0.027037,0.017715
0.050313,0.093097,-0.030445,-0.01016
0.050391,0.053086,1.9741,0.13783
0.050469,0.10992,2.7807,0.53545
0.050547,0.16078,2.2396,0.89192
0.050625,0.0082132,2.419,1.2269
0.050703,0.22734,2.3354,1.5621
0.050781,0.26623,2.3863,1.8664
0.050859,0.14807,2.3688,2.1618
0.050938,0.35822,2.3675,2.4298
0.051016,0.28493,2.4532,2.6926
0.051094,0.32643,2.4315,2.9404
0.051172,0.50293,2.4884,3.1748
0.05125,0.49321,2.4543,3.3947
0.051328,0.63306,2.507,3.6003
0.051406,0.73851,2.5335,3.798
0.051484,0.76544,2.5283,3.9826
0.051563,0.7531,2.5428,4.1553
0.051641,0.70636,2.5103,4.311
0.051719,0.64428,2.5039,4.451
0.051797,0.56426,2.4791,4.5759
0.051875,0.56613,2.4569,4.6861
0.051953,0.54407,2.4531,4.7849
0.052031,0.52425,2.4334,4.8721
0.052109,0.56389,2.4103,4.9463
0.052187,0.62147,2.3721,5.0074
0.052266,0.6656,2.326,5.0558
0.052344,0.70748,2.2896,5.0915
0.052422,0.70935,2.2423,5.1146
0.0525,0.60651,2.1736,5.1248
0.052578,0.44946,2.1181,5.1222
0.052656,0.22098,2.0757,5.1081
0.052734,0.0059696,2.0083,5.0835
0.052812,-0.20044,1.9499,5.0498
0.052891,-0.40761,1.889,5.0074
0.052969,-0.45098,1.8162,4.9557
0.053047,-0.5082,1.7535,4.8959
0.053125,-0.59495,1.6685,4.8256
0.053203,-0.58971,1.6078,4.7467
0.053281,-0.59682,1.5455,4.6647
0.053359,-0.60205,1.4402,4.5722
0.053437,-0.60654,1.3705,4.4708
0.053516,-0.61365,1.304,4.3671
0.053594,-0.64992,1.2094,4.2558
0.053672,-0.69928,1.1215,4.136
0.05375,-0.74078,1.0359,4.011
0.053828,-0.77631,0.95559,3.8815
0.053906,-0.79052,0.86232,3.7462
0.053984,-0.78005,0.76699,3.6041
0.054062,-0.75238,0.68363,3.4572
0.054141,-0.80435,0.59219,3.3061
0.054219,-0.83801,0.51041,3.1521
0.054297,-0.84848,0.40781,2.9943
0.054375,-0.84773,0.29283,2.8285
0.054453,-0.80024,0.17045,2.6554
0.054531,-0.77556,0.043456,2.4732
0.054609,-0.6645,-0.053636,2.2857
0.054688,-0.55419,-0.17817,2.0943
0.054766,-0.43378,-0.25773,1.9008
0.054844,-0.28832,-0.38659,1.7056
0.054922,-0.18025,-0.4937,1.504
0.055,-0.022824,-0.59625,1.3055
0.055078,0.052338,-0.74627,1.0986
0.055156,0.081505,-0.80053,0.89541
0.055234,0.071409,-0.99723,0.68489
0.055313,0.020927,-0.99343,0.47379
0.055391,0.014944,-1.2637,0.26536
0.055469,-0.0041267,-1.187,0.036607
0.055547,0.079261,-0.15682,-0.050276
0.055625,0.14994,-0.025624,-0.022839
0.055703,0.18995,-0.15705,-0.0306
0.055781,0.31409,-0.027596,-0.028051
0.055859,0.31559,-0.10673,-0.028069
0.055938,0.3126,-0.044863,-0.029869
0.056016,0.35485,-0.074259,-0.02723
0.056094,0.31036,-0.056575,-0.030338
0.056172,0.28941,-0.055593,-0.028264
0.05625,0.25613,-0.066057,-0.030161
0.056328,0.17649,-0.043034,-0.029408
0.056406,0.11292,-0.058097,-0.030072
0.056484,0.046355,-0.040342,-0.030529
0.056563,0.00073447,-0.054532,-0.030338
0.056641,-0.0074922,-0.046663,-0.031522
0.056719,-0.035538,-0.040076,-0.031208
0.056797,-0.0662,-0.043615,-0.031721
0.056875,-0.071062,-0.039495,-0.032006
0.056953,-0.078914,-0.044837,-0.032561
0.057031,-0.063209,-0.043251,-0.033513
0.057109,-0.040025,-0.040668,-0.034709
0.057188,0.0052217,-0.039214,-0.035639
0.057266,0.0744,-0.037557,-0.03658
0.057344,0.080757,-0.031764,-0.037056
0.057422,0.063556,-0.039128,-0.037604
0.0575,0.044111,-0.030171,-0.038428
0.057578,-0.002257,-0.034662,-0.038076
0.057656,-0.030302,-0.039045,-0.039324
0.057734,-0.039651,-0.02842,-0.038908
0.057813,-0.08228,-0.04285,-0.040367
0.057891,-0.095368,-0.01441,-0.039853
0.057969,-0.10509,-0.053198,-0.040247
0.058047,-0.12154,-0.018283,-0.04193
0.058125,-0.063209,-0.039244,-0.039272
0.058203,-0.0063704,-0.034734,-0.043868
0.058281,0.071409,-0.0036431,-0.038695
0.058359,0.10357,-0.078537,-0.044854
0.058438,0.14582,0.057323,-0.039774
0.058516,0.13909,-0.14629,-0.042984
0.058594,0.11703,0.14872,-0.044911
0.058672,0.1462,-0.46859,-0.03592
0.05875,0.075522,-2.4354,-0.28808
0.058828,0.23744,-2.4896,-0.70039
0.058906,0.14994,-2.2195,-1.0359
0.058984,0.15218,-2.4418,-1.3779
0.059063,0.5149,-2.3295,-1.7005
0.059141,0.37953,-2.4058,-2.0014
0.059219,0.58146,-2.3496,-2.2859
0.059297,0.72131,-2.4211,-2.5479
0.059375,0.47863,-2.4622,-2.8065
0.059453,0.66821,-2.4706,-3.0468
0.059531,0.61736,-2.5017,-3.2765
0.059609,0.59492,-2.4934,-3.4891
0.059688,0.78114,-2.547,-3.6915
0.059766,0.79872,-2.5489,-3.8852
0.059844,0.85406,-2.5637,-4.0649
0.059922,0.8148,-2.5484,-4.2311
0.06,0.79573,-2.527,-4.38
0.060078,0.74263,-2.5145,-4.5145
0.060156,0.64316,-2.488,-4.6337
0.060234,0.62596,-2.4798,-4.7401
0.060312,0.57436,-2.4609,-4.8351
0.060391,0.56538,-2.434,-4.9173
0.060469,0.59268,-2.3995,-4.9866
0.060547,0.66261,-2.3638,-5.0427
0.060625,0.71757,-2.3272,-5.0869
0.060703,0.71159,-2.2804,-5.1184
0.060781,0.64466,-2.2335,-5.1374
0.060859,0.49134,-2.1743,-5.1438
0.060937,0.32382,-2.1123,-5.1375
0.061016,0.12339,-2.0568,-5.1203
0.061094,-0.087141,-2.0018,-5.0937
0.061172,-0.30963,-1.9436,-5.0586
0.06125,-0.43116,-1.8766,-5.0138
0.061328,-0.49249,-1.8157,-4.9604
0.061406,-0.57214,-1.7357,-4.8979
0.061484,-0.54484,-1.6669,-4.825
0.061562,-0.5411,-1.6197,-4.7481
0.061641,-0.5497,-1.5172,-4.6637
0.061719,-0.55681,-1.4339,-4.568
0.061797,-0.58373,-1.3822,-4.4684
0.061875,-0.62748,-1.2848,-4.3634
0.061953,-0.69105,-1.191,-4.2488
0.062031,-0.7277,-1.1119,-4.1278
0.062109,-0.77893,-1.028,-4.0019
0.062187,-0.80286,-0.94168,-3.8702
0.062266,-0.83988,-0.84423,-3.7324
0.062344,-0.8511,-0.75006,-3.5887
0.062422,-0.86231,-0.66106,-3.4395
0.0625,-0.89148,-0.57828,-3.2861
0.062578,-0.86456,-0.49142,-3.1305
0.062656,-0.9042,-0.37578,-2.9691
0.062734,-0.90307,-0.2615,-2.7997
0.062813,-0.82978,-0.12794,-2.622
0.062891,-0.7808,-0.019955,-2.4359
0.062969,-0.67871,0.081257,-2.2472
0.063047,-0.55195,0.19472,-2.0527
0.063125,-0.39414,0.28557,-1.858
0.063203,-0.26214,0.42675,-1.6585
0.063281,-0.14435,0.50337,-1.4571
0.063359,-0.023945,0.66223,-1.2546
0.063438,0.0063435,0.74503,-1.046
0.063516,0.060939,0.8701,-0.84298
0.063594,0.051216,1.009,-0.62607
0.063672,0.012327,1.0349,-0.42303
0.06375,0.034015,1.373,-0.19701
0.063828,0.019431,0.71772,-0.0088737
0.063906,0.089358,-0.083021,0.0023663
0.063984,0.17125,0.12239,-0.013579
0.064062,0.2666,0.048059,-0.003325
0.064141,0.37243,0.03508,-0.010287
0.064219,0.39,0.060694,-0.0049258
0.064297,0.4446,0.0084962,-0.0077415
0.064375,0.43675,0.047235,-0.0061106
0.064453,0.38178,0.0037462,-0.0056644
0.064531,0.37056,0.031305,-0.006553
0.064609,0.28044,0.019998,-0.0047271
0.064687,0.18546,0.017914,-0.005522
0.064766,0.11853,0.016043,-0.0039661
0.064844,0.03925,0.012823,-0.0044197
0.064922,0.00036053,0.019035,-0.0036774
0.065,-0.031424,0.012211,-0.0032162
0.065078,-0.046008,0.016999,-0.0030138
0.065156,-0.040399,0.0046384,-0.0024814
0.065234,-0.051991,0.010371,-0.0023914
0.065312,-0.038155,0.013505,-0.0011842
0.065391,-0.01011,0.0079713,0.00021051
0.065469,0.014196,0.010378,0.0010803
0.065547,0.058695,0.011923,0.0022875
0.065625,0.08861,0.0098383,0.0028274
0.065703,0.094967,0.013595,0.0031649
0.065781,0.069539,0.0058081,0.0043383
0.065859,0.029154,0.0030339,0.003791
0.065937,0.0044739,0.014573,0.0052419
0.066016,-0.050121,-0.0018698,0.0052007
0.066094,-0.10659,0.016766,0.0059505
0.066172,-0.15071,-0.0082282,0.0067228
0.06625,-0.18063,0.014791,0.0055681
0.066328,-0.17838,0.0010019,0.0086274
0.066406,-0.16305,-0.0055889,0.0055568
0.066484,-0.1264,0.029206,0.0097146
0.066562,-0.056104,-0.040233,0.0062092
0.066641,-0.00076128,0.069628,0.0090211
0.066719,0.059443,-0.074218,0.0094372
0.066797,0.099454,0.087784,0.0051369
0.066875,0.12376,-0.074571,0.017183
0.066953,0.1907,0.088073,-0.0087762
0.067031,0.14807,2.1804,0.17079
0.067109,0.28493,2.7397,0.57706
0.067187,0.37318,2.2392,0.92578
0.067266,0.25875,2.4625,1.2662
0.067344,0.50219,2.3364,1.5982
0.067422,0.48274,2.4168,1.9002
0.0675,0.41955,2.4038,2.1944
0.067578,0.62708,2.4079,2.4608
0.067656,0.48985,2.4918,2.7233
0.067734,0.56501,2.4711,2.9684
0.067812,0.70411,2.5278,3.2026
0.067891,0.67195,2.5076,3.4223
0.067969,0.83312,2.5381,3.6265
0.068047,0.8937,2.5719,3.8231
0.068125,0.90193,2.5813,4.0068
0.068203,0.90828,2.5793,4.1793
0.068281,0.87089,2.5565,4.336
0.068359,0.82976,2.5377,4.4773
0.068437,0.7617,2.5132,4.6036
0.068516,0.72767,2.4911,4.7153
0.068594,0.68093,2.4701,4.8148
0.068672,0.6469,2.4466,4.9026
0.06875,0.62783,2.4164,4.978
0.068828,0.65475,2.3798,5.0403
0.068906,0.7,2.3399,5.0906
0.068984,0.68018,2.3048,5.1283
0.069062,0.65587,2.2522,5.1533
0.069141,0.55865,2.1937,5.1662
0.069219,0.33541,2.1264,5.1666
0.069297,0.11479,2.057,5.1549
0.069375,-0.099107,2.0106,5.1328
0.069453,-0.34441,1.945,5.1012
0.069531,-0.534,1.88,5.0609
0.069609,-0.64767,1.8206,5.0111
0.069687,-0.7191,1.7431,4.9525
0.069766,-0.72658,1.6625,4.8845
0.069844,-0.69516,1.5957,4.8073
0.069922,-0.68694,1.5366,4.7263
0.07,-0.68806,1.4406,4.637
0.070078,-0.64842,1.3541,4.5364
0.070156,-0.63795,1.2941,4.4324
0.070234,-0.67572,1.2082,4.3236
0.070313,-0.71984,1.1178,4.2054
0.070391,-0.77967,1.0363,4.0809
0.070469,-0.80361,0.95285,3.9523
0.070547,-0.84736,0.85905,3.8181
0.070625,-0.8582,0.76509,3.6769
0.070703,-0.84324,0.68509,3.5306
0.070781,-0.89784,0.58854,3.3805
0.070859,-0.8855,0.50184,3.2267
0.070938,-0.89933,0.42326,3.0699
0.071016,-0.93149,0.30662,2.9058
0.071094,-0.88699,0.19176,2.7344
0.071172,-0.8339,0.061383,2.5539
0.07125,-0.7262,-0.041557,2.3665
0.071328,-0.61926,-0.14877,2.1765
0.071406,-0.48838,-0.24814,1.9815
0.071484,-0.34516,-0.34723,1.7866
0.071563,-0.22325,-0.47878,1.5848
0.071641,-0.075549,-0.55918,1.3841
0.071719,-0.016093,-0.72388,1.1788
0.071797,0.013074,-0.78024,0.9704
0.071875,0.024293,-0.94685,0.76501
0.071953,-0.031798,-1.0209,0.54804
0.072031,-0.03479,-1.1217,0.34514
0.072109,-0.058348,-1.3751,0.11219
0.072188,-0.024693,-0.50664,-0.043081
0.072266,0.089358,0.057312,-0.031744
0.072344,0.13647,-0.1718,-0.025872
0.072422,0.23033,-0.043941,-0.03177
0.0725,0.30026,-0.089953,-0.026071
0.072578,0.33204,-0.069892,-0.031159
0.072656,0.38589,-0.049985,-0.027106
0.072734,0.39,-0.080869,-0.030315
0.072813,0.35411,-0.040983,-0.029333
0.072891,0.28979,-0.068107,-0.029438
0.072969,0.21837,-0.045493,-0.030503
0.073047,0.13311,-0.056425,-0.029768
0.073125,0.056451,-0.053426,-0.031058
0.073203,0.0040999,-0.046989,-0.030514
0.073281,-0.03479,-0.046521,-0.031556
0.073359,-0.053861,-0.039131,-0.031489
0.073438,-0.086767,-0.043799,-0.031732
0.073516,-0.10995,-0.038235,-0.032377
0.073594,-0.087889,-0.041081,-0.032527
0.073672,-0.069566,-0.046314,-0.033851
0.07375,-0.03479,-0.042213,-0.03514
0.073828,0.026162,-0.042247,-0.035931
0.073906,0.074026,-0.042933,-0.037079
0.073984,0.12526,-0.035828,-0.037315
0.074063,0.14283,-0.038929,-0.037997
0.074141,0.11105,-0.029031,-0.038687
0.074219,0.075148,-0.040893,-0.03868
0.074297,0.023171,-0.035364,-0.039981
0.074375,-0.025441,-0.027303,-0.039099
0.074453,-0.068444,-0.043244,-0.041117
0.074531,-0.11967,-0.018024,-0.040258
0.074609,-0.14809,-0.051563,-0.040854
0.074688,-0.15108,-0.0071035,-0.041851
0.074766,-0.1537,-0.049767,-0.040131
0.074844,-0.11481,-0.022283,-0.0443
0.074922,-0.048625,-0.016607,-0.038796
0.075,-0.026937,-0.07562,-0.046017
0.075078,0.053086,0.049038,-0.038867
0.075156,0.073278,-0.15682,-0.045784
0.075234,0.11105,0.18766,-0.041874
0.075313,0.10768,-0.64696,-0.045691
0.075391,0.055329,-2.5465,-0.32795
0.075469,0.26847,-2.4303,-0.73733
0.075547,0.15891,-2.2615,-1.0707
0.075625,0.25053,-2.4472,-1.4146
0.075703,0.59978,-2.3427,-1.7335
0.075781,0.46217,-2.4375,-2.0356
0.075859,0.72692,-2.37,-2.3179
0.075938,0.80769,-2.4527,-2.5805
0.076016,0.58258,-2.4788,-2.8387
0.076094,0.79348,-2.4981,-3.0784
0.076172,0.71832,-2.527,-3.3086
0.07625,0.72281,-2.5163,-3.5211
0.076328,0.91389,-2.5672,-3.7235
0.076406,0.88846,-2.5692,-3.9163
0.076484,0.92773,-2.5838,-4.0961
0.076563,0.9109,-2.569,-4.2635
0.076641,0.87912,-2.5478,-4.414
0.076719,0.83163,-2.5322,-4.5502
0.076797,0.77516,-2.5024,-4.6711
0.076875,0.76469,-2.4898,-4.7785
0.076953,0.71122,-2.4715,-4.8749
0.077031,0.70897,-2.4423,-4.9585
0.077109,0.69252,-2.4114,-5.0295
0.077188,0.68729,-2.3712,-5.088
0.077266,0.70075,-2.3273,-5.1331
0.077344,0.67607,-2.2833,-5.166
0.077422,0.60913,-2.2297,-5.1869
0.0775,0.45769,-2.17,-5.1952
0.077578,0.26212,-2.1094,-5.191
0.077656,0.043363,-2.0497,-5.1762
0.077734,-0.16604,-1.9934,-5.1515
0.077813,-0.40985,-1.9365,-5.1179
0.077891,-0.57476,-1.8707,-5.0754
0.077969,-0.65403,-1.8087,-5.0237
0.078047,-0.78117,-1.7308,-4.964
0.078125,-0.80735,-1.6443,-4.8932
0.078203,-0.76846,-1.5946,-4.8163
0.078281,-0.73331,-1.5131,-4.7344
0.078359,-0.69516,-1.4169,-4.6411
0.078438,-0.66001,-1.3615,-4.5423
0.078516,-0.65478,-1.2804,-4.4395
0.078594,-0.66824,-1.1834,-4.3272
0.078672,-0.68357,-1.1012,-4.2076
0.07875,-0.74639,-1.0189,-4.0824
0.078828,-0.77033,-0.93248,-3.9517
0.078906,-0.82343,-0.841,-3.8153
0.078984,-0.89373,-0.74613,-3.6723
0.079063,-0.93262,-0.65385,-3.5236
0.079141,-0.95393,-0.57029,-3.3708
0.079219,-0.91167,-0.49062,-3.2155
0.079297,-0.88886,-0.38267,-3.0557
0.079375,-0.83203,-0.26838,-2.8878
0.079453,-0.78416,-0.1491,-2.7122
0.079531,-0.73106,-0.024225,-2.5276
0.079609,-0.60916,0.068105,-2.3387
0.079688,-0.50745,0.18645,-2.1449
0.079766,-0.35301,0.27162,-1.9489
0.079844,-0.20979,0.39596,-1.7516
0.079922,-0.096489,0.49473,-1.5476
0.08,0.0067175,0.61465,-1.3461
0.080078,0.055329,0.75585,-1.136
0.080156,0.10282,0.80489,-0.93061
0.080234,0.077766,1.0031,-0.71682
0.080312,0.040746,0.99239,-0.50464
0.080391,0.045981,1.2797,-0.29368
0.080469,0.011579,1.1398,-0.064924
0.080547,0.011953,0.09217,0.013985
0.080625,0.044111,0.012166,-0.013961
0.080703,0.10656,0.12595,-0.004446
0.080781,0.20266,0.004226,-0.0079814
0.080859,0.27259,0.08528,-0.0070554
0.080937,0.32307,0.011514,-0.005357
0.081016,0.35635,0.0474,-0.0077002
0.081094,0.39823,0.020493,-0.0045509
0.081172,0.3657,0.015713,-0.0066805
0.08125,0.27558,0.034068,-0.0045922
0.081328,0.20864,0.013782,-0.0049746
0.081406,0.13273,0.028145,-0.0042997
0.081484,0.053834,0.0093659,-0.0037561
0.081562,-0.028807,0.019391,-0.0036061
0.081641,-0.053113,0.017423,-0.0028826
0.081719,-0.079288,0.011147,-0.0029313
0.081797,-0.12528,0.013179,-0.002189
0.081875,-0.12566,0.0089873,-0.0021102
0.081953,-0.099855,0.0086986,-0.0015516
0.082031,-0.022076,0.01439,-0.00075303
0.082109,0.019805,0.017966,0.00060042
0.082187,0.07814,0.01259,0.0017889
0.082266,0.14096,0.013898,0.0026025
0.082344,0.14208,0.0091972,0.0032511
0.082422,0.16003,0.011087,0.0036185
0.0825,0.1346,0.0077314,0.0046008
0.082578,0.1103,0.0050958,0.0043721
0.082656,0.081505,0.013231,0.0055831
0.082734,0.031771,-0.0059638,0.0053506
0.082812,-0.023572,0.017869,0.0061079
0.082891,-0.074427,-0.0082732,0.0071052
0.082969,-0.072931,0.009081,0.0055981
0.083047,-0.10397,0.0047397,0.0086011
0.083125,-0.10172,-0.014425,0.0057705
0.083203,-0.066948,0.033933,0.0097596
0.083281,-0.041147,-0.038903,0.0069628
0.083359,-0.014971,0.06129,0.0086424
0.083437,0.020179,-0.06437,0.010285
0.083516,0.064304,0.068859,0.004642
0.083594,0.046729,-0.046521,0.017824
0.083672,0.1174,0.016148,-0.0091399
0.08375,0.098332,2.0404,0.14983
0.083828,0.18546,2.7619,0.5504
0.083906,0.30475,2.2137,0.90213
0.083984,0.14919,2.4121,1.2343
0.084062,0.37131,2.3378,1.5678
0.084141,0.40982,2.3822,1.8702
0.084219,0.31671,2.3704,2.1614
0.084297,0.55566,2.3644,2.4258
0.084375,0.41917,2.4536,2.6856
0.084453,0.47676,2.4371,2.9302
0.084531,0.66148,2.4814,3.1602
0.084609,0.63119,2.4653,3.3764
0.084687,0.80059,2.5079,3.5802
0.084766,0.87874,2.5281,3.7761
0.084844,0.89744,2.5103,3.9577
0.084922,0.90155,2.5045,4.1257
0.085,0.8391,2.4796,4.2771
0.085078,0.78339,2.4574,4.4134
0.085156,0.72169,2.4263,4.5354
0.085234,0.67046,2.4139,4.6439
0.085312,0.60838,2.3914,4.7414
0.085391,0.59941,2.3542,4.8265
0.085469,0.58931,2.3283,4.8983
0.085547,0.60614,2.2785,4.9572
0.085625,0.63867,2.2291,5.0033
0.085703,0.64802,2.191,5.0369
0.085781,0.61586,2.1299,5.0582
0.085859,0.49059,2.0656,5.0668
0.085938,0.34663,2.0048,5.0633
0.086016,0.12189,1.9427,5.049
0.086094,-0.1107,1.8896,5.0249
0.086172,-0.29692,1.8323,4.9918
0.08625,-0.48464,1.7677,4.9491
0.086328,-0.56616,1.6918,4.8972
0.086406,-0.64655,1.6019,4.8363
0.086484,-0.73031,1.541,4.7646
0.086563,-0.74191,1.4921,4.6882
0.086641,-0.74639,1.4003,4.6052
0.086719,-0.75724,1.3156,4.5108
0.086797,-0.76285,1.2658,4.4123
0.086875,-0.74752,1.1805,4.3088
0.086953,-0.75649,1.0747,4.1961
0.087031,-0.78865,0.99912,4.0764
0.087109,-0.8137,0.92807,3.9516
0.087188,-0.8137,0.83695,3.8212
0.087266,-0.81931,0.73899,3.684
0.087344,-0.82492,0.6597,3.5415
0.087422,-0.80735,0.57396,3.3945
0.0875,-0.8324,0.49089,3.2431
0.087578,-0.84698,0.40861,3.089
0.087656,-0.85558,0.28969,2.9287
0.087734,-0.84399,0.18543,2.7601
0.087813,-0.77257,0.058583,2.5832
0.087891,-0.71162,-0.050539,2.3983
0.087969,-0.61327,-0.14605,2.2106
0.088047,-0.51231,-0.25587,2.0176
0.088125,-0.41097,-0.34002,1.8241
0.088203,-0.27112,-0.47303,1.625
0.088281,-0.15183,-0.54969,1.4245
0.088359,-0.041894,-0.70521,1.2221
0.088438,0.029154,-0.78383,1.0132
0.088516,0.080383,-0.90451,0.81013
0.088594,0.096463,-1.0358,0.59316
0.088672,0.084497,-1.0636,0.38991
0.08875,0.068043,-1.3893,0.16306
0.088828,0.056825,-0.73268,-0.023777
0.088906,0.12264,0.055389,-0.033911
0.088984,0.14433,-0.14476,-0.01834
0.089063,0.1806,-0.076299,-0.028096
0.089141,0.23258,-0.066169,-0.021231
0.089219,0.21351,-0.086313,-0.026394
0.089297,0.26399,-0.037268,-0.023109
0.089375,0.28904,-0.081525,-0.024931
0.089453,0.27109,-0.040233,-0.025333
0.089531,0.261,-0.060534,-0.024478
0.089609,0.20191,-0.046682,-0.026296
0.089688,0.14694,-0.052725,-0.025093
0.089766,0.091601,-0.048301,-0.026547
0.089844,0.032145,-0.039045,-0.026146
0.089922,-0.012727,-0.048987,-0.026709
0.09,-0.04339,-0.038246,-0.027001
0.090078,-0.079288,-0.045876,-0.027267
0.090156,-0.12491,-0.04279,-0.027976
0.090234,-0.1365,-0.041144,-0.027987
0.090313,-0.12341,-0.040147,-0.028714
0.090391,-0.083776,-0.040477,-0.029558
0.090469,-0.029555,-0.043975,-0.030859
0.090547,0.02878,-0.039075,-0.031567
0.090625,0.084123,-0.037047,-0.032358
0.090703,0.10095,-0.030647,-0.033123
0.090781,0.09048,-0.035716,-0.033502
0.090859,0.083749,-0.028349,-0.034124
0.090938,0.073278,-0.033298,-0.034136
0.091016,0.043737,-0.035971,-0.035377
0.091094,0.0127,-0.024424,-0.034739
0.091172,-0.028059,-0.038719,-0.036228
0.09125,-0.025815,-0.013436,-0.035748
0.091328,-0.035911,-0.049385,-0.036209
0.091406,-0.069566,-0.010755,-0.037671
0.091484,-0.050869,-0.036661,-0.035354
0.091563,-0.040773,-0.029822,-0.039861
0.091641,0.0074654,-0.0025034,-0.034518
0.091719,0.0018563,-0.07673,-0.040839
0.091797,0.0082132,0.054635,-0.035632
0.091875,0.019057,-0.14894,-0.039452
0.091953,0.03925,0.15807,-0.040198
0.092031,0.076644,-0.50069,-0.033967
0.092109,0.020179,-2.4717,-0.29184
0.092188,0.22884,-2.4704,-0.70259
0.092266,0.18359,-2.1996,-1.0333
0.092344,0.19032,-2.4407,-1.3731
0.092422,0.55902,-2.3189,-1.6952
0.0925,0.4704,-2.396,-1.9939
0.092578,0.69102,-2.3397,-2.2759
0.092656,0.80695,-2.4045,-2.5364
0.092734,0.54369,-2.4421,-2.7934
0.092813,0.7172,-2.4339,-3.0309
0.092891,0.65887,-2.4706,-3.2568
0.092969,0.64802,-2.4686,-3.4683
0.093047,0.81854,-2.5159,-3.6704
0.093125,0.80395,-2.5109,-3.8624
0.093203,0.85705,-2.5067,-4.0392
0.093281,0.81181,-2.4873,-4.2022
0.093359,0.75833,-2.4584,-4.3483
0.093438,0.70673,-2.44,-4.4796
0.093516,0.65101,-2.4145,-4.5972
0.093594,0.61025,-2.3995,-4.702
0.093672,0.53995,-2.3752,-4.7958
0.09375,0.55828,-2.3371,-4.8769
0.093828,0.57249,-2.3024,-4.944
0.093906,0.6024,-2.2636,-4.9989
0.093984,0.61175,-2.2125,-5.0412
0.094063,0.58969,-2.1602,-5.0706
0.094141,0.54108,-2.1027,-5.0877
0.094219,0.40384,-2.0419,-5.0919
0.094297,0.23781,-1.9841,-5.085
0.094375,0.014944,-1.9275,-5.0679
0.094453,-0.19072,-1.873,-5.0412
0.094531,-0.38554,-1.8089,-5.006
0.094609,-0.54559,-1.7461,-4.9613
0.094688,-0.58672,-1.6712,-4.9078
0.094766,-0.64468,-1.59,-4.8433
0.094844,-0.67422,-1.5463,-4.7716
0.094922,-0.66488,-1.4665,-4.6956
0.095,-0.68881,-1.3689,-4.6076
0.095078,-0.69105,-1.3187,-4.5123
0.095156,-0.67946,-1.2401,-4.4146
0.095234,-0.70788,-1.1433,-4.3076
0.095313,-0.72358,-1.0638,-4.1925
0.095391,-0.73331,-0.98585,-4.0719
0.095469,-0.77182,-0.9032,-3.9458
0.095547,-0.75986,-0.81092,-3.8137
0.095625,-0.77743,-0.72111,-3.6744
0.095703,-0.7793,-0.63285,-3.5291
0.095781,-0.75724,-0.54564,-3.3794
0.095859,-0.78491,-0.47039,-3.2272
0.095938,-0.76733,-0.37499,-3.0711
0.096016,-0.76696,-0.25656,-2.9066
0.096094,-0.74116,-0.14435,-2.7344
0.096172,-0.68582,-0.022876,-2.5528
0.09625,-0.62112,0.075885,-2.3656
0.096328,-0.51007,0.19353,-2.1744
0.096406,-0.40835,0.27445,-1.9795
0.096484,-0.25766,0.38235,-1.7847
0.096562,-0.16043,0.50118,-1.5822
0.096641,-0.07181,0.58801,-1.3821
0.096719,0.032145,0.7473,-1.175
0.096797,0.051216,0.79627,-0.96874
0.096875,0.10132,0.98543,-0.75909
0.096953,0.097584,1.0063,-0.54322
0.097031,0.092349,1.2009,-0.33759
0.097109,0.099828,1.2787,-0.10283
0.097187,0.081505,0.26134,0.014229
0.097266,0.12563,-0.051218,-0.010355
0.097344,0.15779,0.14404,-0.0067292
0.097422,0.22697,0.0030489,-0.0057019
0.0975,0.24192,0.074989,-0.0081614
0.097578,0.25053,0.020572,-0.0043147
0.097656,0.30774,0.034274,-0.0078015
0.097734,0.26511,0.031875,-0.0041535
0.097812,0.27184,0.012031,-0.0059419
0.097891,0.25651,0.036006,-0.0044497
0.097969,0.16153,0.012316,-0.0044385
0.098047,0.11105,0.029239,-0.004266
0.098125,0.0744,0.012766,-0.0032125
0.098203,0.030276,0.017408,-0.0035049
0.098281,-0.024693,0.013351,-0.0023839
0.098359,-0.042268,0.0076789,-0.0027213
0.098437,-0.062461,0.015237,-0.002159
0.098516,-0.081906,0.012166,-0.0016716
0.098594,-0.072183,0.014637,-0.0010492
0.098672,-0.06807,0.015724,0.00038297
0.09875,-0.035164,0.013561,0.0012003
0.098828,-0.0018831,0.0098271,0.0022726
0.098906,0.044111,0.009917,0.0036073
0.098984,0.087862,0.0076601,0.0035848
0.099062,0.11105,0.012125,0.0047208
0.099141,0.11628,0.0050546,0.0050207
0.099219,0.089732,0.013887,0.0050694
0.099297,0.077766,0.0023478,0.0063666
0.099375,0.056825,0.0085524,0.0055868
0.099453,0.017936,0.014495,0.0077576
0.099531,-0.010858,-0.0085768,0.0063816
0.099609,-0.047504,0.026893,0.0082
0.099687,-0.056104,-0.018928,0.0078701
0.099766,-0.046008,0.035392,0.0073827
0.099844,-0.053113,-0.017544,0.010543
0.099922,-0.017589,0.0088711,0.0056993
0.1,-0.0041267,0.01608,0.013348
0.10008,0.026536,-0.05283,0.0039409
0.10016,0.047477,0.12069,0.015657
0.10023,0.054956,-0.24088,0.0021076
0.10031,0.061312,1.0053,0.035449
0.10039,0.081879,2.7686,0.36014
0.10047,0.28755,2.4033,0.75582
0.10055,0.26922,2.3039,1.0866
0.10063,0.30699,2.4044,1.4329
0.1007,0.50368,2.3395,1.7452
0.10078,0.37617,2.4239,2.0472
0.10086,0.51714,2.3462,2.3268
0.10094,0.58707,2.4445,2.5904
0.10102,0.45956,2.4485,2.8472
0.10109,0.64166,2.4737,3.0869
0.10117,0.62932,2.4847,3.3167
0.10125,0.65139,2.4855,3.5277
0.10133,0.80395,2.52,3.7305
0.10141,0.79236,2.5182,3.9229
0.10148,0.82602,2.5341,4.103
0.10156,0.83424,2.4983,4.2698
0.10164,0.79423,2.4836,4.4199
0.10172,0.72879,2.4607,4.5552
0.1018,0.66821,2.4292,4.6754
0.10188,0.62671,2.416,4.7833
0.10195,0.59044,2.38,4.8793
0.10203,0.5751,2.3602,4.9632
0.10211,0.56314,2.3194,5.0345
0.10219,0.60801,2.27,5.0933
0.10227,0.62297,2.2365,5.1397
0.10234,0.58071,2.1715,5.1733
0.10242,0.51303,2.1205,5.1947
0.1025,0.40085,2.0623,5.2032
0.10258,0.22659,1.9936,5.1995
0.10266,0.0044739,1.9433,5.185
0.10273,-0.19184,1.8736,5.1604
0.10281,-0.39527,1.8216,5.127
0.10289,-0.54634,1.7582,5.0845
0.10297,-0.61065,1.6808,5.0324
0.10305,-0.67273,1.6101,4.972
0.10313,-0.71611,1.5239,4.901
0.1032,-0.72022,1.4769,4.8225
0.10328,-0.71162,1.4056,4.7401
0.10336,-0.73218,1.2989,4.6466
0.10344,-0.73443,1.2335,4.5453
0.10352,-0.73667,1.1673,4.4412
0.10359,-0.76659,1.0735,4.3289
0.10367,-0.77556,0.98157,4.2082
0.10375,-0.78005,0.91584,4.0823
0.10383,-0.77893,0.83104,3.9517
0.10391,-0.77033,0.73417,3.8148
0.10398,-0.76098,0.65832,3.6719
0.10406,-0.76584,0.57527,3.5244
0.10414,-0.78229,0.49387,3.3723
0.10422,-0.77294,0.41696,3.2174
0.1043,-0.75612,0.31066,3.0577
0.10437,-0.74191,0.19343,2.8892
0.10445,-0.69554,0.076409,2.7129
0.10453,-0.6402,-0.040087,2.5275
0.10461,-0.55905,-0.12548,2.3382
0.10469,-0.45435,-0.24077,2.1448
0.10477,-0.34366,-0.32184,1.9475
0.10484,-0.21391,-0.43967,1.7497
0.10492,-0.12902,-0.54642,1.5452
0.105,-0.054982,-0.64069,1.3432
0.10508,0.0055957,-0.79248,1.133
0.10516,0.048972,-0.83866,0.92579
0.10523,0.047477,-1.0302,0.71324
0.10531,0.010083,-1.0316,0.49699
0.10539,0.044485,-1.2617,0.28736
0.10547,0.045233,-1.2486,0.052871
0.10555,0.056825,-0.21573,-0.048604
0.10562,0.12675,-0.0030545,-0.021651
0.1057,0.18247,-0.1647,-0.027912
0.10578,0.21575,-0.03055,-0.026798
0.10586,0.22622,-0.1069,-0.02546
0.10594,0.24118,-0.043068,-0.028069
0.10602,0.21837,-0.069937,-0.025044
0.10609,0.2049,-0.064463,-0.028534
0.10617,0.18434,-0.048864,-0.026296
0.10625,0.13647,-0.064782,-0.028159
0.10633,0.094593,-0.039026,-0.027732
0.10641,0.04972,-0.056538,-0.028111
0.10648,0.013822,-0.041891,-0.028823
0.10656,-0.01011,-0.046528,-0.028268
0.10664,-0.013101,-0.043964,-0.029723
0.10672,-0.048251,-0.037362,-0.029483
0.1068,-0.07854,-0.04258,-0.029884
0.10687,-0.080784,-0.039281,-0.030319
0.10695,-0.074801,-0.043431,-0.030709
0.10703,-0.053861,-0.0451,-0.032156
0.10711,-0.017962,-0.038097,-0.033255
0.10719,0.054208,-0.043619,-0.034282
0.10727,0.093097,-0.036871,-0.035223
0.10734,0.12226,-0.035004,-0.035448
0.10742,0.13685,-0.042888,-0.036644
0.1075,0.13124,-0.028694,-0.036411
0.10758,0.12413,-0.040057,-0.037172
0.10766,0.080757,-0.025785,-0.03748
0.10773,0.054956,-0.039008,-0.037487
0.10781,0.009709,-0.025624,-0.039107
0.10789,-0.026937,-0.030981,-0.037476
0.10797,-0.037407,-0.038681,-0.040509
0.10805,-0.044886,-0.0055139,-0.037952
0.10812,-0.037033,-0.063976,-0.040753
0.1082,-0.016467,0.015331,-0.039549
0.10828,-0.0045007,-0.075789,-0.038833
0.10836,0.02691,0.016703,-0.04373
0.10844,0.04972,-0.052534,-0.034739
0.10852,0.014944,-0.046138,-0.050366
0.10859,0.0744,0.097546,-0.023143
0.10867,-0.0018831,-1.6956,-0.13981
0.10875,0.084871,-2.7106,-0.53003
0.10883,0.22585,-2.2007,-0.89954
0.10891,0.077018,-2.3919,-1.2326
0.10898,0.40085,-2.3553,-1.5718
0.10906,0.50443,-2.3632,-1.8777
0.10914,0.48985,-2.3828,-2.1751
0.10922,0.83536,-2.3546,-2.4444
0.1093,0.63082,-2.449,-2.7079
0.10938,0.61624,-2.4279,-2.9581
0.10945,0.73964,-2.4762,-3.1939
0.10953,0.60053,-2.4617,-3.4174
0.10961,0.74898,-2.4866,-3.625
0.10969,0.79386,-2.5133,-3.8257
0.10977,0.79872,-2.5116,-4.0136
0.10984,0.81555,-2.5145,-4.1902
0.10992,0.76993,-2.4821,-4.3516
0.11,0.7516,-2.4641,-4.497
0.11008,0.66261,-2.4348,-4.628
0.11016,0.6555,-2.4074,-4.7441
0.11023,0.60053,-2.3878,-4.8482
0.11031,0.54668,-2.359,-4.9402
0.11039,0.55902,-2.3289,-5.0197
0.11047,0.55192,-2.2919,-5.0874
0.11055,0.59118,-2.2469,-5.142
0.11063,0.60838,-2.2017,-5.1844
0.1107,0.59081,-2.1473,-5.2146
0.11078,0.48498,-2.0885,-5.2319
0.11086,0.34139,-2.0289,-5.2366
0.11094,0.18322,-1.9632,-5.2293
0.11102,-0.039651,-1.9072,-5.2114
0.11109,-0.22625,-1.8565,-5.185
0.11117,-0.38255,-1.7885,-5.1498
0.11125,-0.49174,-1.7295,-5.1054
0.11133,-0.56391,-1.6664,-5.0535
0.11141,-0.6301,-1.5723,-4.9907
0.11148,-0.66787,-1.5188,-4.9182
0.11156,-0.68843,-1.4604,-4.8422
0.11164,-0.72321,-1.3558,-4.7558
0.11172,-0.74565,-1.2917,-4.6599
0.1118,-0.73293,-1.2278,-4.5614
0.11188,-0.75275,-1.1345,-4.4551
0.11195,-0.76285,-1.0523,-4.3398
0.11203,-0.78603,-0.97534,-4.2188
0.11211,-0.77967,-0.89485,-4.0919
0.11219,-0.75275,-0.80593,-3.9595
0.11227,-0.75163,-0.7123,-3.82
0.11234,-0.68806,-0.6246,-3.6739
0.11242,-0.71461,-0.54475,-3.5234
0.1125,-0.74116,-0.46592,-3.3696
0.11258,-0.70713,-0.38002,-3.2128
0.11266,-0.71797,-0.27282,-3.0493
0.11273,-0.65852,-0.16535,-2.8771
0.11281,-0.60542,-0.039622,-2.6969
0.11289,-0.54783,0.066385,-2.508
0.11297,-0.46557,0.15887,-2.3163
0.11305,-0.36012,0.27075,-2.1198
0.11313,-0.22438,0.35281,-1.9222
0.1132,-0.15258,0.4898,-1.7197
0.11328,-0.062087,0.56071,-1.5136
0.11336,0.0011084,0.70202,-1.3088
0.11344,0.046729,0.80241,-1.0957
0.11352,0.11666,0.89308,-0.88896
0.11359,0.089358,1.056,-0.66893
0.11367,0.08674,1.0429,-0.45937
0.11375,0.12114,1.3884,-0.23484
0.11383,0.094967,0.89218,-0.024853
0.11391,0.13573,-0.046689,0.0085786
0.11398,0.19892,0.095642,-0.014198
0.11406,0.21126,0.078314,-0.0025414
0.11414,0.22659,0.026206,-0.0090087
0.11422,0.23033,0.076335,-0.0047871
0.1143,0.2064,0.0036974,-0.0064443
0.11438,0.19967,0.050511,-0.0060019
0.11445,0.20004,0.012058,-0.0040635
0.11453,0.14807,0.029483,-0.0056907
0.11461,0.11142,0.021681,-0.0035349
0.11469,0.087862,0.015301,-0.0045772
0.11477,0.050468,0.021588,-0.0034674
0.11484,0.02504,0.012849,-0.0033962
0.11492,0.0082132,0.020486,-0.002935
0.115,-0.0037528,0.009962,-0.0022677
0.11508,-0.017962,0.015582,-0.0023202
0.11516,-0.030302,0.0094034,-0.0017203
0.11523,-0.054982,0.012065,-0.0012217
0.11531,-0.051243,0.014037,-0.0006293
0.11539,-0.021328,0.013381,0.00051794
0.11547,0.019805,0.016223,0.0017664
0.11555,0.073278,0.013775,0.0026287
0.11563,0.096837,0.010963,0.0037122
0.1157,0.13199,0.0021828,0.0038172
0.11578,0.14208,0.010243,0.0048145
0.11586,0.11292,0.0021678,0.0054256
0.11594,0.10693,0.013824,0.0053731
0.11602,0.095715,0.0038024,0.0065504
0.11609,0.069539,-0.00070765,0.0057818
0.11617,0.032519,0.020384,0.0079338
0.11625,0.023919,-0.0079657,0.006824
0.11633,0.01457,0.030499,0.0080163
0.11641,0.0063435,-0.016356,0.0086536
0.11648,0.041868,0.025764,0.0072102
0.11656,0.051964,-0.0035082,0.011016
0.11664,0.079635,-0.0086331,0.0058043
0.11672,0.074774,0.036303,0.013209
0.1168,0.055703,-0.065925,0.0053319
0.11688,0.042616,0.13295,0.013663
0.11695,0.050842,-0.22783,0.0066516
0.11703,0.058695,0.74835,0.019481
0.11711,0.019805,2.6746,0.31337
0.11719,0.22958,2.4571,0.71566
0.11727,0.22958,2.2437,1.0434
0.11734,0.20453,2.4079,1.3848
0.11742,0.46554,2.3031,1.702
0.1175,0.33915,2.3735,2.0023
0.11758,0.43525,2.2994,2.2815
0.11766,0.54294,2.3844,2.5436
0.11773,0.37916,2.3994,2.8007
0.11781,0.57884,2.3932,3.038
0.11789,0.58109,2.4112,3.2641
0.11797,0.57735,2.42,3.4753
0.11805,0.74188,2.4603,3.6789
0.11813,0.74412,2.4503,3.871
0.1182,0.77479,2.4401,4.0483
0.11828,0.76058,2.4023,4.2112
0.11836,0.71383,2.3859,4.3574
0.11844,0.64391,2.3603,4.4894
0.11852,0.58595,2.326,4.6072
0.11859,0.50854,2.3116,4.7131
0.11867,0.44909,2.2828,4.8079
0.11875,0.47564,2.2412,4.8892
0.11883,0.45507,2.1896,4.9568
0.11891,0.49471,2.1462,5.0119
0.11898,0.53883,2.0988,5.0544
0.11906,0.53173,2.0405,5.0847
0.11914,0.51079,1.9898,5.1028
0.11922,0.39487,1.9308,5.1083
0.1193,0.22435,1.865,5.1021
0.11937,0.027658,1.8089,5.0855
0.11945,-0.15969,1.7523,5.0597
0.11953,-0.34217,1.6808,5.0246
0.11961,-0.48725,1.6145,4.9797
0.11969,-0.54933,1.5482,4.9263
0.11977,-0.60841,1.4676,4.8621
0.11984,-0.64506,1.4142,4.7897
0.11992,-0.63384,1.3486,4.7133
0.12,-0.63272,1.2509,4.6263
0.12008,-0.67422,1.187,4.5297
0.12016,-0.68208,1.1226,4.4306
0.12023,-0.69292,1.032,4.3238
0.12031,-0.7434,0.9468,4.2077
0.12039,-0.7707,0.87505,4.0863
0.12047,-0.78341,0.79975,3.9596
0.12055,-0.77033,0.70799,3.8265
0.12062,-0.80099,0.62224,3.6871
0.1207,-0.7707,0.53679,3.5426
0.12078,-0.70115,0.45474,3.3934
0.12086,-0.72545,0.38709,3.241
0.12094,-0.70601,0.29183,3.0846
0.12102,-0.6989,0.17883,2.9194
0.12109,-0.6817,0.073988,2.7464
0.12117,-0.64207,-0.047728,2.5646
0.12125,-0.59794,-0.13997,2.3771
0.12133,-0.49548,-0.24912,2.1862
0.12141,-0.41135,-0.3325,1.9903
0.12148,-0.27448,-0.4304,1.7948
0.12156,-0.16866,-0.55547,1.5912
0.12164,-0.087141,-0.62887,1.3885
0.12172,0.014944,-0.78969,1.1805
0.1218,0.049346,-0.83298,0.97139
0.12187,0.080383,-1.0014,0.76248
0.12195,0.062808,-1.0505,0.54355
0.12203,0.057947,-1.1769,0.33813
0.12211,0.054956,-1.3591,0.10183
0.12219,0.049346,-0.41361,-0.039939
0.12227,0.11815,0.048734,-0.022269
0.12234,0.13311,-0.1782,-0.020241
0.12242,0.18396,-0.033028,-0.024362
0.1225,0.23295,-0.091302,-0.019728
0.12258,0.20229,-0.055593,-0.02432
0.12266,0.21911,-0.052519,-0.020594
0.12273,0.21762,-0.074447,-0.023769
0.12281,0.20528,-0.037782,-0.022195
0.12289,0.17536,-0.06711,-0.023196
0.12297,0.12189,-0.040147,-0.023758
0.12305,0.096463,-0.051278,-0.023214
0.12312,0.026162,-0.045208,-0.024362
0.1232,-0.0059964,-0.044725,-0.024009
0.12328,-0.0067443,-0.045853,-0.025093
0.12336,-0.032546,-0.036612,-0.024931
0.12344,-0.035538,-0.039551,-0.025513
0.12352,-0.069566,-0.033736,-0.025865
0.12359,-0.080036,-0.035232,-0.026007
0.12367,-0.064331,-0.036934,-0.026982
0.12375,-0.038529,-0.037302,-0.028118
0.12383,0.0127,-0.035671,-0.029284
0.12391,0.044111,-0.03849,-0.030038
0.12398,0.096837,-0.033317,-0.030829
0.12406,0.10992,-0.028908,-0.031088
0.12414,0.089358,-0.034441,-0.032047
0.12422,0.088984,-0.024739,-0.032077
0.1243,0.068043,-0.033703,-0.032853
0.12437,0.062434,-0.021383,-0.033502
0.12445,0.03738,-0.033624,-0.032973
0.12453,0.016066,-0.023603,-0.034878
0.12461,0.01457,-0.020619,-0.033277
0.12469,-0.016841,-0.044856,-0.036134
0.12477,-0.0056225,-0.0016861,-0.034417
0.12484,0.023545,-0.059207,-0.03568
0.12492,0.064304,0.0091485,-0.036426
0.125,0.073652,-0.061936,-0.033663
0.12508,0.059817,-0.0038231,-0.040146
0.12516,0.078888,-0.017102,-0.030443
0.12523,0.034015,-0.090778,-0.045297
0.12531,0.084123,0.1759,-0.021853
0.12539,0.037006,-1.4235,-0.10239
0.12547,0.060939,-2.7254,-0.47139
0.12555,0.23183,-2.2014,-0.84885
0.12562,0.095341,-2.3265,-1.1744
0.1257,0.33504,-2.3591,-1.5167
0.12578,0.51228,-2.3027,-1.8234
0.12586,0.42852,-2.3495,-2.1194
0.12594,0.76993,-2.296,-2.39
0.12602,0.63493,-2.3924,-2.6512
0.12609,0.50443,-2.3682,-2.9018
0.12617,0.68766,-2.3973,-3.1347
0.12625,0.54743,-2.3995,-3.357
0.12633,0.64054,-2.4171,-3.5645
0.12641,0.72318,-2.4429,-3.765
0.12648,0.70449,-2.425,-3.9521
0.12656,0.76581,-2.4156,-4.1249
0.12664,0.70187,-2.3821,-4.2822
0.12672,0.62895,-2.3636,-4.4242
0.1268,0.52574,-2.3281,-4.552
0.12688,0.48349,-2.2991,-4.6658
0.12695,0.41805,-2.2836,-4.7684
0.12703,0.37692,-2.2497,-4.8586
0.12711,0.40459,-2.2081,-4.9351
0.12719,0.38626,-2.1668,-4.9989
0.12727,0.45582,-2.1261,-5.0508
0.12734,0.49059,-2.0732,-5.0904
0.12742,0.46853,-2.0128,-5.1171
0.1275,0.43899,-1.9548,-5.1308
0.12758,0.31746,-1.8938,-5.1321
0.12766,0.1462,-1.8332,-5.1227
0.12773,-0.036285,-1.78,-5.1035
0.12781,-0.21503,-1.7208,-5.0754
0.12789,-0.37993,-1.6598,-5.0384
0.12797,-0.48725,-1.5969,-4.9929
0.12805,-0.52689,-1.5135,-4.9369
0.12812,-0.55494,-1.4591,-4.871
0.1282,-0.57289,-1.4026,-4.8009
0.12828,-0.57289,-1.3004,-4.7212
0.12836,-0.59682,-1.2349,-4.6307
0.12844,-0.60056,-1.1806,-4.5371
0.12852,-0.59458,-1.0895,-4.4365
0.12859,-0.64992,-1.0056,-4.3259
0.12867,-0.67497,-0.93195,-4.2093
0.12875,-0.69404,-0.85273,-4.0871
0.12883,-0.72471,-0.76929,-3.9587
0.12891,-0.71723,-0.67684,-3.8233
0.12898,-0.69629,-0.59153,-3.6811
0.12906,-0.65702,-0.51754,-3.5338
0.12914,-0.66301,-0.43431,-3.3825
0.12922,-0.65254,-0.35469,-3.2281
0.1293,-0.62374,-0.25002,-3.0681
0.12938,-0.64281,-0.13863,-2.8991
0.12945,-0.60953,-0.026482,-2.7223
0.12953,-0.56354,0.084972,-2.5363
0.12961,-0.49062,0.16775,-2.3469
0.12969,-0.41135,0.27889,-2.1533
0.12977,-0.31898,0.35728,-1.9566
0.12984,-0.16791,0.48419,-1.7571
0.12992,-0.082654,0.57021,-1.5514
0.13,0.003726,0.68262,-1.3483
0.13008,0.054208,0.80813,-1.1364
0.13016,0.087488,0.8559,-0.92972
0.13023,0.12451,1.0495,-0.7132
0.13031,0.06393,1.0329,-0.49965
0.13039,0.073652,1.3266,-0.28346
0.13047,0.050468,1.0994,-0.055206
0.13055,0.050468,0.053998,0.01418
0.13062,0.1447,0.030986,-0.013699
0.1307,0.14395,0.11882,-0.0032687
0.13078,0.19855,0.0066329,-0.007584
0.13086,0.2337,0.085197,-0.0058107
0.13094,0.22285,0.0075589,-0.0051171
0.13102,0.23295,0.048149,-0.006703
0.13109,0.21351,0.025374,-0.0034562
0.13117,0.21911,0.020624,-0.0056757
0.13125,0.19518,0.027515,-0.0036249
0.13133,0.16153,0.014525,-0.0041648
0.13141,0.1103,0.028325,-0.0033325
0.13148,0.05159,0.012418,-0.0030063
0.13156,0.04112,0.022817,-0.0027588
0.13164,0.022797,0.014641,-0.002009
0.13172,0.0014823,0.014854,-0.0020952
0.1318,0.00036053,0.016407,-0.0013229
0.13188,-0.0030049,0.0077689,-0.00094423
0.13195,-0.017962,0.010146,-0.0004156
0.13203,-0.0074922,0.015679,0.00059667
0.13211,0.023545,0.017048,0.0019689
0.13219,0.053086,0.0095421,0.0027899
0.13227,0.083001,0.0075702,0.0039897
0.13234,0.11591,0.010498,0.0043608
0.13242,0.13498,0.010547,0.0049532
0.1325,0.11105,-0.0025859,0.0055118
0.13258,0.092723,0.012916,0.0054931
0.13266,0.083749,0.0086274,0.0068803
0.13273,0.071409,0.0027902,0.0061079
0.13281,0.049346,0.014772,0.00802
0.13289,0.019431,-0.010335,0.0070452
0.13297,0.0067175,0.030229,0.0080575
0.13305,-0.0018831,-0.016379,0.0090248
0.13312,0.0063435,0.02278,0.0073114
0.1332,0.03065,-0.0032795,0.011151
0.13328,0.057573,-0.004929,0.0060817
0.13336,0.047851,0.037454,0.013363
0.13344,0.075522,-0.073109,0.005688
0.13352,0.068043,0.13555,0.013595
0.13359,0.061312,-0.22654,0.0080013
0.13367,0.090854,0.71228,0.017119
0.13375,0.059069,2.6513,0.30548
0.13383,0.24379,2.4656,0.7095
0.13391,0.25314,2.2479,1.0407
0.13398,0.22136,2.3886,1.384
0.13406,0.44684,2.2847,1.7009
0.13414,0.32643,2.3648,2.003
0.13422,0.4102,2.2771,2.285
0.1343,0.55267,2.3673,2.5482
0.13438,0.37692,2.3802,2.8076
0.13445,0.53734,2.3738,3.0477
0.13453,0.59081,2.3936,3.2765
0.13461,0.54556,2.3913,3.4895
0.13469,0.68878,2.4279,3.6946
0.13477,0.70748,2.4079,3.8888
0.13484,0.73104,2.4114,4.0686
0.13492,0.70673,2.382,4.2346
0.135,0.63381,2.3492,4.3839
0.13508,0.5781,2.3252,4.519
0.13516,0.52163,2.2948,4.6395
0.13523,0.47227,2.2793,4.7481
0.13531,0.4102,2.2462,4.8455
0.13539,0.39524,2.2073,4.9296
0.13547,0.38963,2.1634,5.0008
0.13555,0.41992,2.1149,5.0593
0.13562,0.45021,2.0727,5.105
0.1357,0.47751,2.01,5.1384
0.13578,0.46666,1.9489,5.1595
0.13586,0.34999,1.8972,5.1677
0.13594,0.19967,1.8259,5.1641
0.13602,-0.0011352,1.7686,5.15
0.13609,-0.16492,1.7149,5.1262
0.13617,-0.33207,1.6474,5.0932
0.13625,-0.48576,1.5914,5.051
0.13633,-0.51193,1.5215,4.9997
0.13641,-0.55942,1.4385,4.9377
0.13648,-0.5942,1.3831,4.8667
0.13656,-0.57289,1.3245,4.7919
0.13664,-0.57289,1.23,4.7077
0.13672,-0.58784,1.1577,4.6126
0.1368,-0.58672,1.1054,4.5144
0.13687,-0.6114,1.013,4.4098
0.13695,-0.65515,0.91781,4.2956
0.13703,-0.67422,0.85062,4.1754
0.13711,-0.70601,0.77775,4.05
0.13719,-0.70414,0.69297,3.9185
0.13727,-0.67909,0.6073,3.7804
0.13734,-0.65665,0.52801,3.6364
0.13742,-0.63571,0.45227,3.4876
0.1375,-0.62187,0.37438,3.3351
0.13758,-0.59869,0.28713,3.1794
0.13766,-0.60841,0.17471,3.0159
0.13773,-0.59084,0.070636,2.8431
0.13781,-0.55307,-0.041178,2.6629
0.13789,-0.51941,-0.14392,2.4746
0.13797,-0.42817,-0.23303,2.2839
0.13805,-0.35413,-0.32964,2.0886
0.13812,-0.25541,-0.40413,1.8922
0.1382,-0.14211,-0.5385,1.6908
0.13828,-0.074427,-0.61044,1.4849
0.13836,0.0022302,-0.75018,1.2797
0.13844,0.038128,-0.84543,1.0662
0.13852,0.059817,-0.93073,0.85914
0.13859,0.02504,-1.0872,0.63882
0.13867,-0.011979,-1.0703,0.42887
0.13875,0.011953,-1.4019,0.20398
0.13883,-0.014223,-0.90054,-0.0049896
0.13891,0.035511,0.025494,-0.037255
0.13898,0.09908,-0.12113,-0.015052
0.13906,0.14582,-0.099209,-0.026592
0.13914,0.20266,-0.044125,-0.019446
0.13922,0.18471,-0.095663,-0.023702
0.1393,0.215,-0.031123,-0.021955
0.13937,0.22248,-0.083178,-0.022123
0.13945,0.19705,-0.040162,-0.023589
0.13953,0.19593,-0.055496,-0.022045
0.13961,0.14433,-0.047263,-0.024253
0.13969,0.09048,-0.042393,-0.023091
0.13977,0.059443,-0.048534,-0.024399
0.13984,0.039624,-0.034779,-0.024452
0.13992,0.0082132,-0.046678,-0.024785
0.14,-0.0037528,-0.037939,-0.025123
0.14008,0.003352,-0.037122,-0.02525
0.14016,-0.031424,-0.033946,-0.025872
0.14023,-0.035538,-0.047758,-0.026079
0.14031,-0.00824,-0.046629,-0.027016
0.14039,0.021301,-0.037201,-0.028223
0.14047,0.055329,-0.039971,-0.029344
0.14055,0.071409,-0.035378,-0.030105
0.14063,0.11105,-0.036931,-0.030983
0.1407,0.15592,-0.034486,-0.03117
0.14078,0.14246,-0.031146,-0.03219
0.14086,0.099828,-0.02466,-0.032272
0.14094,0.085618,-0.03542,-0.032872
0.14102,0.072905,-0.021998,-0.033562
0.14109,0.040746,-0.034914,-0.033206
0.14117,0.025788,-0.02968,-0.035133
0.14125,0.010831,-0.023715,-0.033457
0.14133,-0.023572,-0.039045,-0.035954
0.14141,-0.013475,-0.0022935,-0.034166
0.14148,-0.01011,-0.062686,-0.035815
0.14156,0.009709,0.013861,-0.036569
0.14164,0.031771,-0.060591,-0.033839
0.14172,0.032145,-0.0057688,-0.040194
0.1418,0.073652,-0.01564,-0.030443
0.14188,0.025414,-0.092693,-0.045571
0.14195,0.052712,0.1743,-0.022116
0.14203,0.0055957,-1.4145,-0.10171
0.14211,0.020179,-2.7267,-0.47013
0.14219,0.19967,-2.2055,-0.84986
0.14227,0.056825,-2.3099,-1.177
0.14234,0.25539,-2.3483,-1.5198
0.14242,0.45769,-2.2947,-1.8283
0.1425,0.40047,-2.3355,-2.1259
0.14258,0.7157,-2.2824,-2.3983
0.14266,0.61212,-2.3753,-2.6611
0.14273,0.51714,-2.3544,-2.9138
0.14281,0.67943,-2.3787,-3.1496
0.14289,0.54369,-2.3746,-3.3736
0.14297,0.63793,-2.3922,-3.5829
0.14305,0.71309,-2.4176,-3.7856
0.14313,0.68766,-2.4025,-3.9751
0.1432,0.71982,-2.3936,-4.1512
0.14328,0.65064,-2.3558,-4.3116
0.14336,0.60315,-2.3335,-4.4563
0.14344,0.53135,-2.3022,-4.5871
0.14352,0.47638,-2.2741,-4.7038
0.14359,0.4188,-2.2527,-4.8089
0.14367,0.38402,-2.2194,-4.9021
0.14375,0.38589,-2.1785,-4.9823
0.14383,0.37804,-2.135,-5.0492
0.14391,0.4274,-2.0927,-5.1039
0.14398,0.48162,-2.039,-5.1461
0.14406,0.4891,-1.9821,-5.1753
0.14414,0.44348,-1.9223,-5.1921
0.14422,0.32793,-1.8608,-5.1966
0.1443,0.15068,-1.8035,-5.1898
0.14438,-0.013849,-1.7446,-5.1729
0.14445,-0.16529,-1.6892,-5.1467
0.14453,-0.32048,-1.6305,-5.1119
0.14461,-0.43116,-1.57,-5.0684
0.14469,-0.47641,-1.4901,-5.0147
0.14477,-0.5052,-1.4159,-4.9499
0.14484,-0.54783,-1.3755,-4.8804
0.14492,-0.53923,-1.2884,-4.8043
0.145,-0.53699,-1.1978,-4.7155
0.14508,-0.54708,-1.1559,-4.6216
0.14516,-0.55756,-1.0789,-4.5233
0.14523,-0.60018,-0.98271,-4.4151
0.14531,-0.61589,-0.90824,-4.2993
0.14539,-0.65478,-0.83707,-4.1776
0.14547,-0.65291,-0.7553,-4.0506
0.14555,-0.6372,-0.66413,-3.9166
0.14563,-0.63571,-0.58023,-3.7757
0.1457,-0.5856,-0.50458,-3.6295
0.14578,-0.5942,-0.42647,-3.4785
0.14586,-0.59196,-0.34853,-3.3243
0.14594,-0.58859,-0.2547,-3.1654
0.14602,-0.59084,-0.1498,-2.9976
0.14609,-0.54409,-0.04754,-2.8215
0.14617,-0.51941,0.07906,-2.637
0.14625,-0.45024,0.16532,-2.4468
0.14633,-0.35974,0.26497,-2.2538
0.14641,-0.25803,0.35651,-2.0557
0.14648,-0.14435,0.44906,-1.8571
0.14656,-0.063209,0.56393,-1.6512
0.14664,0.027284,0.63471,-1.4463
0.14672,0.060565,0.79927,-1.2359
0.1468,0.077018,0.83915,-1.0236
0.14688,0.10768,1.0052,-0.81259
0.14695,0.065052,1.065,-0.58984
0.14703,0.048972,1.1682,-0.3814
0.14711,0.040746,1.3801,-0.14221
0.14719,0.024293,0.44656,0.0099921
0.14727,0.084871,-0.07619,-0.0049109
0.14734,0.12862,0.15717,-0.0088812
0.14742,0.18359,0.017411,-0.003145
0.1475,0.20752,0.071307,-0.0084501
0.14758,0.1978,0.039804,-0.0032575
0.14766,0.2322,0.028422,-0.0070179
0.14773,0.21201,0.046072,-0.0038048
0.14781,0.21201,0.0071128,-0.0050346
0.14789,0.1963,0.038739,-0.0043897
0.14797,0.12713,0.010982,-0.0034674
0.14805,0.10805,0.027972,-0.0039173
0.14813,0.072531,0.018045,-0.0025076
0.1482,0.052712,0.017775,-0.0030288
0.14828,0.04972,0.021783,-0.001949
0.14836,0.02691,0.010933,-0.0019828
0.14844,0.028032,0.01716,-0.0015891
0.14852,0.01831,0.0060106,-0.00089174
0.14859,-0.002257,0.012864,-0.00059931
0.14867,-0.011605,0.018334,0.00061917
0.14875,0.031771,0.01193,0.0019764
0.14883,0.091975,0.013276,0.0027974
0.14891,0.10319,0.011398,0.0037535
0.14898,0.13872,0.0060106,0.0043271
0.14906,0.15928,0.014453,0.0050544
0.14914,0.13423,0.0087211,0.0057593
0.14922,0.13086,0.0044735,0.0057968
0.1493,0.11067,0.00087818,0.0072739
0.14938,0.080757,0.00092692,0.0064604
0.14945,0.057199,0.014727,0.0079638
0.14953,0.029902,-0.010688,0.0076826
0.14961,0.0059696,0.027462,0.0080163
0.14969,-0.00038735,-0.015269,0.0095647
0.14977,-0.0011352,0.017959,0.0072177
0.14984,-0.0093619,0.012155,0.011852
0.14992,0.048599,-0.020461,0.0066966
0.15,0.050842,0.058485,0.012789
0.15008,0.047477,-0.088135,0.0077276
0.15016,0.069539,0.12703,0.011139
0.15023,0.048225,-0.18036,0.012808
0.15031,0.060565,0.4566,0.0040497
0.15039,0.009335,2.51,0.25399
0.15047,0.17237,2.5487,0.66354
0.15055,0.24604,2.2041,0.9987
0.15063,0.18621,2.391,1.3403
0.1507,0.40945,2.2666,1.6644
0.15078,0.33055,2.3371,1.9678
0.15086,0.33915,2.2614,2.2548
0.15094,0.51116,2.3307,2.5197
0.15102,0.36495,2.3591,2.7813
0.15109,0.48237,2.3435,3.0246
0.15117,0.57548,2.3706,3.2566
0.15125,0.54033,2.3554,3.473
0.15133,0.66784,2.4017,3.6797
0.15141,0.67681,2.3875,3.8772
0.15148,0.71084,2.3845,4.0608
0.15156,0.70112,2.356,4.2309
0.15164,0.63232,2.3212,4.3844
0.15172,0.59829,2.2958,4.5235
0.1518,0.51789,2.2579,4.6478
0.15187,0.44535,2.2359,4.7595
0.15195,0.37879,2.1947,4.8602
0.15203,0.38552,2.1697,4.9481
0.15211,0.38776,2.1246,5.0231
0.15219,0.39935,2.0683,5.0851
0.15227,0.46292,2.0357,5.135
0.15234,0.47751,1.9823,5.1722
0.15242,0.46068,1.9227,5.1967
0.1525,0.38477,1.8567,5.2087
0.15258,0.24155,1.798,5.2082
0.15266,0.052338,1.7434,5.1971
0.15273,-0.11219,1.6834,5.1763
0.15281,-0.25766,1.6236,5.1465
0.15289,-0.4177,1.5597,5.1066
0.15297,-0.47454,1.494,5.0582
0.15305,-0.51343,1.4046,5
0.15313,-0.55942,1.3417,4.9309
0.1532,-0.53175,1.3002,4.8576
0.15328,-0.53175,1.2029,4.7768
0.15336,-0.54372,1.1233,4.6838
0.15344,-0.53437,1.0824,4.5867
0.15352,-0.56503,0.99812,4.4848
0.15359,-0.61065,0.9067,4.3733
0.15367,-0.64057,0.84016,4.2543
0.15375,-0.64954,0.76662,4.1301
0.15383,-0.6402,0.68375,4.0004
0.15391,-0.64655,0.59865,3.8636
0.15398,-0.61402,0.51265,3.7202
0.15406,-0.57139,0.4373,3.5725
0.15414,-0.58448,0.36752,3.4212
0.15422,-0.57663,0.29068,3.266
0.1543,-0.57775,0.18876,3.1045
0.15438,-0.58186,0.077534,2.9337
0.15445,-0.55419,-0.027506,2.7551
0.15453,-0.52054,-0.13789,2.5679
0.15461,-0.44724,-0.21821,2.3765
0.15469,-0.37021,-0.32302,2.1821
0.15477,-0.24868,-0.40078,1.984
0.15484,-0.11818,-0.51186,1.7841
0.15492,-0.035911,-0.61249,1.5766
0.155,0.032145,-0.70174,1.3719
0.15508,0.061312,-0.85,1.1588
0.15516,0.087488,-0.88612,0.94802
0.15523,0.041868,-1.0737,0.73234
0.15531,0.0022302,-1.0691,0.51255
0.15539,0.0078393,-1.2838,0.30025
0.15547,-0.037033,-1.2791,0.062184
0.15555,0.019805,-0.22747,-0.043895
0.15563,0.07627,-0.0019111,-0.017347
0.1557,0.10432,-0.17067,-0.022873
0.15578,0.17013,-0.025219,-0.022018
0.15586,0.17499,-0.10925,-0.020894
0.15594,0.20603,-0.046712,-0.023709
0.15602,0.20939,-0.06648,-0.02023
0.15609,0.18883,-0.061337,-0.023968
0.15617,0.17686,-0.04507,-0.021831
0.15625,0.12563,-0.059485,-0.023432
0.15633,0.098706,-0.038344,-0.023312
0.15641,0.069165,-0.05433,-0.023563
0.15648,0.042242,-0.039289,-0.024114
0.15656,0.028032,-0.049613,-0.023923
0.15664,0.022797,-0.037628,-0.025093
0.15672,0.014944,-0.035911,-0.024669
0.1568,-0.010858,-0.040766,-0.025411
0.15687,-0.00824,-0.032747,-0.0257
0.15695,-0.010858,-0.041471,-0.026225
0.15703,-0.0052485,-0.038869,-0.027552
0.15711,0.029902,-0.035543,-0.028504
0.15719,0.069913,-0.037789,-0.029644
0.15727,0.10918,-0.034205,-0.030623
0.15734,0.13012,-0.032226,-0.030859
0.15742,0.14994,-0.035461,-0.03189
0.1575,0.13573,-0.02658,-0.032085
0.15758,0.11927,-0.039592,-0.03249
0.15766,0.11441,-0.024165,-0.033472
0.15773,0.071409,-0.030681,-0.032748
0.15781,0.04112,-0.033223,-0.034702
0.15789,0.022797,-0.015842,-0.033266
0.15797,-0.016467,-0.045688,-0.035305
0.15805,-0.011605,5.3397e-05,-0.034503
0.15813,0.0089611,-0.056583,-0.03478
0.1582,0.019805,0.0023815,-0.03706
0.15828,0.045607,-0.046296,-0.032966
0.15836,0.064678,-0.031033,-0.040348
0.15844,0.10506,0.020328,-0.030476
0.15852,0.065052,-0.12823,-0.04358
0.15859,0.081879,0.21176,-0.026607
0.15867,0.027284,-1.1187,-0.072977
0.15875,-0.0089879,-2.6994,-0.41329
0.15883,0.18883,-2.2684,-0.80652
0.15891,0.058321,-2.2669,-1.1337
0.15898,0.2079,-2.3578,-1.4779
0.15906,0.48349,-2.2661,-1.7911
0.15914,0.38253,-2.3204,-2.0911
0.15922,0.67121,-2.2554,-2.3675
0.1593,0.64279,-2.3499,-2.6312
0.15937,0.47526,-2.3371,-2.8877
0.15945,0.66074,-2.3521,-3.1266
0.15953,0.53472,-2.3527,-3.354
0.15961,0.56725,-2.359,-3.5655
0.15969,0.68392,-2.3902,-3.7706
0.15977,0.67831,-2.3725,-3.9636
0.15984,0.7258,-2.3663,-4.1429
0.15992,0.63493,-2.3306,-4.3074
0.16,0.59118,-2.307,-4.4556
0.16008,0.5321,-2.2737,-4.5906
0.16016,0.4547,-2.2423,-4.7105
0.16023,0.41655,-2.2294,-4.8194
0.16031,0.35598,-2.1904,-4.9171
0.16039,0.36196,-2.1473,-5.0003
0.16047,0.37766,-2.1078,-5.0712
0.16055,0.39412,-2.0573,-5.1295
0.16063,0.43151,-2.0113,-5.1746
0.1607,0.46666,-1.9554,-5.2075
0.16078,0.44086,-1.8931,-5.2283
0.16086,0.31896,-1.8379,-5.2364
0.16094,0.172,-1.7767,-5.2327
0.16102,0.0082132,-1.721,-5.2191
0.16109,-0.15632,-1.6663,-5.1961
0.16117,-0.29879,-1.5996,-5.1636
0.16125,-0.40835,-1.5409,-5.122
0.16133,-0.44313,-1.4687,-5.072
0.16141,-0.46931,-1.3895,-5.0101
0.16148,-0.50633,-1.3482,-4.9414
0.16156,-0.50371,-1.2744,-4.8678
0.16164,-0.50745,-1.1837,-4.782
0.16172,-0.50184,-1.1345,-4.6902
0.1618,-0.51567,-1.0578,-4.5937
0.16187,-0.55606,-0.96858,-4.4873
0.16195,-0.56728,-0.89589,-4.3733
0.16203,-0.61028,-0.81902,-4.2531
0.16211,-0.60766,-0.74244,-4.1271
0.16219,-0.60056,-0.6614,-3.9945
0.16227,-0.60542,-0.57689,-3.8552
0.16234,-0.55195,-0.49303,-3.7099
0.16242,-0.56728,-0.41735,-3.5596
0.1625,-0.56952,-0.3446,-3.4057
0.16258,-0.56017,-0.25886,-3.2476
0.16266,-0.56167,-0.14573,-3.0817
0.16273,-0.51455,-0.038306,-2.9068
0.16281,-0.48838,0.068357,-2.7244
0.16289,-0.42032,0.16152,-2.5343
0.16297,-0.35451,0.25033,-2.3423
0.16305,-0.28458,0.35798,-2.1446
0.16312,-0.15482,0.42716,-1.9449
0.1632,-0.058348,0.55268,-1.7409
0.16328,0.025414,0.6331,-1.5329
0.16336,0.084123,0.76731,-1.3251
0.16344,0.10619,0.85626,-1.109
0.16352,0.12825,0.93593,-0.89987
0.16359,0.084497,1.0918,-0.67679
0.16367,0.04972,1.0766,-0.46409
0.16375,0.06206,1.3981,-0.23719
0.16383,0.020927,0.89643,-0.024616
0.16391,0.051964,-0.044395,0.0094972
0.16398,0.12638,0.097854,-0.013635
0.16406,0.17088,0.08447,-0.0017616
0.16414,0.21724,0.019211,-0.0084576
0.16422,0.21351,0.075783,-0.0041498
0.1643,0.21201,0.0097258,-0.0056982
0.16437,0.21612,0.054658,-0.0053982
0.16445,0.22547,0.015548,-0.0036886
0.16453,0.215,0.0284,-0.0051395
0.16461,0.16153,0.027755,-0.0027888
0.16469,0.12862,0.019353,-0.0038011
0.16477,0.10245,0.019027,-0.0026576
0.16484,0.073278,0.015623,-0.0029125
0.16492,0.048972,0.019271,-0.0021927
0.165,0.045607,0.0049571,-0.0015816
0.16508,0.047103,0.016568,-0.0016828
0.16516,0.0082132,0.012519,-0.00092174
0.16523,-0.019832,0.011664,-0.0006218
0.16531,-0.00824,0.012984,0.00016177
0.16539,0.023545,0.009917,0.0011441
0.16547,0.05346,0.010821,0.002505
0.16555,0.081879,0.0088748,0.0033186
0.16562,0.12264,0.013707,0.0043833
0.1657,0.14807,0.0086461,0.0047807
0.16578,0.14994,0.012076,0.0050469
0.16586,0.14171,0.0056619,0.0062017
0.16594,0.13273,0.006123,0.0059842
0.16602,0.11179,0.010821,0.0072664
0.16609,0.091601,0.00049578,0.0067378
0.16617,0.05346,0.022124,0.0079675
0.16625,0.003726,-0.010185,0.008095
0.16633,-0.017589,0.019979,0.0077801
0.16641,-0.00824,-0.0041567,0.010225
0.16648,0.021301,0.0048296,0.0072289
0.16656,0.039998,0.022218,0.01166
0.16664,0.078514,-0.029196,0.0073264
0.16672,0.065052,0.055681,0.011867
0.1668,0.081131,-0.078796,0.009306
0.16687,0.085245,0.11413,0.0091973
0.16695,0.031397,-0.14435,0.01556
0.16703,0.08861,0.28443,-0.0019153
0.16711,0.034389,2.3598,0.21717
0.16719,0.14395,2.5838,0.62548
0.16727,0.23594,2.1481,0.96084
0.16734,0.14171,2.3807,1.2975
0.16742,0.36009,2.2379,1.6251
0.1675,0.32494,2.2961,1.9258
0.16758,0.30138,2.2442,2.2127
0.16766,0.46554,2.2648,2.4766
0.16773,0.32905,2.312,2.7367
0.16781,0.42852,2.2729,2.9769
0.16789,0.50144,2.316,3.2065
0.16797,0.45769,2.3141,3.4236
0.16805,0.59492,2.3378,3.6295
0.16812,0.63456,2.321,3.8254
0.1682,0.68579,2.2949,4.0049
0.16828,0.66934,2.2683,4.1704
0.16836,0.58969,2.2359,4.3199
0.16844,0.52799,2.211,4.455
0.16852,0.44684,2.1829,4.5764
0.16859,0.39823,2.1566,4.6863
0.16867,0.33317,2.1184,4.7842
0.16875,0.31148,2.0722,4.8683
0.16883,0.30362,2.024,4.9396
0.16891,0.33616,1.9821,4.9981
0.16898,0.38664,1.9305,5.044
0.16906,0.4016,1.8732,5.0774
0.16914,0.4102,1.8125,5.0982
0.16922,0.32531,1.7441,5.1058
0.1693,0.2064,1.6939,5.1021
0.16937,0.045233,1.6368,5.0889
0.16945,-0.13501,1.5734,5.0656
0.16953,-0.26401,1.5102,5.0332
0.16961,-0.39527,1.441,4.9911
0.16969,-0.43677,1.3775,4.94
0.16977,-0.46781,1.3002,4.8784
0.16984,-0.51642,1.249,4.8075
0.16992,-0.49174,1.1788,4.7321
0.17,-0.48314,1.0889,4.6466
0.17008,-0.48763,1.0419,4.5531
0.17016,-0.49324,0.968,4.456
0.17023,-0.51119,0.88515,4.3499
0.17031,-0.53549,0.80385,4.2356
0.17039,-0.57214,0.73292,4.1154
0.17047,-0.59345,0.66682,3.9898
0.17055,-0.5957,0.57101,3.8573
0.17062,-0.59794,0.49392,3.7171
0.1707,-0.56541,0.42183,3.5725
0.17078,-0.52801,0.34594,3.4241
0.17086,-0.534,0.27297,3.2715
0.17094,-0.51829,0.17371,3.1138
0.17102,-0.50408,0.068649,2.9467
0.17109,-0.49623,-0.031824,2.7713
0.17117,-0.47192,-0.14653,2.5873
0.17125,-0.45136,-0.22521,2.3979
0.17133,-0.3818,-0.32497,2.206
0.17141,-0.30216,-0.40404,2.0093
0.17148,-0.21091,-0.50029,1.8118
0.17156,-0.10883,-0.61227,1.6068
0.17164,-0.031424,-0.68296,1.403
0.17172,0.050468,-0.84532,1.1926
0.1718,0.089732,-0.88057,0.98145
0.17188,0.10843,-1.0467,0.76956
0.17195,0.081131,-1.0805,0.54811
0.17203,0.050468,-1.2154,0.33976
0.17211,0.027658,-1.3648,0.1002
0.17219,0.015692,-0.38207,-0.037514
0.17227,0.068791,0.04599,-0.017414
0.17234,0.063556,-0.17579,-0.016938
0.17242,0.13161,-0.029125,-0.02029
0.1725,0.16639,-0.093095,-0.015993
0.17258,0.15143,-0.054817,-0.020571
0.17266,0.22585,-0.057486,-0.016683
0.17273,0.1978,-0.065622,-0.02008
0.17281,0.19855,-0.032282,-0.018348
0.17289,0.20304,-0.05974,-0.019311
0.17297,0.15068,-0.031997,-0.019964
0.17305,0.12638,-0.048777,-0.019795
0.17313,0.079635,-0.036631,-0.020684
0.1732,0.053086,-0.038426,-0.020305
0.17328,0.015692,-0.039206,-0.021617
0.17336,-0.002631,-0.031105,-0.021126
0.17344,0.0067175,-0.037515,-0.021625
0.17352,-0.037407,-0.029999,-0.021981
0.17359,-0.048251,-0.032795,-0.022269
0.17367,-0.024319,-0.033328,-0.023139
0.17375,-0.011979,-0.036608,-0.024058
0.17383,0.031397,-0.037523,-0.025662
0.17391,0.067669,-0.030171,-0.025955
0.17398,0.10805,-0.032121,-0.026843
0.17406,0.12638,-0.032443,-0.027507
0.17414,0.10245,-0.031,-0.027949
0.17422,0.10469,-0.020023,-0.028647
0.1743,0.099454,-0.031315,-0.028834
0.17438,0.1017,-0.023423,-0.029734
0.17445,0.085618,-0.025016,-0.029074
0.17453,0.039998,-0.032634,-0.03099
0.17461,0.019805,-0.013316,-0.029768
0.17469,-0.0056225,-0.048335,-0.031342
0.17477,0.0089611,0.0023515,-0.031455
0.17484,0.016066,-0.047518,-0.03063
0.17492,0.032519,-0.0046441,-0.033813
0.175,0.057573,-0.024923,-0.028928
0.17508,0.0022302,-0.042839,-0.036535
0.17516,0.042989,0.038683,-0.027586
0.17523,0.026536,-0.14511,-0.038065
0.17531,0.044859,0.21552,-0.026813
0.17539,0.051216,-0.91793,-0.05332
0.17547,-0.012353,-2.6541,-0.36986
0.17555,0.18957,-2.2932,-0.76674
0.17563,0.092723,-2.2145,-1.0906
0.1757,0.17836,-2.3522,-1.4344
0.17578,0.46517,-2.2275,-1.7481
0.17586,0.36009,-2.2957,-2.0459
0.17594,0.63381,-2.2209,-2.3231
0.17602,0.63194,-2.3016,-2.5851
0.17609,0.42702,-2.2854,-2.8401
0.17617,0.60464,-2.2901,-3.0756
0.17625,0.49022,-2.3098,-3.3022
0.17633,0.52612,-2.3073,-3.5149
0.17641,0.64279,-2.3314,-3.7189
0.17648,0.60726,-2.3001,-3.9093
0.17656,0.67308,-2.2851,-4.0844
0.17664,0.58969,-2.2483,-4.2446
0.17672,0.51378,-2.2152,-4.3887
0.1768,0.44722,-2.1875,-4.519
0.17688,0.37019,-2.1656,-4.6369
0.17695,0.32494,-2.1409,-4.744
0.17703,0.28343,-2.0949,-4.8373
0.17711,0.28829,-2.05,-4.9169
0.17719,0.26847,-2.0065,-4.9835
0.17727,0.32008,-1.96,-5.0375
0.17734,0.37318,-1.9073,-5.0792
0.17742,0.37841,-1.8492,-5.1079
0.1775,0.36794,-1.7881,-5.1241
0.17758,0.28007,-1.7289,-5.1285
0.17766,0.15255,-1.6717,-5.1217
0.17773,-0.017962,-1.6187,-5.1057
0.17781,-0.19222,-1.5599,-5.0809
0.17789,-0.32347,-1.4956,-5.0459
0.17797,-0.39489,-1.4294,-5.0016
0.17805,-0.4177,-1.3504,-4.9468
0.17813,-0.44313,-1.3013,-4.8832
0.1782,-0.45136,-1.2426,-4.815
0.17828,-0.4536,-1.1444,-4.7358
0.17836,-0.45136,-1.0912,-4.6475
0.17844,-0.445,-1.0354,-4.5562
0.17852,-0.44687,-0.94337,-4.4561
0.17859,-0.4708,-0.86978,-4.3468
0.17867,-0.51231,-0.79642,-4.2313
0.17875,-0.54522,-0.71597,-4.1097
0.17883,-0.54895,-0.63725,-3.9816
0.17891,-0.53886,-0.55493,-3.8466
0.17898,-0.53699,-0.47475,-3.7051
0.17906,-0.48987,-0.39849,-3.5583
0.17914,-0.47305,-0.32534,-3.4075
0.17922,-0.47305,-0.24725,-3.2528
0.1793,-0.4521,-0.13936,-3.0912
0.17938,-0.47865,-0.036008,-2.9198
0.17945,-0.46071,0.071862,-2.7408
0.17953,-0.4349,0.17132,-2.5533
0.17961,-0.37844,0.24706,-2.3628
0.17969,-0.28757,0.3551,-2.168
0.17977,-0.22213,0.42055,-1.9701
0.17984,-0.10434,0.54762,-1.7698
0.17992,-0.010858,0.62465,-1.5627
0.18,0.071409,0.72696,-1.3577
0.18008,0.13236,0.85774,-1.1438
0.18016,0.15293,0.9118,-0.93513
0.18023,0.13386,1.0989,-0.71602
0.18031,0.066174,1.0622,-0.50034
0.18039,0.050094,1.3569,-0.28183
0.18047,0.0029781,1.102,-0.052641
0.18055,0.010083,0.042541,0.014978
0.18063,0.067295,0.045585,-0.013024
0.1807,0.082253,0.11548,-0.0021027
0.18078,0.14881,0.00087443,-0.0067742
0.18086,0.15966,0.085516,-0.0048021
0.18094,0.17462,0.0076339,-0.004176
0.18102,0.20378,0.055258,-0.0059306
0.18109,0.18845,0.024077,-0.0027851
0.18117,0.21238,0.025438,-0.0050533
0.18125,0.16901,0.028831,-0.0027963
0.18133,0.10992,0.011192,-0.0034524
0.18141,0.10319,0.028662,-0.0026763
0.18148,0.061312,0.0088336,-0.0022264
0.18156,0.038876,0.0217,-0.002039
0.18164,0.034763,0.013554,-0.0011579
0.18172,0.031771,0.015413,-0.0013304
0.1818,0.029528,0.015151,-0.00038186
0.18188,0.0044739,0.0079975,-0.00011942
0.18195,-0.026563,0.014315,0.00016177
0.18203,-0.020206,0.014693,0.0012753
0.18211,0.038876,0.016733,0.002445
0.18219,0.044111,0.0098646,0.0034498
0.18227,0.058321,0.013587,0.0044471
0.18234,0.12039,0.0067941,0.0049682
0.18242,0.11179,0.0058494,0.0053806
0.1825,0.12077,0.0052683,0.0062542
0.18258,0.15667,-0.0016674,0.0061454
0.18266,0.1174,0.014517,0.0074389
0.18273,0.10095,-0.0039056,0.0071615
0.18281,0.11441,0.016508,0.0078213
0.18289,0.048972,-0.0027359,0.0089123
0.18297,0.01457,0.014318,0.0078738
0.18305,0.022423,0.0089723,0.010592
0.18313,0.003726,-0.010837,0.0076264
0.1832,0.022049,0.03285,0.011585
0.18328,0.052338,-0.039199,0.0087811
0.18336,0.035511,0.060124,0.010648
0.18344,0.051216,-0.061183,0.012028
0.18352,0.066922,0.070512,0.006869
0.18359,0.029154,-0.057689,0.019417
0.18367,0.061686,0.033899,-0.0069317
0.18375,0.018684,2.0521,0.15643
0.18383,0.1103,2.7069,0.55808
0.18391,0.23669,2.1392,0.90728
0.18398,0.13161,2.3507,1.2389
0.18406,0.31596,2.254,1.5733
0.18414,0.33877,2.2651,1.8766
0.18422,0.25015,2.2562,2.169
0.1843,0.43562,2.2367,2.4359
0.18438,0.33354,2.3004,2.6984
0.18445,0.36944,2.2699,2.9442
0.18453,0.48162,2.2949,3.1761
0.18461,0.42179,2.2869,3.3966
0.18469,0.56688,2.3169,3.6051
0.18477,0.60764,2.3049,3.8049
0.18484,0.59866,2.282,3.9892
0.18492,0.60577,2.2593,4.1594
0.185,0.54294,2.2141,4.3129
0.18508,0.48162,2.1875,4.4516
0.18516,0.38851,2.1565,4.5764
0.18523,0.36645,2.1285,4.6891
0.18531,0.32382,2.0965,4.7913
0.18539,0.29689,2.0572,4.88
0.18547,0.29054,2.0132,4.9548
0.18555,0.29989,1.9675,5.0172
0.18563,0.38028,1.9117,5.0672
0.1857,0.39262,1.8556,5.1039
0.18578,0.39935,1.802,5.1281
0.18586,0.36196,1.7344,5.1395
0.18594,0.22211,1.6755,5.1391
0.18602,0.057199,1.6172,5.1282
0.18609,-0.099855,1.5609,5.1078
0.18617,-0.22774,1.5029,5.0782
0.18625,-0.36647,1.434,5.0388
0.18633,-0.42817,1.3691,4.9904
0.18641,-0.44612,1.2871,4.9307
0.18648,-0.48576,1.2327,4.8623
0.18656,-0.46931,1.1757,4.7896
0.18664,-0.45809,1.0809,4.7059
0.18672,-0.47305,1.025,4.6132
0.1868,-0.46407,0.96486,4.5173
0.18688,-0.46482,0.87579,4.413
0.18695,-0.5067,0.79791,4.3
0.18703,-0.53549,0.7288,4.181
0.18711,-0.54895,0.65817,4.0566
0.18719,-0.5426,0.57468,3.926
0.18727,-0.54708,0.49275,3.788
0.18734,-0.53811,0.41943,3.6446
0.18742,-0.46482,0.34324,3.4969
0.1875,-0.4794,0.26978,3.3449
0.18758,-0.49997,0.18727,3.1886
0.18766,-0.48202,0.078374,3.0238
0.18773,-0.50969,-0.021968,2.8498
0.18781,-0.49885,-0.13313,2.6674
0.18789,-0.47192,-0.2219,2.478
0.18797,-0.4005,-0.30679,2.2866
0.18805,-0.32459,-0.40478,2.0896
0.18813,-0.22999,-0.47857,1.8919
0.1882,-0.1006,-0.60092,1.6885
0.18828,-0.028433,-0.66276,1.4823
0.18836,0.057199,-0.80982,1.2751
0.18844,0.099454,-0.88142,1.0606
0.18852,0.10918,-0.98314,0.85155
0.18859,0.077392,-1.1144,0.62811
0.18867,0.013448,-1.1092,0.41803
0.18875,-0.0097358,-1.4328,0.1867
0.18883,-0.039277,-0.79353,-0.012252
0.18891,0.017188,0.051347,-0.029457
0.18898,0.046729,-0.14455,-0.011142
0.18906,0.07814,-0.077461,-0.022269
0.18914,0.15368,-0.056819,-0.014734
0.18922,0.12563,-0.085435,-0.019724
0.1893,0.15442,-0.031101,-0.017186
0.18938,0.17387,-0.079534,-0.018352
0.18945,0.15891,-0.032331,-0.019094
0.18953,0.17723,-0.056947,-0.017969
0.18961,0.12002,-0.040702,-0.020009
0.18969,0.096463,-0.041564,-0.018981
0.18977,0.084497,-0.046476,-0.020372
0.18984,0.045981,-0.037977,-0.019795
0.18992,0.042989,-0.043698,-0.020507
0.19,0.020927,-0.031423,-0.020999
0.19008,0.0014823,-0.041718,-0.020976
0.19016,-0.012353,-0.035056,-0.021876
0.19023,-0.03292,-0.030119,-0.021917
0.19031,-0.041147,-0.03485,-0.022536
0.19039,-0.025815,-0.038734,-0.023574
0.19047,0.010083,-0.03732,-0.024789
0.19055,0.032519,-0.032683,-0.025711
0.19062,0.056451,-0.034719,-0.026607
0.1907,0.093845,-0.031982,-0.026963
0.19078,0.12002,-0.037467,-0.027533
0.19086,0.14507,-0.024874,-0.028216
0.19094,0.14994,-0.028765,-0.028234
0.19102,0.12152,-0.027948,-0.029445
0.19109,0.10619,-0.019625,-0.028579
0.19117,0.07627,-0.038501,-0.03036
0.19125,0.048225,-0.011576,-0.029862
0.19133,0.022797,-0.04441,-0.030323
0.19141,0.011205,-0.0031895,-0.031676
0.19148,0.021301,-0.034959,-0.029618
0.19156,0.020553,-0.023056,-0.034076
0.19164,0.061686,-0.00037774,-0.028662
0.19172,0.042616,-0.06804,-0.035095
0.1918,0.069913,0.0594,-0.029273
0.19188,0.066922,-0.14638,-0.034106
0.19195,0.03925,0.17391,-0.033195
0.19203,0.057573,-0.56006,-0.031155
0.19211,-0.047877,-2.5067,-0.29813
0.19219,0.12152,-2.4166,-0.70622
0.19227,0.088984,-2.1526,-1.0348
0.19234,0.062808,-2.364,-1.3765
0.19242,0.42852,-2.2202,-1.6982
0.1925,0.34289,-2.2863,-1.9975
0.19258,0.50368,-2.2154,-2.2806
0.19266,0.65513,-2.2717,-2.5438
0.19273,0.40047,-2.2809,-2.8029
0.19281,0.525,-2.2644,-3.0416
0.19289,0.48461,-2.2961,-3.2706
0.19297,0.45544,-2.2834,-3.4866
0.19305,0.60502,-2.3131,-3.6932
0.19312,0.5837,-2.2856,-3.8879
0.1932,0.62222,-2.2672,-4.0665
0.19328,0.55155,-2.235,-4.2313
0.19336,0.46816,-2.1952,-4.3791
0.19344,0.41842,-2.1702,-4.5125
0.19352,0.33578,-2.1444,-4.6338
0.19359,0.30063,-2.1193,-4.7434
0.19367,0.26511,-2.0796,-4.8406
0.19375,0.26137,-2.0366,-4.9242
0.19383,0.25053,-1.9925,-4.9946
0.19391,0.30774,-1.945,-5.0526
0.19398,0.37056,-1.8934,-5.0984
0.19406,0.38552,-1.8375,-5.1312
0.19414,0.40496,-1.7753,-5.1507
0.19422,0.31896,-1.713,-5.1581
0.1943,0.1806,-1.6544,-5.1541
0.19437,0.041494,-1.6023,-5.1403
0.19445,-0.097611,-1.5474,-5.118
0.19453,-0.24681,-1.4828,-5.0858
0.19461,-0.34366,-1.4216,-5.0447
0.19469,-0.35376,-1.3437,-4.9935
0.19477,-0.41097,-1.283,-4.9315
0.19484,-0.4349,-1.2353,-4.8649
0.19492,-0.4192,-1.1422,-4.7891
0.195,-0.4263,-1.0768,-4.7021
0.19508,-0.42892,-1.0267,-4.6112
0.19516,-0.43303,-0.93761,-4.5132
0.19523,-0.44687,-0.85827,-4.4057
0.19531,-0.49174,-0.78582,-4.2915
0.19539,-0.51343,-0.714,-4.1714
0.19547,-0.52502,-0.63825,-4.0447
0.19555,-0.51867,-0.55486,-3.9114
0.19562,-0.49212,-0.4729,-3.7713
0.1957,-0.47305,-0.39569,-3.6252
0.19578,-0.46033,-0.32736,-3.4754
0.19586,-0.46594,-0.25295,-3.3218
0.19594,-0.45323,-0.15532,-3.1621
0.19602,-0.46669,-0.047522,-2.993
0.19609,-0.4637,0.056975,-2.8152
0.19617,-0.4379,0.16841,-2.6286
0.19625,-0.39751,0.24488,-2.4377
0.19633,-0.30889,0.34118,-2.2434
0.19641,-0.24158,0.41809,-2.0443
0.19648,-0.12977,0.52027,-1.8449
0.19656,-0.023945,0.62502,-1.6373
0.19664,0.041868,0.69728,-1.4314
0.19672,0.10992,0.8553,-1.2192
0.1968,0.12376,0.88951,-1.007
0.19687,0.12114,1.0633,-0.79266
0.19695,0.084871,1.0732,-0.57004
0.19703,0.064304,1.231,-0.35993
0.19711,0.036259,1.3579,-0.11795
0.19719,0.013448,0.33114,0.01493
0.19727,0.061686,-0.058285,-0.0071603
0.19734,0.063556,0.15916,-0.0060244
0.19742,0.12451,0.0090135,-0.0035012
0.1975,0.15816,0.078835,-0.0068829
0.19758,0.12638,0.03027,-0.0022489
0.19766,0.17985,0.036168,-0.0062568
0.19773,0.1907,0.043396,-0.0025339
0.19781,0.1963,0.012459,-0.0043972
0.19789,0.17574,0.041274,-0.0030588
0.19797,0.12937,0.014899,-0.0025264
0.19805,0.12526,0.027672,-0.0028713
0.19812,0.081879,0.015278,-0.0015666
0.1982,0.0744,0.015379,-0.0018365
0.19828,0.07814,0.017891,-0.0008655
0.19836,0.064304,0.011938,-0.0010979
0.19844,0.055329,0.014401,-0.00051308
0.19852,0.013822,0.014285,4.3064e-06
0.19859,-0.0097358,0.012031,0.00047295
0.19867,-0.011605,0.01003,0.001249
0.19875,0.014944,0.017625,0.002565
0.19883,0.036633,0.011297,0.0036822
0.19891,0.06393,0.013366,0.0041921
0.19898,0.12488,0.012826,0.0054069
0.19906,0.13834,0.0044247,0.0055343
0.19914,0.14171,0.0086874,0.0064754
0.19922,0.15143,0.00095691,0.0067528
0.1993,0.12862,0.013029,0.0073977
0.19937,0.11179,-0.0062524,0.0080538
0.19945,0.095341,0.0053395,0.0076339
0.19953,0.059817,0.0062355,0.0095909
0.19961,0.03065,-0.0043854,0.0078326
0.19969,0.0078393,0.020594,0.010449
0.19977,0.013822,-0.017792,0.0088148
0.19984,0.032893,0.037356,0.010266
0.19992,0.054956,-0.036773,0.011192
0.2,0.0658,0.030934,0.0085974
0.20008,0.047103,-0.020349,0.014911
0.20016,0.075148,-0.0075271,0.0051519
0.20023,0.048225,0.071048,0.020115
0.20031,0.04972,-0.20124,-0.00298
0.20039,0.026536,1.4395,0.076146
0.20047,0.056825,2.789,0.44187
0.20055,0.23557,2.2082,0.81796
0.20062,0.12376,2.2865,1.143
0.2007,0.23407,2.3086,1.4857
0.20078,0.36719,2.2348,1.7941
0.20086,0.20266,2.2748,2.0919
0.20094,0.39786,2.2098,2.3646
0.20102,0.3571,2.2948,2.628
0.20109,0.27857,2.2527,2.8804
0.20117,0.45058,2.2696,3.1153
0.20125,0.37056,2.2706,3.3405
0.20133,0.46479,2.2765,3.5517
0.20141,0.56127,2.2879,3.7552
0.20148,0.55641,2.25,3.9441
0.20156,0.58296,2.2313,4.1187
0.20164,0.4977,2.198,4.2776
0.20172,0.46928,2.1694,4.4202
0.2018,0.38739,2.1313,4.5489
0.20187,0.32681,2.1062,4.6649
0.20195,0.29166,2.0812,4.7708
0.20203,0.24492,2.0198,4.8632
0.20211,0.26511,1.9849,4.9418
0.20219,0.26773,1.9492,5.0079
0.20227,0.33391,1.8883,5.0617
0.20234,0.38701,1.8421,5.1027
0.20242,0.39636,1.7715,5.1307
0.2025,0.36869,1.7118,5.1461
0.20258,0.27521,1.6643,5.1491
0.20266,0.14694,1.5977,5.1412
0.20273,-0.020206,1.5474,5.1235
0.20281,-0.1552,1.4871,5.0967
0.20289,-0.2943,1.4207,5.0603
0.20297,-0.36946,1.3588,5.0148
0.20305,-0.39227,1.2783,4.9589
0.20313,-0.43603,1.2246,4.8931
0.2032,-0.41172,1.1691,4.8228
0.20328,-0.40835,1.0736,4.7426
0.20336,-0.42817,1.0124,4.6518
0.20344,-0.43528,0.95308,4.5576
0.20352,-0.46744,0.86715,4.4558
0.20359,-0.49174,0.79004,4.3445
0.20367,-0.51829,0.71892,4.2273
0.20375,-0.5325,0.65095,4.1048
0.20383,-0.53475,0.56617,3.9754
0.20391,-0.534,0.49086,3.8391
0.20398,-0.48987,0.42187,3.6972
0.20406,-0.44799,0.34554,3.5506
0.20414,-0.45547,0.27707,3.4001
0.20422,-0.47903,0.19392,3.2453
0.2043,-0.48352,0.087799,3.0829
0.20438,-0.49997,-0.012262,2.911
0.20445,-0.49959,-0.11992,2.7314
0.20453,-0.45472,-0.21976,2.5431
0.20461,-0.40611,-0.29702,2.3519
0.20469,-0.32609,-0.40046,2.1564
0.20477,-0.24719,-0.46312,1.9575
0.20484,-0.13725,-0.57888,1.756
0.20492,-0.022076,-0.66156,1.5484
0.205,0.036633,-0.76949,1.3424
0.20508,0.080009,-0.88836,1.1274
0.20516,0.088984,-0.93817,0.918
0.20523,0.080009,-1.1191,0.69832
0.20531,0.040372,-1.0821,0.48149
0.20539,0.00073447,-1.3676,0.26248
0.20547,-0.013475,-1.1244,0.031958
0.20555,0.010831,-0.073971,-0.037937
0.20563,0.045607,-0.054367,-0.0097323
0.2057,0.080383,-0.13821,-0.020252
0.20578,0.13722,-0.027119,-0.015817
0.20586,0.12675,-0.10207,-0.017302
0.20594,0.15368,-0.02839,-0.017752
0.20602,0.172,-0.071118,-0.016162
0.20609,0.14395,-0.043934,-0.01912
0.20617,0.172,-0.046146,-0.016743
0.20625,0.13647,-0.053561,-0.019101
0.20633,0.095715,-0.038561,-0.018205
0.20641,0.08674,-0.05223,-0.019113
0.20648,0.06206,-0.034524,-0.019499
0.20656,0.072157,-0.044031,-0.019443
0.20664,0.0658,-0.034741,-0.020279
0.20672,0.024667,-0.034966,-0.020185
0.2068,-0.0037528,-0.036957,-0.020976
0.20688,-0.014971,-0.030377,-0.020886
0.20695,-0.039651,-0.033748,-0.021523
0.20703,-0.035164,-0.042329,-0.022588
0.20711,0.00036053,-0.038629,-0.023844
0.20719,0.020179,-0.030152,-0.024853
0.20727,0.060191,-0.038145,-0.025535
0.20734,0.08861,-0.026561,-0.026255
0.20742,0.095341,-0.029118,-0.026521
0.2075,0.10095,-0.027011,-0.027398
0.20758,0.097584,-0.021275,-0.027211
0.20766,0.1002,-0.0332,-0.028579
0.20773,0.080009,-0.015869,-0.028343
0.20781,0.047851,-0.039821,-0.028778
0.20789,0.038128,-0.012843,-0.029914
0.20797,0.013822,-0.032585,-0.028744
0.20805,-0.0011352,-0.02373,-0.031567
0.20813,0.020179,-0.012161,-0.028793
0.2082,0.028406,-0.051683,-0.032688
0.20828,0.066548,0.021944,-0.029565
0.20836,0.052712,-0.083512,-0.031736
0.20844,0.049346,0.046084,-0.032651
0.20852,0.072157,-0.09657,-0.027874
0.20859,0.034763,0.043823,-0.04022
0.20867,0.061686,-0.077067,-0.013995
0.20875,-0.031424,-2.0557,-0.18486
0.20883,0.068417,-2.6086,-0.58895
0.20891,0.13386,-2.1052,-0.93585
0.20898,0.016814,-2.3513,-1.2703
0.20906,0.35523,-2.2343,-1.6047
0.20914,0.3743,-2.2569,-1.9062
0.20922,0.40384,-2.2306,-2.1979
0.2093,0.66747,-2.2239,-2.4642
0.20938,0.40347,-2.2807,-2.7263
0.20945,0.42553,-2.2372,-2.9708
0.20953,0.48685,-2.2774,-3.2027
0.20961,0.37542,-2.2621,-3.4239
0.20969,0.51976,-2.2868,-3.6326
0.20977,0.51976,-2.2747,-3.8323
0.20984,0.53846,-2.2497,-4.016
0.20992,0.5306,-2.2255,-4.1857
0.21,0.44273,-2.1822,-4.339
0.21008,0.38552,-2.1577,-4.4774
0.21016,0.30512,-2.12,-4.6025
0.21023,0.26586,-2.0975,-4.715
0.21031,0.21014,-2.0631,-4.8161
0.21039,0.21276,-2.0134,-4.9034
0.21047,0.20229,-1.9765,-4.9775
0.21055,0.24791,-1.9316,-5.0402
0.21063,0.34812,-1.8803,-5.0898
0.2107,0.36121,-1.8274,-5.1269
0.21078,0.38589,-1.7604,-5.1512
0.21086,0.34177,-1.6957,-5.1619
0.21094,0.21612,-1.6392,-5.1611
0.21102,0.069913,-1.5847,-5.1504
0.21109,-0.062835,-1.5296,-5.1307
0.21117,-0.19521,-1.4693,-5.1011
0.21125,-0.32048,-1.4136,-5.0629
0.21133,-0.33581,-1.3352,-5.0148
0.21141,-0.35787,-1.2656,-4.9553
0.21148,-0.39975,-1.2291,-4.891
0.21156,-0.37433,-1.1417,-4.8187
0.21164,-0.3575,-1.0611,-4.7341
0.21172,-0.37694,-1.022,-4.645
0.2118,-0.39377,-0.93703,-4.5499
0.21188,-0.41508,-0.85017,-4.4446
0.21195,-0.4435,-0.78373,-4.332
0.21203,-0.47005,-0.70726,-4.2136
0.21211,-0.50296,-0.63321,-4.0888
0.21219,-0.48052,-0.55507,-3.9574
0.21227,-0.46893,-0.47357,-3.8191
0.21234,-0.45472,-0.40146,-3.6749
0.21242,-0.40461,-0.33399,-3.5266
0.2125,-0.43378,-0.25818,-3.3745
0.21258,-0.42144,-0.17023,-3.2171
0.21266,-0.41322,-0.063901,-3.0507
0.21273,-0.46482,0.041574,-2.8752
0.21281,-0.44201,0.15442,-2.6916
0.21289,-0.39639,0.23668,-2.5011
0.21297,-0.33431,0.32895,-2.3081
0.21305,-0.26813,0.42069,-2.1094
0.21313,-0.16342,0.49467,-1.9099
0.2132,-0.044886,0.61969,-1.7037
0.21328,0.02691,0.67265,-1.4963
0.21336,0.11292,0.8282,-1.2871
0.21344,0.13012,0.88888,-1.0717
0.21352,0.13273,0.99905,-0.86125
0.21359,0.10432,1.1105,-0.636
0.21367,0.036259,1.1289,-0.42559
0.21375,0.028032,1.4383,-0.18995
0.21383,-0.02058,0.68579,-0.0024177
0.21391,0.021301,-0.086309,0.0033561
0.21398,0.085618,0.1445,-0.010681
0.21406,0.1103,0.041761,-0.00083926
0.21414,0.18209,0.046417,-0.0077565
0.21422,0.15517,0.06108,-0.0021102
0.2143,0.16714,0.016152,-0.0055745
0.21438,0.18957,0.061035,-0.0033587
0.21445,0.17462,0.009216,-0.0031412
0.21453,0.1978,0.037094,-0.0036811
0.21461,0.14171,0.019447,-0.0020465
0.21469,0.12189,0.024205,-0.0029725
0.21477,0.11815,0.02239,-0.0012217
0.21484,0.078514,0.012309,-0.0016678
0.21492,0.094219,0.021835,-0.00080926
0.215,0.081879,0.0099133,-0.00059931
0.21508,0.0658,0.014989,-0.00034062
0.21516,0.041494,0.011945,0.00029674
0.21523,0.0011084,0.010258,0.00043546
0.21531,-0.013849,0.012193,0.0012228
0.21539,-0.025815,0.012841,0.0015265
0.21547,0.009709,0.012384,0.0019801
0.21555,0.060191,0.0095271,0.0024113
0.21563,0.091601,0.0072702,0.0023288
0.2157,0.11666,0.0079076,0.0022763
0.21578,0.13086,0.0059468,0.0024188
0.21586,0.11628,0.0049534,0.0024
0.21594,0.1088,0.0057519,0.0023663
0.21602,0.11179,-0.004063,0.0023475
0.21609,0.075896,0.0022053,0.002385
0.21617,0.040372,0.0039636,0.0024863
0.21625,-0.0030049,-0.0061587,0.0023063
0.21633,-0.00824,0.0013768,0.0022913
0.21641,0.0074654,0.0020029,0.00249
0.21648,-0.0018831,0.00087068,0.002535
0.21656,0.03065,0.0018079,0.0025575
0.21664,0.047103,0.0020029,0.0024638
