0,0.030276,-0.020862,-0.0016641
7.8125e-05,0.031771,-0.029309,-0.0016491
0.00015625,0.034389,-0.022321,-0.0016641
0.00023437,0.033267,-0.011021,-0.0013791
0.0003125,0.03065,-0.013316,-0.00084675
0.00039063,0.028406,-0.014388,-0.00039685
0.00046875,0.034763,-0.010575,-4.8182e-05
0.00054688,0.04972,-0.02433,-0.00012317
0.000625,0.037754,-0.034074,0.00016927
0.00070312,0.038876,-0.017976,0.00078038
0.00078125,0.043737,-0.0039693,0.00064916
0.00085938,0.029528,-0.018572,0.001249
0.0009375,0.032519,-0.020334,0.00064166
0.0010156,0.035137,0.0014893,0.0014027
0.0010938,0.032893,-0.037688,0.0010428
0.0011719,0.024293,0.010438,0.001159
0.00125,0.032145,-0.02511,0.0018227
0.0013281,0.031771,-0.0096415,0.00031924
0.0014062,0.013448,-0.0099977,0.0027899
0.0014844,0.025414,-0.045831,-0.00045684
0.0015625,0.031023,0.053998,0.0033223
0.0016406,0.032145,-0.13245,-0.00046434
0.0017188,0.036259,0.088185,0.0020026
0.0017969,0.03925,-0.24601,0.0019201
0.001875,0.035137,0.4588,-0.0020277
0.0019531,0.056825,2.864,0.14895
0.0020313,0.20004,2.9722,0.38557
0.0021094,0.22398,2.8492,0.56797
0.0021875,0.17349,3.281,0.73479
0.0022656,0.33578,2.8841,0.88069
0.0023437,0.43301,2.8635,1.017
0.0024219,0.50667,2.7705,1.1376
0.0025,0.54968,2.7058,1.2372
0.0025781,0.34177,2.6464,1.3264
0.0026563,0.3025,2.5554,1.3987
0.0027344,0.34289,2.4916,1.4629
0.0028125,0.15405,2.3378,1.5148
0.0028906,0.085245,2.3038,1.5549
0.0029688,0.057573,2.2396,1.5839
0.0030469,-0.059096,2.1831,1.603
0.003125,-0.096489,2.0661,1.6117
0.0032031,-0.11818,1.9727,1.6098
0.0032812,-0.11481,1.9189,1.6033
0.0033594,-0.096116,1.7692,1.5862
0.0034375,-0.13463,1.6844,1.5584
0.0035156,-0.16903,1.6107,1.5272
0.0035938,-0.1795,1.4831,1.4886
0.0036719,-0.20456,1.3672,1.44
0.00375,-0.18399,1.2582,1.3848
0.0038281,-0.14248,1.1429,1.3245
0.0039063,-0.096489,1.0255,1.2573
0.0039844,-0.075175,0.91037,1.1851
0.0040625,-0.1178,0.75138,1.1053
0.0041406,-0.14323,0.63545,1.02
0.0042188,-0.21204,0.51309,0.93249
0.0042969,-0.32646,0.37892,0.84047
0.004375,-0.40835,0.22657,0.74592
0.0044531,-0.50595,0.038215,0.63933
0.0045312,-0.57176,-0.087602,0.52963
0.0046094,-0.53699,-0.30551,0.40964
0.0046875,-0.47641,-0.38182,0.2873
0.0047656,-0.36124,-0.63513,0.16386
0.0048437,-0.18661,-0.69651,0.030058
0.0049219,-0.013849,-0.084179,-0.01392
0.005,0.12526,0.0061343,0.0032811
0.0050781,0.18621,-0.086256,-0.0024214
0.0051563,0.2165,-0.0028033,0.00031924
0.0052344,0.20079,-0.052058,-0.00014191
0.0053125,0.14433,-0.0084943,-0.00096298
0.0053906,0.081505,-0.033215,0.00043921
0.0054688,0.028406,-0.027243,-0.0014691
0.0055469,0.046355,-0.016311,6.4293e-05
0.005625,0.048972,-0.025252,-0.0011204
0.0057031,0.033641,-0.011389,-0.00076802
0.0057812,0.081131,-0.022823,-0.0010792
0.0058594,0.13049,-0.012862,-0.0012967
0.0059375,0.16676,-0.017203,-0.0012029
0.0060156,0.23407,-0.014898,-0.0016491
0.0060938,0.2595,-0.0099377,-0.0014804
0.0061719,0.23295,-0.020203,-0.001874
0.00625,0.25464,-0.016588,-0.0019453
0.0063281,0.27745,-0.01047,-0.0022002
0.0064063,0.28156,-0.016075,-0.0024139
0.0064844,0.29241,-0.010571,-0.0025676
0.0065625,0.30288,-0.014886,-0.0030925
0.0066406,0.28941,-0.018448,-0.00319
0.0067187,0.23295,-0.0084719,-0.0030288
0.0067969,0.15816,-0.014204,-0.0030325
0.006875,0.057199,-0.011539,-0.0028751
0.0069531,-0.027685,-0.0087193,-0.00289
0.0070313,-0.11219,-0.01465,-0.0030138
0.0071094,-0.18997,-0.013496,-0.00313
0.0071875,-0.22064,-0.01014,-0.0031
0.0072656,-0.23672,-0.00599,-0.0028001
0.0073438,-0.21465,-0.0089142,-0.0028301
0.0074219,-0.1709,-0.011467,-0.0028001
0.0075,-0.11369,-0.010568,-0.002905
0.0075781,-0.048625,-0.013874,-0.00301
0.0076562,-0.011605,-0.010912,-0.0027513
0.0077344,-0.0059964,-0.0072009,-0.0027701
0.0078125,-0.026563,-0.010001,-0.0028113
0.0078906,-0.078166,-0.0090642,-0.0029463
0.0079688,-0.13239,-0.006886,-0.0029838
0.0080469,-0.1451,-0.0070285,-0.0027626
0.008125,-0.14361,-0.0094091,-0.0027213
0.0082031,-0.11593,-0.010586,-0.0028488
0.0082813,-0.090506,-0.0076208,-0.0027926
0.0083594,-0.048625,-0.0079432,-0.0026801
0.0084375,0.037754,-0.0088018,-0.0027888
0.0085156,0.094219,-0.01056,-0.0029688
0.0085938,0.14956,-0.011085,-0.0035274
0.0086719,0.20864,-0.0093266,-0.0039248
0.00875,0.22585,-0.017125,-0.004311
0.0088281,0.22996,-0.013072,-0.0048246
0.0089063,0.22622,-0.011295,-0.0048134
0.0089844,0.18808,-0.0157,-0.0055295
0.0090625,0.17424,-0.0045316,-0.0054057
0.0091406,0.17349,-0.018354,-0.0055969
0.0092187,0.16975,-0.0072384,-0.0060131
0.0092969,0.18247,-0.017057,-0.0056344
0.009375,0.1432,-0.01675,-0.0068267
0.0094531,0.11927,-0.0019261,-0.0053495
0.0095312,0.11927,-0.026268,-0.0071041
0.0096094,0.068791,0.0063517,-0.0059456
0.0096875,0.043737,-0.037455,-0.0063805
0.0097656,0.036259,0.01722,-0.0071454
0.0098438,0.010831,-0.02881,-0.0043185
0.0099219,-0.002631,-0.0028558,-0.0093311
0.01,-0.024693,0.013711,-0.0018703
0.010078,-0.017215,-0.083598,-0.011813
0.010156,-0.0018831,0.16838,0.0028462
0.010234,-0.023945,-0.98255,-0.040584
0.010313,-0.014597,-2.1948,-0.28469
0.010391,0.0022302,-1.8915,-0.54038
0.010469,-0.00076128,-1.9137,-0.74779
0.010547,0.017562,-1.9373,-0.9562
0.010625,0.084871,-1.9279,-1.1303
0.010703,0.17574,-1.9951,-1.2915
0.010781,0.2165,-1.9341,-1.4266
0.010859,0.21612,-1.9646,-1.5429
0.010938,0.23781,-1.916,-1.6436
0.011016,0.28605,-1.9138,-1.7281
0.011094,0.34102,-1.8626,-1.8024
0.011172,0.36121,-1.8252,-1.8598
0.01125,0.39187,-1.7969,-1.9066
0.011328,0.47601,-1.7493,-1.9412
0.011406,0.43039,-1.7133,-1.9657
0.011484,0.38552,-1.6301,-1.9777
0.011562,0.35298,-1.5877,-1.9795
0.011641,0.17312,-1.5168,-1.9738
0.011719,0.040746,-1.4332,-1.9552
0.011797,-0.01011,-1.3831,-1.9295
0.011875,-0.014971,-1.2992,-1.8973
0.011953,0.0022302,-1.2043,-1.854
0.012031,0.073652,-1.1164,-1.8024
0.012109,0.0089611,-1.0202,-1.7449
0.012188,-0.13575,-0.91538,-1.68
0.012266,-0.12753,-0.81998,-1.608
0.012344,-0.060217,-0.70025,-1.5297
0.012422,-0.008614,-0.58478,-1.4435
0.0125,-0.11294,-0.47767,-1.3516
0.012578,-0.20979,-0.37342,-1.255
0.012656,-0.34254,-0.27462,-1.1567
0.012734,-0.42742,-0.12318,-1.0494
0.012813,-0.39975,-0.0037031,-0.93469
0.012891,-0.42481,0.16848,-0.81142
0.012969,-0.33918,0.26652,-0.67974
0.013047,-0.36161,0.40863,-0.54894
0.013125,-0.42369,0.53931,-0.40701
0.013203,-0.4177,0.62123,-0.27331
0.013281,-0.4349,0.91311,-0.11858
0.013359,-0.34591,0.42921,0.00096784
0.013437,-0.2341,-0.091186,0.00013178
0.013516,-0.12977,0.069695,-0.0082926
0.013594,-0.068444,0.0047547,-0.0024964
0.013672,-0.046756,0.018285,-0.0075353
0.01375,-0.036285,0.0281,-0.0034224
0.013828,-0.0067443,-0.0041193,-0.0058669
0.013906,0.080009,0.023413,-0.0046184
0.013984,0.1002,-0.0058288,-0.0046709
0.014063,0.15143,0.019983,-0.0049671
0.014141,0.18434,0.0040498,-0.0040673
0.014219,0.11254,0.0019466,-0.0046372
0.014297,0.10768,0.0050771,-0.0038048
0.014375,0.11591,0.0059618,-0.0042248
0.014453,0.16975,0.0083575,-0.0036399
0.014531,0.26698,0.00094566,-0.0036024
0.014609,0.32382,0.0066854,-0.0033175
0.014688,0.34438,0.0021753,-0.00307
0.014766,0.33391,0.0037274,-0.0030475
0.014844,0.35224,0.0036712,-0.0025414
0.014922,0.36794,4.5899e-05,-0.0023764
0.015,0.3986,-0.0015137,-0.0020652
0.015078,0.4102,-0.0029983,-0.0019303
0.015156,0.37168,-0.00145,-0.0018253
0.015234,0.29128,-0.0012475,-0.0017203
0.015312,0.17275,-0.0041942,-0.0017653
0.015391,0.081505,-0.0039993,-0.0017616
0.015469,0.011953,-0.003077,-0.0016866
0.015547,-0.022076,-0.0039505,-0.0017803
0.015625,-0.060965,-0.0020685,-0.0019115
0.015703,-0.091254,-0.0047078,-0.001784
0.015781,-0.12042,-0.002406,-0.0018253
0.015859,-0.18287,0.0022803,-0.0017878
0.015938,-0.19558,0.0022503,-0.0013679
0.016016,-0.18997,0.0045335,-0.00067429
0.016094,-0.15108,0.0026964,-0.00016066
0.016172,-0.11519,0.0061755,0.0004692
0.01625,-0.14735,0.0025465,0.00095285
0.016328,-0.17016,0.0013393,0.0012903
0.016406,-0.21316,0.00079945,0.0022088
0.016484,-0.26252,-0.0049365,0.0018039
0.016563,-0.22774,0.0048821,0.0031349
0.016641,-0.17277,-0.0085543,0.0029474
0.016719,-0.14809,-0.00010406,0.0030411
0.016797,-0.09275,-0.011644,0.0039709
0.016875,-0.070688,0.014371,0.0029137
0.016953,-0.074053,-0.0082994,0.0053806
0.017031,-0.022824,-0.01522,0.0027412
0.017109,0.026536,0.029408,0.0063554
0.017188,0.11366,-0.040751,0.0032698
0.017266,0.19705,0.057406,0.004957
0.017344,0.23407,-0.068906,0.0056955
0.017422,0.27595,0.073335,0.0012865
0.0175,0.27633,-0.057888,0.012684
0.017578,0.29091,0.03562,-0.011877
0.017656,0.30811,2.0107,0.14281
0.017734,0.38626,2.6667,0.5139
0.017813,0.45918,2.1525,0.83503
0.017891,0.43226,2.3551,1.1376
0.017969,0.55566,2.306,1.4342
0.018047,0.62745,2.3912,1.7001
0.018125,0.65999,2.4286,1.9542
0.018203,0.84247,2.4758,2.1811
0.018281,0.921,2.5845,2.3973
0.018359,1.0698,2.6165,2.5911
0.018437,1.2067,2.717,2.7678
0.018516,1.1498,2.7298,2.9264
0.018594,1.0455,2.7847,3.0671
0.018672,0.65625,2.8081,3.1963
0.01875,0.73328,2.8189,3.3095
0.018828,0.9812,2.8137,3.4089
0.018906,0.42366,2.7308,3.4938
0.018984,0.14807,2.6685,3.5665
0.019062,-0.32833,2.564,3.6275
0.019141,-1.1084,2.4775,3.6773
0.019219,-0.97936,2.423,3.716
0.019297,-0.3201,2.3306,3.7416
0.019375,-0.0041267,2.2577,3.756
0.019453,-0.40162,2.1893,3.7612
0.019531,-0.90008,2.1287,3.7568
0.019609,-0.63047,2.0373,3.7429
0.019688,0.16041,1.9442,3.7203
0.019766,0.22547,1.8537,3.69
0.019844,-0.13089,1.7363,3.6494
0.019922,-0.55232,1.682,3.6006
0.02,-0.65665,1.6066,3.548
0.020078,-0.47043,1.4958,3.4846
0.020156,-0.69292,1.4245,3.412
0.020234,-0.39714,1.3456,3.3357
0.020313,-0.30328,1.2473,3.2509
0.020391,-0.48352,1.1526,3.1575
0.020469,-0.57887,1.0686,3.0583
0.020547,-0.80884,0.97619,2.9541
0.020625,-0.74004,0.86849,2.8437
0.020703,-0.90195,0.76917,2.7261
0.020781,-0.76995,0.67353,2.6034
0.020859,-0.66226,0.56865,2.4758
0.020938,-0.67011,0.48479,2.3452
0.021016,-0.31973,0.37061,2.21
0.021094,-0.13463,0.24168,2.0659
0.021172,0.071409,0.1101,1.9143
0.02125,0.07627,-0.019205,1.7533
0.021328,0.11142,-0.11818,1.5895
0.021406,0.13273,-0.25081,1.4203
0.021484,-0.094994,-0.33351,1.2496
0.021563,-0.17202,-0.49319,1.0756
0.021641,-0.30851,-0.57819,0.89489
0.021719,-0.35189,-0.71757,0.71867
0.021797,-0.21989,-0.8568,0.52898
0.021875,0.031397,-0.90144,0.35096
0.021953,0.23407,-1.2225,0.15042
0.022031,0.36271,-0.62364,-0.01293
0.022109,0.55005,0.07308,-0.019724
0.022187,0.52574,-0.11627,-0.006538
0.022266,0.54481,-0.04775,-0.01497
0.022344,0.44273,-0.050408,-0.0088625
0.022422,0.22435,-0.063519,-0.013526
0.0225,0.17349,-0.02478,-0.010572
0.022578,0.10656,-0.06359,-0.012345
0.022656,0.072905,-0.019655,-0.012514
0.022734,0.051216,-0.045407,-0.011599
0.022812,0.091228,-0.028642,-0.012953
0.022891,0.093471,-0.035247,-0.012342
0.022969,0.14395,-0.035289,-0.013598
0.023047,0.16527,-0.025631,-0.012975
0.023125,0.018684,-0.034261,-0.013845
0.023203,-0.08415,-0.026227,-0.013913
0.023281,-0.21241,-0.033901,-0.014096
0.023359,-0.23896,-0.029125,-0.014816
0.023438,-0.22625,-0.031918,-0.014767
0.023516,-0.16193,-0.032259,-0.015304
0.023594,-0.068444,-0.026208,-0.015416
0.023672,-0.030676,-0.025241,-0.015813
0.02375,0.083749,-0.022756,-0.016271
0.023828,0.041494,-0.02845,-0.016443
0.023906,0.00036053,-0.02646,-0.016421
0.023984,-0.056478,-0.018718,-0.016128
0.024063,-0.16978,-0.019314,-0.016305
0.024141,-0.19334,-0.020083,-0.016312
0.024219,-0.28047,-0.020499,-0.016166
0.024297,-0.25317,-0.022639,-0.016784
0.024375,-0.18025,-0.021923,-0.017606
0.024453,-0.11743,-0.023112,-0.017962
0.024531,0.053834,-0.023637,-0.018817
0.024609,0.22398,-0.018103,-0.019124
0.024688,0.34289,-0.024251,-0.019491
0.024766,0.34177,-0.015108,-0.020387
0.024844,0.31409,-0.020469,-0.020387
0.024922,0.25165,-0.01925,-0.021422
0.025,0.12301,-0.013432,-0.020751
0.025078,0.070287,-0.032383,-0.022239
0.025156,-0.019458,-0.0035831,-0.021748
0.025234,-0.079288,-0.033452,-0.022363
0.025313,-0.03479,1.2158e-05,-0.02342
0.025391,-0.0033789,-0.032574,-0.021096
0.025469,0.03065,-0.021346,-0.025288
0.025547,0.091975,-0.0028783,-0.020384
0.025625,0.1361,-0.065524,-0.026292
0.025703,0.11441,0.060521,-0.020762
0.025781,0.12376,-0.13186,-0.025183
0.025859,0.10207,0.17052,-0.024264
0.025938,0.0067175,-0.51824,-0.02179
0.026016,-0.030302,-2.407,-0.26874
0.026094,0.060939,-2.3782,-0.65073
0.026172,0.096837,-2.0696,-0.96039
0.02625,0.15368,-2.2156,-1.2739
0.026328,0.40496,-2.0966,-1.5652
0.026406,0.46479,-2.1699,-1.8378
0.026484,0.51714,-2.1059,-2.0945
0.026562,0.57323,-2.1369,-2.3295
0.026641,0.41319,-2.1337,-2.5556
0.026719,0.33952,-2.12,-2.7604
0.026797,0.29727,-2.1277,-2.9517
0.026875,0.26399,-2.101,-3.1248
0.026953,0.23669,-2.1223,-3.2849
0.027031,0.35635,-2.1025,-3.4317
0.027109,0.49022,-2.0978,-3.5632
0.027187,0.49246,-2.0713,-3.6805
0.027266,0.64166,-2.0426,-3.781
0.027344,0.54294,-2.0262,-3.8675
0.027422,0.41917,-2.0003,-3.9396
0.0275,0.41655,-1.9721,-3.9977
0.027578,0.27483,-1.9336,-4.0409
0.027656,0.29203,-1.903,-4.0701
0.027734,0.21014,-1.8757,-4.0868
0.027813,0.1103,-1.8437,-4.0924
0.027891,0.075148,-1.809,-4.0887
0.027969,0.073278,-1.7661,-4.0736
0.028047,0.15143,-1.7226,-4.0484
0.028125,0.13573,-1.6595,-4.0123
0.028203,0.11516,-1.6025,-3.9649
0.028281,-0.029181,-1.5629,-3.9123
0.028359,-0.15258,-1.4691,-3.8507
0.028438,-0.27785,-1.3869,-3.7779
0.028516,-0.40835,-1.339,-3.7007
0.028594,-0.38143,-1.2469,-3.6165
0.028672,-0.39714,-1.1518,-3.5229
0.02875,-0.37395,-1.0765,-3.423
0.028828,-0.3934,-0.99582,-3.3171
0.028906,-0.43004,-0.90834,-3.2047
0.028984,-0.39901,-0.81606,-3.0862
0.029063,-0.39153,-0.71669,-2.9607
0.029141,-0.36348,-0.62526,-2.8289
0.029219,-0.44463,-0.53863,-2.6932
0.029297,-0.54073,-0.4541,-2.5541
0.029375,-0.58485,-0.34465,-2.4104
0.029453,-0.66114,-0.21321,-2.2571
0.029531,-0.67273,-0.096739,-2.096
0.029609,-0.57176,0.036696,-1.9267
0.029688,-0.49025,0.12359,-1.7535
0.029766,-0.42219,0.25014,-1.5774
0.029844,-0.29842,0.34936,-1.396
0.029922,-0.27187,0.46904,-1.216
0.03,-0.21952,0.60246,-1.0261
0.030078,-0.097611,0.67444,-0.84112
0.030156,-0.045634,0.8793,-0.64756
0.030234,0.033641,0.87479,-0.45605
0.030312,0.14059,1.1694,-0.26216
0.030391,0.18284,1.011,-0.054257
0.030469,0.19817,0.046995,0.010753
0.030547,0.27184,0.0081588,-0.01503
0.030625,0.33952,0.094858,-0.0055857
0.030703,0.37991,-0.0090904,-0.0096535
0.030781,0.40309,0.071015,-0.0081876
0.030859,0.36607,0.0041923,-0.0071041
0.030937,0.29989,0.042616,-0.0090087
0.031016,0.23407,0.017644,-0.0062605
0.031094,0.21164,0.012436,-0.0081689
0.031172,0.18621,0.025142,-0.0062456
0.03125,0.18658,0.009246,-0.0068417
0.031328,0.24716,0.019038,-0.0059494
0.031406,0.23931,0.0047284,-0.0056794
0.031484,0.21837,0.01698,-0.0056344
0.031563,0.21388,0.0086199,-0.0048846
0.031641,0.15779,0.0071878,-0.005177
0.031719,0.11628,0.013464,-0.0044535
0.031797,0.090106,0.0076114,-0.0042397
0.031875,0.051216,0.0087961,-0.0036361
0.031953,-0.002257,0.0031838,-0.0032875
0.032031,-0.054234,0.004571,-0.0031187
0.032109,-0.094994,0.013921,-0.0020652
0.032188,-0.13575,0.011874,-0.00091424
0.032266,-0.10995,0.0073302,-0.00056932
0.032344,-0.10172,0.0045597,-7.4426e-05
0.032422,-0.13239,-0.001225,0.0006904
0.0325,-0.14622,0.0069628,0.0010841
0.032578,-0.20792,0.0007882,0.0022988
0.032656,-0.20194,-0.0057351,0.0019239
0.032734,-0.1911,0.013107,0.0029324
0.032813,-0.19297,-0.0082132,0.0032173
0.032891,-0.096863,0.012005,0.0032023
0.032969,-0.05947,-0.0028933,0.0049495
0.033047,-0.0093619,0.0074614,0.0033973
0.033125,0.040372,0.015889,0.0061904
0.033203,0.055329,-0.017949,0.0036972
0.033281,0.11217,0.041004,0.0066441
0.033359,0.10992,-0.046487,0.0053319
0.033438,0.11591,0.051047,0.0050469
0.033516,0.10058,-0.040845,0.0089461
0.033594,0.11441,0.035275,0.00086287
0.033672,0.15068,0.019143,0.01589
0.03375,0.16826,-0.11145,-0.011266
0.033828,0.21276,1.7821,0.11051
0.033906,0.28867,2.8252,0.49608
0.033984,0.4633,2.2262,0.85608
0.034063,0.45582,2.3612,1.1838
0.034141,0.50518,2.3252,1.52
0.034219,0.60577,2.3252,1.8242
0.034297,0.51826,2.3327,2.1174
0.034375,0.57211,2.31,2.384
0.034453,0.52163,2.409,2.6457
0.034531,0.49134,2.3818,2.893
0.034609,0.56239,2.4282,3.1239
0.034688,0.51939,2.4279,3.342
0.034766,0.57099,2.4628,3.5464
0.034844,0.61175,2.4933,3.743
0.034922,0.65999,2.4986,3.9236
0.035,0.64802,2.4997,4.0894
0.035078,0.61362,2.4864,4.2379
0.035156,0.62633,2.4973,4.3705
0.035234,0.5149,2.4999,4.4893
0.035313,0.47863,2.5184,4.5946
0.035391,0.42441,2.5211,4.6875
0.035469,0.3829,2.5181,4.7656
0.035547,0.38477,2.4953,4.8289
0.035625,0.27633,2.4634,4.8792
0.035703,0.21949,2.447,4.9175
0.035781,0.16153,2.3987,4.9429
0.035859,0.078514,2.3429,4.9546
0.035938,0.015318,2.2919,4.9541
0.036016,-0.083402,2.2336,4.9426
0.036094,-0.24195,2.1643,4.921
0.036172,-0.34591,2.1101,4.8905
0.03625,-0.38367,2.0324,4.8515
0.036328,-0.4465,1.9401,4.8032
0.036406,-0.44014,1.8858,4.7466
0.036484,-0.40312,1.7991,4.6812
0.036562,-0.38667,1.7134,4.6063
0.036641,-0.36834,1.6562,4.527
0.036719,-0.36236,1.5647,4.4422
0.036797,-0.35077,1.4612,4.3458
0.036875,-0.34665,1.3977,4.2432
0.036953,-0.37171,1.3149,4.1378
0.037031,-0.42406,1.2015,4.0242
0.037109,-0.4809,1.1258,3.9026
0.037187,-0.534,1.046,3.7771
0.037266,-0.56616,0.94531,3.647
0.037344,-0.59532,0.84495,3.5098
0.037422,-0.61552,0.75003,3.3676
0.0375,-0.59532,0.66001,3.2217
0.037578,-0.56391,0.57252,3.0718
0.037656,-0.51941,0.46948,2.9189
0.037734,-0.49473,0.35318,2.759
0.037812,-0.48763,0.22547,2.5909
0.037891,-0.44463,0.099402,2.4137
0.037969,-0.37694,2.7154e-05,2.2319
0.038047,-0.32347,-0.12303,2.0462
0.038125,-0.29281,-0.20951,1.8572
0.038203,-0.25541,-0.34356,1.6659
0.038281,-0.22737,-0.44392,1.4686
0.038359,-0.20231,-0.55168,1.2731
0.038437,-0.16342,-0.69507,1.0687
0.038516,-0.13837,-0.76048,0.86898
0.038594,-0.11743,-0.97216,0.66123
0.038672,-0.069192,-0.96161,0.45481
0.03875,-0.012727,-1.2405,0.25013
0.038828,0.022423,-1.1395,0.0271
0.038906,0.094967,-0.12119,-0.052195
0.038984,0.14994,-0.024255,-0.02516
0.039063,0.21463,-0.14363,-0.033641
0.039141,0.31821,-0.025222,-0.030296
0.039219,0.28231,-0.10692,-0.030866
0.039297,0.25314,-0.03873,-0.032261
0.039375,0.28381,-0.078185,-0.029967
0.039453,0.22323,-0.059507,-0.033041
0.039531,0.19518,-0.051218,-0.030829
0.039609,0.19032,-0.066518,-0.032722
0.039688,0.15442,-0.047008,-0.032021
0.039766,0.14059,-0.056778,-0.032598
0.039844,0.1002,-0.042085,-0.033037
0.039922,0.063182,-0.054686,-0.033078
0.04,0.069913,-0.042153,-0.033817
0.040078,0.069539,-0.044702,-0.033644
0.040156,0.056825,-0.048796,-0.034379
0.040234,0.074774,-0.035712,-0.034349
0.040313,0.062434,-0.041261,-0.034975
0.040391,0.0089611,-0.036046,-0.035504
0.040469,0.042616,-0.041872,-0.036239
0.040547,0.07814,-0.041669,-0.037686
0.040625,0.058695,-0.035135,-0.038331
0.040703,0.069539,-0.045617,-0.039058
0.040781,0.066174,-0.034516,-0.039399
0.040859,0.017562,-0.035975,-0.039838
0.040938,-0.022824,-0.031768,-0.040618
0.041016,-0.054234,-0.036661,-0.040453
0.041094,-0.084897,-0.045838,-0.041821
0.041172,-0.079662,-0.023933,-0.041139
0.04125,-0.074053,-0.041377,-0.042425
0.041328,-0.046382,-0.014654,-0.042485
0.041406,-0.012353,-0.043713,-0.042065
0.041484,0.01644,-0.018827,-0.044457
0.041563,0.0658,-0.026497,-0.041623
0.041641,0.087862,-0.042768,-0.045972
0.041719,0.1346,0.0041998,-0.041371
0.041797,0.1174,-0.086526,-0.046039
0.041875,0.11292,0.052866,-0.04346
0.041953,0.126,-0.13113,-0.043351
0.042031,0.080383,0.10736,-0.049938
0.042109,0.082627,-0.29702,-0.032295
0.042188,0.047477,-2.294,-0.25212
0.042266,0.14283,-2.5342,-0.66381
0.042344,0.14358,-2.1578,-1.0018
0.042422,0.18658,-2.415,-1.3375
0.0425,0.45619,-2.3004,-1.6636
0.042578,0.47227,-2.3609,-1.9625
0.042656,0.60464,-2.3147,-2.2469
0.042734,0.63157,-2.3503,-2.5082
0.042813,0.47451,-2.4026,-2.7669
0.042891,0.5493,-2.3836,-3.0069
0.042969,0.52051,-2.4284,-3.2339
0.043047,0.55678,-2.429,-3.4472
0.043125,0.64241,-2.4778,-3.6496
0.043203,0.65961,-2.4821,-3.8418
0.043281,0.70486,-2.4795,-4.0174
0.043359,0.7101,-2.4749,-4.1782
0.043438,0.71645,-2.4603,-4.3221
0.043516,0.63381,-2.4603,-4.4517
0.043594,0.59567,-2.4557,-4.568
0.043672,0.56015,-2.4503,-4.6715
0.04375,0.47975,-2.4364,-4.7621
0.043828,0.51939,-2.4127,-4.8383
0.043906,0.53023,-2.3875,-4.9006
0.043984,0.52313,-2.3686,-4.9506
0.044062,0.57062,-2.3381,-4.9881
0.044141,0.61586,-2.2949,-5.012
0.044219,0.56351,-2.2486,-5.023
0.044297,0.45956,-2.1936,-5.0215
0.044375,0.3197,-2.1409,-5.0081
0.044453,0.13049,-2.0977,-4.9849
0.044531,0.00036053,-2.0462,-4.9534
0.044609,-0.17202,-1.9853,-4.9124
0.044687,-0.29729,-1.9305,-4.8622
0.044766,-0.32758,-1.8543,-4.8037
0.044844,-0.38293,-1.7724,-4.7341
0.044922,-0.42219,-1.7236,-4.6584
0.045,-0.42369,-1.6422,-4.5782
0.045078,-0.40013,-1.5474,-4.4863
0.045156,-0.40499,-1.488,-4.3876
0.045234,-0.42967,-1.4008,-4.2858
0.045312,-0.48127,-1.2988,-4.175
0.045391,-0.55681,-1.2116,-4.0564
0.045469,-0.63234,-1.1257,-3.9331
0.045547,-0.69105,-1.0419,-3.8047
0.045625,-0.72022,-0.94288,-3.6704
0.045703,-0.76883,-0.84106,-3.5295
0.045781,-0.76883,-0.75007,-3.3832
0.045859,-0.7636,-0.66048,-3.2325
0.045937,-0.79538,-0.5738,-3.0792
0.046016,-0.79164,-0.465,-2.922
0.046094,-0.8051,-0.34294,-2.7573
0.046172,-0.81557,-0.20847,-2.5838
0.04625,-0.80136,-0.095269,-2.4025
0.046328,-0.74976,0.018142,-2.2178
0.046406,-0.67161,0.12875,-2.0275
0.046484,-0.6028,0.21829,-1.8367
0.046562,-0.48239,0.36347,-1.6407
0.046641,-0.3646,0.44119,-1.4422
0.046719,-0.25055,0.59326,-1.242
0.046797,-0.1365,0.68297,-1.0362
0.046875,-0.056104,0.81639,-0.83567
0.046953,0.013822,0.95739,-0.62155
0.047031,0.046355,0.99262,-0.42184
0.047109,0.060191,1.345,-0.19956
0.047188,0.079635,0.71253,-0.012533
0.047266,0.15293,-0.089822,0.00010178
0.047344,0.19705,0.11188,-0.016158
0.047422,0.25763,0.045098,-0.0058894
0.0475,0.35859,0.028445,-0.012728
0.047578,0.34438,0.051748,-0.0076177
0.047656,0.37692,0.0031463,-0.01025
0.047734,0.41581,0.049057,-0.0086338
0.047813,0.39412,0.010052,-0.0081126
0.047891,0.40683,0.029179,-0.008915
0.047969,0.37168,0.01205,-0.0067142
0.048047,0.31896,0.018007,-0.0079214
0.048125,0.27745,0.011477,-0.0066917
0.048203,0.24305,0.0070715,-0.0068154
0.048281,0.20453,0.015676,-0.0061856
0.048359,0.1892,0.0034013,-0.0057432
0.048438,0.18696,0.013655,-0.0053083
0.048516,0.14059,0.0041998,-0.0046522
0.048594,0.1088,0.0070565,-0.0047046
0.048672,0.051964,0.015364,-0.0036886
0.04875,-0.002631,0.011398,-0.0023389
0.048828,0.0089611,0.010078,-0.0013454
0.048906,0.003726,0.013756,-0.00026938
0.048984,-0.011605,0.0064904,0.00038297
0.049063,-0.010858,0.0084549,0.0010128
0.049141,-0.027685,0.0059506,0.0019201
0.049219,-0.044512,0.0029139,0.0016427
0.049297,-0.049747,0.011312,0.0030299
0.049375,-0.080784,-0.0040405,0.0025612
0.049453,-0.10696,0.01767,0.0035435
0.049531,-0.11593,-0.010245,0.0040909
0.049609,-0.11743,0.012163,0.0033748
0.049688,-0.11369,0.0008182,0.0058455
0.049766,-0.11107,-0.0039805,0.0029062
0.049844,-0.083402,0.022098,0.0075814
0.049922,-0.038155,-0.033751,0.0032661
0.05,-0.01011,0.062767,0.007124
0.050078,0.017562,-0.081383,0.0063441
0.050156,0.080757,0.099218,0.0035135
0.050234,0.091228,-0.10497,0.013584
0.050313,0.11965,0.15715,-0.0097248
0.050391,0.1533,2.275,0.1863
0.050469,0.26436,2.7297,0.59455
0.050547,0.41618,2.2597,0.94035
0.050625,0.40085,2.4805,1.2828
0.050703,0.56426,2.3481,1.6131
0.050781,0.62633,2.4263,1.9141
0.050859,0.56762,2.4061,2.2068
0.050938,0.67345,2.4267,2.4734
0.051016,0.64578,2.4926,2.7361
0.051094,0.72617,2.4897,2.982
0.051172,0.79573,2.5459,3.2167
0.05125,0.78189,2.5235,3.4365
0.051328,0.85294,2.5715,3.6415
0.051406,0.86752,2.595,3.8374
0.051484,0.89893,2.6187,4.0209
0.051563,0.89146,2.6261,4.1931
0.051641,0.90155,2.6066,4.3489
0.051719,0.87351,2.6019,4.4892
0.051797,0.80732,2.5934,4.6149
0.051875,0.79947,2.5979,4.7268
0.051953,0.7445,2.5657,4.8261
0.052031,0.77479,2.5442,4.913
0.052109,0.81891,2.5369,4.9877
0.052187,0.83125,2.5012,5.0492
0.052266,0.8234,2.4749,5.0976
0.052344,0.73889,2.4335,5.1335
0.052422,0.62559,2.378,5.1574
0.0525,0.43749,2.3235,5.1684
0.052578,0.21762,2.2661,5.1669
0.052656,-0.013475,2.211,5.1538
0.052734,-0.23672,2.1503,5.1303
0.052812,-0.43939,2.0915,5.0976
0.052891,-0.60205,2.0255,5.0561
0.052969,-0.6559,1.9497,5.0062
0.053047,-0.67198,1.8816,4.9473
0.053125,-0.6488,1.8115,4.8807
0.053203,-0.60243,1.7208,4.8044
0.053281,-0.57401,1.6561,4.7197
0.053359,-0.56803,1.5896,4.6311
0.053437,-0.59046,1.4927,4.5335
0.053516,-0.59196,1.4172,4.4287
0.053594,-0.64169,1.3293,4.32
0.053672,-0.70451,1.2408,4.2038
0.05375,-0.74041,1.1554,4.0803
0.053828,-0.79463,1.0661,3.952
0.053906,-0.86344,0.98226,3.8192
0.053984,-0.91953,0.87142,3.6796
0.054062,-0.95692,0.78167,3.5343
0.054141,-1.0444,0.70007,3.3856
0.054219,-1.074,0.60765,3.2324
0.054297,-1.0856,0.51828,3.0769
0.054375,-1.1016,0.39689,2.9157
0.054453,-1.0343,0.28036,2.7458
0.054531,-0.97749,0.14737,2.5675
0.054609,-0.84811,0.039336,2.3822
0.054688,-0.68993,-0.062116,2.195
0.054766,-0.55344,-0.17643,2.0025
0.054844,-0.39751,-0.26663,1.8091
0.054922,-0.29842,-0.41048,1.6105
0.055,-0.22924,-0.48433,1.4097
0.055078,-0.19633,-0.63452,1.2072
0.055156,-0.16529,-0.72152,0.99852
0.055234,-0.15071,-0.85607,0.79542
0.055313,-0.18511,-1.0056,0.57868
0.055391,-0.14772,-1.0338,0.37597
0.055469,-0.088263,-1.3724,0.1514
0.055547,-0.0052485,-0.74183,-0.035223
0.055625,0.15741,0.053158,-0.047194
0.055703,0.29315,-0.14363,-0.031039
0.055781,0.44011,-0.076584,-0.04064
0.055859,0.53135,-0.070818,-0.033881
0.055938,0.51527,-0.096086,-0.038747
0.056016,0.51116,-0.043698,-0.035658
0.056094,0.47713,-0.089657,-0.037217
0.056172,0.4087,-0.048309,-0.037525
0.05625,0.34551,-0.071429,-0.036738
0.056328,0.25576,-0.052691,-0.038413
0.056406,0.15517,-0.055083,-0.03736
0.056484,0.12002,-0.055102,-0.038927
0.056563,0.10506,-0.044376,-0.038376
0.056641,0.068417,-0.054663,-0.038867
0.056719,0.057947,-0.041819,-0.039156
0.056797,0.03065,-0.046862,-0.039298
0.056875,-0.0030049,-0.043435,-0.039864
0.056953,-0.0048746,-0.04405,-0.040205
0.057031,0.0044739,-0.050093,-0.04136
0.057109,0.003726,-0.042202,-0.042444
0.057188,0.019431,-0.04886,-0.043471
0.057266,0.060939,-0.051289,-0.044555
0.057344,0.066174,-0.038711,-0.045008
0.057422,0.063182,-0.043821,-0.045728
0.0575,0.03738,-0.033763,-0.04626
0.057578,-0.025067,-0.046337,-0.046399
0.057656,-0.071436,-0.039004,-0.04752
0.057734,-0.15557,-0.03118,-0.046695
0.057813,-0.24307,-0.045565,-0.04854
0.057891,-0.26214,-0.019123,-0.047591
0.057969,-0.26364,-0.057621,-0.04869
0.058047,-0.2326,-0.012472,-0.049222
0.058125,-0.16081,-0.05325,-0.047614
0.058203,-0.056478,-0.022651,-0.051884
0.058281,0.052338,-0.020776,-0.046437
0.058359,0.14582,-0.067575,-0.053665
0.058438,0.23856,0.043017,-0.045964
0.058516,0.24791,-0.15974,-0.05371
0.058594,0.27259,0.19029,-0.047854
0.058672,0.22771,-0.71359,-0.057215
0.05875,0.19481,-2.559,-0.35028
0.058828,0.28455,-2.3993,-0.75937
0.058906,0.22622,-2.2904,-1.0934
0.058984,0.41394,-2.4566,-1.439
0.059063,0.62484,-2.3506,-1.7544
0.059141,0.64017,-2.4616,-2.0546
0.059219,0.88211,-2.3885,-2.336
0.059297,0.90753,-2.4731,-2.5982
0.059375,0.85182,-2.4958,-2.8563
0.059453,0.93595,-2.5209,-3.0959
0.059531,0.90417,-2.5571,-3.3266
0.059609,0.9195,-2.5483,-3.5395
0.059688,0.9625,-2.5988,-3.7413
0.059766,0.98045,-2.6095,-3.9328
0.059844,0.96811,-2.6365,-4.1125
0.059922,0.9655,-2.6282,-4.2798
0.06,0.94194,-2.614,-4.4301
0.060078,0.85743,-2.6033,-4.5659
0.060156,0.84247,-2.587,-4.6874
0.060234,0.79386,-2.5797,-4.7961
0.060312,0.75235,-2.5561,-4.8921
0.060391,0.75871,-2.5379,-4.9755
0.060469,0.73029,-2.5051,-5.0471
0.060547,0.72804,-2.4665,-5.1049
0.060625,0.69738,-2.4388,-5.1497
0.060703,0.64279,-2.3945,-5.183
0.060781,0.56837,-2.345,-5.2043
0.060859,0.45058,-2.2886,-5.2122
0.060937,0.27595,-2.2296,-5.2075
0.061016,0.06393,-2.1768,-5.1924
0.061094,-0.13874,-2.1173,-5.1671
0.061172,-0.36161,-2.0621,-5.1332
0.06125,-0.51156,-1.9997,-5.0908
0.061328,-0.61626,-1.9311,-5.039
0.061406,-0.70115,-1.8604,-4.9793
0.061484,-0.72284,-1.7727,-4.9094
0.061562,-0.75387,-1.7148,-4.8314
0.061641,-0.72994,-1.6478,-4.7502
0.061719,-0.67759,-1.5406,-4.6586
0.061797,-0.65067,-1.4736,-4.5584
0.061875,-0.63234,-1.4036,-4.4554
0.061953,-0.63833,-1.3055,-4.3447
0.062031,-0.67385,-1.2143,-4.2255
0.062109,-0.74415,-1.1265,-4.1005
0.062187,-0.8066,-1.0486,-3.9709
0.062266,-0.87615,-0.9508,-3.8361
0.062344,-0.9457,-0.84858,-3.6943
0.062422,-1.019,-0.76141,-3.5469
0.0625,-1.0691,-0.66688,-3.3949
0.062578,-1.0919,-0.58738,-3.2399
0.062656,-1.1166,-0.48647,-3.0815
0.062734,-1.0676,-0.35999,-2.9157
0.062813,-0.99843,-0.2388,-2.7421
0.062891,-0.89821,-0.1113,-2.5596
0.062969,-0.77893,-0.020521,-2.3729
0.063047,-0.64506,0.10411,-2.1826
0.063125,-0.48314,0.19452,-1.9881
0.063203,-0.39078,0.30273,-1.7933
0.063281,-0.29094,0.43221,-1.5901
0.063359,-0.19446,0.51402,-1.3892
0.063438,-0.14473,0.6738,-1.1819
0.063516,-0.094246,0.73478,-0.97508
0.063594,-0.047504,0.93369,-0.76628
0.063672,-0.034416,0.96962,-0.55055
0.06375,-0.014971,1.1556,-0.34698
0.063828,0.023171,1.281,-0.11303
0.063906,0.087488,0.2822,0.010524
0.063984,0.20154,-0.076696,-0.012559
0.064062,0.30063,0.13794,-0.010133
0.064141,0.41169,-0.0019111,-0.0083001
0.064219,0.47676,0.07314,-0.011303
0.064297,0.49059,0.023207,-0.0069054
0.064375,0.49172,0.02681,-0.01061
0.064453,0.47115,0.038841,-0.0069691
0.064531,0.4618,0.01316,-0.0089112
0.064609,0.41543,0.032835,-0.007449
0.064687,0.3384,0.0085786,-0.0070479
0.064766,0.22098,0.026499,-0.0072691
0.064844,0.1346,0.01226,-0.0061181
0.064922,0.086366,0.015398,-0.006523
0.065,0.01831,0.012091,-0.0053383
0.065078,0.0059696,0.0087586,-0.0054957
0.065156,-0.030302,0.015072,-0.0049896
0.065234,-0.070688,0.0049159,-0.0044235
0.065312,-0.059096,0.013711,-0.0039061
0.065391,-0.060965,0.014652,-0.0024064
0.065469,-0.040399,0.0058044,-0.0013979
0.065547,0.029902,0.0093809,-0.00057681
0.065625,0.084123,0.009231,0.00060417
0.065703,0.080757,0.010543,0.0010091
0.065781,0.085245,0.010457,0.0020139
0.065859,0.065052,-0.0010301,0.0020364
0.065937,0.0014823,0.016991,0.0028162
0.066016,-0.064331,0.0008032,0.0034085
0.066094,-0.13314,0.011593,0.0030936
0.066172,-0.17726,0.0031763,0.0050207
0.06625,-0.20568,-0.0030545,0.0032248
0.066328,-0.22587,0.01887,0.0059692
0.066406,-0.20381,-0.021263,0.0041396
0.066484,-0.15669,0.041461,0.0058942
0.066562,-0.080784,-0.03491,0.0063291
0.066641,0.042989,0.047362,0.0041734
0.066719,0.12825,-0.020506,0.010232
0.066797,0.21313,-0.0050865,0.000278
0.066875,0.24566,0.069624,0.015916
0.066953,0.25576,-0.19198,-0.0086338
0.067031,0.27408,1.5208,0.078058
0.067109,0.27894,2.8575,0.44952
0.067187,0.45507,2.3094,0.82583
0.067266,0.46629,2.4155,1.1584
0.067344,0.50256,2.41,1.5011
0.067422,0.67569,2.3907,1.806
0.0675,0.61175,2.4572,2.1046
0.067578,0.72692,2.4023,2.3769
0.067656,0.80807,2.5006,2.6399
0.067734,0.79722,2.4859,2.8918
0.067812,0.93521,2.542,3.1284
0.067891,0.90155,2.5433,3.3541
0.067969,0.87986,2.5551,3.5614
0.068047,0.92062,2.594,3.7607
0.068125,0.93109,2.6048,3.948
0.068203,0.93895,2.6141,4.1242
0.068281,0.94194,2.5974,4.2862
0.068359,0.92885,2.5858,4.4312
0.068437,0.84172,2.5621,4.5623
0.068516,0.82676,2.5563,4.6797
0.068594,0.75272,2.5358,4.7846
0.068672,0.67495,2.5144,4.8774
0.06875,0.68504,2.4892,4.9578
0.068828,0.62297,2.4416,5.0252
0.068906,0.59717,2.4087,5.0797
0.068984,0.57922,2.3672,5.1221
0.069062,0.53098,2.3208,5.1521
0.069141,0.45843,2.2656,5.1695
0.069219,0.34887,2.195,5.1748
0.069297,0.18845,2.1385,5.1679
0.069375,-0.024319,2.0865,5.1502
0.069453,-0.22737,2.0228,5.1231
0.069531,-0.46183,1.9626,5.0869
0.069609,-0.6402,1.9016,5.042
0.069687,-0.72807,1.8243,4.9879
0.069766,-0.78154,1.754,4.9256
0.069844,-0.77855,1.668,4.8533
0.069922,-0.74191,1.5987,4.7725
0.07,-0.68507,1.5415,4.6888
0.070078,-0.65852,1.4371,4.5956
0.070156,-0.58485,1.3628,4.4927
0.070234,-0.53175,1.3013,4.3874
0.070313,-0.59009,1.2016,4.2751
0.070391,-0.65478,1.0993,4.1543
0.070469,-0.74677,1.0265,4.0281
0.070547,-0.82567,0.94777,3.8974
0.070625,-0.92177,0.84232,3.7606
0.070703,-0.98347,0.76054,3.6174
0.070781,-0.99656,0.67573,3.4699
0.070859,-1.0317,0.58403,3.318
0.070938,-1.0209,0.50584,3.1633
0.071016,-1.0254,0.3966,3.0041
0.071094,-0.9902,0.27381,2.8358
0.071172,-0.91878,0.15388,2.6597
0.07125,-0.8339,0.039444,2.4754
0.071328,-0.71498,-0.051987,2.2884
0.071406,-0.61252,-0.17338,2.0969
0.071484,-0.47791,-0.2592,1.9023
0.071563,-0.3661,-0.38472,1.7062
0.071641,-0.26962,-0.48399,1.5029
0.071719,-0.18549,-0.58973,1.302
0.071797,-0.13987,-0.7277,1.0922
0.071875,-0.073305,-0.78978,0.88727
0.071953,-0.072183,-0.99893,0.67451
0.072031,-0.11145,-0.99569,0.46271
0.072109,-0.09275,-1.2732,0.25326
0.072188,-0.07854,-1.1587,0.025547
0.072266,0.0089611,-0.12866,-0.055705
0.072344,0.11815,-0.031026,-0.028126
0.072422,0.18583,-0.15139,-0.0367
0.0725,0.31409,-0.028514,-0.033277
0.072578,0.37505,-0.11096,-0.033791
0.072656,0.41693,-0.043934,-0.03538
0.072734,0.46853,-0.080719,-0.032891
0.072813,0.44871,-0.060587,-0.036044
0.072891,0.44796,-0.054022,-0.033881
0.072969,0.39412,-0.065637,-0.03571
0.073047,0.26137,-0.043139,-0.035092
0.073125,0.16788,-0.059773,-0.035605
0.073203,0.091228,-0.042183,-0.036025
0.073281,-0.0018831,-0.050592,-0.036044
0.073359,-0.053861,-0.047207,-0.037049
0.073438,-0.062835,-0.047132,-0.036771
0.073516,-0.087515,-0.051057,-0.037274
0.073594,-0.12192,-0.043341,-0.0376
0.073672,-0.10434,-0.04796,-0.038368
0.07375,-0.07181,-0.04414,-0.039898
0.073828,-0.019084,-0.04273,-0.040862
0.073906,0.037754,-0.049531,-0.041649
0.073984,0.048225,-0.037373,-0.042462
0.074063,0.088236,-0.039686,-0.042826
0.074141,0.091228,-0.035978,-0.043703
0.074219,0.045607,-0.033302,-0.043625
0.074297,0.022423,-0.045197,-0.044873
0.074375,-0.026563,-0.028829,-0.044393
0.074453,-0.093872,-0.046929,-0.045162
0.074531,-0.12341,-0.019471,-0.045934
0.074609,-0.13837,-0.046813,-0.045008
0.074688,-0.17315,-0.033174,-0.04779
0.074766,-0.17726,-0.024589,-0.044776
0.074844,-0.13613,-0.05337,-0.049042
0.074922,-0.064705,0.0093135,-0.045188
0.075,0.0127,-0.095693,-0.048439
0.075078,0.10319,0.045705,-0.048191
0.075156,0.14358,-0.11513,-0.0443
0.075234,0.19107,0.053882,-0.05581
0.075313,0.21911,-0.13521,-0.030368
0.075391,0.18509,-2.1113,-0.21674
0.075469,0.32494,-2.6113,-0.62846
0.075547,0.34551,-2.2088,-0.97961
0.075625,0.38926,-2.455,-1.3182
0.075703,0.63905,-2.3596,-1.6479
0.075781,0.68093,-2.428,-1.9499
0.075859,0.85369,-2.3966,-2.2413
0.075938,0.97709,-2.4227,-2.5058
0.076016,0.8851,-2.4963,-2.7676
0.076094,0.9625,-2.4902,-3.0125
0.076172,0.94306,-2.5432,-3.2466
0.07625,0.90903,-2.5248,-3.4658
0.076328,0.96475,-2.5681,-3.6701
0.076406,0.95615,-2.5884,-3.8661
0.076484,0.95203,-2.6047,-4.0496
0.076563,0.94044,-2.6136,-4.2223
0.076641,0.90791,-2.5858,-4.3785
0.076719,0.84322,-2.5677,-4.5194
0.076797,0.80732,-2.5557,-4.6461
0.076875,0.75347,-2.5431,-4.759
0.076953,0.6899,-2.5222,-4.8607
0.077031,0.69252,-2.4966,-4.9495
0.077109,0.67457,-2.4688,-5.0256
0.077188,0.63381,-2.4335,-5.0895
0.077266,0.59978,-2.3893,-5.1399
0.077344,0.57211,-2.3489,-5.1781
0.077422,0.48012,-2.2966,-5.2048
0.0775,0.3743,-2.2385,-5.2185
0.077578,0.25688,-2.1798,-5.2198
0.077656,0.069913,-2.1208,-5.2097
0.077734,-0.10434,-2.0658,-5.1896
0.077813,-0.32459,-2.0073,-5.1605
0.077891,-0.49847,-1.9447,-5.1227
0.077969,-0.59869,-1.8792,-5.0756
0.078047,-0.71498,-1.8127,-5.0206
0.078125,-0.76621,-1.7229,-4.9555
0.078203,-0.7808,-1.6574,-4.8804
0.078281,-0.75238,-1.6035,-4.8024
0.078359,-0.70414,-1.4996,-4.7157
0.078438,-0.65179,-1.4286,-4.6183
0.078516,-0.59383,-1.3675,-4.5179
0.078594,-0.57139,-1.264,-4.4108
0.078672,-0.58784,-1.1755,-4.2946
0.07875,-0.65366,-1.0951,-4.1722
0.078828,-0.71872,-1.0124,-4.045
0.078906,-0.79089,-0.92704,-3.9127
0.078984,-0.86119,-0.82399,-3.7732
0.079063,-0.92888,-0.73111,-3.6277
0.079141,-0.97861,-0.64474,-3.4778
0.079219,-0.99581,-0.55781,-3.3236
0.079297,-0.99918,-0.47549,-3.1668
0.079375,-0.96103,-0.3553,-3.0036
0.079453,-0.91354,-0.24038,-2.8314
0.079531,-0.81408,-0.11821,-2.6513
0.079609,-0.71087,-0.0094541,-2.4641
0.079688,-0.6316,0.084335,-2.275
0.079766,-0.4981,0.19912,-2.0807
0.079844,-0.39153,0.28742,-1.8856
0.079922,-0.28982,0.42503,-1.6846
0.08,-0.19259,0.49656,-1.481
0.080078,-0.13725,0.64129,-1.2771
0.080156,-0.064705,0.73137,-1.0655
0.080234,-0.028807,0.84919,-0.86012
0.080312,-0.041894,1.0104,-0.64133
0.080391,-0.019832,1.0282,-0.43597
0.080469,0.0070914,1.3724,-0.21023
0.080547,0.017936,0.76027,-0.015202
0.080625,0.083001,-0.09477,0.0021001
0.080703,0.15629,0.11071,-0.015802
0.080781,0.2494,0.045203,-0.0050158
0.080859,0.33915,0.023166,-0.012042
0.080937,0.36981,0.06439,-0.006703
0.081016,0.41244,-0.0023122,-0.0093649
0.081094,0.42927,0.056124,-0.0079289
0.081172,0.44609,0.010262,-0.0069729
0.08125,0.43151,0.029449,-0.0080826
0.081328,0.32344,0.018982,-0.0061068
0.081406,0.25763,0.01755,-0.0071341
0.081484,0.172,0.023144,-0.0054957
0.081562,0.050842,0.0068953,-0.0060056
0.081641,-0.017215,0.018075,-0.0052183
0.081719,-0.051991,0.01106,-0.0046597
0.081797,-0.04526,0.014045,-0.0047234
0.081875,-0.074427,0.0095496,-0.0038198
0.081953,-0.088637,0.011447,-0.0036849
0.082031,-0.053113,0.017944,-0.0025901
0.082109,-0.032546,0.010862,-0.0011879
0.082187,0.014196,0.0084099,-0.00038186
0.082266,0.068043,0.012054,0.00076164
0.082344,0.11179,0.0070078,0.0014477
0.082422,0.12638,0.012223,0.0017327
0.0825,0.087114,0.011908,0.0027787
0.082578,0.058321,0.0050733,0.0025312
0.082656,0.048599,0.013171,0.0037497
0.082734,0.0067175,-0.0023572,0.0034573
0.082812,-0.023198,0.015837,0.0042821
0.082891,-0.053113,-0.0053302,0.0055381
0.082969,-0.097985,0.013512,0.0040722
0.083047,-0.12304,0.0038699,0.0069665
0.083125,-0.11406,-0.0063162,0.0041771
0.083203,-0.072183,0.033416,0.0082225
0.083281,-0.032172,-0.041917,0.0051932
0.083359,0.038876,0.066115,0.007169
0.083437,0.095341,-0.068194,0.0084849
0.083516,0.13722,0.070655,0.0030261
0.083594,0.17013,-0.053831,0.016141
0.083672,0.19481,0.026705,-0.010992
0.08375,0.20939,2.0742,0.15269
0.083828,0.30998,2.7698,0.55451
0.083906,0.44834,2.2441,0.9072
0.083984,0.38851,2.4433,1.2437
0.084062,0.50443,2.3458,1.5747
0.084141,0.5852,2.4116,1.8762
0.084219,0.5407,2.3988,2.1694
0.084297,0.71645,2.3857,2.4348
0.084375,0.73851,2.4748,2.6965
0.084453,0.7961,2.4603,2.9425
0.084531,0.88846,2.5072,3.1763
0.084609,0.85631,2.4893,3.3956
0.084687,0.88547,2.5238,3.5998
0.084766,0.88809,2.542,3.7963
0.084844,0.9195,2.5461,3.98
0.084922,0.90604,2.5501,4.1517
0.085,0.86977,2.521,4.3065
0.085078,0.80994,2.5094,4.4462
0.085156,0.72393,2.4898,4.5721
0.085234,0.7,2.4701,4.6845
0.085312,0.61025,2.4534,4.7855
0.085391,0.57922,2.4159,4.8738
0.085469,0.58931,2.3848,4.9491
0.085547,0.56501,2.3501,5.0112
0.085625,0.56576,2.3003,5.0605
0.085703,0.53547,2.2578,5.0982
0.085781,0.4805,2.1974,5.1234
0.085859,0.4016,2.1413,5.1358
0.085938,0.26773,2.0836,5.1365
0.086016,0.069913,2.0216,5.1255
0.086094,-0.1208,1.9679,5.1046
0.086172,-0.31225,1.9001,5.0747
0.08625,-0.50109,1.8325,5.0356
0.086328,-0.61365,1.7658,4.9874
0.086406,-0.7075,1.7035,4.9303
0.086484,-0.74078,1.6203,4.8644
0.086563,-0.72209,1.5412,4.7884
0.086641,-0.7191,1.492,4.7076
0.086719,-0.6903,1.4057,4.6214
0.086797,-0.64767,1.3145,4.5229
0.086875,-0.61664,1.2504,4.4186
0.086953,-0.63533,1.1766,4.3113
0.087031,-0.64506,1.0748,4.1952
0.087109,-0.66525,0.9813,4.0718
0.087188,-0.73218,0.91849,3.9441
0.087266,-0.78977,0.82869,3.8112
0.087344,-0.84511,0.73072,3.6713
0.087422,-0.8855,0.65014,3.5257
0.0875,-0.92626,0.56041,3.3759
0.087578,-0.93448,0.48071,3.2224
0.087656,-0.94608,0.38788,3.0659
0.087734,-0.9472,0.26738,2.9012
0.087813,-0.88737,0.15053,2.7276
0.087891,-0.8051,0.03003,2.5461
0.087969,-0.68208,-0.059263,2.3593
0.088047,-0.58448,-0.17145,2.1696
0.088125,-0.47529,-0.26197,1.9748
0.088203,-0.35301,-0.36455,1.7802
0.088281,-0.25504,-0.49001,1.578
0.088359,-0.16492,-0.5601,1.3762
0.088438,-0.1193,-0.71623,1.1698
0.088516,-0.051243,-0.76964,0.96134
0.088594,-0.03292,-0.9648,0.75334
0.088672,-0.046008,-1.0267,0.53619
0.08875,-0.0041267,-1.1393,0.33268
0.088828,-0.0067443,-1.3551,0.098292
0.088906,0.031771,-0.43794,-0.046812
0.088984,0.11965,0.058422,-0.031129
0.089063,0.19369,-0.17434,-0.027938
0.089141,0.29689,-0.037695,-0.032445
0.089219,0.31484,-0.090433,-0.027455
0.089297,0.31409,-0.064692,-0.032385
0.089375,0.36981,-0.055005,-0.028452
0.089453,0.36084,-0.072857,-0.031564
0.089531,0.35448,-0.041519,-0.030398
0.089609,0.34663,-0.071856,-0.031028
0.089688,0.27371,-0.041958,-0.031684
0.089766,0.20416,-0.054154,-0.031211
0.089844,0.12675,-0.044747,-0.032317
0.089922,0.066174,-0.044249,-0.031755
0.09,0.014944,-0.051061,-0.032955
0.090078,-0.041521,-0.039292,-0.032658
0.090156,-0.057226,-0.044807,-0.033018
0.090234,-0.094994,-0.041632,-0.033746
0.090313,-0.12192,-0.038097,-0.033821
0.090391,-0.098733,-0.043428,-0.034987
0.090469,-0.064705,-0.038524,-0.036239
0.090547,-0.019458,-0.038974,-0.037262
0.090625,0.032893,-0.044504,-0.038402
0.090703,0.082253,-0.032203,-0.03856
0.090781,0.10132,-0.055008,-0.039369
0.090859,0.099828,-0.046839,-0.040048
0.090938,0.075522,-0.033002,-0.039771
0.091016,0.031397,-0.035828,-0.041229
0.091094,0.0055957,-0.029403,-0.040505
0.091172,-0.040399,-0.048485,-0.042031
0.09125,-0.075549,-0.02,-0.041356
0.091328,-0.083402,-0.05268,-0.042181
0.091406,-0.1006,-0.014699,-0.043392
0.091484,-0.092002,-0.042194,-0.040922
0.091563,-0.052365,-0.027536,-0.045383
0.091641,0.013822,-0.008768,-0.040172
0.091719,0.077766,-0.076929,-0.04701
0.091797,0.12114,0.051475,-0.040659
0.091875,0.13423,-0.15295,-0.045593
0.091953,0.18583,0.1712,-0.044734
0.092031,0.17611,-0.54782,-0.041844
0.092109,0.16714,-2.4849,-0.30885
0.092188,0.32195,-2.455,-0.72028
0.092266,0.30774,-2.2347,-1.0546
0.092344,0.41768,-2.4409,-1.3959
0.092422,0.64989,-2.3339,-1.7156
0.0925,0.68242,-2.423,-2.0161
0.092578,0.8836,-2.3542,-2.2984
0.092656,0.92361,-2.4207,-2.5602
0.092734,0.8664,-2.4504,-2.8182
0.092813,0.94268,-2.4634,-3.0584
0.092891,0.86603,-2.4957,-3.2886
0.092969,0.85705,-2.4728,-3.5014
0.093047,0.87874,-2.5218,-3.7033
0.093125,0.87949,-2.5378,-3.8963
0.093203,0.86453,-2.5475,-4.0769
0.093281,0.81592,-2.5293,-4.2436
0.093359,0.78189,-2.5055,-4.3932
0.093438,0.69402,-2.4907,-4.5288
0.093516,0.64129,-2.4689,-4.6505
0.093594,0.57211,-2.4509,-4.7595
0.093672,0.52537,-2.4277,-4.856
0.09375,0.52238,-2.4005,-4.9406
0.093828,0.51677,-2.3621,-5.0124
0.093906,0.51116,-2.3185,-5.0706
0.093984,0.48125,-2.2765,-5.1166
0.094063,0.47489,-2.2286,-5.1506
0.094141,0.40421,-2.1735,-5.1723
0.094219,0.31709,-2.1101,-5.1814
0.094297,0.19443,-2.0502,-5.1779
0.094375,0.0067175,-1.9982,-5.1647
0.094453,-0.14996,-1.939,-5.142
0.094531,-0.34852,-1.8798,-5.1102
0.094609,-0.50558,-1.8163,-5.0694
0.094688,-0.60505,-1.7498,-5.0196
0.094766,-0.68058,-1.6694,-4.9609
0.094844,-0.69703,-1.5947,-4.8912
0.094922,-0.68507,-1.5491,-4.8163
0.095,-0.64954,-1.4569,-4.7354
0.095078,-0.6372,-1.3668,-4.6427
0.095156,-0.5942,-1.3133,-4.5455
0.095234,-0.55756,-1.2243,-4.443
0.095313,-0.55269,-1.1359,-4.331
0.095391,-0.57326,-1.0543,-4.2122
0.095469,-0.63683,-0.97239,-4.0879
0.095547,-0.67497,-0.88907,-3.9586
0.095625,-0.74191,-0.79448,-3.8226
0.095703,-0.77332,-0.70727,-3.6799
0.095781,-0.8309,-0.61727,-3.5326
0.095859,-0.88251,-0.53831,-3.3805
0.095938,-0.83651,-0.46139,-3.2255
0.096016,-0.86718,-0.34729,-3.0657
0.096094,-0.85745,-0.23237,-2.8969
0.096172,-0.79613,-0.11286,-2.7201
0.09625,-0.72321,0.0022128,-2.5348
0.096328,-0.60056,0.088654,-2.3463
0.096406,-0.48426,0.20494,-2.1539
0.096484,-0.36909,0.28902,-1.9583
0.096562,-0.2857,0.4092,-1.7604
0.096641,-0.17539,0.48851,-1.5558
0.096719,-0.094246,0.60214,-1.3533
0.096797,-0.051991,0.74527,-1.1416
0.096875,0.003726,0.80405,-0.93469
0.096953,-0.013101,1.0076,-0.71981
0.097031,-0.011605,0.99044,-0.5067
0.097109,0.02878,1.2819,-0.29467
0.097187,-0.0018831,1.1337,-0.065861
0.097266,0.024667,0.08318,0.012631
0.097344,0.13012,0.0080725,-0.015285
0.097422,0.20677,0.11889,-0.0058069
0.0975,0.27109,-0.0023985,-0.0092411
0.097578,0.3025,0.076522,-0.0082551
0.097656,0.33279,0.0058081,-0.0067892
0.097734,0.36495,0.044063,-0.0089412
0.097812,0.37056,0.024868,-0.0055857
0.097891,0.36308,0.021696,-0.007824
0.097969,0.33391,0.029858,-0.0056794
0.098047,0.25875,0.010498,-0.0062643
0.098125,0.18396,0.026728,-0.0055557
0.098203,0.129,0.010956,-0.0051358
0.098281,0.05346,0.015271,-0.005147
0.098359,0.023171,0.0063255,-0.0039173
0.098437,0.0070914,0.011218,-0.0042023
0.098516,-0.029181,0.015814,-0.0033587
0.098594,-0.054608,0.0058419,-0.0029913
0.098672,-0.072931,0.011604,-0.0025564
0.09875,-0.044886,0.014708,-0.0012067
0.098828,-0.0011352,0.0090623,-8.9423e-05
0.098906,0.033641,0.014427,0.00091535
0.098984,0.084123,0.014348,0.0019614
0.099062,0.12488,0.0066816,0.0022426
0.099141,0.13199,0.011739,0.0032136
0.099219,0.11965,0.0040948,0.0034535
0.099297,0.093845,0.014382,0.0039147
0.099375,0.055329,0.0034987,0.0047545
0.099453,0.013074,0.0072777,0.0040384
0.099531,-0.041147,0.0065129,0.0061267
0.099609,-0.065079,-0.0030883,0.004717
0.099687,-0.081532,0.027222,0.0070003
0.099766,-0.096489,-0.021173,0.0060405
0.099844,-0.064705,0.039624,0.0063104
0.099922,-0.014223,-0.025642,0.0086161
0.1,0.041868,0.02119,0.0043271
0.10008,0.073652,0.011199,0.012002
0.10016,0.13722,-0.047829,0.0019989
0.10023,0.15592,0.10984,0.01511
0.10031,0.1548,-0.24069,-0.0018853
0.10039,0.1791,1.1248,0.045429
0.10047,0.18097,2.8011,0.38412
0.10055,0.38253,2.3716,0.77401
0.10063,0.42665,2.3297,1.1028
0.1007,0.43076,2.4034,1.4451
0.10078,0.61511,2.3275,1.7543
0.10086,0.54706,2.4069,2.054
0.10094,0.62222,2.3344,2.3288
0.10102,0.72543,2.432,2.591
0.10109,0.71533,2.4244,2.8459
0.10117,0.82863,2.4517,3.0839
0.10125,0.80208,2.4591,3.3108
0.10133,0.81966,2.4609,3.5199
0.10141,0.84172,2.5072,3.7216
0.10148,0.83798,2.5064,3.9117
0.10156,0.86939,2.5086,4.089
0.10164,0.82153,2.4718,4.2508
0.10172,0.79199,2.4606,4.3964
0.1018,0.69888,2.4428,4.5289
0.10188,0.6282,2.4183,4.6471
0.10195,0.53621,2.4029,4.7537
0.10203,0.46666,2.3659,4.8483
0.10211,0.48424,2.3333,4.9297
0.10219,0.42067,2.2768,4.9979
0.10227,0.4274,2.2382,5.0534
0.10234,0.44423,2.2028,5.0967
0.10242,0.41244,2.1415,5.1279
0.1025,0.37879,2.0926,5.1464
0.10258,0.28904,2.0303,5.1523
0.10266,0.15068,1.9679,5.1465
0.10273,-0.040025,1.9035,5.1307
0.10281,-0.21802,1.846,5.1053
0.10289,-0.38779,1.7919,5.0703
0.10297,-0.54746,1.7168,5.0265
0.10305,-0.65852,1.6542,4.9736
0.10313,-0.70526,1.5826,4.9127
0.1032,-0.6918,1.4999,4.841
0.10328,-0.68021,1.4418,4.7618
0.10336,-0.6387,1.3655,4.6787
0.10344,-0.6129,1.2819,4.5849
0.10352,-0.60243,1.2183,4.4841
0.10359,-0.57401,1.1279,4.3795
0.10367,-0.58859,1.0401,4.2662
0.10375,-0.63459,0.96797,4.1457
0.10383,-0.66787,0.88979,4.0201
0.10391,-0.70077,0.80988,3.8895
0.10398,-0.77033,0.71276,3.7522
0.10406,-0.76883,0.62728,3.6085
0.10414,-0.77182,0.54855,3.4606
0.10422,-0.81819,0.46189,3.3086
0.1043,-0.79052,0.37909,3.1536
0.10437,-0.77481,0.26521,2.9912
0.10445,-0.77519,0.15198,2.8195
0.10453,-0.75425,0.035808,2.6409
0.10461,-0.68918,-0.065157,2.4548
0.10469,-0.60056,-0.15519,2.266
0.10477,-0.50109,-0.26451,2.0722
0.10484,-0.3747,-0.34349,1.8774
0.10492,-0.27523,-0.48223,1.6774
0.105,-0.18436,-0.55049,1.4727
0.10508,-0.10771,-0.67766,1.2693
0.10516,-0.064705,-0.78448,1.057
0.10523,-0.02058,-0.87516,0.85093
0.10531,-0.020206,-1.0483,0.63266
0.10539,-0.027311,-1.0373,0.42411
0.10547,-0.026937,-1.3742,0.20244
0.10555,-0.040025,-0.92176,-0.0073291
0.10562,0.040746,0.022952,-0.043943
0.1057,0.10992,-0.1003,-0.02089
0.10578,0.19743,-0.099333,-0.032017
0.10586,0.29054,-0.04041,-0.025336
0.10594,0.25987,-0.098639,-0.029483
0.10602,0.29278,-0.036076,-0.027848
0.10609,0.32643,-0.082432,-0.027638
0.10617,0.28829,-0.043255,-0.029483
0.10625,0.27109,-0.061547,-0.027781
0.10633,0.23744,-0.05451,-0.029892
0.10641,0.18284,-0.047349,-0.028891
0.10648,0.11927,-0.054652,-0.030135
0.10656,0.080383,-0.041951,-0.029925
0.10664,0.051964,-0.04721,-0.030326
0.10672,0.0011084,-0.037332,-0.030743
0.1068,-0.016841,-0.043773,-0.030581
0.10687,-0.015345,-0.038708,-0.031665
0.10695,-0.051617,-0.041778,-0.031841
0.10703,-0.060591,-0.045651,-0.032553
0.10711,-0.015719,-0.040503,-0.033761
0.10719,-0.0056225,-0.040605,-0.034634
0.10727,0.022423,-0.04225,-0.035935
0.10734,0.096463,-0.038273,-0.036726
0.10742,0.15106,-0.041512,-0.036902
0.1075,0.15293,-0.038486,-0.038091
0.10758,0.11778,-0.027997,-0.037671
0.10766,0.09048,-0.039439,-0.03871
0.10773,0.037006,-0.02334,-0.038796
0.10781,-0.0078661,-0.042209,-0.039055
0.10789,-0.04526,-0.023925,-0.040629
0.10797,-0.072931,-0.036623,-0.038968
0.10805,-0.072183,-0.036844,-0.042016
0.10812,-0.073679,-0.0095553,-0.039291
0.1082,-0.037407,-0.062851,-0.042631
0.10828,0.014944,0.014588,-0.04082
0.10836,0.065426,-0.082065,-0.041
0.10844,0.13535,0.027496,-0.044232
0.10852,0.16115,-0.07075,-0.036569
0.10859,0.15966,-0.014448,-0.051513
0.10867,0.17424,0.045844,-0.023897
0.10875,0.12974,-1.8165,-0.15929
0.10883,0.21201,-2.6842,-0.55613
0.10891,0.2782,-2.1884,-0.91963
0.10898,0.29128,-2.3917,-1.2519
0.10906,0.53584,-2.339,-1.5866
0.10914,0.61773,-2.3677,-1.8903
0.10922,0.73029,-2.3645,-2.1845
0.1093,0.8922,-2.3409,-2.451
0.10938,0.80021,-2.426,-2.7126
0.10945,0.84284,-2.4089,-2.9607
0.10953,0.86004,-2.453,-3.1956
0.10961,0.80732,-2.433,-3.4165
0.10969,0.82901,-2.469,-3.6222
0.10977,0.85257,-2.4935,-3.8216
0.10984,0.85406,-2.4907,-4.0081
0.10992,0.8047,-2.4863,-4.182
0.11,0.79311,-2.4491,-4.3386
0.11008,0.70449,-2.4366,-4.4797
0.11016,0.62596,-2.412,-4.6079
0.11023,0.55902,-2.3895,-4.7222
0.11031,0.46517,-2.3742,-4.8254
0.11039,0.46741,-2.3406,-4.9166
0.11047,0.44123,-2.3029,-4.9944
0.11055,0.42889,-2.2617,-5.059
0.11063,0.42328,-2.219,-5.111
0.1107,0.41655,-2.1725,-5.1512
0.11078,0.393,-2.1124,-5.1785
0.11086,0.33653,-2.0553,-5.1932
0.11094,0.26361,-1.9927,-5.1958
0.11102,0.10731,-1.9299,-5.1872
0.11109,-0.063957,-1.8816,-5.1689
0.11117,-0.25392,-1.8276,-5.1418
0.11125,-0.41172,-1.7622,-5.1062
0.11133,-0.53437,-1.6977,-5.0607
0.11141,-0.61776,-1.6259,-5.0067
0.11148,-0.62225,-1.5432,-4.9421
0.11156,-0.65553,-1.4921,-4.8693
0.11164,-0.65478,-1.4239,-4.7927
0.11172,-0.62711,-1.3221,-4.7049
0.1118,-0.60878,-1.2673,-4.609
0.11188,-0.56952,-1.1978,-4.5102
0.11195,-0.55643,-1.0983,-4.4026
0.11203,-0.56279,-1.0194,-4.2867
0.11211,-0.60916,-0.94235,-4.165
0.11219,-0.63608,-0.86326,-4.0382
0.11227,-0.66637,-0.77123,-3.9049
0.11234,-0.70825,-0.68356,-3.7645
0.11242,-0.70414,-0.60501,-3.6191
0.1125,-0.73667,-0.51694,-3.4684
0.11258,-0.74939,-0.44215,-3.3142
0.11266,-0.73106,-0.35046,-3.1564
0.11273,-0.73518,-0.22691,-2.9897
0.11281,-0.70638,-0.11418,-2.8143
0.11289,-0.63982,0.0071765,-2.6311
0.11297,-0.59233,0.089494,-2.4425
0.11305,-0.52128,0.19328,-2.2514
0.11313,-0.40013,0.29178,-2.055
0.1132,-0.30253,0.37695,-1.8585
0.11328,-0.18923,0.50874,-1.6545
0.11336,-0.1006,0.57619,-1.4505
0.11344,-0.064705,0.72825,-1.2421
0.11352,0.0022302,0.7845,-1.0302
0.11359,0.039624,0.95147,-0.82084
0.11367,0.023545,1.0401,-0.59918
0.11375,0.024667,1.1198,-0.39335
0.11383,0.017562,1.3817,-0.15797
0.11391,0.034015,0.51113,0.0042671
0.11398,0.10319,-0.09898,-0.0047496
0.11406,0.15031,0.1419,-0.011892
0.11414,0.2408,0.014337,-0.0047984
0.11422,0.2767,0.057469,-0.010651
0.1143,0.25875,0.044753,-0.0051246
0.11438,0.30175,0.019327,-0.0087462
0.11445,0.29128,0.052108,-0.0057694
0.11453,0.2868,0.0094822,-0.006553
0.11461,0.27595,0.037918,-0.0064293
0.11469,0.21986,0.016287,-0.0051321
0.11477,0.15106,0.022637,-0.0058481
0.11484,0.11516,0.017797,-0.0044272
0.11492,0.11553,0.01632,-0.0047084
0.115,0.056451,0.013051,-0.0036886
0.11508,0.042242,0.0060968,-0.0036099
0.11516,0.042242,0.012485,-0.0034149
0.11523,-0.0045007,0.0059993,-0.0027776
0.11531,-0.017962,0.01481,-0.0021215
0.11539,-0.024693,0.016808,-0.0006293
0.11547,-0.011232,0.014078,0.0002555
0.11555,0.021301,0.014577,0.0010616
0.11563,0.082253,0.0089311,0.002505
0.1157,0.14021,0.0097146,0.0028237
0.11578,0.13273,0.011473,0.0038622
0.11586,0.14134,0.0028427,0.0040272
0.11594,0.16452,0.016324,0.0042334
0.11602,0.11778,-0.00038149,0.0053469
0.11609,0.063182,0.0093809,0.0046795
0.11617,0.038502,0.0052008,0.0067566
0.11625,0.0074654,-0.010613,0.0052419
0.11633,-0.041894,0.03036,0.0075326
0.11641,-0.078914,-0.022448,0.0067416
0.11648,-0.052365,0.031538,0.0068953
0.11656,0.0078393,-0.026201,0.0091823
0.11664,0.066174,0.023151,0.0050282
0.11672,0.10432,0.0083725,0.012654
0.1168,0.16228,-0.037707,0.0024825
0.11688,0.16265,0.11358,0.015931
0.11695,0.15629,-0.24337,-0.0011392
0.11703,0.17312,1.1556,0.046299
0.11711,0.17611,2.8087,0.38648
0.11719,0.37093,2.3535,0.77693
0.11727,0.39674,2.3299,1.1072
0.11734,0.39748,2.3946,1.4522
0.11742,0.57249,2.314,1.7618
0.1175,0.51266,2.3888,2.0626
0.11758,0.58221,2.3104,2.3396
0.11766,0.65999,2.4052,2.6038
0.11773,0.65139,2.3958,2.8607
0.11781,0.76432,2.4302,3.1008
0.11789,0.7516,2.4296,3.3308
0.11797,0.75759,2.43,3.5427
0.11805,0.77366,2.4761,3.7463
0.11813,0.78825,2.4646,3.9386
0.1182,0.80582,2.4724,4.119
0.11828,0.77329,2.4441,4.2848
0.11836,0.75983,2.4235,4.4341
0.11844,0.66148,2.4003,4.5696
0.11852,0.59268,2.372,4.6913
0.11859,0.50892,2.3574,4.8014
0.11867,0.43562,2.3302,4.8986
0.11875,0.4547,2.2937,4.984
0.11883,0.41057,2.2458,5.0569
0.11891,0.39524,2.2052,5.1157
0.11898,0.40421,2.1652,5.1624
0.11906,0.40197,2.1124,5.1978
0.11914,0.3657,2.0522,5.2205
0.11922,0.2681,1.9842,5.2301
0.1193,0.15517,1.9212,5.2278
0.11937,0.0048478,1.8574,5.2147
0.11945,-0.14398,1.7991,5.1922
0.11953,-0.3388,1.7505,5.1606
0.11961,-0.50633,1.6855,5.1194
0.11969,-0.57326,1.6137,5.0693
0.11977,-0.63496,1.5378,5.0105
0.11984,-0.65927,1.4617,4.9408
0.11992,-0.65627,1.4153,4.864
0.12,-0.63122,1.3439,4.7836
0.12008,-0.62187,1.2382,4.6922
0.12016,-0.60205,1.1773,4.5918
0.12023,-0.58523,1.1142,4.4887
0.12031,-0.62075,1.0221,4.3777
0.12039,-0.61739,0.94416,4.2577
0.12047,-0.6402,0.86477,4.133
0.12055,-0.6903,0.78895,4.0038
0.12062,-0.70414,0.70117,3.8681
0.1207,-0.69591,0.60685,3.7254
0.12078,-0.72957,0.5372,3.5779
0.12086,-0.75126,0.45862,3.4269
0.12094,-0.72695,0.3777,3.2718
0.12102,-0.73144,0.27348,3.1113
0.12109,-0.71947,0.14994,2.9409
0.12117,-0.709,0.048438,2.7625
0.12125,-0.66562,-0.068017,2.5771
0.12133,-0.58298,-0.15036,2.3874
0.12141,-0.48763,-0.25007,2.1948
0.12148,-0.36946,-0.33886,1.9974
0.12156,-0.26401,-0.44381,1.7987
0.12164,-0.17614,-0.55444,1.5924
0.12172,-0.11257,-0.62385,1.3881
0.1218,-0.049747,-0.7798,1.1768
0.12187,-0.01011,-0.82487,0.96513
0.12195,0.014944,-1.0111,0.75257
0.12203,0.021301,-1.0485,0.53196
0.12211,0.015692,-1.203,0.32418
0.12219,0.00036053,-1.3458,0.085729
0.12227,0.019805,-0.35656,-0.047299
0.12234,0.10282,0.044802,-0.026476
0.12242,0.16714,-0.17617,-0.026783
0.1225,0.23931,-0.028683,-0.029269
0.12258,0.24192,-0.095351,-0.025524
0.12266,0.23519,-0.057899,-0.029787
0.12273,0.27221,-0.06299,-0.025917
0.12281,0.25352,-0.069967,-0.02952
0.12289,0.25277,-0.040245,-0.027736
0.12297,0.21837,-0.067976,-0.028771
0.12305,0.15629,-0.043353,-0.029145
0.12312,0.10432,-0.05974,-0.028924
0.1232,0.054956,-0.044792,-0.030008
0.12328,0.050468,-0.047177,-0.029734
0.12336,0.017188,-0.05006,-0.030686
0.12344,0.017936,-0.040185,-0.030259
0.12352,0.015318,-0.041531,-0.031031
0.12359,-0.045634,-0.039615,-0.031515
0.12367,-0.03105,-0.048826,-0.032021
0.12375,-0.023198,-0.04426,-0.033453
0.12383,-0.016467,-0.035971,-0.034248
0.12391,0.037754,-0.042232,-0.035448
0.12398,0.076644,-0.035004,-0.036351
0.12406,0.13012,-0.037081,-0.03673
0.12414,0.13012,-0.039424,-0.037844
0.12422,0.11179,-0.030422,-0.037499
0.1243,0.12825,-0.04095,-0.038676
0.12437,0.10282,-0.023408,-0.03859
0.12445,0.048972,-0.041906,-0.038755
0.12453,0.0063435,-0.019873,-0.040273
0.12461,-0.019084,-0.033339,-0.038721
0.12469,-0.042268,-0.035825,-0.041821
0.12477,-0.047504,-0.0087005,-0.038886
0.12484,-0.016841,-0.060606,-0.042185
0.12492,0.052712,0.018798,-0.040393
0.125,0.072157,-0.082297,-0.040809
0.12508,0.11516,0.030702,-0.044056
0.12516,0.17424,-0.070694,-0.036348
0.12523,0.17424,-0.01901,-0.051595
0.12531,0.18284,0.041769,-0.023507
0.12539,0.096089,-1.8242,-0.15966
0.12547,0.21724,-2.6785,-0.55767
0.12555,0.29054,-2.1803,-0.92132
0.12562,0.24753,-2.3858,-1.2553
0.1257,0.52874,-2.3244,-1.5914
0.12578,0.57735,-2.3512,-1.8963
0.12586,0.68803,-2.3475,-2.1924
0.12594,0.86678,-2.3182,-2.4606
0.12602,0.71458,-2.3918,-2.7243
0.12609,0.76282,-2.3814,-2.9745
0.12617,0.77628,-2.4301,-3.212
0.12625,0.7187,-2.402,-3.4358
0.12633,0.75572,-2.433,-3.6437
0.12641,0.76955,-2.4549,-3.845
0.12648,0.79834,-2.4565,-4.0338
0.12656,0.75908,-2.4509,-4.2108
0.12664,0.73552,-2.4147,-4.3714
0.12672,0.64615,-2.3985,-4.5167
0.1268,0.57847,-2.3672,-4.6482
0.12688,0.525,-2.3474,-4.7655
0.12695,0.40347,-2.3265,-4.8714
0.12703,0.39524,-2.297,-4.965
0.12711,0.36794,-2.2655,-5.0464
0.12719,0.347,-2.2183,-5.1149
0.12727,0.37168,-2.1761,-5.1704
0.12734,0.38514,-2.1291,-5.2141
0.12742,0.36458,-2.0705,-5.245
0.1275,0.32494,-2.0125,-5.2632
0.12758,0.24679,-1.9488,-5.2692
0.12766,0.10843,-1.8922,-5.2631
0.12773,-0.014971,-1.838,-5.2475
0.12781,-0.20269,-1.7824,-5.2235
0.12789,-0.36199,-1.7215,-5.1903
0.12797,-0.47604,-1.6559,-5.1477
0.12805,-0.54596,-1.5903,-5.0964
0.12812,-0.56316,-1.5056,-5.0344
0.1282,-0.60056,-1.4487,-4.9634
0.12828,-0.57438,-1.3909,-4.8888
0.12836,-0.59345,-1.2918,-4.804
0.12844,-0.60093,-1.2315,-4.7094
0.12852,-0.5669,-1.169,-4.6118
0.12859,-0.5856,-1.074,-4.5066
0.12867,-0.56765,-0.99579,-4.3923
0.12875,-0.58747,-0.91908,-4.2724
0.12883,-0.6028,-0.83985,-4.1466
0.12891,-0.62786,-0.75692,-4.0146
0.12898,-0.63982,-0.67012,-3.876
0.12906,-0.61813,-0.58591,-3.731
0.12914,-0.66861,-0.50258,-3.5808
0.12922,-0.65702,-0.42472,-3.4268
0.1293,-0.67086,-0.3436,-3.2694
0.12938,-0.69591,-0.22674,-3.1049
0.12945,-0.68021,-0.11323,-2.9304
0.12953,-0.64805,-0.0081382,-2.7486
0.12961,-0.54522,0.094675,-2.5593
0.12969,-0.48314,0.17947,-2.3679
0.12977,-0.37096,0.29456,-2.1717
0.12984,-0.26439,0.36599,-1.9727
0.12992,-0.19857,0.48581,-1.7711
0.13,-0.10621,0.57184,-1.5633
0.13008,-0.036285,0.6801,-1.3578
0.13016,0.031023,0.79118,-1.1431
0.13023,0.045981,0.85554,-0.93356
0.13031,0.071035,1.064,-0.71327
0.13039,0.081131,1.0401,-0.49788
0.13047,0.061312,1.3389,-0.27936
0.13055,0.053086,1.0768,-0.052034
0.13062,0.084497,0.028906,0.012448
0.1307,0.16639,0.030941,-0.015304
0.13078,0.20416,0.10847,-0.0042135
0.13086,0.26511,0.0015867,-0.0089712
0.13094,0.25688,0.078202,-0.0068942
0.13102,0.23332,0.0084437,-0.0062568
0.13109,0.28418,0.052232,-0.0076477
0.13117,0.25763,0.021355,-0.0047421
0.13125,0.25987,0.022967,-0.0067442
0.13133,0.24379,0.027942,-0.0043447
0.13141,0.17798,0.014652,-0.0052483
0.13148,0.13498,0.029202,-0.0043672
0.13156,0.075148,0.0090473,-0.0040223
0.13164,0.06393,0.01701,-0.0038948
0.13172,0.050468,0.015387,-0.0029013
0.1318,0.029154,0.015616,-0.003085
0.13188,0.019431,0.011469,-0.0022264
0.13195,-0.012353,0.010341,-0.0020052
0.13203,-0.022076,0.013269,-0.0016341
0.13211,-0.0078661,0.013032,-0.00063305
0.13219,0.04112,0.017201,0.00050295
0.13227,0.085992,0.013359,0.0015677
0.13234,0.12002,0.01319,0.0023475
0.13242,0.15106,0.0039599,0.0029699
0.1325,0.15554,0.0070715,0.003446
0.13258,0.15779,0.011304,0.004537
0.13266,0.12301,-0.0047678,0.0044433
0.13273,0.088984,0.0093097,0.0054593
0.13281,0.063556,-0.00012656,0.0056393
0.13289,0.035511,0.012309,0.0057368
0.13297,0.014944,0.0011331,0.0072364
0.13305,-0.00824,0.0072365,0.0057293
0.13312,0.003726,0.007409,0.0085599
0.1332,0.024293,-0.014103,0.0060892
0.13328,0.048225,0.036085,0.0090136
0.13336,0.099828,-0.048121,0.0077763
0.13344,0.14246,0.057338,0.0075439
0.13352,0.16415,-0.041291,0.011507
0.13359,0.18546,0.025944,0.0033786
0.13367,0.1275,0.009021,0.01845
0.13375,0.1376,-0.10506,-0.0083338
0.13383,0.1346,1.7706,0.11287
0.13391,0.17836,2.7897,0.49946
0.13398,0.38926,2.191,0.86001
0.13406,0.31596,2.3423,1.1857
0.13414,0.38739,2.3115,1.521
0.13422,0.50929,2.2966,1.8236
0.1343,0.44198,2.3035,2.1151
0.13438,0.5594,2.2641,2.3812
0.13445,0.5306,2.3396,2.6416
0.13453,0.57623,2.3018,2.8875
0.13461,0.62745,2.3448,3.1184
0.13469,0.57136,2.3367,3.3383
0.13477,0.64054,2.3603,3.5449
0.13484,0.66074,2.3692,3.7432
0.13492,0.74487,2.3406,3.9253
0.135,0.72655,2.329,4.0924
0.13508,0.67681,2.2908,4.2435
0.13516,0.61698,2.2737,4.3803
0.13523,0.46591,2.2448,4.5044
0.13531,0.43899,2.2208,4.6158
0.13539,0.32008,2.1882,4.716
0.13547,0.26586,2.1415,4.8024
0.13555,0.29315,2.1066,4.8743
0.13562,0.28119,2.0624,4.9343
0.1357,0.30811,2.0202,4.9826
0.13578,0.32494,1.9594,5.0179
0.13586,0.35785,1.8967,5.0402
0.13594,0.30662,1.837,5.0498
0.13602,0.25314,1.7748,5.0481
0.13609,0.13386,1.7259,5.0365
0.13617,-0.051991,1.6623,5.0152
0.13625,-0.20194,1.6067,4.9848
0.13633,-0.37059,1.5398,4.9451
0.13641,-0.44986,1.475,4.8958
0.13648,-0.49249,1.4072,4.838
0.13656,-0.52091,1.319,4.7699
0.13664,-0.52727,1.269,4.6941
0.13672,-0.5168,1.1913,4.6123
0.1368,-0.5168,1.1108,4.5208
0.13687,-0.53362,1.0526,4.4231
0.13695,-0.52315,0.96707,4.3193
0.13703,-0.5598,0.88317,4.2067
0.13711,-0.56391,0.80519,4.0876
0.13719,-0.59607,0.74321,3.9639
0.13727,-0.61776,0.65636,3.8344
0.13734,-0.60729,0.56004,3.6969
0.13742,-0.65141,0.49441,3.5543
0.1375,-0.60355,0.41719,3.4078
0.13758,-0.60467,0.338,3.2571
0.13766,-0.62561,0.24638,3.1019
0.13773,-0.61178,0.13239,2.9372
0.13781,-0.64207,0.026754,2.7638
0.13789,-0.63608,-0.083407,2.5825
0.13797,-0.63982,-0.16284,2.3957
0.13805,-0.55307,-0.26468,2.2065
0.13812,-0.45809,-0.3542,2.0117
0.1382,-0.37059,-0.44889,1.816
0.13828,-0.21578,-0.56605,1.6125
0.13836,-0.12865,-0.62592,1.4094
0.13844,-0.045634,-0.78125,1.2012
0.13852,0.0127,-0.82307,0.98993
0.13859,0.071783,-0.98772,0.78071
0.13867,0.095715,-1.058,0.56036
0.13875,0.085245,-1.1531,0.35472
0.13883,0.086366,-1.3803,0.11878
0.13891,0.075148,-0.47726,-0.035358
0.13898,0.14395,0.068529,-0.022896
0.13906,0.15368,-0.16611,-0.017729
0.13914,0.21089,-0.032417,-0.023151
0.13922,0.26997,-0.085105,-0.018048
0.1393,0.20864,-0.060047,-0.023173
0.13937,0.25613,-0.041999,-0.019004
0.13945,0.25763,-0.069412,-0.022108
0.13953,0.24492,-0.030531,-0.021044
0.13961,0.25464,-0.059222,-0.021696
0.13969,0.19743,-0.03479,-0.022528
0.13977,0.19892,-0.048076,-0.021707
0.13984,0.15667,-0.041861,-0.023038
0.13992,0.10656,-0.039986,-0.022618
0.14,0.082253,-0.041302,-0.023567
0.14008,0.050842,-0.032923,-0.023559
0.14016,0.02691,-0.040001,-0.024107
0.14023,-0.032546,-0.033733,-0.024452
0.14031,-0.038155,-0.034801,-0.02465
0.14039,-0.051617,-0.033838,-0.025456
0.14047,-0.056852,-0.036327,-0.026259
0.14055,-0.022824,-0.036713,-0.027586
0.14063,-0.013475,-0.031637,-0.028358
0.1407,0.03925,-0.033313,-0.029187
0.14078,0.070287,-0.027794,-0.029584
0.14086,0.069913,-0.033886,-0.029985
0.14094,0.093097,-0.03157,-0.030765
0.14102,0.090854,-0.030299,-0.030679
0.14109,0.062808,-0.029804,-0.032047
0.14117,0.03925,-0.02168,-0.031282
0.14125,0.003352,-0.044609,-0.032756
0.14133,-0.0089879,-0.018163,-0.033045
0.14141,0.0011084,-0.045831,-0.032587
0.14148,-0.0059964,-0.013571,-0.034713
0.14156,0.009709,-0.02562,-0.031837
0.14164,0.029902,-0.042685,-0.036411
0.14172,0.087862,0.0068653,-0.031657
0.1418,0.09908,-0.081563,-0.03634
0.14188,0.13535,0.058894,-0.033948
0.14195,0.19331,-0.12648,-0.033614
0.14203,0.172,0.11443,-0.040299
0.14211,0.19518,-0.29071,-0.022588
0.14219,0.14807,-2.2974,-0.24125
0.14227,0.30175,-2.5375,-0.65165
0.14234,0.34027,-2.1359,-0.98842
0.14242,0.30549,-2.3756,-1.3229
0.1425,0.59904,-2.2576,-1.6478
0.14258,0.58333,-2.308,-1.9456
0.14266,0.70187,-2.2576,-2.2298
0.14273,0.81181,-2.2849,-2.4913
0.14281,0.63979,-2.3209,-2.7496
0.14289,0.7,-2.2945,-2.9891
0.14297,0.64204,-2.3339,-3.2172
0.14305,0.60427,-2.3253,-3.4326
0.14313,0.63568,-2.3579,-3.6372
0.1432,0.66223,-2.3428,-3.831
0.14328,0.68803,-2.3221,-4.0082
0.14336,0.61998,-2.2987,-4.171
0.14344,0.61362,-2.2674,-4.3178
0.14352,0.48498,-2.2488,-4.4508
0.14359,0.39337,-2.2251,-4.571
0.14367,0.34251,-2.1997,-4.6794
0.14375,0.25202,-2.1609,-4.7751
0.14383,0.26062,-2.1179,-4.8566
0.14391,0.2408,-2.077,-4.9249
0.14398,0.24454,-2.0346,-4.9812
0.14406,0.2595,-1.984,-5.0256
0.14414,0.29689,-1.926,-5.0568
0.14422,0.27408,-1.8651,-5.075
0.1443,0.22472,-1.8055,-5.0809
0.14438,0.19219,-1.7498,-5.0758
0.14445,0.030276,-1.6986,-5.0616
0.14453,-0.11145,-1.6434,-5.0383
0.14461,-0.2341,-1.5756,-5.0054
0.14469,-0.3388,-1.5164,-4.9627
0.14477,-0.42331,-1.4506,-4.9123
0.14484,-0.45622,-1.3653,-4.8516
0.14492,-0.43341,-1.3058,-4.781
0.145,-0.45659,-1.2435,-4.7052
0.14508,-0.43677,-1.1666,-4.6205
0.14516,-0.44874,-1.099,-4.5284
0.14523,-0.45622,-1.0244,-4.43
0.14531,-0.46071,-0.94697,-4.3229
0.14539,-0.49249,-0.8643,-4.2088
0.14547,-0.50034,-0.78801,-4.0887
0.14555,-0.53624,-0.71709,-3.963
0.14563,-0.53437,-0.63062,-3.8305
0.1457,-0.55569,-0.53955,-3.6909
0.14578,-0.54634,-0.46061,-3.5458
0.14586,-0.51605,-0.38637,-3.3963
0.14594,-0.53624,-0.30966,-3.2435
0.14602,-0.52988,-0.20819,-3.0849
0.14609,-0.5669,-0.096401,-2.9164
0.14617,-0.58149,0.013996,-2.7398
0.14625,-0.57176,0.11279,-2.5553
0.14633,-0.53549,0.18906,-2.3671
0.14641,-0.43864,0.30311,-2.1743
0.14648,-0.36086,0.3745,-1.978
0.14656,-0.23634,0.49204,-1.7796
0.14664,-0.16492,0.58277,-1.5739
0.14672,-0.090506,0.67357,-1.3704
0.1468,0.0074654,0.79334,-1.1584
0.14688,0.040746,0.8382,-0.95014
0.14695,0.11067,1.058,-0.73375
0.14703,0.087488,1.0284,-0.51771
0.14711,0.081131,1.2786,-0.30469
0.14719,0.077018,1.1752,-0.071436
0.14727,0.045607,0.11034,0.014873
0.14734,0.11105,-0.0034182,-0.013571
0.14742,0.14096,0.1268,-0.0044385
0.1475,0.22323,-0.00092509,-0.0071903
0.14758,0.24005,0.080706,-0.0069317
0.14766,0.22061,0.0066629,-0.0047796
0.14773,0.26473,0.04725,-0.0074903
0.14781,0.24155,0.029543,-0.0040223
0.14789,0.24716,0.019601,-0.0061443
0.14797,0.23557,0.034383,-0.0039736
0.14805,0.21425,0.012965,-0.0045847
0.14813,0.17948,0.028962,-0.0041123
0.1482,0.14021,0.012088,-0.0033325
0.14828,0.13685,0.018206,-0.0034787
0.14836,0.11815,0.013325,-0.0023352
0.14844,0.1174,0.015334,-0.0023877
0.14852,0.079635,0.017081,-0.0018853
0.14859,0.054956,0.010187,-0.0017203
0.14867,0.020927,0.015736,-0.0010005
0.14875,-0.016093,0.0143,0.00026675
0.14883,0.0070914,0.013801,0.001234
0.14891,0.0078393,0.016617,0.0022163
0.14898,0.025788,0.012313,0.0032661
0.14906,0.053834,0.0088036,0.0034835
0.14914,0.090854,0.013269,0.0044696
0.14922,0.097584,0.00069073,0.0049907
0.1493,0.088236,0.0097108,0.0053094
0.14938,0.10207,0.001403,0.0062879
0.14945,0.07814,0.0050883,0.0057068
0.14953,0.058321,0.0092497,0.0078026
0.14961,0.036259,-0.0097353,0.0061529
0.14969,0.022423,0.026255,0.0080725
0.14977,-0.0011352,-0.018962,0.0080275
0.14984,-0.017215,0.033356,0.0075101
0.14992,0.019057,-0.020862,0.010378
0.15,0.06206,0.014877,0.0058755
0.15008,0.074026,0.024493,0.01346
0.15016,0.10992,-0.052511,0.0040534
0.15023,0.12974,0.12609,0.015698
0.15031,0.13199,-0.23977,0.0023438
0.15039,0.14545,0.98882,0.034958
0.15047,0.14807,2.7567,0.35685
0.15055,0.34438,2.3777,0.75236
0.15063,0.38626,2.2541,1.0803
0.1507,0.37505,2.354,1.4233
0.15078,0.55192,2.2747,1.7377
0.15086,0.47713,2.3381,2.0391
0.15094,0.50892,2.2406,2.3172
0.15102,0.5923,2.3277,2.5816
0.15109,0.57361,2.3278,2.8396
0.15117,0.66074,2.3413,3.0804
0.15125,0.62858,2.3439,3.3103
0.15133,0.63755,2.3334,3.5231
0.15141,0.67083,2.3779,3.7287
0.15148,0.66298,2.3587,3.923
0.15156,0.69626,2.349,4.104
0.15164,0.67158,2.3223,4.2697
0.15172,0.611,2.2912,4.4186
0.1518,0.51789,2.2744,4.5544
0.15187,0.46741,2.2381,4.6762
0.15195,0.38739,2.2201,4.7864
0.15203,0.31821,2.1887,4.8852
0.15211,0.32531,2.1342,4.9704
0.15219,0.31933,2.1059,5.0422
0.15227,0.33877,2.0467,5.1014
0.15234,0.33391,1.9921,5.1483
0.15242,0.34663,1.9537,5.183
0.1525,0.3197,1.89,5.2046
0.15258,0.23332,1.831,5.2138
0.15266,0.14433,1.7693,5.2113
0.15273,0.0048478,1.7114,5.1986
0.15281,-0.13538,1.6527,5.1766
0.15289,-0.29206,1.5975,5.1452
0.15297,-0.39975,1.5308,5.1045
0.15305,-0.445,1.4563,5.054
0.15313,-0.48501,1.3986,4.9955
0.1532,-0.48912,1.3208,4.9272
0.15328,-0.48127,1.2598,4.85
0.15336,-0.46781,1.1905,4.7681
0.15344,-0.4794,1.108,4.6766
0.15352,-0.47454,1.0518,4.5777
0.15359,-0.47791,0.96593,4.4738
0.15367,-0.5138,0.88594,4.3613
0.15375,-0.53026,0.81253,4.2413
0.15383,-0.55045,0.73455,4.1164
0.15391,-0.56578,0.66309,3.9861
0.15398,-0.57251,0.57109,3.8483
0.15406,-0.53961,0.49042,3.7043
0.15414,-0.55531,0.42215,3.5569
0.15422,-0.56242,0.34615,3.405
0.1543,-0.55681,0.26089,3.2485
0.15438,-0.60505,0.15196,3.0848
0.15445,-0.58897,0.046286,2.911
0.15453,-0.59158,-0.058184,2.7298
0.15461,-0.54335,-0.15687,2.5414
0.15469,-0.46183,-0.23331,2.3507
0.15477,-0.39003,-0.34161,2.1557
0.15484,-0.27112,-0.41736,1.957
0.15492,-0.21241,-0.53557,1.7553
0.155,-0.11294,-0.61517,1.5472
0.15508,-0.04713,-0.71561,1.3411
0.15516,-0.033294,-0.83595,1.1253
0.15523,0.028406,-0.89001,0.91441
0.15531,0.018684,-1.0892,0.69475
0.15539,0.017936,-1.0593,0.47777
0.15547,0.0052217,-1.3398,0.26078
0.15555,-0.017962,-1.1444,0.030046
0.15563,0.059817,-0.088836,-0.044573
0.1557,0.10207,-0.037448,-0.016541
0.15578,0.16153,-0.13665,-0.026394
0.15586,0.22884,-0.022999,-0.022105
0.15594,0.20565,-0.10069,-0.023413
0.15602,0.21014,-0.029725,-0.024418
0.15609,0.20042,-0.071406,-0.022337
0.15617,0.18471,-0.051968,-0.02555
0.15625,0.19817,-0.054453,-0.023207
0.15633,0.18135,-0.055417,-0.025265
0.15641,0.13685,-0.037842,-0.024519
0.15648,0.11366,-0.052017,-0.025276
0.15656,0.10282,-0.045396,-0.025921
0.15664,0.071409,-0.059466,-0.025944
0.15672,0.058695,-0.036916,-0.026551
0.1568,0.047103,-0.042235,-0.026244
0.15687,0.034389,-0.041377,-0.027027
0.15695,0.0011084,-0.031408,-0.027406
0.15703,-0.0071182,-0.041722,-0.028253
0.15711,0.0127,-0.036961,-0.029554
0.15719,-0.0052485,-0.035633,-0.030401
0.15727,0.033641,-0.036848,-0.031432
0.15734,0.07627,-0.031611,-0.032381
0.15742,0.096837,-0.032642,-0.032613
0.1575,0.1174,-0.030456,-0.033461
0.15758,0.097211,-0.027599,-0.03336
0.15766,0.079635,-0.039814,-0.034559
0.15773,0.052338,-0.020791,-0.03484
0.15781,0.028032,-0.040477,-0.034859
0.15789,-0.00038735,-0.02583,-0.036348
0.15797,-0.023945,-0.032402,-0.034694
0.15805,-0.017962,-0.037703,-0.037626
0.15813,-0.02245,-0.0050303,-0.035163
0.1582,-0.0052485,-0.064433,-0.037952
0.15828,0.057199,0.017614,-0.036932
0.15836,0.085245,-0.071811,-0.036291
0.15844,0.12226,0.020103,-0.040674
0.15852,0.16415,-0.04991,-0.032119
0.15859,0.1275,-0.045212,-0.04761
0.15867,0.14059,0.10125,-0.020676
0.15875,0.085245,-1.6844,-0.13542
0.15883,0.14059,-2.7019,-0.52345
0.15891,0.25838,-2.1586,-0.89298
0.15898,0.21463,-2.332,-1.2227
0.15906,0.44161,-2.307,-1.561
0.15914,0.53846,-2.2917,-1.8671
0.15922,0.57884,-2.2971,-2.1629
0.1593,0.77292,-2.2534,-2.4325
0.15937,0.66074,-2.3371,-2.6962
0.15945,0.67046,-2.3085,-2.9482
0.15953,0.7071,-2.3365,-3.1847
0.15961,0.63419,-2.3203,-3.4085
0.15969,0.67308,-2.3453,-3.6183
0.15977,0.67794,-2.3649,-3.8213
0.15984,0.69888,-2.3489,-4.0111
0.15992,0.67195,-2.3372,-4.1871
0.16,0.63456,-2.2987,-4.3469
0.16008,0.55342,-2.2797,-4.4916
0.16016,0.4719,-2.2556,-4.6237
0.16023,0.41768,-2.2287,-4.7424
0.16031,0.31222,-2.2042,-4.8488
0.16039,0.31073,-2.1645,-4.943
0.16047,0.29502,-2.12,-5.0235
0.16055,0.30213,-2.0821,-5.0909
0.16063,0.32793,-2.0375,-5.1465
0.1607,0.33279,-1.9851,-5.1898
0.16078,0.3657,-1.9286,-5.2206
0.16086,0.31858,-1.8658,-5.2385
0.16094,0.24791,-1.8053,-5.2436
0.16102,0.12039,-1.7502,-5.2381
0.16109,-0.012353,-1.6952,-5.223
0.16117,-0.14996,-1.642,-5.1987
0.16125,-0.28795,-1.5747,-5.1654
0.16133,-0.35899,-1.5109,-5.122
0.16141,-0.44089,-1.4539,-5.0705
0.16148,-0.44949,-1.3684,-5.0091
0.16156,-0.46033,-1.3085,-4.9379
0.16164,-0.4723,-1.2486,-4.8615
0.16172,-0.46183,-1.164,-4.7765
0.1618,-0.48239,-1.1039,-4.6833
0.16187,-0.45697,-1.0266,-4.5847
0.16195,-0.48987,-0.94541,-4.4775
0.16203,-0.5138,-0.87132,-4.3624
0.16211,-0.51044,-0.79293,-4.2414
0.16219,-0.51306,-0.72111,-4.1148
0.16227,-0.53437,-0.63522,-3.9821
0.16234,-0.55868,-0.5458,-3.8418
0.16242,-0.52278,-0.47077,-3.6952
0.1625,-0.55942,-0.39546,-3.5442
0.16258,-0.5699,-0.31691,-3.3896
0.16266,-0.56728,-0.23138,-3.2302
0.16273,-0.57924,-0.11525,-3.0621
0.16281,-0.58448,-0.012067,-2.8849
0.16289,-0.5684,0.092328,-2.7006
0.16297,-0.47118,0.1756,-2.5106
0.16305,-0.41957,0.26785,-2.3181
0.16312,-0.29655,0.36815,-2.1195
0.1632,-0.19184,0.4396,-1.9202
0.16328,-0.12341,0.56914,-1.7141
0.16336,-0.0071182,0.62807,-1.5061
0.16344,0.013448,0.76773,-1.2971
0.16352,0.048599,0.83747,-1.0806
0.16359,0.047103,0.9626,-0.86942
0.16367,0.035511,1.0956,-0.64413
0.16375,0.0744,1.1047,-0.4338
0.16383,0.039624,1.4173,-0.20021
0.16391,0.041868,0.71545,-0.007689
0.16398,0.10207,-0.094242,0.002715
0.16406,0.14807,0.12211,-0.013099
0.16414,0.21014,0.046117,-0.0024739
0.16422,0.22921,0.038544,-0.009796
0.1643,0.21388,0.05844,-0.0043147
0.16437,0.22285,0.010648,-0.0071416
0.16445,0.2165,0.056817,-0.0052183
0.16453,0.19705,0.007319,-0.0047646
0.16461,0.19593,0.033521,-0.0055557
0.16469,0.18172,0.020429,-0.0035012
0.16477,0.14208,0.021494,-0.0045959
0.16484,0.11927,0.022015,-0.003205
0.16492,0.10132,0.015158,-0.0035124
0.165,0.091975,0.023215,-0.0027701
0.16508,0.087862,0.0077239,-0.0025189
0.16516,0.078514,0.012301,-0.0022864
0.16523,0.034015,0.014015,-0.0014991
0.16531,-0.029555,0.011514,-0.0012929
0.16539,-0.017589,0.0099395,-0.00038186
0.16547,0.0074654,0.012691,0.00060417
0.16555,0.021675,0.013235,0.0017139
0.16562,0.063182,0.012748,0.0028349
0.1657,0.10095,0.014431,0.003821
0.16578,0.12488,0.0076864,0.0039709
0.16586,0.1275,0.011533,0.0048332
0.16594,0.13311,0.0062205,0.0051332
0.16602,0.11553,0.015248,0.0052081
0.16609,0.069165,0.0041098,0.0067078
0.16617,0.038502,0.0034425,0.0058005
0.16625,0.021301,0.016939,0.0076339
0.16633,0.011205,-0.0081832,0.0068803
0.16641,-0.025815,0.025056,0.008275
0.16648,-0.0093619,-0.022422,0.0084399
0.16656,0.059443,0.027924,0.0073939
0.16664,0.070287,-0.0074821,0.011102
0.16672,0.11441,0.0022916,0.0059392
0.1668,0.14657,0.03706,0.013329
0.16687,0.17013,-0.065832,0.0051369
0.16695,0.15517,0.12853,0.014082
0.16703,0.11516,-0.23745,0.0056618
0.16711,0.1432,0.8112,0.02365
0.16719,0.094593,2.6927,0.3244
0.16727,0.2595,2.3982,0.72307
0.16734,0.35672,2.2032,1.0474
0.16742,0.31896,2.3555,1.3885
0.1675,0.47302,2.2407,1.7043
0.16758,0.393,2.2973,2.0026
0.16766,0.4173,2.2147,2.281
0.16773,0.49957,2.2854,2.5433
0.16781,0.46479,2.269,2.8002
0.16789,0.56164,2.2728,3.0375
0.16797,0.5493,2.2923,3.2647
0.16805,0.56164,2.2853,3.4779
0.16812,0.58595,2.3205,3.6826
0.1682,0.61399,2.2916,3.8744
0.16828,0.64802,2.2752,4.0501
0.16836,0.60689,2.2394,4.2107
0.16844,0.5781,2.2123,4.3561
0.16852,0.46741,2.1902,4.4885
0.16859,0.39225,2.1601,4.6077
0.16867,0.29128,2.1382,4.716
0.16875,0.22435,2.0961,4.8116
0.16883,0.26548,2.0484,4.8924
0.16891,0.24005,2.0071,4.9604
0.16898,0.27371,1.9579,5.0162
0.16906,0.30961,1.902,5.0592
0.16914,0.31297,1.8411,5.0893
0.16922,0.30811,1.7779,5.1068
0.1693,0.26586,1.7261,5.1124
0.16937,0.18209,1.6744,5.1074
0.16945,0.021675,1.6157,5.0926
0.16953,-0.11706,1.5567,5.068
0.16961,-0.27523,1.4884,5.0344
0.16969,-0.37769,1.4255,4.9905
0.16977,-0.4005,1.3684,4.9379
0.16984,-0.46669,1.2824,4.8761
0.16992,-0.46071,1.2156,4.8044
0.17,-0.43565,1.1631,4.7271
0.17008,-0.41508,1.0743,4.6417
0.17016,-0.43191,1.0112,4.5482
0.17023,-0.43902,0.94863,4.449
0.17031,-0.43042,0.86158,4.3415
0.17039,-0.50146,0.79025,4.2261
0.17047,-0.49698,0.71876,4.1053
0.17055,-0.53101,0.64094,3.9788
0.17062,-0.55045,0.55948,3.8452
0.1707,-0.54708,0.48056,3.705
0.17078,-0.55681,0.40729,3.5605
0.17086,-0.51231,0.3345,3.4117
0.17094,-0.55307,0.25289,3.2586
0.17102,-0.53848,0.14276,3.0991
0.17109,-0.53587,0.035721,2.9291
0.17117,-0.577,-0.061599,2.7508
0.17125,-0.5669,-0.16083,2.5651
0.17133,-0.53325,-0.2316,2.3765
0.17141,-0.44276,-0.34029,2.1843
0.17148,-0.36161,-0.41399,1.9871
0.17156,-0.23597,-0.51683,1.7884
0.17164,-0.13052,-0.61584,1.5824
0.17172,-0.050869,-0.69301,1.3779
0.1718,0.016814,-0.83354,1.1645
0.17188,0.038876,-0.87008,0.95318
0.17195,0.080383,-1.0642,0.73724
0.17203,0.048599,-1.0644,0.51726
0.17211,0.034389,-1.2652,0.30627
0.17219,0.033641,-1.279,0.068438
0.17227,0.044111,-0.23265,-0.041386
0.17234,0.092723,0.020504,-0.015011
0.17242,0.11441,-0.15856,-0.020166
0.1725,0.23295,-0.020712,-0.020252
0.17258,0.2337,-0.099712,-0.01819
0.17266,0.19481,-0.034632,-0.021456
0.17273,0.27109,-0.059515,-0.017995
0.17281,0.23931,-0.059796,-0.021411
0.17289,0.2337,-0.036552,-0.01948
0.17297,0.22398,-0.055477,-0.021092
0.17305,0.17424,-0.035082,-0.021081
0.17313,0.16826,-0.053355,-0.021182
0.1732,0.1088,-0.034081,-0.022082
0.17328,0.072905,-0.03852,-0.021932
0.17336,0.07627,-0.038509,-0.022802
0.17344,0.06393,-0.033575,-0.022629
0.17352,0.04972,-0.036533,-0.023117
0.17359,0.022049,-0.029785,-0.023349
0.17367,-0.024693,-0.038224,-0.02435
0.17375,-0.058722,-0.037643,-0.025074
0.17383,-0.035911,-0.034839,-0.02576
0.17391,-0.011605,-0.036979,-0.026948
0.17398,0.003352,-0.032889,-0.027646
0.17406,0.053834,-0.027749,-0.028606
0.17414,0.085618,-0.031086,-0.028782
0.17422,0.09048,-0.032121,-0.029734
0.1743,0.097211,-0.023329,-0.029742
0.17438,0.075522,-0.035862,-0.030431
0.17445,0.061686,-0.018418,-0.031054
0.17453,0.03738,-0.031491,-0.030825
0.17461,0.0070914,-0.022081,-0.032643
0.17469,0.0082132,-0.02313,-0.030859
0.17477,-0.021702,-0.040837,-0.033783
0.17484,-0.0015092,0.0011294,-0.031867
0.17492,0.031023,-0.058525,-0.033536
0.175,0.062808,0.015477,-0.033708
0.17508,0.1103,-0.064358,-0.031755
0.17516,0.11778,0.0085899,-0.037307
0.17523,0.15779,-0.024881,-0.028017
0.17531,0.1462,-0.076966,-0.043595
0.17539,0.17873,0.15115,-0.018513
0.17547,0.12039,-1.5239,-0.11162
0.17555,0.12451,-2.7062,-0.48685
0.17563,0.2868,-2.1555,-0.85805
0.1757,0.22173,-2.2992,-1.1834
0.17578,0.42179,-2.2883,-1.5231
0.17586,0.56164,-2.2357,-1.8273
0.17594,0.55042,-2.2662,-2.1217
0.17602,0.75347,-2.2129,-2.3911
0.17609,0.64428,-2.2931,-2.6532
0.17617,0.61138,-2.2516,-2.9034
0.17625,0.63157,-2.2827,-3.1366
0.17633,0.53173,-2.2785,-3.3603
0.17641,0.58034,-2.2905,-3.5704
0.17648,0.58744,-2.303,-3.772
0.17656,0.59006,-2.2728,-3.9581
0.17664,0.56351,-2.2536,-4.1295
0.17672,0.57211,-2.2185,-4.2848
0.1768,0.49321,-2.2002,-4.4258
0.17688,0.35074,-2.1718,-4.5542
0.17695,0.32382,-2.1491,-4.67
0.17703,0.21799,-2.1167,-4.7742
0.17711,0.19331,-2.0684,-4.8639
0.17719,0.20827,-2.0283,-4.9401
0.17727,0.17836,-1.9846,-5.0038
0.17734,0.20902,-1.9384,-5.0555
0.17742,0.25501,-1.8817,-5.0947
0.1775,0.27072,-1.8207,-5.1207
0.17758,0.25053,-1.7633,-5.1343
0.17766,0.22136,-1.7053,-5.1362
0.17773,0.10619,-1.6528,-5.128
0.17781,-0.016467,-1.5986,-5.1105
0.17789,-0.1466,-1.5372,-5.0838
0.17797,-0.2943,-1.4758,-5.0472
0.17805,-0.35488,-1.4175,-5.0019
0.17813,-0.3904,-1.336,-4.9475
0.1782,-0.4177,-1.2656,-4.8813
0.17828,-0.42219,-1.2177,-4.8098
0.17836,-0.40349,-1.1352,-4.7313
0.17844,-0.4005,-1.0647,-4.6421
0.17852,-0.38741,-1.0052,-4.548
0.17859,-0.37769,-0.92313,-4.4462
0.17867,-0.41508,-0.84714,-4.3359
0.17875,-0.42219,-0.77481,-4.2192
0.17883,-0.45136,-0.70471,-4.0968
0.17891,-0.46744,-0.61917,-3.9688
0.17898,-0.47529,-0.53068,-3.8328
0.17906,-0.49174,-0.45824,-3.6901
0.17914,-0.46257,-0.38447,-3.543
0.17922,-0.47753,-0.30765,-3.3915
0.1793,-0.47342,-0.22027,-3.2358
0.17938,-0.48688,-0.11731,-3.0721
0.17945,-0.52427,-0.018973,-2.8981
0.17953,-0.51493,0.097505,-2.717
0.17961,-0.49361,0.18612,-2.5294
0.17969,-0.41845,0.26115,-2.3392
0.17977,-0.3474,0.36613,-2.1437
0.17984,-0.23672,0.43974,-1.9462
0.17992,-0.14024,0.56581,-1.7433
0.18,-0.070314,0.61914,-1.5363
0.18008,0.015692,0.74494,-1.3304
0.18016,0.041868,0.84286,-1.1149
0.18023,0.10544,0.92155,-0.90564
0.18031,0.09908,1.0947,-0.68289
0.18039,0.073652,1.0574,-0.47036
0.18047,0.079635,1.3932,-0.24533
0.18055,0.014944,0.93891,-0.029333
0.18063,0.038502,-0.043611,0.0099658
0.1807,0.093097,0.080436,-0.014036
0.18078,0.15031,0.08035,-0.0021665
0.18086,0.20603,0.019188,-0.0086488
0.18094,0.17723,0.075532,-0.0044422
0.18102,0.20565,0.0042823,-0.0058369
0.18109,0.24566,0.059262,-0.0057094
0.18117,0.23295,0.015732,-0.0037411
0.18125,0.23893,0.032827,-0.005582
0.18133,0.22024,0.024508,-0.0031937
0.18141,0.18733,0.010888,-0.0042997
0.18148,0.15106,0.021501,-0.0029238
0.18156,0.11853,0.010629,-0.0030025
0.18164,0.1088,0.019357,-0.0025414
0.18172,0.1088,0.0072178,-0.0018028
0.1818,0.095341,0.015143,-0.0019678
0.18188,0.077018,0.013951,-0.0010567
0.18195,0.044485,0.010674,-0.00084301
0.18203,-0.016467,0.012316,-0.0002019
0.18211,-0.0093619,0.013392,0.00084037
0.18219,0.024293,0.012706,0.0021038
0.18227,0.037006,0.010082,0.0029437
0.18234,0.059443,0.013445,0.0039934
0.18242,0.089358,0.0088486,0.0046345
0.1825,0.10619,0.015874,0.0050132
0.18258,0.094219,-0.0013637,0.0056506
0.18266,0.096837,0.0051146,0.0054968
0.18273,0.064304,0.013246,0.0069853
0.18281,0.047103,-0.00065517,0.0064341
0.18289,0.045233,0.020201,0.0077801
0.18297,0.00036053,-0.013304,0.0076414
0.18305,-0.026563,0.022997,0.0078588
0.18313,-0.027311,-0.0077033,0.0095984
0.1832,0.0074654,0.012654,0.0072215
0.18328,0.025414,0.014551,0.011717
0.18336,0.066922,-0.021983,0.0066666
0.18344,0.09048,0.059205,0.012388
0.18352,0.10619,-0.077071,0.0079938
0.18359,0.14507,0.12539,0.010472
0.18367,0.11404,-0.17056,0.01322
0.18375,0.1533,0.41836,0.0028237
0.18383,0.12974,2.4625,0.2446
0.18391,0.23856,2.5366,0.65224
0.18398,0.37542,2.1538,0.98491
0.18406,0.29577,2.3566,1.3221
0.18414,0.4431,2.2306,1.6453
0.18422,0.41431,2.2868,1.9459
0.1843,0.37542,2.2167,2.2306
0.18438,0.52238,2.252,2.4946
0.18445,0.46778,2.278,2.7556
0.18453,0.5235,2.2448,2.9972
0.18461,0.52687,2.2704,3.2275
0.18469,0.49508,2.2651,3.4443
0.18477,0.53023,2.2923,3.6519
0.18484,0.53921,2.279,3.8482
0.18492,0.59829,2.2547,4.0282
0.185,0.568,2.2217,4.1937
0.18508,0.54145,2.1924,4.3428
0.18516,0.44946,2.169,4.4789
0.18523,0.35336,2.1413,4.6017
0.18531,0.28717,2.1127,4.7129
0.18539,0.18621,2.0776,4.812
0.18547,0.21126,2.0327,4.8972
0.18555,0.20341,1.9911,4.969
0.18563,0.21425,1.9462,5.0286
0.1857,0.25426,1.8898,5.0759
0.18578,0.26324,1.8319,5.11
0.18586,0.27109,1.7678,5.1311
0.18594,0.22809,1.714,5.1402
0.18602,0.17499,1.6562,5.1377
0.18609,0.039998,1.5947,5.1253
0.18617,-0.083028,1.5456,5.1037
0.18625,-0.20605,1.4785,5.0726
0.18633,-0.3489,1.4067,5.0314
0.18641,-0.39153,1.3511,4.9814
0.18648,-0.43266,1.276,4.9225
0.18656,-0.4263,1.2072,4.8528
0.18664,-0.3904,1.1527,4.7767
0.18672,-0.39751,1.0759,4.694
0.1868,-0.40948,1.0053,4.6023
0.18688,-0.39265,0.93951,4.5047
0.18695,-0.38554,0.86051,4.3996
0.18703,-0.445,0.77682,4.2863
0.18711,-0.45734,0.70519,4.167
0.18719,-0.45734,0.63582,4.0421
0.18727,-0.48651,0.55724,3.9107
0.18734,-0.51306,0.48028,3.7723
0.18742,-0.51193,0.40511,3.6288
0.1875,-0.47753,0.33436,3.4811
0.18758,-0.47454,0.26063,3.3288
0.18766,-0.4809,0.16745,3.1716
0.18773,-0.50707,0.053664,3.0043
0.18781,-0.51493,-0.047458,2.8275
0.18789,-0.52054,-0.15139,2.6442
0.18797,-0.51904,-0.22796,2.4553
0.18805,-0.44163,-0.32171,2.2639
0.18813,-0.3489,-0.41077,2.0665
0.1882,-0.23859,-0.48743,1.8686
0.18828,-0.14361,-0.61101,1.6637
0.18836,-0.064705,-0.66377,1.4572
0.18844,-0.0045007,-0.80792,1.2477
0.18852,0.023919,-0.85976,1.0326
0.18859,0.03925,-1.0015,0.82118
0.18867,0.022797,-1.1047,0.59656
0.18875,0.020553,-1.1402,0.38766
0.18883,-0.010858,-1.4261,0.15187
0.18891,-0.017215,-0.62696,-0.026022
0.18898,0.041494,0.077399,-0.02576
0.18906,0.065052,-0.15882,-0.014115
0.18914,0.14919,-0.04994,-0.022738
0.18922,0.20528,-0.064587,-0.016087
0.1893,0.17761,-0.070237,-0.021516
0.18938,0.20304,-0.040102,-0.017815
0.18945,0.19518,-0.073697,-0.020294
0.18953,0.17649,-0.028195,-0.020054
0.18961,0.18471,-0.060118,-0.019675
0.18969,0.15143,-0.039101,-0.021156
0.18977,0.12152,-0.044946,-0.020159
0.18984,0.1189,-0.039607,-0.021662
0.18992,0.094219,-0.036874,-0.021156
0.19,0.070661,-0.043716,-0.022217
0.19008,0.075896,-0.031926,-0.022449
0.19016,0.056451,-0.038205,-0.022479
0.19023,0.032519,-0.032559,-0.023312
0.19031,0.0052217,-0.035431,-0.023293
0.19039,-0.034042,-0.036649,-0.02405
0.19047,-0.026937,-0.036844,-0.02543
0.19055,-0.0063704,-0.032184,-0.026296
0.19062,0.017188,-0.032394,-0.027053
0.1907,0.067669,-0.03503,-0.028287
0.19078,0.10282,-0.027689,-0.028531
0.19086,0.10506,-0.037238,-0.029213
0.19094,0.098706,-0.025357,-0.029404
0.19102,0.083001,-0.034096,-0.029907
0.19109,0.044111,-0.026752,-0.03099
0.19117,0.017188,-0.024919,-0.030094
0.19125,0.0059696,-0.031273,-0.032272
0.19133,-1.3407e-05,-0.01456,-0.030784
0.19141,-0.029181,-0.043881,-0.032535
0.19148,-0.032172,0.0032738,-0.032205
0.19156,-0.0041267,-0.055781,-0.031954
0.19164,0.029902,-0.0014687,-0.034548
0.19172,0.087488,-0.032068,-0.03018
0.1918,0.096089,-0.040485,-0.037945
0.19188,0.14732,0.019372,-0.028328
0.19195,0.12862,-0.13622,-0.040254
0.19203,0.12152,0.21455,-0.025644
0.19211,0.10282,-1.0402,-0.06411
0.19219,0.070287,-2.6786,-0.39483
0.19227,0.25726,-2.2573,-0.7879
0.19234,0.20939,-2.2217,-1.1117
0.19242,0.31821,-2.3306,-1.4543
0.1925,0.54407,-2.2192,-1.7656
0.19258,0.50742,-2.2774,-2.063
0.19266,0.68429,-2.1957,-2.3385
0.19273,0.63942,-2.2722,-2.6009
0.19281,0.56015,-2.2491,-2.8566
0.19289,0.6282,-2.2568,-3.093
0.19297,0.52425,-2.2684,-3.3202
0.19305,0.54332,-2.2692,-3.5334
0.19312,0.56239,-2.2915,-3.7383
0.1932,0.58183,-2.2587,-3.9292
0.19328,0.58969,-2.2452,-4.1048
0.19336,0.54781,-2.2065,-4.2648
0.19344,0.49807,-2.1823,-4.4093
0.19352,0.36682,-2.1582,-4.542
0.19359,0.29802,-2.1286,-4.6611
0.19367,0.20229,-2.1073,-4.7688
0.19375,0.15928,-2.061,-4.8635
0.19383,0.17499,-2.0125,-4.9435
0.19391,0.18471,-1.9697,-5.0108
0.19398,0.22285,-1.9238,-5.066
0.19406,0.25464,-1.87,-5.1089
0.19414,0.28941,-1.8099,-5.1386
0.19422,0.24043,-1.7511,-5.1554
0.1943,0.23819,-1.6938,-5.1605
0.19437,0.16938,-1.6393,-5.155
0.19445,0.017562,-1.5847,-5.1402
0.19453,-0.10434,-1.53,-5.116
0.19461,-0.25616,-1.467,-5.0821
0.19469,-0.32796,-1.4079,-5.0393
0.19477,-0.39003,-1.3352,-4.9875
0.19484,-0.38106,-1.2563,-4.925
0.19492,-0.36498,-1.2091,-4.8551
0.195,-0.3934,-1.1364,-4.7785
0.19508,-0.35488,-1.0589,-4.6921
0.19516,-0.3934,-1.0012,-4.5995
0.19523,-0.38517,-0.91844,-4.5002
0.19531,-0.36834,-0.83736,-4.3917
0.19539,-0.40312,-0.7666,-4.2763
0.19547,-0.40948,-0.69636,-4.1552
0.19555,-0.44126,-0.61897,-4.0283
0.19562,-0.4465,-0.53314,-3.894
0.1957,-0.45958,-0.45606,-3.7527
0.19578,-0.4435,-0.38502,-3.6069
0.19586,-0.44201,-0.31116,-3.4566
0.19594,-0.45397,-0.2347,-3.3022
0.19602,-0.44201,-0.12844,-3.1408
0.19609,-0.48352,-0.019933,-2.9689
0.19617,-0.49698,0.071776,-2.7897
0.19625,-0.48015,0.17482,-2.6032
0.19633,-0.42593,0.25072,-2.4132
0.19641,-0.35787,0.35178,-2.2193
0.19648,-0.25616,0.42857,-2.021
0.19656,-0.13239,0.53436,-1.8207
0.19664,-0.0662,0.62305,-1.6126
0.19672,0.017936,0.7042,-1.4072
0.1968,0.042989,0.83803,-1.1925
0.19687,0.070287,0.87334,-0.98019
0.19695,0.10469,1.0661,-0.76302
0.19703,0.067669,1.0526,-0.54201
0.19711,0.061312,1.2799,-0.32898
0.19719,0.023171,1.2658,-0.089784
0.19727,0.020179,0.18904,0.015994
0.19734,0.056825,-0.033369,-0.011243
0.19742,0.099828,0.14149,-0.0051133
0.1975,0.19556,-0.0003365,-0.0058294
0.19758,0.1963,0.076518,-0.0069017
0.19766,0.18883,0.015008,-0.0037973
0.19773,0.21612,0.042612,-0.0070479
0.19781,0.19406,0.033851,-0.00322
0.19789,0.18995,0.018255,-0.0054095
0.19797,0.19182,0.0318,-0.0037561
0.19805,0.17611,0.0079938,-0.0036811
0.19812,0.16115,0.02693,-0.003265
0.1982,0.14844,0.0070603,-0.0024064
0.19828,0.11965,0.017198,-0.0026201
0.19836,0.1088,0.018386,-0.0017578
0.19844,0.10768,0.013985,-0.0019565
0.19852,0.082627,0.013175,-0.0011392
0.19859,0.059817,0.0079901,-0.00065555
0.19867,0.020553,0.011979,-0.00026563
0.19875,-0.0052485,0.01205,0.00054794
0.19883,0.010083,0.016174,0.0018302
0.19891,0.035137,0.01229,0.0029474
0.19898,0.062808,0.016883,0.0037872
0.19906,0.099828,0.0061418,0.0045146
0.19914,0.13834,0.0029701,0.0048482
0.19922,0.12937,0.013111,0.0058568
0.1993,0.11329,0.0027189,0.005703
0.19937,0.10469,0.014622,0.0068728
0.19945,0.063556,0.00054452,0.0071502
0.19953,0.04112,0.01626,0.0073039
0.19961,0.026162,-0.0039093,0.0085786
0.19969,-0.0030049,0.0036187,0.0070377
0.19977,-0.03105,0.015934,0.010243
0.19984,0.0067175,-0.015119,0.0075776
0.19992,0.041494,0.039032,0.010374
0.2,0.054582,-0.038498,0.0092535
0.20008,0.12039,0.056521,0.0090735
0.20016,0.13311,-0.043405,0.012954
0.20023,0.15592,0.033093,0.0050394
0.20031,0.12339,0.0077576,0.019849
0.20039,0.1189,-0.099505,-0.0070516
0.20047,0.11105,1.7825,0.11622
0.20055,0.12077,2.7691,0.50421
0.20062,0.34027,2.1566,0.86511
0.2007,0.30886,2.3014,1.1923
0.20078,0.34962,2.2616,1.5294
0.20086,0.43413,2.2486,1.834
0.20094,0.31522,2.2397,2.1277
0.20102,0.43675,2.1843,2.396
0.20109,0.43338,2.2703,2.6596
0.20117,0.42852,2.2242,2.9083
0.20125,0.50555,2.25,3.1416
0.20133,0.47339,2.253,3.3649
0.20141,0.50555,2.2641,3.5752
0.20148,0.52051,2.2633,3.7767
0.20156,0.57623,2.2332,3.9625
0.20164,0.57062,2.2159,4.1335
0.20172,0.54332,2.1743,4.2886
0.2018,0.46704,2.1337,4.4291
0.20187,0.35373,2.1179,4.5567
0.20195,0.31185,2.1025,4.6722
0.20203,0.20117,2.0583,4.7764
0.20211,0.17985,2.0165,4.8666
0.20219,0.18322,1.9757,4.9429
0.20227,0.21799,1.9217,5.0067
0.20234,0.25053,1.8706,5.0585
0.20242,0.23445,1.815,5.0973
0.2025,0.27633,1.7538,5.123
0.20258,0.25239,1.696,5.1364
0.20266,0.22061,1.6364,5.138
0.20273,0.10394,1.5819,5.1294
0.20281,-0.025815,1.5255,5.1114
0.20289,-0.13949,1.4685,5.0838
0.20297,-0.29056,1.4016,5.0461
0.20305,-0.3403,1.3426,4.9993
0.20313,-0.38966,1.274,4.9439
0.2032,-0.37096,1.1894,4.8772
0.20328,-0.36872,1.1478,4.8041
0.20336,-0.39377,1.0741,4.7256
0.20344,-0.36386,0.98727,4.6355
0.20352,-0.40312,0.93413,4.5393
0.20359,-0.39489,0.85488,4.4381
0.20367,-0.40985,0.78005,4.3275
0.20375,-0.4379,0.70916,4.2097
0.20383,-0.46444,0.63722,4.0867
0.20391,-0.48688,0.56238,3.9575
0.20398,-0.4708,0.47529,3.821
0.20406,-0.48725,0.40741,3.6786
0.20414,-0.44575,0.33586,3.5322
0.20422,-0.45472,0.25581,3.3814
0.2043,-0.47155,0.17814,3.2257
0.20438,-0.47604,0.06586,3.0617
0.20445,-0.51081,-0.036117,2.8872
0.20453,-0.52278,-0.13287,2.7061
0.20461,-0.52801,-0.22576,2.5181
0.20469,-0.4435,-0.30322,2.3273
0.20477,-0.38442,-0.40088,2.1313
0.20484,-0.27598,-0.47222,1.9331
0.20492,-0.16043,-0.5983,1.7303
0.205,-0.10659,-0.65676,1.5224
0.20508,0.0055957,-0.76954,1.3156
0.20516,0.0044739,-0.86676,1.0995
0.20523,0.034763,-0.9402,0.88914
0.20531,0.068791,-1.1176,0.66618
0.20539,0.020179,-1.084,0.45216
0.20547,0.0074654,-1.401,0.22773
0.20555,-0.018336,-0.98252,0.0089048
0.20563,0.029902,0.0099433,-0.035572
0.2057,0.063556,-0.090421,-0.010587
0.20578,0.14358,-0.10689,-0.022299
0.20586,0.22435,-0.032784,-0.015847
0.20594,0.16003,-0.097571,-0.019356
0.20602,0.19107,-0.023505,-0.018277
0.20609,0.21425,-0.072302,-0.017887
0.20617,0.17237,-0.0353,-0.020042
0.20625,0.18322,-0.048792,-0.018175
0.20633,0.16826,-0.047,-0.020417
0.20641,0.14059,-0.035135,-0.019281
0.20648,0.13124,-0.045077,-0.020436
0.20656,0.10992,-0.030696,-0.020552
0.20664,0.096463,-0.041628,-0.02083
0.20672,0.1002,-0.033538,-0.021388
0.2068,0.067295,-0.034029,-0.021362
0.20688,0.045981,-0.033898,-0.022172
0.20695,0.032893,-0.033781,-0.022146
0.20703,-0.013849,-0.032207,-0.022794
0.20711,-0.028807,-0.033215,-0.023923
0.20719,-0.014971,-0.036278,-0.025063
0.20727,-0.0071182,-0.031824,-0.02609
0.20734,0.033641,-0.034108,-0.026915
0.20742,0.10319,-0.027029,-0.027443
0.2075,0.11217,-0.031506,-0.028054
0.20758,0.1002,-0.023273,-0.028688
0.20766,0.10506,-0.027772,-0.028643
0.20773,0.077018,-0.03257,-0.029967
0.20781,0.048225,-0.015719,-0.02925
0.20789,0.009709,-0.041118,-0.030608
0.20797,0.009335,-0.0096153,-0.030626
0.20805,0.0014823,-0.040676,-0.030281
0.20813,-0.046008,-0.015707,-0.03267
0.2082,0.0026042,-0.024833,-0.029832
0.20828,0.041868,-0.039026,-0.034312
0.20836,0.083375,0.013842,-0.029742
0.20844,0.10581,-0.078597,-0.034608
0.20852,0.11441,0.061402,-0.031822
0.20859,0.14769,-0.12775,-0.031699
0.20867,0.11591,0.11642,-0.038136
0.20875,0.12226,-0.30136,-0.020616
0.20883,0.058695,-2.3073,-0.24136
0.20891,0.15255,-2.5137,-0.65093
0.20898,0.21799,-2.1164,-0.9876
0.20906,0.215,-2.3513,-1.3246
0.20914,0.48424,-2.2136,-1.6508
0.20922,0.50667,-2.2644,-1.9505
0.2093,0.58034,-2.2045,-2.2364
0.20938,0.67083,-2.2143,-2.5002
0.20945,0.54369,-2.2455,-2.7608
0.20953,0.5751,-2.2238,-3.0026
0.20961,0.52761,-2.2547,-3.2336
0.20969,0.49508,-2.2396,-3.4517
0.20977,0.50929,-2.2689,-3.6596
0.20984,0.52948,-2.2472,-3.8568
0.20992,0.55491,-2.2246,-4.0375
0.21,0.51415,-2.1941,-4.2037
0.21008,0.50181,-2.1615,-4.3535
0.21016,0.36532,-2.1391,-4.4903
0.21023,0.2868,-2.1087,-4.6136
0.21031,0.22547,-2.087,-4.7255
0.21039,0.11927,-2.0419,-4.8247
0.21047,0.15442,-1.9949,-4.9094
0.21055,0.17574,-1.9545,-4.9813
0.21063,0.1877,-1.9098,-5.0408
0.2107,0.21575,-1.8601,-5.0886
0.21078,0.28268,-1.7992,-5.123
0.21086,0.28044,-1.7378,-5.1442
0.21094,0.23931,-1.6797,-5.1536
0.21102,0.20378,-1.6266,-5.1518
0.21109,0.049346,-1.5703,-5.1404
0.21117,-0.063957,-1.516,-5.1198
0.21125,-0.18923,-1.4556,-5.09
0.21133,-0.30103,-1.3925,-5.05
0.21141,-0.3302,-1.3352,-5.0016
0.21148,-0.35077,-1.2536,-4.9431
0.21156,-0.35488,-1.1939,-4.8749
0.21164,-0.36049,-1.1405,-4.8022
0.21172,-0.32197,-1.0653,-4.7214
0.2118,-0.34927,-1.0063,-4.6328
0.21188,-0.38106,-0.92691,-4.5376
0.21195,-0.35937,-0.84371,-4.4326
0.21203,-0.39153,-0.77384,-4.3204
0.21211,-0.40536,-0.70084,-4.202
0.21219,-0.40798,-0.62626,-4.0775
0.21227,-0.41658,-0.54031,-3.946
0.21234,-0.445,-0.46054,-3.8069
0.21242,-0.43266,-0.38736,-3.6628
0.2125,-0.41583,-0.31333,-3.5139
0.21258,-0.44575,-0.24176,-3.3603
0.21266,-0.43004,-0.14793,-3.2014
0.21273,-0.4465,-0.032567,-3.0323
0.21281,-0.48202,0.063325,-2.8544
0.21289,-0.49249,0.16099,-2.6695
0.21297,-0.45024,0.23646,-2.4795
0.21305,-0.38218,0.32685,-2.2878
0.21313,-0.31823,0.41584,-2.0898
0.2132,-0.18399,0.50334,-1.8906
0.21328,-0.089759,0.61835,-1.6843
0.21336,-0.011979,0.67157,-1.4779
0.21344,0.044485,0.8137,-1.2671
0.21352,0.060191,0.85698,-1.0515
0.21359,0.10693,1.0103,-0.83939
0.21367,0.082253,1.0934,-0.61404
0.21375,0.057199,1.1512,-0.40449
0.21383,0.033641,1.4188,-0.16612
0.21391,0.025788,0.55629,0.0045783
0.21398,0.061686,-0.10253,-0.0014091
0.21406,0.0744,0.13726,-0.01037
0.21414,0.17611,0.022397,-0.0023277
0.21422,0.19855,0.053308,-0.008675
0.2143,0.16788,0.037476,-0.00292
0.21438,0.20603,0.017876,-0.0066617
0.21445,0.18658,0.05588,-0.0038611
0.21453,0.19331,0.0070528,-0.004176
0.21461,0.1963,0.040678,-0.0044047
0.21469,0.18583,0.015087,-0.0030588
0.21477,0.16003,0.021599,-0.0035312
0.21484,0.12937,0.019361,-0.0022827
0.21492,0.13386,0.015147,-0.0027776
0.215,0.10768,0.021681,-0.0017203
0.21508,0.10058,0.0088898,-0.0015179
0.21516,0.09908,0.015844,-0.0010455
0.21523,0.083375,0.011889,-0.00053932
0.21531,0.043737,0.0092985,-0.00024314
0.21539,-0.013101,0.010881,0.00039422
0.21547,-0.015719,0.0060181,0.00067166
0.21555,0.0067175,0.0074652,0.0010953
0.21563,0.04972,0.0099058,0.0014777
0.2157,0.081879,0.0051258,0.0017964
0.21578,0.099454,0.0029326,0.0016089
0.21586,0.10132,0.0041361,0.0013615
0.21594,0.084497,0.0068054,0.0013877
0.21602,0.086366,0.0065917,0.001534
0.21609,0.05346,0.0029139,0.0016689
0.21617,0.026162,0.0036637,0.0016127
0.21625,0.0052217,0.0025502,0.0015452
0.21633,-0.011979,0.001403,0.001474
0.21641,-0.0097358,0.0019916,0.0015527
0.21648,-0.0033789,-0.00032525,0.0015002
0.21656,0.032145,-0.00026902,0.0013952
0.21664,0.058695,-0.00057269,0.0014177
