0,0.018684,-0.017964,-0.0020802
7.8125e-05,0.011205,-0.022306,-0.0022264
0.00015625,0.009709,-0.018527,-0.0021402
0.00023437,0.0044739,-0.012071,-0.0016416
0.0003125,0.0063435,-0.0092816,-0.0013117
0.00039063,0.0082132,-0.015786,-0.00096298
0.00046875,0.024667,-0.019839,-0.00047559
0.00054688,0.014944,-0.01696,-0.00046059
0.000625,-0.0018831,-0.03115,-0.00029188
0.00070312,0.029528,-0.02006,1.1805e-05
0.00078125,0.022797,0.00345,0.00012428
0.00085938,0.0044739,-0.031097,0.00081788
0.0009375,0.0055957,-0.023674,0.00026675
0.0010156,0.00036053,-0.0029945,0.0011441
0.0010938,0.013074,-0.037703,0.00036048
0.0011719,0.011953,0.0096884,0.00068291
0.00125,0.023545,-0.043154,0.0011028
0.0013281,0.031023,0.0027339,-0.00017565
0.0014062,0.010457,-0.020855,0.0023213
0.0014844,0.023171,-0.029598,-0.0011092
0.0015625,0.012327,0.030312,0.0029624
0.0016406,0.020553,-0.12287,-0.0014466
0.0017188,0.033267,0.10561,0.0019689
0.0017969,0.016814,-0.28457,-1.8189e-05
0.001875,0.0074654,0.69385,0.0015602
0.0019531,0.023545,3.0577,0.16316
0.0020313,0.20565,3.1527,0.39032
0.0021094,0.35186,3,0.56182
0.0021875,0.50443,3.098,0.73364
0.0022656,0.58408,2.787,0.88507
0.0023437,0.35448,2.8327,1.022
0.0024219,0.40085,2.7168,1.1426
0.0025,0.52462,2.6532,1.2438
0.0025781,0.3728,2.5848,1.3338
0.0026563,0.43637,2.5448,1.4067
0.0027344,0.37729,2.4889,1.4701
0.0028125,-0.029181,2.4014,1.5179
0.0028906,-0.048999,2.3814,1.5538
0.0029688,0.072531,2.3048,1.5791
0.0030469,0.0048478,2.2481,1.5939
0.003125,0.1088,2.1546,1.5978
0.0032031,-0.019458,2.0841,1.5923
0.0032812,-0.25915,2.0034,1.5813
0.0033594,-0.31637,1.8883,1.5573
0.0034375,-0.3818,1.8166,1.5251
0.0035156,-0.28121,1.7118,1.4901
0.0035938,-0.25691,1.5966,1.4461
0.0036719,-0.24681,1.4868,1.3929
0.00375,-0.24457,1.3703,1.3347
0.0038281,-0.31337,1.2455,1.2714
0.0039063,-0.22774,1.1177,1.2015
0.0039844,-0.25018,0.9871,1.1276
0.0040625,-0.21353,0.83534,1.0466
0.0041406,-0.23335,0.70196,0.9608
0.0042188,-0.36759,0.55767,0.87155
0.0042969,-0.43528,0.43511,0.78095
0.004375,-0.59719,0.2453,0.68571
0.0044531,-0.60505,0.086344,0.58119
0.0045312,-0.54596,-0.092506,0.4736
0.0046094,-0.5082,-0.30033,0.35259
0.0046875,-0.34441,-0.39514,0.2367
0.0047656,-0.19371,-0.71264,0.10693
0.0048437,-0.14398,-0.47674,-0.0019977
0.0049219,-0.063209,0.033052,-0.0084238
0.005,0.02504,-0.062034,0.0016164
0.0050781,0.076644,-0.040473,-0.0043072
0.0051563,0.13947,-0.017724,3.0551e-05
0.0052344,0.14844,-0.042925,-0.0027363
0.0053125,0.16975,-0.0095291,-0.0010455
0.0053906,0.073278,-0.040222,-0.0018703
0.0054688,0.039624,-0.010519,-0.002039
0.0055469,0.13311,-0.023674,-0.0012667
0.005625,0.11628,-0.024075,-0.0023239
0.0057031,0.2049,-0.022384,-0.001814
0.0057812,0.27483,-0.02075,-0.0024476
0.0058594,0.30138,-0.011396,-0.0022077
0.0059375,0.29054,-0.023115,-0.0027551
0.0060156,0.24118,-0.019828,-0.0028788
0.0060938,0.26212,-0.015126,-0.0029163
0.0061719,0.1993,-0.016922,-0.003295
0.00625,0.25501,-0.020874,-0.0031975
0.0063281,0.27894,-0.016847,-0.0033812
0.0064063,0.22285,-0.014189,-0.0035686
0.0064844,0.23519,-0.015389,-0.0037973
0.0065625,0.15181,-0.014215,-0.0039661
0.0066406,0.15143,-0.010144,-0.0040485
0.0067187,0.1447,-0.011074,-0.004131
0.0067969,0.094967,-0.010474,-0.0039961
0.006875,0.036633,-0.0091354,-0.0039061
0.0069531,-0.08041,-0.016453,-0.0039623
0.0070313,-0.17502,-0.01263,-0.0039586
0.0071094,-0.29056,-0.0072084,-0.0039586
0.0071875,-0.31936,-0.0091054,-0.0038611
0.0072656,-0.30926,-0.010912,-0.0040223
0.0073438,-0.27635,-0.01224,-0.0039623
0.0074219,-0.20231,-0.010549,-0.0038086
0.0075,-0.16829,-0.0081457,-0.0040111
0.0075781,-0.15969,-0.0082394,-0.0037749
0.0076562,-0.15707,-0.011932,-0.0039061
0.0077344,-0.11444,-0.009754,-0.0040335
0.0078125,-0.087141,-0.010193,-0.0036961
0.0078906,-0.068818,-0.015595,-0.0038236
0.0079688,-0.085271,-0.011647,-0.0038686
0.0080469,-0.11631,-0.0070247,-0.0037824
0.008125,-0.1021,-0.0091767,-0.0038048
0.0082031,-0.085271,-0.014234,-0.0039698
0.0082813,-0.023945,-0.01233,-0.0038761
0.0083594,0.047851,-0.006901,-0.0037936
0.0084375,0.126,-0.011077,-0.0038761
0.0085156,0.17611,-0.014894,-0.0039361
0.0085938,0.19294,-0.01233,-0.0046784
0.0086719,0.21911,-0.011254,-0.0050571
0.00875,0.19817,-0.013844,-0.0053083
0.0088281,0.18284,-0.008828,-0.0055595
0.0089063,0.19593,-0.010714,-0.0055745
0.0089844,0.20827,-0.013421,-0.0065717
0.0090625,0.18957,-0.0047378,-0.0062268
0.0091406,0.15143,-0.017353,-0.006598
0.0092187,0.17574,-0.006781,-0.0070104
0.0092969,0.17424,-0.017211,-0.0065867
0.009375,0.11778,-0.0099452,-0.0077152
0.0094531,0.11366,-0.0096041,-0.0063618
0.0095312,0.10432,-0.023532,-0.0081726
0.0096094,0.056825,0.011105,-0.0063843
0.0096875,0.00073447,-0.040402,-0.0074378
0.0097656,-0.048999,0.019867,-0.0076215
0.0098438,-0.096116,-0.041227,-0.0057582
0.0099219,-0.098733,0.0051146,-0.0099347
0.01,-0.094246,-0.0045016,-0.0024926
0.010078,-0.1107,-0.064756,-0.013065
0.010156,-0.046756,0.14035,0.0041396
0.010234,-0.12304,-1.1404,-0.055352
0.010313,-0.06807,-2.2143,-0.30985
0.010391,-0.024319,-1.885,-0.55757
0.010469,-0.10322,-1.9881,-0.76398
0.010547,0.10506,-1.991,-0.96948
0.010625,0.061312,-1.9906,-1.139
0.010703,0.18957,-2.0608,-1.2956
0.010781,0.30475,-2.0217,-1.4258
0.010859,0.19668,-2.0805,-1.5376
0.010938,0.36607,-2.0664,-1.6319
0.011016,0.28119,-2.1095,-1.71
0.011094,0.35149,-2.1036,-1.7747
0.011172,0.39487,-2.1006,-1.8215
0.01125,0.3829,-2.1003,-1.8566
0.011328,0.45544,-2.0811,-1.8785
0.011406,0.304,-2.0725,-1.8911
0.011484,0.37654,-2.0105,-1.8904
0.011562,0.22697,-1.9684,-1.8773
0.011641,0.15667,-1.9181,-1.8565
0.011719,0.20004,-1.8486,-1.8253
0.011797,0.037754,-1.7902,-1.7867
0.011875,0.061312,-1.6988,-1.7406
0.011953,-0.078914,-1.5932,-1.6856
0.012031,-0.087889,-1.4884,-1.6238
0.012109,-0.095368,-1.3795,-1.5552
0.012188,-0.17464,-1.2712,-1.4818
0.012266,-0.12528,-1.1423,-1.4025
0.012344,-0.22213,-1.0173,-1.3178
0.012422,-0.25429,-0.86512,-1.2269
0.0125,-0.35563,-0.73906,-1.1306
0.012578,-0.4192,-0.61197,-1.0341
0.012656,-0.445,-0.45683,-0.93166
0.012734,-0.4794,-0.3139,-0.82741
0.012813,-0.44724,-0.1085,-0.71325
0.012891,-0.47791,0.025232,-0.59367
0.012969,-0.44238,0.25042,-0.46839
0.013047,-0.44425,0.36906,-0.33597
0.013125,-0.37881,0.55419,-0.21095
0.013203,-0.31599,0.77782,-0.066311
0.013281,-0.25018,0.22122,0.0096472
0.013359,-0.1552,-0.054926,-0.0059981
0.013437,-0.15557,0.081174,-0.0048059
0.013516,-0.037781,-0.01089,-0.0039548
0.013594,-0.084523,0.035706,-0.0061031
0.013672,-0.067696,0.013936,-0.0034974
0.01375,0.034389,0.011087,-0.0058744
0.013828,0.01644,0.019248,-0.0037449
0.013906,0.14283,0.0014293,-0.0049633
0.013984,0.13161,0.016302,-0.0041423
0.014063,0.17686,-0.0013,-0.0041723
0.014141,0.24379,0.010937,-0.004296
0.014219,0.25352,0.0032738,-0.0036174
0.014297,0.3399,0.0049309,-0.0038686
0.014375,0.32681,0.0046197,-0.003325
0.014453,0.39,-0.00058019,-0.0036061
0.014531,0.36757,0.0052533,-0.0030925
0.014609,0.34027,0.0038249,-0.0028451
0.014688,0.35785,0.0041548,-0.0029725
0.014766,0.3025,-0.00080887,-0.0024139
0.014844,0.33541,0.0013618,-0.0021027
0.014922,0.31036,0.0058081,-0.002054
0.015,0.28755,0.0024415,-0.0018028
0.015078,0.25726,0.0015155,-0.0018028
0.015156,0.1993,0.001373,-0.0019228
0.015234,0.1346,-0.0025072,-0.001904
0.015312,0.022423,-0.00011156,-0.0017278
0.015391,-0.051617,0.0017779,-0.0016828
0.015469,-0.13912,-0.003092,-0.001814
0.015547,-0.18212,-0.0013937,-0.001799
0.015625,-0.22288,0.00040206,-0.0018178
0.015703,-0.26252,-0.00067016,-0.0018178
0.015781,-0.25953,-0.0020798,-0.0018515
0.015859,-0.26626,-0.0057576,-0.0017391
0.015938,-0.21989,0.00063074,-0.0014091
0.016016,-0.20792,0.00012088,-0.00077552
0.016094,-0.19857,-0.0037593,-0.00025814
0.016172,-0.19072,0.0071803,0.00040172
0.01625,-0.22363,-0.00099258,0.00090411
0.016328,-0.2154,0.0049908,0.0012078
0.016406,-0.23634,0.002464,0.0020439
0.016484,-0.21204,-0.0022223,0.0017177
0.016563,-0.16903,0.011915,0.0028987
0.016641,-0.13314,-0.0071072,0.0025162
0.016719,-0.056852,0.012084,0.0030036
0.016797,-0.012353,-0.011171,0.0035623
0.016875,0.053834,0.016369,0.0028649
0.016953,0.11778,0.0018679,0.0050582
0.017031,0.17985,-0.0040705,0.0021826
0.017109,0.22173,0.024486,0.0060367
0.017188,0.25352,-0.041028,0.0023363
0.017266,0.24679,0.06397,0.0050582
0.017344,0.25277,-0.070762,0.0044883
0.017422,0.27446,0.091061,0.0020926
0.0175,0.28156,-0.093972,0.010933
0.017578,0.31596,0.13375,-0.010512
0.017656,0.2696,2.2011,0.1657
0.017734,0.40721,2.7687,0.53591
0.017813,0.33653,2.4198,0.84131
0.017891,0.35972,2.7508,1.1328
0.017969,0.59193,2.7529,1.4116
0.018047,0.43899,2.9218,1.6577
0.018125,0.64877,3.0181,1.8894
0.018203,0.6211,3.1364,2.0933
0.018281,0.55416,3.2886,2.2857
0.018359,0.82751,3.3362,2.4535
0.018437,0.76506,3.376,2.6063
0.018516,0.88921,3.3959,2.7418
0.018594,0.89183,3.4675,2.8595
0.018672,0.97597,3.4833,2.9662
0.01875,1.0294,3.4682,3.0582
0.018828,0.7875,3.4033,3.1403
0.018906,0.80545,3.3536,3.2078
0.018984,0.36719,3.123,3.2671
0.019062,-0.49361,2.8068,3.3262
0.019141,-1.2434,2.7056,3.3773
0.019219,-1.4341,2.6126,3.4169
0.019297,-1.1076,2.477,3.4459
0.019375,-0.97113,2.3678,3.4646
0.019453,-0.73966,2.2816,3.4739
0.019531,-0.5239,2.1994,3.475
0.019609,-0.30776,2.096,3.467
0.019688,0.068791,2.0045,3.4502
0.019766,0.38477,1.898,3.4252
0.019844,0.55005,1.7858,3.3888
0.019922,0.23819,1.7216,3.3466
0.02,-0.17539,1.626,3.2985
0.020078,-0.52764,1.5046,3.2375
0.020156,-0.79688,1.4327,3.1715
0.020234,-0.72396,1.3388,3.1019
0.020313,-0.5755,1.235,3.0227
0.020391,-0.44463,1.141,2.936
0.020469,-0.4465,1.0383,2.8435
0.020547,-0.63982,0.95645,2.7454
0.020625,-0.89971,0.85562,2.6407
0.020703,-1.0837,0.75028,2.5297
0.020781,-1.0788,0.64806,2.4129
0.020859,-0.97225,0.55882,2.2905
0.020938,-0.81071,0.46863,2.1661
0.021016,-0.57737,0.34945,2.0361
0.021094,-0.30515,0.2374,1.8995
0.021172,-0.0030049,0.081133,1.7531
0.02125,0.33242,-0.032754,1.5986
0.021328,0.56501,-0.1662,1.4394
0.021406,0.68317,-0.27326,1.2733
0.021484,0.62409,-0.37767,1.1094
0.021563,0.29353,-0.53081,0.9376
0.021641,-0.11519,-0.59846,0.76824
0.021719,-0.49137,-0.78971,0.59114
0.021797,-0.6473,-0.80593,0.41317
0.021875,-0.5583,-1.0683,0.23561
0.021953,-0.34254,-1.0166,0.039356
0.022031,0.052338,-0.11863,-0.032666
0.022109,0.36009,-0.0099565,-0.0084613
0.022187,0.58445,-0.12601,-0.015517
0.022266,0.79647,-0.020113,-0.012803
0.022344,0.82751,-0.089323,-0.013107
0.022422,0.85593,-0.025121,-0.014546
0.0225,0.77366,-0.055724,-0.01224
0.022578,0.5134,-0.04348,-0.015071
0.022656,0.27072,-0.034209,-0.013331
0.022734,-0.023198,-0.051413,-0.015064
0.022812,-0.24008,-0.032687,-0.014404
0.022891,-0.2771,-0.039128,-0.014756
0.022969,-0.21278,-0.028312,-0.015247
0.023047,-0.081532,-0.034216,-0.015131
0.023125,-0.014223,-0.028342,-0.015873
0.023203,-0.054608,-0.028218,-0.015603
0.023281,-0.16903,-0.030812,-0.016305
0.023359,-0.24233,-0.028364,-0.016653
0.023438,-0.24644,-0.029133,-0.016616
0.023516,-0.23672,-0.025181,-0.016938
0.023594,-0.13725,-0.025811,-0.017347
0.023672,-0.037033,-0.025091,-0.017673
0.02375,-0.00076128,-0.02198,-0.017924
0.023828,0.028032,-0.019097,-0.017962
0.023906,0.038876,-0.019037,-0.017902
0.023984,0.051216,-0.0203,-0.017887
0.024063,0.057573,-0.018114,-0.018007
0.024141,0.0048478,-0.020941,-0.017984
0.024219,-0.11219,-0.020874,-0.017977
0.024297,-0.25242,-0.022703,-0.018554
0.024375,-0.39302,-0.02484,-0.019285
0.024453,-0.43528,-0.021785,-0.019761
0.024531,-0.313,-0.022699,-0.020556
0.024609,-0.090506,-0.018542,-0.020924
0.024688,0.18509,-0.024915,-0.021568
0.024766,0.41655,-0.015303,-0.02191
0.024844,0.53621,-0.01973,-0.022033
0.024922,0.56426,-0.01931,-0.023229
0.025,0.52649,-0.017335,-0.022172
0.025078,0.42702,-0.029391,-0.024035
0.025156,0.30624,-0.0036769,-0.023379
0.025234,0.17499,-0.036589,-0.024208
0.025313,0.0022302,0.00084069,-0.024909
0.025391,-0.16679,-0.038513,-0.023297
0.025469,-0.27187,-0.012986,-0.026802
0.025547,-0.27374,-0.0086031,-0.021868
0.025625,-0.18923,-0.050476,-0.028508
0.025703,-0.024319,0.053477,-0.021336
0.025781,0.054956,-0.13449,-0.028478
0.025859,0.12787,0.19095,-0.022986
0.025938,0.12413,-0.66542,-0.031455
0.026016,0.030276,-2.4606,-0.30208
0.026094,0.14059,-2.3003,-0.68154
0.026172,0.018684,-2.0882,-0.98827
0.02625,0.11853,-2.2212,-1.3029
0.026328,0.38963,-2.1104,-1.5921
0.026406,0.33092,-2.1895,-1.8646
0.026484,0.53846,-2.1228,-2.119
0.026562,0.52687,-2.1715,-2.3541
0.026641,0.46629,-2.1601,-2.5797
0.026719,0.43899,-2.1515,-2.7843
0.026797,0.19593,-2.155,-2.9759
0.026875,0.23931,-2.1241,-3.1476
0.026953,0.20378,-2.1479,-3.3055
0.027031,0.22809,-2.1391,-3.4502
0.027109,0.30362,-2.1361,-3.5812
0.027187,0.35411,-2.1095,-3.6975
0.027266,0.50181,-2.0857,-3.7968
0.027344,0.49845,-2.0652,-3.8815
0.027422,0.60128,-2.0406,-3.9508
0.0275,0.64914,-2.0252,-4.0065
0.027578,0.63306,-2.0014,-4.0477
0.027656,0.54108,-1.976,-4.0741
0.027734,0.38514,-1.9464,-4.0883
0.027813,0.31335,-1.9171,-4.0912
0.027891,0.098332,-1.8827,-4.0837
0.027969,0.091975,-1.8378,-4.0656
0.028047,0.078888,-1.7909,-4.0381
0.028125,-0.0576,-1.7186,-3.9995
0.028203,-0.096489,-1.6603,-3.9494
0.028281,-0.25878,-1.6108,-3.8946
0.028359,-0.33693,-1.5181,-3.8308
0.028438,-0.39153,-1.4528,-3.756
0.028516,-0.41658,-1.3958,-3.6777
0.028594,-0.38592,-1.3019,-3.5914
0.028672,-0.445,-1.2175,-3.4956
0.02875,-0.47417,-1.1388,-3.394
0.028828,-0.47454,-1.0514,-3.2865
0.028906,-0.47379,-0.9587,-3.1729
0.028984,-0.47417,-0.86737,-3.0531
0.029063,-0.43079,-0.77191,-2.9264
0.029141,-0.41658,-0.67874,-2.7942
0.029219,-0.47641,-0.58824,-2.6578
0.029297,-0.57064,-0.49929,-2.5179
0.029375,-0.64954,-0.38273,-2.3736
0.029453,-0.69778,-0.25828,-2.22
0.029531,-0.71835,-0.13477,-2.06
0.029609,-0.66001,0.0058081,-1.8905
0.029688,-0.62524,0.09157,-1.717
0.029766,-0.53811,0.23367,-1.5417
0.029844,-0.42817,0.33372,-1.3617
0.029922,-0.3317,0.47045,-1.1825
0.03,-0.1466,0.59255,-0.99478
0.030078,0.017936,0.67748,-0.81217
0.030156,0.15816,0.87021,-0.61783
0.030234,0.258,0.86423,-0.42961
0.030312,0.33803,1.1932,-0.233
0.030391,0.36308,0.89687,-0.035575
0.030469,0.37467,-0.012839,0.0081775
0.030547,0.43151,0.056915,-0.01545
0.030625,0.40945,0.081242,-0.0047384
0.030703,0.42702,0.0055569,-0.010321
0.030781,0.41394,0.071176,-0.0071903
0.030859,0.36944,0.00073572,-0.0075765
0.030937,0.34102,0.048082,-0.0082101
0.031016,0.27109,0.013032,-0.0061143
0.031094,0.30475,0.017842,-0.007764
0.031172,0.27371,0.019518,-0.0058069
0.03125,0.2251,0.012703,-0.0067967
0.031328,0.24529,0.021929,-0.0056232
0.031406,0.18808,0.0060481,-0.0056644
0.031484,0.14919,0.019346,-0.005432
0.031563,0.10319,0.011417,-0.0047121
0.031641,0.0744,0.0081588,-0.0045659
0.031719,0.050468,0.010247,-0.0038161
0.031797,0.00073447,0.0097071,-0.0037898
0.031875,-0.014597,0.0084962,-0.0032987
0.031953,-0.096863,0.01112,-0.0029463
0.032031,-0.14697,0.01115,-0.0021027
0.032109,-0.17053,0.0055794,-0.00076802
0.032188,-0.22961,0.0078288,-0.00015691
0.032266,-0.21241,0.011893,0.00064916
0.032344,-0.21765,0.0071578,0.0013015
0.032422,-0.23372,0.012043,0.0017364
0.0325,-0.22213,0.0061905,0.0025612
0.032578,-0.21166,0.0057519,0.002325
0.032656,-0.17352,0.01406,0.0036897
0.032734,-0.1365,-0.0037893,0.0033261
0.032813,-0.081158,0.018693,0.0043496
0.032891,-0.023198,-0.009634,0.0047208
0.032969,0.015318,0.01641,0.0040384
0.033047,0.031771,0.0032326,0.0068465
0.033125,0.054582,-0.0016861,0.0035173
0.033203,0.091228,0.031755,0.008125
0.033281,0.11703,-0.038115,0.0041846
0.033359,0.11591,0.062047,0.0076863
0.033438,0.12301,-0.075872,0.0069815
0.033516,0.14694,0.095642,0.0039034
0.033594,0.16452,-0.092618,0.01463
0.033672,0.20677,0.12745,-0.0096423
0.03375,0.18883,2.2224,0.18177
0.033828,0.33915,2.7071,0.58761
0.033906,0.38701,2.225,0.93305
0.033984,0.28904,2.4443,1.2748
0.034063,0.55902,2.3145,1.6047
0.034141,0.5164,2.4016,1.9072
0.034219,0.40758,2.375,2.2017
0.034297,0.57174,2.3949,2.4686
0.034375,0.42665,2.4844,2.732
0.034453,0.40047,2.473,2.9788
0.034531,0.50256,2.5405,3.2139
0.034609,0.48012,2.5191,3.4331
0.034688,0.54257,2.5621,3.6373
0.034766,0.67644,2.6062,3.8327
0.034844,0.72505,2.629,4.0146
0.034922,0.68018,2.6564,4.1844
0.035,0.69663,2.6549,4.3366
0.035078,0.65101,2.6588,4.4729
0.035156,0.56949,2.6613,4.594
0.035234,0.50854,2.6609,4.7001
0.035313,0.38178,2.6681,4.7936
0.035391,0.32718,2.6715,4.8747
0.035469,0.28867,2.6539,4.9431
0.035547,0.20603,2.6199,4.9988
0.035625,0.21537,2.582,5.0408
0.035703,0.26735,2.5347,5.0704
0.035781,0.22921,2.4702,5.0885
0.035859,0.15517,2.4077,5.0947
0.035938,-0.023572,2.3393,5.089
0.036016,-0.26476,2.261,5.0724
0.036094,-0.40424,2.1864,5.046
0.036172,-0.54297,2.1159,5.0112
0.03625,-0.56728,2.0478,4.9683
0.036328,-0.48015,1.9702,4.9165
0.036406,-0.42443,1.8931,4.8569
0.036484,-0.36946,1.8002,4.7874
0.036562,-0.30963,1.7195,4.7083
0.036641,-0.26887,1.6651,4.6265
0.036719,-0.3231,1.553,4.5363
0.036797,-0.3317,1.4574,4.4353
0.036875,-0.38255,1.4071,4.3321
0.036953,-0.55606,1.3182,4.224
0.037031,-0.64618,1.2163,4.1067
0.037109,-0.76397,1.1334,3.9832
0.037187,-0.80585,1.057,3.8559
0.037266,-0.73256,0.95806,3.7239
0.037344,-0.67123,0.85865,3.5852
0.037422,-0.58672,0.76577,3.4411
0.0375,-0.57176,0.66569,3.2923
0.037578,-0.56616,0.58524,3.14
0.037656,-0.56017,0.49031,2.985
0.037734,-0.5512,0.37032,2.823
0.037812,-0.47155,0.25232,2.6541
0.037891,-0.37096,0.11745,2.4757
0.037969,-0.28944,0.01181,2.2912
0.038047,-0.24756,-0.10622,2.1032
0.038125,-0.20792,-0.20217,1.9111
0.038203,-0.15482,-0.31741,1.72
0.038281,-0.079662,-0.44673,1.5213
0.038359,-0.028807,-0.53751,1.3244
0.038437,-0.0048746,-0.69955,1.1222
0.038516,0.020927,-0.75145,0.91904
0.038594,-0.053487,-0.93983,0.71469
0.038672,-0.12865,-0.98474,0.50248
0.03875,-0.090133,-1.1521,0.30183
0.038828,-0.059096,-1.3114,0.071137
0.038906,0.034015,-0.3694,-0.057947
0.038984,0.18135,0.026461,-0.037705
0.039063,0.25539,-0.1775,-0.037634
0.039141,0.32232,-0.044848,-0.040284
0.039219,0.31783,-0.11103,-0.036606
0.039297,0.28306,-0.067136,-0.040584
0.039375,0.28605,-0.070301,-0.036884
0.039453,0.25053,-0.076993,-0.040288
0.039531,0.2165,-0.047394,-0.03847
0.039609,0.13797,-0.072149,-0.039448
0.039688,0.032145,-0.045913,-0.039733
0.039766,-0.0089879,-0.061397,-0.039422
0.039844,-0.033294,-0.049898,-0.040517
0.039922,-0.035164,-0.05036,-0.040082
0.04,-0.00038735,-0.04952,-0.041008
0.040078,0.040746,-0.046056,-0.04082
0.040156,0.062808,-0.051814,-0.041274
0.040234,0.044859,-0.044507,-0.041555
0.040313,0.032893,-0.045587,-0.04208
0.040391,0.074026,-0.045658,-0.043314
0.040469,0.11479,-0.043086,-0.044255
0.040547,0.1346,-0.044061,-0.045203
0.040625,0.16228,-0.042667,-0.046317
0.040703,0.14881,-0.035517,-0.046628
0.040781,0.13049,-0.042502,-0.047374
0.040859,0.11703,-0.032466,-0.04788
0.040938,0.072531,-0.041096,-0.047936
0.041016,0.052338,-0.033062,-0.049039
0.041094,0.038876,-0.029995,-0.048154
0.041172,0.013448,-0.047855,-0.050313
0.04125,-0.0056225,-0.015572,-0.049009
0.041328,-0.021702,-0.053981,-0.05013
0.041406,-0.014223,-0.011497,-0.050977
0.041484,0.01644,-0.049775,-0.049237
0.041563,0.082253,-0.025567,-0.05347
0.041641,0.14208,-0.023655,-0.047786
0.041719,0.11404,-0.06431,-0.055337
0.041797,0.13909,0.043654,-0.047633
0.041875,0.098706,-0.15656,-0.055438
0.041953,0.019431,0.19235,-0.049582
0.042031,0.01457,-0.71039,-0.059071
0.042109,-0.079662,-2.5356,-0.35268
0.042188,-0.0097358,-2.3725,-0.76219
0.042266,-0.12379,-2.2508,-1.0965
0.042344,-0.058348,-2.4082,-1.4413
0.042422,0.30325,-2.312,-1.7588
0.0425,0.14507,-2.4083,-2.0621
0.042578,0.44684,-2.3376,-2.345
0.042656,0.59081,-2.4252,-2.6095
0.042734,0.2939,-2.4443,-2.8693
0.042813,0.54332,-2.4717,-3.111
0.042891,0.45806,-2.4995,-3.3438
0.042969,0.48349,-2.4914,-3.558
0.043047,0.65438,-2.5418,-3.7613
0.043125,0.63157,-2.5528,-3.9543
0.043203,0.72356,-2.5785,-4.1348
0.043281,0.64952,-2.5716,-4.3022
0.043359,0.73515,-2.5628,-4.4524
0.043438,0.69776,-2.5556,-4.5874
0.043516,0.67719,-2.541,-4.7069
0.043594,0.75198,-2.5401,-4.8133
0.043672,0.63493,-2.5316,-4.908
0.04375,0.71122,-2.5095,-4.9904
0.043828,0.72318,-2.4856,-5.0595
0.043906,0.76132,-2.4583,-5.1152
0.043984,0.79049,-2.4211,-5.1579
0.044062,0.71421,-2.3792,-5.1871
0.044141,0.73178,-2.3341,-5.2044
0.044219,0.55641,-2.2803,-5.2098
0.044297,0.34438,-2.2195,-5.2027
0.044375,0.17424,-2.1662,-5.1847
0.044453,-0.023945,-2.1114,-5.1573
0.044531,-0.20381,-2.0534,-5.1212
0.044609,-0.37171,-1.9901,-5.076
0.044687,-0.41808,-1.9264,-5.0224
0.044766,-0.46968,-1.8477,-4.9601
0.044844,-0.44837,-1.7623,-4.8868
0.044922,-0.42107,-1.7104,-4.8079
0.045,-0.46407,-1.6248,-4.7232
0.045078,-0.48576,-1.5306,-4.6272
0.045156,-0.56316,-1.4724,-4.5268
0.045234,-0.38854,-1.3807,-4.422
0.045312,-0.49099,-1.2843,-4.3079
0.045391,-0.90607,-1.2037,-4.1873
0.045469,-0.84736,-1.1164,-4.0616
0.045547,-0.87316,-1.0284,-3.9307
0.045625,-0.85072,-0.93534,-3.7941
0.045703,-0.72246,-0.84098,-3.6514
0.045781,-0.93822,-0.7439,-3.5033
0.045859,-0.9659,-0.65138,-3.3502
0.045937,-0.92663,-0.56889,-3.1944
0.046016,-0.97749,-0.4627,-3.0345
0.046094,-0.93785,-0.34377,-2.867
0.046172,-0.7808,-0.21641,-2.6919
0.04625,-0.55606,-0.093282,-2.5076
0.046328,-0.5168,0.0087698,-2.3196
0.046406,-0.40125,0.13368,-2.1273
0.046484,-0.25205,0.21974,-1.9329
0.046562,-0.16941,0.35335,-1.7366
0.046641,0.032519,0.45127,-1.5343
0.046719,0.087114,0.57048,-1.3347
0.046797,0.084871,0.71426,-1.1262
0.046875,0.058321,0.77938,-0.92253
0.046953,-0.10509,0.98129,-0.7103
0.047031,-0.13949,0.97138,-0.5
0.047109,-0.087889,1.2637,-0.28968
0.047188,-0.023572,1.1067,-0.063836
0.047266,0.15442,0.083116,0.011214
0.047344,0.26586,0.020467,-0.016612
0.047422,0.2868,0.11938,-0.0069841
0.0475,0.36345,0.0038586,-0.010332
0.047578,0.37355,0.085355,-0.0093274
0.047656,0.35934,0.0087249,-0.0080377
0.047734,0.38664,0.048029,-0.0098485
0.047813,0.37916,0.027339,-0.0067592
0.047891,0.30699,0.019807,-0.0089375
0.047969,0.18845,0.032497,-0.0068867
0.048047,0.10693,0.014326,-0.007419
0.048125,0.050842,0.024928,-0.006523
0.048203,0.051216,0.008961,-0.0060693
0.048281,0.045233,0.017996,-0.0061181
0.048359,0.00073447,0.0095196,-0.005162
0.048438,0.009709,0.010127,-0.0051583
0.048516,-0.028059,0.014405,-0.004431
0.048594,-0.097611,0.012613,-0.004146
0.048672,-0.10659,0.015244,-0.0032875
0.04875,-0.032546,0.013269,-0.001949
0.048828,0.075522,0.0088936,-0.001008
0.048906,0.1462,0.01112,0.00025925
0.048984,0.18883,0.012279,0.0010053
0.049063,0.18583,0.010382,0.0014515
0.049141,0.172,0.0076901,0.0023888
0.049219,0.14769,0.0062055,0.0021976
0.049297,0.13236,0.0071503,0.0036485
0.049375,0.13086,-0.0018436,0.0033298
0.049453,0.075148,0.017764,0.0042746
0.049531,0.031771,-0.0084606,0.0044658
0.049609,-0.012353,0.02191,0.0039222
0.049688,-0.035538,-0.00047896,0.0065841
0.049766,0.019431,0.0018192,0.0035585
0.049844,0.058695,0.02633,0.0081587
0.049922,0.16265,-0.034801,0.0039747
0.05,0.25277,0.06655,0.00799
0.050078,0.23781,-0.076513,0.0064154
0.050156,0.18509,0.10466,0.0045333
0.050234,0.10918,-0.11357,0.013884
0.050313,0.10955,0.19162,-0.0086075
0.050391,0.038128,2.2938,0.19415
0.050469,0.13086,2.6869,0.60388
0.050547,0.16265,2.2415,0.94969
0.050625,-0.017962,2.4527,1.293
0.050703,0.26773,2.3184,1.6221
0.050781,0.24005,2.4141,1.9251
0.050859,0.095341,2.3855,2.2185
0.050938,0.42067,2.4164,2.4853
0.051016,0.28642,2.4886,2.7498
0.051094,0.30288,2.4799,2.9968
0.051172,0.53808,2.5382,3.2328
0.05125,0.46629,2.5204,3.4542
0.051328,0.61624,2.553,3.6606
0.051406,0.7617,2.5703,3.8577
0.051484,0.82265,2.5926,4.0422
0.051563,0.85631,2.5958,4.2159
0.051641,0.83574,2.5837,4.3737
0.051719,0.82377,2.5773,4.5164
0.051797,0.73627,2.5513,4.6438
0.051875,0.74525,2.5378,4.7568
0.051953,0.73253,2.5284,4.8576
0.052031,0.75983,2.5125,4.946
0.052109,0.87089,2.4847,5.0223
0.052187,0.89594,2.4524,5.0859
0.052266,0.98382,2.4156,5.1362
0.052344,1.0092,2.3803,5.1739
0.052422,0.96998,2.3288,5.1994
0.0525,0.91277,2.2756,5.2122
0.052578,0.67382,2.2237,5.2122
0.052656,0.40982,2.1558,5.2003
0.052734,0.1806,2.1088,5.1777
0.052812,-0.075923,2.0504,5.1457
0.052891,-0.28271,1.9798,5.1048
0.052969,-0.39751,1.919,5.0551
0.053047,-0.51493,1.8466,4.997
0.053125,-0.61103,1.7598,4.9298
0.053203,-0.61477,1.6795,4.8519
0.053281,-0.64207,1.6286,4.7689
0.053359,-0.74901,1.5389,4.6805
0.053437,-0.76995,1.4456,4.5804
0.053516,-0.75873,1.3959,4.4753
0.053594,-0.86493,1.3137,4.3668
0.053672,-0.82978,1.2146,4.2494
0.05375,-0.9285,1.1267,4.1253
0.053828,-0.88101,1.0495,3.9967
0.053906,-0.66637,0.96707,3.8638
0.053984,-1.0624,0.8682,3.7253
0.054062,-1.1155,0.77656,3.58
0.054141,-1.0508,0.68723,3.4303
0.054219,-1.1985,0.59718,3.2767
0.054297,-0.92401,0.51057,3.12
0.054375,-1.0889,0.39768,2.9585
0.054453,-1.2247,0.2769,2.7887
0.054531,-1.0306,0.1535,2.6112
0.054609,-1.019,0.03667,2.4252
0.054688,-0.86119,-0.065993,2.2362
0.054766,-0.61514,-0.1788,2.0428
0.054844,-0.35825,-0.272,1.8484
0.054922,-0.2599,-0.41194,1.6501
0.055,-0.11706,-0.4897,1.448
0.055078,-0.011979,-0.63056,1.2481
0.055156,-0.053487,-0.74535,1.0395
0.055234,0.10357,-0.83458,0.83688
0.055313,0.08861,-1.0161,0.6219
0.055391,0.11217,-1.0101,0.41566
0.055469,0.15629,-1.3506,0.19803
0.055547,0.014196,-0.96105,-0.013448
0.055625,0.12152,-0.014377,-0.055221
0.055703,0.23258,-0.10697,-0.03111
0.055781,0.33167,-0.12005,-0.042088
0.055859,0.45806,-0.05154,-0.035602
0.055938,0.4719,-0.1159,-0.039208
0.056016,0.48012,-0.046847,-0.038128
0.056094,0.41281,-0.089567,-0.037701
0.056172,0.37916,-0.056294,-0.039707
0.05625,0.28231,-0.064868,-0.037791
0.056328,0.18284,-0.061539,-0.039819
0.056406,0.20341,-0.055301,-0.038863
0.056484,0.085245,-0.061123,-0.039909
0.056563,-0.002631,-0.044601,-0.039759
0.056641,-0.027311,-0.054742,-0.039969
0.056719,-0.065079,-0.048178,-0.040528
0.056797,-0.023572,-0.051177,-0.040652
0.056875,-0.07854,-0.04922,-0.041379
0.056953,-0.13874,-0.045025,-0.041529
0.057031,-0.10322,-0.049527,-0.042804
0.057109,-0.08228,-0.045028,-0.043898
0.057188,-0.04339,-0.045452,-0.044633
0.057266,-0.013101,-0.044297,-0.045983
0.057344,0.02504,-0.039405,-0.046358
0.057422,0.092349,-0.051031,-0.047149
0.0575,0.15517,-0.038516,-0.047595
0.057578,0.18808,-0.043326,-0.047603
0.057656,0.12937,-0.036976,-0.048847
0.057734,0.072531,-0.03536,-0.047989
0.057813,0.01644,-0.044863,-0.049995
0.057891,-0.041147,-0.017166,-0.048986
0.057969,-0.03105,-0.054165,-0.050186
0.058047,-0.060591,-0.0096715,-0.050564
0.058125,-0.033294,-0.058405,-0.049151
0.058203,0.071409,-0.01958,-0.053028
0.058281,0.090854,-0.028,-0.047719
0.058359,0.13498,-0.06903,-0.055273
0.058438,0.23407,0.040033,-0.046838
0.058516,0.2236,-0.15536,-0.05593
0.058594,0.26922,0.19487,-0.048011
0.058672,0.23706,-0.7818,-0.063192
0.05875,0.11217,-2.5637,-0.36675
0.058828,0.22958,-2.3545,-0.77299
0.058906,0.07627,-2.2957,-1.1062
0.058984,0.16751,-2.4427,-1.4534
0.059063,0.50181,-2.34,-1.7683
0.059141,0.3556,-2.4494,-2.0698
0.059219,0.65999,-2.3802,-2.3515
0.059297,0.73664,-2.4779,-2.6149
0.059375,0.50069,-2.4956,-2.8733
0.059453,0.71234,-2.5243,-3.1132
0.059531,0.6368,-2.5596,-3.3446
0.059609,0.6727,-2.5457,-3.558
0.059688,0.80096,-2.5881,-3.7605
0.059766,0.82415,-2.6037,-3.9521
0.059844,0.83349,-2.6264,-4.1322
0.059922,0.77591,-2.6218,-4.3004
0.06,0.8664,-2.6029,-4.452
0.060078,0.77965,-2.5825,-4.5891
0.060156,0.81031,-2.5692,-4.7109
0.060234,0.86453,-2.5503,-4.8189
0.060312,0.79535,-2.537,-4.9153
0.060391,0.87126,-2.5236,-5.0003
0.060469,0.83611,-2.4912,-5.0729
0.060547,0.84808,-2.4518,-5.1321
0.060625,0.85369,-2.412,-5.1779
0.060703,0.80807,-2.3713,-5.2119
0.060781,0.74861,-2.3156,-5.2337
0.060859,0.55603,-2.2587,-5.2428
0.060937,0.34214,-2.2006,-5.24
0.061016,0.11254,-2.1414,-5.2255
0.061094,-0.037781,-2.0851,-5.2012
0.061172,-0.19895,-2.03,-5.1682
0.06125,-0.38854,-1.9675,-5.1267
0.061328,-0.48314,-1.9012,-5.0761
0.061406,-0.60467,-1.8318,-5.0174
0.061484,-0.72471,-1.7401,-4.9487
0.061562,-0.75986,-1.6789,-4.8714
0.061641,-0.71424,-1.6125,-4.79
0.061719,-0.68993,-1.5066,-4.6985
0.061797,-0.6817,-1.4461,-4.5986
0.061875,-0.67609,-1.3782,-4.4961
0.061953,-0.73929,-1.2723,-4.3854
0.062031,-0.74078,-1.186,-4.2663
0.062109,-0.79388,-1.1061,-4.1424
0.062187,-0.84137,-1.022,-4.0131
0.062266,-0.86157,-0.93221,-3.8783
0.062344,-1.0796,-0.83791,-3.7376
0.062422,-0.97973,-0.74315,-3.5911
0.0625,-0.97936,-0.6513,-3.4393
0.062578,-1.341,-0.5688,-3.2836
0.062656,-1.1652,-0.47253,-3.1254
0.062734,-1.0287,-0.35924,-2.9601
0.062813,-0.90008,-0.24065,-2.7869
0.062891,-0.56204,-0.10465,-2.6051
0.062969,-0.66525,-0.0083706,-2.4165
0.063047,-0.60505,0.10589,-2.2254
0.063125,-0.44126,0.20954,-2.0296
0.063203,-0.4278,0.30542,-1.8342
0.063281,-0.26962,0.44234,-1.6323
0.063359,-0.11855,0.52374,-1.4305
0.063438,-0.002257,0.68692,-1.225
0.063516,0.023545,0.7468,-1.0166
0.063594,0.072531,0.91573,-0.81078
0.063672,0.051216,1.0026,-0.59228
0.06375,0.099454,1.0908,-0.38898
0.063828,0.24192,1.3613,-0.15671
0.063906,0.24641,0.51399,0.0033448
0.063984,0.38028,-0.086361,-0.0057994
0.064062,0.3369,0.14974,-0.012945
0.064141,0.24828,0.024894,-0.0059494
0.064219,0.32307,0.05967,-0.011659
0.064297,0.33055,0.046781,-0.0062156
0.064375,0.46928,0.020707,-0.01013
0.064453,0.53322,0.049627,-0.0070441
0.064531,0.50443,0.007169,-0.0076252
0.064609,0.43076,0.037761,-0.0075615
0.064687,0.25613,0.015106,-0.0061631
0.064766,0.13236,0.020628,-0.0066955
0.064844,0.0014823,0.01854,-0.0053608
0.064922,-0.058348,0.01388,-0.0057994
0.065,-0.091628,0.016193,-0.0048434
0.065078,-0.17876,0.010179,-0.0048396
0.065156,-0.22699,0.013794,-0.0045734
0.065234,-0.22849,0.005227,-0.0041235
0.065312,-0.13912,0.0094259,-0.0037336
0.065391,-0.014597,0.015837,-0.0026239
0.065469,0.051964,0.015169,-0.0014841
0.065547,0.14096,0.013145,-0.00041185
0.065625,0.19593,0.013662,0.00028924
0.065703,0.15218,0.010948,0.0012603
0.065781,0.12226,0.0075252,0.0015865
0.065859,0.075148,0.01151,0.002505
0.065937,0.067669,0.0053208,0.00261
0.066016,0.095341,0.015252,0.0031836
0.066094,0.09048,-2.9081e-05,0.0040459
0.066172,0.059069,0.013734,0.0037497
0.06625,-0.013101,0.010918,0.0056168
0.066328,0.00073447,-0.0057538,0.0038697
0.066406,-0.015719,0.02071,0.0063816
0.066484,0.012327,-0.022118,0.0047995
0.066562,0.096837,0.030368,0.0060967
0.066641,0.084123,-0.034936,0.0074389
0.066719,0.14096,0.033112,0.0038847
0.066797,0.13012,-0.0087043,0.010989
0.066875,0.13685,-0.018643,0.0010128
0.066953,0.15592,0.093569,0.015511
0.067031,0.16265,-0.22171,-0.0053795
0.067109,0.17237,1.3165,0.060055
0.067187,0.19443,2.8132,0.41433
0.067266,0.33055,2.3086,0.79571
0.067344,0.10394,2.3327,1.1208
0.067422,0.18808,2.3914,1.4614
0.0675,0.41057,2.3462,1.7693
0.067578,0.19182,2.4035,2.0663
0.067656,0.48536,2.3542,2.3376
0.067734,0.49994,2.4623,2.598
0.067812,0.36458,2.4522,2.8494
0.067891,0.70075,2.4843,3.0838
0.067969,0.6383,2.4848,3.3061
0.068047,0.67943,2.5013,3.512
0.068125,0.88136,2.5402,3.7104
0.068203,0.94755,2.532,3.8961
0.068281,0.94231,2.5371,4.0683
0.068359,0.83873,2.5137,4.2248
0.068437,0.80021,2.5,4.3649
0.068516,0.66709,2.4775,4.4909
0.068594,0.67681,2.4553,4.6031
0.068672,0.67943,2.4445,4.7036
0.06875,0.66261,2.4189,4.7927
0.068828,0.76506,2.3789,4.8686
0.068906,0.71832,2.3382,4.9302
0.068984,0.76319,2.301,4.9797
0.069062,0.76581,2.2549,5.0175
0.069141,0.68915,2.205,5.0423
0.069219,0.64503,2.1465,5.0546
0.069297,0.47227,2.0862,5.0542
0.069375,0.25613,2.0279,5.0425
0.069453,0.011953,1.961,5.0208
0.069531,-0.20904,1.9038,4.9894
0.069609,-0.39414,1.8429,4.9496
0.069687,-0.48501,1.78,4.9009
0.069766,-0.57438,1.7056,4.8433
0.069844,-0.72732,1.6179,4.7751
0.069922,-0.73929,1.5634,4.6994
0.07,-0.73779,1.4836,4.6198
0.070078,-0.75574,1.383,4.5293
0.070156,-0.74565,1.33,4.4302
0.070234,-0.72209,1.2643,4.3286
0.070313,-0.75238,1.1627,4.2192
0.070391,-0.74228,1.0726,4.1013
0.070469,-0.71498,1.0048,3.9781
0.070547,-0.78304,0.93055,3.8511
0.070625,-0.77967,0.82694,3.7183
0.070703,-0.94159,0.73547,3.5782
0.070781,-0.76621,0.65662,3.4334
0.070859,-0.71087,0.55786,3.284
0.070938,-1.2336,0.47897,3.1314
0.071016,-1.0261,0.37906,2.9745
0.071094,-0.95393,0.26319,2.8096
0.071172,-0.96889,0.14815,2.6373
0.07125,-0.49137,0.017771,2.4553
0.071328,-0.60654,-0.072617,2.2693
0.071406,-0.5942,-0.18541,2.0792
0.071484,-0.39601,-0.27167,1.8864
0.071563,-0.41247,-0.39802,1.6917
0.071641,-0.26327,-0.49945,1.4908
0.071719,-0.017962,-0.60828,1.2925
0.071797,0.14881,-0.75056,1.0854
0.071875,0.11591,-0.80758,0.88307
0.071953,0.15068,-1.0009,0.67241
0.072031,0.1189,-0.99424,0.46254
0.072109,0.11292,-1.275,0.25371
0.072188,0.22697,-1.1486,0.027553
0.072266,0.25015,-0.12768,-0.051708
0.072344,0.28306,-0.038082,-0.02414
0.072422,0.24791,-0.15151,-0.032861
0.0725,0.19144,-0.033646,-0.02961
0.072578,0.1189,-0.11436,-0.030255
0.072656,0.19294,-0.044833,-0.03153
0.072734,0.3227,-0.077701,-0.029183
0.072813,0.36757,-0.058364,-0.032388
0.072891,0.4259,-0.05298,-0.030094
0.072969,0.29016,-0.061247,-0.032047
0.073047,0.18097,-0.041242,-0.031425
0.073125,0.079635,-0.058034,-0.031939
0.073203,-0.081158,-0.042843,-0.032542
0.073281,-0.08228,-0.048867,-0.032385
0.073359,-0.091628,-0.046239,-0.033243
0.073438,-0.1724,-0.048665,-0.033206
0.073516,-0.24046,-0.044627,-0.033798
0.073594,-0.21952,-0.03735,-0.034038
0.073672,-0.17988,-0.040961,-0.034387
0.07375,-0.081158,-0.041819,-0.035178
0.073828,0.046355,-0.04504,-0.036475
0.073906,0.060565,-0.040222,-0.037322
0.073984,0.11553,-0.039855,-0.038252
0.074063,0.14134,-0.03852,-0.038968
0.074141,0.09048,-0.045182,-0.039118
0.074219,0.083749,-0.035562,-0.04025
0.074297,0.14545,-0.029969,-0.039977
0.074375,0.17349,-0.045055,-0.041109
0.074453,0.15181,-0.020502,-0.04109
0.074531,0.15218,-0.043799,-0.041525
0.074609,0.06393,-0.024214,-0.042725
0.074688,0.026536,-0.033879,-0.041364
0.074766,0.037006,-0.033834,-0.044285
0.074844,0.033641,-0.01946,-0.041177
0.074922,0.098332,-0.062731,-0.045049
0.075,0.089358,0.011417,-0.042755
0.075078,0.064678,-0.085551,-0.04361
0.075156,0.085992,0.035568,-0.045758
0.075234,0.077766,-0.086759,-0.039703
0.075313,0.1002,0.0085786,-0.053268
0.075391,0.16863,-0.016581,-0.025816
0.075469,0.10731,-1.9185,-0.17964
0.075547,0.21051,-2.637,-0.58252
0.075625,0.25987,-2.1576,-0.93709
0.075703,0.034763,-2.412,-1.2678
0.075781,0.35373,-2.3519,-1.6021
0.075859,0.43338,-2.3765,-1.9037
0.075938,0.37392,-2.3753,-2.1938
0.076016,0.84172,-2.3782,-2.4573
0.076094,0.66186,-2.4677,-2.7166
0.076172,0.60464,-2.4517,-2.9613
0.07625,0.81442,-2.4949,-3.1914
0.076328,0.63344,-2.4856,-3.4081
0.076406,0.76993,-2.5277,-3.6115
0.076484,0.89594,-2.5458,-3.8071
0.076563,0.90193,-2.5428,-3.9886
0.076641,0.8593,-2.5353,-4.1565
0.076719,0.79722,-2.5042,-4.3073
0.076797,0.73964,-2.4928,-4.4432
0.076875,0.61586,-2.4644,-4.565
0.076953,0.6828,-2.4517,-4.6733
0.077031,0.63045,-2.4387,-4.7713
0.077109,0.66896,-2.4011,-4.8564
0.077188,0.75385,-2.367,-4.9276
0.077266,0.66934,-2.331,-4.9861
0.077344,0.7359,-2.2854,-5.0322
0.077422,0.67495,-2.2359,-5.0658
0.0775,0.58969,-2.1817,-5.0867
0.077578,0.54294,-2.1216,-5.095
0.077656,0.35111,-2.0618,-5.0912
0.077734,0.12189,-2.0046,-5.0766
0.077813,-0.085271,-1.9511,-5.0528
0.077891,-0.25878,-1.8925,-5.0205
0.077969,-0.47454,-1.8264,-4.9786
0.078047,-0.57251,-1.7651,-4.9286
0.078125,-0.6316,-1.6808,-4.8693
0.078203,-0.74452,-1.609,-4.7991
0.078281,-0.72658,-1.556,-4.7244
0.078359,-0.71311,-1.4582,-4.6415
0.078438,-0.75537,-1.3831,-4.5484
0.078516,-0.73031,-1.3257,-4.452
0.078594,-0.67609,-1.2307,-4.3485
0.078672,-0.67235,-1.1422,-4.2359
0.07875,-0.66861,-1.0623,-4.1172
0.078828,-0.66338,-0.98211,-3.993
0.078906,-0.73854,-0.89768,-3.8634
0.078984,-0.76995,-0.80404,-3.7274
0.079063,-0.82268,-0.71091,-3.585
0.079141,-0.85895,-0.61859,-3.4372
0.079219,-0.91018,-0.53998,-3.2856
0.079297,-1.0048,-0.46291,-3.1314
0.079375,-0.71424,-0.34846,-2.971
0.079453,-0.79501,-0.23605,-2.803
0.079531,-1.0384,-0.11298,-2.6264
0.079609,-0.66861,0.0017554,-2.441
0.079688,-0.58971,0.10962,-2.253
0.079766,-0.3403,0.21866,-2.0595
0.079844,-0.002631,0.2984,-1.8663
0.079922,-0.14622,0.43835,-1.6681
0.08,-0.038529,0.51072,-1.4668
0.080078,0.017562,0.65735,-1.2653
0.080156,-0.0056225,0.75405,-1.0571
0.080234,0.12152,0.86705,-0.85413
0.080312,0.18172,1.0157,-0.63697
0.080391,0.22323,1.0314,-0.43304
0.080469,0.15106,1.3645,-0.20854
0.080547,0.10357,0.76683,-0.014861
0.080625,0.14096,-0.078383,0.00264
0.080703,0.18471,0.1111,-0.014936
0.080781,0.31484,0.06138,-0.0043297
0.080859,0.38514,0.033386,-0.011146
0.080937,0.33055,0.067558,-0.0060056
0.081016,0.27296,0.0082075,-0.0085475
0.081094,0.19443,0.055363,-0.0073216
0.081172,0.17013,0.01184,-0.0065117
0.08125,0.2165,0.03003,-0.0074603
0.081328,0.21388,0.021288,-0.0055745
0.081406,0.23295,0.01872,-0.0064892
0.081484,0.18097,0.018356,-0.0049858
0.081562,0.025414,0.010116,-0.0053045
0.081641,-0.084897,0.021314,-0.0045659
0.081719,-0.16903,0.013584,-0.0042397
0.081797,-0.2169,0.015357,-0.0040335
0.081875,-0.21054,0.009962,-0.0032387
0.081953,-0.17165,0.013839,-0.003235
0.082031,-0.19484,0.018221,-0.0022564
0.082109,-0.15707,0.014963,-0.00088425
0.082187,-0.04339,0.014307,0.00011678
0.082266,-0.0018831,0.013156,0.0011103
0.082344,0.13049,0.0073827,0.0019876
0.082422,0.21051,0.010749,0.0020888
0.0825,0.20266,0.010963,0.0031986
0.082578,0.22884,0.002434,0.0032961
0.082656,0.17798,0.017554,0.0040609
0.082734,0.11142,-0.0015962,0.0043758
0.082812,0.086366,0.010509,0.0042559
0.082891,0.099454,0.00048453,0.0060517
0.082969,0.098706,0.0046084,0.0044171
0.083047,0.11105,0.016935,0.0073039
0.083125,0.13236,-0.020705,0.0050207
0.083203,0.09048,0.040359,0.0074277
0.083281,0.11217,-0.042404,0.0071052
0.083359,0.12488,0.051509,0.0055043
0.083437,0.1346,-0.028848,0.011034
0.083516,0.21575,0.013617,0.0016427
0.083594,0.13161,0.050751,0.017438
0.083672,0.11441,-0.17466,-0.0088737
0.08375,0.085245,1.6014,0.090018
0.083828,0.077392,2.8128,0.46762
0.083906,0.29502,2.2662,0.83905
0.083984,0.15779,2.3938,1.1701
0.084062,0.30774,2.3644,1.5093
0.084141,0.522,2.3669,1.8148
0.084219,0.26885,2.4048,2.1127
0.084297,0.49919,2.3583,2.3824
0.084375,0.46928,2.4591,2.6444
0.084453,0.34064,2.44,2.8949
0.084531,0.6484,2.5009,3.1307
0.084609,0.62334,2.4864,3.3541
0.084687,0.7071,2.5065,3.5606
0.084766,0.82602,2.5417,3.7596
0.084844,0.82789,2.5308,3.9465
0.084922,0.86042,2.5427,4.1214
0.085,0.81255,2.5147,4.2802
0.085078,0.8234,2.4932,4.4227
0.085156,0.71496,2.4682,4.5508
0.085234,0.67008,2.4482,4.6646
0.085312,0.62745,2.4416,4.7671
0.085391,0.57062,2.4127,4.8584
0.085469,0.65288,2.3668,4.9372
0.085547,0.67233,2.3315,5.0022
0.085625,0.75085,2.2966,5.0544
0.085703,0.75272,2.2403,5.0944
0.085781,0.69701,2.1881,5.1215
0.085859,0.65176,2.1387,5.1363
0.085938,0.43637,2.0726,5.1391
0.086016,0.22846,2.0123,5.1299
0.086094,0.017562,1.9526,5.1107
0.086172,-0.21316,1.8934,5.0817
0.08625,-0.40723,1.8331,5.0436
0.086328,-0.57476,1.7657,4.9969
0.086406,-0.67086,1.6972,4.9411
0.086484,-0.74116,1.6056,4.8756
0.086563,-0.76546,1.5426,4.8008
0.086641,-0.75425,1.4837,4.7218
0.086719,-0.76173,1.3815,4.6344
0.086797,-0.7722,1.3142,4.5363
0.086875,-0.73779,1.2522,4.4353
0.086953,-0.76733,1.1599,4.3284
0.087031,-0.79426,1.0678,4.2116
0.087109,-0.7692,0.99247,4.0892
0.087188,-0.79688,0.91952,3.9627
0.087266,-0.80809,0.82392,3.8305
0.087344,-0.84025,0.73713,3.6914
0.087422,-0.8223,0.65117,3.547
0.0875,-0.91354,0.56243,3.3984
0.087578,-0.86755,0.48631,3.2454
0.087656,-0.71199,0.39638,3.0892
0.087734,-0.9831,0.28019,2.9261
0.087813,-0.94757,0.16576,2.7544
0.087891,-0.73069,0.039737,2.5742
0.087969,-0.66899,-0.059811,2.3869
0.088047,-0.4005,-0.16198,2.1977
0.088125,-0.27261,-0.26504,2.0035
0.088203,-0.20344,-0.35407,1.8088
0.088281,-0.14061,-0.48404,1.6082
0.088359,-0.050869,-0.56168,1.4071
0.088438,0.037754,-0.72532,1.2028
0.088516,0.11965,-0.78935,0.99369
0.088594,0.27034,-0.92548,0.78901
0.088672,0.15293,-1.0348,0.57085
0.08875,0.13012,-1.0875,0.36757
0.088828,0.10357,-1.3924,0.13773
0.088906,0.072905,-0.64252,-0.037379
0.088984,0.2666,0.055666,-0.038132
0.089063,0.23332,-0.16673,-0.026375
0.089141,0.3126,-0.063815,-0.03481
0.089219,0.2939,-0.081514,-0.028182
0.089297,0.1346,-0.086856,-0.033435
0.089375,0.20117,-0.044736,-0.029967
0.089453,0.1619,-0.085304,-0.032149
0.089531,0.19481,-0.043011,-0.031766
0.089609,0.2322,-0.068748,-0.031612
0.089688,0.17948,-0.052392,-0.033052
0.089766,0.095341,-0.056081,-0.031972
0.089844,-0.031798,-0.049197,-0.033228
0.089922,-0.08228,-0.044755,-0.032797
0.09,-0.1982,-0.051672,-0.033776
0.090078,-0.21839,-0.038393,-0.033911
0.090156,-0.16903,-0.043236,-0.034139
0.090234,-0.22924,-0.041523,-0.034499
0.090313,-0.23335,-0.041804,-0.034837
0.090391,-0.18399,-0.046423,-0.036096
0.090469,-0.099855,-0.043454,-0.037094
0.090547,0.011205,-0.038996,-0.037859
0.090625,0.10132,-0.042757,-0.038998
0.090703,0.16527,-0.033928,-0.039684
0.090781,0.21425,-0.036916,-0.040149
0.090859,0.215,-0.033635,-0.041128
0.090938,0.17462,-0.030242,-0.040655
0.091016,0.14881,-0.037575,-0.041953
0.091094,0.1634,-0.023603,-0.041503
0.091172,0.17424,-0.044005,-0.042496
0.09125,0.13834,-0.019595,-0.043291
0.091328,0.12974,-0.048061,-0.042418
0.091406,0.10768,-0.027318,-0.044881
0.091484,0.10245,-0.023809,-0.04184
0.091563,0.10693,-0.050963,-0.046377
0.091641,0.13012,0.0097558,-0.042309
0.091719,0.18808,-0.089705,-0.045803
0.091797,0.18583,0.047471,-0.045173
0.091875,0.17424,-0.11788,-0.042193
0.091953,0.14844,0.071941,-0.052375
0.092031,0.10843,-0.16742,-0.028647
0.092109,0.032145,-2.1409,-0.22209
0.092188,0.17873,-2.5767,-0.63308
0.092266,0.19369,-2.1713,-0.98021
0.092344,0.059443,-2.4207,-1.3169
0.092422,0.4532,-2.3321,-1.6468
0.0925,0.37617,-2.3954,-1.9489
0.092578,0.34513,-2.3579,-2.2383
0.092656,0.77329,-2.3831,-2.5022
0.092734,0.5048,-2.4593,-2.7629
0.092813,0.60539,-2.4557,-3.0075
0.092891,0.75759,-2.4958,-3.2399
0.092969,0.55902,-2.4772,-3.4569
0.093047,0.77965,-2.5226,-3.661
0.093125,0.82676,-2.5304,-3.8572
0.093203,0.8477,-2.534,-4.0398
0.093281,0.84583,-2.5307,-4.21
0.093359,0.82153,-2.5001,-4.3639
0.093438,0.78862,-2.4849,-4.5024
0.093516,0.62222,-2.4551,-4.6264
0.093594,0.6368,-2.4387,-4.737
0.093672,0.55715,-2.4228,-4.8362
0.09375,0.57697,-2.3931,-4.9239
0.093828,0.63493,-2.3588,-4.9991
0.093906,0.61212,-2.3133,-5.0608
0.093984,0.71944,-2.2722,-5.1095
0.094063,0.67906,-2.2262,-5.1463
0.094141,0.64166,-2.1637,-5.17
0.094219,0.55753,-2.107,-5.181
0.094297,0.34289,-2.0492,-5.1804
0.094375,0.18135,-1.9842,-5.1685
0.094453,-0.013849,-1.9306,-5.1466
0.094531,-0.25541,-1.8752,-5.1166
0.094609,-0.45472,-1.8101,-5.0775
0.094688,-0.54222,-1.7461,-5.0292
0.094766,-0.62524,-1.6668,-4.972
0.094844,-0.69853,-1.5894,-4.9042
0.094922,-0.70489,-1.5379,-4.83
0.095,-0.73817,-1.4578,-4.7507
0.095078,-0.77033,-1.3584,-4.6599
0.095156,-0.74191,-1.3026,-4.5611
0.095234,-0.7621,-1.2361,-4.4599
0.095313,-0.78902,-1.1386,-4.3511
0.095391,-0.73705,-1.0512,-4.233
0.095469,-0.7277,-0.9742,-4.1096
0.095547,-0.74116,-0.90038,-3.9816
0.095625,-0.73368,-0.8071,-3.8473
0.095703,-0.73705,-0.70435,-3.7061
0.095781,-0.83838,-0.62452,-3.5589
0.095859,-0.70152,-0.54984,-3.4073
0.095938,-0.64244,-0.46136,-3.2525
0.096016,-1.0007,-0.36232,-3.094
0.096094,-0.87465,-0.25157,-2.9274
0.096172,-0.77369,-0.13123,-2.7525
0.09625,-0.73069,-0.0090454,-2.5684
0.096328,-0.3231,0.085096,-2.3791
0.096406,-0.36872,0.19722,-2.1864
0.096484,-0.30178,0.28179,-1.9905
0.096562,-0.1264,0.39764,-1.7939
0.096641,-0.17352,0.50089,-1.5896
0.096719,0.011953,0.59028,-1.3885
0.096797,0.11927,0.75369,-1.1803
0.096875,0.22323,0.79983,-0.97293
0.096953,0.24866,0.9959,-0.76154
0.097031,0.14881,1.0156,-0.5446
0.097109,0.19294,1.2127,-0.33722
0.097187,0.16826,1.2669,-0.10128
0.097266,0.21949,0.24838,0.013213
0.097344,0.31222,-0.037249,-0.012109
0.097422,0.31671,0.14818,-0.0078539
0.0975,0.28455,0.004211,-0.0070216
0.097578,0.15068,0.082644,-0.0092786
0.097656,0.13722,0.019372,-0.0056419
0.097734,0.17499,0.032025,-0.00887
0.097812,0.18434,0.039755,-0.005312
0.097891,0.28268,0.018326,-0.007389
0.097969,0.26062,0.033093,-0.0056644
0.098047,0.14881,0.0068054,-0.0056907
0.098125,0.080383,0.025888,-0.005582
0.098203,-0.01871,0.012046,-0.004386
0.098281,-0.090506,0.017782,-0.0046597
0.098359,-0.10883,0.015642,-0.0038086
0.098437,-0.10023,0.0095871,-0.0039548
0.098516,-0.15632,0.013047,-0.0030175
0.098594,-0.23634,0.0094447,-0.0026051
0.098672,-0.21166,0.01584,-0.0022002
0.09875,-0.13127,0.015803,-0.00097798
0.098828,-0.0041267,0.015631,9.4286e-05
0.098906,0.078514,0.014168,0.0010766
0.098984,0.12488,0.010926,0.0022538
0.099062,0.17574,0.011225,0.0024563
0.099141,0.16377,0.013077,0.0034235
0.099219,0.1619,0.002329,0.0040384
0.099297,0.15143,0.014442,0.0040047
0.099375,0.14021,0.0056844,0.0051707
0.099453,0.18621,0.0069591,0.0044358
0.099531,0.18546,0.012418,0.0064566
0.099609,0.15629,-0.0061137,0.0052869
0.099687,0.15181,0.031301,0.0068803
0.099766,0.12526,-0.019303,0.006914
0.099844,0.10282,0.033944,0.005988
0.099922,0.14395,-0.011932,0.0095534
0.1,0.1993,0.0085749,0.0044808
0.10008,0.15031,0.031909,0.012185
0.10016,0.15629,-0.061682,0.0032248
0.10023,0.12638,0.1229,0.013468
0.10031,0.061686,-0.24751,0.0029699
0.10039,0.10095,0.88683,0.0262
0.10047,0.083749,2.7185,0.33708
0.10055,0.29091,2.4168,0.73495
0.10063,0.28418,2.2824,1.0645
0.1007,0.23071,2.3921,1.4095
0.10078,0.49508,2.3133,1.722
0.10086,0.25763,2.4087,2.0228
0.10094,0.34775,2.3263,2.3028
0.10102,0.56314,2.4207,2.5653
0.10109,0.33279,2.4359,2.8222
0.10117,0.59492,2.4568,3.0619
0.10125,0.62446,2.4678,3.2914
0.10133,0.54781,2.4541,3.5023
0.10141,0.76282,2.5,3.7051
0.10148,0.76132,2.508,3.8975
0.10156,0.83275,2.5112,4.0774
0.10164,0.82976,2.4854,4.2432
0.10172,0.79049,2.4584,4.3917
0.1018,0.6914,2.4301,4.5262
0.10188,0.55342,2.4024,4.6456
0.10195,0.55304,2.3783,4.7533
0.10203,0.50443,2.3651,4.85
0.10211,0.54594,2.3349,4.9337
0.10219,0.56389,2.2899,5.0046
0.10227,0.59305,2.2529,5.0624
0.10234,0.64877,2.2024,5.1078
0.10242,0.58744,2.149,5.1411
0.1025,0.54893,2.0887,5.1615
0.10258,0.42964,2.0305,5.1698
0.10266,0.24679,1.9715,5.1656
0.10273,0.080383,1.9072,5.1508
0.10281,-0.12753,1.8465,5.1265
0.10289,-0.3489,1.7876,5.0927
0.10297,-0.52128,1.7232,5.0504
0.10305,-0.60505,1.6574,4.9981
0.10313,-0.65852,1.5827,4.9381
0.1032,-0.69591,1.4955,4.8682
0.10328,-0.70563,1.4364,4.7888
0.10336,-0.73779,1.3607,4.7056
0.10344,-0.78454,1.2772,4.6128
0.10352,-0.77107,1.2137,4.5118
0.10359,-0.75238,1.1301,4.4075
0.10367,-0.74976,1.0485,4.295
0.10375,-0.73555,0.96582,4.1749
0.10383,-0.7262,0.89201,4.0499
0.10391,-0.74901,0.81599,3.9202
0.10398,-0.72919,0.71848,3.784
0.10406,-0.6114,0.63698,3.6413
0.10414,-0.73181,0.55653,3.4941
0.10422,-0.8582,0.46885,3.3421
0.1043,-0.75836,0.39051,3.1868
0.10437,-0.80585,0.28096,3.0261
0.10445,-0.73892,0.16479,2.8564
0.10453,-0.63833,0.05263,2.679
0.10461,-0.67273,-0.060347,2.493
0.10469,-0.56092,-0.14325,2.3038
0.10477,-0.46631,-0.25611,2.1105
0.10484,-0.34815,-0.33572,1.9148
0.10492,-0.17165,-0.45914,1.7168
0.105,-0.026563,-0.55824,1.5122
0.10508,0.078888,-0.66708,1.3106
0.10516,0.1174,-0.79898,1.1
0.10523,0.18359,-0.85372,0.89426
0.10531,0.14844,-1.0449,0.67989
0.10539,0.14844,-1.0291,0.46704
0.10547,0.21799,-1.3085,0.25423
0.10555,0.15068,-1.1464,0.026042
0.10562,0.1978,-0.11632,-0.050564
0.1057,0.19219,-0.045516,-0.022821
0.10578,0.10918,-0.14884,-0.032306
0.10586,0.17499,-0.032286,-0.028441
0.10594,0.1634,-0.11016,-0.029205
0.10602,0.19144,-0.039731,-0.030514
0.10609,0.25539,-0.079549,-0.028204
0.10617,0.21799,-0.057528,-0.031249
0.10625,0.1791,-0.055901,-0.029149
0.10633,0.11628,-0.065805,-0.031196
0.10641,0.04972,-0.043446,-0.030626
0.10648,-0.01011,-0.060527,-0.031264
0.10656,-0.030302,-0.044084,-0.031417
0.10664,-0.049747,-0.056084,-0.031391
0.10672,-0.12042,-0.043405,-0.032418
0.1068,-0.1279,-0.038513,-0.03219
0.10687,-0.14099,-0.045831,-0.032985
0.10695,-0.14435,-0.031719,-0.033198
0.10703,-0.09462,-0.05797,-0.033783
0.10711,-0.074427,-0.062345,-0.035294
0.10719,-0.021328,-0.03756,-0.036261
0.10727,0.03065,-0.048114,-0.037101
0.10734,0.067669,-0.038438,-0.038177
0.10742,0.10058,-0.03554,-0.038365
0.1075,0.12488,-0.037141,-0.039403
0.10758,0.18583,-0.024394,-0.039328
0.10766,0.20715,-0.046408,-0.039924
0.10773,0.20378,-0.024128,-0.040378
0.10781,0.1877,-0.038689,-0.040217
0.10789,0.13909,-0.032619,-0.042133
0.10797,0.10581,-0.02649,-0.040348
0.10805,0.080383,-0.044095,-0.043321
0.10812,0.096089,-0.0076283,-0.041222
0.1082,0.093097,-0.064714,-0.043224
0.10828,0.08861,0.010873,-0.043272
0.10836,0.10357,-0.069618,-0.041349
0.10844,0.10506,0.0044735,-0.04686
0.10852,0.12787,-0.036301,-0.037476
0.10859,0.10432,-0.075197,-0.05311
0.10867,0.13498,0.13794,-0.027301
0.10875,0.085245,-1.5322,-0.1244
0.10883,0.12862,-2.6892,-0.50419
0.10891,0.23931,-2.1954,-0.87914
0.10898,0.031023,-2.3562,-1.2092
0.10906,0.28418,-2.3548,-1.5498
0.10914,0.45731,-2.3383,-1.8565
0.10922,0.32643,-2.3684,-2.1533
0.1093,0.75385,-2.3302,-2.4233
0.10938,0.64802,-2.4285,-2.6859
0.10945,0.50966,-2.4133,-2.9371
0.10953,0.75048,-2.4547,-3.1735
0.10961,0.54706,-2.4419,-3.3975
0.10969,0.654,-2.4636,-3.6053
0.10977,0.80395,-2.4907,-3.806
0.10984,0.7774,-2.4874,-3.9938
0.10992,0.79124,-2.4866,-4.1698
0.11,0.70561,-2.452,-4.33
0.11008,0.69289,-2.438,-4.4747
0.11016,0.58707,-2.4094,-4.6053
0.11023,0.58744,-2.3851,-4.7214
0.11031,0.56463,-2.3657,-4.8263
0.11039,0.4977,-2.3365,-4.9187
0.11047,0.54108,-2.3051,-4.9992
0.11055,0.47115,-2.2571,-5.0665
0.11063,0.52275,-2.2133,-5.1204
0.1107,0.53098,-2.1691,-5.1626
0.11078,0.47601,-2.1113,-5.1922
0.11086,0.48162,-2.0542,-5.209
0.11094,0.33204,-1.991,-5.2136
0.11102,0.16452,-1.9289,-5.2061
0.11109,-0.016841,-1.8749,-5.1885
0.11117,-0.21316,-1.8201,-5.1627
0.11125,-0.36124,-1.7569,-5.1278
0.11133,-0.4551,-1.6959,-5.0836
0.11141,-0.53475,-1.6266,-5.0316
0.11148,-0.61514,-1.5394,-4.9681
0.11156,-0.62636,-1.4905,-4.8963
0.11164,-0.66824,-1.4239,-4.8209
0.11172,-0.72059,-1.3207,-4.7339
0.1118,-0.70451,-1.2649,-4.6386
0.11188,-0.67834,-1.1963,-4.5404
0.11195,-0.68021,-1.0995,-4.4332
0.11203,-0.6129,-1.0191,-4.3179
0.11211,-0.63346,-0.9454,-4.197
0.11219,-0.75537,-0.86987,-4.071
0.11227,-0.72545,-0.78051,-3.9391
0.11234,-0.68507,-0.6914,-3.8
0.11242,-0.62337,-0.60821,-3.6548
0.1125,-0.60654,-0.52681,-3.5048
0.11258,-0.68133,-0.44687,-3.3509
0.11266,-0.69367,-0.35745,-3.1937
0.11273,-0.74901,-0.24347,-3.0294
0.11281,-0.7434,-0.13033,-2.8563
0.11289,-0.64431,-0.012243,-2.6748
0.11297,-0.51567,0.085572,-2.4858
0.11305,-0.36273,0.18239,-2.2945
0.11313,-0.26887,0.28725,-2.0983
0.1132,-0.18474,0.36803,-1.9016
0.11328,-0.10733,0.50239,-1.6989
0.11336,0.028032,0.57323,-1.4941
0.11344,0.13797,0.72094,-1.2894
0.11352,0.16452,0.80886,-1.0769
0.11359,0.22734,0.91891,-0.8699
0.11367,0.13161,1.0598,-0.64883
0.11375,0.072157,1.0637,-0.44108
0.11383,0.11329,1.3875,-0.21281
0.11391,0.05346,0.77808,-0.014437
0.11398,0.16115,-0.0687,0.0040534
0.11406,0.25688,0.11726,-0.014265
0.11414,0.25539,0.057057,-0.0033512
0.11422,0.26922,0.029652,-0.010673
0.1143,0.18733,0.069605,-0.005222
0.11438,0.15667,0.01202,-0.007794
0.11445,0.1548,0.05735,-0.0065755
0.11453,0.16788,0.013085,-0.0055894
0.11461,0.17424,0.036647,-0.0066692
0.11469,0.11217,0.024051,-0.0045472
0.11477,0.079261,0.014929,-0.0059081
0.11484,0.015318,0.022971,-0.004296
0.11492,-0.03105,0.011949,-0.0042397
0.115,-0.026937,0.012972,-0.0036999
0.11508,-0.01871,0.0093022,-0.0031562
0.11516,-0.015345,0.015492,-0.0030888
0.11523,-0.065453,0.010479,-0.0025639
0.11531,-0.095742,0.0093472,-0.0023839
0.11539,-0.093124,0.014255,-0.0015478
0.11547,-0.054982,0.019608,-0.00037061
0.11555,0.026536,0.010746,0.00078788
0.11563,0.10731,0.0096959,0.0018002
0.1157,0.19107,0.014176,0.0027787
0.11578,0.2322,0.0077989,0.0031236
0.11586,0.21313,0.013415,0.0040534
0.11594,0.20004,-0.0036694,0.0042484
0.11602,0.18583,0.0066929,0.0045933
0.11609,0.1806,0.0047097,0.005658
0.11617,0.18097,0.005242,0.004867
0.11625,0.13086,0.012455,0.007004
0.11633,0.12862,-0.0053414,0.005883
0.11641,0.10132,0.026593,0.0074876
0.11648,0.060191,-0.023033,0.0072364
0.11656,0.11815,0.034608,0.0067641
0.11664,0.13834,-0.017335,0.0098309
0.11672,0.16676,0.0080125,0.0051819
0.1168,0.16153,0.026615,0.012602
0.11688,0.14096,-0.054933,0.0036635
0.11695,0.090854,0.12636,0.014619
0.11703,0.063182,-0.23549,0.0023063
0.11711,0.067295,0.94264,0.031186
0.11719,-0.011232,2.7184,0.34826
0.11727,0.20453,2.3732,0.74443
0.11734,0.14994,2.2543,1.0692
0.11742,0.10992,2.3728,1.4108
0.1175,0.44946,2.2872,1.725
0.11758,0.19369,2.3605,2.024
0.11766,0.31896,2.288,2.3007
0.11773,0.53322,2.3784,2.5626
0.11781,0.27782,2.3794,2.819
0.11789,0.55828,2.3879,3.0559
0.11797,0.56613,2.397,3.2814
0.11805,0.49471,2.4084,3.4919
0.11813,0.69364,2.4423,3.6949
0.1182,0.71346,2.417,3.8857
0.11828,0.81181,2.4152,4.0617
0.11836,0.77703,2.3827,4.2227
0.11844,0.72804,2.3546,4.3666
0.11852,0.61736,2.3258,4.4968
0.11859,0.50181,2.3026,4.6137
0.11867,0.48125,2.287,4.7199
0.11875,0.37991,2.2375,4.8141
0.11883,0.44086,2.2098,4.8942
0.11891,0.44722,2.1753,4.9617
0.11898,0.44273,2.1219,5.0166
0.11906,0.51602,2.0795,5.0587
0.11914,0.48386,2.0122,5.0879
0.11922,0.47601,1.9539,5.1044
0.1193,0.3915,1.8996,5.1087
0.11937,0.22136,1.8368,5.1017
0.11945,0.047851,1.78,5.0845
0.11953,-0.15482,1.7168,5.0583
0.11961,-0.35152,1.6558,5.0227
0.11969,-0.47978,1.5959,4.9776
0.11977,-0.53624,1.5242,4.9242
0.11984,-0.60654,1.438,4.8598
0.11992,-0.61776,1.3843,4.7867
0.12,-0.60692,1.3216,4.7101
0.12008,-0.67759,1.2151,4.6234
0.12016,-0.65927,1.1544,4.5266
0.12023,-0.59532,1.105,4.4271
0.12031,-0.70152,1.0097,4.3206
0.12039,-0.74565,0.91913,4.2047
0.12047,-0.68956,0.85276,4.0834
0.12055,-0.68245,0.77653,3.9574
0.12062,-0.59383,0.6852,3.8249
0.1207,-0.60617,0.60256,3.6858
0.12078,-0.63085,0.52877,3.5418
0.12086,-0.62299,0.45034,3.3933
0.12094,-0.73779,0.36748,3.241
0.12102,-0.70825,0.27333,3.0841
0.12109,-0.68208,0.16059,2.9181
0.12117,-0.66151,0.049075,2.7435
0.12125,-0.5699,-0.065715,2.5605
0.12133,-0.55456,-0.1525,2.3725
0.12141,-0.46257,-0.25561,2.1816
0.12148,-0.35638,-0.34022,1.9859
0.12156,-0.20344,-0.4431,1.7901
0.12164,-0.050121,-0.56027,1.5867
0.12172,0.022797,-0.63396,1.3846
0.1218,0.085245,-0.79541,1.1772
0.12187,0.085245,-0.83831,0.9683
0.12195,0.12152,-1.0075,0.75875
0.12203,0.10207,-1.0525,0.53973
0.12211,0.096837,-1.1835,0.33389
0.12219,0.12152,-1.3575,0.097224
0.12227,0.14208,-0.40912,-0.043396
0.12234,0.21425,0.044292,-0.0254
0.12242,0.16714,-0.17623,-0.023518
0.1225,0.21612,-0.034415,-0.027398
0.12258,0.20079,-0.09675,-0.022843
0.12266,0.10731,-0.05794,-0.02744
0.12273,0.17649,-0.056343,-0.024039
0.12281,0.13685,-0.075403,-0.027312
0.12289,0.12862,-0.041774,-0.025449
0.12297,0.12862,-0.072554,-0.026401
0.12305,0.064304,-0.042243,-0.026907
0.12312,0.057947,-0.052358,-0.026277
0.1232,0.011953,-0.043641,-0.027646
0.12328,0.009335,-0.042974,-0.02723
0.12336,-0.0056225,-0.043229,-0.028212
0.12344,-0.05573,-0.039701,-0.028276
0.12352,-0.058722,-0.042198,-0.028617
0.12359,-0.097611,-0.03455,-0.028988
0.12367,-0.11481,-0.041654,-0.029262
0.12375,-0.062835,-0.038771,-0.030259
0.12383,0.0029781,-0.041684,-0.031372
0.12391,0.03925,-0.040665,-0.03225
0.12398,0.058321,-0.038753,-0.033348
0.12406,0.10693,-0.036245,-0.034057
0.12414,0.1275,-0.031491,-0.034136
0.12422,0.12413,-0.031746,-0.035283
0.1243,0.15592,-0.025875,-0.035065
0.12437,0.14657,-0.037148,-0.036018
0.12445,0.14283,-0.018887,-0.036426
0.12453,0.15218,-0.0384,-0.036156
0.12461,0.10432,-0.027907,-0.037911
0.12469,0.084871,-0.025616,-0.036258
0.12477,0.077766,-0.040762,-0.039223
0.12484,0.087488,-0.0056339,-0.036959
0.12492,0.11292,-0.058574,-0.039238
0.125,0.14246,0.015975,-0.038841
0.12508,0.11479,-0.072396,-0.037334
0.12516,0.077766,0.0084774,-0.042609
0.12523,0.092723,-0.037729,-0.033637
0.12531,0.02878,-0.05776,-0.048919
0.12539,0.081131,0.12564,-0.022719
0.12547,0.044111,-1.5931,-0.12746
0.12555,0.037754,-2.6892,-0.51066
0.12562,0.1705,-2.1516,-0.87975
0.1257,0.0078393,-2.3285,-1.2066
0.12578,0.24305,-2.3286,-1.5466
0.12586,0.43076,-2.2988,-1.8511
0.12594,0.33504,-2.3253,-2.1456
0.12602,0.72356,-2.2883,-2.4141
0.12609,0.60165,-2.3847,-2.6759
0.12617,0.46965,-2.3571,-2.9262
0.12625,0.70673,-2.3861,-3.1593
0.12633,0.51228,-2.3821,-3.3806
0.12641,0.61063,-2.4065,-3.5884
0.12648,0.74562,-2.4244,-3.7888
0.12656,0.73365,-2.4075,-3.9748
0.12664,0.76806,-2.3958,-4.1468
0.12672,0.65251,-2.3575,-4.3023
0.1268,0.60128,-2.3371,-4.4429
0.12688,0.45769,-2.3051,-4.5699
0.12695,0.42889,-2.2865,-4.6834
0.12703,0.4259,-2.2667,-4.7867
0.12711,0.36869,-2.2233,-4.8765
0.12719,0.4188,-2.1829,-4.9527
0.12727,0.39,-2.1375,-5.0162
0.12734,0.43824,-2.0948,-5.0667
0.12742,0.45208,-2.0446,-5.1054
0.1275,0.44086,-1.9833,-5.1314
0.12758,0.44086,-1.9235,-5.1446
0.12766,0.31222,-1.8614,-5.1455
0.12773,0.18957,-1.8088,-5.1359
0.12781,-0.0030049,-1.7557,-5.117
0.12789,-0.22064,-1.6933,-5.0885
0.12797,-0.33581,-1.6343,-5.0512
0.12805,-0.3732,-1.5695,-5.0054
0.12812,-0.45884,-1.4843,-4.949
0.1282,-0.54559,-1.4259,-4.8825
0.12828,-0.52914,-1.3762,-4.8121
0.12836,-0.5583,-1.2746,-4.7326
0.12844,-0.57812,-1.2022,-4.6411
0.12852,-0.58298,-1.1544,-4.5469
0.12859,-0.62299,-1.0634,-4.4464
0.12867,-0.65478,-0.9756,-4.3354
0.12875,-0.67048,-0.90641,-4.2182
0.12883,-0.69068,-0.83146,-4.096
0.12891,-0.68282,-0.75085,-3.9682
0.12898,-0.61103,-0.66715,-3.8332
0.12906,-0.59607,-0.57573,-3.6915
0.12914,-0.58448,-0.4933,-3.5448
0.12922,-0.59308,-0.42218,-3.3936
0.1293,-0.62636,-0.34056,-3.239
0.12938,-0.60692,-0.23047,-3.0783
0.12945,-0.62187,-0.1229,-2.9084
0.12953,-0.58635,-0.010166,-2.7305
0.12961,-0.53362,0.099897,-2.5439
0.12969,-0.48576,0.18224,-2.354
0.12977,-0.39227,0.29127,-2.1603
0.12984,-0.30066,0.36854,-1.9638
0.12992,-0.17427,0.49405,-1.7641
0.13,-0.060965,0.57491,-1.5587
0.13008,0.055329,0.68512,-1.3558
0.13016,0.10619,0.81998,-1.1437
0.13023,0.16452,0.87462,-0.93655
0.13031,0.21238,1.0566,-0.71996
0.13039,0.10245,1.0289,-0.50561
0.13047,0.13535,1.3242,-0.29023
0.13055,0.14956,1.1164,-0.060342
0.13062,0.12862,0.06848,0.013738
0.1307,0.20528,0.024534,-0.014231
0.13078,0.20416,0.1178,-0.0040223
0.13086,0.25127,0.0036824,-0.0082401
0.13094,0.19518,0.081189,-0.0067479
0.13102,0.16714,0.013527,-0.0055632
0.13109,0.21425,0.049938,-0.0077265
0.13117,0.14582,0.021393,-0.004416
0.13125,0.17312,0.019275,-0.0065267
0.13133,0.14358,0.031676,-0.004296
0.13141,0.066922,0.012316,-0.0050158
0.13148,0.06206,0.021839,-0.0040748
0.13156,0.047851,0.013254,-0.0035761
0.13164,0.057947,0.025509,-0.0036661
0.13172,0.029528,0.011439,-0.0027738
0.1318,0.022797,0.0085187,-0.0029763
0.13188,0.00036053,0.012166,-0.0020202
0.13195,-0.047504,0.008275,-0.0016453
0.13203,-0.038155,0.016017,-0.0010342
0.13211,-0.03479,0.014941,-2.1938e-05
0.13219,0.0014823,0.013591,0.0010016
0.13227,0.057199,0.01466,0.0021376
0.13234,0.099454,0.011349,0.0034123
0.13242,0.12264,0.0067979,0.003641
0.1325,0.12451,0.009126,0.0043458
0.13258,0.13872,0.0036787,0.0050694
0.13266,0.14395,0.016302,0.0050994
0.13273,0.14994,0.0052383,0.0060667
0.13281,0.15592,0.0037612,0.0054481
0.13289,0.12413,0.012699,0.0073377
0.13297,0.10245,-0.010013,0.0062917
0.13305,0.083749,0.025041,0.0079263
0.13312,0.074026,-0.020484,0.0078851
0.1332,0.099828,0.03204,0.0072102
0.13328,0.12488,-0.0094204,0.010659
0.13336,0.13797,0.0071353,0.0054331
0.13344,0.10095,0.0324,0.01325
0.13352,0.10544,-0.061172,0.0043121
0.13359,0.048972,0.13131,0.014364
0.13367,0.010457,-0.23505,0.0044358
0.13375,0.05159,0.86257,0.026061
0.13383,0.0085872,2.6921,0.3339
0.13391,0.19481,2.3931,0.73231
0.13398,0.16153,2.2509,1.061
0.13406,0.10992,2.3664,1.4042
0.13414,0.42141,2.2655,1.7185
0.13422,0.24604,2.3463,2.02
0.1343,0.33391,2.2647,2.2994
0.13438,0.56949,2.357,2.5628
0.13445,0.30101,2.3541,2.8213
0.13453,0.49134,2.3622,3.0613
0.13461,0.5751,2.3672,3.2903
0.13469,0.46591,2.358,3.5031
0.13477,0.66859,2.4089,3.7085
0.13484,0.70523,2.3809,3.9025
0.13492,0.72356,2.3761,4.0826
0.135,0.68429,2.3475,4.2478
0.13508,0.6196,2.3148,4.3958
0.13516,0.55155,2.2967,4.5303
0.13523,0.43562,2.2661,4.6502
0.13531,0.41842,2.2528,4.7588
0.13539,0.35822,2.2217,4.8567
0.13547,0.39524,2.1769,4.9412
0.13555,0.42515,2.1367,5.0126
0.13562,0.39374,2.0869,5.0713
0.1357,0.44348,2.0371,5.1174
0.13578,0.43039,1.9821,5.1506
0.13586,0.43824,1.9193,5.1711
0.13594,0.38028,1.8598,5.1792
0.13602,0.20266,1.7959,5.1753
0.13609,0.059817,1.7397,5.1615
0.13617,-0.12753,1.6907,5.1384
0.13625,-0.22176,1.6246,5.1057
0.13633,-0.35488,1.5586,5.0634
0.13641,-0.55681,1.4914,5.0128
0.13648,-0.50483,1.4079,4.9514
0.13656,-0.51418,1.3511,4.8803
0.13664,-0.5239,1.2893,4.8054
0.13672,-0.47903,1.1953,4.7209
0.1368,-0.59831,1.1371,4.626
0.13687,-0.61178,1.0779,4.5284
0.13695,-0.65665,0.98733,4.4238
0.13703,-0.6989,0.90659,4.3096
0.13711,-0.67909,0.83705,4.1897
0.13719,-0.68507,0.75913,4.0645
0.13727,-0.60617,0.66856,3.9337
0.13734,-0.63421,0.59131,3.7963
0.13742,-0.62599,0.5105,3.6526
0.1375,-0.60505,0.4279,3.5049
0.13758,-0.62786,0.35911,3.3529
0.13766,-0.57289,0.27457,3.1968
0.13773,-0.58897,0.16032,3.0336
0.13781,-0.58672,0.05435,2.8602
0.13789,-0.60841,-0.053632,2.6794
0.13797,-0.59233,-0.15278,2.4907
0.13805,-0.48426,-0.23806,2.2995
0.13812,-0.40349,-0.34041,2.104
0.1382,-0.25317,-0.41246,1.9069
0.13828,-0.11556,-0.54111,1.7058
0.13836,-0.027311,-0.61425,1.5
0.13844,0.036259,-0.74411,1.2957
0.13852,0.080757,-0.85158,1.0825
0.13859,0.13161,-0.92105,0.87535
0.13867,0.056825,-1.0946,0.65563
0.13875,0.047851,-1.0656,0.44348
0.13883,0.12451,-1.386,0.22176
0.13891,0.047851,-0.99518,0.0037835
0.13898,0.10095,-0.012581,-0.042834
0.13906,0.1619,-0.099457,-0.017534
0.13914,0.15816,-0.11777,-0.028984
0.13922,0.23183,-0.038093,-0.022787
0.1393,0.16714,-0.10273,-0.026045
0.13937,0.17611,-0.031116,-0.025254
0.13945,0.17349,-0.079673,-0.024793
0.13953,0.12451,-0.046449,-0.027016
0.13961,0.14881,-0.054911,-0.024834
0.13969,0.053834,-0.052425,-0.02705
0.13977,0.053834,-0.042869,-0.026255
0.13984,0.070661,-0.053475,-0.027331
0.13992,0.025414,-0.040462,-0.027447
0.14,0.042616,-0.047968,-0.027552
0.14008,0.016066,-0.039862,-0.028148
0.14016,-0.0030049,-0.041111,-0.028212
0.14023,-0.051243,-0.037549,-0.028909
0.14031,-0.070314,-0.035015,-0.029063
0.14039,-0.042268,-0.038374,-0.029922
0.14047,-0.044512,-0.038591,-0.031282
0.14055,0.023919,-0.03873,-0.031961
0.14063,0.052712,-0.041302,-0.033071
0.1407,0.047477,-0.034321,-0.034244
0.14078,0.097584,-0.034756,-0.034297
0.14086,0.11366,-0.038993,-0.035448
0.14094,0.14994,-0.027048,-0.035313
0.14102,0.15741,-0.037617,-0.035958
0.14109,0.129,-0.021526,-0.036475
0.14117,0.11366,-0.035476,-0.036426
0.14125,0.059817,-0.024555,-0.038106
0.14133,0.067669,-0.02806,-0.036363
0.14141,0.07814,-0.041249,-0.039129
0.14148,0.072905,-0.0042317,-0.036831
0.14156,0.094593,-0.064939,-0.039321
0.14164,0.096089,0.017194,-0.039167
0.14172,0.091228,-0.068771,-0.037401
0.1418,0.07814,0.0076601,-0.042995
0.14188,0.072531,-0.030077,-0.033524
0.14195,0.022797,-0.072625,-0.049162
0.14203,0.041868,0.13745,-0.023578
0.14211,-0.01011,-1.5475,-0.12193
0.14219,0.011953,-2.6905,-0.50218
0.14227,0.14807,-2.1624,-0.87534
0.14234,-0.02245,-2.3209,-1.2034
0.14242,0.23594,-2.3165,-1.5444
0.1425,0.43749,-2.2837,-1.8512
0.14258,0.29091,-2.3096,-2.1477
0.14266,0.69663,-2.2659,-2.4182
0.14273,0.59455,-2.3614,-2.6813
0.14281,0.44161,-2.3371,-2.9338
0.14289,0.69663,-2.3649,-3.1702
0.14297,0.48012,-2.353,-3.3942
0.14305,0.57884,-2.373,-3.6035
0.14313,0.72917,-2.3959,-3.8062
0.1432,0.66148,-2.3817,-3.9957
0.14328,0.69962,-2.37,-4.172
0.14336,0.61549,-2.331,-4.3321
0.14344,0.56912,-2.3058,-4.4763
0.14352,0.45544,-2.2775,-4.6068
0.14359,0.4274,-2.2504,-4.7235
0.14367,0.40683,-2.2233,-4.8295
0.14375,0.35411,-2.1948,-4.9233
0.14383,0.42777,-2.1501,-5.0035
0.14391,0.38103,-2.1061,-5.0704
0.14398,0.43637,-2.0672,-5.1252
0.14406,0.46666,-2.0103,-5.1677
0.14414,0.40459,-1.9553,-5.1971
0.14422,0.45918,-1.8955,-5.2145
0.1443,0.31709,-1.8329,-5.2195
0.14438,0.18883,-1.7759,-5.2128
0.14445,0.12376,-1.7204,-5.1964
0.14453,-0.19446,-1.6641,-5.171
0.14461,-0.32945,-1.5998,-5.1365
0.14469,-0.3201,-1.5392,-5.0931
0.14477,-0.40387,-1.4659,-5.0404
0.14484,-0.35563,-1.3911,-4.9762
0.14492,-0.40536,-1.3452,-4.906
0.145,-0.50446,-1.2705,-4.8311
0.14508,-0.57027,-1.1731,-4.7431
0.14516,-0.6372,-1.1214,-4.6475
0.14523,-0.6215,-1.0574,-4.5492
0.14531,-0.65478,-0.96014,-4.4417
0.14539,-0.57326,-0.88305,-4.3253
0.14547,-0.57214,-0.81671,-4.2039
0.14555,-0.6473,-0.74493,-4.0779
0.14563,-0.58897,-0.65505,-3.9448
0.1457,-0.61739,-0.56724,-3.8047
0.14578,-0.55756,-0.49262,-3.6588
0.14586,-0.52951,-0.41358,-3.5082
0.14594,-0.57289,-0.33813,-3.3541
0.14602,-0.57064,-0.24267,-3.1954
0.14609,-0.66001,-0.12962,-3.0274
0.14617,-0.64693,-0.026613,-2.8507
0.14625,-0.58672,0.094322,-2.6661
0.14633,-0.4895,0.17582,-2.4752
0.14641,-0.31973,0.27095,-2.2826
0.14648,-0.21465,0.36785,-2.0843
0.14656,-0.13127,0.44939,-1.8851
0.14664,-0.086767,0.57318,-1.6797
0.14672,-0.0033789,0.63407,-1.4738
0.1468,0.03925,0.79448,-1.2651
0.14688,0.058321,0.85169,-1.0515
0.14695,0.17349,0.98942,-0.84171
0.14703,0.1189,1.0848,-0.61855
0.14711,0.087114,1.1336,-0.4098
0.14719,0.1376,1.415,-0.1735
0.14727,0.092349,0.59691,0.0012415
0.14734,0.18845,-0.085064,-0.0010717
0.14742,0.24192,0.15046,-0.011776
0.1475,0.22921,0.036438,-0.0033212
0.14758,0.24679,0.057762,-0.0097173
0.14766,0.17275,0.051152,-0.0039398
0.14773,0.14732,0.019976,-0.0074978
0.14781,0.11965,0.054515,-0.0050496
0.14789,0.11815,0.010629,-0.005267
0.14797,0.16938,0.04232,-0.0053383
0.14805,0.14732,0.012991,-0.0037411
0.14813,0.11778,0.020298,-0.0045059
0.1482,0.081131,0.019717,-0.0031075
0.14828,0.055703,0.014536,-0.0033737
0.14836,0.018684,0.021468,-0.0025151
0.14844,0.013074,0.010656,-0.0024851
0.14852,0.049346,0.017089,-0.0021702
0.14859,-0.0056225,0.0079151,-0.0015891
0.14867,-0.033668,0.0086874,-0.0010905
0.14875,-0.036659,0.015612,-0.00044184
0.14883,-0.037407,0.016864,0.00047295
0.14891,0.020553,0.015709,0.0019726
0.14898,0.066174,0.014997,0.0027187
0.14906,0.12114,0.015601,0.0037047
0.14914,0.15143,0.0069366,0.0039447
0.14922,0.14096,0.011672,0.0046008
0.1493,0.12787,0.0028464,0.0050957
0.14938,0.096089,0.0084399,0.0052081
0.14945,0.095341,0.0027377,0.0065316
0.14953,0.10432,0.0039036,0.0058605
0.14961,0.096463,0.01719,0.0076339
0.14969,0.10394,-0.010241,0.0065504
0.14977,0.079261,0.026563,0.0081138
0.14984,0.083749,-0.017784,0.0085262
0.14992,0.10394,0.024017,0.0072364
0.15,0.084123,-0.0079807,0.010922
0.15008,0.11254,0.0020854,0.0058493
0.15016,0.094593,0.036501,0.013276
0.15023,0.093845,-0.068411,0.0052794
0.15031,0.0658,0.13146,0.014142
0.15039,0.0074654,-0.22944,0.0060255
0.15047,0.012327,0.78245,0.022199
0.15055,-0.040399,2.661,0.32144
0.15063,0.17798,2.3844,0.7205
0.1507,0.18322,2.2022,1.0439
0.15078,0.10207,2.364,1.3857
0.15086,0.40795,2.2302,1.7024
0.15094,0.21612,2.3012,2.0009
0.15102,0.27371,2.2331,2.2798
0.15109,0.48087,2.3012,2.5426
0.15117,0.2049,2.2932,2.7993
0.15125,0.44049,2.3002,3.0357
0.15133,0.50219,2.3222,3.2626
0.15141,0.38851,2.3115,3.4755
0.15148,0.62484,2.3436,3.6798
0.15156,0.64316,2.3176,3.8711
0.15164,0.64952,2.3031,4.0469
0.15172,0.6469,2.2694,4.2083
0.1518,0.57473,2.2374,4.353
0.15187,0.44273,2.2071,4.4837
0.15195,0.37766,2.1793,4.6016
0.15203,0.3728,2.1558,4.7084
0.15211,0.26735,2.1145,4.8026
0.15219,0.34476,2.0749,4.8833
0.15227,0.35298,2.0312,4.9508
0.15234,0.36009,1.9836,5.006
0.15242,0.44983,1.9293,5.0489
0.1525,0.40721,1.8661,5.0787
0.15258,0.38477,1.7986,5.0958
0.15266,0.36196,1.7423,5.1006
0.15273,0.32382,1.6953,5.0943
0.15281,0.013074,1.6317,5.0783
0.15289,-0.22288,1.5702,5.0528
0.15297,-0.24382,1.5091,5.018
0.15305,-0.38554,1.4475,4.9739
0.15313,-0.30776,1.3807,4.9211
0.1532,-0.34105,1.293,4.8567
0.15328,-0.44986,1.2423,4.7844
0.15336,-0.4263,1.1775,4.7078
0.15344,-0.55307,1.0812,4.6198
0.15352,-0.60878,1.0344,4.5246
0.15359,-0.60953,0.96723,4.4255
0.15367,-0.57251,0.87302,4.3171
0.15375,-0.5497,0.80289,4.2012
0.15383,-0.61552,0.73261,4.08
0.15391,-0.62337,0.65719,3.9538
0.15398,-0.58897,0.57168,3.8205
0.15406,-0.55269,0.48739,3.6801
0.15414,-0.52689,0.41557,3.5352
0.15422,-0.48426,0.34046,3.3862
0.1543,-0.52203,0.26423,3.2333
0.15438,-0.60729,0.16219,3.0746
0.15445,-0.64618,0.05227,2.9057
0.15453,-0.65553,-0.049212,2.7288
0.15461,-0.59757,-0.15815,2.5431
0.15469,-0.48651,-0.23648,2.3535
0.15477,-0.34254,-0.33846,2.1604
0.15484,-0.25504,-0.41483,1.9636
0.15492,-0.15819,-0.52645,1.7649
0.155,-0.078914,-0.61592,1.5589
0.15508,-0.048999,-0.70821,1.3562
0.15516,0.041494,-0.85519,1.1448
0.15523,0.095341,-0.88874,0.93617
0.15531,0.10992,-1.0763,0.7217
0.15539,0.090106,-1.0628,0.50391
0.15547,0.089732,-1.2883,0.29239
0.15555,0.068791,-1.2482,0.056336
0.15563,0.1002,-0.19679,-0.043576
0.1557,0.18621,-0.0075571,-0.016001
0.15578,0.16265,-0.16183,-0.022757
0.15586,0.23071,-0.027528,-0.021441
0.15594,0.17985,-0.10856,-0.020346
0.15602,0.10357,-0.036136,-0.023132
0.15609,0.15143,-0.067815,-0.02017
0.15617,0.080009,-0.059488,-0.023492
0.15625,0.14545,-0.042389,-0.021321
0.15633,0.15966,-0.060313,-0.023053
0.15641,0.093097,-0.0353,-0.022637
0.15648,0.10319,-0.05421,-0.023057
0.15656,0.038502,-0.0375,-0.023683
0.15664,0.034389,-0.043045,-0.02354
0.15672,0.0055957,-0.043409,-0.024519
0.1568,0.012327,-0.037365,-0.024365
0.15687,0.0070914,-0.040935,-0.025258
0.15695,-0.072557,-0.034891,-0.025385
0.15703,-0.040399,-0.032357,-0.02564
0.15711,-0.073679,-0.033811,-0.026461
0.15719,-0.051991,-0.034944,-0.027762
0.15727,0.020179,-0.032477,-0.028688
0.15734,0.030276,-0.035791,-0.029667
0.15742,0.11179,-0.032102,-0.030761
0.1575,0.11628,-0.030434,-0.030596
0.15758,0.085618,-0.030554,-0.031669
0.15766,0.093471,-0.023584,-0.031417
0.15773,0.081131,-0.035536,-0.03207
0.15781,0.095715,-0.019228,-0.032951
0.15789,0.11366,-0.034557,-0.032433
0.15797,0.10207,-0.023835,-0.034293
0.15805,0.081879,-0.025417,-0.032625
0.15813,0.068043,-0.041617,-0.035373
0.1582,0.071035,0.0022241,-0.033509
0.15828,0.064678,-0.061502,-0.035193
0.15836,0.10132,0.015552,-0.035841
0.15844,0.11516,-0.063759,-0.033382
0.15852,0.0744,-0.0014612,-0.039459
0.15859,0.1002,-0.016281,-0.029685
0.15867,0.01831,-0.081086,-0.045113
0.15875,0.009709,0.16328,-0.02116
0.15883,-0.022824,-1.4601,-0.1067
0.15891,-0.02058,-2.6869,-0.47819
0.15898,0.17948,-2.1509,-0.85162
0.15906,0.01644,-2.29,-1.1762
0.15914,0.23557,-2.2998,-1.5179
0.15922,0.45245,-2.2434,-1.8234
0.1593,0.24005,-2.2774,-2.1188
0.15937,0.64615,-2.2249,-2.3891
0.15945,0.58333,-2.3134,-2.6512
0.15953,0.3743,-2.279,-2.9019
0.15961,0.64166,-2.2999,-3.1348
0.15969,0.43488,-2.2936,-3.3581
0.15977,0.49396,-2.3186,-3.5674
0.15984,0.65812,-2.3285,-3.7689
0.15992,0.60091,-2.299,-3.9555
0.16,0.63007,-2.2827,-4.1273
0.16008,0.56613,-2.2369,-4.2833
0.16016,0.52126,-2.2194,-4.4241
0.16023,0.36832,-2.1871,-4.5517
0.16031,0.34027,-2.1663,-4.6663
0.16039,0.31372,-2.1416,-4.7707
0.16047,0.24828,-2.0882,-4.8609
0.16055,0.32531,-2.0473,-4.9366
0.16063,0.32419,-2.0033,-5.0006
0.1607,0.39187,-1.9549,-5.0515
0.16078,0.46442,-1.9059,-5.0901
0.16086,0.4876,-1.844,-5.1163
0.16094,0.35485,-1.7807,-5.1294
0.16102,0.22846,-1.7252,-5.1311
0.16109,0.1705,-1.6686,-5.1224
0.16117,-0.016467,-1.612,-5.1042
0.16125,-0.093872,-1.5548,-5.0768
0.16133,-0.24382,-1.4969,-5.0403
0.16141,-0.34553,-1.4211,-4.9946
0.16148,-0.3575,-1.346,-4.9369
0.16156,-0.46033,-1.3053,-4.873
0.16164,-0.4465,-1.2266,-4.8032
0.16172,-0.4465,-1.1384,-4.7207
0.1618,-0.44612,-1.0972,-4.6318
0.16187,-0.4723,-1.0262,-4.5389
0.16195,-0.51867,-0.93231,-4.4363
0.16203,-0.53699,-0.85601,-4.325
0.16211,-0.56129,-0.78771,-4.208
0.16219,-0.53362,-0.71212,-4.0855
0.16227,-0.52614,-0.63126,-3.9563
0.16234,-0.49885,-0.55094,-3.8205
0.16242,-0.54372,-0.46896,-3.6783
0.1625,-0.56503,-0.39946,-3.5309
0.16258,-0.55681,-0.32434,-3.3794
0.16266,-0.5942,-0.23419,-3.2238
0.16273,-0.55307,-0.1295,-3.0607
0.16281,-0.55718,-0.028878,-2.888
0.16289,-0.49623,0.084324,-2.7076
0.16297,-0.45098,0.1807,-2.5193
0.16305,-0.41471,0.25821,-2.3291
0.16312,-0.27561,0.36422,-2.1334
0.1632,-0.21017,0.44247,-1.9354
0.16328,-0.097611,0.56408,-1.7331
0.16336,0.013074,0.63389,-1.5263
0.16344,0.071035,0.76288,-1.3203
0.16352,0.11628,0.85424,-1.106
0.16359,0.14844,0.94147,-0.89813
0.16367,0.14208,1.1009,-0.67656
0.16375,0.1088,1.0764,-0.46462
0.16383,0.15741,1.3949,-0.23921
0.16391,0.11292,0.90697,-0.026379
0.16398,0.13012,-0.035656,0.0092273
0.16406,0.15704,0.096392,-0.014175
0.16414,0.13161,0.083075,-0.0021477
0.16422,0.20939,0.026986,-0.0086375
0.1643,0.12787,0.078805,-0.0046971
0.16437,0.15966,0.0051408,-0.0061068
0.16445,0.215,0.062411,-0.0055707
0.16453,0.14919,0.016935,-0.004101
0.16461,0.18808,0.026233,-0.005537
0.16469,0.12226,0.025397,-0.0031337
0.16477,0.085992,0.016272,-0.004386
0.16484,0.083749,0.026608,-0.0028638
0.16492,0.063182,0.010674,-0.0030025
0.165,0.050468,0.017419,-0.0025864
0.16508,0.017188,0.013422,-0.0020127
0.16516,0.035511,0.017198,-0.0020727
0.16523,-0.028433,0.015218,-0.0011842
0.16531,-0.0662,0.011777,-0.00097798
0.16539,-0.053113,0.01184,-9.6921e-05
0.16547,-0.038529,0.016804,0.00090036
0.16555,0.021675,0.016995,0.0020926
0.16562,0.032893,0.0081213,0.0030299
0.1657,0.056825,0.012766,0.0038472
0.16578,0.082253,0.0064642,0.0043908
0.16586,0.080009,0.0066067,0.0049757
0.16594,0.10731,0.0054182,0.0056431
0.16602,0.13124,0.011559,0.0055456
0.16609,0.12264,0.008155,0.006989
0.16617,0.12937,-0.0016562,0.0064154
0.16625,0.11217,0.018161,0.0079038
0.16633,0.059443,-0.0098965,0.0076826
0.16641,0.074774,0.024362,0.00799
0.16648,0.079261,-0.0081869,0.0096397
0.16656,0.069539,0.017576,0.0073414
0.16664,0.092723,0.0083725,0.011466
0.16672,0.11254,-0.02048,0.0064529
0.1668,0.085618,0.051407,0.012661
0.16687,0.086366,-0.077964,0.0076788
0.16695,0.076644,0.13031,0.011237
0.16703,0.029154,-0.18835,0.012065
0.16711,0.089732,0.47468,0.0053581
0.16719,0.021675,2.5007,0.25879
0.16727,0.14134,2.4963,0.66649
0.16734,0.20229,2.1486,0.9963
0.16742,0.052712,2.3572,1.3354
0.1675,0.3485,2.2261,1.6588
0.16758,0.24641,2.2822,1.9595
0.16766,0.20229,2.2164,2.2442
0.16773,0.48199,2.2654,2.5083
0.16781,0.20677,2.2927,2.7691
0.16789,0.34588,2.273,3.0101
0.16797,0.4977,2.2878,3.2402
0.16805,0.3642,2.2827,3.4565
0.16812,0.59081,2.3215,3.6633
0.1682,0.62745,2.2876,3.8592
0.16828,0.61624,2.2602,4.0392
0.16836,0.58931,2.2438,4.2056
0.16844,0.5164,2.2171,4.3551
0.16852,0.436,2.1747,4.4903
0.16859,0.32606,2.147,4.6124
0.16867,0.34513,2.1368,4.7233
0.16875,0.25389,2.0956,4.8221
0.16883,0.28455,2.0495,4.9066
0.16891,0.30662,2.0058,4.9781
0.16898,0.28493,1.955,5.037
0.16906,0.37467,1.9008,5.0832
0.16914,0.41132,1.8522,5.1175
0.16922,0.44871,1.7921,5.1389
0.1693,0.26062,1.72,5.1475
0.16937,0.14956,1.6673,5.1454
0.16945,0.094967,1.6136,5.133
0.16953,-0.077419,1.5539,5.1109
0.16961,-0.12902,1.4935,5.0791
0.16969,-0.27523,1.4309,5.0382
0.16977,-0.3474,1.359,4.988
0.16984,-0.37806,1.277,4.9259
0.16992,-0.45323,1.2355,4.8571
0.17,-0.47005,1.17,4.7834
0.17008,-0.49137,1.0704,4.6972
0.17016,-0.47379,1.0238,4.6036
0.17023,-0.51979,0.95773,4.5068
0.17031,-0.53811,0.86181,4.4011
0.17039,-0.55868,0.78711,4.2864
0.17047,-0.56952,0.71999,4.1665
0.17055,-0.51119,0.65211,4.0419
0.17062,-0.50707,0.5686,3.9103
0.1707,-0.49249,0.48406,3.7715
0.17078,-0.5168,0.41446,3.6275
0.17086,-0.53587,0.34398,3.4793
0.17094,-0.56503,0.26897,3.3271
0.17102,-0.57812,0.17719,3.1698
0.17109,-0.5583,0.063517,3.0032
0.17117,-0.56728,-0.034426,2.8278
0.17125,-0.48688,-0.14566,2.6443
0.17133,-0.44612,-0.22873,2.4543
0.17141,-0.3904,-0.31285,2.2628
0.17148,-0.29393,-0.40999,2.0657
0.17156,-0.21391,-0.49011,1.8673
0.17164,-0.11033,-0.60945,1.6623
0.17172,-0.017215,-0.67435,1.4561
0.1718,0.05346,-0.83053,1.2479
0.17188,0.056825,-0.88511,1.0338
0.17195,0.11217,-1.006,0.82404
0.17203,0.082627,-1.112,0.60053
0.17211,0.058695,-1.1351,0.39162
0.17219,0.096837,-1.4277,0.15707
0.17227,0.051964,-0.67179,-0.02543
0.17234,0.13423,0.065159,-0.029003
0.17242,0.11703,-0.16151,-0.015802
0.1725,0.13199,-0.06278,-0.024991
0.17258,0.18135,-0.073041,-0.017932
0.17266,0.079635,-0.080295,-0.023323
0.17273,0.15143,-0.036394,-0.019919
0.17281,0.13012,-0.080951,-0.022251
0.17289,0.11516,-0.036349,-0.022449
0.17297,0.15218,-0.063252,-0.021658
0.17305,0.067295,-0.039907,-0.023188
0.17313,0.082627,-0.044477,-0.022344
0.1732,0.038876,-0.04513,-0.0239
0.17328,0.027284,-0.036983,-0.023402
0.17336,0.01831,-0.045302,-0.024039
0.17344,-0.014223,-0.031333,-0.024178
0.17352,-0.014597,-0.039817,-0.024519
0.17359,-0.097611,-0.035592,-0.025149
0.17367,-0.070314,-0.033384,-0.025291
0.17375,-0.06807,-0.038786,-0.026281
0.17383,-0.055356,-0.03996,-0.02723
0.17391,0.0127,-0.041703,-0.028414
0.17398,0.019057,-0.035652,-0.029228
0.17406,0.079635,-0.030205,-0.030165
0.17414,0.093097,-0.031206,-0.030623
0.17422,0.093097,-0.041651,-0.031425
0.1743,0.11179,-0.029822,-0.031526
0.17438,0.10319,-0.032994,-0.031811
0.17445,0.12301,-0.021159,-0.032786
0.17453,0.12301,-0.026058,-0.032145
0.17461,0.068417,-0.031097,-0.034151
0.17469,0.044111,-0.018444,-0.032831
0.17477,0.059069,-0.048766,-0.035009
0.17484,0.064304,0.0041061,-0.034046
0.17492,0.063556,-0.057689,-0.034481
0.175,0.082253,-0.0020423,-0.036749
0.17508,0.099828,-0.039532,-0.032321
0.17516,0.063182,-0.041336,-0.040183
0.17523,0.077018,0.017066,-0.029993
0.17531,0.031023,-0.12401,-0.043149
0.17539,0.034389,0.20595,-0.02672
0.17547,0.011205,-1.108,-0.072351
0.17555,-0.033294,-2.6676,-0.4119
0.17563,0.17125,-2.2188,-0.80144
0.1757,0.0052217,-2.2301,-1.1252
0.17578,0.10955,-2.3233,-1.4694
0.17586,0.40197,-2.2195,-1.7809
0.17594,0.1791,-2.2778,-2.0791
0.17602,0.54332,-2.2031,-2.3545
0.17609,0.57697,-2.2922,-2.618
0.17617,0.28231,-2.2686,-2.8738
0.17625,0.57473,-2.2761,-3.1098
0.17633,0.41805,-2.2867,-3.3363
0.17641,0.42964,-2.29,-3.549
0.17648,0.64166,-2.3107,-3.7535
0.17656,0.57136,-2.28,-3.9444
0.17664,0.61998,-2.2635,-4.1204
0.17672,0.55267,-2.226,-4.2811
0.1768,0.50106,-2.1966,-4.4258
0.17688,0.36345,-2.1692,-4.557
0.17695,0.31671,-2.1456,-4.6759
0.17703,0.31447,-2.1184,-4.7839
0.17711,0.21537,-2.0743,-4.8784
0.17719,0.30961,-2.0303,-4.959
0.17727,0.2767,-1.9847,-5.0266
0.17734,0.33167,-1.9324,-5.0821
0.17742,0.39187,-1.8798,-5.1245
0.1775,0.39898,-1.827,-5.1537
0.17758,0.43151,-1.7662,-5.171
0.17766,0.20191,-1.7081,-5.1764
0.17773,0.13161,-1.653,-5.1709
0.17781,0.027284,-1.5981,-5.156
0.17789,-0.12753,-1.5396,-5.1319
0.17797,-0.15931,-1.4789,-5.0982
0.17805,-0.26588,-1.4119,-5.0553
0.17813,-0.27523,-1.3332,-5.0011
0.1782,-0.36012,-1.2837,-4.9381
0.17828,-0.40237,-1.2239,-4.8702
0.17836,-0.42742,-1.1305,-4.7909
0.17844,-0.48052,-1.0762,-4.7033
0.17852,-0.43116,-1.0196,-4.6127
0.17859,-0.50184,-0.92765,-4.5127
0.17867,-0.53512,-0.8532,-4.4037
0.17875,-0.52427,-0.78629,-4.289
0.17883,-0.5254,-0.70817,-4.1682
0.17891,-0.49436,-0.63122,-4.0408
0.17898,-0.47865,-0.55153,-3.9067
0.17906,-0.46594,-0.47158,-3.7662
0.17914,-0.48539,-0.39705,-3.6199
0.17922,-0.51455,-0.32254,-3.4692
0.1793,-0.54858,-0.24397,-3.3147
0.17938,-0.54559,-0.14349,-3.1537
0.17945,-0.55419,-0.038194,-2.9828
0.17953,-0.50483,0.064821,-2.8039
0.17961,-0.43341,0.17076,-2.6167
0.17969,-0.39377,0.24711,-2.4254
0.17977,-0.28907,0.35075,-2.2313
0.17984,-0.21391,0.41854,-2.0326
0.17992,-0.12005,0.52422,-1.8326
0.18,-0.046382,0.63132,-1.6248
0.18008,0.054208,0.70752,-1.419
0.18016,0.11441,0.85353,-1.2058
0.18023,0.11179,0.88885,-0.99396
0.18031,0.16751,1.078,-0.77827
0.18039,0.093097,1.0783,-0.55595
0.18047,0.11067,1.2552,-0.34467
0.18055,0.11479,1.3046,-0.10445
0.18063,0.083001,0.26076,0.015263
0.1807,0.17424,-0.03774,-0.0098185
0.18078,0.126,0.15441,-0.0060956
0.18086,0.17349,-0.0015287,-0.0049633
0.18094,0.16115,0.075885,-0.0075953
0.18102,0.10992,0.026503,-0.0035761
0.18109,0.17424,0.040232,-0.0072053
0.18117,0.11105,0.036726,-0.0034974
0.18125,0.15966,0.01737,-0.0052745
0.18133,0.15741,0.041188,-0.0038011
0.18141,0.084497,0.012789,-0.0035012
0.18148,0.08861,0.029416,-0.0033962
0.18156,0.051216,0.013925,-0.0024851
0.18164,0.066922,0.016463,-0.0029125
0.18172,0.029154,0.011143,-0.0017203
0.1818,0.013448,0.009051,-0.0017203
0.18188,-0.0045007,0.020051,-0.0012329
0.18195,-0.077793,0.010611,-0.00083551
0.18203,-0.06994,0.012391,-0.00025064
0.18211,-0.075175,0.016684,0.00074289
0.18219,-0.023945,0.01343,0.0018526
0.18227,0.034015,0.0094934,0.0029849
0.18234,0.05159,0.012624,0.0039634
0.18242,0.087114,0.0095721,0.0046908
0.1825,0.077766,0.012151,0.0050244
0.18258,0.093471,0.0048446,0.0056993
0.18266,0.11441,0.0067341,0.0058605
0.18273,0.12301,0.013141,0.0072402
0.18281,0.15667,-0.0018511,0.006809
0.18289,0.11553,0.022101,0.0077651
0.18297,0.066548,-0.0091129,0.0083499
0.18305,0.078514,0.017411,0.0075401
0.18313,0.057947,0.0027264,0.0099883
0.1832,0.069913,0.00011713,0.0073677
0.18328,0.10918,0.030889,0.011623
0.18336,0.1189,-0.039109,0.0077463
0.18344,0.1017,0.062474,0.011173
0.18352,0.087488,-0.073641,0.010536
0.18359,0.067669,0.091229,0.0074951
0.18367,0.026536,-0.088618,0.017933
0.18375,0.06393,0.1304,-0.0056232
0.18383,0.012327,2.1805,0.18235
0.18391,0.12413,2.6418,0.58828
0.18398,0.22211,2.1206,0.93198
0.18406,0.036633,2.3438,1.2663
0.18414,0.2853,2.2234,1.5979
0.18422,0.28231,2.255,1.9009
0.1843,0.12114,2.2281,2.192
0.18438,0.40945,2.2347,2.459
0.18445,0.21276,2.2915,2.7229
0.18453,0.23594,2.2545,2.9692
0.18461,0.46666,2.2807,3.2025
0.18469,0.32157,2.2605,3.423
0.18477,0.4962,2.2931,3.6323
0.18484,0.5867,2.283,3.8327
0.18492,0.59417,2.259,4.0173
0.185,0.59978,2.2364,4.1879
0.18508,0.4977,2.19,4.342
0.18516,0.44722,2.1649,4.4816
0.18523,0.30961,2.1366,4.6082
0.18531,0.30101,2.1153,4.7225
0.18539,0.24753,2.0784,4.8259
0.18547,0.23893,2.0245,4.9155
0.18555,0.28493,1.989,4.991
0.18563,0.25987,1.9387,5.0543
0.1857,0.37579,1.8784,5.1053
0.18578,0.38028,1.8338,5.1433
0.18586,0.4431,1.7708,5.1687
0.18594,0.3915,1.7082,5.1812
0.18602,0.14021,1.6532,5.1821
0.18609,0.10095,1.595,5.1727
0.18617,-0.03479,1.5429,5.1535
0.18625,-0.15969,1.475,5.125
0.18633,-0.20082,1.417,5.0868
0.18641,-0.28121,1.3563,5.0397
0.18648,-0.31562,1.2698,4.9816
0.18656,-0.37246,1.2163,4.9137
0.18664,-0.38554,1.1543,4.8417
0.18672,-0.44126,1.0597,4.7598
0.1868,-0.44612,1.0048,4.6678
0.18688,-0.43042,0.95322,4.5729
0.18695,-0.51044,0.86591,4.4701
0.18703,-0.53026,0.78751,4.358
0.18711,-0.54185,0.72345,4.2402
0.18719,-0.55045,0.65308,4.1175
0.18727,-0.52315,0.56823,3.9882
0.18734,-0.47342,0.48548,3.8514
0.18742,-0.46332,0.41923,3.7091
0.1875,-0.50184,0.34347,3.5617
0.18758,-0.53736,0.26011,3.41
0.18766,-0.57289,0.18093,3.2538
0.18773,-0.57476,0.079128,3.0896
0.18781,-0.56167,-0.023783,2.9155
0.18789,-0.52054,-0.12916,2.7338
0.18797,-0.47641,-0.22095,2.5446
0.18805,-0.40985,-0.29262,2.3534
0.18813,-0.33095,-0.39864,2.158
0.1882,-0.2427,-0.46768,1.9587
0.18828,-0.13725,-0.58367,1.7566
0.18836,-0.055356,-0.65972,1.5488
0.18844,0.038876,-0.77173,1.3429
0.18852,0.033267,-0.89444,1.1276
0.18859,0.083001,-0.93759,0.91759
0.18867,0.09908,-1.1193,0.69721
0.18875,0.0052217,-1.0831,0.47983
0.18883,0.066174,-1.3663,0.26081
0.18891,0.029528,-1.1346,0.029477
0.18898,0.077018,-0.082421,-0.041878
0.18906,0.15368,-0.052733,-0.013691
0.18914,0.098332,-0.1425,-0.024009
0.18922,0.17312,-0.030137,-0.019589
0.1893,0.11965,-0.10382,-0.021133
0.18938,0.11553,-0.031487,-0.021816
0.18945,0.1533,-0.073154,-0.01999
0.18953,0.10693,-0.049805,-0.023106
0.18961,0.15106,-0.049186,-0.020785
0.18969,0.1002,-0.053036,-0.023023
0.18977,0.080009,-0.040717,-0.022314
0.18984,0.085245,-0.055612,-0.022869
0.18992,0.053834,-0.032897,-0.023222
0.19,0.056825,-0.043116,-0.023387
0.19008,0.021675,-0.03783,-0.024189
0.19016,0.023919,-0.032795,-0.023968
0.19023,-0.03292,-0.038108,-0.024699
0.19031,-0.10584,-0.03539,-0.024781
0.19039,-0.091628,-0.036653,-0.025558
0.19047,-0.076297,-0.03894,-0.026855
0.19055,-0.026937,-0.033212,-0.02771
0.19062,0.029154,-0.032795,-0.028827
0.1907,0.062434,-0.031168,-0.030057
0.19078,0.059069,-0.027761,-0.030075
0.19086,0.069913,-0.036721,-0.030705
0.19094,0.097958,-0.023018,-0.031376
0.19102,0.091228,-0.030554,-0.03141
0.19109,0.11441,-0.02469,-0.03282
0.19117,0.11516,-0.020349,-0.032122
0.19125,0.07814,-0.034689,-0.033817
0.19133,0.065426,-0.0071784,-0.032985
0.19141,0.05159,-0.047274,-0.033974
0.19148,0.057947,-0.0039168,-0.034754
0.19156,0.071409,-0.041017,-0.032958
0.19164,0.087488,-0.019175,-0.037157
0.19172,0.099454,-0.010628,-0.031856
0.1918,0.072905,-0.058795,-0.038908
0.19188,0.10693,0.05417,-0.031871
0.19195,0.063182,-0.14715,-0.03868
0.19203,0.030276,0.1949,-0.034319
0.19211,0.033641,-0.67108,-0.040573
0.19219,-0.038903,-2.5363,-0.32495
0.19227,0.15629,-2.3402,-0.73085
0.19234,0.059069,-2.1523,-1.0578
0.19242,0.027284,-2.3446,-1.4005
0.1925,0.40945,-2.205,-1.7209
0.19258,0.22173,-2.2724,-2.0211
0.19266,0.41618,-2.1938,-2.3032
0.19273,0.60801,-2.2618,-2.5682
0.19281,0.25613,-2.2632,-2.8286
0.19289,0.51116,-2.2405,-3.0685
0.19297,0.44796,-2.2647,-3.2986
0.19305,0.33504,-2.2624,-3.5146
0.19312,0.59754,-2.2921,-3.7218
0.1932,0.53958,-2.265,-3.9175
0.19328,0.56127,-2.2466,-4.0975
0.19336,0.52163,-2.2121,-4.2628
0.19344,0.46891,-2.177,-4.412
0.19352,0.34401,-2.1488,-4.5474
0.19359,0.2322,-2.1238,-4.6698
0.19367,0.27034,-2.1007,-4.7814
0.19375,0.17948,-2.0594,-4.8805
0.19383,0.2666,-2.0141,-4.9659
0.19391,0.2666,-1.969,-5.0376
0.19398,0.27109,-1.9248,-5.097
0.19406,0.3829,-1.8704,-5.1441
0.19414,0.39935,-1.8103,-5.1778
0.19422,0.46442,-1.7511,-5.1986
0.1943,0.27707,-1.6919,-5.2073
0.19437,0.14395,-1.6373,-5.205
0.19445,0.098332,-1.5851,-5.1926
0.19453,-0.078166,-1.5287,-5.1716
0.19461,-0.12902,-1.4675,-5.141
0.19469,-0.19708,-1.4052,-5.101
0.19477,-0.2528,-1.3277,-5.0514
0.19484,-0.29729,-1.2638,-4.9905
0.19492,-0.33244,-1.2183,-4.9243
0.195,-0.35974,-1.1354,-4.8505
0.19508,-0.40798,-1.0564,-4.7643
0.19516,-0.37881,-1.0076,-4.6733
0.19523,-0.41434,-0.93296,-4.5767
0.19531,-0.47828,-0.84464,-4.4708
0.19539,-0.48501,-0.77689,-4.3573
0.19547,-0.49286,-0.71132,-4.2378
0.19555,-0.49885,-0.63109,-4.1132
0.19562,-0.44762,-0.55409,-3.9815
0.1957,-0.41247,-0.47791,-3.8425
0.19578,-0.44612,-0.397,-3.6974
0.19586,-0.47604,-0.32449,-3.548
0.19594,-0.52577,-0.25037,-3.3943
0.19602,-0.5168,-0.15772,-3.2353
0.19609,-0.51717,-0.050075,-3.067
0.19617,-0.51156,0.047628,-2.8894
0.19625,-0.4349,0.16023,-2.7039
0.19633,-0.39639,0.24338,-2.5122
0.19641,-0.31001,0.33069,-2.319
0.19648,-0.21465,0.4189,-2.1202
0.19656,-0.12005,0.48814,-1.9208
0.19664,-0.040399,0.62011,-1.7149
0.19672,0.032145,0.67749,-1.5075
0.1968,0.094967,0.82049,-1.2986
0.19687,0.075896,0.88969,-1.0826
0.19695,0.13573,1.0051,-0.87173
0.19703,0.08861,1.1194,-0.64565
0.19711,0.042242,1.1242,-0.43449
0.19719,0.11965,1.4331,-0.19967
0.19727,0.066922,0.72109,-0.006628
0.19734,0.12563,-0.080217,0.0033561
0.19742,0.13834,0.13616,-0.012105
0.1975,0.13535,0.048776,-0.0018628
0.19758,0.18658,0.043887,-0.0093949
0.19766,0.10843,0.068049,-0.0033587
0.19773,0.15704,0.016287,-0.0064255
0.19781,0.13797,0.060394,-0.0047871
0.19789,0.14395,0.014536,-0.0041235
0.19797,0.19556,0.040411,-0.0048434
0.19805,0.12413,0.020189,-0.0031038
0.19812,0.12039,0.023695,-0.0040335
0.1982,0.093845,0.025959,-0.0024889
0.19828,0.10132,0.011608,-0.0031225
0.19836,0.066922,0.021813,-0.0021815
0.19844,0.051964,0.012208,-0.0017653
0.19852,0.058321,0.014656,-0.0016828
0.19859,-0.050121,0.010899,-0.000873
0.19867,-0.051617,0.010307,-0.00075677
0.19875,-0.057226,0.013958,7.929e-05
0.19883,-0.03479,0.016088,0.0010353
0.19891,0.037006,0.016725,0.0021638
0.19898,0.038876,0.01127,0.0030186
0.19906,0.078888,0.0093734,0.0039634
0.19914,0.090106,0.0056694,0.0046495
0.19922,0.099828,0.013287,0.0052569
0.1993,0.13273,0.0056094,0.0058792
0.19937,0.11628,0.010431,0.005778
0.19945,0.11815,0.014397,0.0072102
0.19953,0.1103,-0.0011725,0.0065653
0.19961,0.070287,0.020433,0.0081437
0.19969,0.069913,-0.008858,0.0081025
0.19977,0.064304,0.024235,0.0079113
0.19984,0.058695,-0.0056076,0.0099209
0.19992,0.094219,0.0078138,0.0072889
0.2,0.10432,0.010018,0.011777
0.20008,0.11815,-0.030036,0.0068653
0.20016,0.10394,0.064184,0.012508
0.20023,0.083375,-0.081154,0.0089086
0.20031,0.060191,0.12106,0.010048
0.20039,0.026162,-0.16006,0.014735
0.20047,0.077766,0.35626,0.00083287
0.20055,0.011205,2.4086,0.23364
0.20062,0.13423,2.511,0.64077
0.2007,0.18733,2.1162,0.97217
0.20078,0.042616,2.3349,1.3102
0.20086,0.33765,2.1945,1.6353
0.20094,0.22659,2.2548,1.935
0.20102,0.15368,2.1872,2.2215
0.20109,0.40384,2.2246,2.4856
0.20117,0.13498,2.2445,2.7458
0.20125,0.26436,2.2161,2.9867
0.20133,0.39374,2.2407,3.2171
0.20141,0.27371,2.2225,3.4348
0.20148,0.48947,2.2585,3.6418
0.20156,0.53659,2.2255,3.8375
0.20164,0.54855,2.1997,4.0165
0.20172,0.51901,2.1637,4.1812
0.2018,0.45283,2.1177,4.3291
0.20187,0.35598,2.0993,4.463
0.20195,0.24043,2.0758,4.5847
0.20203,0.25352,2.0472,4.6958
0.20211,0.15966,2.0012,4.7941
0.20219,0.22323,1.9491,4.8777
0.20227,0.25651,1.9056,4.9486
0.20234,0.23295,1.8611,5.0068
0.20242,0.36757,1.8058,5.0524
0.2025,0.34999,1.7429,5.0848
0.20258,0.35672,1.6804,5.1044
0.20266,0.34738,1.6261,5.1122
0.20273,0.24005,1.5617,5.1087
0.20281,0.073652,1.5016,5.0953
0.20289,-0.1178,1.4517,5.0727
0.20297,-0.16716,1.3951,5.0408
0.20305,-0.23111,1.331,4.9992
0.20313,-0.25429,1.2392,4.9477
0.2032,-0.25055,1.1795,4.8854
0.20328,-0.29729,1.147,4.8171
0.20336,-0.31936,1.0567,4.7418
0.20344,-0.39153,0.98095,4.6542
0.20352,-0.47342,0.93745,4.5615
0.20359,-0.48389,0.85773,4.4637
0.20367,-0.45397,0.77145,4.356
0.20375,-0.46145,0.70772,4.2411
0.20383,-0.48352,0.64519,4.1214
0.20391,-0.49249,0.56436,3.9959
0.20398,-0.46744,0.48428,3.8628
0.20406,-0.44014,0.41001,3.7236
0.20414,-0.43603,0.33388,3.5797
0.20422,-0.39414,0.26438,3.431
0.2043,-0.42817,0.19185,3.2777
0.20438,-0.49099,0.090719,3.1178
0.20445,-0.52502,-0.018073,2.9476
0.20453,-0.55531,-0.1175,2.7691
0.20461,-0.50782,-0.21841,2.5827
0.20469,-0.41621,-0.28592,2.3927
0.20477,-0.30141,-0.39209,2.1992
0.20484,-0.24233,-0.47258,2.0008
0.20492,-0.14323,-0.56246,1.8012
0.205,-0.040773,-0.65857,1.5945
0.20508,-0.037781,-0.74237,1.3893
0.20516,0.029528,-0.88422,1.1768
0.20523,0.093097,-0.91418,0.9657
0.20531,0.090854,-1.0928,0.7504
0.20539,0.050468,-1.0887,0.52941
0.20547,0.046729,-1.2758,0.31764
0.20555,0.02504,-1.3147,0.077237
0.20563,0.054582,-0.27051,-0.039928
0.2057,0.14919,0.017415,-0.014737
0.20578,0.11778,-0.1694,-0.018682
0.20586,0.18583,-0.022114,-0.019248
0.20594,0.17424,-0.10225,-0.016762
0.20602,0.080009,-0.044114,-0.020346
0.20609,0.1189,-0.060939,-0.016826
0.20617,0.079261,-0.059421,-0.020552
0.20625,0.10918,-0.035334,-0.01837
0.20633,0.14059,-0.062769,-0.019945
0.20641,0.10656,-0.034048,-0.020132
0.20648,0.11292,-0.047612,-0.02008
0.20656,0.073652,-0.037317,-0.021032
0.20664,0.075522,-0.039885,-0.020616
0.20672,0.079261,-0.039364,-0.021737
0.2068,0.048225,-0.03314,-0.021452
0.20688,-0.0018831,-0.03593,-0.022048
0.20695,-0.049373,-0.032304,-0.022494
0.20703,-0.050121,-0.033092,-0.022524
0.20711,-0.077793,-0.036185,-0.023405
0.20719,-0.052739,-0.035465,-0.024718
0.20727,-0.013849,-0.02974,-0.025719
0.20734,0.0059696,-0.037249,-0.026424
0.20742,0.079635,-0.033005,-0.027473
0.2075,0.098706,-0.021095,-0.027601
0.20758,0.07814,-0.03034,-0.028504
0.20766,0.071783,-0.023119,-0.028831
0.20773,0.066922,-0.030051,-0.028939
0.20781,0.063182,-0.022741,-0.03027
0.20789,0.070661,-0.026212,-0.029475
0.20797,0.068043,-0.028432,-0.031256
0.20805,0.05346,-0.014298,-0.030064
0.20813,0.054582,-0.045943,-0.03195
0.2082,0.06206,0.0049646,-0.031545
0.20828,0.066174,-0.050866,-0.030934
0.20836,0.089358,0.0011069,-0.034158
0.20844,0.11329,-0.028979,-0.029457
0.20852,0.081505,-0.038921,-0.036959
0.20859,0.088236,0.034147,-0.027563
0.20867,-0.0045007,-0.13753,-0.039066
0.20875,0.0063435,0.21715,-0.026217
0.20883,0.026536,-0.97022,-0.05825
0.20891,-0.063957,-2.6276,-0.38055
0.20898,0.16452,-2.2368,-0.77279
0.20906,0.02878,-2.1938,-1.0961
0.20914,0.087114,-2.3021,-1.4398
0.20922,0.4259,-2.1807,-1.7515
0.2093,0.19892,-2.245,-2.0492
0.20938,0.48611,-2.1659,-2.3265
0.20945,0.55155,-2.242,-2.5894
0.20953,0.25015,-2.2148,-2.8442
0.20961,0.49059,-2.2239,-3.08
0.20969,0.36869,-2.2373,-3.3078
0.20977,0.33877,-2.2285,-3.521
0.20984,0.52462,-2.2466,-3.7253
0.20992,0.5149,-2.2079,-3.9152
0.21,0.54481,-2.1883,-4.0899
0.21008,0.47751,-2.1495,-4.2498
0.21016,0.43824,-2.1142,-4.3932
0.21023,0.2782,-2.0862,-4.5237
0.21031,0.22697,-2.0636,-4.642
0.21039,0.21949,-2.0307,-4.7493
0.21047,0.13423,-1.9823,-4.8428
0.21055,0.23856,-1.9386,-4.9221
0.21063,0.21201,-1.8919,-4.9888
0.2107,0.29428,-1.8427,-5.0429
0.21078,0.38552,-1.786,-5.0842
0.21086,0.34364,-1.7254,-5.1124
0.21094,0.39,-1.666,-5.1282
0.21102,0.30699,-1.6075,-5.1322
0.21109,0.18883,-1.5527,-5.1255
0.21117,0.009709,-1.5034,-5.1104
0.21125,-0.12566,-1.4441,-5.0857
0.21133,-0.1825,-1.3858,-5.0513
0.21141,-0.26663,-1.3165,-5.008
0.21148,-0.2326,-1.2385,-4.953
0.21156,-0.26252,-1.1981,-4.8906
0.21164,-0.28608,-1.1265,-4.822
0.21172,-0.27336,-1.0352,-4.7415
0.2118,-0.35226,-0.989,-4.6543
0.21188,-0.39714,-0.91989,-4.5623
0.21195,-0.41209,-0.8328,-4.4604
0.21203,-0.41546,-0.76484,-4.3508
0.21211,-0.41097,-0.69559,-4.2352
0.21219,-0.43042,-0.62264,-4.1134
0.21227,-0.44986,-0.54747,-3.9856
0.21234,-0.43715,-0.46176,-3.8504
0.21242,-0.42742,-0.3851,-3.7082
0.2125,-0.39975,-0.32759,-3.5614
0.21258,-0.39414,-0.25014,-3.4105
0.21266,-0.41322,-0.1624,-3.255
0.21273,-0.41396,-0.063372,-3.0917
0.21281,-0.47192,0.042072,-2.9182
0.21289,-0.47978,0.15137,-2.7369
0.21297,-0.43229,0.24237,-2.5478
0.21305,-0.34254,0.31478,-2.356
0.21313,-0.22662,0.41216,-2.1596
0.2132,-0.14735,0.4825,-1.9609
0.21328,-0.046008,0.59973,-1.7576
0.21336,0.00073447,0.66296,-1.5498
0.21344,0.066174,0.79452,-1.3435
0.21352,0.12339,0.89051,-1.1282
0.21359,0.1462,0.95327,-0.91831
0.21367,0.13722,1.1283,-0.6955
0.21375,0.053086,1.0784,-0.48146
0.21383,0.067295,1.4026,-0.2566
0.21391,0.046729,0.99488,-0.035024
0.21398,0.077018,-0.017346,0.011792
0.21406,0.14807,0.081639,-0.013763
0.21414,0.13049,0.092905,-0.0016641
0.21422,0.20042,0.017535,-0.0079064
0.2143,0.14021,0.086431,-0.0043297
0.21438,0.089732,0.0094522,-0.0050121
0.21445,0.12563,0.061248,-0.0056382
0.21453,0.097211,0.01869,-0.0030325
0.21461,0.14769,0.031643,-0.0048434
0.21469,0.13984,0.026788,-0.0027738
0.21477,0.13685,0.016755,-0.0036099
0.21484,0.14807,0.029044,-0.0024289
0.21492,0.10095,0.012054,-0.0025001
0.215,0.098332,0.022742,-0.0021102
0.21508,0.069539,0.0096734,-0.0013941
0.21516,0.063182,0.014258,-0.0012592
0.21523,0.023919,0.012815,-0.00036686
0.21531,-0.034416,0.0092835,-0.00024689
0.21539,-0.038155,0.010116,0.00039047
0.21547,-0.062087,0.0052458,0.00066416
0.21555,-0.012727,0.009156,0.00099034
0.21563,0.040746,0.0089948,0.0014215
0.2157,0.068043,0.0042036,0.0016689
0.21578,0.129,0.0026065,0.0017927
0.21586,0.12189,0.0075814,0.0016314
0.21594,0.099828,0.0057294,0.0017552
0.21602,0.11142,0.002419,0.0015752
0.21609,0.1002,0.0047884,0.001594
0.21617,0.10282,0.0054407,0.0017927
0.21625,0.10319,0.0049421,0.0015827
0.21633,0.062434,0.0045335,0.0016502
0.21641,0.060191,0.00056701,0.0016877
0.21648,0.064678,-0.0011313,0.0017552
0.21656,0.058321,0.0013993,0.0016952
0.21664,0.088236,-0.0016374,0.0016202
