0,0.020927,-0.020195,-0.0010042
7.8125e-05,0.020553,-0.022223,-0.0011317
0.00015625,0.019431,-0.018872,-0.00096298
0.00023437,0.019805,-0.013259,-0.00057307
0.0003125,0.033641,-0.0087905,-0.00020565
0.00039063,0.038128,-0.014017,-6.6928e-05
0.00046875,0.038876,-0.01203,0.0004992
0.00054688,0.035511,-0.014373,0.00068291
0.000625,0.020553,-0.026445,0.00078038
0.00070312,0.023545,-0.023179,0.0012378
0.00078125,0.024293,0.0027527,0.0013465
0.00085938,0.0070914,-0.023022,0.001564
0.0009375,0.031023,-0.015141,0.0011815
0.0010156,0.037754,-0.0024622,0.0021038
0.0010938,0.031023,-0.036856,0.0015152
0.0011719,0.043363,0.023031,0.0022838
0.00125,0.029154,-0.05641,0.0017627
0.0013281,0.025414,0.019882,0.0015715
0.0014062,0.0085872,-0.033125,0.0029062
0.0014844,0.021675,-0.013481,0.0004767
0.0015625,0.015692,0.0284,0.0040796
0.0016406,0.023545,-0.13376,-0.00092924
0.0017188,0.039998,0.15527,0.0047732
0.0017969,0.019805,-0.36883,-0.0023652
0.001875,0.025414,1.1167,0.015155
0.0019531,0.055329,3.502,0.18725
0.0020313,0.29727,3.2205,0.39996
0.0021094,0.23295,3.4337,0.55783
0.0021875,0.34102,3.1677,0.71637
0.0022656,0.65774,2.707,0.86862
0.0023437,0.25165,2.983,1.0018
0.0024219,0.41244,2.7495,1.1147
0.0025,0.68093,2.8158,1.2115
0.0025781,0.54369,2.644,1.2943
0.0026563,0.62858,2.5083,1.3678
0.0027344,0.39786,2.477,1.4308
0.0028125,0.31709,2.3647,1.4789
0.0028906,0.13834,2.3786,1.5157
0.0029688,-0.041147,2.2561,1.5414
0.0030469,-0.0071182,2.1801,1.5586
0.003125,-0.20942,2.1215,1.5621
0.0032031,-0.1638,2.0586,1.5564
0.0032812,-0.29954,1.9544,1.545
0.0033594,-0.43864,1.8291,1.5204
0.0034375,-0.36236,1.7587,1.4896
0.0035156,-0.39227,1.6664,1.4548
0.0035938,-0.14024,1.5511,1.4096
0.0036719,-0.12379,1.4302,1.3559
0.00375,-0.21241,1.3156,1.298
0.0038281,-0.21353,1.1814,1.234
0.0039063,-0.35301,1.0524,1.1643
0.0039844,-0.32085,0.90988,1.0894
0.0040625,-0.31113,0.77103,1.0072
0.0041406,-0.27074,0.63689,0.92152
0.0042188,-0.27822,0.49466,0.83163
0.0042969,-0.39714,0.36533,0.7409
0.004375,-0.46071,0.17164,0.64254
0.0044531,-0.52876,0.034822,0.53909
0.0045312,-0.50184,-0.1878,0.42755
0.0046094,-0.44276,-0.32278,0.30712
0.0046875,-0.39414,-0.50138,0.19147
0.0047656,-0.35189,-0.72578,0.057813
0.0048437,-0.23335,-0.22737,-0.012972
0.0049219,-0.16006,0.043321,0.00075414
0.005,-0.098733,-0.087302,1.1805e-05
0.0050781,0.15891,-0.0035157,-0.00087675
0.0051563,0.26623,-0.045733,0.001174
0.0052344,0.28717,-0.025549,-0.0012892
0.0053125,0.36757,-0.019127,0.00081788
0.0053906,0.2939,-0.03136,-0.00098547
0.0054688,0.14021,-0.010065,0.00010928
0.0055469,0.099828,-0.026463,-0.00050933
0.005625,0.085245,-0.014167,-0.00041935
0.0057031,0.047103,-0.024379,-0.00035936
0.0057812,0.12862,-0.017582,-0.0010005
0.0058594,0.17798,-0.014924,-0.000858
0.0059375,0.18808,-0.017852,-0.0014429
0.0060156,0.21949,-0.013556,-0.0010642
0.0060938,0.26137,-0.015797,-0.0013191
0.0061719,0.32157,-0.013113,-0.0014016
0.00625,0.33915,-0.011201,-0.0015553
0.0063281,0.37879,-0.015944,-0.0023314
0.0064063,0.31335,-0.016292,-0.0022639
0.0064844,0.23332,-0.01101,-0.0023202
0.0065625,0.18733,-0.011842,-0.0026688
0.0066406,0.10132,-0.010091,-0.0025789
0.0067187,0.085245,-0.010759,-0.0027213
0.0067969,0.058695,-0.0097128,-0.0024926
0.006875,0.044485,-0.0091167,-0.0023652
0.0069531,-0.029928,-0.01504,-0.0025789
0.0070313,-0.14061,-0.012843,-0.0023989
0.0071094,-0.2169,-0.009634,-0.0024626
0.0071875,-0.27785,-0.009769,-0.0025076
0.0072656,-0.26925,-0.0091092,-0.0023464
0.0073438,-0.25541,-0.0097428,-0.0023652
0.0074219,-0.22625,-0.010774,-0.0025226
0.0075,-0.22213,-0.0089555,-0.0024776
0.0075781,-0.1967,-0.0072497,-0.0024102
0.0076562,-0.14921,-0.0074109,-0.0024551
0.0077344,-0.13351,-0.0076133,-0.0023389
0.0078125,-0.049747,-0.011017,-0.0023277
0.0078906,-0.0097358,-0.011497,-0.0022977
0.0079688,-0.018336,-0.0067248,-0.0022639
0.0080469,-0.0078661,-0.0063612,-0.0023277
0.008125,-0.062835,-0.010489,-0.0022002
0.0082031,-0.10322,-0.010159,-0.0022414
0.0082813,-0.057226,-0.0084756,-0.0022677
0.0083594,-0.0063704,-0.0090679,-0.0021777
0.0084375,0.042989,-0.012918,-0.0024701
0.0085156,0.12301,-0.013765,-0.0026426
0.0085938,0.16751,-0.010987,-0.002965
0.0086719,0.19107,-0.012937,-0.0034599
0.00875,0.22547,-0.01498,-0.0039248
0.0088281,0.23968,-0.014065,-0.0045434
0.0089063,0.26473,-0.017533,-0.0045959
0.0089844,0.27259,-0.013829,-0.0049821
0.0090625,0.21051,-0.0084644,-0.0047646
0.0091406,0.15816,-0.016513,-0.0053045
0.0092187,0.12825,-0.0027734,-0.005297
0.0092969,0.063182,-0.019768,-0.0053233
0.009375,0.047477,-0.0060275,-0.0062043
0.0094531,0.091975,-0.011227,-0.0048434
0.0095312,0.082253,-0.018827,-0.0068304
0.0096094,0.062808,0.0047959,-0.0046334
0.0096875,0.070661,-0.037587,-0.0065342
0.0097656,0.0085872,0.023991,-0.0055707
0.0098438,-0.031798,-0.050802,-0.0051658
0.0099219,-0.018336,0.029408,-0.007674
0.01,-0.075549,-0.033988,-0.0014129
0.010078,-0.062087,-0.023175,-0.012076
0.010156,-0.056478,0.075611,0.0074689
0.010234,-0.10808,-1.3756,-0.079381
0.010313,-0.07181,-2.2039,-0.34707
0.010391,-0.066948,-1.85,-0.58358
0.010469,0.011579,-2.0105,-0.79044
0.010547,0.10768,-1.9726,-0.99125
0.010625,0.1634,-2.0094,-1.1565
0.010703,0.29166,-2.0576,-1.3101
0.010781,0.29652,-2.0317,-1.4355
0.010859,0.25913,-2.0892,-1.5445
0.010938,0.2853,-2.0777,-1.6352
0.011016,0.31783,-2.1209,-1.711
0.011094,0.33877,-2.1045,-1.7729
0.011172,0.3126,-2.1043,-1.8179
0.01125,0.32681,-2.089,-1.8516
0.011328,0.30886,-2.0641,-1.8722
0.011406,0.28941,-2.0407,-1.8832
0.011484,0.2868,-1.9814,-1.8801
0.011562,0.20378,-1.9414,-1.8664
0.011641,0.13236,-1.8778,-1.8444
0.011719,0.017188,-1.8144,-1.8127
0.011797,-0.096116,-1.746,-1.7744
0.011875,-0.14286,-1.6455,-1.7268
0.011953,-0.18736,-1.5559,-1.6709
0.012031,-0.17539,-1.4539,-1.6082
0.012109,-0.14772,-1.3453,-1.5386
0.012188,-0.14061,-1.2368,-1.4636
0.012266,-0.13949,-1.1144,-1.3826
0.012344,-0.14847,-0.98291,-1.297
0.012422,-0.1623,-0.82202,-1.2026
0.0125,-0.23036,-0.71073,-1.1048
0.012578,-0.29318,-0.56675,-1.0064
0.012656,-0.35563,-0.42015,-0.90261
0.012734,-0.44201,-0.25949,-0.7959
0.012813,-0.47753,-0.062686,-0.67769
0.012891,-0.488,0.078276,-0.55746
0.012969,-0.46407,0.30691,-0.42746
0.013047,-0.38704,0.38288,-0.29883
0.013125,-0.31599,0.66293,-0.16829
0.013203,-0.2528,0.68081,-0.029832
0.013281,-0.13463,0.04133,0.010281
0.013359,-0.083776,-0.011782,-0.007674
0.013437,-0.056104,0.067116,-0.0012704
0.013516,0.020927,-0.01221,-0.0045959
0.013594,-0.011979,0.044074,-0.0034637
0.013672,0.010831,-0.0035419,-0.002965
0.01375,0.078888,0.019222,-0.004191
0.013828,0.075148,0.0061043,-0.0024626
0.013906,0.10544,0.0037949,-0.0038311
0.013984,0.14919,0.014686,-0.0024252
0.014063,0.17686,0.00050328,-0.00304
0.014141,0.1877,0.009992,-0.0024102
0.014219,0.22697,0.00057826,-0.0021102
0.014297,0.22472,0.0062318,-0.0022377
0.014375,0.21388,0.0027752,-0.0018553
0.014453,0.22323,0.0029326,-0.001994
0.014531,0.21238,0.0062318,-0.0014241
0.014609,0.24679,0.0010131,-0.0015403
0.014688,0.24267,0.002404,-0.0014129
0.014766,0.25239,0.0039261,-0.00093673
0.014844,0.28755,0.0039374,-0.00072678
0.014922,0.29502,0.0043985,-0.00054682
0.015,0.2767,0.00012088,-0.00048309
0.015078,0.2165,-0.0024772,-0.00034062
0.015156,0.18471,-0.0019373,-0.00044934
0.015234,0.095341,-0.0011313,-0.00043435
0.015312,-0.010858,0.00087818,-0.00023564
0.015391,-0.080036,0.0011331,-0.00041935
0.015469,-0.16417,0.00078445,-0.00038186
0.015547,-0.18399,-0.0035419,-0.00046059
0.015625,-0.21578,-0.0020348,-0.0006443
0.015703,-0.22101,0.00078445,-0.00051308
0.015781,-0.17614,-0.00080138,-0.00047184
0.015859,-0.18212,0.00057451,-0.00036311
0.015938,-0.16118,0.0013918,0.00011678
0.016016,-0.1466,0.00016587,0.00091535
0.016094,-0.14473,0.00099065,0.001294
0.016172,-0.13014,0.0042898,0.0019951
0.01625,-0.15333,0.00065324,0.0023288
0.016328,-0.17464,0.0077689,0.0026662
0.016406,-0.19035,0.0010806,0.0033261
0.016484,-0.16679,0.0063705,0.0032886
0.016563,-0.12117,0.0068803,0.0043496
0.016641,-0.091628,-0.0010413,0.0035135
0.016719,-0.025067,0.013126,0.0050057
0.016797,0.020927,-0.01191,0.0044433
0.016875,0.045233,0.024171,0.0047208
0.016953,0.082627,-0.018051,0.0058305
0.017031,0.095715,0.01614,0.0036073
0.017109,0.12189,0.0055907,0.0075439
0.017188,0.15667,-0.017559,0.0024863
0.017266,0.16863,0.054332,0.008305
0.017344,0.17536,-0.076959,0.0028612
0.017422,0.20565,0.13034,0.007154
0.0175,0.20528,-0.19311,0.0062917
0.017578,0.20229,0.52341,0.0033036
0.017656,0.28081,2.5623,0.2445
0.017734,0.34326,2.6559,0.61247
0.017813,0.37056,2.4995,0.90373
0.017891,0.41581,2.7775,1.1978
0.017969,0.52537,2.7584,1.4648
0.018047,0.58071,2.9753,1.7078
0.018125,0.60128,3.0363,1.9318
0.018203,0.7,3.2005,2.1308
0.018281,0.73216,3.3116,2.3178
0.018359,0.78825,3.3918,2.4798
0.018437,0.81891,3.4895,2.6262
0.018516,0.69327,3.5503,2.7509
0.018594,0.82751,3.6691,2.8592
0.018672,0.92773,3.7117,2.9547
0.01875,0.71084,3.7478,3.0353
0.018828,0.62409,3.7546,3.1016
0.018906,0.27782,3.727,3.1524
0.018984,-0.083028,3.6432,3.192
0.019062,-0.31599,3.5289,3.2221
0.019141,-0.5871,3.4576,3.2421
0.019219,-0.67385,3.3697,3.2507
0.019297,-0.79538,3.2844,3.2483
0.019375,-0.68881,3.2041,3.2365
0.019453,-0.67011,3.1176,3.2156
0.019531,-0.58897,3.0436,3.187
0.019609,-0.31749,2.9455,3.1503
0.019688,-0.26027,2.8543,3.1053
0.019766,-0.088263,2.7537,3.0516
0.019844,-0.10696,2.6443,2.9886
0.019922,-0.25766,2.55,2.9221
0.02,-0.39527,2.4075,2.8489
0.020078,-0.62673,2.2828,2.767
0.020156,-0.68282,2.1844,2.684
0.020234,-0.7105,2.0455,2.596
0.020313,-0.68769,1.9091,2.5001
0.020391,-0.65964,1.7839,2.4
0.020469,-0.74789,1.6531,2.2959
0.020547,-0.73892,1.5089,2.1874
0.020625,-0.70713,1.3676,2.0741
0.020703,-0.67385,1.2389,1.9572
0.020781,-0.5598,1.0808,1.8352
0.020859,-0.42556,0.93727,1.7104
0.020938,-0.30515,0.77388,1.586
0.021016,-0.22625,0.60402,1.4566
0.021094,-0.085645,0.43579,1.3235
0.021172,0.095715,0.22211,1.1809
0.02125,0.25277,0.072469,1.0349
0.021328,0.39748,-0.12695,0.8843
0.021406,0.46853,-0.23931,0.73135
0.021484,0.41768,-0.41175,0.58133
0.021563,0.27072,-0.56354,0.42084
0.021641,0.12526,-0.67983,0.27073
0.021719,-0.0078661,-1.0025,0.097903
0.021797,-0.012727,-0.47867,-0.025063
0.021875,0.022049,0.04193,-0.019758
0.021953,0.054956,-0.12558,-0.013298
0.022031,0.23594,-0.046787,-0.01843
0.022109,0.29802,-0.061558,-0.013508
0.022187,0.35448,-0.065697,-0.017722
0.022266,0.4876,-0.03957,-0.014932
0.022344,0.4719,-0.066233,-0.016762
0.022422,0.47302,-0.03332,-0.016226
0.0225,0.41057,-0.053989,-0.016346
0.022578,0.19593,-0.037212,-0.017272
0.022656,0.0085872,-0.041534,-0.016518
0.022734,-0.12379,-0.037962,-0.017437
0.022812,-0.25354,-0.032683,-0.017141
0.022891,-0.29767,-0.037587,-0.01783
0.022969,-0.2412,-0.029204,-0.017714
0.023047,-0.23522,-0.033553,-0.01804
0.023125,-0.23447,-0.037845,-0.01831
0.023203,-0.23186,-0.035195,-0.018303
0.023281,-0.23933,-0.028694,-0.019
0.023359,-0.21765,-0.032837,-0.019289
0.023438,-0.20381,-0.031093,-0.019566
0.023516,-0.14996,-0.028075,-0.019559
0.023594,-0.11631,-0.025035,-0.019619
0.023672,-0.13837,-0.024585,-0.019671
0.02375,-0.12192,-0.032094,-0.019495
0.023828,-0.087515,-0.02556,-0.019649
0.023906,-0.051243,-0.020424,-0.019686
0.023984,-0.0059964,-0.023918,-0.019559
0.024063,0.044485,-0.024041,-0.019491
0.024141,0.047103,-0.023041,-0.019454
0.024219,-0.015719,-0.023629,-0.019641
0.024297,-0.036659,-0.025912,-0.020376
0.024375,-0.035911,-0.02484,-0.020987
0.024453,-0.0052485,-0.030336,-0.021452
0.024531,0.10095,-0.027434,-0.022153
0.024609,0.19182,-0.023888,-0.022281
0.024688,0.26698,-0.029658,-0.023248
0.024766,0.33279,-0.0172,-0.023278
0.024844,0.34289,-0.031037,-0.023765
0.024922,0.3369,-0.019393,-0.024519
0.025,0.30923,-0.025519,-0.023799
0.025078,0.24305,-0.026073,-0.025771
0.025156,0.17125,-0.011257,-0.024095
0.025234,0.067669,-0.041718,-0.026154
0.025313,-0.056852,0.0015568,-0.025123
0.025391,-0.1466,-0.050959,-0.025479
0.025469,-0.181,0.0039786,-0.027192
0.025547,-0.18436,-0.044312,-0.02363
0.025625,-0.15071,-0.018658,-0.030053
0.025703,-0.090133,0.0095571,-0.020717
0.025781,-0.052365,-0.10988,-0.033783
0.025859,-0.02245,0.19233,-0.015675
0.025938,-0.054982,-1.1411,-0.068624
0.026016,-0.033668,-2.6067,-0.39421
0.026094,0.0089611,-2.2756,-0.75224
0.026172,0.0063435,-2.3642,-1.0467
0.02625,0.1877,-2.4684,-1.3492
0.026328,0.31297,-2.4479,-1.6179
0.026406,0.34962,-2.5064,-1.875
0.026484,0.5493,-2.4294,-2.1097
0.026562,0.63306,-2.4722,-2.332
0.026641,0.68504,-2.3928,-2.5429
0.026719,0.75272,-2.365,-2.7368
0.026797,0.11404,-2.3271,-2.9187
0.026875,-0.66039,-2.2989,-3.0823
0.026953,-0.40723,-2.3052,-3.2348
0.027031,0.087114,-2.2933,-3.3729
0.027109,0.21276,-2.2752,-3.4991
0.027187,0.42815,-2.233,-3.6094
0.027266,0.64466,-2.2194,-3.7029
0.027344,0.77516,-2.1822,-3.7829
0.027422,0.96849,-2.1537,-3.8481
0.0275,1.1379,-2.1314,-3.9006
0.027578,1.136,-2.0873,-3.9387
0.027656,0.99017,-2.0509,-3.9632
0.027734,0.66447,-2.0157,-3.9759
0.027813,0.15592,-1.9808,-3.9779
0.027891,-0.15108,-1.9279,-3.9697
0.027969,-0.14735,-1.8742,-3.9514
0.028047,-0.064331,-1.8158,-3.924
0.028125,-0.026563,-1.7317,-3.8848
0.028203,-0.13388,-1.684,-3.8363
0.028281,-0.36348,-1.6225,-3.783
0.028359,-0.66525,-1.5128,-3.7185
0.028438,-0.85558,-1.4403,-3.6444
0.028516,-0.88886,-1.3654,-3.5676
0.028594,-0.84586,-1.2612,-3.4833
0.028672,-0.68357,-1.1736,-3.3891
0.02875,-0.49137,-1.0933,-3.2891
0.028828,-0.28608,-1.006,-3.1835
0.028906,-0.1537,-0.91503,-3.072
0.028984,-0.002631,-0.81603,-2.9542
0.029063,0.13199,-0.71551,-2.8288
0.029141,0.062808,-0.61885,-2.6982
0.029219,-0.053113,-0.52527,-2.5635
0.029297,-0.35899,-0.43636,-2.4261
0.029375,-0.8051,-0.30926,-2.2824
0.029453,-1.1207,-0.18812,-2.1296
0.029531,-1.2086,-0.052122,-1.9694
0.029609,-1.1155,0.069358,-1.7999
0.029688,-0.92215,0.16983,-1.6289
0.029766,-0.53998,0.29621,-1.4524
0.029844,-0.18623,0.37235,-1.2763
0.029922,0.074774,0.54206,-1.0954
0.03,0.29689,0.61342,-0.91018
0.030078,0.44423,0.77096,-0.72776
0.030156,0.52088,0.86685,-0.53294
0.030234,0.51378,0.9544,-0.3508
0.030312,0.50256,1.2299,-0.1411
0.030391,0.3829,0.47539,0.0056955
0.030469,0.21089,-0.08794,-0.0019902
0.030547,0.12376,0.13013,-0.0091024
0.030625,0.13236,0.018386,-0.0026501
0.030703,0.1791,0.047883,-0.0079214
0.030781,0.25426,0.034094,-0.0031
0.030859,0.33354,0.015312,-0.0064518
0.030937,0.23407,0.044183,-0.0036924
0.031016,0.13797,0.0044847,-0.0043672
0.031094,0.092349,0.033637,-0.0042997
0.031172,0.024293,0.011885,-0.0033624
0.03125,0.075522,0.020321,-0.0039323
0.031328,0.16302,0.013794,-0.0026913
0.031406,0.23856,0.010371,-0.0030588
0.031484,0.27147,0.016155,-0.002009
0.031563,0.2494,0.0096321,-0.0020427
0.031641,0.18359,0.013302,-0.0015853
0.031719,0.10432,0.0081325,-0.0010642
0.031797,0.073652,0.010877,-0.00089924
0.031875,-0.012727,0.013051,0.00011303
0.031953,-0.14847,0.015196,0.0012303
0.032031,-0.28533,0.013261,0.0022613
0.032109,-0.44051,0.01475,0.0034723
0.032188,-0.52465,0.0080763,0.0040684
0.032266,-0.45136,0.0094109,0.0043908
0.032344,-0.30776,0.0087511,0.0055043
0.032422,-0.16193,0.0055794,0.0051857
0.0325,0.003352,0.010397,0.0065316
0.032578,0.087488,-0.0041492,0.0062054
0.032656,0.087862,0.020137,0.007124
0.032734,0.072157,-0.0058363,0.0078251
0.032813,0.029528,0.01626,0.006944
0.032891,-0.043764,-0.0022372,0.0097971
0.032969,-0.10808,-0.0057651,0.0066103
0.033047,-0.12341,0.026311,0.011102
0.033125,-0.14136,-0.035648,0.0074014
0.033203,-0.17053,0.070265,0.010809
0.033281,-0.1092,-0.074507,0.010082
0.033359,0.027284,0.098345,0.0069778
0.033438,0.11965,-0.094842,0.017764
0.033516,0.21986,0.1358,-0.0066805
0.033594,0.29764,2.2604,0.186
0.033672,0.38963,2.7537,0.5968
0.03375,0.44759,2.2563,0.9468
0.033828,0.42179,2.4905,1.2945
0.033906,0.62484,2.3733,1.6356
0.033984,0.68317,2.4097,1.9445
0.034063,0.65662,2.3856,2.2401
0.034141,0.75497,2.4269,2.5137
0.034219,0.59754,2.4988,2.7863
0.034297,0.59156,2.4783,3.04
0.034375,0.60838,2.5393,3.2824
0.034453,0.54668,2.5485,3.5117
0.034531,0.64428,2.5895,3.7266
0.034609,0.69289,2.6054,3.9294
0.034688,0.7,2.6446,4.1169
0.034766,0.62745,2.688,4.2949
0.034844,0.71832,2.713,4.4598
0.034922,0.80096,2.7385,4.6109
0.035,0.8047,2.7383,4.7464
0.035078,0.86827,2.7399,4.8652
0.035156,0.64653,2.7576,4.969
0.035234,0.49732,2.7708,5.0587
0.035313,0.31746,2.7557,5.1373
0.035391,0.0040999,2.7381,5.2062
0.035469,-0.070688,2.7011,5.2623
0.035547,-0.17576,2.6312,5.3063
0.035625,-0.28346,2.5617,5.3394
0.035703,-0.30776,2.5084,5.3605
0.035781,-0.32646,2.4409,5.3701
0.035859,-0.41471,2.3534,5.3686
0.035938,-0.46071,2.2863,5.3558
0.036016,-0.36124,2.2105,5.332
0.036094,-0.33282,2.1384,5.2986
0.036172,-0.27,2.0814,5.2568
0.03625,-0.26401,1.9932,5.2067
0.036328,-0.38517,1.9143,5.1483
0.036406,-0.38629,1.8428,5.0821
0.036484,-0.37507,1.7488,5.0055
0.036562,-0.3747,1.6875,4.9201
0.036641,-0.34217,1.6142,4.8315
0.036719,-0.44537,1.4981,4.7333
0.036797,-0.60542,1.4318,4.6264
0.036875,-0.72957,1.365,4.5175
0.036953,-0.85858,1.2563,4.4013
0.037031,-0.8926,1.1683,4.277
0.037109,-0.85783,1.0844,4.1477
0.037187,-0.80585,0.99497,4.0141
0.037266,-0.70227,0.90528,3.8757
0.037344,-0.56279,0.8083,3.7313
0.037422,-0.38966,0.71638,3.5817
0.0375,-0.21989,0.62615,3.4282
0.037578,-0.077419,0.54032,3.271
0.037656,0.0048478,0.44557,3.1113
0.037734,0.049346,0.32235,2.9447
0.037812,0.045233,0.20279,2.7696
0.037891,-0.045634,0.073958,2.5868
0.037969,-0.1193,-0.026486,2.3968
0.038047,-0.20381,-0.13033,2.205
0.038125,-0.29019,-0.23745,2.0086
0.038203,-0.28982,-0.32713,1.8124
0.038281,-0.26925,-0.47089,1.6104
0.038359,-0.23859,-0.54332,1.4065
0.038437,-0.19895,-0.69403,1.2008
0.038516,-0.15632,-0.77377,0.98935
0.038594,-0.10322,-0.90834,0.78355
0.038672,-0.054608,-1.0433,0.56459
0.03875,0.0082132,-1.0799,0.35957
0.038828,0.04972,-1.4055,0.13065
0.038906,0.13012,-0.73137,-0.053976
0.038984,0.1978,0.038436,-0.061898
0.039063,0.18247,-0.17187,-0.046939
0.039141,0.22098,-0.10216,-0.056301
0.039219,0.1877,-0.097545,-0.04908
0.039297,0.10918,-0.11133,-0.054096
0.039375,0.10656,-0.065993,-0.050902
0.039453,0.034015,-0.1114,-0.052323
0.039531,-0.034416,-0.064651,-0.052488
0.039609,-0.026563,-0.086759,-0.05191
0.039688,-0.031798,-0.067669,-0.053429
0.039766,-0.025815,-0.068291,-0.05236
0.039844,0.022423,-0.069869,-0.053586
0.039922,0.091975,-0.058345,-0.05305
0.04,0.1907,-0.064415,-0.053845
0.040078,0.25539,-0.05421,-0.053886
0.040156,0.26922,-0.059387,-0.054074
0.040234,0.29278,-0.059897,-0.055573
0.040313,0.28455,-0.059788,-0.056511
0.040391,0.26735,-0.060906,-0.05723
0.040469,0.26062,-0.05469,-0.058558
0.040547,0.19705,-0.04805,-0.059397
0.040625,0.12301,-0.053243,-0.060279
0.040703,0.075522,-0.042307,-0.060998
0.040781,0.040746,-0.048807,-0.060931
0.040859,-0.0018831,-0.042535,-0.062119
0.040938,-0.036659,-0.039675,-0.061321
0.041016,-0.029928,-0.051852,-0.063229
0.041094,-0.04713,-0.025076,-0.062153
0.041172,-0.04713,-0.060823,-0.063068
0.04125,-0.035538,-0.020682,-0.063983
0.041328,-0.055356,-0.060684,-0.062292
0.041406,-0.025067,-0.027779,-0.06627
0.041484,-0.023572,-0.028319,-0.06068
0.041563,-0.033294,-0.069442,-0.068418
0.041641,-0.031424,0.038095,-0.060582
0.041719,-0.064331,-0.15666,-0.068126
0.041797,-0.073305,0.18418,-0.062719
0.041875,-0.15669,-0.69806,-0.071114
0.041953,-0.15258,-2.4722,-0.3683
0.042031,-0.12678,-2.3337,-0.78494
0.042109,-0.18025,-2.2776,-1.1235
0.042188,0.014196,-2.4641,-1.4789
0.042266,0.14769,-2.3378,-1.8063
0.042344,0.21874,-2.4077,-2.1116
0.042422,0.41655,-2.3536,-2.3987
0.0425,0.46591,-2.4457,-2.6709
0.042578,0.49097,-2.4555,-2.9386
0.042656,0.54519,-2.4733,-3.1871
0.042734,0.56052,-2.5086,-3.4267
0.042813,0.57959,-2.5105,-3.6505
0.042891,0.64653,-2.5487,-3.8634
0.042969,0.71832,-2.5481,-4.063
0.043047,0.72019,-2.5826,-4.25
0.043125,0.75946,-2.5978,-4.4269
0.043203,0.79423,-2.6088,-4.5908
0.043281,0.79647,-2.6102,-4.7417
0.043359,0.78563,-2.5968,-4.8764
0.043438,0.77591,-2.5913,-4.9964
0.043516,0.7774,-2.5746,-5.1019
0.043594,0.75572,-2.5712,-5.1943
0.043672,0.76506,-2.5709,-5.2765
0.04375,0.75123,-2.5494,-5.3472
0.043828,0.7359,-2.5177,-5.4044
0.043906,0.70187,-2.4791,-5.4483
0.043984,0.57847,-2.4385,-5.4792
0.044062,0.40234,-2.3967,-5.4985
0.044141,0.21911,-2.3475,-5.5062
0.044219,0.072905,-2.2869,-5.5011
0.044297,-0.11219,-2.2225,-5.4852
0.044375,-0.30776,-2.1591,-5.4591
0.044453,-0.43603,-2.0992,-5.4231
0.044531,-0.40761,-2.0405,-5.3795
0.044609,-0.46706,-1.9696,-5.3272
0.044687,-0.65291,-1.9037,-5.2666
0.044766,-0.55382,-1.8205,-5.1975
0.044844,-0.51231,-1.7413,-5.1176
0.044922,-0.50184,-1.6865,-5.033
0.045,-0.3904,-1.5858,-4.9419
0.045078,-0.53961,-1.4989,-4.84
0.045156,-0.58224,-1.4405,-4.7346
0.045234,-0.54933,-1.3446,-4.6237
0.045312,-0.66562,-1.2483,-4.5034
0.045391,-0.66226,-1.1642,-4.377
0.045469,-0.6286,-1.0803,-4.2452
0.045547,-0.65814,-0.99195,-4.1085
0.045625,-0.67123,-0.89637,-3.966
0.045703,-0.67497,-0.80045,-3.8174
0.045781,-0.66226,-0.70748,-3.663
0.045859,-0.58448,-0.61832,-3.5046
0.045937,-0.4708,-0.53729,-3.3438
0.046016,-0.40536,-0.43232,-3.1786
0.046094,-0.35937,-0.3042,-3.005
0.046172,-0.31524,-0.18719,-2.8237
0.04625,-0.2786,-0.059833,-2.6344
0.046328,-0.19446,0.033157,-2.4404
0.046406,-0.12715,0.14777,-2.2446
0.046484,-0.089385,0.24311,-2.0446
0.046562,-0.025815,0.35312,-1.8438
0.046641,-0.051243,0.47848,-1.636
0.046719,-0.08228,0.5578,-1.4299
0.046797,-0.07854,0.72503,-1.2173
0.046875,-0.13388,0.77328,-1.0041
0.046953,-0.1006,0.96252,-0.79127
0.047031,-0.048251,1.0155,-0.57035
0.047109,-0.04526,1.1694,-0.36233
0.047188,-0.023572,1.3345,-0.12403
0.047266,0.013822,0.35671,0.011634
0.047344,0.081131,-0.067125,-0.0086263
0.047422,0.1462,0.15085,-0.0087275
0.0475,0.2064,0.0032888,-0.0052408
0.047578,0.19032,0.0738,-0.0092261
0.047656,0.1533,0.030743,-0.0043035
0.047734,0.12114,0.030353,-0.0080601
0.047813,0.037006,0.044862,-0.0045209
0.047891,-0.0063704,0.012211,-0.0057244
0.047969,-0.040773,0.038387,-0.0048434
0.048047,-0.042642,0.014453,-0.0044122
0.048125,-0.016467,0.029254,-0.0044797
0.048203,-0.011232,0.015668,-0.0032462
0.048281,0.013822,0.015672,-0.0037149
0.048359,0.019057,0.014551,-0.0026539
0.048438,0.073278,0.013182,-0.0026576
0.048516,0.13498,0.014956,-0.0021215
0.048594,0.14283,0.0075402,-0.0016378
0.048672,0.15181,0.014161,-0.0012817
0.04875,0.16153,0.012271,-0.00016441
0.048828,0.2165,0.017947,0.0010728
0.048906,0.23856,0.01415,0.0021301
0.048984,0.25875,0.013302,0.0030674
0.049063,0.30138,0.011717,0.003701
0.049141,0.261,0.011132,0.0041621
0.049219,0.24679,0.012193,0.0052606
0.049297,0.21762,0.0057969,0.0050357
0.049375,0.10282,0.014495,0.0062242
0.049453,0.041868,-0.00027277,0.0064341
0.049531,0.013074,0.021408,0.006779
0.049609,-0.030676,-0.0013787,0.0079263
0.049688,-0.020206,0.011998,0.0065878
0.049766,-0.0078661,0.012208,0.0093585
0.049844,-0.019084,-0.01173,0.0066703
0.049922,0.011953,0.036516,0.010258
0.05,0.062808,-0.044252,0.00802
0.050078,0.060191,0.060881,0.0088898
0.050156,0.028406,-0.054109,0.011525
0.050234,0.0055957,0.055771,0.0047058
0.050313,-0.085645,-0.015164,0.018998
0.050391,-0.1451,-0.047053,-0.0084801
0.050469,-0.21054,1.9147,0.13284
0.050547,-0.17726,2.7764,0.52701
0.050625,-0.027311,2.2078,0.88269
0.050703,-0.056478,2.3825,1.2126
0.050781,0.11329,2.3288,1.5475
0.050859,0.2595,2.3461,1.8508
0.050938,0.21911,2.3371,2.1427
0.051016,0.36757,2.3168,2.4082
0.051094,0.34962,2.4053,2.6699
0.051172,0.34887,2.3831,2.9166
0.05125,0.50069,2.4121,3.1481
0.051328,0.53696,2.4071,3.3665
0.051406,0.58296,2.4509,3.5721
0.051484,0.69514,2.4632,3.7703
0.051563,0.7961,2.448,3.9529
0.051641,0.81293,2.4385,4.1212
0.051719,0.84397,2.4202,4.2731
0.051797,0.83873,2.4053,4.4097
0.051875,0.77404,2.3796,4.5324
0.051953,0.73814,2.3791,4.6428
0.052031,0.66223,2.3612,4.7419
0.052109,0.64765,2.3273,4.8275
0.052187,0.67457,2.2939,4.8995
0.052266,0.69551,2.2579,4.9583
0.052344,0.74973,2.2229,5.0047
0.052422,0.76207,2.1704,5.0384
0.0525,0.7445,2.1211,5.0591
0.052578,0.69065,2.0711,5.0674
0.052656,0.55603,2.0131,5.0634
0.052734,0.34364,1.9622,5.0483
0.052812,0.093845,1.9035,5.0241
0.052891,-0.14735,1.8369,4.9906
0.052969,-0.26514,1.7828,4.947
0.053047,-0.48239,1.7293,4.8951
0.053125,-0.75126,1.6405,4.8335
0.053203,-0.68918,1.5691,4.761
0.053281,-0.70937,1.527,4.6835
0.053359,-0.65216,1.435,4.5994
0.053437,-0.50221,1.3464,4.5033
0.053516,-0.69479,1.2945,4.4022
0.053594,-0.68021,1.2138,4.2974
0.053672,-0.65366,1.1172,4.1833
0.05375,-0.79089,1.0384,4.0621
0.053828,-0.73705,0.96311,3.9364
0.053906,-0.76958,0.87449,3.8056
0.053984,-0.81595,0.77988,3.6681
0.054062,-0.79351,0.68926,3.5245
0.054141,-0.85745,0.59918,3.3761
0.054219,-0.86718,0.51804,3.2236
0.054297,-0.80211,0.43395,3.0684
0.054375,-0.77594,0.31917,2.9069
0.054453,-0.7636,0.19979,2.7372
0.054531,-0.77033,0.074366,2.5591
0.054609,-0.79725,-0.023164,2.3737
0.054688,-0.70339,-0.13129,2.1854
0.054766,-0.53175,-0.23409,1.9921
0.054844,-0.37657,-0.32194,1.7994
0.054922,-0.16417,-0.45835,1.6002
0.055,0.023171,-0.52887,1.3996
0.055078,0.085992,-0.68289,1.1962
0.055156,0.13984,-0.75429,0.98773
0.055234,0.19331,-0.89906,0.78394
0.055313,0.16938,-1.0158,0.56738
0.055391,0.16041,-1.0693,0.36557
0.055469,0.14694,-1.3807,0.13722
0.055547,0.11067,-0.64691,-0.037244
0.055625,0.11815,0.059029,-0.038503
0.055703,0.126,-0.1645,-0.026686
0.055781,0.19481,-0.071669,-0.035092
0.055859,0.25987,-0.083287,-0.028474
0.055938,0.27034,-0.089439,-0.033573
0.056016,0.32232,-0.048819,-0.030195
0.056094,0.31933,-0.089214,-0.032265
0.056172,0.27782,-0.049737,-0.032025
0.05625,0.24454,-0.072404,-0.031897
0.056328,0.18696,-0.052395,-0.033187
0.056406,0.11927,-0.057085,-0.03219
0.056484,0.068043,-0.053261,-0.033678
0.056563,0.050842,-0.04907,-0.033093
0.056641,-0.0030049,-0.0528,-0.033783
0.056719,-0.050495,-0.04673,-0.034098
0.056797,-0.071062,-0.052729,-0.034409
0.056875,-0.083402,-0.042817,-0.034953
0.056953,-0.080784,-0.044076,-0.03493
0.057031,-0.081158,-0.043304,-0.03535
0.057109,-0.051243,-0.04456,-0.036415
0.057188,-0.028807,-0.043323,-0.037814
0.057266,-0.0037528,-0.040024,-0.038563
0.057344,0.021675,-0.043686,-0.039381
0.057422,0.059443,-0.036717,-0.039722
0.0575,0.093097,-0.041531,-0.040434
0.057578,0.059069,-0.034797,-0.041173
0.057656,0.053834,-0.036912,-0.040847
0.057734,0.041494,-0.037036,-0.042256
0.057813,-0.03105,-0.02821,-0.041551
0.057891,-0.087515,-0.046247,-0.042961
0.057969,-0.12528,-0.015827,-0.042744
0.058047,-0.15557,-0.049396,-0.042822
0.058125,-0.1466,-0.019738,-0.044888
0.058203,-0.11855,-0.037782,-0.04205
0.058281,-0.08041,-0.037515,-0.046508
0.058359,-0.025067,-0.0011838,-0.041626
0.058438,0.020179,-0.081233,-0.047201
0.058516,0.08674,0.050095,-0.043062
0.058594,0.079261,-0.1457,-0.044929
0.058672,0.091975,0.12982,-0.048791
0.05875,0.099828,-0.39157,-0.035886
0.058828,0.071409,-2.3171,-0.2766
0.058906,0.15405,-2.4351,-0.69045
0.058984,0.070287,-2.1667,-1.0244
0.059063,0.1462,-2.4236,-1.362
0.059141,0.33317,-2.3116,-1.6854
0.059219,0.3212,-2.3824,-1.983
0.059297,0.52462,-2.328,-2.2652
0.059375,0.6297,-2.3833,-2.5252
0.059453,0.60016,-2.4259,-2.7828
0.059531,0.6813,-2.4143,-3.0218
0.059609,0.68616,-2.4493,-3.2485
0.059688,0.68168,-2.446,-3.4606
0.059766,0.72767,-2.4961,-3.6628
0.059844,0.81779,-2.4936,-3.855
0.059922,0.84957,-2.4917,-4.0315
0.06,0.84883,-2.4729,-4.1934
0.060078,0.82564,-2.4506,-4.3382
0.060156,0.76058,-2.4406,-4.4692
0.060234,0.75534,-2.4213,-4.5863
0.060312,0.69102,-2.419,-4.692
0.060391,0.65213,-2.3947,-4.7865
0.060469,0.66485,-2.3591,-4.8669
0.060547,0.62521,-2.3276,-4.9339
0.060625,0.64615,-2.288,-4.9877
0.060703,0.65475,-2.2479,-5.0291
0.060781,0.62708,-2.1991,-5.058
0.060859,0.62895,-2.1436,-5.074
0.060937,0.53883,-2.0913,-5.0776
0.061016,0.3743,-2.0373,-5.07
0.061094,0.23931,-1.9812,-5.0522
0.061172,0.031397,-1.9302,-5.0253
0.06125,-0.25392,-1.8715,-4.9897
0.061328,-0.43378,-1.8081,-4.9446
0.061406,-0.5082,-1.7368,-4.8905
0.061484,-0.5957,-1.6528,-4.8253
0.061562,-0.62187,-1.6014,-4.7523
0.061641,-0.63533,-1.5313,-4.6749
0.061719,-0.71124,-1.4318,-4.5862
0.061797,-0.69554,-1.3751,-4.4904
0.061875,-0.67834,-1.3021,-4.3914
0.061953,-0.6817,-1.2015,-4.2832
0.062031,-0.65328,-1.1197,-4.1669
0.062109,-0.6903,-1.0414,-4.0454
0.062187,-0.72134,-0.95901,-3.919
0.062266,-0.76696,-0.86564,-3.7863
0.062344,-0.80435,-0.77099,-3.6465
0.062422,-0.80361,-0.68299,-3.5015
0.0625,-0.80398,-0.59155,-3.3511
0.062578,-0.79575,-0.51231,-3.1971
0.062656,-0.82941,-0.41355,-3.0402
0.062734,-0.83464,-0.2958,-2.8749
0.062813,-0.85072,-0.17225,-2.7016
0.062891,-0.82604,-0.048298,-2.5191
0.062969,-0.71797,0.038372,-2.332
0.063047,-0.63122,0.15767,-2.1419
0.063125,-0.45809,0.24368,-1.9485
0.063203,-0.2943,0.36295,-1.7535
0.063281,-0.16679,0.46617,-1.5521
0.063359,-0.025067,0.56644,-1.3528
0.063438,0.046729,0.71551,-1.1443
0.063516,0.12974,0.76896,-0.9393
0.063594,0.19219,0.97263,-0.72856
0.063672,0.20603,0.9704,-0.51637
0.06375,0.18471,1.2287,-0.30922
0.063828,0.13984,1.1944,-0.078361
0.063906,0.14358,0.15156,0.015481
0.063984,0.15966,-0.015696,-0.011881
0.064062,0.23594,0.13464,-0.0042772
0.064141,0.32606,-0.0074821,-0.0059081
0.064219,0.31372,0.075738,-0.0063618
0.064297,0.33803,0.015893,-0.0038011
0.064375,0.35186,0.04286,-0.006628
0.064453,0.30288,0.02783,-0.00316
0.064531,0.3227,0.016174,-0.0051845
0.064609,0.30849,0.031024,-0.0032387
0.064687,0.25688,0.0074839,-0.0034824
0.064766,0.21837,0.02711,-0.00298
0.064844,0.14134,0.010075,-0.0024776
0.064922,0.0744,0.019859,-0.0026201
0.065,0.026536,0.017145,-0.0014879
0.065078,0.0074654,0.012403,-0.0015591
0.065156,-0.016841,0.016669,-0.00074928
0.065234,-0.065827,0.0075327,-0.00068554
0.065312,-0.094994,0.013437,-0.0002094
0.065391,-0.10808,0.015158,0.00081413
0.065469,-0.074427,0.011867,0.0019876
0.065547,-0.030676,0.013209,0.0031424
0.065625,0.017188,0.013805,0.0038997
0.065703,0.085992,0.0092947,0.0047995
0.065781,0.089358,0.010847,0.0049944
0.065859,0.080009,0.0097333,0.0059355
0.065937,0.088236,0.0062843,0.005988
0.066016,0.033641,0.013857,0.0068128
0.066094,-0.008614,-0.0037144,0.0070115
0.066172,-0.044512,0.019346,0.0071615
0.06625,-0.13463,0.0017667,0.0087624
0.066328,-0.18324,0.0082075,0.0071615
0.066406,-0.21802,0.013876,0.01021
0.066484,-0.22587,-0.019048,0.0076901
0.066562,-0.1982,0.04283,0.010412
0.066641,-0.15595,-0.037973,0.0095572
0.066719,-0.09462,0.053241,0.0089161
0.066797,-0.054982,-0.040533,0.013408
0.066875,0.014196,0.030773,0.004717
0.066953,0.026162,0.022465,0.020179
0.067031,0.048599,-0.12837,-0.0067667
0.067109,0.064678,1.7227,0.10716
0.067187,0.14507,2.8096,0.49129
0.067266,0.30774,2.2458,0.85613
0.067344,0.25913,2.381,1.1845
0.067422,0.40272,2.362,1.5209
0.0675,0.51677,2.3676,1.8246
0.067578,0.43039,2.3801,2.1186
0.067656,0.57585,2.3548,2.3856
0.067734,0.55865,2.4498,2.6468
0.067812,0.54743,2.4309,2.8955
0.067891,0.68616,2.4695,3.1286
0.067969,0.69402,2.4544,3.3488
0.068047,0.74599,2.4937,3.5543
0.068125,0.84322,2.5022,3.7523
0.068203,0.93147,2.4963,3.9364
0.068281,0.96923,2.5122,4.1069
0.068359,0.98905,2.4754,4.2608
0.068437,0.9711,2.4648,4.3988
0.068516,0.87912,2.4391,4.523
0.068594,0.82415,2.426,4.6341
0.068672,0.75983,2.4105,4.7345
0.06875,0.73365,2.3756,4.8223
0.068828,0.7273,2.3512,4.8968
0.068906,0.69701,2.3106,4.9579
0.068984,0.69327,2.2637,5.0062
0.069062,0.65101,2.2218,5.043
0.069141,0.59978,2.1787,5.0668
0.069219,0.52462,2.1129,5.0773
0.069297,0.37654,2.0508,5.076
0.069375,0.16228,2.0023,5.0636
0.069453,-0.035164,1.945,5.0408
0.069531,-0.23372,1.8859,5.009
0.069609,-0.52502,1.8217,4.9681
0.069687,-0.67796,1.7609,4.9184
0.069766,-0.71947,1.6832,4.8595
0.069844,-0.7793,1.5989,4.7898
0.069922,-0.76135,1.5465,4.7128
0.07,-0.75499,1.4745,4.6314
0.070078,-0.7879,1.3672,4.5399
0.070156,-0.79164,1.2947,4.4384
0.070234,-0.77519,1.2326,4.334
0.070313,-0.76659,1.1431,4.2243
0.070391,-0.75612,1.0548,4.1049
0.070469,-0.76135,0.98044,3.9801
0.070547,-0.81632,0.90739,3.852
0.070625,-0.86194,0.80492,3.7177
0.070703,-0.84848,0.71102,3.5764
0.070781,-0.83352,0.63036,3.4301
0.070859,-0.8152,0.53933,3.2792
0.070938,-0.78154,0.45814,3.1251
0.071016,-0.77481,0.34998,2.9663
0.071094,-0.77743,0.23908,2.7991
0.071172,-0.76434,0.11708,2.6238
0.07125,-0.70003,-0.0018474,2.4399
0.071328,-0.59383,-0.09579,2.2522
0.071406,-0.45547,-0.20952,2.0601
0.071484,-0.26626,-0.28473,1.8673
0.071563,-0.12865,-0.42119,1.6707
0.071641,-0.037033,-0.50591,1.4686
0.071719,0.077392,-0.62349,1.2689
0.071797,0.096837,-0.74618,1.0597
0.071875,0.1174,-0.82376,0.85683
0.071953,0.16863,-1.0157,0.64365
0.072031,0.129,-1.0024,0.43651
0.072109,0.079635,-1.3269,0.22172
0.072188,0.027284,-1.0275,0.0038884
0.072266,0.051964,-0.038303,-0.049792
0.072344,0.10319,-0.082162,-0.023968
0.072422,0.15143,-0.13301,-0.034754
0.0725,0.22697,-0.047237,-0.029022
0.072578,0.22622,-0.11583,-0.031826
0.072656,0.25763,-0.04204,-0.031395
0.072734,0.25613,-0.09104,-0.030296
0.072813,0.2337,-0.057696,-0.032658
0.072891,0.2494,-0.064306,-0.030533
0.072969,0.21463,-0.067706,-0.032715
0.073047,0.18322,-0.051143,-0.031841
0.073125,0.10544,-0.063129,-0.032797
0.073203,0.017936,-0.047053,-0.032902
0.073281,-0.022824,-0.053839,-0.033138
0.073359,-0.064705,-0.044804,-0.033734
0.073438,-0.078914,-0.047413,-0.033577
0.073516,-0.084523,-0.04567,-0.034376
0.073594,-0.10546,-0.043604,-0.034409
0.073672,-0.11593,-0.048305,-0.034934
0.07375,-0.091628,-0.043653,-0.036014
0.073828,-0.038155,-0.046633,-0.037206
0.073906,0.0089611,-0.044665,-0.038147
0.073984,0.079261,-0.041313,-0.03904
0.074063,0.15255,-0.036473,-0.039471
0.074141,0.16153,-0.040593,-0.039924
0.074219,0.15293,-0.034666,-0.040708
0.074297,0.12937,-0.034355,-0.04055
0.074375,0.069539,-0.040024,-0.042001
0.074453,0.01644,-0.027678,-0.041525
0.074531,-0.029181,-0.044391,-0.042496
0.074609,-0.096863,-0.018744,-0.042684
0.074688,-0.16268,-0.047615,-0.04244
0.074766,-0.19147,-0.022707,-0.044671
0.074844,-0.18997,-0.031828,-0.041533
0.074922,-0.14996,-0.048219,-0.04599
0.075,-0.11107,0.0048371,-0.041559
0.075078,-0.081532,-0.086957,-0.046035
0.075156,-0.018336,0.046526,-0.043973
0.075234,-0.023198,-0.1312,-0.043017
0.075313,0.00036053,0.09439,-0.050771
0.075391,0.011205,-0.25339,-0.030255
0.075469,-0.0045007,-2.1958,-0.24269
0.075547,0.13573,-2.4989,-0.65611
0.075625,0.10619,-2.1671,-0.99709
0.075703,0.18621,-2.4329,-1.333
0.075781,0.40795,-2.3321,-1.6598
0.075859,0.40122,-2.3997,-1.9586
0.075938,0.60838,-2.3564,-2.2434
0.076016,0.76207,-2.3933,-2.5044
0.076094,0.75385,-2.4551,-2.7627
0.076172,0.84097,-2.4439,-3.0043
0.07625,0.83873,-2.4789,-3.2333
0.076328,0.84172,-2.4699,-3.4464
0.076406,0.85257,-2.5196,-3.6492
0.076484,0.92661,-2.5265,-3.8434
0.076563,0.9726,-2.527,-4.0224
0.076641,0.97597,-2.511,-4.1877
0.076719,1.007,-2.485,-4.3355
0.076797,0.91763,-2.4713,-4.4691
0.076875,0.88136,-2.4474,-4.5882
0.076953,0.83836,-2.4398,-4.6948
0.077031,0.79461,-2.4199,-4.7916
0.077109,0.80395,-2.3862,-4.875
0.077188,0.74225,-2.3496,-4.9446
0.077266,0.71271,-2.3109,-5.0014
0.077344,0.6985,-2.267,-5.0454
0.077422,0.63531,-2.2168,-5.0769
0.0775,0.56127,-2.1642,-5.0963
0.077578,0.45843,-2.1039,-5.103
0.077656,0.26623,-2.0491,-5.0978
0.077734,0.071409,-1.9953,-5.0827
0.077813,-0.14548,-1.9372,-5.058
0.077891,-0.35376,-1.8803,-5.0249
0.077969,-0.53811,-1.8187,-4.9828
0.078047,-0.74677,-1.7524,-4.9318
0.078125,-0.80847,-1.6677,-4.8709
0.078203,-0.84997,-1.6023,-4.8001
0.078281,-0.89335,-1.5408,-4.7248
0.078359,-0.86942,-1.4403,-4.6401
0.078438,-0.85932,-1.3746,-4.5459
0.078516,-0.83053,-1.3136,-4.449
0.078594,-0.81408,-1.2137,-4.3441
0.078672,-0.78229,-1.128,-4.2303
0.07875,-0.74976,-1.0502,-4.1106
0.078828,-0.73405,-0.96999,-3.9856
0.078906,-0.75724,-0.88037,-3.8549
0.078984,-0.80398,-0.78702,-3.7175
0.079063,-0.7965,-0.6988,-3.5744
0.079141,-0.81445,-0.603,-3.4259
0.079219,-0.80772,-0.52439,-3.273
0.079297,-0.75686,-0.43785,-3.1178
0.079375,-0.74191,-0.31883,-2.9555
0.079453,-0.7075,-0.20568,-2.7848
0.079531,-0.62973,-0.073082,-2.6053
0.079609,-0.53325,0.02377,-2.4184
0.079688,-0.41172,0.12512,-2.2288
0.079766,-0.2786,0.2294,-2.0346
0.079844,-0.17539,0.32042,-1.8407
0.079922,-0.053113,0.45347,-1.6405
0.08,0.065052,0.52312,-1.4395
0.080078,0.11553,0.68225,-1.235
0.080156,0.16377,0.74467,-1.0257
0.080234,0.19182,0.8951,-0.82078
0.080312,0.18284,1.0043,-0.60332
0.080391,0.18209,1.0642,-0.40072
0.080469,0.14208,1.3726,-0.17008
0.080547,0.094593,0.59282,0.0019126
0.080625,0.090854,-0.093334,0.00028174
0.080703,0.089358,0.13891,-0.010242
0.080781,0.15854,0.029517,-0.001904
0.080859,0.18883,0.049349,-0.0080676
0.080937,0.16115,0.052232,-0.0025751
0.081016,0.19556,0.012935,-0.0060206
0.081094,0.16153,0.050946,-0.0033325
0.081172,0.1548,0.011409,-0.0036924
0.08125,0.17649,0.035755,-0.0038273
0.081328,0.12488,0.014716,-0.0023427
0.081406,0.1017,0.023931,-0.0031337
0.081484,0.049346,0.020414,-0.0016791
0.081562,-0.016093,0.015537,-0.0020615
0.081641,-0.054982,0.022469,-0.001068
0.081719,-0.099107,0.008035,-0.00097048
0.081797,-0.099481,0.011559,-0.00053182
0.081875,-0.10135,0.012016,-6.6928e-05
0.081953,-0.12603,0.014146,-1.069e-05
0.082031,-0.10846,0.01259,0.00099034
0.082109,-0.049747,0.016527,0.0019726
0.082187,0.010831,0.015795,0.0032436
0.082266,0.088984,0.0098158,0.0039747
0.082344,0.16265,0.012515,0.0047283
0.082422,0.19144,0.003435,0.0053506
0.0825,0.2064,0.0092872,0.0060667
0.082578,0.18583,0.00057076,0.0065878
0.082656,0.14358,0.0049946,0.0067191
0.082734,0.1189,0.012301,0.0082
0.082812,0.081879,0.002524,0.0072289
0.082891,0.027284,0.021367,0.0087211
0.082969,-0.026189,-0.011276,0.0085299
0.083047,-0.076297,0.023069,0.0088336
0.083125,-0.097237,-0.0084269,0.010412
0.083203,-0.079662,0.015012,0.0082712
0.083281,-0.070688,0.013216,0.012661
0.083359,-0.025441,-0.0197,0.0073714
0.083437,-0.011979,0.060877,0.013655
0.083516,-0.011232,-0.078841,0.0085149
0.083594,0.010083,0.12851,0.011683
0.083672,-0.028059,-0.17617,0.013835
0.08375,-0.011232,0.43697,0.0043233
0.083828,-0.024693,2.5031,0.25079
0.083906,0.097584,2.5696,0.6573
0.083984,0.15928,2.2191,0.98995
0.084062,0.12152,2.4311,1.3277
0.084141,0.36495,2.3063,1.6472
0.084219,0.37766,2.3956,1.9458
0.084297,0.41805,2.3399,2.2275
0.084375,0.57361,2.3915,2.488
0.084453,0.5235,2.4356,2.7459
0.084531,0.64578,2.4248,2.9847
0.084609,0.73291,2.4546,3.2118
0.084687,0.75946,2.4496,3.4236
0.084766,0.83723,2.5012,3.6258
0.084844,0.92474,2.4955,3.8177
0.084922,0.98045,2.4838,3.9944
0.085,0.9625,2.4575,4.1568
0.085078,0.98344,2.439,4.302
0.085156,0.88136,2.4319,4.4337
0.085234,0.81442,2.4025,4.5514
0.085312,0.79087,2.3914,4.6569
0.085391,0.70449,2.368,4.7512
0.085469,0.72281,2.3296,4.8322
0.085547,0.70598,2.2953,4.8999
0.085625,0.67681,2.256,4.9545
0.085703,0.66485,2.2069,4.9972
0.085781,0.61923,2.153,5.0277
0.085859,0.5508,2.0985,5.0452
0.085938,0.43974,2.0351,5.0503
0.086016,0.27969,1.9771,5.0437
0.086094,0.054582,1.9219,5.0266
0.086172,-0.12005,1.8629,5.0001
0.08625,-0.37545,1.801,4.9643
0.086328,-0.65927,1.7353,4.9193
0.086406,-0.7277,1.6664,4.8659
0.086484,-0.80884,1.581,4.8014
0.086563,-0.88213,1.5225,4.7279
0.086641,-0.84661,1.4624,4.651
0.086719,-0.88326,1.3585,4.5638
0.086797,-0.92028,1.289,4.4667
0.086875,-0.89223,1.2251,4.3668
0.086953,-0.86418,1.1281,4.2598
0.087031,-0.8051,1.0461,4.1438
0.087109,-0.7606,0.97153,4.022
0.087188,-0.77407,0.89316,3.896
0.087266,-0.79875,0.80575,3.7648
0.087344,-0.82081,0.70936,3.6263
0.087422,-0.81482,0.62314,3.4822
0.0875,-0.79127,0.53991,3.3336
0.087578,-0.76883,0.46003,3.1815
0.087656,-0.75051,0.36321,3.0256
0.087734,-0.73106,0.24853,2.8615
0.087813,-0.69816,0.1332,2.6903
0.087891,-0.67011,0.0078551,2.5098
0.087969,-0.5699,-0.084344,2.3234
0.088047,-0.42668,-0.19494,2.1337
0.088125,-0.29916,-0.28125,1.9399
0.088203,-0.13014,-0.39512,1.7458
0.088281,-0.013101,-0.50558,1.5439
0.088359,0.06393,-0.58289,1.3441
0.088438,0.126,-0.73982,1.1368
0.088516,0.1619,-0.78739,0.93081
0.088594,0.20004,-0.98005,0.7232
0.088672,0.19107,-1.0079,0.50886
0.08875,0.17536,-1.1915,0.30517
0.088828,0.11105,-1.2978,0.071707
0.088906,0.073278,-0.3097,-0.048862
0.088984,0.10207,0.022585,-0.025602
0.089063,0.10394,-0.1793,-0.028099
0.089141,0.16564,-0.037081,-0.029265
0.089219,0.17574,-0.10931,-0.026352
0.089297,0.13872,-0.059526,-0.03024
0.089375,0.15554,-0.069165,-0.026566
0.089453,0.12488,-0.075058,-0.030049
0.089531,0.12862,-0.047649,-0.028159
0.089609,0.13947,-0.070825,-0.029427
0.089688,0.10581,-0.045804,-0.029644
0.089766,0.088236,-0.060276,-0.029554
0.089844,0.019431,-0.049685,-0.030413
0.089922,-0.047504,-0.049246,-0.030161
0.09,-0.071436,-0.048103,-0.031069
0.090078,-0.083402,-0.04531,-0.030739
0.090156,-0.10098,-0.045265,-0.031511
0.090234,-0.10696,-0.041193,-0.03171
0.090313,-0.097611,-0.042569,-0.031882
0.090391,-0.11294,-0.041973,-0.032703
0.090469,-0.070314,-0.045478,-0.033772
0.090547,-0.0067443,-0.039446,-0.03502
0.090625,0.058321,-0.041632,-0.035729
0.090703,0.14395,-0.039356,-0.036648
0.090781,0.16041,-0.033403,-0.036749
0.090859,0.16975,-0.03927,-0.037529
0.090938,0.19256,-0.029268,-0.037731
0.091016,0.16302,-0.041692,-0.038286
0.091094,0.10992,-0.029091,-0.039216
0.091172,0.073652,-0.033373,-0.038443
0.09125,0.032893,-0.036852,-0.040588
0.091328,-0.015719,-0.023524,-0.038867
0.091406,-0.040773,-0.052478,-0.041128
0.091484,-0.050121,-0.0046554,-0.04046
0.091563,-0.078914,-0.060501,-0.040385
0.091641,-0.040399,-0.003332,-0.042755
0.091719,-0.011232,-0.045208,-0.038417
0.091797,-0.016093,-0.034093,-0.045998
0.091875,0.017188,0.013677,-0.036029
0.091953,-0.013475,-0.13325,-0.049016
0.092031,0.017936,0.19681,-0.032666
0.092109,-0.052739,-1.0828,-0.077446
0.092188,-0.012353,-2.6245,-0.41792
0.092266,0.12638,-2.2423,-0.81109
0.092344,0.040746,-2.2898,-1.1343
0.092422,0.25464,-2.405,-1.476
0.0925,0.37579,-2.3275,-1.7852
0.092578,0.40384,-2.392,-2.0798
0.092656,0.66074,-2.3272,-2.3514
0.092734,0.68953,-2.4283,-2.6103
0.092813,0.74599,-2.4214,-2.8626
0.092891,0.8047,-2.4383,-3.0958
0.092969,0.77067,-2.4533,-3.3181
0.093047,0.789,-2.4653,-3.5257
0.093125,0.83836,-2.5064,-3.7251
0.093203,0.92287,-2.4939,-3.9119
0.093281,0.90267,-2.4885,-4.084
0.093359,0.9038,-2.4625,-4.2404
0.093438,0.88098,-2.4412,-4.3809
0.093516,0.7976,-2.4214,-4.5075
0.093594,0.74898,-2.4037,-4.6207
0.093672,0.69028,-2.3906,-4.7229
0.09375,0.68429,-2.3599,-4.813
0.093828,0.66896,-2.3185,-4.8894
0.093906,0.6383,-2.2814,-4.9525
0.093984,0.63045,-2.24,-5.0032
0.094063,0.60988,-2.1908,-5.0415
0.094141,0.55528,-2.1411,-5.0675
0.094219,0.48386,-2.0816,-5.0813
0.094297,0.35224,-2.0208,-5.0825
0.094375,0.15554,-1.964,-5.0727
0.094453,0.0085872,-1.9091,-5.0534
0.094531,-0.20231,-1.8524,-5.025
0.094609,-0.48651,-1.7874,-4.9872
0.094688,-0.63197,-1.7235,-4.9406
0.094766,-0.71536,-1.6424,-4.8843
0.094844,-0.80435,-1.5752,-4.8178
0.094922,-0.80922,-1.5244,-4.7463
0.095,-0.82829,-1.4298,-4.6672
0.095078,-0.87952,-1.3491,-4.5762
0.095156,-0.87727,-1.2941,-4.4814
0.095234,-0.83053,-1.2083,-4.3815
0.095313,-0.76846,-1.114,-4.2712
0.095391,-0.74228,-1.0349,-4.1544
0.095469,-0.73405,-0.95668,-4.0324
0.095547,-0.73854,-0.8697,-3.9044
0.095625,-0.77668,-0.78437,-3.7703
0.095703,-0.76098,-0.69116,-3.6296
0.095781,-0.72545,-0.5957,-3.4827
0.095859,-0.7176,-0.51692,-3.3312
0.095938,-0.6989,-0.43857,-3.1774
0.096016,-0.6903,-0.32783,-3.0185
0.096094,-0.6746,-0.22003,-2.8511
0.096172,-0.64693,-0.10006,-2.6754
0.09625,-0.5699,0.02062,-2.4905
0.096328,-0.44762,0.11075,-2.3027
0.096406,-0.32459,0.22178,-2.11
0.096484,-0.17988,0.29487,-1.9157
0.096562,-0.05947,0.42705,-1.7187
0.096641,0.037754,0.51239,-1.5159
0.096719,0.1174,0.6279,-1.3143
0.096797,0.15779,0.74762,-1.1037
0.096875,0.20939,0.83074,-0.8993
0.096953,0.25726,1.025,-0.68389
0.097031,0.23407,0.99734,-0.47524
0.097109,0.19032,1.323,-0.25925
0.097187,0.15293,1.0118,-0.040198
0.097266,0.1174,0.0018979,0.013516
0.097344,0.13086,0.053713,-0.012477
0.097422,0.17013,0.10019,-0.0011654
0.0975,0.1993,0.0077051,-0.006643
0.097578,0.1892,0.079068,-0.0036474
0.097656,0.17387,0.0064829,-0.0036961
0.097734,0.16751,0.051186,-0.0046447
0.097812,0.15442,0.015773,-0.0022227
0.097891,0.15854,0.022986,-0.0041835
0.097969,0.13984,0.025292,-0.001859
0.098047,0.10731,0.014892,-0.0025976
0.098125,0.061686,0.027691,-0.0014579
0.098203,-0.0052485,0.012125,-0.0012817
0.098281,-0.031798,0.021959,-0.0010267
0.098359,-0.037033,0.01397,-0.00026188
0.098437,-0.056852,0.014817,-0.00024689
0.098516,-0.069566,0.015424,0.00050295
0.098594,-0.076671,0.013002,0.00064541
0.098672,-0.081532,0.016028,0.0016577
0.09875,-0.05573,0.016283,0.0029324
0.098828,-0.0030049,0.010352,0.0036597
0.098906,0.046729,0.013692,0.0048445
0.098984,0.099454,0.012721,0.005913
0.099062,0.1634,0.0095421,0.0062129
0.099141,0.18808,0.0097296,0.0072627
0.099219,0.18396,0.0013056,0.0070415
0.099297,0.16788,0.012976,0.0081287
0.099375,0.10955,-0.0026047,0.0084962
0.099453,0.092723,0.018056,0.0084212
0.099531,0.077766,4.9648e-05,0.010172
0.099609,0.0067175,0.0045897,0.0085299
0.099687,-0.028059,0.019687,0.011518
0.099766,-0.049747,-0.020247,0.0088186
0.099844,-0.07181,0.041536,0.011702
0.099922,-0.040025,-0.040537,0.011158
0.1,-0.011979,0.052873,0.0097409
0.10008,-0.0052485,-0.033635,0.015065
0.10016,0.01644,0.02293,0.005703
0.10023,-0.010484,0.035819,0.021228
0.10031,-0.010484,-0.1465,-0.0053458
0.10039,-0.047877,1.6802,0.10304
0.10047,0.0070914,2.8078,0.48597
0.10055,0.18883,2.2551,0.85416
0.10063,0.15629,2.4064,1.1868
0.1007,0.27483,2.365,1.5264
0.10078,0.41169,2.3687,1.8307
0.10086,0.37916,2.3979,2.1285
0.10094,0.49845,2.3528,2.3982
0.10102,0.50779,2.4451,2.6611
0.10109,0.55715,2.4263,2.9122
0.10117,0.67008,2.4794,3.1493
0.10125,0.68168,2.4627,3.3742
0.10133,0.75646,2.4857,3.5821
0.10141,0.80919,2.5061,3.7828
0.10148,0.88323,2.5029,3.9707
0.10156,0.92474,2.5152,4.1469
0.10164,0.92773,2.4827,4.3075
0.10172,0.91987,2.4682,4.4519
0.1018,0.8305,2.4416,4.5821
0.10188,0.77142,2.4219,4.6981
0.10195,0.70037,2.408,4.8032
0.10203,0.66036,2.3805,4.8967
0.10211,0.65438,2.3459,4.9775
0.10219,0.63718,2.3034,5.0458
0.10227,0.64054,2.2624,5.1008
0.10234,0.61698,2.2114,5.1434
0.10242,0.56576,2.161,5.1735
0.1025,0.48611,2.1047,5.1911
0.10258,0.36682,2.0406,5.1969
0.10266,0.18808,1.9859,5.1907
0.10273,-0.014971,1.921,5.1738
0.10281,-0.21578,1.8631,5.1474
0.10289,-0.41882,1.8014,5.1118
0.10297,-0.65366,1.7273,5.0673
0.10305,-0.78379,1.668,5.0131
0.10313,-0.78005,1.5873,4.9504
0.1032,-0.84885,1.5035,4.8775
0.10328,-0.82716,1.4547,4.7968
0.10336,-0.79201,1.3783,4.7118
0.10344,-0.85895,1.2866,4.6164
0.10352,-0.82118,1.226,4.5143
0.10359,-0.79912,1.1468,4.4084
0.10367,-0.78828,1.0519,4.2936
0.10375,-0.75275,0.97198,4.1714
0.10383,-0.74228,0.89979,4.0447
0.10391,-0.74826,0.81369,3.9133
0.10398,-0.7894,0.71961,3.7751
0.10406,-0.79426,0.63642,3.6304
0.10414,-0.78379,0.54567,3.4814
0.10422,-0.72845,0.46313,3.3283
0.1043,-0.68357,0.37919,3.1716
0.10437,-0.68582,0.26245,3.0084
0.10445,-0.65515,0.15775,2.8368
0.10453,-0.60056,0.041607,2.6573
0.10461,-0.50408,-0.068816,2.4694
0.10469,-0.39489,-0.15369,2.2797
0.10477,-0.24233,-0.26292,2.0854
0.10484,-0.10023,-0.34425,1.8892
0.10492,-0.0041267,-0.47502,1.6891
0.105,0.085618,-0.55492,1.4842
0.10508,0.1174,-0.68145,1.2804
0.10516,0.15255,-0.78921,1.0672
0.10523,0.18247,-0.86982,0.86113
0.10531,0.17836,-1.055,0.64369
0.10539,0.16115,-1.0371,0.43385
0.10547,0.091228,-1.3646,0.2147
0.10555,0.03738,-0.99851,-0.0013904
0.10562,0.071035,-0.018748,-0.0483
0.1057,0.11142,-0.096832,-0.023353
0.10578,0.16564,-0.12662,-0.034484
0.10586,0.19705,-0.047544,-0.028336
0.10594,0.1376,-0.11311,-0.031654
0.10602,0.14021,-0.044087,-0.030885
0.10609,0.13498,-0.091359,-0.030225
0.10617,0.078514,-0.055946,-0.032224
0.10625,0.10432,-0.065329,-0.030386
0.10633,0.075896,-0.063054,-0.032516
0.10641,0.012327,-0.050386,-0.031414
0.10648,-0.013475,-0.062004,-0.032722
0.10656,-0.050121,-0.049651,-0.032628
0.10664,-0.065079,-0.055038,-0.032745
0.10672,-0.088637,-0.045178,-0.033551
0.1068,-0.094246,-0.047623,-0.033491
0.10687,-0.090506,-0.046952,-0.034207
0.10695,-0.075175,-0.046457,-0.034383
0.10703,-0.066574,-0.047319,-0.035268
0.10711,-0.046382,-0.045152,-0.036528
0.10719,0.045607,-0.045287,-0.037525
0.10727,0.087862,-0.043671,-0.03871
0.10734,0.1447,-0.036687,-0.039167
0.10742,0.20304,-0.041774,-0.039699
0.1075,0.20191,-0.036095,-0.04064
0.10758,0.20154,-0.035247,-0.040292
0.10766,0.15592,-0.03882,-0.041596
0.10773,0.094593,-0.025237,-0.041015
0.10781,0.050094,-0.045531,-0.042121
0.10789,0.0078393,-0.018575,-0.042462
0.10797,-0.053113,-0.049269,-0.041994
0.10805,-0.073679,-0.023408,-0.04433
0.10812,-0.083028,-0.030329,-0.041371
0.1082,-0.09088,-0.048571,-0.046137
0.10828,-0.053113,0.0075252,-0.041435
0.10836,-0.037033,-0.088438,-0.045825
0.10844,0.013822,0.05209,-0.043876
0.10852,-0.019832,-0.12813,-0.042481
0.10859,-0.010484,0.094888,-0.051082
0.10867,-0.029181,-0.2414,-0.02976
0.10875,-0.11369,-2.1929,-0.24104
0.10883,0.050842,-2.5065,-0.65587
0.10891,0.021301,-2.1848,-1.0011
0.10898,0.11292,-2.4321,-1.3413
0.10906,0.3556,-2.3187,-1.6685
0.10914,0.34476,-2.3983,-1.97
0.10922,0.57922,-2.3475,-2.259
0.1093,0.69663,-2.3817,-2.5227
0.10938,0.68168,-2.4383,-2.784
0.10945,0.78563,-2.4316,-3.0287
0.10953,0.77067,-2.4707,-3.263
0.10961,0.78451,-2.4472,-3.481
0.10969,0.81929,-2.4926,-3.6865
0.10977,0.88211,-2.5008,-3.8836
0.10984,0.90791,-2.5086,-4.0677
0.10992,0.92062,-2.498,-4.2397
0.11,0.92062,-2.4676,-4.3948
0.11008,0.84397,-2.4518,-4.5354
0.11016,0.81667,-2.4229,-4.6611
0.11023,0.72244,-2.4079,-4.7741
0.11031,0.65887,-2.3885,-4.8757
0.11039,0.63905,-2.3573,-4.965
0.11047,0.59904,-2.3207,-5.0422
0.11055,0.59941,-2.2789,-5.1057
0.11063,0.58857,-2.2341,-5.1565
0.1107,0.5665,-2.186,-5.1953
0.11078,0.50106,-2.1332,-5.2218
0.11086,0.44385,-2.0734,-5.2359
0.11094,0.30063,-2.0147,-5.2377
0.11102,0.10282,-1.9544,-5.2285
0.11109,-0.083776,-1.8974,-5.2091
0.11117,-0.30664,-1.8463,-5.1809
0.11125,-0.46557,-1.7785,-5.144
0.11133,-0.63683,-1.7137,-5.0977
0.11141,-0.7606,-1.6433,-5.0428
0.11148,-0.81969,-1.5597,-4.9768
0.11156,-0.86157,-1.5066,-4.9038
0.11164,-0.85446,-1.4281,-4.8253
0.11172,-0.87615,-1.3326,-4.7353
0.1118,-0.85147,-1.2812,-4.6391
0.11188,-0.8223,-1.2064,-4.5392
0.11195,-0.81595,-1.1101,-4.4301
0.11203,-0.78154,-1.0322,-4.313
0.11211,-0.74228,-0.95356,-4.1904
0.11219,-0.71648,-0.87062,-4.0626
0.11227,-0.72171,-0.78692,-3.9287
0.11234,-0.70077,-0.69602,-3.7882
0.11242,-0.70003,-0.60218,-3.641
0.1125,-0.66899,-0.52025,-3.4889
0.11258,-0.61589,-0.44396,-3.3338
0.11266,-0.59869,-0.34957,-3.1751
0.11273,-0.56242,-0.23032,-3.0079
0.11281,-0.53736,-0.12035,-2.8322
0.11289,-0.46033,-0.00038149,-2.6484
0.11297,-0.36946,0.094577,-2.458
0.11305,-0.27,0.19191,-2.2659
0.11313,-0.13276,0.28711,-2.0686
0.1132,-0.043016,0.3741,-1.8715
0.11328,0.046355,0.50306,-1.6675
0.11336,0.12713,0.56919,-1.4625
0.11344,0.17836,0.72091,-1.2548
0.11352,0.2064,0.78776,-1.0419
0.11359,0.20827,0.94449,-0.83318
0.11367,0.19668,1.0476,-0.61151
0.11375,0.17985,1.1,-0.40525
0.11383,0.12825,1.3956,-0.17164
0.11391,0.06393,0.59921,0.0027899
0.11398,0.083749,-0.093383,0.0010241
0.11406,0.12638,0.1418,-0.0094136
0.11414,0.14433,0.033663,-0.00071553
0.11422,0.14545,0.048344,-0.0072991
0.1143,0.11778,0.050091,-0.0015928
0.11438,0.10357,0.016894,-0.005252
0.11445,0.091975,0.051362,-0.0027438
0.11453,0.06393,0.010329,-0.0029875
0.11461,0.05346,0.038346,-0.0030363
0.11469,0.032519,0.016654,-0.0013529
0.11477,-0.01011,0.021258,-0.0021777
0.11484,-0.036659,0.012335,-0.00071178
0.11492,-0.0576,0.012095,-0.0012104
0.115,-0.071436,0.020658,-0.00026188
0.11508,-0.053487,0.0094259,0.00011303
0.11516,-0.030676,0.017093,0.00049545
0.11523,-0.049747,0.01199,0.0010203
0.11531,-0.044886,0.012181,0.0011965
0.11539,-0.0078661,0.015196,0.0022576
0.11547,0.015318,0.01788,0.0035098
0.11555,0.080009,0.013276,0.0043796
0.11563,0.1361,0.011387,0.0053469
0.1157,0.17536,0.010026,0.0062392
0.11578,0.21575,0.011739,0.0065391
0.11586,0.21089,0.01346,0.0077576
0.11594,0.19556,0.0037724,0.0074052
0.11602,0.16265,0.017321,0.0083087
0.11609,0.1376,0.001418,0.0090211
0.11617,0.097584,0.01698,0.0088336
0.11625,0.019431,0.0029214,0.010581
0.11633,-0.016093,0.0012081,0.0087661
0.11641,-0.042268,0.020077,0.011634
0.11648,-0.053113,-0.017807,0.0096472
0.11656,-0.049747,0.037401,0.011863
0.11664,-0.030302,-0.038914,0.011537
0.11672,-0.00076128,0.052052,0.010075
0.1168,-0.0059964,-0.031112,0.015507
0.11688,-0.0033789,0.011147,0.0060517
0.11695,-0.041147,0.050643,0.021674
0.11703,-0.044512,-0.16664,-0.0039211
0.11711,-0.080784,1.5899,0.093655
0.11719,-0.04339,2.7955,0.46933
0.11727,0.12974,2.2391,0.84042
0.11734,0.10282,2.3484,1.1685
0.11742,0.24454,2.3367,1.506
0.1175,0.38626,2.3285,1.8113
0.11758,0.34102,2.3529,2.1069
0.11766,0.49957,2.3079,2.3756
0.11773,0.51565,2.4009,2.6377
0.11781,0.54594,2.3709,2.8884
0.11789,0.66896,2.407,3.123
0.11797,0.66709,2.3948,3.345
0.11805,0.74375,2.4189,3.5526
0.11813,0.81966,2.4442,3.7536
0.1182,0.9023,2.4332,3.9407
0.11828,0.94904,2.4256,4.1141
0.11836,0.93072,2.383,4.2708
0.11844,0.89146,2.367,4.4115
0.11852,0.8047,2.343,4.5387
0.11859,0.71608,2.3195,4.6528
0.11867,0.59791,2.3007,4.7564
0.11875,0.55528,2.2644,4.8482
0.11883,0.52761,2.2221,4.9264
0.11891,0.48723,2.1834,4.991
0.11898,0.50181,2.1404,5.0432
0.11906,0.48648,2.0891,5.0829
0.11914,0.45806,2.0338,5.1098
0.11922,0.40907,1.966,5.1245
0.1193,0.29727,1.9071,5.1273
0.11937,0.1275,1.8567,5.119
0.11945,-0.04339,1.797,5.1007
0.11953,-0.25766,1.734,5.0732
0.11961,-0.48352,1.6721,5.0365
0.11969,-0.60579,1.6101,4.9902
0.11977,-0.73368,1.5324,4.9347
0.11984,-0.83277,1.454,4.8684
0.11992,-0.8339,1.3954,4.7943
0.12,-0.82791,1.3265,4.7161
0.12008,-0.8223,1.2306,4.6272
0.12016,-0.79613,1.1627,4.5284
0.12023,-0.77743,1.1084,4.427
0.12031,-0.77967,1.0109,4.3189
0.12039,-0.77145,0.9221,4.201
0.12047,-0.7606,0.85695,4.0781
0.12055,-0.72994,0.78008,3.9511
0.12062,-0.67759,0.69154,3.8174
0.1207,-0.64057,0.60514,3.6769
0.12078,-0.61028,0.52485,3.5315
0.12086,-0.58747,0.44018,3.3816
0.12094,-0.56092,0.36451,3.2275
0.12102,-0.52652,0.26642,3.0688
0.12109,-0.48501,0.15113,2.9011
0.12117,-0.47043,0.040292,2.7247
0.12125,-0.45098,-0.077292,2.5399
0.12133,-0.36759,-0.15546,2.3509
0.12141,-0.3044,-0.26647,2.1592
0.12148,-0.2068,-0.34839,1.9633
0.12156,-0.075923,-0.45359,1.7662
0.12164,0.014944,-0.56342,1.5619
0.12172,0.1174,-0.6424,1.3591
0.1218,0.16115,-0.78875,1.1481
0.12187,0.1705,-0.83438,0.93915
0.12195,0.17349,-1.0279,0.72738
0.12203,0.14732,-1.0382,0.51026
0.12211,0.10731,-1.2346,0.30222
0.12219,0.04972,-1.2863,0.066642
0.12227,0.04112,-0.26638,-0.046845
0.12234,0.035137,0.01418,-0.021598
0.12242,0.045981,-0.17249,-0.025809
0.1225,0.10394,-0.02917,-0.026319
0.12258,0.087862,-0.10785,-0.02399
0.12266,0.060565,-0.054187,-0.02732
0.12273,0.071783,-0.069599,-0.023818
0.12281,0.042242,-0.070301,-0.027443
0.12289,0.035137,-0.04784,-0.02525
0.12297,0.035137,-0.06678,-0.02684
0.12305,0.0018563,-0.04291,-0.026862
0.12312,-0.019084,-0.057156,-0.026731
0.1232,-0.033668,-0.043596,-0.027695
0.12328,-0.017215,-0.048309,-0.027432
0.12336,-0.019458,-0.044706,-0.028399
0.12344,-0.014597,-0.042712,-0.028047
0.12352,-0.017589,-0.044755,-0.028729
0.12359,-0.047504,-0.037279,-0.02913
0.12367,-0.044886,-0.042303,-0.029528
0.12375,-0.025441,-0.042633,-0.030641
0.12383,0.036259,-0.042854,-0.031729
0.12391,0.048225,-0.041913,-0.03246
0.12398,0.087114,-0.042265,-0.033468
0.12406,0.16115,-0.033676,-0.034308
0.12414,0.17462,-0.035622,-0.034642
0.12422,0.19219,-0.034659,-0.035553
0.1243,0.17162,-0.034329,-0.035249
0.12437,0.16938,-0.037864,-0.036576
0.12445,0.15704,-0.025395,-0.036321
0.12453,0.089732,-0.044766,-0.036996
0.12461,0.021301,-0.014976,-0.037499
0.12469,-0.030676,-0.042494,-0.036936
0.12477,-0.034042,-0.024709,-0.039429
0.12484,-0.053113,-0.024934,-0.036573
0.12492,-0.050869,-0.04958,-0.040832
0.125,-0.0063704,0.0096321,-0.03682
0.12508,-0.013475,-0.085469,-0.040637
0.12516,0.0014823,0.049139,-0.039328
0.12523,-0.022824,-0.11789,-0.036985
0.12531,-0.028059,0.074119,-0.04671
0.12539,-0.041147,-0.18491,-0.023807
0.12547,-0.097611,-2.1311,-0.22252
0.12555,0.0744,-2.5296,-0.63497
0.12562,0.059069,-2.1371,-0.97848
0.1257,0.081131,-2.3982,-1.313
0.12578,0.33541,-2.2974,-1.6427
0.12586,0.32606,-2.3441,-1.9427
0.12594,0.5164,-2.3065,-2.2299
0.12602,0.70598,-2.3268,-2.4933
0.12609,0.66821,-2.3876,-2.754
0.12617,0.75198,-2.3643,-2.9981
0.12625,0.75983,-2.3955,-3.2292
0.12633,0.73889,-2.3829,-3.446
0.12641,0.76394,-2.4239,-3.6516
0.12648,0.84097,-2.4253,-3.8488
0.12656,0.89108,-2.4176,-4.031
0.12664,0.8679,-2.3985,-4.1997
0.12672,0.86117,-2.3668,-4.3515
0.1268,0.7961,-2.3486,-4.4891
0.12688,0.71907,-2.3177,-4.6125
0.12695,0.62596,-2.305,-4.7237
0.12703,0.57436,-2.2789,-4.8244
0.12711,0.55828,-2.2382,-4.9115
0.12719,0.50443,-2.1998,-4.9856
0.12727,0.48835,-2.1548,-5.0464
0.12734,0.46442,-2.1099,-5.0943
0.12742,0.42291,-2.0599,-5.131
0.1275,0.3915,-2,-5.1547
0.12758,0.32756,-1.9403,-5.1656
0.12766,0.20079,-1.8849,-5.1654
0.12773,0.066174,-1.8253,-5.1543
0.12781,-0.10247,-1.7728,-5.1338
0.12789,-0.30776,-1.7162,-5.1047
0.12797,-0.4723,-1.6503,-5.0663
0.12805,-0.60093,-1.5868,-5.019
0.12812,-0.68133,-1.5028,-4.9612
0.1282,-0.73929,-1.4446,-4.8936
0.12828,-0.75799,-1.3854,-4.8217
0.12836,-0.77444,-1.2819,-4.7398
0.12844,-0.80062,-1.2203,-4.6472
0.12852,-0.76397,-1.1628,-4.5519
0.12859,-0.74565,-1.07,-4.4493
0.12867,-0.70115,-0.98932,-4.3369
0.12875,-0.66226,-0.9147,-4.2186
0.12883,-0.68357,-0.83885,-4.0949
0.12891,-0.65291,-0.75636,-3.9659
0.12898,-0.63047,-0.66444,-3.8299
0.12906,-0.58485,-0.57374,-3.6867
0.12914,-0.52016,-0.49533,-3.538
0.12922,-0.50259,-0.41849,-3.3853
0.1293,-0.45884,-0.33521,-3.2296
0.12938,-0.44126,-0.22985,-3.0674
0.12945,-0.44874,-0.11653,-2.8959
0.12953,-0.42294,0.00026709,-2.7162
0.12961,-0.3747,0.10366,-2.5282
0.12969,-0.2943,0.18969,-2.3379
0.12977,-0.20456,0.294,-2.1426
0.12984,-0.10434,0.36455,-1.9459
0.12992,-0.0018831,0.49112,-1.745
0.13,0.059817,0.56618,-1.5385
0.13008,0.10132,0.68825,-1.3341
0.13016,0.14507,0.80203,-1.1201
0.13023,0.19294,0.87117,-0.91239
0.13031,0.22323,1.0637,-0.69341
0.13039,0.19892,1.0345,-0.48126
0.13047,0.15442,1.3538,-0.26195
0.13055,0.10095,1.0248,-0.039501
0.13062,0.073652,0.0021866,0.0146
0.1307,0.08861,0.05726,-0.011716
0.13078,0.11105,0.1042,-8.5674e-05
0.13086,0.13909,0.012133,-0.0058631
0.13094,0.11179,0.082303,-0.0028188
0.13102,0.082627,0.0064792,-0.0029763
0.13109,0.071783,0.052858,-0.0038273
0.13117,0.041494,0.016879,-0.0011204
0.13125,0.063556,0.027477,-0.002935
0.13133,0.077766,0.029228,-0.00070804
0.13141,0.058321,0.010307,-0.0018478
0.13148,0.03738,0.023713,-0.00067804
0.13156,0.010083,0.013445,-0.00047184
0.13164,0.024667,0.023522,-0.00015691
0.13172,0.034389,0.012609,0.0007279
0.1318,0.040746,0.012579,0.00047295
0.13188,0.053834,0.013509,0.0012265
0.13195,0.02691,0.01289,0.001519
0.13203,0.025414,0.017216,0.00234
0.13211,0.042242,0.015927,0.0036447
0.13219,0.077392,0.012781,0.0046945
0.13227,0.12264,0.014063,0.0055981
0.13234,0.1361,0.013839,0.006779
0.13242,0.18471,0.010521,0.0070865
0.1325,0.1993,0.013546,0.0078476
0.13258,0.17798,0.00070198,0.0083987
0.13266,0.18621,0.015061,0.0083687
0.13273,0.15667,0.0076189,0.0097484
0.13281,0.10992,0.0058119,0.0089986
0.13289,0.077392,0.017539,0.010656
0.13297,0.051216,-0.013859,0.0097784
0.13305,0.00036053,0.029648,0.011008
0.13312,-0.030302,-0.014725,0.011589
0.1332,-0.012727,0.026394,0.010195
0.13328,-0.023572,-0.0017349,0.01418
0.13336,-0.014971,-0.0027659,0.0089911
0.13344,-0.0056225,0.042908,0.016257
0.13352,-0.017589,-0.067781,0.0085412
0.13359,-0.04526,0.13235,0.016463
0.13367,-0.045634,-0.22511,0.010345
0.13375,-0.060217,0.72591,0.020793
0.13383,-0.099481,2.6551,0.31073
0.13391,0.09048,2.4435,0.71345
0.13398,0.14096,2.2221,1.0409
0.13406,0.15068,2.3908,1.3822
0.13414,0.3571,2.278,1.6997
0.13422,0.32083,2.3513,1.9998
0.1343,0.39674,2.2689,2.2797
0.13438,0.4962,2.3426,2.5422
0.13445,0.47526,2.359,2.8011
0.13453,0.61138,2.3544,3.041
0.13461,0.64279,2.3611,3.2692
0.13469,0.66186,2.3558,3.4822
0.13477,0.72468,2.4025,3.6874
0.13484,0.82153,2.3858,3.8814
0.13492,0.88921,2.3849,4.0612
0.135,0.84733,2.3449,4.226
0.13508,0.86378,2.3088,4.3737
0.13516,0.76619,2.2934,4.5076
0.13523,0.64877,2.2624,4.6274
0.13531,0.58483,2.2531,4.7363
0.13539,0.5134,2.2236,4.8345
0.13547,0.49994,2.1745,4.9189
0.13555,0.44572,2.1367,4.9898
0.13562,0.43899,2.0919,5.0484
0.1357,0.43824,2.0345,5.0942
0.13578,0.39075,1.9816,5.127
0.13586,0.36345,1.9257,5.1479
0.13594,0.30175,1.8658,5.1565
0.13602,0.16041,1.8081,5.1531
0.13609,-0.010858,1.748,5.1396
0.13617,-0.18025,1.6926,5.1165
0.13625,-0.3231,1.6267,5.0843
0.13633,-0.47454,1.5615,5.0421
0.13641,-0.67647,1.5007,4.9914
0.13648,-0.67983,1.4113,4.9302
0.13656,-0.66188,1.3539,4.8589
0.13664,-0.72022,1.302,4.7836
0.13672,-0.66076,1.1952,4.6985
0.1368,-0.69741,1.1323,4.6038
0.13687,-0.71498,1.0815,4.506
0.13695,-0.69554,0.9859,4.4003
0.13703,-0.71835,0.9027,4.2856
0.13711,-0.69068,0.83031,4.1648
0.13719,-0.65627,0.75841,4.0391
0.13727,-0.61626,0.67455,3.9076
0.13734,-0.62524,0.58546,3.7691
0.13742,-0.57663,0.51008,3.6252
0.1375,-0.52652,0.42953,3.4766
0.13758,-0.49473,0.35023,3.3238
0.13766,-0.41546,0.26594,3.167
0.13773,-0.41471,0.15187,3.0019
0.13781,-0.41508,0.047325,2.8283
0.13789,-0.42219,-0.066709,2.6466
0.13797,-0.39601,-0.1596,2.4574
0.13805,-0.30776,-0.24879,2.2667
0.13812,-0.21839,-0.34857,2.0707
0.1382,-0.09462,-0.42177,1.8738
0.13828,-0.0071182,-0.55117,1.6714
0.13836,0.066174,-0.61589,1.4659
0.13844,0.12376,-0.7552,1.2588
0.13852,0.14694,-0.83228,1.0447
0.13859,0.1533,-0.94643,0.83693
0.13867,0.12376,-1.0854,0.61547
0.13875,0.10992,-1.0853,0.40765
0.13883,0.084497,-1.4128,0.17868
0.13891,0.041494,-0.79139,-0.017898
0.13898,0.03738,0.051835,-0.035024
0.13906,0.059069,-0.1386,-0.017272
0.13914,0.12563,-0.082725,-0.027882
0.13922,0.14769,-0.060366,-0.020627
0.1393,0.091975,-0.092221,-0.025666
0.13937,0.10656,-0.038843,-0.022993
0.13945,0.091228,-0.08485,-0.024185
0.13953,0.040372,-0.042307,-0.024871
0.13961,0.051216,-0.06302,-0.02381
0.13969,0.029902,-0.050161,-0.025707
0.13977,0.031397,-0.052759,-0.024755
0.13984,0.027658,-0.050659,-0.026067
0.13992,0.013822,-0.039787,-0.025576
0.14,0.022423,-0.04901,-0.026176
0.14008,0.0014823,-0.037275,-0.026604
0.14016,0.02878,-0.04516,-0.026802
0.14023,0.035511,-0.041523,-0.027312
0.14031,0.019057,-0.039187,-0.02768
0.14039,0.020179,-0.040631,-0.028478
0.14047,0.023919,-0.040867,-0.0297
0.14055,0.072531,-0.04345,-0.031054
0.14063,0.094967,-0.040218,-0.031545
0.1407,0.13049,-0.034981,-0.032576
0.14078,0.17761,-0.034921,-0.032876
0.14086,0.15966,-0.034333,-0.033641
0.14094,0.15928,-0.028169,-0.033618
0.14102,0.14096,-0.04083,-0.034338
0.14109,0.09048,-0.023089,-0.03505
0.14117,0.063182,-0.036016,-0.034488
0.14125,0.021675,-0.027828,-0.036531
0.14133,-0.025441,-0.022621,-0.03475
0.14141,-0.067322,-0.042108,-0.037412
0.14148,-0.065827,-0.0032345,-0.035766
0.14156,-0.071062,-0.065198,-0.037307
0.14164,-0.067696,0.0079975,-0.03826
0.14172,-0.047504,-0.063744,-0.03526
0.1418,-0.036285,-0.0061812,-0.041634
0.14188,-0.020206,-0.017458,-0.031954
0.14195,-0.045634,-0.091306,-0.046883
0.14203,-0.041147,0.16786,-0.023728
0.14211,-0.12042,-1.3982,-0.10486
0.14219,-0.05573,-2.6652,-0.4757
0.14227,0.055703,-2.1712,-0.85598
0.14234,0.013822,-2.3058,-1.1817
0.14242,0.24866,-2.3385,-1.5233
0.1425,0.3384,-2.2867,-1.8307
0.14258,0.41842,-2.3204,-2.1265
0.14266,0.67644,-2.2655,-2.3969
0.14273,0.66148,-2.3576,-2.6593
0.14281,0.72991,-2.3291,-2.9122
0.14289,0.76058,-2.3523,-3.1475
0.14297,0.69813,-2.3488,-3.3719
0.14305,0.73664,-2.3667,-3.5818
0.14313,0.78563,-2.3892,-3.7844
0.1432,0.85705,-2.3702,-3.9731
0.14328,0.83125,-2.3624,-4.1481
0.14336,0.82228,-2.326,-4.3076
0.14344,0.77965,-2.3048,-4.4513
0.14352,0.68915,-2.2754,-4.5817
0.14359,0.62259,-2.2527,-4.6987
0.14367,0.53771,-2.2325,-4.8044
0.14375,0.50742,-2.1928,-4.8978
0.14383,0.44871,-2.1548,-4.9777
0.14391,0.41468,-2.1089,-5.0448
0.14398,0.41992,-2.0623,-5.099
0.14406,0.41244,-2.016,-5.1411
0.14414,0.39786,-1.9584,-5.1707
0.14422,0.35822,-1.8981,-5.1876
0.1443,0.261,-1.8375,-5.1926
0.14438,0.11292,-1.779,-5.186
0.14445,-0.039651,-1.7265,-5.1698
0.14453,-0.23634,-1.6702,-5.1449
0.14461,-0.36872,-1.6055,-5.1103
0.14469,-0.49473,-1.5478,-5.0672
0.14477,-0.61215,-1.468,-5.0143
0.14484,-0.60617,-1.3957,-4.9499
0.14492,-0.66001,-1.352,-4.8807
0.145,-0.66525,-1.2588,-4.8036
0.14508,-0.62412,-1.1789,-4.7143
0.14516,-0.65254,-1.1326,-4.6212
0.14523,-0.64468,-1.0469,-4.5222
0.14531,-0.64057,-0.95859,-4.4127
0.14539,-0.63122,-0.88724,-4.2964
0.14547,-0.62973,-0.81592,-4.1749
0.14555,-0.5871,-0.73528,-4.0479
0.14563,-0.55269,-0.65082,-3.9143
0.1457,-0.5669,-0.56143,-3.7735
0.14578,-0.51792,-0.47808,-3.6265
0.14586,-0.48015,-0.40565,-3.4754
0.14594,-0.42481,-0.32671,-3.3211
0.14602,-0.38891,-0.23326,-3.1613
0.14609,-0.38928,-0.12018,-2.9923
0.14617,-0.36685,-0.013379,-2.815
0.14625,-0.34591,0.097858,-2.6292
0.14633,-0.29842,0.18338,-2.4386
0.14641,-0.22587,0.27981,-2.2455
0.14648,-0.094246,0.36138,-2.0475
0.14656,0.003352,0.46383,-1.8487
0.14664,0.059069,0.57665,-1.642
0.14672,0.13647,0.64457,-1.437
0.1468,0.15667,0.79567,-1.2256
0.14688,0.17349,0.83053,-1.0125
0.14695,0.18658,1.0146,-0.80009
0.14703,0.14919,1.061,-0.57794
0.14711,0.12039,1.1825,-0.36979
0.14719,0.089358,1.3665,-0.13011
0.14727,0.03925,0.39666,0.014154
0.14734,0.045233,-0.074938,-0.0037261
0.14742,0.081879,0.15716,-0.0056382
0.1475,0.1088,0.0065954,-0.0011804
0.14758,0.12152,0.067337,-0.0056419
0.14766,0.097958,0.036498,-0.00068929
0.14773,0.092723,0.030124,-0.004446
0.14781,0.071409,0.046792,-0.00082426
0.14789,0.058321,0.012489,-0.0022527
0.14797,0.077766,0.040704,-0.0014954
0.14805,0.050094,0.010839,-0.00071928
0.14813,0.047851,0.02543,-0.00090299
0.1482,0.056077,0.017464,0.00021426
0.14828,0.020179,0.016324,-0.00038936
0.14836,0.0018563,0.019365,0.00099409
0.14844,0.030276,0.012635,0.0010278
0.14852,0.050842,0.017505,0.0015077
0.14859,0.029528,0.010288,0.0020214
0.14867,0.017562,0.014318,0.00234
0.14875,0.023545,0.019908,0.003731
0.14883,0.056825,0.015679,0.0049457
0.14891,0.10319,0.015233,0.0059205
0.14898,0.13797,0.016054,0.0071502
0.14906,0.18322,0.010179,0.0076114
0.14914,0.19369,0.014577,0.0082412
0.14922,0.18322,0.0031013,0.0087249
0.1493,0.16639,0.012774,0.0089048
0.14938,0.11404,0.0089723,0.010191
0.14945,0.090106,0.0056132,0.0093997
0.14953,0.038128,0.019173,0.011203
0.14961,-0.011605,-0.0083856,0.010337
0.14969,-0.030676,0.02891,0.01151
0.14977,-0.070688,-0.014976,0.012257
0.14984,-0.082654,0.02723,0.010727
0.14992,-0.078166,-0.002196,0.014592
0.15,-0.036285,-0.0050003,0.0094934
0.15008,-0.037033,0.041521,0.016771
0.15016,-0.016841,-0.067984,0.0090285
0.15023,-0.0078661,0.13222,0.017059
0.15031,-0.051617,-0.22172,0.011098
0.15039,-0.052365,0.7172,0.02073
0.15047,-0.074427,2.6379,0.30988
0.15055,0.087488,2.448,0.71342
0.15063,0.15031,2.2249,1.0433
0.1507,0.16602,2.3756,1.3862
0.15078,0.3556,2.2709,1.7043
0.15086,0.3313,2.3404,2.0064
0.15094,0.42628,2.2536,2.2885
0.15102,0.4962,2.3297,2.5529
0.15109,0.45357,2.3369,2.8135
0.15117,0.60203,2.3332,3.0564
0.15125,0.61998,2.3461,3.2881
0.15133,0.65475,2.333,3.503
0.15141,0.73851,2.3708,3.71
0.15148,0.786,2.3603,3.9067
0.15156,0.8421,2.3615,4.0898
0.15164,0.84322,2.3271,4.2583
0.15172,0.8406,2.2982,4.4099
0.1518,0.74637,2.2701,4.5479
0.15187,0.65999,2.2315,4.6713
0.15195,0.56389,2.2235,4.783
0.15203,0.47264,2.1908,4.8838
0.15211,0.46517,2.1489,4.9719
0.15219,0.42104,2.1121,5.0471
0.15227,0.40122,2.0606,5.1088
0.15234,0.41169,2.0103,5.1584
0.15242,0.39449,1.9544,5.1955
0.1525,0.34364,1.8998,5.2194
0.15258,0.29465,1.8438,5.2314
0.15266,0.17275,1.7747,5.2314
0.15273,0.017562,1.7152,5.2203
0.15281,-0.14361,1.6647,5.1996
0.15289,-0.35264,1.6054,5.17
0.15297,-0.42855,1.5353,5.1309
0.15305,-0.54222,1.475,5.0825
0.15313,-0.68133,1.4005,5.0253
0.1532,-0.66712,1.3218,4.9564
0.15328,-0.68133,1.2732,4.8815
0.15336,-0.6817,1.1874,4.8006
0.15344,-0.65029,1.1048,4.7075
0.15352,-0.64132,1.0604,4.6092
0.15359,-0.65328,0.98218,4.5065
0.15367,-0.63496,0.88991,4.394
0.15375,-0.62823,0.81365,4.2743
0.15383,-0.65889,0.74678,4.1498
0.15391,-0.56204,0.67135,4.02
0.15398,-0.5138,0.5853,3.8832
0.15406,-0.51493,0.50311,3.7401
0.15414,-0.46033,0.42787,3.5922
0.15422,-0.44051,0.34887,3.4402
0.1543,-0.39639,0.26818,3.2842
0.15438,-0.37956,0.16764,3.1219
0.15445,-0.38143,0.054283,2.9497
0.15453,-0.37507,-0.049272,2.7697
0.15461,-0.33992,-0.15601,2.5815
0.15469,-0.28421,-0.2327,2.3901
0.15477,-0.22924,-0.336,2.1952
0.15484,-0.098733,-0.40838,1.9961
0.15492,-0.0063704,-0.51504,1.7961
0.155,0.053834,-0.61973,1.5877
0.15508,0.10955,-0.69536,1.3815
0.15516,0.11778,-0.83733,1.1671
0.15523,0.12189,-0.87793,0.9546
0.15531,0.081131,-1.0701,0.73867
0.15539,0.046729,-1.0701,0.51789
0.15547,0.025414,-1.2683,0.30649
0.15555,-0.0067443,-1.2996,0.067343
0.15563,0.015692,-0.2563,-0.045432
0.1557,0.018684,0.013614,-0.019518
0.15578,0.044859,-0.1717,-0.024388
0.15586,0.11142,-0.030812,-0.024485
0.15594,0.074026,-0.11112,-0.022337
0.15602,0.059817,-0.051162,-0.02558
0.15609,0.069913,-0.07087,-0.022138
0.15617,0.010083,-0.070124,-0.025779
0.15625,0.0055957,-0.046918,-0.023724
0.15633,0.043737,-0.068602,-0.025138
0.15641,0.038876,-0.041628,-0.025081
0.15648,0.023171,-0.055499,-0.025419
0.15656,0.032893,-0.041564,-0.026199
0.15664,0.031023,-0.045268,-0.025857
0.15672,0.023919,-0.044144,-0.026791
0.1568,0.028406,-0.039113,-0.026555
0.15687,0.022423,-0.043604,-0.027308
0.15695,0.0078393,-0.040095,-0.027552
0.15703,0.0082132,-0.04339,-0.028287
0.15711,0.036633,-0.042712,-0.029595
0.15719,0.056077,-0.041126,-0.03033
0.15727,0.094967,-0.044091,-0.031489
0.15734,0.13498,-0.035244,-0.032666
0.15742,0.17125,-0.033189,-0.033026
0.1575,0.20229,-0.037958,-0.033997
0.15758,0.17088,-0.026561,-0.033866
0.15766,0.15554,-0.03777,-0.034402
0.15773,0.12675,-0.024401,-0.035028
0.15781,0.075148,-0.038194,-0.034717
0.15789,0.026536,-0.028484,-0.036633
0.15797,-0.042268,-0.021863,-0.03505
0.15805,-0.064331,-0.043113,-0.037585
0.15813,-0.080784,-0.0016487,-0.035845
0.1582,-0.093872,-0.061427,-0.037446
0.15828,-0.054234,0.010839,-0.038076
0.15836,-0.054608,-0.059425,-0.035568
0.15844,-0.029181,-0.0045166,-0.041874
0.15852,-0.021328,-0.013829,-0.031999
0.15859,-0.065079,-0.089919,-0.047168
0.15867,-0.024319,0.17082,-0.023852
0.15875,-0.10397,-1.3789,-0.10391
0.15883,-0.047504,-2.6601,-0.47348
0.15891,0.056077,-2.1801,-0.85557
0.15898,-0.0041267,-2.2975,-1.1836
0.15906,0.23033,-2.3276,-1.5262
0.15914,0.33391,-2.2782,-1.8352
0.15922,0.37654,-2.308,-2.1329
0.1593,0.6211,-2.2491,-2.4054
0.15937,0.64204,-2.3376,-2.6693
0.15945,0.654,-2.3143,-2.9242
0.15953,0.68542,-2.3388,-3.1632
0.15961,0.67008,-2.3249,-3.3903
0.15969,0.68654,-2.339,-3.6017
0.15977,0.74674,-2.3645,-3.8063
0.15984,0.82976,-2.3416,-3.9982
0.15992,0.80732,-2.3382,-4.1769
0.16,0.81031,-2.3031,-4.34
0.16008,0.76245,-2.279,-4.487
0.16016,0.66223,-2.2532,-4.6209
0.16023,0.60091,-2.223,-4.7408
0.16031,0.5149,-2.2068,-4.8497
0.16039,0.45507,-2.1732,-4.9473
0.16047,0.42179,-2.1282,-5.0313
0.16055,0.41244,-2.084,-5.1017
0.16063,0.38402,-2.0381,-5.1591
0.1607,0.37392,-1.9889,-5.2045
0.16078,0.35448,-1.9327,-5.2372
0.16086,0.31596,-1.8758,-5.2577
0.16094,0.23258,-1.8153,-5.2661
0.16102,0.10992,-1.7563,-5.263
0.16109,0.023545,-1.7018,-5.2499
0.16117,-0.20007,-1.6465,-5.2275
0.16125,-0.39826,-1.5841,-5.1957
0.16133,-0.44612,-1.5238,-5.1547
0.16141,-0.54559,-1.4531,-5.1048
0.16148,-0.59345,-1.3738,-5.0431
0.16156,-0.5841,-1.3282,-4.9748
0.16164,-0.6301,-1.2534,-4.901
0.16172,-0.65441,-1.1633,-4.8149
0.1618,-0.63646,-1.1167,-4.7228
0.16187,-0.64132,-1.0409,-4.6264
0.16195,-0.62187,-0.94734,-4.5198
0.16203,-0.56092,-0.87443,-4.4051
0.16211,-0.58897,-0.80252,-4.2846
0.16219,-0.57962,-0.72764,-4.1589
0.16227,-0.52502,-0.64484,-4.0266
0.16234,-0.52465,-0.55856,-3.8873
0.16242,-0.45809,-0.48101,-3.7413
0.1625,-0.41882,-0.40493,-3.5907
0.16258,-0.39115,-0.32608,-3.4367
0.16266,-0.36797,-0.24149,-3.2779
0.16273,-0.37657,-0.12769,-3.1111
0.16281,-0.35114,-0.023622,-2.9344
0.16289,-0.32609,0.084946,-2.7504
0.16297,-0.26476,0.182,-2.5592
0.16305,-0.21166,0.25558,-2.3663
0.16312,-0.11257,0.35908,-2.1692
0.1632,-0.015345,0.43471,-1.969
0.16328,0.016814,0.55903,-1.7648
0.16336,0.0744,0.62599,-1.5559
0.16344,0.10282,0.74825,-1.3472
0.16352,0.14059,0.8517,-1.1292
0.16359,0.16115,0.92209,-0.91816
0.16367,0.12039,1.1026,-0.69529
0.16375,0.068417,1.0708,-0.48047
0.16383,0.032519,1.3928,-0.25619
0.16391,0.0127,1.0004,-0.034241
0.16398,0.017562,-0.012633,0.014592
0.16406,0.048599,0.069856,-0.011142
0.16414,0.085618,0.09442,0.00054794
0.16422,0.11217,0.013209,-0.0053233
0.1643,0.080757,0.078228,-0.0017803
0.16437,0.064304,0.0029739,-0.0025114
0.16445,0.060565,0.057188,-0.0030063
0.16453,0.046355,0.018896,-0.0004006
0.16461,0.075148,0.02834,-0.0023502
0.16469,0.078514,0.02816,-0.0001869
0.16477,0.059069,0.014453,-0.0010117
0.16484,0.042989,0.02696,0.00020676
0.16492,0.036633,0.014663,0.00040172
0.165,0.03065,0.0226,0.00056293
0.16508,0.038502,0.011132,0.0011441
0.16516,0.068043,0.016545,0.0013315
0.16523,0.054956,0.015818,0.0021901
0.16531,0.045607,0.0094859,0.0024675
0.16539,0.039998,0.013272,0.0029661
0.16547,0.039624,0.015837,0.0038022
0.16555,0.081131,0.018266,0.0049645
0.16562,0.11479,0.01391,0.005733
0.1657,0.16153,0.015762,0.0067266
0.16578,0.1978,0.012545,0.0078513
0.16586,0.19256,0.0085936,0.0078513
0.16594,0.16415,0.013861,0.0086424
0.16602,0.13984,0.002524,0.0088298
0.16609,0.12937,0.013659,0.0096884
0.16617,0.073278,0.001583,0.010322
0.16625,0.029902,0.011289,0.0095834
0.16633,-0.0033789,0.0083762,0.011769
0.16641,-0.059844,-0.0020835,0.010371
0.16648,-0.083402,0.022964,0.01274
0.16656,-0.066574,-0.018755,0.011289
0.16664,-0.047504,0.038983,0.012298
0.16672,-0.041147,-0.034378,0.013659
0.1668,-0.031424,0.034286,0.010528
0.16687,-0.038155,-0.0058588,0.017142
0.16695,-0.03479,-0.020442,0.0074689
0.16703,-0.096489,0.088643,0.021809
0.16711,-0.074427,-0.2146,0.00066041
0.16719,-0.047877,1.3299,0.06912
0.16727,-0.050121,2.7649,0.4245
0.16734,0.13498,2.2196,0.801
0.16742,0.11067,2.2668,1.1223
0.1675,0.1978,2.3092,1.4627
0.16758,0.35261,2.2302,1.7687
0.16766,0.27259,2.2728,2.0627
0.16773,0.4102,2.2004,2.3332
0.16781,0.42366,2.2814,2.594
0.16789,0.4173,2.2398,2.8433
0.16797,0.53173,2.2619,3.0754
0.16805,0.53098,2.2705,3.2994
0.16812,0.611,2.2727,3.5087
0.1682,0.68392,2.2801,3.709
0.16828,0.76731,2.2399,3.8929
0.16836,0.79386,2.2263,4.0617
0.16844,0.74824,2.1886,4.2156
0.16852,0.69813,2.1527,4.3535
0.16859,0.55641,2.135,4.4795
0.16867,0.45956,2.1175,4.5939
0.16875,0.38365,2.0721,4.6964
0.16883,0.32195,2.029,4.7847
0.16891,0.30774,1.9906,4.8597
0.16898,0.28979,1.9373,4.9222
0.16906,0.30362,1.8863,4.972
0.16914,0.30961,1.8338,5.0091
0.16922,0.27221,1.7819,5.0333
0.1693,0.23856,1.7123,5.0455
0.16937,0.17387,1.6449,5.0456
0.16945,0.078888,1.6033,5.0353
0.16953,-0.067322,1.5433,5.016
0.16961,-0.30627,1.479,4.9867
0.16969,-0.39452,1.4246,4.9484
0.16977,-0.44425,1.3456,4.9006
0.16984,-0.54671,1.2682,4.8413
0.16992,-0.5067,1.2213,4.7749
0.17,-0.54073,1.1562,4.7031
0.17008,-0.58037,1.0627,4.6197
0.17016,-0.55419,1.0001,4.5268
0.17023,-0.58635,0.94222,4.4308
0.17031,-0.56952,0.85255,4.3275
0.17039,-0.53362,0.77514,4.2145
0.17047,-0.5325,0.71332,4.0956
0.17055,-0.56429,0.63672,3.972
0.17062,-0.53961,0.54976,3.8416
0.1707,-0.50072,0.47016,3.7039
0.17078,-0.47005,0.39707,3.5605
0.17086,-0.36872,0.32212,3.4128
0.17094,-0.34217,0.25198,3.2613
0.17102,-0.33843,0.1578,3.1044
0.17109,-0.33693,0.048131,2.9378
0.17117,-0.36311,-0.053902,2.763
0.17125,-0.34927,-0.16585,2.5796
0.17133,-0.33057,-0.24327,2.3911
0.17141,-0.26177,-0.34271,2.1996
0.17148,-0.20007,-0.41661,2.0036
0.17156,-0.11294,-0.51604,1.8064
0.17164,-0.01871,-0.62203,1.6012
0.17172,0.024667,-0.68481,1.3975
0.1718,0.087862,-0.83393,1.1865
0.17188,0.1088,-0.86994,0.97529
0.17195,0.14358,-1.0499,0.76323
0.17203,0.14246,-1.0694,0.54302
0.17211,0.07814,-1.2211,0.33495
0.17219,0.023545,-1.3512,0.095818
0.17227,0.020553,-0.35017,-0.036756
0.17234,0.059069,0.039238,-0.015251
0.17242,0.048225,-0.17104,-0.015802
0.1725,0.092723,-0.025174,-0.018584
0.17258,0.094593,-0.099622,-0.014767
0.17266,0.045607,-0.052324,-0.019323
0.17273,0.065426,-0.057276,-0.015424
0.17281,0.043737,-0.067687,-0.018876
0.17289,0.036259,-0.038074,-0.017126
0.17297,0.040372,-0.062791,-0.018127
0.17305,0.031023,-0.035296,-0.018674
0.17313,0.040372,-0.051267,-0.018273
0.1732,0.020553,-0.041707,-0.019578
0.17328,0.021301,-0.041827,-0.019259
0.17336,0.04112,-0.039232,-0.020046
0.17344,0.045981,-0.038273,-0.019904
0.17352,0.03925,-0.0384,-0.020492
0.17359,0.02878,-0.033039,-0.02113
0.17367,0.018684,-0.039337,-0.021257
0.17375,-0.0037528,-0.033069,-0.02188
0.17383,0.0011084,-0.035922,-0.022641
0.17391,0.028406,-0.034887,-0.023915
0.17398,0.038876,-0.031446,-0.024725
0.17406,0.082627,-0.03563,-0.025351
0.17414,0.1189,-0.027719,-0.02639
0.17422,0.10619,-0.029279,-0.026427
0.1743,0.12339,-0.027457,-0.027166
0.17438,0.096089,-0.025421,-0.027252
0.17445,0.050842,-0.032593,-0.028362
0.17453,0.047851,-0.015681,-0.028294
0.17461,-0.0033789,-0.036788,-0.028643
0.17469,-0.026563,-0.012847,-0.029655
0.17477,-0.04526,-0.031633,-0.028594
0.17484,-0.080036,-0.024638,-0.031522
0.17492,-0.051991,-0.0095178,-0.028504
0.175,-0.039651,-0.05307,-0.032362
0.17508,-0.023198,0.020842,-0.029614
0.17516,-0.037033,-0.079729,-0.031084
0.17523,-0.025441,0.043133,-0.033018
0.17531,-0.023198,-0.085049,-0.026971
0.17539,-0.06994,0.0254,-0.040359
0.17547,-0.050869,-0.03335,-0.013275
0.17555,-0.1208,-1.9457,-0.17175
0.17563,0.0070914,-2.5822,-0.57285
0.1757,0.095715,-2.092,-0.92202
0.17578,0.062808,-2.3356,-1.2527
0.17586,0.31896,-2.2344,-1.5847
0.17594,0.36458,-2.2496,-1.8833
0.17602,0.46404,-2.2277,-2.172
0.17609,0.63194,-2.2124,-2.4354
0.17617,0.58782,-2.2688,-2.6948
0.17625,0.66111,-2.2255,-2.9375
0.17633,0.63157,-2.2663,-3.1678
0.17641,0.59791,-2.2509,-3.3873
0.17648,0.61437,-2.2709,-3.5936
0.17656,0.66261,-2.2551,-3.7898
0.17664,0.74001,-2.2256,-3.9689
0.17672,0.68953,-2.2006,-4.1332
0.1768,0.67382,-2.1619,-4.2811
0.17688,0.57211,-2.1458,-4.4159
0.17695,0.47003,-2.1183,-4.5385
0.17703,0.40758,-2.0967,-4.6495
0.17711,0.31297,-2.0558,-4.7485
0.17719,0.30998,-2.0047,-4.8323
0.17727,0.28156,-1.9642,-4.9027
0.17734,0.26361,-1.9153,-4.9607
0.17742,0.29577,-1.8639,-5.006
0.1775,0.29839,-1.8107,-5.0389
0.17758,0.24043,-1.7485,-5.059
0.17766,0.21612,-1.6928,-5.0673
0.17773,0.13236,-1.6365,-5.0652
0.17781,-0.05573,-1.5809,-5.0527
0.17789,-0.16193,-1.5256,-5.031
0.17797,-0.2943,-1.465,-4.9998
0.17805,-0.41695,-1.4033,-4.9596
0.17813,-0.45248,-1.3201,-4.9084
0.1782,-0.47566,-1.2686,-4.8476
0.17828,-0.48725,-1.2118,-4.7821
0.17836,-0.50109,-1.1157,-4.7058
0.17844,-0.49249,-1.0672,-4.621
0.17852,-0.50408,-1.0053,-4.5319
0.17859,-0.48389,-0.9116,-4.4338
0.17867,-0.45958,-0.83605,-4.3268
0.17875,-0.49436,-0.76457,-4.2126
0.17883,-0.50446,-0.69277,-4.0929
0.17891,-0.50969,-0.61476,-3.9673
0.17898,-0.48464,-0.53445,-3.834
0.17906,-0.445,-0.44864,-3.6942
0.17914,-0.3904,-0.3718,-3.5487
0.17922,-0.35413,-0.30588,-3.3991
0.1793,-0.34142,-0.22608,-3.2457
0.17938,-0.28907,-0.11714,-3.0849
0.17945,-0.30103,-0.013188,-2.9141
0.17953,-0.30589,0.090528,-2.7355
0.17961,-0.26887,0.19339,-2.5487
0.17969,-0.23971,0.26332,-2.3591
0.17977,-0.1724,0.36121,-2.1656
0.17984,-0.10621,0.43792,-1.9689
0.17992,-0.028433,0.55356,-1.7688
0.18,0.049346,0.62811,-1.5623
0.18008,0.10357,0.73406,-1.3571
0.18016,0.16265,0.84965,-1.1421
0.18023,0.18434,0.90454,-0.93306
0.18031,0.172,1.0885,-0.71435
0.18039,0.13199,1.0538,-0.49929
0.18047,0.063556,1.3509,-0.28137
0.18055,0.011205,1.1066,-0.051194
0.18063,0.0011084,0.053507,0.017899
0.1807,0.01457,0.033056,-0.010073
0.18078,0.048599,0.11009,0.00075039
0.18086,0.1189,0.0052383,-0.0039061
0.18094,0.094967,0.086097,-0.0020277
0.18102,0.051964,0.010944,-0.0011167
0.18109,0.085245,0.053855,-0.0026164
0.18117,0.062808,0.023245,0.00042046
0.18125,0.068043,0.020763,-0.001964
0.18133,0.091228,0.030297,0.00040922
0.18141,0.068417,0.01626,-0.00026563
0.18148,0.045981,0.028872,0.00059293
0.18156,0.02504,0.012028,0.00099784
0.18164,0.045233,0.020883,0.0009491
0.18172,0.068791,0.010659,0.0020701
0.1818,0.077018,0.012466,0.0021601
0.18188,0.068791,0.017528,0.0027337
0.18195,0.026536,0.009276,0.0030599
0.18203,-0.0041267,0.011983,0.0038097
0.18211,-1.3407e-05,0.014645,0.0044883
0.18219,0.023171,0.014277,0.0053844
0.18227,0.041494,0.013587,0.0065054
0.18234,0.060191,0.015132,0.0076339
0.18242,0.098332,0.0089348,0.0084437
0.1825,0.129,0.010524,0.0085374
0.18258,0.11441,0.0097333,0.0096547
0.18266,0.10805,0.0037649,0.0094972
0.18273,0.096837,0.012871,0.010333
0.18281,0.065052,-0.0037069,0.010776
0.18289,0.060939,0.017756,0.011004
0.18297,0.011953,0.00096441,0.012335
0.18305,-0.05947,0.012481,0.010937
0.18313,-0.075175,0.0096171,0.01385
0.1832,-0.0662,-0.016491,0.011297
0.18328,-0.077045,0.042785,0.014405
0.18336,-0.050495,-0.039259,0.01286
0.18344,-0.019458,0.059895,0.013018
0.18352,-0.047504,-0.049752,0.016621
0.18359,-0.037033,0.039898,0.0087736
0.18367,-0.056104,0.0013168,0.023422
0.18375,-0.053861,-0.08578,-0.0036961
0.18383,-0.057974,1.8169,0.12524
0.18391,0.0022302,2.7273,0.5159
0.18398,0.15255,2.1332,0.87472
0.18406,0.12301,2.3235,1.2019
0.18414,0.27184,2.2664,1.5385
0.18422,0.36158,2.2511,1.8428
0.1843,0.30362,2.2469,2.1363
0.18438,0.44273,2.2128,2.4047
0.18445,0.40047,2.2841,2.6679
0.18453,0.42628,2.2301,2.9164
0.18461,0.522,2.2649,3.1503
0.18469,0.51004,2.2465,3.3734
0.18477,0.57062,2.2632,3.5835
0.18484,0.63755,2.2706,3.7849
0.18492,0.74375,2.2409,3.9703
0.185,0.7359,2.2225,4.1417
0.18508,0.68504,2.1781,4.297
0.18516,0.63755,2.153,4.4374
0.18523,0.52836,2.1283,4.5649
0.18531,0.45507,2.1003,4.6802
0.18539,0.36906,2.0652,4.7844
0.18547,0.35149,2.0209,4.8752
0.18555,0.32905,1.9791,4.9523
0.18563,0.29241,1.94,5.0168
0.1857,0.30923,1.8898,5.0687
0.18578,0.29652,1.8322,5.1081
0.18586,0.28455,1.7705,5.135
0.18594,0.23819,1.7036,5.1488
0.18602,0.1806,1.6497,5.1509
0.18609,0.069539,1.5938,5.1426
0.18617,-0.11668,1.5348,5.1247
0.18625,-0.26738,1.4794,5.0971
0.18633,-0.37395,1.4187,5.0597
0.18641,-0.445,1.3506,5.0135
0.18648,-0.48987,1.268,4.9557
0.18656,-0.48576,1.2177,4.8887
0.18664,-0.50483,1.1631,4.8179
0.18672,-0.53101,1.0603,4.7363
0.1868,-0.52203,0.99887,4.6439
0.18688,-0.53475,0.9491,4.5487
0.18695,-0.51642,0.85805,4.4464
0.18703,-0.49025,0.77808,4.3343
0.18711,-0.48987,0.71649,4.216
0.18719,-0.51717,0.64654,4.0928
0.18727,-0.50558,0.56073,3.9634
0.18734,-0.47865,0.47514,3.8265
0.18742,-0.43528,0.40389,3.6831
0.1875,-0.35189,0.33575,3.5353
0.18758,-0.33544,0.26007,3.3838
0.18766,-0.31225,0.17809,3.2274
0.18773,-0.31898,0.070104,3.0627
0.18781,-0.33544,-0.030509,2.8886
0.18789,-0.31823,-0.13739,2.7072
0.18797,-0.31749,-0.23175,2.5178
0.18805,-0.24195,-0.30401,2.3263
0.18813,-0.16866,-0.40754,2.1299
0.1882,-0.098733,-0.47888,1.9311
0.18828,-0.036285,-0.59661,1.7279
0.18836,-0.0048746,-0.6587,1.52
0.18844,0.0744,-0.77825,1.3127
0.18852,0.1088,-0.87449,1.0961
0.18859,0.11067,-0.95085,0.88654
0.18867,0.087862,-1.1215,0.66429
0.18875,0.034763,-1.0855,0.45048
0.18883,-0.016841,-1.4067,0.22579
0.18891,-0.067696,-0.9778,0.0078926
0.18898,-0.013849,0.0056732,-0.035178
0.18906,0.01644,-0.097308,-0.010568
0.18914,0.034389,-0.10845,-0.022239
0.18922,0.085992,-0.039814,-0.01572
0.1893,0.032145,-0.10007,-0.01951
0.18938,0.031771,-0.030947,-0.018385
0.18945,0.031397,-0.083227,-0.018093
0.18953,-0.00038735,-0.042457,-0.020091
0.18961,0.031023,-0.053228,-0.018127
0.18969,0.020179,-0.050783,-0.02029
0.18977,0.017936,-0.043221,-0.019323
0.18984,0.02504,-0.054082,-0.020687
0.18992,0.023171,-0.039311,-0.020504
0.19,0.035137,-0.049047,-0.02086
0.19008,0.05159,-0.035945,-0.021561
0.19016,0.05346,-0.037302,-0.021302
0.19023,0.019057,-0.041921,-0.02209
0.19031,0.0059696,-0.035101,-0.022221
0.19039,-0.01871,-0.035393,-0.022828
0.19047,-0.024319,-0.03849,-0.023852
0.19055,0.02691,-0.036106,-0.024946
0.19062,0.042616,-0.034321,-0.025854
0.1907,0.071409,-0.035592,-0.026971
0.19078,0.12152,-0.028743,-0.027477
0.19086,0.12301,-0.032098,-0.027938
0.19094,0.11067,-0.025102,-0.028643
0.19102,0.094967,-0.02836,-0.028261
0.19109,0.082253,-0.030943,-0.029779
0.19117,0.056451,-0.019434,-0.029224
0.19125,-0.0056225,-0.039116,-0.030503
0.19133,-0.033294,-0.0083444,-0.030566
0.19141,-0.060217,-0.042554,-0.030263
0.19148,-0.077045,-0.014332,-0.032482
0.19156,-0.065827,-0.024975,-0.029622
0.19164,-0.068818,-0.037463,-0.034529
0.19172,-0.013101,0.0086949,-0.0297
0.1918,-0.0067443,-0.078698,-0.034585
0.19188,-0.025441,0.057638,-0.031747
0.19195,-0.045634,-0.13466,-0.031894
0.19203,-0.046382,0.12406,-0.037874
0.19211,-0.038155,-0.32551,-0.021343
0.19219,-0.099107,-2.2985,-0.24839
0.19227,0.050468,-2.4545,-0.6596
0.19234,0.0658,-2.1074,-0.99395
0.19242,0.09048,-2.3563,-1.3324
0.1925,0.34551,-2.2142,-1.6588
0.19258,0.31709,-2.2689,-1.9579
0.19266,0.46741,-2.2043,-2.244
0.19273,0.61399,-2.2365,-2.5075
0.19281,0.53921,-2.2599,-2.7689
0.19289,0.63119,-2.2245,-3.0106
0.19297,0.58632,-2.2658,-3.2414
0.19305,0.55379,-2.247,-3.4601
0.19312,0.61399,-2.276,-3.6677
0.1932,0.65326,-2.2546,-3.8652
0.19328,0.70449,-2.2307,-4.046
0.19336,0.69514,-2.2035,-4.2124
0.19344,0.6656,-2.1636,-4.3623
0.19352,0.5579,-2.142,-4.4984
0.19359,0.46367,-2.1169,-4.6222
0.19367,0.38178,-2.0942,-4.7344
0.19375,0.33429,-2.054,-4.8344
0.19383,0.3298,-2.0052,-4.9203
0.19391,0.26847,-1.9623,-4.9926
0.19398,0.26885,-1.9173,-5.0524
0.19406,0.27334,-1.867,-5.0999
0.19414,0.28194,-1.8095,-5.1351
0.19422,0.28007,-1.7457,-5.157
0.1943,0.18097,-1.6921,-5.1664
0.19437,0.093845,-1.6375,-5.1657
0.19445,0.0063435,-1.58,-5.1548
0.19453,-0.14884,-1.5276,-5.1345
0.19461,-0.28421,-1.4672,-5.1053
0.19469,-0.35301,-1.4023,-5.0665
0.19477,-0.42593,-1.3232,-5.0166
0.19484,-0.45397,-1.2652,-4.9569
0.19492,-0.46594,-1.2163,-4.8921
0.195,-0.488,-1.125,-4.8175
0.19508,-0.46781,-1.0614,-4.732
0.19516,-0.48015,-1.014,-4.6433
0.19523,-0.47753,-0.92687,-4.5472
0.19531,-0.47155,-0.84558,-4.4408
0.19539,-0.48389,-0.77594,-4.3279
0.19547,-0.47005,-0.70226,-4.2091
0.19555,-0.45771,-0.62791,-4.0839
0.19562,-0.42518,-0.54841,-3.9517
0.1957,-0.39489,-0.46358,-3.8126
0.19578,-0.36348,-0.38469,-3.6674
0.19586,-0.33244,-0.31319,-3.5176
0.19594,-0.31711,-0.24082,-3.3641
0.19602,-0.3029,-0.14751,-3.205
0.19609,-0.29767,-0.032252,-3.0357
0.19617,-0.28458,0.065721,-2.8575
0.19625,-0.28645,0.17073,-2.672
0.19633,-0.25728,0.2454,-2.4811
0.19641,-0.18287,0.33474,-2.2887
0.19648,-0.1264,0.42393,-2.0904
0.19656,-0.049373,0.50622,-1.8909
0.19664,0.037754,0.62501,-1.6841
0.19672,0.081131,0.67663,-1.4767
0.1968,0.093845,0.82165,-1.2651
0.19687,0.10955,0.87067,-1.0492
0.19695,0.10581,1.0231,-0.83693
0.19703,0.069539,1.1021,-0.61133
0.19711,0.040372,1.1519,-0.40156
0.19719,0.0011084,1.421,-0.16311
0.19727,-0.022824,0.56304,0.0078626
0.19734,0.0059696,-0.089687,0.0018264
0.19742,0.024293,0.15215,-0.0070216
0.1975,0.066174,0.029112,0.0011516
0.19758,0.087114,0.05925,-0.0054245
0.19766,0.072531,0.050245,0.00045421
0.19773,0.090854,0.023204,-0.0032687
0.19781,0.055703,0.050916,-0.00053182
0.19789,0.045233,0.0077651,-0.000888
0.19797,0.073652,0.040265,-0.00093673
0.19805,0.059443,0.013524,0.00057043
0.19812,0.06206,0.02645,-2.9436e-05
0.1982,0.053834,0.023455,0.0013315
0.19828,0.062434,0.015241,0.00082162
0.19836,0.082627,0.017494,0.0020176
0.19844,0.070287,0.010075,0.0020326
0.19852,0.069165,0.019619,0.0021563
0.19859,0.035885,0.013111,0.0029849
0.19867,0.0014823,0.01259,0.0032886
0.19875,-0.002257,0.015627,0.0042034
0.19883,0.011579,0.015908,0.0053206
0.19891,0.05159,0.014869,0.0062879
0.19898,0.085618,0.01665,0.0072627
0.19906,0.129,0.013111,0.0084212
0.19914,0.15667,0.011087,0.0084812
0.19922,0.15667,0.010922,0.0092835
0.1993,0.1548,0.0023515,0.0097596
0.19937,0.14208,0.01881,0.010202
0.19945,0.11591,0.0020816,0.010836
0.19953,0.071783,0.011038,0.010731
0.19961,0.019431,0.0055419,0.012538
0.19969,-0.011232,-0.0042767,0.010839
0.19977,-0.046382,0.024951,0.013453
0.19984,-0.058722,-0.021837,0.011968
0.19992,-0.038529,0.03944,0.013003
0.2,-0.040773,-0.028525,0.014574
0.20008,-0.034042,0.033911,0.011147
0.20016,-0.049373,-0.0019561,0.01818
0.20023,-0.020954,-0.02451,0.0082412
0.20031,-0.041894,0.091518,0.022454
0.20039,-0.064331,-0.2167,0.0022276
0.20047,-0.025815,1.2984,0.066016
0.20055,-0.028807,2.7705,0.41951
0.20062,0.129,2.2329,0.80107
0.2007,0.14059,2.2534,1.1244
0.20078,0.21276,2.3016,1.467
0.20086,0.38664,2.2181,1.7766
0.20094,0.2868,2.2603,2.074
0.20102,0.38963,2.188,2.3483
0.20109,0.39823,2.2679,2.6126
0.20117,0.33429,2.2298,2.8672
0.20125,0.4704,2.246,3.1038
0.20133,0.47152,2.2416,3.3309
0.20141,0.52163,2.2443,3.5442
0.20148,0.5953,2.2626,3.7495
0.20156,0.65027,2.2311,3.9403
0.20164,0.68504,2.214,4.1162
0.20172,0.65625,2.167,4.2765
0.2018,0.62334,2.1403,4.4211
0.20187,0.50705,2.1092,4.5529
0.20195,0.42815,2.0835,4.6721
0.20203,0.35448,2.0634,4.7802
0.20211,0.29615,2.0192,4.8755
0.20219,0.28493,1.9702,4.9567
0.20227,0.25352,1.9208,5.0247
0.20234,0.27334,1.8801,5.0805
0.20242,0.28792,1.8236,5.1236
0.2025,0.26548,1.7645,5.1541
0.20258,0.21537,1.7095,5.1722
0.20266,0.17013,1.6444,5.1784
0.20273,0.075522,1.5901,5.1736
0.20281,-0.050495,1.5278,5.1583
0.20289,-0.16754,1.4638,5.134
0.20297,-0.31861,1.41,5.1
0.20305,-0.40088,1.3499,5.0565
0.20313,-0.45584,1.271,5.0029
0.2032,-0.47043,1.2025,4.9385
0.20328,-0.45285,1.1586,4.8691
0.20336,-0.44575,1.0704,4.7915
0.20344,-0.445,0.9892,4.7017
0.20352,-0.49099,0.94893,4.6076
0.20359,-0.48576,0.86881,4.5082
0.20367,-0.50483,0.78192,4.3986
0.20375,-0.49436,0.71595,4.282
0.20383,-0.45622,0.64897,4.1608
0.20391,-0.48127,0.57168,4.0338
0.20398,-0.445,0.48539,3.8993
0.20406,-0.41359,0.413,3.758
0.20414,-0.36872,0.34488,3.6116
0.20422,-0.33581,0.26627,3.4611
0.2043,-0.32646,0.19001,3.3058
0.20438,-0.3115,0.092418,3.1439
0.20445,-0.34553,-0.018662,2.9718
0.20453,-0.34478,-0.11647,2.7919
0.20461,-0.34366,-0.21751,2.6039
0.20469,-0.30477,-0.28587,2.4123
0.20477,-0.22886,-0.38368,2.2184
0.20484,-0.15034,-0.46127,2.0191
0.20492,-0.048999,-0.55863,1.8182
0.205,-0.0011352,-0.65595,1.6096
0.20508,0.058695,-0.72745,1.4027
0.20516,0.079261,-0.86997,1.1879
0.20523,0.083375,-0.90235,0.97434
0.20531,0.094967,-1.0861,0.75849
0.20539,0.026162,-1.0898,0.53608
0.20547,-0.0041267,-1.261,0.32474
0.20555,-0.027685,-1.3321,0.083596
0.20563,-0.015719,-0.29799,-0.039051
0.2057,0.019057,0.026413,-0.014572
0.20578,0.017936,-0.17371,-0.017647
0.20586,0.086366,-0.024416,-0.018996
0.20594,0.094219,-0.099895,-0.016271
0.20602,0.063556,-0.046719,-0.020016
0.20609,0.044859,-0.059522,-0.016301
0.20617,0.0089611,-0.06368,-0.020061
0.20625,0.043737,-0.037013,-0.017827
0.20633,0.060939,-0.063279,-0.019304
0.20641,0.069913,-0.037216,-0.019551
0.20648,0.092723,-0.051465,-0.019398
0.20656,0.089358,-0.040785,-0.020485
0.20664,0.10207,-0.043251,-0.020166
0.20672,0.07627,-0.042948,-0.021302
0.2068,0.060191,-0.037099,-0.021017
0.20688,0.054582,-0.037748,-0.021666
0.20695,0.015692,-0.032998,-0.022018
0.20703,0.011953,-0.037189,-0.022206
0.20711,-0.00038735,-0.037182,-0.023495
0.20719,0.00036053,-0.037223,-0.024748
0.20727,0.027658,-0.036192,-0.025498
0.20734,0.069913,-0.037467,-0.026277
0.20742,0.12077,-0.030137,-0.027132
0.2075,0.12862,-0.031626,-0.0275
0.20758,0.12825,-0.029541,-0.028182
0.20766,0.1189,-0.023757,-0.027972
0.20773,0.080757,-0.034231,-0.029299
0.20781,0.042616,-0.016382,-0.029145
0.20789,0.0089611,-0.039686,-0.029535
0.20797,-0.030302,-0.019033,-0.030773
0.20805,-0.067696,-0.030895,-0.029479
0.20813,-0.083028,-0.028709,-0.032482
0.2082,-0.077045,-0.011126,-0.029584
0.20828,-0.080036,-0.055897,-0.033255
0.20836,-0.038529,0.021273,-0.030694
0.20844,-0.035164,-0.078852,-0.031777
0.20852,-0.037781,0.038938,-0.034241
0.20859,-0.026563,-0.080846,-0.027841
0.20867,-0.073679,0.0093847,-0.041795
0.20875,-0.035538,-0.010264,-0.014228
0.20883,-0.07181,-1.9085,-0.16653
0.20891,0.02504,-2.5965,-0.56849
0.20898,0.095715,-2.0847,-0.92124
0.20906,0.048972,-2.3302,-1.2525
0.20914,0.29764,-2.2376,-1.5888
0.20922,0.32756,-2.242,-1.891
0.2093,0.40272,-2.222,-2.1833
0.20938,0.58632,-2.2018,-2.4503
0.20945,0.50368,-2.2656,-2.7141
0.20953,0.57024,-2.2137,-2.9619
0.20961,0.56912,-2.2459,-3.1953
0.20969,0.51191,-2.2327,-3.418
0.20977,0.56688,-2.2565,-3.6287
0.20984,0.59904,-2.2476,-3.83
0.20992,0.65662,-2.2198,-4.0152
0.21,0.654,-2.1962,-4.1868
0.21008,0.62372,-2.1557,-4.3416
0.21016,0.54706,-2.1331,-4.4822
0.21023,0.44123,-2.101,-4.6094
0.21031,0.36794,-2.0839,-4.7251
0.21039,0.29727,-2.0477,-4.8299
0.21047,0.27109,-1.9982,-4.92
0.21055,0.24492,-1.9584,-4.9969
0.21063,0.2509,-1.9136,-5.0612
0.2107,0.30026,-1.864,-5.113
0.21078,0.26212,-1.8053,-5.1526
0.21086,0.21687,-1.7455,-5.1789
0.21094,0.23145,-1.69,-5.193
0.21102,0.14694,-1.6327,-5.1954
0.21109,0.03925,-1.577,-5.1873
0.21117,-0.058722,-1.5247,-5.1705
0.21125,-0.2169,-1.4647,-5.1441
0.21133,-0.31711,-1.4041,-5.1085
0.21141,-0.36909,-1.3311,-5.0633
0.21148,-0.3934,-1.2569,-5.0061
0.21156,-0.38741,-1.2113,-4.9424
0.21164,-0.38854,-1.1352,-4.8718
0.21172,-0.40574,-1.0514,-4.789
0.2118,-0.45809,-1.0054,-4.7008
0.21188,-0.44687,-0.93065,-4.6074
0.21195,-0.42892,-0.84437,-4.5037
0.21203,-0.44201,-0.78337,-4.3925
0.21211,-0.41546,-0.71092,-4.2757
0.21219,-0.44463,-0.63152,-4.1524
0.21227,-0.42406,-0.5555,-4.0226
0.21234,-0.39302,-0.47266,-3.8862
0.21242,-0.38928,-0.39477,-3.7421
0.2125,-0.32272,-0.3233,-3.5931
0.21258,-0.30851,-0.25294,-3.4408
0.21266,-0.29243,-0.17321,-3.2835
0.21273,-0.29916,-0.05764,-3.118
0.21281,-0.33207,0.048131,-2.9421
0.21289,-0.31786,0.1476,-2.7588
0.21297,-0.29842,0.23782,-2.5683
0.21305,-0.2326,0.31226,-2.3756
0.21313,-0.13912,0.41462,-2.1783
0.2132,-0.052365,0.47877,-1.9784
0.21328,0.014944,0.59711,-1.7748
0.21336,0.060939,0.66421,-1.5654
0.21344,0.081131,0.77159,-1.3571
0.21352,0.093097,0.87414,-1.1393
0.21359,0.11628,0.93646,-0.92804
0.21367,0.1017,1.1199,-0.7045
0.21375,0.080383,1.0834,-0.48761
0.21383,0.050842,1.3943,-0.26438
0.21391,0.0044739,1.0412,-0.038575
0.21398,0.017936,0.002344,0.016561
0.21406,0.039624,0.059423,-0.010396
0.21414,0.083749,0.10327,0.001429
0.21422,0.13797,0.011795,-0.004191
0.2143,0.092723,0.084481,-0.0011917
0.21438,0.075522,0.0089386,-0.0011729
0.21445,0.080383,0.057544,-0.0019977
0.21453,0.067295,0.019721,0.00053669
0.21461,0.096837,0.03078,-0.0016153
0.21469,0.11217,0.029149,0.00080288
0.21477,0.12451,0.012226,9.0537e-05
0.21484,0.11179,0.03129,0.0010953
0.21492,0.10805,0.010881,0.0012865
0.215,0.10992,0.021768,0.0015752
0.21508,0.080757,0.01722,0.0024075
0.21516,0.080009,0.015023,0.002355
0.21523,0.048972,0.015893,0.0031386
0.21531,0.01831,0.012957,0.0034535
0.21539,0.0014823,0.016512,0.0039484
0.21547,-0.014971,0.013119,0.0043458
0.21555,-0.0059964,0.012069,0.0046983
0.21563,0.023545,0.013512,0.0052756
0.2157,0.08674,0.0075102,0.0054593
0.21578,0.097584,0.0038361,0.0055193
0.21586,0.094219,0.0066367,0.0055193
0.21594,0.10469,0.0060931,0.0054031
0.21602,0.085992,0.0013993,0.0055568
0.21609,0.078514,0.0038062,0.0054443
0.21617,0.039624,0.0068728,0.0053581
0.21625,-0.002631,0.0035737,0.0054406
0.21633,-0.014597,0.0065954,0.0055381
0.21641,-0.047877,0.00063449,0.0055381
0.21648,-0.065827,-0.0015624,0.0053731
0.21656,-0.077793,0.0039411,0.0054256
0.21664,-0.084523,-0.0010301,0.0053656
